/*--------------------------------*- C++ -*----------------------------------*\
  =========                 |
  \\      /  F ield         | OpenFOAM: The Open Source CFD Toolbox
   \\    /   O peration     | Website:  https://openfoam.org
    \\  /    A nd           | Version:  9
     \\/     M anipulation  |
\*---------------------------------------------------------------------------*/
FoamFile
{
    format      ascii;
    class       volScalarField;
    location    "0.0006";
    object      overpressureMax;
}
// * * * * * * * * * * * * * * * * * * * * * * * * * * * * * * * * * * * * * //

dimensions      [1 -1 -2 0 0 0 0];

internalField   nonuniform List<scalar> 
6429
(
4.36557e-11
0
0
7.97445e-09
1.21276e-07
1.39698e-09
0
0
8.19273e-09
5.82077e-11
0
0
0
0
3.20142e-10
7.12447e-07
0
0
0
0
0
0
0
0
0
0
0
0
0
0
0
0
0
2.51748e-09
8.00355e-10
0
0
0
0
6.98492e-10
0
2.32831e-10
0
0
4.36557e-11
0
8.58563e-10
0
1.45519e-11
0
2.47383e-10
0
1.45519e-11
0
0
1.45519e-11
0
2.18279e-10
0
0
0
0
0
0
0
0
0
0
0
0
0
0
0
0
0
0
0
0
0
0
0
1.45519e-11
5.48607e-09
2.91038e-11
3.63798e-10
2.35741e-09
1.45519e-11
5.82077e-11
0
0
0
0
0
0
0
1.45519e-11
2.18279e-10
1.33878e-09
0
1.32422e-09
0
1.45519e-11
0
0
0
0
0
0
0
0
1.5134e-09
0
1.74623e-10
1.45519e-11
1.10595e-09
0
0
0
0
0
0
0
0
0
7.27596e-11
1.16415e-10
0
4.94765e-10
0
0
0
0
0
0
0
0
0
0
0
0
0
0
0
0
0
0
0
0
0
0
0
0
0
0
0
0
0
0
0
0
0
0
0
0
0
0
0
0
0
0
0
0
0
0
0
0
0
0
0
0
0
0
0
0
0
0
0
0
0
0
0
0
0
0
0
0
0
0
0
0
0
0
0
0
0
0
0
0
0
0
0
0
0
0
0
0
0
0
0
0
0
0
0
0
0
0
0
0
0
0
0
0
0
0
0
0
0
0
0
0
0
0
0
0
0
0
0
0
0
0
0
0
0
0
0
0
0
0
0
0
0
0
0
0
0
0
0
0
0
0
0
0
0
0
0
0
0
0
0
0
0
0
0
0
0
0
0
0
0
0
0
0
0
0
0
0
0
0
0
0
0
0
0
0
0
0
0
0
0
0
0
0
0
0
0
0
0
0
0
0
0
0
0
0
0
0
0
0
0
0
0
0
0
0
0
0
0
0
0
0
0
0
0
0
0
1.60071e-10
0
0
0
0
0
0
0
0
0
0
0
0
0
0
0
0
0
0
0
0
0
0
0
0
0
0
0
0
0
0
0
0
0
0
0
1.74623e-10
0
0
4.18659e-08
1.79862e-08
4.28117e-08
1.98348e-06
1.98797e-06
1.69201e-06
1.91356e-06
0
0
0
1.30967e-10
8.73115e-11
0
0
0
0
0
0
0
0
0
0
0
0
0
0
0
0
0
0
0
0
0
0
0
0
0
0
0
0
0
0
0
0
0
1.45519e-10
2.76486e-10
4.36557e-11
1.01863e-10
2.47383e-10
0
0
0
0
4.84811e-05
1.4159e-08
7.47823e-08
1.17143e-08
2.04163e-08
2.30066e-08
3.24333e-07
5.78017e-07
6.54472e-07
3.47107e-07
21.0953
0.00134075
0.000551628
9.97342e-06
5.16296e-06
0.120953
0.0211333
0.011412
0.00703838
0.00344283
0.000456926
0.000261611
1.19712e-05
0.000615307
1.68438e-05
0.000400695
1.91994e-05
0.000504946
9.8946e-06
1.51887e-05
0.00125983
4.56295e-05
0.000852636
3.81374e-05
0.000706656
2.40226e-05
0
0
0
0
0
0
0
0
0
0
0
0
0
0
0
0
0
0
0
0
0
0
0
0
0
0
0
0
0
0
0
0
0
0
0
0
0
0
0
0
0
0
0
0
0
0
0
0
0
0
0
0
0
0
0
0
0
0
0
0
0
0
0
0
0
0
0
0
0
0
0
0
0
0
0
0
0
0
0
0
0
0
0
0
0
0
0
0
0
0
0
0
0
0
0
0
0
0
0
0
0
0
0
0
0
0
0
0
0
0
0
0
0
0
0
0
0
0
0
0
0
0
0
0
0
0
0
0
0
0
0
0
0
0
0
0
0
0
0
0
0
0
0
0
0
0
0
0
0
0
0
0
0
0
0
0
0
0
0
0
0
0
0
0
0
0
0
0
0
0
0
0
0
0
0
0
0
0
0
0
0
0
0
0
0
0
0
0
0
0
0
0
0
0
0
0
0
0
0
0
0
0
0
0
0
0
0
0
0
0
0
0
1.43302e+06
479.39
16397.9
1292.81
0.181215
0.00720627
362.554
12.1602
9.17514
8247.09
325573
12616.4
379.865
280272
10454.7
291.962
169.045
8.40458
4.4146
0.136237
216.113
6.43184
3.42749
0.287256
0.0049115
0.216004
164040
1.41823e+06
1.04726e+06
771599
1.00061e+06
726896
193421
66893
4484.87
87.9806
3599.24
1057.84
55251.4
70.085
1.5994e-07
1.06229e-08
2.2701e-09
7.27596e-11
0
0
0.000253996
8.02915e-06
1.09177e-06
0.000200338
0.00715522
0.00405291
0.000138844
0.00249277
0.00114893
0.000116044
0.682042
0.000402933
1.1326e-05
0.171932
0.0162628
0.0185663
0.000176597
0.0042644
0.00364034
0.959973
0.000343109
7.70774e-06
7.86848e-05
128176
1.63874e+06
0.00443954
0.00321341
7.04429e-07
973.031
1.9001e-05
0.000139404
4.89788e-07
1.61235e-08
0.0187331
0.00359138
0.000211791
2.5054e-07
2.63637e-07
1.35915e-07
9.68879
1.07694
0.190605
59.3381
0.623731
0.00491522
0.0145019
0.154946
0.000182926
0.000363245
0.00534276
0.156579
0.0120892
0.000205571
0.000441863
8.30613e-06
9.75125e-06
0.000277618
0.000337981
5.32197e-06
1.04955e-05
6.7307e-07
1.13169e-05
2.27446e-07
1.71888e-05
3.81158e-07
7.786e-06
2.38942e-08
6.79574e-09
1.21363e-08
2.33132e+06
31702
3957.43
3452.41
183558
31.2971
398.069
1.71974
0.269031
0.0186767
0.0123779
0.00167835
4.50544e+06
7.89777e+06
1.91444e+06
2.66587e+06
2.10908e+06
1.91834e+06
2.95747e+06
3.66504e+06
3.61577e+06
1.95603e+06
1.89195e+06
1.53136e+06
1.52958e+06
8.00947e+06
3.09398e+06
2.62096e+06
1.98678e+06
1.40709e+06
1.38416e+06
2.10001e+06
2.05323e+06
1.4643e+06
1.36279e+06
2.27179e+06
2.29749e+06
1.75469e+06
2.05023e+06
1.45247e+06
1.3552e+06
1.64195e+06
1.56978e+06
374986
93446.3
1.22764e+06
16705.9
2300.31
439036
2494.49
16.6919
0.0263365
65.3321
0.000891238
8.56512e+06
6.12792e+06
6.58615e+06
2.77625e+06
2.51058e+06
2.60985e+06
1.872e+06
1.16326e+06
1.07156e+06
2.63505e+06
4.05173e+06
3.70837e+06
2.5073e+06
2.63042e+06
2.53359e+06
4.01526e+06
2.65571e+06
3.87016e+06
3.70475e+06
2.60661e+06
2.6705e+06
2.60392e+06
3.95848e+06
1.91574e+06
1.86194e+06
1.61555e+06
1.52827e+06
1.90283e+06
1.86981e+06
1.62411e+06
1.95072e+06
1.94575e+06
1.6582e+06
1.53532e+06
1.99174e+06
1.90406e+06
1.64709e+06
8.57495e+06
6.04523e+06
6.54753e+06
4.44411e+06
3.20892e+06
4.67975e+06
4.04281e+06
3.05162e+06
4.54127e+06
1.61828e+06
1.59137e+06
1.40048e+06
1.42092e+06
1.58467e+06
1.62721e+06
1.41012e+06
1.60446e+06
1.54945e+06
1.39649e+06
1.35591e+06
1.57694e+06
1.56189e+06
1.39244e+06
1.6576e+06
1.44333e+06
1.709e+06
1.44559e+06
1.67216e+06
1.42909e+06
1.6896e+06
1.63161e+06
1.35938e+06
1.59882e+06
1.41359e+06
1.57914e+06
1.40404e+06
1.65524e+06
2.64589e+06
2.14474e+06
2.49011e+06
2.4408e+06
2.30996e+06
2.50402e+06
2.00915e+06
2.1283e+06
2.35844e+06
1.60653e+06
1.69381e+06
1.4329e+06
1.40252e+06
1.67506e+06
1.62366e+06
1.38071e+06
1.57558e+06
1.58787e+06
1.40239e+06
1.23588e+06
1.63889e+06
1.52767e+06
1.33446e+06
1.49096e+06
1.12013e+06
1.16265e+06
321640
1.50527e+06
1.06792e+06
1.11376e+06
1.46391e+06
711071
774905
214020
1.39539e+06
942869
990854
1.62803e+06
530889
845633
324378
12625.3
267687
62087.7
6648.6
162637
4662.51
83646.4
6878.99
56.6637
187812
1780.98
156.645
93.9202
1.23758
0.725474
0.0722611
36.0479
3.42266
1.8904
188.786
1.64483
4.74256
0.0381745
0.00250946
0.111043
3.03958e+06
3.83045e+06
7.06242e+06
784136
0.969631
1.92512e+06
1.54178e+06
144.639
1.68827e+06
2104.93
0.0041592
1.98822e+06
1.50979e+06
0.0441795
754027
163.485
0.000268559
230184
2224.88
15.6892
0.00105293
4.46172e+06
3.47768e+06
2.79532e+06
1.87321e+06
2.25482e+06
1.52376e+06
659481
1.47589e+06
2.28392e+06
3063.32
1.75872e+06
775037
105700
5.05666
59.2282
0.148707
2.39826e+06
1.93919e+06
44990.6
45.616
2399.32
0.125653
0.00392675
1.70023e+06
1.35608e+06
571346
1.9779e+06
1.74646e+06
1.29548e+06
371475
173807
86977.8
4.76731
1.49508e+06
159222
35797.7
1.83039
0.148953
127.978
0.0543745
38834.4
1.22655e+06
14256.1
0.126604
792.924
0.0454074
0.00143628
1.64477e+06
1.26982e+06
135885
1.5259e+06
626818
23270
28.1106
1964.34
7679.2
0.352662
98573
0.116615
1.48952
0.000393536
0.0101915
0.0238069
0.000147791
3029.32
539.841
0.630747
0.00839223
0.0338496
2.33486e-05
6.12061e-06
39464.9
609.614
0.788844
0.930365
0.0226971
0.0066104
0.000250084
0.0289939
0.0432037
0.000126927
0.0109747
0.00247769
8.927e-05
5.32829e-06
0.0188405
0.000226397
1.45335e-05
4.8206e-06
4.23088e-06
1.56477e-07
5.77474e+06
5.17982e+06
3.97068e+06
64417.3
209840
9621.66
0.172536
992293
1.60899e+06
961258
93.4463
2232.22
101.09
0.00466915
0.000225555
292500
219102
40854.7
7.10021
15.9368
0.676786
2.35791e-05
4.29283e-05
1.54723e-05
2.50659
0.394198
0.0633865
7.02539e-05
4.85394e-05
1.89788e-05
2.68132e+06
3.75656e+06
3.32529e+06
2.57697e+06
2.67997e+06
2.54203e+06
3.62027e+06
2.66213e+06
3.2522e+06
3.11548e+06
2.12833e+06
2.61644e+06
2.43032e+06
3.44933e+06
2.09589e+06
1.99295e+06
1.65557e+06
1.48652e+06
2.04304e+06
2.00268e+06
1.64381e+06
2.14238e+06
1.30502e+06
1.48084e+06
1.2449e+06
2.1032e+06
1.81443e+06
1.63305e+06
1.74269e+06
3.04256e+06
1.12669e+06
1.43674e+06
2.4407e+06
400704
2.58772e+06
556155
176321
127874
447.377
26033.3
18499.8
1.39228e+06
656500
449090
884435
4611.34
1.61323e+06
31096.6
173266
51596.9
25.5977
203.124
160.49
1291.28
959.519
6824.28
3617.15
9.66155
519.108
0.616403
5.62957
29.1189
4.16898e+06
1.13291e+06
2.51958e+06
3.20117e+06
1.1262e+06
2.10946e+06
225322
401631
1.00921e+06
1898.2
7.60337
292.855
13755.4
102.511
545.083
0.501649
3.78596
17.8385
0.0127461
1.42738e+06
1.50976e+06
1.30348e+06
1.30048e+06
1.47163e+06
1.50106e+06
1.23503e+06
1.35437e+06
1.27927e+06
1.08917e+06
566524
1.42627e+06
1.23135e+06
1.05143e+06
1.42904e+06
1.29353e+06
1.52443e+06
1.19229e+06
1.50896e+06
1.21496e+06
1.43832e+06
1.3438e+06
522420
1.14279e+06
919674
1.20596e+06
1.01912e+06
1.35258e+06
143779
752683
3864.63
90619.4
139606
742524
4105.81
5895.12
177.34
142.193
5.25326
5554.23
192.226
154.092
125909
75681.1
560328
1544.25
706361
3396.45
65647.4
4987.94
4.24201
71.7503
56.4627
159.326
126.518
2332.49
0.173568
5.28183
0.166114
5.82024
0.00586302
0.135073
0.13089
2.04087
0.00195092
4.71286
0.00433299
0.0575509
356232
40274.5
354741
1.49298e+06
654269
877107
31994.4
175224
305516
3.62299
0.141091
3.98529
1792.05
35.6951
81.4517
0.110513
1.35445
3.1802
0.00357086
8.16254e-05
0.000157923
1.35826e+06
1.51504e+06
1.07156e+06
1.02781e+06
1.43506e+06
1.46577e+06
625438
1.00991e+06
911051
617860
14477.6
1.32661e+06
399389
182149
858106
388440
458780
3856.21
1.21545e+06
107298
148532
341089
783.801
1236.93
393.869
37956
11223.2
17304.5
1418.01
264358
320.214
749.94
14328.7
36367
31.0424
46.7021
14.4721
11.3471
0.0333951
483.25
1.37045
1.07579
74.7197
40.8534
64.2057
0.0638039
1901
1.687
2.64575
2.49897
0.00219596
0.00594476
0.00269868
0.0772747
0.0591424
0.0952828
0.00322531
0.394557
0.000491328
0.0011717
0.0387744
0.000249692
0.00264011
0.00020149
0.00278296
8.51967e-05
0.00418307
0.000132845
0.00251565
41348.5
298.087
4252.41
14566.1
86.0074
2314.57
16.7046
8.86136
235.662
0.259015
0.000825375
0.0243072
0.88368
0.00155022
0.0375527
7.39129e-05
9.12432e-05
0.00139023
9.597e-06
2.5567e-06
5.50499e-06
84.0269
22294.9
101.52
14.2061
3980.27
470.456
2.38478
9.51949
31.8571
10.8105
0.0196132
430.333
0.729186
0.258035
1.71953
0.307849
0.188413
0.0013013
9.58451
0.0521807
0.0372021
0.198095
0.000662711
0.00305872
0.000351994
0.0176555
0.00585167
0.00638753
0.00414942
1.73233
0.00217327
0.00134354
0.076869
0.0431802
0.000300004
0.00333453
0.00279835
0.000244528
0.00010705
0.00524662
0.00320507
0.000171406
0.0014524
0.000121427
0.00148193
5.25335e-05
0.00214292
8.93611e-05
0.001269
0.00042163
1.00563e-05
0.000178381
8.34018e-06
0.000300292
2.18259e-05
0.000224561
0.259968
0.000524098
0.00664669
0.00909953
5.0893e-05
0.00148038
2.78495e-05
1.86692e-05
0.000170081
1.15207e-05
2.85146e-06
7.09583e-06
6.39631e-06
2.02976e-06
4.34629e-06
2.8513e-07
3.05721e-07
9.2815e-07
1.98592e+06
1.80646e+06
1.75585e+06
1.92987e+06
2.00213e+06
1.79515e+06
1.74497e+06
2.06583e+06
2.06893e+06
1.87593e+06
1.71946e+06
1.89063e+06
1.97009e+06
1.71353e+06
2.16698e+06
2.11799e+06
1.89683e+06
1.74898e+06
2.05326e+06
2.01403e+06
1.73099e+06
1.9259e+06
1.93398e+06
2.00192e+06
1.76225e+06
1.72545e+06
1.7917e+06
1.74708e+06
2.15273e+06
2.17549e+06
1.93571e+06
1.88332e+06
2.12178e+06
1.86697e+06
1.91472e+06
2.68251e+06
4.92956e+06
2.71168e+06
4.94846e+06
2.75229e+06
2.70526e+06
4.48608e+06
2.08881e+06
2.09726e+06
2.13503e+06
1.83232e+06
1.79646e+06
1.84262e+06
1.88449e+06
4.94125e+06
4.96095e+06
2.84688e+06
2.81897e+06
4.38959e+06
2.76119e+06
4.45787e+06
2.13126e+06
1.9089e+06
1.79739e+06
2.00853e+06
1.88844e+06
1.98962e+06
1.81589e+06
1.87205e+06
1.78902e+06
1.83121e+06
1.70267e+06
1.67656e+06
1.62172e+06
1.61529e+06
2.19604e+06
2.21769e+06
1.86142e+06
1.76211e+06
2.09802e+06
2.15088e+06
1.75512e+06
1.46364e+06
3893.45
1.46492e+06
1.12114e+06
149.258
644786
298.694
2.08576e+06
1.92159e+06
1.80964e+06
1.71901e+06
1.76375e+06
1.85764e+06
1.96156e+06
2.0271e+06
1.87341e+06
1.75869e+06
1.72851e+06
1.63927e+06
1.91938e+06
1.66088e+06
4.86168e+06
4.69838e+06
3.07632e+06
2.86107e+06
4.28161e+06
2.88254e+06
4.1295e+06
1.83611e+06
1.7867e+06
2.20429e+06
2.29802e+06
1.70437e+06
2.25263e+06
1.72627e+06
1.71634e+06
1.62059e+06
1.52604e+06
1.49484e+06
1.59302e+06
1.55838e+06
1.42918e+06
1.6537e+06
1.83718e+06
1.62815e+06
1.50685e+06
1.82019e+06
1.67096e+06
1.49352e+06
1.86454e+06
1.73894e+06
1.65686e+06
1.58501e+06
1.89355e+06
1.6517e+06
1.78975e+06
1.63927e+06
1.53412e+06
1.60807e+06
1.78298e+06
1.44221e+06
1.42474e+06
1.5531e+06
1.57521e+06
1.52697e+06
1.58724e+06
1.43715e+06
1.38752e+06
1.37719e+06
1.26809e+06
3.06842e+06
4.16386e+06
2.86824e+06
3.68709e+06
3.01468e+06
2.82045e+06
3.92698e+06
1.75105e+06
1.58363e+06
1.40109e+06
1.62482e+06
1.60531e+06
1.7912e+06
1.46854e+06
840951
1.42197e+06
1.37586e+06
1.475e+06
855205
1.35702e+06
1.31791e+06
1.50733e+06
1.77611e+06
1.45051e+06
1.59433e+06
1.55553e+06
1.70058e+06
1.24798e+06
1.70076e+06
1.53272e+06
1.23301e+06
1.46559e+06
1.45919e+06
1.63905e+06
899354
1.77899e+06
2.33698e+06
1.66364e+06
1.6032e+06
2.30737e+06
2.23837e+06
1.01887e+06
808782
1.4728e+06
1.31505e+06
1.26404e+06
1.33504e+06
1.29717e+06
678237
1.51433e+06
1.43492e+06
1.35847e+06
1.08556e+06
627016
1.30894e+06
1.0349e+06
2.57392e+06
3.49229e+06
3.41917e+06
2.92826e+06
2.80902e+06
2.74203e+06
3.14571e+06
0.000308531
0.0226813
0.000138724
6.60613e-06
0.0388316
0.000265653
0.0193021
0.000108012
1.13061e-05
4.08472e-06
0.0106838
3.99736e-05
1.41513e-06
0.0147401
0.000126928
0.00220874
0.000333856
0.00206375
0.000518053
0.00604876
6.07962e-06
2.00029e-05
2.32612e-05
0.00792993
0.00481906
0.000491845
0.000214658
0.00840419
0.00434853
0.000415845
0.00558576
0.000118196
0.00224622
0.000184721
0.00234787
0.000285778
0.00318016
2.77489e-05
8.04644e-06
2.30441e-05
4.73873e-06
1.08462e-05
1.5329e-05
0.00107253
0.00105188
6.12981e-05
3.48336e-05
0.00104791
0.000995198
6.02458e-05
3.38083e-06
1.1388e-06
2.98441e-06
1.88158
3.29653
4.8705e-05
2.52596e+06
141.095
221246
9.5647
39056.7
2.21987
31932.7
0.010474
83.1756
4.77146
0.00174176
0.0109645
0.00068661
0.377119
187948
0.0308942
1.89647
0.200632
2.42206
0.143766
1.28844e+06
45712.9
676996
105712
1.37868e+06
883806
614713
991020
1.39505e+06
775433
213759
947984
713295
93505.1
944704
314856
164072
58972.1
708981
471125
20490.1
14649.7
620558
137273
1.32731e+06
1.01198e+06
401691
913757
63155.7
1.1687e+06
1.0889e+06
1.37186e+06
366152
696290
592268
1.19295e+06
1.37962e+06
1.19463e+06
52303.8
1.57352e+06
601316
396483
89209.9
4192.18
92664
141969
758614
145971
747476
1.10911e+06
13254.3
392721
2599.83
777571
125681
63552.6
61211.9
217539
7792.55
772984
1.06445e+06
1.83238e+06
216275
6275.58
178016
177137
888564
172780
871532
6653.06
108106
1.21584e+06
460007
149561
859849
389293
23404.3
1.13229e+06
402960
1.44916e+06
2.58923e+06
1.74604e+06
3.04541e+06
2.44226e+06
454421
4729.15
108447
661878
1.61866e+06
176364
891912
77059.6
36328.5
1563.29
127416
710277
563493
66340.8
2.69579e+06
1.88504e+06
614582
1.88389e+06
3.17491e+06
2.61695e+06
2.6954e+06
788.301
40380.1
273293
7670.73
46021.6
208691
5095.02
87616.4
158597
716982
2681.32
840823
5668.62
87294.6
1.86978e+06
990970
1.78247e+06
318083
63772.5
1.16175e+06
469949
871515
45331.3
374593
4471.02
61016.7
929.306
12818.9
330974
40402.7
328742
854.503
11535.8
896.823
11782.4
169676
14186.5
4077.69
285090
696.801
9110.27
302.037
2.91038e-11
5.82077e-11
0
0
0
0
2.91038e-11
0
0
0
0
0
0
0
1.88593e-05
2.09911e-07
5.44242e-09
2.34286e-09
2.91038e-11
0
0
0
0
2.74798e-07
8.52165e-05
3.66937e-06
1.12472e-07
5.00877e-08
1.30967e-09
4.94765e-10
0
0
0
7.57621e-06
8.04721e-09
1.96451e-09
3.79805e-09
3.12866e-09
4.88944e-09
3.48125e-07
1.86381e-07
1.58994e-07
1.02795e-07
0
3.0559e-10
0
0
0
2.32831e-10
1.16415e-10
3.34694e-10
1.45519e-10
4.91855e-09
1.75787e-08
1.99361e-09
3.84171e-09
6.4756e-09
4.58094e-08
1.71174e-07
1.1563e-07
1.20068e-07
5.96629e-10
3.52156e-09
8.73115e-11
5.96629e-10
3.7835e-10
1.04774e-09
6.69388e-10
1.33587e-08
2.33267e-08
3.21161e-08
1.15979e-08
1.45519e-11
1.01863e-10
2.91038e-11
8.73115e-10
3.95812e-09
2.16824e-09
2.41562e-09
0.0408933
0.000924511
0.000119377
2.97136e-06
1.97794e-05
1.00188e-06
1.87385e-07
6.11763e-08
3.06027e-08
1.14378e-08
0.0141195
0.00156723
0.000235879
0.00106181
0.000200455
3.40742e-05
6.13874e-06
6.18266e-05
3.54982e-05
2.79806e-06
1.9214e-05
3.83235e-06
8.83825e-07
2.84679e-07
2.76632e-08
2.45095e-06
1.15295e-07
2.14555e-06
7.50297e-08
8.40111e-07
7.77363e-08
7.18865e-09
2.39204e-07
2.91038e-09
1.07757e-07
9.92441e-09
2.00511e-07
3.97267e-09
1.28335e-06
0.000107579
4.5046e-06
8.44551e-05
3.52137e-06
3.76443e-05
3.17019e-06
3.22136e-07
2.18307e-05
7.17409e-07
1.18152e-05
8.9244e-07
7.45981e-06
3.77884e-07
0
0
0
0
0
0
0
0
0
0
0
0
0
0
0
0
0
0
0
0
0
0
0
0
0
0
0
0
0
0
0
0
0
0
0
0
0
0
0
0
0
0
0
0
0
0
0
0
0
0
0
0
0
0
0
0
0
0
0
0
0
0
0
0
0
0
0
0
0
0
0
0
0
0
0
0
0
0
0
0
0
0
0
0
0
0
0
0
0
0
0
0
0
0
0
0
0
0
0
0
0
0
0
0
0
0
0
0
0
0
0
0
0
0
0
0
8.29459e-10
0
0
0
0
0
0
0
0
0
0
0
0
0
0
0
0
0
0
0
0
0
0
0
0
0
0
0
0
0
0
0
0
0
0
0
0
0
0
0
0
0
0
0
0
0
0
0
0
0
0
0
0
0
0
0
0
0
0
0
0
0
0
0
0
0
0
0
0
0
0
0
0
0
0
0
0
0
0
0
0
0
0
0
0
0
0
0
0
0
0
0
0
0
0
0
0
0
0
0
0
0
0
0
0
0
0
0
0
0
0
0
0
0
0
0
0
0
0
0
0
0
0
0
0
0
0
0
0
0
0
0
0
0
0
0
0
0
0
0
0
0
0
0
0
0
0
0
0
0
0
0
0
0
0
0
0
0
0
0
0
0
0
0
0
0
0
0
0
0
0
0
0
0
0
1.1496e-09
1.09139e-09
8.44011e-10
0
0
0
0
0
0
0
0
0
0
0
0
0
0
0
0
0
0
0
0
0
0
0
0
0
0
0
0
0
0
0
0
0
0
0
0
0
0
0
0
0
0
0
0
0
0
0
0
0
0
0
0
0
0
0
0
0
0
0
0
0
0
0
0
0
0
0
0
0
0
0
0
0
0
0
0
0
0
0
0
0
0
0
0
0
0
0
0
0
0
0
0
0
0
0
0
0
0
0
0
0
0
0
0
0
0
0
0
0
0
0
0
0
0
0
0
0
0
0
0
0
0
0
0
0
0
0
0
0
0
0
0
0
0
0
0
0
0
0
0
0
0
0
0
0
0
0
0
0
0
0
0
0
0
0
0
0
0
0
0
0
0
0
0
0
0
0
0
0
0
0
0
0
0
0
0
0
0
0
0
0
0
0
0
0
0
0
0
0
0
0
0
0
0
0
0
0
0
0
0
0
0
0
0
0
0
0
0
0
0
0
0
0
0
0
0
0
0
0
0
0
0
0
0
0
0
0
0
0
0
0
0
0
0
0
0
0
0
0
0
0
0
0
0
0
0
0
0
0
0
0
0
0
0
0
0
0
0
0
0
0
0
0
0
0
0
0
0
0
0
0
0
0
0
0
0
0
0
0
0
0
0
0
0
0
0
0
0
0
0
0
0
0
0
0
0
0
0
0
0
0
0
0
0
0
0
0
0
0
0
0
0
0
0
0
0
0
0
0
0
0
0
0
0
0
0
0
0
0
0
0
0
0
0
0
0
0
0
0
0
0
0
0
0
0
0
0
0
0
0
0
0
0
0
0
0
0
0
0
0
0
0
0
0
0
0
0
0
0
0
0
0
0
0
0
0
0
0
0
0
0
0
0
0
0
0
0
0
0
0
0
0
0
0
0
0
0
0
0
0
0
0
0
0
0
0
0
0
0
0
0
0
0
0
0
0
0
0
0
0
0
0
0
0
0
0
0
0
0
0
0
0
0
0
0
0
0
0
0
0
0
0
0
0
0
0
0
0
0
0
0
0
0
0
0
0
0
0
0
0
0
0
0
0
0
0
0
0
0
0
0
0
0
0
0
0
0
0
0
0
0
0
0
0
0
0
0
0
0
0
0
0
0
0
0
0
0
0
0
0
0
0
0
0
0
0
0
0
0
0
0
0
0
0
0
0
0
0
0
0
0
0
0
0
0
0
0
0
0
0
0
0
0
0
0
0
0
0
0
0
0
0
0
0
0
0
0
0
0
0
0
0
0
0
0
0
0
0
0
0
0
0
0
0
0
0
0
0
0
0
0
0
0
0
0
0
0
0
0
0
0
0
0
0
0
0
0
0
0
0
0
0
0
0
0
0
0
0
0
0
0
0
0
0
0
0
0
0
0
0
0
0
0
0
0
0
0
0
0
0
0
0
0
0
0
0
0
0
0
0
0
0
0
0
0
0
0
0
0
0
0
0
0
0
0
0
0
0
0
0
0
0
0
0
0
0
0
0
0
0
0
0
0
0
0
0
0
0
0
0
0
0
0
0
0
0
0
0
0
0
0
0
0
0
0
0
0
0
0
0
0
0
0
0
0
0
0
0
0
0
0
0
0
0
0
0
0
0
0
0
0
0
0
0
0
0
0
0
0
0
0
0
0
0
0
0
0
0
0
0
0
0
0
0
0
0
0
0
0
0
0
0
0
0
0
0
0
0
0
0
0
0
0
0
0
0
0
0
0
0
0
0
0
0
0
0
0
0
0
0
0
0
0
0
0
0
0
0
0
0
0
0
0
0
0
0
0
0
0
0
0
0
0
0
0
0
0
0
0
0
0
0
0
0
0
0
0
0
0
0
0
0
0
0
0
0
0
0
0
0
0
0
0
0
0
0
0
0
0
0
0
0
0
0
0
0
0
0
0
0
0
0
0
0
0
0
0
0
0
0
0
0
0
0
0
0
0
0
0
0
0
0
0
0
0
0
0
0
0
0
0
0
0
0
0
0
0
0
0
0
0
0
0
0
0
0
0
0
0
0
0
0
0
0
0
0
0
0
0
0
0
0
0
0
0
0
0
0
0
0
0
0
0
0
0
0
0
0
0
0
0
0
0
0
0
0
0
0
0
0
0
0
0
0
0
0
0
0
0
0
0
0
0
0
0
0
0
0
0
0
0
0
0
0
0
0
0
0
0
0
0
0
0
0
0
0
0
0
0
0
0
0
0
0
0
0
0
0
0
0
0
0
0
0
0
0
0
0
0
0
0
0
0
0
0
0
0
0
0
0
0
0
0
0
0
0
0
0
0
0
0
0
0
0
0
0
0
0
0
0
0
0
0
0
0
0
0
0
0
0
0
0
0
0
0
0
0
0
0
0
0
0
0
0
0
0
0
0
0
0
0
0
0
0
0
0
0
0
0
0
0
0
0
0
0
0
0
0
0
0
0
0
0
0
0
0
0
0
0
0
0
0
0
0
0
0
0
0
0
0
0
0
0
0
0
0
0
0
0
0
0
0
0
0
0
0
0
0
0
0
0
0
0
0
0
0
0
0
0
0
0
0
0
0
0
0
0
0
0
0
0
0
0
0
0
0
0
0
0
0
0
0
0
0
0
0
0
0
0
0
0
0
0
0
0
0
0
0
0
0
0
0
0
0
0
0
0
0
0
0
0
0
0
0
0
0
0
0
0
0
0
0
0
0
0
0
0
0
0
0
0
0
0
0
0
0
0
0
0
0
0
0
0
0
0
0
0
0
0
0
0
0
0
0
0
0
0
0
0
0
0
0
0
0
0
0
0
0
0
0
0
0
0
0
0
0
0
0
0
0
0
0
0
0
0
0
0
0
0
0
0
0
0
0
0
0
0
0
0
0
0
0
0
0
0
0
0
0
0
0
0
0
0
0
0
0
0
0
0
0
0
0
0
0
0
0
0
0
0
0
0
0
0
0
0
0
0
0
0
0
0
0
0
0
0
0
0
0
0
0
0
0
0
0
0
0
0
0
0
0
0
0
0
0
0
0
0
0
0
0
0
0
0
0
0
0
0
0
0
0
0
0
0
0
0
0
0
0
0
0
0
0
0
0
0
0
0
0
0
0
0
0
0
0
0
0
0
0
0
0
0
0
0
0
0
0
0
0
0
0
0
0
0
0
0
0
0
0
0
0
0
0
0
0
0
0
0
0
0
0
0
0
0
0
0
0
0
0
0
0
0
0
0
0
0
0
0
0
0
0
0
0
0
0
0
0
0
0
0
0
0
0
0
0
0
0
0
0
0
0
0
0
0
0
0
0
0
0
0
0
0
0
0
0
0
0
0
0
0
0
0
0
0
0
0
0
0
0
0
0
0
0
0
0
0
0
0
0
0
0
0
0
0
0
0
0
0
0
0
0
0
0
0
0
0
0
0
0
0
0
0
0
0
0
0
0
0
0
0
0
0
0
0
0
0
0
0
0
0
0
0
0
0
0
0
0
0
0
0
0
0
0
0
0
0
0
0
0
0
0
0
0
0
0
0
0
0
0
0
0
0
0
0
0
0
0
0
0
0
0
0
0
0
0
0
0
0
0
0
0
0
0
0
0
0
0
0
0
0
0
0
0
0
0
0
0
0
0
0
0
0
0
0
0
0
0
0
0
0
0
0
0
0
0
0
0
0
0
0
0
0
0
0
0
0
0
0
0
0
0
0
0
0
0
0
0
0
0
0
0
0
0
0
0
0
0
0
0
0
0
0
0
0
0
0
0
0
0
0
0
0
0
0
0
0
0
0
0
0
0
0
0
0
0
0
0
0
0
0
0
0
0
0
0
0
0
0
0
0
0
0
0
0
0
0
0
0
0
0
0
0
0
0
0
0
0
0
0
0
0
0
0
0
0
0
0
0
0
0
0
0
0
0
0
0
0
0
0
0
0
0
0
0
0
0
0
0
0
0
0
0
0
0
0
0
0
0
0
0
0
0
0
0
0
0
0
0
0
0
0
0
0
0
0
0
0
0
0
0
0
0
0
0
0
0
0
0
0
0
0
0
0
0
0
0
0
0
0
0
0
0
0
0
2.27054e-07
1.91358e-08
1.01863e-10
0
0
0
0
0
0
2.46509e-07
2.07219e-08
1.16415e-10
0
0
0
0
0
0
5.66345e-06
7.56118e-08
5.25324e-09
0
0
0
0
0
0
0
1.72004e-07
2.67755e-09
1.89029e-08
1.74623e-10
0
0
0
0
0
0
0
0
4.51109e-10
0
0
0
2.06637e-09
0
0
0
0
0
0
0
0
0
0
0
0
0
0
0
0
0
0
0
0
0
0
0
0
0
0
0
0
0
0
0
0
0
0
0
0
0
0
0
0
0
0
0
0
0
0
0
0
0
0
0
4.36557e-11
0
1.16415e-10
0
0
0
0
0
0
0
0
0
0
0
0
0
0
0
3.34694e-10
0
8.44011e-10
2.18279e-10
0
0
0
0
0
0
0
0
0
0
0
0
0
0
0
0
0
0
0
0
0
0
0
4.36557e-11
0
0
0
0
0
0
0
0
0
0
0
0
0
0
0
0
0
0
0
0
0
0
0
0
1.22236e-09
2.91038e-11
0
1.71713e-09
7.567e-10
0
0
0
0
0
0
0
0
0
0
0
0
0
0
0
0
0
0
0
0
0
0
0
0
0
0
0
0
0
0
0
0
0
0
0
0
0
0
0
0
0
0
0
0
0
0
0
0
0
0
0
0
0
0
0
0
0
0
0
0
0
0
0
0
0
0
0
0
0
0
0
0
0
0
0
0
0
0
0
0
0
0
0
0
0
0
0
0
0
0
0
0
0
0
0
0
0
0
0
0
0
0
0
0
0
0
0
0
0
0
0
0
0
0
0
0
0
0
0
0
0
0
0
0
0
0
0
0
0
4.36557e-11
0
0
0
0
0
0
0
0
0
0
0
0
0
0
0
0
0
0
0
0
0
0
0
0
0
0
0
0
0
0
0
0
0
0
0
0
0
0
0
0
0
0
0
0
0
0
0
0
0
0
0
0
0
0
0
0
0
0
0
0
0
0
0
0
0
0
0
0
0
0
0
0
0
0
7.27596e-11
0
8.73115e-11
0
7.27596e-11
0
0
0
0
0
0
0
0
0
0
0
0
0
0
0
0
1.08266e-08
5.67525e-10
2.61934e-10
1.52068e-08
1.07539e-08
5.09317e-10
2.61934e-10
0
0
0
0
0
0
0
0
0
0
0
0
0
0
1.79818e-07
3.46336e-09
3.92727e-07
6.24277e-08
7.72707e-09
1.20781e-09
2.09548e-09
1.16415e-10
1.45519e-11
3.11411e-09
1.52795e-09
2.91038e-11
0
0
0
0
0
0
0
0
6.76664e-09
5.82077e-10
1.45519e-10
1.45956e-08
6.15546e-09
4.65661e-10
1.01863e-10
4.36557e-11
0
0
1.89175e-10
5.82077e-11
0
0
0
0
0
0
0
0
0
0
0
0
0
0
0
0
0
0
0
0
0
0
0
1.19762e-08
6.8394e-10
3.20142e-10
1.69239e-08
1.16852e-08
5.38421e-10
2.61934e-10
0
0
0
0
0
0
0
4.94765e-10
1.16415e-10
5.82077e-10
4.07454e-10
4.07454e-10
1.79716e-08
1.55123e-08
1.75933e-08
1.58761e-08
1.87283e-08
1.74623e-10
0
0
0
1.88082
1.33484e-05
0.00197857
1.3946e-06
4.23461e-09
0
0.00052575
1.0414e-05
0.000817388
1.37434e-06
3.85822e-06
4.35102e-09
0
0.000118436
7.85288e-05
4.19401e-07
4.36979e-07
4.80213e-10
0
7.91831e-06
7.74613e-07
2.21189e-09
3.45026e-08
3.92902e-10
4.51109e-10
0
0
0
0
0
0
0
0
0
0
0
0
0
0
0
0
0
0
0
0
0
0
0
0
0
0
0
0
0
0
2.24114e-07
8.73115e-11
3.0271e-06
1.35464e-07
8.73115e-11
3.20142e-10
0
3.18687e-09
2.18279e-10
0
0
0
0
1.71363e-07
5.82077e-11
1.47233e-06
7.61502e-08
1.45519e-11
3.63798e-10
0
2.37196e-09
2.18279e-10
0
0
0
0
2.04745e-08
0
3.41242e-08
3.4197e-09
0
0
0
0
0
0
0
4.36557e-11
1.16415e-10
0
0
0
0
0
0
0
0
0
0
6.25732e-10
1.27766e-08
3.14321e-09
3.34694e-10
7.27596e-11
2.82307e-09
4.22006e-10
1.14087e-08
1.57219e-07
2.32831e-09
4.71482e-09
9.81381e-08
1.0521e-08
4.36557e-11
2.47383e-09
3.34694e-10
2.19734e-09
4.80213e-10
9.5024e-09
2.18279e-10
1.60071e-10
0
0
3.34694e-10
0
4.36557e-11
0
0
0
0
1.74623e-10
0
1.16415e-10
0
2.47383e-10
0
2.91038e-11
0
0
0
0
0
0
0
5.82077e-11
1.16415e-10
0
0
0
0
0
0
0
0
0
0
1.36701e-07
2.06637e-09
5.50644e-08
4.27826e-09
1.20199e-08
3.30328e-09
4.51109e-10
1.01863e-10
1.16561e-08
2.91038e-09
5.82077e-10
7.77509e-08
1.17871e-09
2.51748e-09
4.90254e-08
6.35919e-09
5.82077e-11
1.36788e-09
1.74623e-10
1.65892e-09
3.0559e-10
5.10772e-09
2.76486e-10
1.60071e-10
0
0
8.73115e-11
3.63798e-10
0
0
0
0
0
1.89175e-10
0
1.16415e-10
0
2.32831e-10
0
4.36557e-11
0
0
0
0
0
0
0
1.45519e-11
4.36557e-11
0
0
0
0
0
0
0
0
0
0
4.94765e-09
1.89175e-10
5.26779e-09
1.16415e-10
1.13505e-09
4.94765e-10
1.45519e-11
0
1.28057e-09
3.20142e-10
1.45519e-11
1.81899e-09
1.45519e-11
2.91038e-11
1.22236e-09
2.47383e-10
0
4.36557e-11
0
1.74623e-10
0
2.18279e-10
0
0
0
0
0
0
0
0
0
0
0
0
0
0
0
1.30967e-10
0
1.30967e-10
0
3.88608e-05
0.000132258
2.10528e-06
0.000756793
1.85444e-05
5.4583e-05
1.23179e-06
4.5354e-07
6.84959e-08
1.08557e-08
1.01446e-06
1.94996e-07
4.99567e-08
6.53381e-09
2.1088e-05
4.81898e-05
1.42217e-06
0.000333742
1.44455e-05
2.93519e-05
9.1015e-07
4.05154e-07
7.20174e-08
1.15397e-08
1.10753e-06
1.99201e-07
5.17903e-08
7.10133e-09
8.18896e-06
3.88036e-06
2.78756e-07
1.0396e-05
6.10722e-06
4.7186e-07
1.33659e-07
1.2893e-08
4.56013e-07
3.80387e-08
1.23837e-08
6.66754e-07
3.63085e-07
2.66591e-08
1.02591e-08
1.05763e-06
1.07102e-08
2.47383e-10
8.73115e-11
0
0
0
0
0
2.22062e-08
0
0
0
0
0
0
0
0
0
0
0
0
0
0
0
0
0
0
0
0
0
0
0
0
0
0
0
0
7.27596e-11
0
3.34694e-10
1.45519e-11
0
3.49246e-10
0
0
2.47383e-10
0
2.47383e-10
7.56751e-06
2.47383e-10
2.32831e-10
1.45519e-11
0
8.62929e-09
5.07862e-09
1.74623e-10
6.4465e-09
2.11003e-09
4.36557e-11
9.74978e-10
1.45519e-11
0
9.7978e-08
7.27596e-11
1.16997e-08
1.45519e-11
0
0
0
2.91038e-11
3.34694e-10
1.01863e-10
2.61934e-10
0
0
4.83851e-08
9.8953e-10
1.95723e-08
2.17755e-07
2.58689e-07
2.02272e-09
1.22236e-08
4.21147e-07
5.31145e-09
7.74889e-08
7.17409e-09
1.10129e-07
1.98459e-07
2.47383e-10
1.44253e-07
7.47968e-09
1.7877e-07
4.22006e-09
4.83415e-08
1.07641e-07
1.30967e-10
2.24973e-08
5.52973e-10
1.47556e-08
7.27596e-11
8.58563e-10
2.48838e-09
0
5.82077e-09
3.09956e-09
2.03727e-10
1.45519e-11
6.27188e-09
1.45519e-09
1.60071e-10
1.61526e-09
0
4.65661e-10
8.73115e-11
6.98492e-10
5.82077e-11
1.32422e-09
7.27596e-11
0
1.01863e-10
0
0
0
0
0
0
413169
906.286
0.0168266
8.1629e-07
2361.36
0.0793203
0.00454154
9.40316e-07
101.951
0.000907603
0.000174823
1.32382e-06
1.3086e-06
0.000478616
2.43064e-05
1.88666e-07
0.0041914
0.00015965
1.37619e-05
8.91596e-08
4.65661e-09
6.03657e-07
3.14321e-09
0.000212316
2.2627e-05
1.2196e-07
8.17751e-05
3.53466e-08
3.97267e-09
1.1496e-09
2.83114e-05
2.02417e-08
1.34904e-06
4.65661e-10
5.38421e-10
0
3.37488e-07
1.06712e-06
5.01488e-07
1.39e-07
3.09941e-07
0.00068469
0.000688696
1.64004e-05
2.82248e-05
0.000645315
1.9865e-05
0.000627591
5.2235e-05
7.39242e-06
1.19596e-06
1.72571e-07
6.52409e-06
1.4273e-06
4.92208e-05
0.000286377
1.62846e-05
0.000306146
3.09254e-06
0.000379386
8.8245e-06
9.50089e-05
1.59624e-05
9.40927e-08
2.56916e-06
3.97806e-07
2.7287e-06
6.36035e-07
1.11746e-05
2.66009e-08
4.59841e-09
3.68891e-08
6.8947e-07
1.08863e-07
2.74114e-07
3.25963e-09
1.4581e-08
2.32685e-08
0.000325362
0.000472849
3.77542e-06
0.000101021
1.01609e-05
1.81978e-05
3.8244e-06
4.98607e-07
1.10944e-07
1.41623e-05
3.28202e-06
7.15037e-07
8.12019e-06
4.91709e-08
1.15167e-06
1.62036e-07
1.70377e-06
3.28437e-07
5.04183e-06
1.80589e-08
3.8126e-09
2.66882e-08
1.74623e-09
5.96629e-09
1.31113e-08
1.51311e-06
6.85541e-07
5.05679e-08
1.05647e-08
1.54255e-06
3.60596e-07
4.73956e-08
1.2794e-07
9.74978e-10
1.5134e-08
1.76078e-09
2.51021e-08
6.09725e-09
4.88653e-08
1.74623e-09
3.0559e-10
1.49885e-09
1.45519e-11
2.91038e-11
2.32831e-10
0.000676658
1.0441e-07
2.10601e-06
2.61934e-10
8.88103e-08
0.00294923
1.04832e-05
3.72485e-07
2.66747e-06
6.2624e-05
1.0326e-07
3.37604e-09
7.78527e-09
1.06549e-07
3.34694e-10
0
8.21339e-07
1.29803e-08
7.60774e-08
1.19762e-08
2.91038e-11
1.45519e-10
0
2.82307e-09
7.02421e-08
2.06637e-09
2.34212e-05
0.000612947
0.000190364
1.21187e-05
0.00029591
1.90023e-06
5.5554e-06
6.26881e-05
4.86907e-07
6.32281e-08
1.7375e-07
1.35273e-05
6.7107e-05
3.59723e-07
2.07181e-06
1.05292e-05
5.97425e-05
3.68746e-07
3.11719e-06
2.54426e-07
3.26408e-06
2.50293e-08
5.32901e-06
9.19827e-08
9.09771e-07
1.10012e-08
7.27596e-10
2.89583e-09
3.92029e-08
1.73677e-07
1.35333e-09
5.18048e-09
3.64525e-08
1.37254e-07
1.10595e-09
7.11589e-09
4.94765e-10
6.56291e-09
1.30967e-10
1.07248e-08
2.47383e-10
2.05182e-09
0
0
0
0.0316046
2.11317
0.0139631
73.8572
0.0171952
0.19634
0.0029395
19.0152
0.0336379
0.0790137
0.00252348
15.3538
0.0268157
0.00213726
0.0169433
1.64358
0.00369575
0.000227052
0.0559643
0.000357832
1.78168e-05
3.86933e-05
0.000636171
1.48458e-05
9.40636e-07
1.97377e-05
5.69556e-06
2.89918e-07
0.00210706
1.13455e-06
3.72384e-08
0.000105866
1.57597e-07
4.86034e-09
0.000296819
3.66147e-06
3.52526e-05
6.24471e-06
8.02099e-05
1.5746e-05
0.000177209
1.4792e-07
2.22804e-07
6.8995e-07
9.04618e-06
5.60209e-06
5.07207e-07
1.27373e-07
1.22834e-05
4.8861e-06
3.35451e-07
2.08238e-08
3.33239e-09
1.1365e-08
3.13988e-06
2.89583e-09
1.30967e-10
3.73984e-09
8.58563e-10
1.9007e-06
4.12838e-08
1.88427e-06
4.09636e-08
4.6441e-07
6.8685e-09
4.48636e-08
1.38971e-08
1.27518e-07
2.74304e-08
2.58515e-07
2.76486e-10
5.96629e-10
1.07684e-09
1.30967e-10
4.03088e-09
1.16415e-10
3.75439e-09
1.30967e-10
3.85626e-09
1.30967e-10
4.04712e-05
3.55412e-06
1.25729e-08
1.49885e-09
1.49201e-07
1.77231e-06
4.97821e-08
2.47383e-10
1.10158e-08
5.82077e-10
1.3315e-08
3.92902e-10
4.61296e-09
6.25732e-10
1.49975e+06
9821.58
223220
1.68649
127.79
2.51074
0.0651477
54241.3
4360.28
35947
2.3268
0.0480385
22.4527
0.0285292
1213.52
6.10936
0.561815
0.0222011
0.0126869
0.00302311
3.37387
439185
67066.2
170965
4645.44
14626.3
4953.8
1508.44
143564
50755.1
132805
3915.52
3581.64
1212.31
1289.44
800467
1.84532e+06
1.13546e+06
387444
116988
41844.3
179261
96418.5
15840.6
42969.2
976.06
2394.68
839.922
356.376
3.92902e-09
0
4.26371e-09
0
7.85803e-10
0
0
0
3.8126e-09
1.45519e-11
0
0
0
0
0
0
0
0
2.00904e-07
0
0
0
0
0
0
0
0
0
7.34205e-06
0.0123166
3764
1263.42
50.5357
6508.38
157144
61015.5
2260.74
83896.4
4668.27
6884.02
2504.03
1787.69
156.922
56.934
757.767
7771.32
323.268
36718.8
266308
1427.85
14448.9
28.3999
11347.5
792.387
17473.9
343133
1248.52
38346.6
295.894
15634
859.901
2090.65
650.612
34326.1
40.5877
19712.7
1959.58
403826
555.289
19653.4
75478.9
53.5812
3262.51
776362
3985.6
2694.32
122313
84768.4
105.264
312.583
316544
1195.1
736.105
15550.4
8597.93
24.939
105338
982820
408717
8415.47
1628.63
10123.3
49209.8
2365.06
13535.5
13005.9
52.1652
52.8372
307.91
316.746
2621.63
62349.7
15886
54.8877
170.824
1096.43
349.792
25.7582
10257.3
224.716
420.255
3838.9
79.0392
8.76098
807.043
60.5023
5.98372
4225.9
296.333
41000.4
3014.48
734.285
1737.66
9579.19
15.6169
38.2168
220.133
91.696
18650.4
449.852
3074.89
176706
1.39425e+06
558318
26121.9
20.4074
4.75913
95.0974
5242
251.644
48.9887
1117.91
11.8869
46.8298
1.8568
85.2164
2295.19
14348.1
532.463
842.725
3527.86
21736.1
729520
63948.3
9580.06
206415
102.556
22435
84.7764
4014.73
613.793
473.443
14.3152
163.461
25.8341
5.13661
52180.9
1297.83
6921.08
204.456
4.84516
156.39
5.32746
5628.04
178.435
5964.14
193.256
4.2852
1.85089
56.9444
5033.35
2348.51
71.9645
159.98
40.2763
17.1514
0.783992
81.129
1790.71
789.418
35.4426
232.262
2.27833
51.0742
547.303
13824.2
103.243
2427.32
48.0355
2.4183
51.4637
93.7963
2122.02
101.102
2241.78
0.00163974
0.000750968
0.0483323
0.0340505
0.00367238
0.000518561
0.000130653
5409.74
69147.2
12026.2
13.4491
908.21
177.496
70.8676
918.71
15.939
156.582
3.17654
0.330927
18.9269
2.07185
32.8357
8518.92
2012.24
658.096
42.7948
10.7129
2938.63
0.0292713
0.000296618
0.0122247
0.00387324
0.00174128
0.000129162
0.000183868
20.1897
255.343
264.609
0.45002
5.56466
0.423038
5.81277
5.48517
108.224
282.486
90.4304
0.784178
1.70045
34.0395
2.11651
95.957
87.6205
29.161
0.748116
0.703213
30.8771
0.0728665
92.6621
64.9379
44.112
2.76009
2.0037
1.43859
101.277
3.52187
101.097
124.255
3913.09
2.85787
3.51854
19.5412
1010.09
268.771
1.25924
5.63231
17.3133
0.422662
83.6455
6.33512
199.989
0.332583
1.7006
4.26603
0.135908
0.510599
1.34461
57.3257
19.7732
0.180982
0.460909
7.87716
0.0865761
1.5231
41.227
64.6771
1917.02
75.1476
2.67426
0.0278826
10.9179
0.803137
9.6021
434.292
32.1241
0.740159
1.10566
0.362842
11.3973
46.8908
485.674
14.5065
1.37932
0.354825
0.020132
0.684531
0.148621
15.8215
162.443
7.02343
0.191813
0.0183505
0.342456
8.78727
0.629917
234.08
16.5875
0.734355
0.084772
0.0365415
94.0404
36.184
3.41399
1.25485
4.64267
1.58659
0.0570654
184.72
64.1569
4.61985
1.63428
0.000633768
6.90574e-05
0.000582976
5.12592e-05
0.0207597
0.0047291
0.000160131
0.395893
116.58
24.8307
157.155
10.0742
2.44686
689.518
0.000219987
0.000103886
0.00325231
0.000145677
0.000419287
3.97397e-05
4.88608e-05
3.25465e+06
2.10505e+06
1.28259e+06
1.35269e+06
1.42664e+06
1.35452e+06
1.23357e+06
572843
1.11304e+06
578105
1.07388e+06
2.14201e+06
1.48454e+06
1.63259e+06
1.32004e+06
1.27364e+06
1.87461e+06
667075
2.61802e+06
3.4505e+06
2.66284e+06
2.19426e+06
3.03736e+06
2.45663e+06
2.85102e+06
1.34408e+06
1.20769e+06
1.14497e+06
527043
926281
1.03688e+06
374278
1.38612
1.74842
25.8927
0.525291
0.0540765
0.0464363
0.427123
0.130636
4.55397
26.244
1883.65
291.407
7.5519
45.2228
0.261444
0.126816
2.79467
6.06854
13.7617
155.378
0.508522
0.0361103
1.16185
3.00774
19.9169
0.174603
0.366062
7.72096
0.0939206
79.1477
1.68244
26.5532
1.13632
0.570707
0.0432867
0.0229532
5.6318
0.331308
12.7885
0.79686
0.0328365
0.258518
11.5966
50.5572
283.928
0.167618
0.0421655
0.745692
3.85216
0.0485507
1.15986
1.1799
7.09331
0.182264
0.177999
7.27471
0.01645
0.330122
0.827327
4.89766
0.0492543
0.114414
1.91533
0.329791
0.0180719
0.099127
17.8066
3.77468
0.510018
0.138427
0.0303067
0.0216922
0.0791405
0.0822357
2.48428
15.4044
0.402221
0.0218249
0.0504648
0.0164231
0.0694362
1.73635
9.60561
0.318356
0.000427234
0.0019917
0.000122093
0.000745514
8.94243e-05
0.000132803
8.43116e-05
16.3361
1.20366
0.145771
0.0238491
0.335219
0.0447553
0.0559043
0.117978
0.0396395
0.126439
3.56501
0.155568
3.90196
0.169188
0.0226329
0.0887662
0.0467618
3.10354
0.123878
0.0610769
1.33085
0.0135535
1.69931
0.0957931
0.0278901
0.365864
0.0122367
0.017963
0.00029936
0.000176426
0.00331715
0.000982775
0.000167648
0.000126695
0.000118436
0.0210606
0.188188
0.056665
0.211449
12.5443
2.66368
0.959779
0.276337
0.956268
0.0636329
0.0303268
0.0470567
0.146742
0.0337106
4.7333
0.0556918
0.135768
0.0770401
1.61351
0.21584
0.0491167
0.0198976
0.0186767
0.0573458
1.68719
0.056161
0.0199321
0.0881251
0.0244787
0.0768932
0.0250598
0.0250572
2.42602
0.108811
0.0912916
0.0300666
0.0303836
0.117609
0.0292672
3.10897
0.117854
0.0955637
0.0120859
0.0113694
0.0257584
0.0117972
0.826403
0.0488544
0.0380369
0.0103653
0.0263908
0.0105709
0.0452324
0.0117807
0.0417335
0.848078
0.538645
0.631308
0.189265
0.0554197
0.0382089
0.0317582
0.0383193
3.85674
0.0847023
1.05474
0.0433391
0.0433391
0.101244
0.0619259
1.03663
0.0831601
1.11391
0.03573
0.0357175
0.055994
0.0546513
0.00945591
0.00941855
0.00949704
0.0136433
0.00944811
0.174304
0.0218403
0.0103708
0.0104471
0.0103915
0.0304686
0.0139843
0.0165086
0.223278
0.0108087
0.014876
0.0108087
0.0157288
0.0108087
0.226068
0.0255325
0.00994823
0.0703323
0.347378
0.00842568
0.0124507
0.00930193
0.00842568
0.759056
0.337354
0.0607159
0.0509423
0.0509423
0.0609488
0.0538901
0.0204626
0.0188383
0.0171952
0.034119
0.107296
0.267758
0.0233783
0.000351511
4.32265e-05
3.67119e-05
5.75039e-05
3.67119e-05
3.67119e-05
3.67119e-05
0.0222011
0.0696325
0.0260849
0.0265331
0.323368
0.0537196
0.0231756
3.6987e-06
4.85888e-08
4.65661e-10
0
1.38461e-07
1.94996e-09
0
2.05706e-07
2.38651e-09
0
0
1.44937e-08
1.16415e-10
0
0
7.13121e-06
0.431624
0.0177539
0.0214273
0.176705
0.051293
34494.7
22699.4
640.58
278.383
1.15372
0.0226854
0.00320008
124.588
60.3436
72.8069
0.113625
10072.7
233.765
844.203
30446.5
8851.6
738.756
202.479
14403.8
3940.82
6504.51
332.734
542.099
143.284
81.3839
3.14514e+06
1.78188e+06
858656
811020
594090
2711.46
65.2917
0.0131437
2.2389e+06
1.0231e+06
1.60551e+06
2.33589e+06
1.75797e+06
1.66422e+06
2.30741e+06
1.37766e+06
843753
1.31925e+06
1.54146e+06
1.47497e+06
1.42257e+06
1.3574e+06
1.29822e+06
1.26523e+06
680106
1.47299e+06
1.49535e+06
1.31549e+06
1.33538e+06
2.57452e+06
3.41818e+06
2.7415e+06
3.82975e+06
2.92803e+06
3.492e+06
2.80878e+06
3.87195e+06
1.47194e+06
3.62119e+06
2.09579e+06
1.993e+06
1.25162e+06
2.59917e+06
2.79329e+06
371661
1.57887e+06
1.52433e+06
1.63204e+06
545333
644073
104152
79457.7
1.6055e+06
1.55129e+06
1.56257e+06
1.4393e+06
1.43305e+06
1.39185e+06
1.42185e+06
1.95289e+06
1.64965e+06
1.66029e+06
1.9506e+06
1.58188e+06
1.97954e+06
1.57566e+06
2.6708e+06
3.96038e+06
2.6562e+06
2.53012e+06
3.50483e+06
2.5186e+06
3.41561e+06
1.65553e+06
1.59856e+06
1.57943e+06
1.44116e+06
1.45036e+06
1.39342e+06
1.39842e+06
1.51151e+06
1.50182e+06
1.42769e+06
1.34442e+06
1.27036e+06
1.33324e+06
1.39052e+06
2.04342e+06
1.64466e+06
1.65715e+06
1.53844e+06
2.03325e+06
2.00785e+06
1.56576e+06
1.50187e+06
741652
988447
1.95055e+06
1.52254e+06
1.93892e+06
1.46358e+06
1.50909e+06
1.43809e+06
1.42929e+06
1.23199e+06
1.25331e+06
1.32668e+06
1.33028e+06
869323
616365
829742
1.344e+06
1.28354e+06
1.23429e+06
1.29453e+06
2.6815e+06
3.75781e+06
2.67963e+06
3.1801e+06
2.48758e+06
2.50451e+06
3.30628e+06
1.96589e+06
2.72152e+06
2.13018e+06
2.38417e+06
3.09469e+06
2.36197e+06
3.014e+06
759003
390197
597244
1.27375e+06
1.25555e+06
1.20693e+06
1.14639e+06
855201
118762
410213
912132
1.48096e+06
1.80885e+06
1.27814e+06
353388
102814
339153
804492
779541
1.07989e+06
1.12682e+06
287090
35438.6
175367
565391
723047
1.03515e+06
928445
2.18685e+06
1.94228e+06
1.13996e+06
2.37388e+06
1.66124e+06
2.32983e+06
2.91536e+06
1.09055e+06
63474
367454
1.50994e+06
1.16923e+06
696947
1.37247e+06
2074.31
1761.48
233.51
44.2827
5.74726
4.7532
37.3878
3143.32
167.182
574.17
1818.87
7786.01
35.6345
10.9557
85326.2
3277.35
105.674
3994.49
122557
777510
98979.4
73.3733
1196.22
151.615
1.3978
2.99942
24.9441
12.8953
2.2864
14.2212
757.412
16.5655
124.446
2.28345
0.306423
6.10001
261.037
25.365
0.467221
0.118163
4.96182
1.33763
17.8973
0.500989
20.6706
5.27443
0.139375
4.50592
0.120214
7.43722
0.301428
12.7706
3.08913
0.0510968
0.0828653
1.67793
1.46186
0.0903798
2.78446
92.8485
2.0239
44.2846
2234.06
0.000228167
0.0148014
0.00318026
1.4921
0.00101555
0.0183455
3.50563e-05
0.000447227
0.0482774
0.0910206
3.40166
0.0374323
0.701995
0.223986
0.028255
1.48908
0.025821
0.0485829
12.8627
0.943674
0.0389034
0.244909
0.114506
0.949596
0.049126
0.246842
12.8974
0.0404744
0.0264948
0.0232137
0.0430967
0.0707143
0.466884
0.0248378
0.0299288
0.241259
0.145728
0.858174
0.0639039
0.051293
0.127248
0.726351
0.0604752
0.0269742
0.0123995
0.0121329
0.039563
0.013452
0.0505366
0.830638
0.0194786
0.0195712
0.0489566
0.216925
0.0221327
0.0488584
0.0195101
0.0467529
0.0214918
0.0545004
0.0205291
0.0208882
0.0205291
0.0207421
0.0333926
0.033751
0.0333926
0.0363816
0.0793042
0.036037
0.0812504
0.0152396
0.0137731
0.0164815
0.0137731
0.01384
0.0143611
0.0137731
0.0711061
0.0339483
0.0407154
0.0288455
0.0289566
0.0284276
0.0284276
0.0253442
0.0230892
0.0230892
0.0935721
0.0401168
0.0230892
0.0234963
0.0662048
0.0203776
0.0348152
0.0198062
0.0197618
0.0197541
0.0197541
0.0182026
0.0177539
0.0177539
0.0204438
0.0180588
0.0517054
0.0263862
0.0183455
0.0183455
0.0208721
0.0679609
0.0208838
0.0188767
0.0183455
)
;

boundaryField
{
    ground
    {
        type            calculated;
        value           nonuniform List<scalar> 
394
(
0
0
2.51748e-09
6.98492e-10
0
4.36557e-11
0
0
2.91038e-11
5.82077e-11
5.48607e-09
0
0
0
0
0
0
0
0
0
0
0
0
0
0
0
0
0
0
0
0
0
0
0.000402933
26.244
1.1326e-05
0.0162628
0.959973
0.0185663
0.000343109
1.39425e+06
0.0187331
1.07694
59.3381
2.58923e+06
4.92956e+06
7.89777e+06
3.66504e+06
3.61577e+06
4.94125e+06
8.00947e+06
8.56512e+06
3.70837e+06
4.01526e+06
4.05173e+06
3.87016e+06
3.95848e+06
3.70475e+06
8.57495e+06
4.86168e+06
7.06242e+06
3.83045e+06
784136
0.969631
3.47768e+06
2.79532e+06
4.16386e+06
2.39826e+06
2.28392e+06
3063.32
2.69579e+06
45.616
59.2282
5.77474e+06
64417.3
3.32529e+06
3.62027e+06
3.75656e+06
3.2522e+06
3.44933e+06
3.11548e+06
4.16898e+06
1.12669e+06
2.58772e+06
3.04256e+06
176321
1.39228e+06
127874
1898.2
3617.15
4.50544e+06
4.48608e+06
4.94846e+06
4.96095e+06
4.45787e+06
4.38959e+06
4.28161e+06
4.1295e+06
4.69838e+06
4.46172e+06
3.92698e+06
3.68709e+06
3.41917e+06
3.14571e+06
3.49229e+06
842.725
1.16175e+06
1.13229e+06
2.33132e+06
3.04541e+06
3.17491e+06
2.6954e+06
1.47589e+06
2.52596e+06
1.86978e+06
318083
0
0
0
0
0
0
0
0
0
0
0
0
0
0
0
0
0
0
0
0
0
0
0
0
0
0
0
0
0
0
0
0
0
0
0
0
0
0
0
0
0
0
0
0
0
0
0
0
0
0
0
0
0
0
0
0
0
0
0
0
0
0
0
0
0
0
0
0
0
0
0
0
0
0
0
0
0
0
0
0
0
0
0
0
0
0
0
0
0
0
0
0
0
0
0
0
0
0
0
0
0
0
0
0
0
0
0
0
0
0
0
0
0
0
0
0
0
0
0
0
0
0
0
0
2.27054e-07
1.91358e-08
0
0
1.01863e-10
0
0
0
0
0
0
0
0
0
0
0
0
0
0
0
0
0
0
5.67525e-10
2.61934e-10
1.08266e-08
0
0
0
1.88082
0.00197857
1.33484e-05
1.3946e-06
4.23461e-09
0
8.73115e-11
2.24114e-07
0
0
3.20142e-10
0
3.14321e-09
1.14087e-08
3.34694e-10
0
0
4.36557e-11
1.60071e-10
0
0
0
0.000132258
2.10528e-06
3.88608e-05
6.84959e-08
1.08557e-08
4.5354e-07
7.56751e-06
2.47383e-10
8.62929e-09
2.91038e-11
2.02272e-09
7.74889e-08
2.58689e-07
1.84532e+06
69147.2
0.347378
8.1629e-07
2.43064e-05
1.88666e-07
0.000478616
4.65661e-09
3.37488e-07
1.64004e-05
0.000627591
0.000688696
7.39242e-06
4.92208e-05
1.19596e-06
2.66009e-08
11.5966
0.0139631
0.188188
413169
1.68649
127.79
1.49975e+06
179261
387444
3.92902e-09
0
8415.47
49209.8
982820
176706
3074.89
128176
21736.1
729520
63948.3
0.0340505
0.000518561
0.00163974
5409.74
70.8676
908.21
8518.92
2938.63
42.7948
10.0742
689.518
116.58
3.4505e+06
3.25465e+06
2.85102e+06
3.03736e+06
1883.65
45.2228
0.682042
0.167618
3.85216
283.928
12.5443
0.959779
0.0316046
0.631308
0.0383193
0.0554197
0.0168266
0.00842568
0.0124507
3.14514e+06
3.41818e+06
3.82975e+06
3.492e+06
3.96038e+06
3.62119e+06
1.94228e+06
2.72152e+06
3.87195e+06
3.41561e+06
3.50483e+06
3.1801e+06
3.30628e+06
3.75781e+06
3.09469e+06
3.014e+06
2.59917e+06
2.37388e+06
2.91536e+06
2.79329e+06
0.0230892
0.0234963
0.0935721
)
;
    }
    outlet
    {
        type            calculated;
        value           uniform 0;
    }
    wall
    {
        type            calculated;
        value           nonuniform List<scalar> 0();
    }
    wall2
    {
        type            calculated;
        value           nonuniform List<scalar> 
1114
(
1.45519e-11
5.48607e-09
2.35741e-09
5.82077e-11
0
1.5134e-09
1.45519e-11
1.10595e-09
0
0
0
0
0
0
0
0
0
0
0
0
1.45519e-11
1.33878e-09
1.32422e-09
1.45519e-11
0
0
0
0
0
0
0
0
0
1.16415e-10
4.94765e-10
0
0
0
0
0
0
0
0
0
0
0
0
0
0
0
0
0
0
0
0
0
0
0
0
0
0
0
0
0
2.47383e-10
0
0
1.01863e-10
2.04163e-08
2.30066e-08
5.78017e-07
6.54472e-07
4.56295e-05
3.81374e-05
1.68438e-05
1.91994e-05
0
0
0
0
0
0
0
0
0
0
0
0
0
0
0
0
0
0
0
0
0
0
0
0
0
0
0
0
0
0
0
0
0
0
0
0
0
0
0
0
0
0
0
0
0
0
0
0
0
0
0
0
0
0
0
0
0
0
0
0
0
0
0
0
479.39
0.00720627
362.554
12.1602
0.287256
0.0049115
9.17514
0.216004
1.1326e-05
0.000343109
7.70774e-06
7.86848e-05
7.04429e-07
1.61235e-08
0.0187331
0.000211791
2.5054e-07
2.63637e-07
0.000182926
2.38942e-08
6.79574e-09
0.00359138
1.35915e-07
0.000363245
1.21363e-08
7.89777e+06
2.66587e+06
1.91834e+06
8.00947e+06
3.09398e+06
2.62096e+06
2.27179e+06
2.29749e+06
1.75469e+06
1.22764e+06
16705.9
2300.31
65.3321
0.000891238
8.56512e+06
6.12792e+06
2.77625e+06
2.51058e+06
1.872e+06
1.16326e+06
8.57495e+06
6.04523e+06
4.44411e+06
3.20892e+06
4.04281e+06
3.05162e+06
2.64589e+06
2.14474e+06
2.4408e+06
2.30996e+06
2.00915e+06
2.1283e+06
1.62803e+06
530889
324378
12625.3
62087.7
6648.6
188.786
1.64483
0.0381745
0.00250946
6.58615e+06
2.60985e+06
1.07156e+06
6.54753e+06
4.67975e+06
4.54127e+06
2.49011e+06
2.50402e+06
2.35844e+06
845633
267687
162637
4.74256
0.111043
7.06242e+06
784136
0.969631
1.68827e+06
2104.93
0.0041592
754027
163.485
0.000268559
15.6892
0.00105293
2.39826e+06
1.93919e+06
44990.6
45.616
2399.32
0.125653
0.00392675
38834.4
1.22655e+06
14256.1
0.126604
792.924
0.0454074
0.00143628
3029.32
539.841
0.630747
0.00839223
0.0338496
2.33486e-05
6.12061e-06
0.0188405
0.000226397
1.45335e-05
4.8206e-06
4.23088e-06
1.56477e-07
5.77474e+06
5.17982e+06
64417.3
209840
0.172536
992293
1.60899e+06
93.4463
2232.22
0.00466915
292500
219102
7.10021
15.9368
2.35791e-05
4.29283e-05
2.50659
0.394198
7.02539e-05
4.85394e-05
4.16898e+06
1.13291e+06
3.20117e+06
1.1262e+06
225322
401631
1898.2
7.60337
13755.4
102.511
0.501649
3.78596
0.0127461
356232
40274.5
1.49298e+06
654269
31994.4
175224
3.62299
0.141091
1792.05
35.6951
0.110513
1.35445
0.00357086
8.16254e-05
41348.5
298.087
14566.1
86.0074
16.7046
8.86136
0.259015
0.000825375
0.88368
0.00155022
7.39129e-05
9.12432e-05
9.597e-06
2.5567e-06
0.259968
0.000524098
0.00909953
5.0893e-05
2.78495e-05
1.86692e-05
1.15207e-05
2.85146e-06
6.39631e-06
2.02976e-06
2.8513e-07
3.05721e-07
3.97068e+06
9621.66
961258
101.09
0.000225555
40854.7
0.676786
1.54723e-05
0.0633865
1.89788e-05
2.51958e+06
2.10946e+06
1.00921e+06
292.855
545.083
17.8385
354741
877107
305516
3.98529
81.4517
3.1802
0.000157923
4252.41
2314.57
235.662
0.0243072
0.0375527
0.00139023
5.50499e-06
0.00664669
0.00148038
0.000170081
7.09583e-06
4.34629e-06
9.2815e-07
6.60613e-06
1.13061e-05
4.08472e-06
1.41513e-06
6.07962e-06
2.00029e-05
2.77489e-05
8.04644e-06
4.73873e-06
1.08462e-05
3.38083e-06
1.1388e-06
2.32612e-05
2.30441e-05
1.5329e-05
2.98441e-06
0
0
0
0
0
0
1.16415e-10
3.34694e-10
3.84171e-09
6.4756e-09
1.71174e-07
1.1563e-07
1.04774e-09
1.01863e-10
6.69388e-10
2.33267e-08
3.21161e-08
2.91038e-11
3.95812e-09
2.16824e-09
1.15295e-07
7.50297e-08
4.5046e-06
3.52137e-06
7.17409e-07
8.9244e-07
2.91038e-09
9.92441e-09
0
0
0
0
0
0
0
0
0
0
0
0
0
0
0
0
0
0
0
0
0
0
0
0
0
0
0
0
0
0
0
0
0
0
0
0
0
0
0
0
0
0
0
0
0
0
0
0
0
0
0
0
0
0
0
0
0
0
0
0
0
0
0
0
0
0
0
0
0
0
0
0
0
0
0
0
0
0
0
0
0
0
0
0
0
0
0
0
0
0
0
0
0
0
0
0
0
0
0
0
0
0
0
0
0
0
0
0
0
0
0
0
0
0
0
0
0
0
0
0
0
0
0
0
0
0
0
0
0
0
0
0
0
0
0
0
0
0
0
0
0
0
0
0
0
0
0
0
0
0
0
0
0
0
0
0
0
0
0
0
0
0
0
0
0
0
0
0
0
0
0
0
0
0
0
0
0
0
0
0
0
0
0
0
0
0
0
0
0
0
0
0
0
0
0
0
0
0
0
0
0
0
0
0
0
0
0
0
0
0
0
0
0
0
0
0
0
0
0
0
0
0
0
0
0
0
0
0
0
0
0
0
0
0
0
0
0
0
0
0
0
0
0
0
0
0
0
0
0
0
0
0
0
0
0
0
0
0
0
0
0
0
0
0
0
0
0
0
0
0
0
0
0
0
0
0
0
0
0
0
0
0
0
0
0
0
0
0
0
0
0
0
0
0
0
0
0
0
0
0
0
0
0
0
0
0
0
0
0
0
0
0
0
0
0
0
0
0
0
0
0
0
0
0
0
0
0
0
0
0
0
0
0
0
0
0
0
0
0
0
0
0
0
0
0
0
0
0
0
0
0
0
0
0
0
0
0
0
0
0
0
0
0
0
0
0
0
0
0
0
0
0
0
0
0
0
0
0
0
0
0
0
0
0
0
0
0
0
0
0
0
0
0
0
0
0
0
0
0
0
0
0
0
0
0
0
0
0
0
0
0
0
0
0
0
0
0
0
0
0
0
0
0
0
0
0
0
0
0
0
0
0
0
0
0
0
0
0
0
0
0
0
0
0
0
0
0
0
0
0
0
0
0
0
0
0
0
0
0
0
0
0
0
0
0
0
0
0
0
0
0
0
0
0
0
0
0
0
0
0
0
0
0
0
0
0
0
0
0
0
0
0
0
0
0
0
0
0
0
0
0
0
0
0
0
0
0
0
0
0
0
0
0
0
0
0
0
0
0
0
0
0
0
0
0
0
0
0
0
0
0
0
0
0
0
0
0
0
0
0
4.36557e-11
0
0
0
0
0
0
0
0
5.82077e-11
0
0
0
0
0
0
0
0
1.45519e-11
0
0
0
0
0
0
0
0
0
0
0
0
1.16415e-10
0
0
0
0
0
1.16415e-10
0
0
0
0
0
4.36557e-11
0
0
0
0
0
0
0
0
0
0
0
0
0
0
0
0
0
0
0
0
0
0
2.47383e-10
2.32831e-10
1.45519e-11
0
1.74623e-10
4.36557e-11
0
0
0
2.91038e-11
3.34694e-10
2.61934e-10
0
0
2.47383e-10
1.30967e-10
0
0
0
0
0
8.1629e-07
9.40316e-07
4.65661e-09
6.03657e-07
3.14321e-09
3.97267e-09
1.1496e-09
5.38421e-10
0
3.37488e-07
1.06712e-06
1.39e-07
2.66009e-08
4.59841e-09
6.8947e-07
1.08863e-07
3.25963e-09
1.4581e-08
1.80589e-08
3.8126e-09
1.74623e-09
5.96629e-09
1.74623e-09
3.0559e-10
1.45519e-11
2.91038e-11
1.0441e-07
2.61934e-10
3.72485e-07
3.37604e-09
0
8.21339e-07
1.29803e-08
7.60774e-08
2.91038e-11
1.45519e-10
4.86907e-07
6.32281e-08
1.10012e-08
7.27596e-10
0
0
3.72384e-08
4.86034e-09
1.4792e-07
2.22804e-07
2.08238e-08
3.33239e-09
1.01863e-10
0
0
5.01488e-07
3.09941e-07
3.68891e-08
2.74114e-07
2.32685e-08
2.66882e-08
1.31113e-08
1.49885e-09
2.32831e-10
1.19762e-08
0
1.7375e-07
2.89583e-09
0
6.8995e-07
1.1365e-08
1.30967e-10
2.76486e-10
5.96629e-10
1.07684e-09
1.16415e-10
1.30967e-10
5.82077e-10
3.92902e-10
)
;
    }
    wall3
    {
        type            calculated;
        value           nonuniform List<scalar> 0();
    }
    internalPatch
    {
        type            internal;
    }
    procBoundary1to0
    {
        type            processor;
        value           nonuniform List<scalar> 
35
(
0
0
0
0
0
0
0
2.47383e-10
0
0
0
0
0
0
0
0
0
0
0
0
0
0
0
0
0
0
0
0
0
0
0
0
0
0
0
)
;
    }
    procBoundary1to2
    {
        type            processor;
        value           nonuniform List<scalar> 
370
(
0
0
1.45519e-10
1.45519e-10
0
0
0
0
0
0
0
0
1.30967e-10
1.52213e-08
1.52213e-08
1.45519e-10
8.58563e-10
8.58563e-10
8.14907e-10
0
0
0
0
0
0
0
0
0
0
0
0
0
0
1.8772e-09
1.8772e-09
1.52213e-08
5.41029e-05
5.41029e-05
1.06091e-06
3.78059e-08
3.78059e-08
3.78059e-08
3.11557e-08
8.14907e-10
1.25146e-09
1.25146e-09
0
0
0
0
0
0
0
0
0
0
0
0
0
0
0
0
0
0
1.74623e-10
1.74623e-10
2.67042e-07
8.94186e-06
8.98937e-05
0.000115939
0.000136706
0.000136706
0.00261065
0.053587
0.00742284
0.000468716
1.20518e-05
1.48492e-06
3.11557e-08
1.36133e-07
1.36133e-07
1.72877e-08
3.92902e-10
5.23869e-10
5.23869e-10
4.36557e-11
0
0
0
0
0
0
0
0
0
0
0
0
0
0
0
0
0
0
0
0
0
0
0
0
0
0
0
2.82889e-08
1.46693e-06
1.8431e-05
8.72463e-05
9.4616e-05
0.000129429
0.00016706
0.000236639
0.000236639
0.00717146
0.141961
0.0661432
0.87129
0.14892
5.81556
0.531792
0.0562193
0.0346668
0.0346668
0.000724019
2.87082e-05
8.23507e-07
4.51226e-07
4.51226e-07
1.15682e-06
3.70055e-08
7.27596e-10
6.69388e-10
6.69388e-10
0
0
0
0
0
0
0
0
0
0
0
0
0
0
0
0
0
0
0
0
0
0
0
0
0
0
0
0
0
0
0
0
0
0
0
0
0
0
0
0
0
0
0
0
0
0
0
1.45519e-11
4.74392e-09
3.48547e-07
4.06144e-08
3.78524e-07
1.49113e-07
6.79138e-08
6.28934e-08
6.98783e-08
5.34201e-08
2.63099e-08
6.89761e-09
1.09139e-09
5.82077e-11
0
0
0
0
0
0
0
0
0
0
0
0
0
0
0
0
0
0
0
0
0
0
0
0
0
0
0
0
0
0
0
0
0
1.49885e-09
9.25502e-08
9.80799e-09
1.83645e-08
9.72068e-09
1.05647e-08
8.20728e-09
3.75439e-09
1.07684e-09
1.16415e-10
0
0
0
0
1.45519e-11
0
0
0
0
0
0
0
0
0
0
0
1.64437e-09
8.09523e-08
2.37633e-08
1.22236e-09
0
0
0
0
0
3.7835e-10
1.15682e-06
1.66889e-06
0.000101988
0.0020558
0.00951429
0.283929
11.9828
473.171
16496.7
304230
948434
1.3316e+06
1.46242e+06
1.46612e+06
1.46743e+06
1.53879e+06
1.75311e+06
2.34139e+06
2.98626e+06
3.88766e+06
3.59096e+06
4.03082e+06
4.47469e+06
4.89563e+06
2.69875e+06
2.05118e+06
1.88284e+06
1.93978e+06
2.01089e+06
2.12971e+06
2.18129e+06
2.13334e+06
2.01021e+06
1.83919e+06
1.64446e+06
1.43577e+06
773764
67484.4
1304.5
26.1104
281.435
2108.87
10281.4
35450.4
865.031
21.1374
0.509038
5.37175
238.263
44.935
1.75769
0.0346668
0.0346668
0.193662
8.48568
383.424
16555.5
377573
1.13671e+06
1.43306e+06
1.48641e+06
1.49836e+06
1.47816e+06
1.45709e+06
1.44327e+06
1.56562e+06
1.90425e+06
2.54063e+06
2.62927e+06
2.67548e+06
1.9416e+06
1.71167e+06
1.75995e+06
1.81081e+06
1.88746e+06
1.93839e+06
1.91149e+06
1.81784e+06
1.67308e+06
1.50931e+06
1.04914e+06
194431
4519.55
88.658
4.44011
217.837
10540.1
327136
1.16469e+06
1.50752e+06
1.62549e+06
1.69605e+06
1.71178e+06
1.6753e+06
1.62877e+06
1.59245e+06
1.61134e+06
1.89533e+06
)
;
    }
    procBoundary1to3
    {
        type            processor;
        value           nonuniform List<scalar> 
190
(
1.53232e-08
8.7166e-09
8.73115e-11
1.74623e-10
0
3.36149e-09
2.05429e-07
8.83985e-07
4.85685e-07
1.2845e-07
2.19734e-09
0
0
0
0
1.39698e-09
1.2666e-07
2.0868e-06
6.07724e-06
2.51657e-05
4.3056e-05
0.0010996
0.049315
0.0276338
0.0089127
0.00233537
0.000336654
0.000153894
5.01997e-06
5.01997e-06
5.01997e-06
0.000606859
0.0377473
0.0015574
2.39323e-05
0.00214541
0.033067
0.205005
6.76546
157.715
2409.08
19236.8
81164.3
166043
217340
235422
277602
616797
1.35168e+06
2.05475e+06
587306
17314.6
264.313
4.08535
0.0978507
0.00318174
5.67444e-05
8.79416e-07
1.43627e-08
1.74623e-10
1.30967e-10
0
0
0
0
0
0
0
0
0
0
0
0
0
0
0
0
2.18279e-10
2.44327e-08
2.8877e-06
9.31161e-06
0.000283326
0.000763133
0.000121155
0.000140322
0.000140322
7.76054e-08
2.43017e-09
1.54323e-07
1.54323e-07
5.01997e-06
5.01997e-06
0.000101923
3.65253e-09
5.38712e-07
2.20458e-05
0.000170774
0.00161514
0.0282877
0.0314459
0.179409
3.40043
51.2557
430.318
1908.51
4763.27
7097.48
7875.81
9304.48
29935.4
212262
4258.23
69.8361
1.17356
0.05678
0.0529479
0.00222122
0.00224605
3.36673e-05
6.78861e-07
1.24855e-08
1.8772e-09
4.36557e-11
0
0
0
0
0
0
0
0
0
0
0
9.16771e-10
0
0
0
3.65253e-09
4.36557e-11
4.36557e-11
1.0361e-08
4.07977e-07
5.77657e-06
8.80552e-05
0.000686187
0.0244538
0.0255661
0.0527764
1.09263
9.60989
44.3949
116.386
181.978
203.493
228.925
588.85
11.8683
0.229381
0.139283
0.0520558
0.0826789
0.0826789
0.045167
0.000844827
0.000152344
0.00365504
0.0381189
0.0246281
0.21449
1.02174
2.77237
4.4981
5.08449
5.51281
0.121651
0.116622
1.20926e-07
6.59202e-09
1.16415e-10
0
0
0
0
0
0
0
4.36557e-11
2.52476e-08
2.32831e-10
)
;
    }
    procBoundary1to5
    {
        type            processor;
        value           nonuniform List<scalar> 
480
(
0.0275413
1.36472
10.9729
0.226418
0.0296044
0.049435
0.128841
0.294004
0.58002
0.965832
1.33849
1.54305
59.8195
2308.23
86214.7
515304
297417
97566
13399.2
13399.2
386518
1.2203e+06
1.52617e+06
1.76232e+06
1.9919e+06
2.19891e+06
2.3523e+06
2.43061e+06
2.39143e+06
2.24339e+06
2.14256e+06
2.10849e+06
2.24797e+06
2.77798e+06
5.32648e+06
5.3923e+06
5.48068e+06
5.53174e+06
5.48981e+06
5.32279e+06
5.04025e+06
4.68364e+06
4.27742e+06
3.87175e+06
3.87175e+06
4.27663e+06
4.16241e+06
3.68546e+06
3.68546e+06
3.92503e+06
4.12595e+06
4.2765e+06
4.38472e+06
4.45316e+06
4.01875e+06
3.56833e+06
3.14949e+06
2.7733e+06
2.2077e+06
1.64326e+06
1.13295e+06
998008
953008
885940
736759
437464
110241
7282.68
292.577
9.18616
0.298453
0.0657856
0.0644453
0.0649824
0.166252
3.44371
40.6277
0.79748
0.0365426
0.00392629
0.0019193
0.0019193
0.0391641
0.129535
6.14473
73.0165
574.98
3144.77
60.3745
1.15476
4.48578
11.693
23.3442
38.2238
52.1785
2030.79
77743.7
492430
276839
84759.2
11336
11336
354458
1.19626e+06
1.51722e+06
1.74891e+06
1.97626e+06
2.18081e+06
2.33462e+06
2.41461e+06
2.36844e+06
2.22157e+06
2.11243e+06
2.07927e+06
2.23558e+06
2.82611e+06
2.94986e+06
3.08995e+06
3.19909e+06
3.25764e+06
3.25151e+06
3.19744e+06
3.09591e+06
2.96581e+06
2.96581e+06
3.09582e+06
3.01468e+06
2.81948e+06
2.81948e+06
2.86814e+06
2.88195e+06
2.86113e+06
2.81779e+06
2.76084e+06
2.6365e+06
2.53521e+06
2.40023e+06
1.94078e+06
1.52153e+06
1.35018e+06
1.30157e+06
1.29825e+06
1.29858e+06
1.21533e+06
860399
252197
12336.3
354.129
8.93083
0.147226
6.41432
169.096
2092.16
862.458
16.7466
0.332492
0.0240772
0.0353
0.0353
0.0353
0.0486052
0.373801
2.81625
53.8611
723.112
6811.59
42208.3
145758
9792.48
213.892
507.445
953.206
1510.93
59839.3
438863
230636
59939.7
7580.91
7580.91
280876
1.13421e+06
1.49934e+06
1.72966e+06
1.9552e+06
2.16227e+06
2.3291e+06
2.41716e+06
2.38046e+06
2.25451e+06
2.14214e+06
2.10377e+06
2.28437e+06
2.3107e+06
2.32012e+06
2.32024e+06
2.3126e+06
2.32705e+06
2.35402e+06
2.36859e+06
2.36859e+06
2.35336e+06
2.29701e+06
2.25085e+06
2.25085e+06
2.20383e+06
2.15039e+06
2.09879e+06
2.05442e+06
2.0158e+06
1.91801e+06
1.9199e+06
1.57511e+06
1.44504e+06
1.45325e+06
1.46865e+06
1.48315e+06
1.47068e+06
1.41948e+06
1.0794e+06
321997
12621.3
292.224
8251.12
105737
45822.5
13321.5
253.003
4.79059
0.11185
0.0486052
0.952146
0.129027
0.129027
0.0233622
0.263768
5.40505
86.1315
932.105
6804.6
31634.5
93387.7
260955
21572.5
38915.1
359062
166441
33236.1
3883.62
3883.62
179971
1.01936e+06
1.47195e+06
1.6982e+06
1.92326e+06
2.14088e+06
2.31146e+06
2.39272e+06
2.34974e+06
2.24004e+06
2.13561e+06
2.09317e+06
2.03148e+06
1.97045e+06
1.93602e+06
1.88709e+06
1.82064e+06
1.77965e+06
1.77965e+06
1.82041e+06
1.78651e+06
1.70354e+06
1.70354e+06
1.72697e+06
1.75648e+06
1.76395e+06
1.75098e+06
1.73312e+06
1.62663e+06
1.58647e+06
1.61958e+06
1.65851e+06
1.69047e+06
1.67549e+06
1.60665e+06
1.49092e+06
1.11407e+06
280385
883745
677313
393652
126407
2618.78
49.3727
6.11168
0.511665
0.0233622
0.0233622
0.263768
0.396307
0.396307
6.65937
85.9961
721.222
4060.26
13644.6
1376.92
1376.92
77697.6
816951
1.43641e+06
1.66012e+06
1.88055e+06
2.08836e+06
2.2507e+06
2.31836e+06
2.26329e+06
2.16237e+06
2.07709e+06
1.97819e+06
1.86374e+06
1.74957e+06
1.64816e+06
1.55505e+06
1.55505e+06
1.64784e+06
1.62045e+06
1.49515e+06
1.49515e+06
1.55873e+06
1.61621e+06
1.67822e+06
1.72719e+06
1.74868e+06
1.79242e+06
1.84247e+06
1.88392e+06
1.85725e+06
1.76316e+06
1.62449e+06
1.4683e+06
1.40076e+06
1.23322e+06
900798
398180
15674
314.987
25.1122
25.1122
0.511665
13.8342
20.6485
1.05089
0.0470744
0.0470744
0.395586
5.3868
53.6244
335.763
335.763
18896.4
495562
1.33361e+06
1.60928e+06
1.81889e+06
2.00942e+06
2.14839e+06
2.19445e+06
2.12989e+06
2.04856e+06
1.91372e+06
1.76752e+06
1.6212e+06
1.48809e+06
1.48809e+06
1.62134e+06
1.5937e+06
1.43001e+06
1.43001e+06
1.52726e+06
1.6229e+06
1.7033e+06
1.76297e+06
1.796e+06
1.83182e+06
1.8088e+06
1.71804e+06
1.58295e+06
1.53195e+06
1.46532e+06
1.19419e+06
603335
52722.9
1204.04
1204.04
39698
740.114
1133.4
53.3765
53.3765
1.05089
0.0470744
0.395586
5.3868
53.6244
3093.85
162077
1.03784e+06
1.55145e+06
1.73865e+06
1.90172e+06
2.00914e+06
2.0298e+06
1.97036e+06
1.8038e+06
1.64128e+06
1.48615e+06
1.48615e+06
1.64137e+06
1.60871e+06
1.42534e+06
1.42534e+06
1.53451e+06
1.63992e+06
1.72885e+06
1.75854e+06
1.73871e+06
1.65616e+06
1.58464e+06
1.50699e+06
1.24934e+06
1.24934e+06
603335
52722.9
628313
753271
62606.4
2740.32
2740.32
62480.2
1131.21
20.611
303.229
17362.5
478795
1.34805e+06
1.64276e+06
1.77484e+06
1.85294e+06
1.85247e+06
1.67468e+06
1.50969e+06
1.50969e+06
1.67488e+06
1.63963e+06
1.44261e+06
1.44261e+06
1.55376e+06
1.66142e+06
1.65178e+06
1.55556e+06
1.45079e+06
1.45079e+06
1.6451e+06
1.59431e+06
1.38031e+06
1.45949e+06
833228
119627
119627
752758
1.45934e+06
1.6364e+06
1.6888e+06
1.52763e+06
1.52763e+06
1.68878e+06
1.63631e+06
1.40761e+06
1.40761e+06
833228
)
;
    }
}


// ************************************************************************* //
