/*--------------------------------*- C++ -*----------------------------------*\
  =========                 |
  \\      /  F ield         | OpenFOAM: The Open Source CFD Toolbox
   \\    /   O peration     | Website:  https://openfoam.org
    \\  /    A nd           | Version:  9
     \\/     M anipulation  |
\*---------------------------------------------------------------------------*/
FoamFile
{
    format      ascii;
    class       volScalarField;
    location    "0.00045";
    object      impulse;
}
// * * * * * * * * * * * * * * * * * * * * * * * * * * * * * * * * * * * * * //

dimensions      [1 -1 -1 0 0 0 0];

internalField   nonuniform List<scalar> 
5655
(
127.777
2.85026e-05
2.45602e-05
0.134517
1.72468e-05
0.0133312
0.0363058
16.4636
0.00448621
0.0195853
0.0411304
4.15094e-05
227.274
3.32168e-09
3.09975e-09
1.32188e-07
3.49386e-07
1.67224e-05
2.02528e-08
3.22176e-08
0.00176156
5.08075e-08
0.0001132
55.3188
61.72
0.00191738
8.05396e-07
59.2268
0.00231717
32.2819
275.968
21.8129
178.43
342.982
14.7813
170.455
87.7885
0.00051199
0.000116279
0.0905569
0.0288467
13.5395
116.826
31.7222
0.00013111
1.04444e-05
0.0329417
0.00278588
359.356
355.649
345.119
322.766
325.26
308.268
266.906
0.0208501
1.20614e-05
9.66156e-06
0.0464893
0.0362964
3.85501e-06
4.537e-06
0.000912189
0.0154855
0.0165511
4.55176e-06
2.09719e-06
4.37376e-06
2.03563e-06
1.49371e-06
0.000504117
4.78338e-07
0.0396535
1.0165e-06
0.0032103
2.74186e-06
0.0117053
1.03252e-06
5.22238e-07
0.000610789
0.00317533
2.63263e-06
1.4312e-06
9.37615
5.38414e-05
2.26441
6.90897e-07
1.0721e-05
0.0459794
3.28586e-06
0.911522
2.9766e-05
1.87806e-06
7.56367e-05
3.23903
189.445
1.95987
3.96256e-05
0.68189
23.9022
0.000118735
0.00164357
5.54925e-07
1.80031e-06
303.811
167.906
260.63
147.816
239.974
182.839
89.7955
331.545
197.974
275.024
198.062
276.496
199.282
116.44
283.983
128.027
242.208
111.11
224.034
169.276
64.4242
123.482
114.13
79.96
28.4131
30.9278
14.9262
13.1775
82.2868
111.895
78.6287
30.2734
27.6028
12.9095
14.2294
0.00156001
8.13386e-06
8.11678e-07
1.85792e-07
0.352494
0.000510525
0.00657786
1.98569e-07
1.11577e-06
0.00176913
0.00680443
8.01344e-07
0.000337833
2.002e-07
23.7652
8.18753e-06
2.57848
2.55169e-07
1.37236e-06
0.000278795
5.96313e-07
1.29298e-07
2.3571e-08
3.80382e-06
0.000172196
4.5422e-07
7.93702e-05
9.15732e-08
4.0834e-07
0.000685061
6.69346e-05
14.1814
1.58404
3.3156e-05
8.24416e-06
7.31537e-05
1.40319
0.149207
1.51597e-07
7.2377e-06
9.23877e-06
1.00931e-06
94.086
63.7628
37.584
7.37398
18.8996
8.11884
2.48721
115.004
217.161
152.571
68.9035
42.9053
23.9471
43.4974
0.00114155
3.84978e-07
7.80312e-07
0.0023735
0.00153008
4.5771e-07
8.80564e-07
0.00149965
7.0495e-07
3.33164e-07
0.00175049
0.000122597
9.58681e-07
2.47794e-07
57.3322
71.5297
39.6656
20.9039
11.3989
7.26948
0.838044
7.3266
45.7593
141.918
86.7532
0.978571
22.7652
16.4877
95.3775
107.344
190.99
110.34
4.85176
34.8427
42.5828
99.3459
69.9743
177.122
100.813
2.67798
37.8535
22.5755
12.4718
47.3733
42.2075
3.87682
0.342158
0.407846
3.29583
44.0888
41.9952
12.6281
3.30208
0.390391
0.343987
3.7119
108.271
106.62
93.5319
41.9762
33.2376
31.5642
4.60535
64.8138
32.3455
6.57214
7.01784
1.38046
0.763299
0.111428
8.57652
1.51589
0.425542
0.507171
0.158338
0.0228091
0.00740339
6.984e-08
6.41364e-06
3.83034e-06
0.00113779
0.000585936
2.26583e-07
2.92569e-07
3.27575e-06
1.90713e-08
6.53587e-07
0.000666909
4.93932e-05
3.13025e-07
9.94593e-08
27.8596
113.536
69.8146
8.06829
3.77163
1.10796
18.6264
1.43248
0.0290888
1.56162
0.424568
0.00737243
0.00756443
0.378128
14.8906
2.4926
8.21331
1.7797
0.0391428
0.177109
0.412156
1.63926
0.0264146
1.35434
0.36274
0.00833799
0.00687503
0.427198
10.9653
2.86194
0.979166
0.793576
0.257899
0.0507388
0.0128103
0.0306681
0.0237757
0.0195183
0.000855441
0.00071639
0.000434961
0.00053653
0.0306881
0.000436242
0.000716478
0.0239027
0.0363947
0.000857157
0.000539201
0.0408511
0.036349
0.0375646
0.000997382
0.000992933
0.000912415
0.000877116
5.94592
0.0418909
2.69697
0.825661
0.0273032
0.0115799
2.21222
0.0251172
0.0350149
0.0397442
0.000930406
0.00045956
0.000809636
0.000563572
0.044129
0.0465792
0.0465348
0.0011194
0.00111858
0.0010537
0.00112222
0.000875407
0.000910726
0.037505
0.0407965
0.0411056
0.000996344
0.000991406
0.000826276
0.0342634
0.0376993
0.0409005
0.037707
0.000988012
0.000913629
0.000343793
0.00061521
0.0263645
0.0184546
0.0303049
0.000714866
0.000416223
0.0281384
0.0189587
0.0308395
0.000727438
0.000367675
0.000656928
0.000427452
0.0349485
0.0250532
0.0207898
0.000928427
0.000808121
0.000458178
0.00056217
8.32362e-08
2.36856e-06
0.0641693
5.07871e-09
4.08773e-08
5.38895e-08
5.75805e-07
2.43176e-08
3.41569e-09
6.35815e-08
1.79421e-06
0.0266021
3.76556e-06
3.23413e-08
0.024781
0.00642465
0.0133044
0.000280926
0.000553104
0.000280337
0.000127192
0.158108
0.012313
0.661984
0.182135
0.000702786
0.00325502
0.0416568
0.0216969
0.00632431
0.012785
0.000249884
0.000490097
0.00027333
0.000127349
23.1966
0.101248
2.70236
0.0374797
1.00178
0.0448625
0.00167451
35.3144
0.148711
5.69636
0.0756052
3.17532
0.144634
0.00319803
32.6369
0.0888852
4.79151
0.0518022
2.96247
0.123953
0.0021574
3.3096
0.0138214
0.423591
0.00191416
0.0468446
0.00559663
0.00020197
0.0135635
2.67271e-08
1.63712e-05
7.2348e-08
5.39333e-09
2.64542e-08
3.50999e-07
34.1253
0.058936
0.133058
0.0928988
3.3123
4.96166
2.16955
0.239126
0.0221085
1.25092
0.00500723
0.251344
0.0218467
0.00044647
2.88503
0.00409619
0.268752
0.00235481
0.148396
0.0127362
0.000204175
22.1484
0.0395005
2.4175
0.0348127
2.13285
0.0933907
0.0015348
8.40336
0.0366419
0.727925
0.00864996
0.139884
0.00918761
0.000494998
2.60376
0.0113978
0.102924
0.00471629
0.0360625
0.00147429
0.000167946
1.2383
0.0569366
0.0702917
0.0221703
0.0256722
0.00117456
0.00106543
1.25615
0.0641983
0.0562147
0.025179
0.0218626
0.00102576
0.00120208
0.0698224
0.00620184
0.00011621
0.00116433
0.00670752
0.00118794
0.0629043
0.0615369
0.00705668
0.000109264
0.00132835
0.00604859
0.00110866
0.0718518
0.00244355
0.0109452
0.00867384
0.000177405
6.52705e-05
4.95391e-05
0.000228102
0.0106677
0.00251962
0.00860899
0.00017813
6.49515e-05
5.15021e-05
0.000223649
0.00639658
0.000131524
0.00785058
0.00223156
0.000163913
4.59673e-05
3.65472e-05
0.00805521
0.00186687
0.00227918
0.000139854
0.000168076
4.6915e-05
3.83734e-05
0.240225
0.0108744
0.124192
0.00364895
0.0404585
0.00197139
0.000175927
4.80404
1.06976
0.239203
0.273281
0.071451
0.00302025
0.0113636
0.660186
0.00611636
0.0282653
0.00234122
0.0108403
0.000491867
0.000102162
0.00221082
0.00115262
0.000518423
8.80297e-05
4.15688e-05
2.30854e-05
1.07819e-05
0.0869396
0.000499585
0.0224309
4.04159e-05
0.00160785
0.000406248
1.05834e-05
3.91194e-07
3.26086e-08
7.70595e-09
2.27256e-09
8.91781e-09
3.99462e-08
3.35501e-09
0.144672
0.046182
0.00019079
0.00491383
0.0140983
0.00195998
0.435385
0.0298902
0.000617612
5.03723e-05
0.000109534
0.00294359
0.000515283
0.00659365
0.0021976
0.00132034
0.00510089
9.86269e-05
1.0355e-05
2.57776e-05
4.06122e-05
0.00241879
0.00146957
0.00531839
0.000104771
1.26084e-05
2.90847e-05
4.56695e-05
0.110683
0.000265531
0.0183526
0.000154416
0.0104671
0.00150286
2.2455e-05
108.77
31.0403
110.114
186.68
0.224372
1.98713e-05
0.0106212
0.0013554
155.878
172.383
73.8156
136.231
59.9582
47.2601
35.118
147.41
70.571
107.474
21.9646
41.9012
20.8447
8.01627
56.43
39.7493
87.9334
4.89185
21.1884
13.2229
2.23238
9.23486
0.118992
5.77494
0.0629644
3.38941
1.76461
0.0297255
60.8952
6.25643
20.9812
5.72067
0.0968647
1.26763
0.602838
0.679512
0.0439688
2.58398
0.621819
0.00209264
0.141211
0.00977359
0.0839056
0.0113572
0.66891
0.303501
0.00050918
0.033043
0.00492105
0.0937567
0.00131416
0.000246197
0.00012481
0.0169189
0.0083894
0.00139478
0.0553314
0.000427743
0.0162502
2.91316e-05
0.0008899
0.000260722
8.99743e-06
0.00233529
0.000104798
3.557e-05
6.15783e-06
0.000360558
0.000113206
2.20475e-06
0.0162193
7.02122e-05
0.00418739
1.68705e-05
0.000872938
0.000217099
4.57962e-06
0.00116692
0.0025979
0.00196558
4.22337e-05
3.2975e-05
5.64568e-05
2.55755e-05
0.00132867
0.00229653
0.00198707
4.34295e-05
3.19715e-05
5.26679e-05
2.65568e-05
0.00236264
0.0013712
0.00205079
4.56528e-05
3.72464e-05
3.19937e-05
5.50774e-05
0.00271661
0.00133388
0.00204973
4.74522e-05
4.20642e-05
6.24803e-05
3.27201e-05
0.0027535
0.0014715
0.00109967
5.14262e-05
6.64527e-05
2.84498e-05
2.05228e-06
0.00104905
0.0011073
0.0602194
0.00233407
3.44169e-06
4.91195e-05
4.52853e-05
0.00111917
0.00291087
0.00190826
3.26216e-05
2.50203e-05
4.07971e-05
1.96476e-05
0.00126883
0.00254314
0.0689927
0.00120331
3.93455e-06
4.98793e-05
2.8263e-05
0.000601856
0.000235553
0.014977
0.000709189
1.51709e-06
1.30499e-05
2.90172e-05
0.0010489
0.00144879
0.0616998
0.00263206
4.05401e-06
6.70784e-05
5.06402e-05
0.00362585
0.00275737
0.160985
0.00352101
6.82651e-06
9.05096e-05
7.34271e-05
0.000876867
0.00133131
0.0295367
0.000405921
2.45011e-06
1.4912e-05
2.11963e-05
0.000749818
3.24409e-05
0.000158995
4.1902e-06
1.37714e-05
3.98462e-06
1.86164e-06
0.00231884
6.16931e-05
0.00199486
3.90343e-05
2.70936e-06
2.36124e-06
4.64893e-05
0.00312319
0.00144705
0.00201358
3.48823e-05
3.3873e-05
2.54309e-05
4.42542e-05
0.000182371
0.00057401
0.000863749
1.84147e-05
4.14295e-06
1.27017e-05
5.45537e-06
0.000367978
0.0012762
0.000775081
3.67904e-05
2.01699e-05
1.31964e-05
2.15957e-06
0.000625174
0.000556879
0.00021284
2.65631e-05
1.166e-05
9.95506e-06
1.47528e-06
0.000322876
5.44493e-05
0.00041617
1.06082e-05
3.98158e-06
4.27111e-06
8.89585e-06
3.36665e-09
7.33683e-09
1.0333e-08
4.5441e-09
5.24429e-09
1.342e-07
1.23089e-07
8.36634e-09
2.99924e-09
5.28423e-09
4.94628e-09
1.17178e-07
3.62662e-09
3.87189e-08
0.000512154
0.000177976
0.000829039
1.97778e-05
6.29522e-06
7.54107e-06
1.37455e-05
9.90973e-05
7.5619e-05
0.00433816
0.000376348
1.63687e-06
8.27989e-06
9.89721e-06
0.00186678
2.64816e-05
2.70591e-06
0.000125669
1.15979e-06
2.79259e-06
7.83421e-06
7.03042e-05
0.000296667
0.00291264
4.6448e-05
1.27232e-06
5.87921e-06
2.36043e-06
6.63599e-05
7.61115e-06
1.41086e-06
2.18188e-05
4.468e-07
2.86266e-06
7.24781e-07
4.30907e-05
5.49513e-05
0.00042243
1.07074e-05
4.01882e-06
9.15389e-06
4.28431e-06
7.84513e-05
0.000314664
0.00349676
6.11415e-05
1.34923e-06
6.96801e-06
2.66132e-06
5.71206e-05
1.01677e-05
0.000635122
3.2047e-05
4.61252e-07
3.17593e-06
1.0143e-06
0.000176507
0.031218
0.00716487
9.79791e-05
9.54556e-06
3.86673e-06
0.000348908
7.14123e-05
0.00206623
0.00237737
4.46286e-05
4.15584e-06
4.14646e-06
4.28886e-05
0.00291694
1.20579e-05
0.000904863
4.00231e-05
1.7653e-06
8.76494e-07
0.000127552
0.000407654
8.03608e-06
0.000428466
2.0747e-05
1.27289e-06
1.22898e-06
2.06278e-05
0.000462398
7.76823e-06
0.000391145
1.94163e-05
1.36718e-06
1.27272e-06
2.32232e-05
0.000548447
0.000144973
0.000138531
1.53574e-05
1.39882e-05
6.40603e-06
6.70687e-06
0.000521612
0.000164281
0.000132154
1.71956e-05
1.41265e-05
6.63352e-06
7.38531e-06
2.53338e-05
3.78906e-06
2.53093e-05
3.91745e-06
2.38996e-05
2.54402e-05
3.86432e-06
2.88209e-05
1.04313e-05
0.000651536
7.87428e-05
1.41217e-06
4.24042e-06
2.51758e-06
0.000193177
2.30125e-05
9.46242e-06
2.32506e-06
5.07719e-06
3.15151e-06
2.02297e-06
2.94148e-05
0.00020288
0.000967934
1.8689e-05
1.65171e-06
2.08507e-06
5.04825e-06
3.74088e-05
3.40639e-06
0.000183281
8.69084e-06
4.33841e-07
5.6428e-07
2.08369e-06
0.000633759
0.00033599
0.000172069
1.77888e-05
1.27505e-05
5.79021e-06
7.471e-06
0.000228321
1.32153e-05
5.79647e-05
2.47581e-06
5.64619e-06
2.69297e-06
1.81783e-06
2.61483e-06
2.56218e-06
1.01627e-05
1.90502e-05
2.71852e-06
1.67497e-05
2.77012e-06
1.15381e-05
2.47348e-06
2.41784e-06
2.59385e-06
1.49535e-05
1.76025e-05
2.65321e-06
4.4711e-06
1.97018e-05
2.04167e-05
2.2053e-05
4.58784e-06
2.20312e-05
4.53722e-06
2.20854e-05
4.59708e-06
2.20714e-05
2.04758e-05
4.47956e-06
1.97434e-05
4.53628e-06
1.49629e-05
8.2094e-06
2.26174e-06
2.12167e-06
1.36008e-05
9.31454e-06
2.2913e-06
4.48086e-06
2.02764e-05
1.85889e-05
4.49617e-06
2.17329e-05
2.0332e-05
4.40677e-06
2.20266e-06
7.74658e-06
1.27538e-05
1.46525e-05
2.04745e-06
9.045e-06
2.21551e-06
2.68843e-06
1.89905e-05
1.66969e-05
1.00903e-05
2.58494e-06
1.20108e-05
2.51676e-06
1.75585e-05
2.57105e-06
1.49328e-05
9.61425e-06
2.44953e-06
1.1474e-05
2.38929e-06
1.93888e-07
2.3103e-09
8.84215e-09
9.09008e-08
1.78146e-08
0.000416368
0.00017517
5.16011e-07
7.4295e-07
2.45273e-08
2.77315e-09
1.39242e-09
9.50777e-08
1.0468e-06
4.97675e-08
7.29849e-09
5.44731e-05
4.21348e-06
1.05731e-05
0.000323117
4.14209e-05
8.85547e-06
3.92763e-06
6.6682e-05
8.20394e-06
2.09515e-05
2.94371e-06
4.76231e-06
2.23534e-06
1.95142e-06
300.897
306.982
77.7054
292.01
212.039
307.569
116.126
162.677
281.616
304.376
293.809
277.893
287.44
293.262
284.536
325.814
321.094
331.2
312.001
301.64
302.478
298.765
300.048
301.289
311.84
287.093
255.542
256.387
281.697
182.244
210.168
179.329
264.463
269.341
257.206
254.719
311.813
324.875
326.834
288.412
222.503
249.059
272.28
255.386
197.258
163.686
127.579
271.486
252.548
228.066
135.514
132.267
75.1282
226.026
174.507
171.814
226.71
82.5897
36.9487
62.2301
214.995
122.953
157.236
183.894
1025.44
316.163
1223
287.772
323.841
1348.91
475.771
1346.79
1132.47
492.997
313.062
484.784
334.282
380.432
508.53
286.435
443.025
315.697
391.106
359.023
466.308
546.016
511.938
392.32
373.056
511.861
404.248
561.635
380.98
389.315
529.266
404.175
394.203
367.303
481.122
549.327
392.958
518.284
375.881
489.701
399.557
563.956
376.888
404.221
383.679
527.944
541.881
1290
490.496
493.289
1336.95
552.55
1277.29
556.793
503.067
1339.37
1285.85
504.519
565.027
1275.55
352.749
372.115
434.708
379.793
385.52
454.575
354.885
386.04
381.755
386.642
356.83
377.1
456.186
355.734
1030.13
304.04
298.351
442.608
221.16
456.092
225.439
275.317
304.188
275.423
222.985
182.091
227.419
185.193
302.879
306.58
284.077
275.344
301.172
332.17
316.521
312.272
284.022
289.472
341.283
314.409
336.073
324.733
292.721
298.076
301.256
332.807
314.655
326.162
326.162
297.833
294.395
321.22
282.071
308.057
328.194
320.084
466.099
1138.53
458.847
1137.68
456.491
464.601
1214.85
462.251
1134.94
469.54
472.412
1218.17
478.311
1210.41
322.964
314.026
323.166
312.063
333.611
337.333
334.952
316.163
326.158
324.459
339.37
337.845
337.766
336.12
305.893
271.498
274.051
304.953
267.848
268.502
308.284
299.744
270.932
265.651
302.789
264.026
267.032
301.949
284.972
283.205
271.653
280.071
268.583
271.126
278.792
279.036
286.008
287.546
281.859
271.92
273.716
281.108
455.977
1034.52
455.262
447.326
868.444
444.126
888.897
302.503
316.286
301.29
295.777
305.124
307.249
294.427
459.037
1024.45
465.623
449.771
871.646
886.046
453.649
304.38
318.886
317.483
297.23
307.589
308.332
297.002
300.135
259.289
243.925
231.979
263.237
295.702
256.902
300.889
262.964
232.21
249.894
263.705
301.504
257.093
272.112
261.576
223.432
233.359
265.44
268.73
233.654
273.361
265.276
234.918
226.754
267.297
271.141
234.794
411.203
674.089
474.357
310.881
692.428
408.558
320.39
280.077
266.337
213.596
195.008
274.269
275.202
225.202
281.286
269.16
196.07
217.014
275.38
277.914
226.415
409.437
664.931
301.111
472.159
398.97
692.353
318.837
515.403
302.693
324.898
313.534
1170.06
353.61
1326.42
1123.43
397.738
295.781
319.925
344.434
363.978
381.123
298.053
394.412
331.201
440.212
387.549
443.429
360.046
358.704
374.865
338.952
432.666
391.719
436.731
350.139
353.679
335.557
367.075
524.458
1347.38
540.292
509.632
1289.57
508.096
1270.93
420.95
378.524
386.248
364.1
363.109
373.598
364.088
353.489
317.811
325.584
369.329
350.276
353.239
325.549
326.042
333.285
339.952
348.064
360.661
339.269
325.303
468.739
85.55
188.538
289.365
199.522
998.509
354.793
288.892
340.575
321.85
312.489
333.833
338.107
310.636
290.682
312.383
304.87
325.882
311.233
310.561
326.676
1238.65
524.807
518.212
1292.44
517.82
516.879
1232.79
504.356
1089.74
1217.66
484.772
500.752
491.424
1194.23
362.675
351.922
357.74
373.412
370.757
357.302
363.719
343.53
334.987
323.346
344.183
346.703
342.456
352.679
314.075
306.773
319.683
316.745
329.5
327.149
313.115
363.266
304.189
358.684
314.289
347.698
348.735
311.188
278.296
318.205
334.202
275.114
318.928
328.384
283.852
935.58
1070.06
527.743
518.104
1028.2
514.05
1147.44
339.673
337.922
349.205
359.006
347.805
346.283
357.248
948.664
478.453
490.119
833.329
457.644
452.526
770.708
348.575
300.694
348.619
324.101
258.434
291.567
283.437
232.451
210.606
181.416
263.539
300.889
287.908
255.159
768.58
872.149
490.822
428.285
575.165
376.735
684.316
247.254
415.385
287.141
630.535
396.851
369.334
564.298
75.8109
148.509
134.451
254.154
175.372
195.442
227.766
121.171
277.645
190.562
321.468
372.215
252.101
477.82
206.731
0.00494213
238.269
342.146
321.511
327.181
323.028
17.7133
118.004
333.772
330.441
324.237
323.18
330.923
327.792
324.425
335.157
352.728
343.615
345.268
338.59
326.802
323.378
0.00242697
88.0401
122.472
0.00745324
3.69936e-05
0.993402
0.000266433
242.746
306.756
191.134
306.208
286.2
282.511
183.868
294.526
303.163
322.243
298.423
245.42
237.079
299.964
227.151
300.708
306.828
272.907
141.508
167.6
253.185
325.447
263.474
285.191
188.071
218.813
291.744
272.067
231.23
47.458
147.324
42.0895
138.08
223.445
110.27
128.691
30.4083
8.81817
73.886
68.3206
27.481
7.44704
90.2162
31.346
118.881
206.133
70.1242
93.9463
177.568
108.838
39.8319
56.4726
13.2555
21.2141
4.90025
2.24289
26.5359
3.61726
0.0600585
2.82265
0.0449599
23.1147
0.770678
0.01886
0.00309772
0.0232912
1.3202
0.180956
1.08245
0.144345
0.510087
1.5175
0.0228528
8.61034
16.4775
0.426297
0.159238
0.000513491
0.0013604
0.0113829
0.304659
0.670294
0.0840947
0.0332181
0.118793
0.0142092
0.0210668
0.0817985
0.0879431
0.00327134
33.9511
1.27679e-08
93.9114
102.508
285.324
0.00036886
37.6787
258.697
14.7687
325.566
291.807
321.563
272.001
263.471
218.871
187.964
2.34535e-06
4.3281e-06
0.000175135
1213.54
993.22
482.378
354.204
299.084
320.898
308.175
167.232
265.624
332.54
577.023
391.625
285.486
278.204
282.713
177.998
300.269
300.561
345.959
306.414
161.694
258.964
320.107
1316.4
368.226
1223.86
901.599
299.499
292.981
357.475
340.216
375.68
324.514
296.48
351.444
338.61
292.392
264.641
221.674
170.738
22.6318
7.40941
0.0229249
0.0103061
0.0117132
0.00193137
321.029
89.9349
0.00755145
0.00137232
54.9591
0.0161138
379.786
187.085
7.62215
82.2672
0.00448238
0.78595
22.26
0.000625542
166.436
315.854
161.202
1.0445
24.294
0.00102592
4.46534
85.831
0.000645222
224.649
171.728
164.357
86.2738
126.029
25.196
0.505316
25.155
2.80513e-05
1.17871
1.57313e-05
0.0831118
1.04415e-06
5.83359
1.95397
2.17156e-05
0.00106867
1.3507e-06
0.000384025
3.09468e-07
5.11265e-07
1.27942e-06
4.44988e-08
3.47436e-07
1.6829e-08
2.35183e-08
7.36682e-10
770.365
1213.67
560.742
311.425
319.629
329.991
327.94
0.115756
128.146
474.721
887.713
425.897
316.161
278.876
302.211
275.207
303.128
268.461
296.131
322.786
343.432
294.329
323.451
335.882
242.247
200.648
83.1108
1193.78
309.808
328.455
1209.55
884.884
324.595
304.582
3986.8
460.801
400.571
392.188
336.359
354.352
353.152
284.644
352.673
331.069
327.141
273.649
337.932
318.765
235.235
307.841
258.668
318.642
330.706
264.313
263.75
531.156
889.948
534.417
438.922
722.166
553.551
436.899
662.505
1462.87
1331.55
763.74
1088.85
762.265
797.434
529.435
807.558
453.91
424.646
665.715
566.929
415.489
367.474
393.702
374.55
477.671
547.894
485.072
517.682
1483.32
3094.5
2818.55
1891.33
1778.86
2365.4
1656.48
1151.3
2041.35
1329.83
959.522
878.62
1869.9
1263.71
1154.26
2028.39
1261.48
980.525
1253.91
1794.14
881.301
1046.49
1198.25
726.97
776.613
1063.16
1021.22
683.219
411.149
351.848
353.342
331.952
406.111
334.849
312.121
422.884
375.842
366.508
344.254
420.691
337.273
323.538
381.18
467.056
416.992
466.609
428.29
543.839
400.725
322.453
374.709
364.874
343.016
355.846
419.797
417.515
296.475
269.661
334.158
340.464
276.343
341.723
292.503
379.025
352.282
370.893
432.827
385.041
453.134
380.129
302.385
331.878
301.163
283.784
323.111
306.194
275.368
340.922
289.474
312.719
311.907
314.457
335.612
284.011
293.122
333.185
301.467
298.29
315.181
286.698
326.728
294.072
308.165
287.501
327.851
282.104
320.62
297.582
320.858
338.339
164.137
250.073
339.37
227.826
310.154
492.8
1339.93
513.578
1284.84
484.497
480.292
1263.28
355.142
365.597
364.279
408.171
379.16
351.706
353.373
365.416
351.205
378.672
354.8
363.323
407.023
375.427
305.218
315.779
131.786
57.1276
201.236
507.946
255.779
306.935
275.715
293.676
319.141
279.53
314.857
289.844
326.869
340.675
319.993
294.38
328.334
327.357
300.11
309.958
344.202
332.072
302.948
318.467
324.851
310.409
288.787
314.329
318.247
306.344
292.922
319.02
275.338
321.534
340.16
295.514
311.671
337.538
288.658
333.694
346.234
320.311
348.055
307.811
342.557
290.685
346.313
319.296
284.302
304.126
315.266
287.916
299.922
303.507
289.219
57.9286
203.432
72.8345
157.097
231.324
231.701
458.21
1222.79
1136.62
463.812
465.126
455.754
1138.47
305.114
298.654
326.345
312.099
291.203
327.346
312.551
314.705
287.5
299.264
298.643
303.775
284.129
318.524
334.596
322.928
311.697
336.86
333.992
332.895
313.69
1131.3
471.84
461.65
468.98
1217.33
477.734
1133.97
326.158
336.18
324.343
339.603
316.201
315.76
338.045
334.364
334.65
320.049
311.411
340.025
339.915
309.196
1.13534
0.0565479
0.476257
197.025
166.235
171.47
202.162
271.742
245.968
238.803
249.65
251.732
267.481
252.386
301.5
263.807
266.609
297.798
270.627
299.197
265.483
278.605
270.823
279.808
282.862
275.071
271.55
284.692
268.415
267.75
307.981
274.17
303.521
305.495
271.345
281.767
271.832
281.019
279.226
287.555
285.855
275.379
484.037
1281.31
483.851
1153.65
490.922
484.258
1223.45
329.426
317.198
334.901
335.373
333.725
322.219
343.56
357.178
343.263
357.825
350.262
338.162
343.44
351.506
1079.74
1187.05
476.814
465.692
1214.31
469.74
1120.44
335.331
322.052
333.411
329.311
316.923
339.962
334.357
484.417
1089.4
504.158
1217.03
491.021
1122.82
500.677
336.892
347.428
348.371
341.596
327.995
320.591
345.267
345.618
341.923
330.853
348.595
347.626
328.171
337.012
470.527
1119.68
466.04
477.256
1078.84
474.937
1186.06
313.806
292.443
298.352
311.053
296.206
299.528
315.321
289.416
326.568
323.999
338.035
292.703
292.905
334.268
346.797
343.433
334.943
323.398
344.357
342.639
331.132
282.807
265.14
297.558
282.728
247.379
264.628
258.581
338.227
293.188
334.448
324.465
286.024
326.93
290.087
299.753
311.208
315.446
314.101
292.813
298.806
308.405
322.45
323.839
322.907
330.053
327.115
330.861
324.994
281.706
285.182
273.601
271.62
283.131
288.924
275.598
283.967
275.131
318.809
317.958
289.387
278.231
334.228
275.822
282.036
296.398
271.77
283.28
273.892
285.389
446.518
867.849
443.542
455.409
1033.44
454.53
1025.13
270.271
310.275
315.949
306.872
267.024
304.794
268.406
305.106
316.112
316.123
307.109
295.556
301.112
302.223
449.169
870.745
453.161
1028.89
458.433
465.071
1023.46
293.216
277.919
287.374
293.836
292.339
281.831
304.373
307.41
317.256
308.061
297.043
296.885
304.262
304.122
302.791
262.139
304.212
291.069
262.841
288.123
263.722
268.796
275.629
316.265
267.266
307.259
310.652
270.647
338.566
326.2
333.534
325.504
331.506
346.808
333.939
342.592
351.573
350.626
337.634
352.68
351.626
342.62
201.882
202.586
201.008
114.606
111.371
100.071
104.237
1009.2
1134.96
486.719
901.868
478.047
1047.76
493.138
299.862
263.798
310.099
256.993
309.283
312.715
244.152
331.566
325.595
346.796
334.001
333.708
326.312
345.99
29.6627
11.3102
4.7501
98.0564
165.586
3.56505
0.142518
0.0564851
45.048
4.50192
138.766
0.00123062
9.61109e-05
25.6336
344.929
316.948
338.414
333.927
322.961
338.173
331.012
310.016
244.105
312.635
256.917
309.159
299.7
265.507
333.952
338.458
345.044
322.941
331.081
335.948
317.008
460.69
933.304
464.018
822.132
440.133
426.334
745.868
306.676
323.475
312.639
302.558
296.706
294.237
290.658
1047.47
478.138
493.177
486.869
1008.48
482.506
1134.21
452.45
832.743
457.39
478.146
948.344
997.905
490.072
463.776
745.475
933.717
821.824
439.693
460.334
993.508
312.534
294.129
296.668
290.51
302.508
320.908
306.576
325.679
298.679
307.427
302.379
301.518
311.945
320.993
329.996
248.63
287.788
287.976
330.165
296.619
342.728
248.925
288.056
257.286
288.232
300.209
300.392
315.259
286.715
274.482
265.112
231.001
237.54
291.352
279.946
238.072
280.313
291.583
287.061
300.79
265.575
274.873
263.585
298.811
325.886
318.913
254.955
229.804
279.18
280.843
182.215
190.839
305.857
285.98
236.414
304.949
230.538
279.613
319.291
283.184
326.197
299.35
264.139
187.192
201.377
196.98
90.9463
104.248
90.9507
76.1058
320.768
298.039
302.959
321.7
297.978
245.155
234.993
255.258
220.024
289.271
269.207
165.384
240.599
178.701
257.291
203.687
264.274
167.928
242.323
248.011
168.34
349.208
295.404
334.603
311.432
250.86
310.117
344.112
298.482
253.428
231.893
298.57
306.491
336.45
329.992
59.0508
54.476
165.397
195.111
191.402
80.8138
85.5671
361.869
757.17
443.743
757.195
921.045
443.861
485.198
457.467
640.37
843.006
718.392
425.605
506.902
325.411
314.173
255.563
280.728
321.054
287.594
180.591
214.473
314.244
287.616
280.774
264.801
255.778
214.619
180.87
312.996
275.382
259.899
230.865
295.93
285.785
205.887
223.549
269.391
303.389
295.022
135.726
246.866
200.701
315.34
217.814
305.966
279.446
174.094
306
217.839
251.011
334.671
311.512
344.111
349.24
332.595
295.522
315.976
286.02
206.347
296.151
313.136
275.682
260.232
294.959
246.768
269.385
135.63
164.09
223.517
303.353
326.321
718.661
426.011
842.875
457.705
392.219
641.136
249.94
190.96
265.971
242.992
119.235
153.52
219.16
7.99828e-07
1.42794e-06
4.5157e-07
0.0127969
0.0281174
0.000519807
0.00228252
172.2
87.1817
175.254
181.171
91.5214
244.913
252.638
171.616
252.316
174.992
244.482
180.96
86.6739
91.1159
217.933
390.03
268.704
610.762
379.219
341.922
529.299
130.438
32.1781
45.0573
152.086
182.661
70.6696
55.7285
70.661
152.096
182.7
166.24
130.444
55.7213
32.1749
7.04427e-07
4.46835e-06
1.4528e-06
0.0103565
0.000713763
0.00223354
0.00103908
88.1406
187.452
164.49
82.7703
172.797
244.279
272.82
272.273
177.077
163.68
172.45
243.811
82.1897
87.553
25.1742
1.29539
27.0131
19.1869
0.815133
0.69255
21.1037
8.11154e-07
0.000193841
0.742993
26.5845
0.00344651
8.12438e-07
0.000201385
0.184409
0.035283
1.23458e-06
0.00439773
35.3959
0.000680916
1.28188e-06
108.952
117.907
231.082
47.4446
147.225
41.3298
136.447
120.124
54.3588
112.581
156.544
145.452
225.885
205.713
116.047
117.312
59.8467
148.604
151.879
207.535
211.438
301.89
179.21
235.353
165.054
224.178
142.592
86.2244
171.958
142.908
225.891
131.625
82.0209
56.7483
248.292
181.505
259.447
178.79
100.383
181.605
259.06
317.953
248.016
225.621
171.785
142.753
56.5135
81.694
131.197
291.057
212.537
243.807
165.295
132.166
150.23
75.1852
271.586
208.726
96.8664
152.826
227.771
114.432
52.9325
30.1395
67.2363
7.21751
26.7425
8.75756
73.6614
120.794
114.483
53.0227
152.991
271.655
96.9923
208.896
164.43
0.832792
15.2667
21.2916
15.2725
0.255701
0.476715
10.0604
291.225
244.089
150.669
75.4995
224.934
212.927
132.531
206.117
70.0089
177.436
31.3373
118.882
90.0975
17.6611
204.998
71.968
171.844
38.0099
122.595
91.475
20.5297
229.661
204.566
124.585
380.065
244.232
559.826
353.049
202.226
65.4644
90.996
15.5564
84.4203
29.5974
115.193
7.73145e-07
2.54906e-07
5.34346e-05
0.00596153
6.36339e-06
0.385428
0.235205
243.908
559.364
352.539
353.284
228.777
204.043
124.053
103.409
28.8837
50.0325
139.661
108.31
201.157
171.332
91.0747
115.351
202.316
65.5929
170.941
84.6478
15.6346
35.5303
17.849
65.9863
118.527
200.116
163.879
85.4032
99.7179
17.7687
62.0238
6.02006
99.7293
37.0421
17.7716
0.0933535
5.52392
4.6542
11.4434
0.370124
0.306919
13.0216
36.6217
54.262
1.8693
4.49825
11.7472
19.979
105.552
79.6477
225.943
151.179
300.965
198.772
281.778
423.819
19.9776
54.2848
105.56
36.6669
83.14
11.7545
1.87435
1.20562e-06
9.48866e-08
2.8684e-08
6.88203e-07
1.17143e-07
0.00400635
0.000123089
13.2604
0.812617
12.9397
76.9738
19.1627
72.6073
18.5521
91.4219
21.4313
85.7245
21.2802
22.117
1.32903
1.312
14.9239
16.0572
1.18732
76.7511
80.0185
21.1272
23.0094
90.1501
94.9855
26.6695
24.1541
1.71985
26.549
2.0238
0.0248881
1.47886
3.06752
8.44914
0.0993012
0.200906
4.95147
0.200642
3.0653
8.44365
0.0992398
4.94948
1.47842
0.0248797
5.37857
2.03163
41.1771
7.43285
3.03743
0.16782
0.109961
10.6078
69.133
124.471
53.6024
0.71267
19.137
6.34196
82.7615
41.1546
135.273
54.379
0.802428
20.6516
5.96294
32.0027
94.2263
171.993
79.2835
22.6648
2.652
25.5072
60.4321
21.5843
10.1878
10.1492
21.4976
0.357142
1.32401
94.0262
89.8141
31.9402
22.5475
78.9674
2.63223
25.3538
161.909
59.3135
16.3619
28.8476
86.3576
1.53223
16.3323
35.9307
72.6498
4.57823
47.8814
0.514868
15.9497
11.2491
41.6564
5.72807
7.55038
2.21148
3.11547
0.171545
0.118896
0.74279
0.989564
26.4943
3.61396
2.72459
0.0599138
0.0432041
0.0180032
1.2977
0.138722
1.03157
0.17924
0.00306832
0.0023303
17.7906
0.454285
4.57013
25.6125
0.0659108
4.54422
0.869246
40.3521
213.436
129.884
82.0914
13.2279
40.2023
3.86025
11.8737
0.731599
0.188497
70.0355
45.7083
18.079
7.94447
72.86
0.520726
16.0678
36.0568
126.282
48.098
4.61996
31.7742
7.49612
0.445526
58.7593
14.6084
114.051
46.9139
4.56046
0.0661894
0.870604
17.8355
54.9975
4.57711
0.456194
2.72765
22.6358
26.496
0.989722
3.61704
0.0599658
0.0432674
23.1362
2.83075
0.771777
0.996585
3.63547
0.0603791
0.0450756
3.23131
4.02279
40.4653
23.1055
0.0238974
1.03562
1.23025
2.12453
50.7002
23.792
176.671
107.831
71.2464
34.6001
1.36029
15.4721
7.43709
0.414978
0.131552
0.0204675
0.00609716
15.4485
0.130875
0.384449
0.0060513
0.411729
1.35469
0.0203752
0.47617
0.00147445
0.0989173
0.0335799
1.99644
0.476304
0.00755378
0.970162
0.0768566
0.0190631
2.89034
38.2491
20.3879
0.831075
0.000656165
0.000726986
0.0308345
0.0189821
0.0165562
0.00036771
0.00042784
0.000615569
0.0263941
0.0303085
0.0184676
0.0155155
0.000415309
0.000343775
0.00414062
0.0274918
0.0759844
0.255461
0.605818
0.000426385
0.00122879
0.000427878
0.0103038
0.0760726
0.605706
0.255711
0.00414529
0.0275753
0.0216933
0.000273431
0.000489755
0.00632614
0.0117064
0.000249813
0.000127332
0.508409
0.556293
0.0230634
0.000449303
0.00965287
0.000426393
0.0101687
7.91652
0.00392811
0.0181406
0.0181364
1.03693
0.185039
0.200788
0.0232202
0.000779422
0.0264035
1.16743
1.19021
0.0330781
0.0293028
0.0345118
0.00113152
0.0389363
1.53679
1.78977
0.0435624
0.0500101
2.82117
0.00121101
0.0667643
0.0303152
1.78128
0.0488425
1.1711
0.0227894
0.000853347
0.0183351
15.8771
1.11306
0.0498464
1.41454
3.20444
1.61534
1.60799
0.0358528
0.0729413
0.00161824
0.0732222
2.83097
25.2902
0.067241
0.0306064
0.0490081
1.79962
0.0012186
0.413477
0.00540281
0.0206683
0.00541699
0.412315
0.0883373
0.000290727
0.0267205
0.00108743
0.0749436
0.00751451
0.000113042
0.0031902
0.233457
0.000224176
0.000430319
0.0189522
0.00523377
0.0103705
0.000224267
0.000108769
0.380867
0.0163441
0.401117
0.000264359
0.00763375
0.0065515
0.000333122
8.27851e-05
9.2185e-08
1.14983e-07
0.000125163
9.50497e-08
1.18545e-07
1.26074e-08
0.0230622
0.00566868
0.000151766
1.15026
0.305654
0.00748717
0.0301212
0.00640345
0.0717309
0.000173437
9.48854e-05
0.00090245
0.0117368
1.31907e-05
0.00283999
0.000247738
0.0117002
0.0118388
0.660775
6.13041
0.133734
0.00806914
0.00186891
0.00681095
0.000139987
4.69925e-05
0.000168319
3.84244e-05
0.00177186
0.00785763
0.00640865
4.68769e-05
0.000163406
0.000131409
3.73612e-05
0.00414145
0.00620657
0.276251
0.00540006
9.08846e-05
0.00354038
0.000137966
0.000626406
0.000982662
0.0551117
0.00301003
3.58018e-05
0.00194396
5.59832e-05
0.00629395
0.197171
0.280735
0.00549788
9.65493e-05
0.00379139
0.000140157
0.0385822
0.0010079
0.0566867
0.00307929
3.94919e-05
5.86072e-05
0.00210084
0.00759407
0.00321457
0.00011563
1.96731
0.0757225
0.0269164
0.00109949
0.0296325
3.29978
0.883796
0.000404317
0.0389156
0.011314
0.00129859
0.328362
0.0133225
0.00321118
0.000247195
0.00133048
0.00570069
5.7254e-05
0.109843
0.00479583
0.155938
0.00256825
6.21058e-05
8.99285e-05
0.00179508
0.0157487
1.70943e-05
0.000969119
1.2307e-05
0.000694269
0.000264056
0.000193607
0.0011691
0.245476
0.0557244
11.6671
3.37043
0.35045
0.0755152
1.41196e-05
0.000174555
0.000907008
0.0117558
0.071863
0.00107136
0.00643093
0.00221345
0.00115449
0.00448999
8.81052e-05
1.08259e-05
2.31314e-05
4.16293e-05
0.0117199
0.000263658
0.0157532
0.000970149
1.23586e-05
1.69543e-05
0.000695508
0.00484734
0.115012
0.157179
0.00258962
6.5219e-05
0.00187891
9.09084e-05
0.0121767
0.000265564
0.0158738
0.000977119
1.27494e-05
0.000724485
1.70396e-05
138.701
7.39504
26.385
6.37205
71.4919
0.00405314
0.0103807
0.00856254
3.8121e-05
107.993
11.4152
88.4196
0.00239922
0.00532184
6.02864e-05
3.04667e-05
128.689
203.379
1.72875
201.882
1.58499
0.691679
0.741158
201.093
200.039
249.87
80.4415
7.13709
7.216
193.71
0.0932702
0.326483
191.47
0.00233096
0.00242585
202.678
199.928
200.6
119.043
121.207
118.831
120.99
0.191194
118.129
41.3606
124.11
294.728
121.536
320.739
200.352
199.855
200.011
118.69
118.688
121.19
116.383
203.606
204.315
203.084
115.339
102.326
113.816
105.125
202.68
201.91
202.185
114.626
100.068
104.272
111.359
148.11
0.0591439
142.038
0.138256
237.019
0.184212
0.0724665
112.996
140.937
0.0262996
3.31797
135.866
0.0832786
0.00661405
323.179
300.088
322.525
303.405
298.731
245.705
237.242
321.759
298.003
302.937
292.407
298.041
245.204
235.072
196.129
167.495
172.305
82.7253
86.4035
59.6094
55.8034
195.208
165.414
171.512
80.8085
85.595
59.0651
54.4703
29.8137
31.1661
1.71213
1.53627
29.4923
1.57659
31.025
29.8233
1.72661
1.44738
29.8174
1.5856
31.2218
28.4265
263.895
17.6539
311.81
331.05
182.218
330.539
183.882
344.37
293.322
340.624
335.145
340.597
335.039
309.684
318.934
320.271
314.622
341.269
338.438
335.44
310.084
319.296
322.609
0.0298033
0.11846
1.21309
136.329
167.522
203.419
204.335
291.285
262.989
288.312
302.918
262.237
304.352
264.402
327.966
327.245
330.368
323.95
322.401
322.902
325.043
328.021
333.836
331
324.404
324.513
323.393
327.253
265.742
263.789
289
303.417
264.083
265.059
306.204
203.091
203.609
203.38
115.349
113.82
105.152
102.337
205.7
193.559
201.22
97.4177
108.836
94.9371
81.5794
305.873
236.429
280.807
190.821
285.94
304.959
242.254
306.311
191.21
282.558
238.26
286.332
242.782
306.791
172.327
59.6399
196.132
193.715
86.4409
82.7453
55.8258
1.13438
19.1773
25.1644
27.0197
0.815078
21.1101
1.29564
27.2936
20.0549
1.21349
0.837987
26.2123
21.4663
1.31847
137.741
149.474
159.734
53.2925
42.6883
45.5027
50.7195
135.434
153.059
147.509
49.2266
45.1908
53.7264
41.3495
26.212
1.31863
27.2986
0.839086
21.483
20.062
0.741531
155.95
172.463
186.738
73.8509
35.1626
47.2972
59.9989
133.103
42.2429
40.2452
149.099
159.312
53.0575
50.4777
131.391
42.2825
38.9792
151.695
146.318
48.4743
52.9052
231.411
110.323
223.524
147.549
42.1536
138.198
47.5819
108.982
136.53
221.699
117.908
231.068
147.264
47.4656
225.089
134.883
234.648
154.06
52.1096
143.747
59.4575
50.6597
141.598
222.522
134.085
233.866
153.528
59.0632
0.590776
0.958626
23.2283
16.6578
0.309093
0.540454
11.6221
104.972
70.54
69.5138
25.943
24.1782
9.9716
10.3989
73.9246
122.451
68.3272
30.4019
7.44818
27.4708
8.82632
178.408
264.333
189.875
65.5954
88.427
58.3624
97.0423
90.1171
116.537
128.004
35.8313
13.1549
29.6826
16.6574
26.7369
67.2347
120.786
128.15
73.6578
30.1423
8.75752
111.727
105.073
67.6164
25.4564
24.3203
9.79451
9.39027
0.306584
4.65295
11.4398
0.370067
13.0269
5.52546
0.115725
12.0009
0.38
13.2786
5.633
0.0985194
4.88211
0.11829
169.114
52.9839
80.5491
261.768
188.293
64.6592
95.4003
77.7511
27.9546
12.2912
89.1947
126.848
35.2421
16.3317
5.63993
0.380634
13.2937
12.0094
0.0986244
0.326802
4.88646
91.1863
194.635
135.583
33.9511
55.6564
14.6129
28.1007
57.5431
32.8589
56.6672
16.5665
6.3795
6.3179
1.88141
9.24301
0.119141
0.0630684
1.76908
0.224586
3.39456
5.78173
3.01461
2.95849
0.063199
4.80946
0.108015
0.101849
4.70544
4.86705
3.33227
0.110409
0.0703894
0.104205
3.48059
4.76666
2.76287
0.0716479
0.0571193
4.31971
0.122209
0.0953656
5.21586
4.46385
3.77266
0.127346
0.0652769
0.0992559
5.38221
3.11645
316.081
226.058
296.391
252.518
332.168
347.461
235.027
274.206
253.145
253.292
322.423
295.371
315.707
236.553
260.843
323.741
257.152
265.854
255.266
299.032
320.435
238.434
341.354
269.343
333.543
340.079
329.287
292.357
276.104
343.17
300.058
281.103
271.459
341.951
332.254
293.569
232.67
232.747
229.723
221.439
222.804
226.013
238.793
227.637
241.771
231.913
233.835
221.759
223.64
226.763
271.826
245.865
238.82
249.741
267.477
235.22
251.676
254.734
241.014
254.44
247.36
250.647
268.451
236.24
324.523
61.3706
229.079
167.542
338.686
268.933
351.789
358.375
353.111
337.688
325.742
347.925
355.939
332.555
343.459
362.394
363.539
361.58
347.34
361.741
350.785
347.67
326.857
345.376
343.629
352.747
335.178
342.161
323.375
268.878
315.125
303.243
260.447
312.523
318.01
249.814
344.316
355.533
358.672
341.319
264.442
305.28
321.753
258.026
315.344
322.137
313.822
186.085
226.608
290.375
272.894
227.075
306.805
300.641
141.371
253.078
206.594
280.385
165.565
125.754
105.007
218.396
173.465
240.182
32.7717
33.1623
7.80577
0.17069
0.177723
2.01368
2.00359
31.39
6.31177
30.1815
0.138269
0.128285
1.64972
1.67153
0.180923
5.68721
52.9094
60.7372
0.264149
7.49465
9.49846
1.31955
0.14436
0.0188452
0.00310029
1.0817
0.181159
0.0232801
60.9542
0.267104
5.91021
7.48231
54.0674
7.53765
9.58533
0.0196277
0.00456917
0.0213358
1.07678
1.07204
0.228886
0.234861
25.1678
1.50634
5.19362
0.0235949
0.100891
1.13221
0.276228
0.0243245
0.00477986
0.0204935
1.21913
1.05389
0.251201
0.272005
0.0179908
0.138694
1.03111
1.29777
0.00306876
0.179231
0.0229177
0.0720093
4.24811
8.24011
6.42318
0.225313
0.120695
11.7009
6.64219
10.1056
0.2403
0.0925728
0.126579
5.20145
12.2018
0.00600001
1.37153
0.327103
2.16249
0.00937938
0.0423809
0.507457
2.23827
0.361413
0.00967991
0.0294665
0.0439408
1.53883
0.52373
11.4837
77.4137
44.6349
0.809421
0.238185
3.02283
7.86184
0.00493629
0.0495665
0.0242578
1.6516
3.69699
0.351276
0.909357
0.00997824
0.000536652
0.00231381
0.532745
0.131401
0.133169
0.0312664
0.000487643
4.86966e-05
0.000584304
0.00257224
0.00217403
0.0279282
0.0307809
0.000705718
5.90329e-05
0.00066844
0.00318519
0.00320849
0.0363883
0.0372647
0.000338934
6.90489e-06
7.64069e-05
0.000386015
0.00171983
0.0192881
0.00452874
0.0158227
1.88361e-05
0.000973497
0.000202688
1.46349e-05
0.000724339
0.0121605
0.0489915
0.000346528
0.0131542
2.59303e-05
0.000791311
0.000214047
7.76996e-06
0.000436902
0.00184426
0.00401358
8.07201e-05
1.16266e-05
3.73251e-05
2.3307e-05
0.00103761
8.07285e-05
0.00184289
0.000436713
3.72817e-05
2.32058e-05
1.15555e-05
0.00010597
3.38044e-06
7.40206e-06
0.000115062
0.000362319
0.00658942
0.00234959
0.00594406
3.06383e-05
2.82678e-06
9.40251e-05
6.44979e-06
0.000323074
9.53007e-05
3.88113e-05
0.00185374
2.00028e-06
4.62825e-05
0.00185962
0.00147665
3.8908e-05
9.5619e-05
3.05862e-05
0.00194176
6.40333e-06
0.000324521
9.46172e-05
2.74959e-06
0.00312338
0.000100763
4.482e-05
0.00132033
0.00058629
0.0427534
0.117363
1.5665e-06
0.000476942
0.000732413
0.000230608
2.18824e-05
8.6111e-06
1.2235e-05
0.000546673
2.58889e-06
1.59438e-05
0.0303855
0.000724172
3.58029e-05
0.00138031
0.000631983
2.48068e-06
2.66487e-05
0.00130272
0.000672013
0.0350246
2.90543e-05
0.000472792
1.50326e-06
8.42888e-06
0.000229247
0.000730142
0.016018
1.21405e-05
1.68234e-05
7.51573e-05
7.53649e-05
3.35467e-07
0.00119419
4.36761e-06
1.31228e-06
2.31498e-05
0.000576418
0.00012313
3.34075e-06
1.09392e-05
3.34709e-06
1.57228e-06
5.78319e-06
5.88768e-07
1.62973e-05
3.29479e-07
1.95637e-06
4.53385e-05
9.7351e-07
2.09945e-05
8.24118e-06
6.67723e-05
2.24785e-06
4.77337e-06
2.9663e-06
1.97637e-06
3.05691e-06
7.60485e-06
0.000200138
6.15442e-06
0.00212625
3.62856e-05
3.87735e-06
1.61101e-06
9.50989e-07
4.60494e-05
2.60171e-06
0.000384956
1.69198e-05
1.1892e-06
2.23915e-06
1.35548e-05
1.488e-05
8.13226e-06
2.15859e-06
2.04088e-06
9.25854e-06
4.19418e-05
1.76737e-06
1.24584e-06
8.16624e-07
1.44217e-06
2.22157e-06
2.93154e-05
4.23151e-05
8.28794e-07
1.82457e-06
1.27134e-06
3.06895e-05
1.45767e-06
2.24608e-06
0.00010262
2.92944e-06
2.4013e-06
1.27929e-06
6.66899e-05
3.07296e-06
3.89415e-06
0.00010462
1.31732e-06
3.08455e-06
2.54079e-06
3.17041e-06
7.14383e-05
3.97147e-06
0.000123546
3.11633e-06
3.42621e-06
3.88786e-06
4.4021e-06
1.66921e-06
1.61817e-06
8.75141e-05
3.24473e-06
3.57972e-06
3.95432e-06
4.48086e-06
1.71443e-06
1.66683e-06
763.175
8257.2
492.012
414.91
2590.7
798.526
962.547
544.741
1330.64
1462.25
669.718
753.431
3983.98
798.564
1088.54
2013.06
2311.71
2012.81
133152
8256.5
4352.25
983.184
1131.27
1135.38
474.83
387.332
1968.47
490.211
898.499
806.783
530.638
452.263
424.599
569.338
459.3
662.206
8384.23
1043.78
2157.95
1931.78
132594
10224.1
5231.48
1518.37
691.618
1142.9
1394.02
799.324
3690.04
808.232
1236.48
499.621
505.58
1194.22
380.048
1757.62
498.776
703.659
425.672
469.755
820.558
426.828
580.219
470.132
9276.92
6269.92
6603.81
35372.4
12246.5
25566.6
4841.84
5264.37
3934.65
2053.86
3958.25
3368.16
10912.7
3303.31
1155.59
2020.82
982
1262.17
1794.74
883.299
1252.16
1151.8
965.747
2039
1329.87
880.141
1269.57
1868.9
1046.02
725.571
1198.77
765.777
1020.72
1063.22
682.282
1482.46
2817.08
3094.22
1889.57
1656.39
2364.89
1777.4
4804.44
3209.79
2584.2
1720.9
2774.2
2350.53
6532.19
6083.75
4288.97
4289.6
2088.45
2946.95
7909.34
2947.07
4804.79
3210.57
2586.14
1720.16
6532.59
2350.7
2774.37
28289.8
72500.3
72500.3
58802.2
49296
49512.3
49296.1
9277.38
6602.46
6270.23
35372.2
4841.84
25566.9
12247.4
7853.74
4261.94
4264.35
22499.8
9292.34
3024.78
9293.51
3005.96
1333.47
1433.66
1332.78
2056.05
1753.75
2054.99
776.788
1433.66
713.419
1105.63
1247.63
655.187
789.927
777.838
717.053
1431.32
1105.45
793.53
1248.06
655.157
589.182
393.042
573.553
394.467
394.313
562.126
577.735
856.289
1639.5
1638.01
949.45
930.244
1576.04
926.272
12485.6
8083.68
6636.88
34410
4469.03
15668.5
13138.5
3390.52
1516.31
1470.26
1447.99
2080.1
2074.17
1849.57
4658.78
3546.51
1848.83
2730.68
3197.7
6623.58
2598.66
4727.78
1830.77
3597.68
2891.89
5624.55
3016.9
2526.06
18709.8
77160.3
104685
80268.8
79113.8
43469.3
29497.2
11512.4
7538.46
5535.86
23933.4
17509.5
16849.5
4536.55
8644.52
3695.21
3576.87
14689
12026.6
12634.2
3212.35
1230.94
1041.78
1409.45
2287.13
913.497
1321.39
1845.25
1217.19
1341.63
2038.93
982.862
1310.07
1841.61
925.086
1055.72
756.194
1159.06
762.788
1146.94
1153.48
720.732
1533.78
3074.46
3121.01
2111.52
1653.62
1763.36
2574.97
826.458
1207.4
744.064
1449.81
710.297
826.248
1354.15
820.842
1170.85
1387.67
723.785
814.722
1359.05
694.449
607.952
402.659
566.563
399.294
585.538
580.073
405.816
893.92
1705.23
1697.93
931.42
903.769
894.523
1576.17
37.732
0.000976545
185.218
9.2054e-05
0.0587158
0.00343299
0.00309003
98.7374
30.283
43.2915
277.046
157.011
412.458
26.8405
7.3602
0.000307984
16.9247
44.1528
245.244
274.386
231.634
141.237
333.829
0.0147067
0.00114019
24.2287
3.7008
13.3884
38.3041
226.208
0.00122444
3.79624
0.000108268
0.436056
314.814
213.89
241.188
201.254
225.919
135.975
119.017
272.628
209.979
208.046
198.643
196.388
116.11
118.808
261.402
178.821
201.688
138.578
156.288
91.135
78.7637
227.327
175.316
172.211
136.28
132.401
75.3098
78.3664
638.485
480.044
318.575
442.154
295.486
191.276
294.144
269.031
163.959
195.977
150.201
183.285
102.577
72.3121
214.993
124.365
157.68
83.9117
116.412
62.5799
37.8381
501.63
389.793
262.221
298.094
202.744
130.474
203.622
105.161
46.0151
121.194
32.9212
3.08593
4.25935
26.7628
8.30438e-05
4.67601
45.2632
9.10709e-07
8.00266e-07
0.000417113
4.49252e-05
9.68678e-06
0.677638
4.96633
3.2887e-07
9.22509e-07
4.85862e-05
5.28053e-06
25.4589
102.677
116.634
43.9529
2.88954
36.696
3.81756
124.692
52.556
143.065
51.8026
5.26429
7.10683
42.9039
25.5128
103.484
100.872
36.4025
3.19879
37.9622
2.90707
42.4975
123.842
121.189
42.4006
5.63144
5.20739
44.0104
36.6065
104.137
101.223
25.6615
3.26951
27.2199
2.9433
44.6751
4.78774
52.368
16.9081
0.383067
0.50327
13.4913
44.554
3.2904
41.9337
12.6644
0.400868
0.345949
13.7858
1353.79
545.928
1504.08
3536.95
1275.94
1263.94
391.718
310.523
505.47
509.635
861.741
424.394
671.416
422.918
538.189
621.106
1474.64
897.241
1405.41
747.698
665.435
1407.37
630.402
1432.94
1281.46
792.326
993.05
770.239
742.224
390.679
358.673
371.352
461.966
545.673
511.184
474.666
1469
3113.03
3016.92
2038.06
2086.63
1547.66
1539.87
1063.5
1882.08
1208.28
934.003
1751.35
831.042
1261.74
1065.56
1841.96
1167.82
943.369
1711
1253.78
846.034
955.576
1097.95
736.45
707.86
1122.65
676.947
1095.68
517.98
1385.67
561.72
560.461
1430.53
626.882
1385.56
333.497
366.77
351.287
329.94
349.702
407.343
401.593
1289.64
492.229
488.918
539.265
1335.68
550.806
1348.36
479.622
1316.5
492.116
1285.17
483.207
511.884
1339.83
54.011
252.306
163.844
76.5443
29.6031
11.2611
134.762
90.8297
309.782
201.814
89.3833
48.7938
20.2208
154.785
18.5267
58.097
87.1458
28.0791
0.377315
13.0508
1.63096
33.7328
77.4586
107.886
33.6201
0.801377
3.17301
16.7861
80.5459
263.98
171.136
59.4363
33.3129
12.8207
108.224
128.464
10.5784
78.8671
32.7729
5.28721
1.54318
64.5943
59.0757
28.3431
87.6244
18.7566
0.395484
1.66819
7.65965
15.3626
1.7941
31.8174
8.30385
0.041845
0.180665
2.63343
4.51801
0.117384
0.00296847
0.157794
0.140298
4.90721
0.103796
6.06151
0.00365783
0.105479
0.143509
0.19073
4.5328
0.13614
1.88437
0.0613378
0.00133066
0.0243245
0.0304567
0.0802551
1.3653
1.27007
0.0656993
0.025809
0.00103953
0.0221417
1.44275
0.0570389
6.39542
0.145821
0.196319
0.110566
0.148024
0.00382965
0.00317064
4.55289
0.158738
0.140907
0.119324
0.104988
0.0029898
0.00346311
17.4186
0.0122734
2.61362
4.02747
0.849332
0.548912
42.989
18.4915
4.21564
0.889991
3.01603
0.629891
0.0132496
0.0644048
2.69503
0.00146409
0.0115463
0.0159612
0.0735849
0.660168
0.0534848
5.99923
1.37795
0.00371569
0.382611
0.0941736
0.296477
17.48
0.676244
0.00644232
0.000506427
0.00249725
0.0111488
0.0290213
0.158225
2.72856
0.0161533
0.0740848
0.0119467
0.0544952
0.00148175
0.000314483
120.356
272.916
285.838
313.919
300.337
438.056
490.357
1076.23
359.174
72.9934
119.22
287.104
315.266
317.857
317.001
357.493
348.641
314.737
311.837
350.167
305.369
364.527
314.443
313.896
329.573
327.561
307.188
319.618
324.835
314.265
1159.36
529.056
520.573
1045.85
517.82
518.48
947.334
359.048
347.81
346.384
337.565
349.158
339.32
344.377
362.521
369.369
319.19
363.508
283.923
323.924
314.488
310.6
319.421
330.134
317.803
278.574
280.195
310.684
328.906
350.977
302.146
351.391
261.13
296.48
304.233
281.884
301.441
311.732
306.934
256.069
256.629
300.232
812.658
959.564
524.6
492.337
662.118
426
818.044
324.097
350.282
344.792
323.943
252.678
275.524
315.352
288.118
324.359
326.992
311.545
223.537
249.099
301.34
709.004
894.489
497.092
474.541
593.408
385.483
784.699
317.392
203.471
214.648
138.421
229.906
242.585
278.47
274.52
116.391
199.262
210.199
196.734
208.188
272.955
416.906
195.2
453.934
483.985
301.916
320.775
648.169
269.069
151.332
102.945
164.356
183.648
196.096
245.852
0.000239664
0.0746907
0.015094
0.000246542
1.54815e-05
4.77756e-06
0.00101272
7.79381e-05
0.00391444
0.0033896
7.80797e-05
3.80591e-06
9.2247e-05
3.44413e-06
9.01434e-05
0.00355359
0.00428134
9.17153e-05
3.51339e-06
3.47434e-06
8.37981e-05
0.0374511
0.000113245
0.00829586
0.000192818
1.06677e-05
4.19092e-06
0.000763756
0.00217117
4.85257e-05
0.00259826
7.52516e-05
4.27618e-06
4.22921e-06
6.89069e-05
0.00235199
4.11484e-05
0.00201786
6.37671e-05
4.55755e-06
4.23905e-06
7.52406e-05
3.77612e-05
0.000353634
0.00167364
3.7877e-05
2.60424e-06
3.26484e-06
9.79069e-06
0.000211173
1.9209e-05
0.000989597
2.99009e-05
1.72417e-06
2.21831e-06
7.4949e-06
1.41447e-06
1.52515e-06
3.62692e-05
9.93021e-06
9.34862e-07
9.55437e-07
7.6349e-07
5.47598e-06
1.42072e-06
3.14968e-06
1.58244e-06
9.79521e-06
5.46527e-06
1.49173e-06
4.99416e-06
1.50305e-06
8.77862e-06
5.32964e-06
1.37197e-06
1.43259e-06
3.11317e-06
4.05848e-07
1.36073e-05
5.90512e-07
4.16153e-06
3.91162e-07
4.50218e-07
5.12132e-07
1.27384e-06
1.0536e-06
2.81434e-05
7.26915e-06
5.66732e-07
6.90141e-07
7.36353e-07
1.92405e-05
2.27687e-06
9.028e-07
9.48905e-07
6.67376e-07
7.24837e-07
7.19204e-07
3.17064e-06
5.7711e-05
2.64464e-05
1.13853e-06
8.1824e-07
8.16247e-07
1.42437e-06
2.87949e-06
2.27323e-05
1.88331e-05
1.54686e-06
1.28889e-06
1.24264e-06
1.63522e-06
7.31345e-05
8.70298e-07
8.33752e-07
2.18466e-06
2.60829e-06
8.14512e-07
7.72276e-07
4.33947e-05
6.45536e-07
5.99473e-07
1.75509e-06
1.23246e-06
5.96964e-07
5.62893e-07
5.31354e-06
1.49777e-06
8.76524e-06
1.35814e-06
4.95671e-06
1.41208e-06
3.0963e-06
1.44433e-06
9.41199e-07
1.43949e-06
9.53499e-07
2.16878e-06
9.36938e-07
9.16784e-07
9.87425e-07
6.55848e-07
1.36814e-06
6.43163e-07
8.90669e-07
6.47886e-07
6.31022e-07
1.32888e-06
1.34896e-07
2.30391e-07
1.73144e-07
1.74124e-07
1.51294e-07
3.90742e-06
9.78702e-07
6.35919e-07
1.28084e-06
6.24102e-07
8.81787e-07
6.2567e-07
6.10592e-07
2.6205e-09
2.35651e-09
2.36358e-09
3.14212e-09
2.37128e-09
2.36102e-09
2.63108e-09
2.98833e-06
1.00663e-06
1.68448e-06
1.06101e-06
1.5078e-06
3.5868e-06
1.05006e-06
3.01572e-06
1.02712e-06
1.69494e-06
1.07439e-06
1.54514e-06
3.55092e-06
1.06555e-06
1.92003e-05
7.19697e-07
7.07025e-07
7.06765e-07
1.00207e-06
1.43194e-06
1.11659e-06
6.56041e-05
1.90271e-06
1.9157e-06
1.92754e-06
3.47494e-06
3.20761e-06
3.04107e-06
7.47413e-07
2.2167e-06
7.77544e-07
7.81915e-07
2.59091e-06
1.21847e-06
7.49389e-07
2.33064e-06
8.06069e-07
2.66455e-06
1.25093e-06
7.70002e-07
1.15622e-06
7.72848e-07
3.78448e-06
1.82636e-05
1.80103e-05
2.55624e-06
2.32757e-06
2.32089e-06
2.57123e-06
1.17239e-06
1.92796e-06
7.40843e-06
6.35236e-07
5.24389e-07
5.46237e-07
5.56566e-07
9.87041e-07
1.72034e-05
8.21236e-07
5.77098e-07
1.34015e-06
5.77269e-07
5.59265e-07
1.05707e-06
6.62759e-07
1.37534e-06
6.4561e-07
8.77777e-07
6.4727e-07
6.3019e-07
3.67502e-06
2.84262e-06
6.84463e-07
6.22099e-07
5.67129e-07
5.56321e-07
6.0415e-07
2.92702e-06
1.18449e-06
1.15233e-06
2.06504e-06
1.31417e-05
1.04345e-06
1.01537e-06
1.68043e-06
1.04777e-06
1.02462e-06
1.03427e-06
1.8801e-06
3.57056e-05
1.76716e-06
7.13812e-07
4.91424e-07
4.7492e-07
4.85868e-07
1.08293e-05
9.16643e-07
6.5404e-07
7.09283e-07
7.05616e-07
6.9487e-07
7.067e-07
2.25606e-05
1.28159e-06
1.02398e-06
1.27414e-06
7.84679e-07
2.34556e-06
8.34339e-07
8.17659e-07
2.68458e-06
1.17265e-06
4.44964e-06
1.242e-05
1.12247e-05
4.40998e-06
8.95605e-06
8.14234e-06
4.44222e-06
1.07788e-06
9.1285e-07
1.10313e-05
3.51294e-06
7.73526e-07
8.17948e-07
8.56857e-07
1.06343e-06
1.09499e-06
2.98065e-06
2.11898e-06
1.32134e-05
1.23254e-06
1.09118e-06
7.42672e-07
4.69449e-07
5.29305e-07
1.15459e-06
4.7598e-07
6.36598e-07
4.86666e-07
1.24393e-06
5.27761e-07
5.9565e-07
5.31638e-07
7.07826e-07
5.38515e-07
8.28029e-07
4.16548e-06
5.6117e-07
5.57872e-07
5.59477e-07
6.74056e-07
5.99741e-07
7.31195e-07
1.04611e-06
4.48957e-07
7.18491e-07
4.44049e-07
5.86784e-07
5.01948e-07
4.39493e-07
5.24805e-07
4.8915e-07
6.55207e-07
4.86048e-07
5.89929e-07
4.9171e-07
4.85956e-07
2.45897e-06
3.25313e-07
4.31711e-07
3.25186e-07
4.13094e-07
3.2861e-07
3.23737e-07
2.89729e-06
2.92409e-06
5.69962e-06
4.33091e-06
2.90149e-06
2.92075e-06
3.57773e-06
3.33407e-07
3.09724e-07
3.09511e-07
3.13325e-07
3.75545e-07
2.38184e-06
4.10647e-07
3.215e-07
3.24528e-07
3.25682e-07
2.40536e-06
3.90067e-07
4.23185e-07
3.21773e-07
4.604e-07
4.561e-07
1.05832e-06
5.14237e-07
4.66189e-07
5.99035e-07
7.30351e-07
3.65737e-06
9.49747e-07
7.99357e-07
9.18678e-07
8.38543e-07
8.43534e-07
1.15444e-05
4.81239e-07
3.53869e-07
3.49292e-07
3.51261e-07
3.53113e-07
3.50922e-07
5.05659e-07
3.27495e-07
1.86375e-07
1.86013e-07
1.85919e-07
2.0123e-07
1.87376e-07
1.89419e-07
4.733e-07
2.55704e-07
2.55269e-07
2.55561e-07
2.75469e-07
2.57907e-07
2.60506e-07
5.58121e-07
4.07732e-07
4.1311e-07
4.10067e-07
4.12725e-07
4.09519e-07
5.48012e-07
4.65261e-07
4.49243e-07
3.8535e-07
3.86071e-07
3.8641e-07
4.9392e-07
4.31098e-07
8.72299e-07
8.43173e-07
7.79781e-07
7.82055e-07
7.81399e-07
8.9069e-07
8.32499e-07
5.4166e-07
4.57887e-07
5.45326e-07
4.57944e-07
5.17291e-07
4.58175e-07
5.74044e-07
9.74594e-07
8.81038e-07
9.53586e-07
8.79959e-07
9.43519e-07
8.80336e-07
9.93314e-07
7.97057e-07
7.74473e-07
7.0405e-07
7.06803e-07
8.28231e-07
7.06106e-07
7.58435e-07
1.05379e-06
9.59045e-07
1.04159e-06
9.57355e-07
1.08728e-06
1.02006e-06
9.5781e-07
6.80754e-07
3.60864e-07
3.6092e-07
3.65388e-07
3.65673e-07
3.61035e-07
3.60525e-07
4.49607e-07
6.67961e-07
4.57241e-07
4.45763e-07
4.46158e-07
4.48644e-07
4.47223e-07
1.51025e-06
1.45191e-06
1.52688e-06
1.45624e-06
1.72942e-06
1.67422e-06
1.45797e-06
6.53073e-07
7.94625e-07
6.58001e-07
6.58315e-07
7.1598e-07
6.67838e-07
6.53332e-07
)
;

boundaryField
{
    ground
    {
        type            calculated;
        value           nonuniform List<scalar> 
338
(
7.33683e-09
0.000685061
6.41364e-06
0.0023735
55.3188
217.161
0.0905569
0.00051199
14.1814
3.3156e-05
1.32188e-07
68.9035
43.4974
170.455
0.00176156
3.84978e-07
4.5771e-07
0.00113779
2.26583e-07
3.22176e-08
113.536
18.6264
3.77163
0.0273032
2.21222
5.94592
0.273281
0.0113636
1.06976
0.046182
0.435385
0.00491383
0.00312319
4.42542e-05
3.3873e-05
2.50203e-05
4.07971e-05
0.00291087
1.342e-07
4.5441e-09
3.32168e-09
0.031218
0.000348908
9.54556e-06
1.7653e-06
0.000127552
0.00291694
1.77888e-05
7.471e-06
0.00033599
1024.45
1346.79
1348.91
1138.53
1134.94
1339.37
1275.55
1285.85
1290
1277.29
1336.95
1025.44
442.608
456.092
1137.68
1214.85
1223
1218.17
1210.41
1132.47
1030.13
886.046
871.646
868.444
888.897
1034.52
674.089
692.428
474.357
472.159
692.353
664.931
1238.65
768.58
1347.38
1123.43
935.58
1289.57
1270.93
1326.42
998.509
415.385
188.538
1292.44
1232.79
1170.06
1089.74
1194.23
1217.66
1070.06
1147.44
1028.2
833.329
770.708
948.664
872.149
684.316
575.165
354.793
564.298
630.535
372.215
477.82
277.645
3.29978
1339.93
1134.96
993.22
559.826
640.37
757.195
1223.86
901.599
1119.68
204.043
82.0914
0.00448238
50.7002
1193.78
1213.67
887.713
745.475
1187.05
770.365
884.884
1209.55
1316.4
1263.28
1284.84
718.661
131.786
390.03
1136.62
1138.47
1222.79
1217.33
1133.97
1131.3
1153.65
1223.45
1281.31
1089.4
1122.82
1217.03
1214.31
1120.44
1079.74
1213.54
1186.06
1078.84
867.849
1025.13
1033.44
1028.89
1023.46
870.745
1009.2
901.868
1047.76
933.304
745.868
822.132
1008.48
1134.21
1047.47
933.717
993.508
821.824
832.743
997.905
948.344
506.902
718.392
843.006
921.045
757.17
577.023
507.946
641.136
842.875
610.762
529.299
315.779
380.065
204.566
354.204
379.786
559.364
353.284
225.943
423.819
300.965
13.2279
82.2672
213.436
176.671
71.2464
7.62215
0.118793
0.00129859
0.0389156
0.245476
11.6671
0.35045
194.635
26.385
0.000100763
0.0495665
249.87
237.019
0.138256
0.184212
264.333
97.0423
88.427
80.5491
95.4003
261.768
138.701
28.1007
55.6564
0.225313
11.7009
8.24011
10.1056
12.2018
0.2403
0.809421
7.86184
77.4137
3.69699
0.909357
0.0103807
0.00132033
0.117363
0.00856254
24.2287
0.000417113
157.011
638.485
98.7374
0.0587158
501.63
141.237
0.0147067
442.154
294.144
480.044
389.793
203.622
298.094
45.2632
0.000976545
8.00266e-07
1504.08
1275.94
1263.94
1385.67
1405.41
1407.37
1474.64
1430.53
1385.56
1353.79
1289.64
1348.36
1335.68
1316.5
1339.83
1285.17
309.782
154.785
48.7938
29.6031
134.762
252.306
128.464
64.5943
5.28721
33.3129
108.224
263.98
4.02747
42.989
2.61362
4.21564
0.0644048
3.01603
0.382611
17.48
1.37795
709.004
1159.36
812.658
300.337
1076.23
947.334
1045.85
662.118
818.044
959.564
894.489
784.699
593.408
453.934
648.169
483.985
1.54815e-05
0.00101272
0.0746907
0.0374511
0.000763756
1.06677e-05
5.7711e-05
1.42437e-06
8.1824e-07
2.30391e-07
3.90742e-06
1.73144e-07
9.18678e-07
1.15444e-05
9.49747e-07
3.86071e-07
4.9392e-07
4.49243e-07
5.45326e-07
5.74044e-07
4.57887e-07
)
;
    }
    outlet
    {
        type            calculated;
        value           nonuniform List<scalar> 0();
    }
    wall
    {
        type            calculated;
        value           nonuniform List<scalar> 0();
    }
    wall2
    {
        type            calculated;
        value           nonuniform List<scalar> 0();
    }
    wall3
    {
        type            calculated;
        value           nonuniform List<scalar> 0();
    }
    internalPatch
    {
        type            internal;
    }
    procBoundary4to0
    {
        type            processor;
        value           nonuniform List<scalar> 
140
(
2.41345e-08
2.02389e-07
2.02389e-07
2.02389e-07
9.77746e-08
9.77746e-08
9.77746e-08
3.25804e-06
7.98109e-05
7.98109e-05
0.00140278
0.0942566
5.74487
61.016
173.631
280.499
341.313
358.577
357.174
346.284
327.434
313.671
310.878
347.722
518.109
1147.07
1027.98
871.943
684.08
428.288
324.292
283.638
281.796
287.097
288.378
272.324
224.359
142.842
54.5629
6.0067
0.103925
0.0163538
0.0553887
0.114549
0.156065
0.155638
0.10956
0.00178784
2.9086e-05
1.14486e-06
3.57296e-08
2.69403e-08
2.69403e-08
2.69403e-08
5.43343e-10
7.88264e-10
3.57296e-08
1.04521e-06
1.0759e-06
4.3521e-06
1.07773e-05
1.07773e-05
2.02389e-07
2.02389e-07
9.77746e-08
5.18445e-06
0.000193724
0.000193724
2.31657e-05
9.62427e-06
0.000125867
0.00844983
0.60723
21.0648
105.207
218.583
305.364
344.228
349.036
337.74
319.659
307.224
304.234
348.87
514.131
490.903
348.84
300.892
301.564
311.767
324.685
326.718
301.938
235.533
135.511
41.3002
2.62489
0.0363832
0.00148934
0.000262773
0.000891597
0.00186998
0.00257001
0.00256093
4.17198e-05
1.37182e-06
3.57296e-08
1.16464e-06
3.1072e-06
5.49784e-05
0.000422679
0.000422679
0.000338173
9.22627e-06
0.000338173
4.31257e-05
2.60077e-06
7.5071e-07
5.90334e-07
8.34783e-06
0.000512524
2.26284e-05
4.23077e-06
1.36631e-05
2.95787e-05
4.02811e-05
2.18166e-06
1.16464e-06
3.1072e-06
5.49784e-05
0.000422679
1.13795e-06
5.19043e-07
5.10172e-07
1.49947e-06
5.05697e-07
6.73688e-07
2.02051e-06
3.57296e-08
2.69403e-08
)
;
    }
    procBoundary4to1
    {
        type            processor;
        value           nonuniform List<scalar> 
373
(
2.86778e-09
9.2735e-11
9.2735e-11
9.2735e-11
3.02649e-09
3.35891e-09
1.07464e-08
2.72265e-10
2.72265e-10
2.72265e-10
2.93979e-10
2.93979e-10
2.93979e-10
1.37257e-08
1.37257e-08
3.9571e-07
1.23381e-05
1.23381e-05
4.36012e-07
2.21325e-08
2.21325e-08
2.49985e-08
2.49985e-08
4.58585e-07
4.13049e-06
1.4751e-06
6.07099e-07
5.89149e-07
5.09316e-07
5.09316e-07
1.73225e-07
1.73225e-07
1.53246e-08
4.79543e-07
2.74912e-06
6.48589e-05
0.000719244
3.8847e-05
6.05708e-07
3.45101e-07
4.56639e-07
8.59466e-07
9.01826e-05
0.00377061
0.00377061
5.99389e-05
4.47146e-07
2.65636e-07
9.84555e-08
9.84555e-08
2.72299e-06
2.26018e-05
2.26018e-05
0.000100504
0.000264587
0.000480049
0.000614675
0.000613748
0.000450228
0.000221033
7.54397e-05
0.000131412
0.000650017
0.0022034
0.00511813
0.0086965
0.0109644
0.0107462
0.00865809
0.00532953
0.0024203
0.0007511
0.000159694
4.11361e-06
1.34862e-07
1.34862e-07
1.51472e-08
1.51472e-08
2.21574e-08
2.21574e-08
2.87953e-08
1.15982e-09
1.15982e-09
1.15982e-09
1.15982e-09
2.2836e-08
4.64817e-08
4.64817e-08
7.49869e-08
7.49869e-08
7.66679e-08
7.66679e-08
3.78395e-08
3.78395e-08
1.7348e-08
1.7348e-08
7.52193e-08
2.51216e-08
4.60287e-09
1.50245e-07
1.50245e-07
1.50245e-07
1.50245e-07
1.30008e-08
1.30008e-08
2.71937e-08
3.47521e-09
3.89193e-08
4.02284e-09
9.2735e-11
4.00199e-09
2.71245e-08
2.71245e-08
2.79328e-07
2.82232e-07
6.94259e-07
1.67921e-08
1.67921e-08
2.72265e-10
2.93979e-10
1.82078e-08
1.37257e-08
1.37257e-08
3.02583e-07
3.62673e-06
3.62673e-06
3.08621e-07
2.21325e-08
2.21325e-08
2.49985e-08
2.49985e-08
4.03102e-07
4.46284e-07
4.46492e-07
5.09316e-07
5.09316e-07
1.73225e-07
1.73225e-07
1.53246e-08
1.53246e-08
1.53246e-08
3.85807e-07
5.05009e-07
4.38071e-06
3.62018e-07
3.38254e-07
4.50586e-07
4.87089e-07
9.77816e-06
0.00035985
0.00035985
7.05854e-06
2.81814e-07
2.63656e-07
9.84555e-08
9.84555e-08
1.0099e-06
4.12213e-06
4.12213e-06
8.0701e-07
1.05921e-06
2.71793e-06
5.50382e-06
1.04538e-05
1.29352e-05
1.27664e-05
9.77297e-06
5.47676e-06
3.10984e-06
3.17752e-06
1.16176e-05
4.07357e-05
9.90049e-05
0.000177913
0.000228538
0.00022526
0.000179089
0.00010494
4.56894e-05
1.39131e-05
1.34862e-07
1.34862e-07
1.51472e-08
1.51472e-08
2.21574e-08
2.21574e-08
2.87953e-08
2.87953e-08
2.87953e-08
6.76424e-08
4.64817e-08
4.64817e-08
7.49869e-08
7.49869e-08
7.66679e-08
7.66679e-08
3.78395e-08
3.78395e-08
1.7348e-08
1.7348e-08
7.52193e-08
7.52193e-08
7.52193e-08
1.84492e-07
1.84492e-07
1.76237e-07
1.76237e-07
9.57423e-08
9.57423e-08
1.03763e-07
1.03763e-07
7.39143e-07
1.15295e-06
3.00128e-06
3.59847e-06
3.57506e-06
3.03148e-06
1.24365e-06
8.24829e-07
5.28734e-07
3.63804e-08
3.63804e-08
5.16787e-08
5.16787e-08
6.76424e-08
6.76424e-08
6.76424e-08
1.16477e-07
1.16477e-07
1.18539e-07
1.18539e-07
5.86406e-08
5.86406e-08
2.72998e-08
2.72998e-08
1.84492e-07
1.84492e-07
1.76237e-07
1.76237e-07
9.57423e-08
9.57423e-08
1.03763e-07
1.03763e-07
4.74091e-07
4.82553e-07
1.05747e-06
1.06799e-06
1.08057e-06
1.07167e-06
5.37133e-07
3.63804e-08
3.63804e-08
5.16787e-08
5.16787e-08
1.2748e-07
1.16477e-07
1.16477e-07
1.18539e-07
1.18539e-07
5.86406e-08
5.86406e-08
2.72998e-08
2.72998e-08
2.73588e-08
2.73588e-08
1.69265e-08
1.69265e-08
1.69265e-08
3.96194e-08
3.96194e-08
8.86233e-08
8.86233e-08
8.53909e-08
8.53909e-08
8.53909e-08
1.2748e-07
1.2748e-07
1.2748e-07
1.13742e-07
1.13742e-07
6.15687e-08
6.15687e-08
2.73588e-08
2.73588e-08
1.69265e-08
3.96194e-08
3.96194e-08
8.86233e-08
8.86233e-08
8.53909e-08
1.13742e-07
1.13742e-07
6.15687e-08
6.15687e-08
1.50245e-07
1.50245e-07
1.50245e-07
1.50245e-07
1.30008e-08
1.30008e-08
2.71937e-08
2.71937e-08
2.71937e-08
7.40199e-07
3.89193e-08
3.89193e-08
3.89193e-08
3.89193e-08
4.02284e-09
4.00199e-09
2.71245e-08
2.71245e-08
2.71245e-08
3.11142e-07
4.30717e-07
1.00434e-06
1.06011e-06
6.96108e-07
1.67921e-08
1.67921e-08
1.82078e-08
1.82078e-08
1.82078e-08
7.34832e-07
1.10476e-06
1.10476e-06
7.35736e-07
2.1295e-08
2.06484e-08
2.03138e-08
1.27381e-08
2.07846e-09
1.71079e-09
2.22578e-09
2.62832e-08
2.62832e-08
2.62832e-08
3.50092e-08
3.50092e-08
1.13198e-06
1.97434e-05
1.97434e-05
1.01828e-06
1.52649e-06
1.52649e-06
3.89193e-08
3.89193e-08
3.89193e-08
3.66913e-09
2.88926e-09
3.02301e-09
3.45338e-09
2.71245e-08
2.71245e-08
2.71245e-08
3.11142e-07
4.30717e-07
1.00434e-06
1.06011e-06
1.0632e-06
1.0632e-06
7.35893e-07
7.36654e-07
6.97891e-07
2.07085e-08
1.22628e-08
2.80109e-07
2.83342e-07
6.95691e-07
3.50092e-08
2.62832e-08
3.50092e-08
7.49437e-07
)
;
    }
    procBoundary4to3
    {
        type            processor;
        value           nonuniform List<scalar> 
697
(
7.00312e-10
1.21671e-08
3.58039e-07
2.27593e-08
2.27593e-08
8.92297e-10
2.65197e-11
8.42045e-10
9.15146e-10
6.41573e-09
2.28929e-08
4.11341e-08
4.11341e-08
8.63155e-07
3.61411e-07
5.92322e-07
3.78132e-07
2.27593e-08
2.27593e-08
4.36339e-07
3.97819e-08
3.97819e-08
6.73388e-08
1.9582e-09
4.93569e-11
1.37686e-09
9.47084e-10
3.66899e-09
3.66899e-09
7.18931e-08
7.18931e-08
3.01174e-07
2.28929e-08
2.28929e-08
2.28929e-08
4.11341e-08
4.11341e-08
1.29388e-06
3.1836e-05
8.14098e-06
0.000402049
5.73607e-05
5.89842e-06
6.55896e-07
1.03305e-05
8.17147e-07
3.97819e-08
3.97819e-08
6.73388e-08
6.73388e-08
6.73388e-08
1.02878e-06
4.08914e-08
4.08914e-08
4.08914e-08
4.31781e-07
1.84218e-08
1.84218e-08
3.37591e-10
9.47084e-10
3.66899e-09
3.66899e-09
3.66899e-09
7.18931e-08
7.18931e-08
5.22565e-07
1.03907e-06
3.3432e-07
1.01061e-06
4.46146e-08
4.46146e-08
1.04085e-09
4.11341e-08
1.29388e-06
3.1836e-05
0.0016694
0.0016694
0.0749599
0.0176741
0.00250043
0.000207638
0.00699281
0.000375245
1.54569e-05
8.107e-07
4.10618e-07
6.37213e-07
1.28715e-06
3.56371e-05
1.87254e-06
3.55097e-05
1.75772e-06
4.08914e-08
8.58851e-07
1.06636e-05
5.85368e-07
1.84218e-08
1.84218e-08
1.53308e-07
4.19346e-09
1.41309e-10
1.01262e-10
8.42028e-10
8.65584e-10
3.9154e-09
7.18931e-08
7.18931e-08
7.18931e-08
5.22565e-07
1.03907e-06
2.43104e-06
2.43104e-06
2.97049e-06
1.04835e-06
4.46146e-08
4.46146e-08
4.52718e-08
1.04085e-09
1.04085e-09
1.04085e-09
6.87334e-09
4.25026e-08
7.57882e-07
1.39559e-06
3.65836e-05
0.00138666
0.0749599
2.47934
2.47934
0.615527
0.0870667
1.80628
0.149682
0.0078437
0.000308421
8.85117e-06
6.20355e-07
9.05784e-07
1.45219e-05
0.000721685
0.0301434
0.00137149
0.0493041
0.00129077
2.87076e-05
0.000664269
0.011678
0.000196398
4.01992e-06
1.63552e-07
2.58246e-07
1.54891e-07
8.15373e-07
9.16738e-07
1.09755e-05
0.000786195
0.0486811
2.87436
5.67496
7.48145
7.49179
5.88677
3.231
1.04118
23.1621
91.5832
171.939
228.061
252.529
257.234
254.683
255.238
287.946
369.204
563.912
629.944
673.223
691.281
691.039
663.926
609.864
528.228
422.535
299.69
175.75
70.7742
11.5728
0.348501
0.00520351
7.57651e-05
5.831e-05
0.00282566
0.00282566
3.45291e-05
1.56017e-05
0.000424162
0.000424162
5.59446e-06
1.71828e-06
1.4637e-05
0.000128337
0.000611187
0.000611187
9.25313e-06
1.14724e-07
1.14724e-07
8.97679e-09
8.97679e-09
9.12272e-09
9.12272e-09
2.14863e-09
2.14863e-09
1.10641e-10
1.10641e-10
1.10641e-10
1.02033e-10
1.02033e-10
1.08038e-09
1.1932e-09
1.1932e-09
1.083e-09
4.16725e-11
4.16725e-11
3.65644e-11
3.65644e-11
1.23822e-09
1.37136e-09
5.40872e-09
5.40872e-09
5.64489e-08
5.64489e-08
5.64489e-08
2.14946e-09
1.96314e-09
2.26458e-09
4.67367e-09
4.67367e-09
1.37118e-08
1.37118e-08
1.34516e-08
1.34516e-08
3.72685e-09
3.72685e-09
2.85956e-09
1.19316e-10
1.19316e-10
1.19316e-10
1.19316e-10
2.80216e-09
2.83552e-09
8.61532e-09
2.95956e-07
7.18931e-08
3.08719e-07
9.52728e-07
9.63758e-07
2.97049e-06
3.00094e-06
3.00094e-06
1.06283e-06
4.52718e-08
4.52718e-08
4.52718e-08
1.59643e-08
2.21158e-10
2.21158e-10
2.86494e-10
1.34376e-09
1.34376e-09
1.34376e-09
7.13845e-08
5.88212e-07
1.19084e-06
2.43379e-05
0.000745403
0.043151
0.823261
21.6563
21.6563
9.08098
9.08098
1.80628
0.149682
0.0078437
0.000308421
0.000104023
0.000104023
3.84381e-06
7.27387e-06
0.000170033
0.00745518
0.302666
7.85468
1.09869
15.7184
1.39401
0.0345709
0.650916
6.06413
0.131999
0.00210673
3.41689e-05
0.000212067
3.46754e-06
0.0130202
0.822354
20.2612
38.1362
52.8322
60.6731
60.757
53.9499
40.4498
122.551
204.899
255.255
271.375
269.272
264.357
263.546
300.791
396.598
408.121
410.606
408.586
398.303
378.64
341.111
280.754
197.628
106.977
34.2225
3.32529
0.074982
0.00132362
2.35671e-05
1.87318e-05
0.00078605
0.00078605
1.21024e-05
6.30579e-06
0.00015341
0.00015341
2.86552e-06
1.18514e-06
7.67197e-06
7.32914e-05
0.000365684
0.000365684
7.02333e-06
1.14724e-07
1.14724e-07
8.97679e-09
8.97679e-09
9.12272e-09
9.12272e-09
9.79621e-09
2.14863e-09
2.14863e-09
1.10641e-10
1.02033e-10
1.02033e-10
1.10561e-09
4.42251e-09
4.42251e-09
4.42251e-09
1.19189e-09
4.16725e-11
4.16725e-11
3.65644e-11
3.65644e-11
1.3308e-09
5.40872e-09
5.40872e-09
5.64489e-08
5.64489e-08
5.64489e-08
5.64489e-08
5.64489e-08
2.85916e-07
6.57826e-09
2.14694e-09
4.67367e-09
4.67367e-09
1.37118e-08
1.37118e-08
1.34516e-08
1.34516e-08
3.72685e-09
3.72685e-09
6.40616e-09
2.17964e-08
2.19062e-08
9.78085e-07
9.67764e-07
2.50496e-06
2.50496e-06
1.02813e-06
3.26774e-07
1.59643e-08
1.59643e-08
1.59643e-08
4.0001e-09
2.21158e-10
2.21158e-10
2.86494e-10
2.86494e-10
2.86494e-10
1.34376e-09
7.9691e-08
7.13845e-08
7.13845e-08
7.13845e-08
9.74262e-07
1.38951e-05
0.000237142
0.0136876
0.0136876
0.823261
21.6563
0.19823
0.0279104
0.00233049
0.00012717
5.91365e-06
2.81401e-06
9.29989e-06
0.000448779
0.000448779
1.38437e-05
1.92228e-05
0.000709212
0.0299488
1.13554
17.8753
69.5406
45.3666
107.779
58.3884
14.4606
46.6312
85.1152
118.301
141.435
153.405
153.749
143.561
224.871
268.959
277.752
271.029
265.129
262.881
301.264
300.563
299.554
295.247
288.859
268.596
224.971
155.417
76.0859
18.8227
1.1437
0.0290346
0.000687845
1.69146e-05
1.50323e-05
0.000452317
0.000452317
1.09607e-05
6.51723e-06
0.000114068
0.000114068
3.87863e-06
1.56146e-06
7.61428e-06
7.39018e-05
0.000365487
0.000365487
9.09044e-06
1.90041e-07
1.90041e-07
9.61924e-09
9.61924e-09
9.79621e-09
9.79621e-09
9.79621e-09
9.41436e-09
1.84387e-09
1.84387e-09
1.84387e-09
2.76671e-09
6.67655e-08
6.67655e-08
6.67655e-08
4.42251e-09
4.42251e-09
6.67655e-08
5.57977e-09
5.57977e-09
5.57977e-09
2.70523e-08
2.70523e-08
7.9691e-08
7.9691e-08
7.9691e-08
2.23045e-06
1.58261e-06
1.2369e-06
1.0565e-05
1.0565e-05
4.11307e-05
4.11307e-05
0.000237142
5.47515e-05
0.00325158
0.000445143
3.74082e-05
2.21097e-05
2.21097e-05
1.68062e-06
4.99542e-06
1.08894e-05
1.74721e-05
0.000802318
0.000802318
2.57539e-05
3.17635e-05
0.00125324
0.0496617
1.76272
22.7276
79.3925
151.163
139.034
200.663
170.842
113.576
163.513
199.891
222.366
233.717
234.314
275.08
281.071
273.229
267.185
263.593
262.847
259.024
254.97
240.115
204.957
144.45
71.7648
18.213
1.1648
0.0327623
0.000853855
2.23803e-05
1.9483e-05
0.000564169
0.000564169
1.39674e-05
8.15128e-06
0.000143227
0.000143227
4.54611e-06
1.72329e-06
9.19055e-06
8.96282e-05
0.00042979
0.00042979
1.07783e-05
1.90041e-07
1.90041e-07
9.61924e-09
9.61924e-09
9.06798e-09
9.41436e-09
9.41436e-09
9.41436e-09
7.82039e-09
1.84387e-09
1.36887e-08
6.14804e-07
6.67655e-08
6.67655e-08
6.67655e-08
6.67655e-08
5.57977e-09
2.70523e-08
2.70523e-08
7.55568e-07
1.97398e-06
1.06143e-05
1.51797e-05
1.63364e-05
1.63364e-05
9.87683e-07
8.78824e-07
2.14967e-06
4.66048e-06
0.000185172
0.000185172
4.30712e-05
1.03422e-05
1.42705e-06
7.69406e-06
1.43522e-06
1.10528e-06
2.40756e-06
9.82527e-05
9.82527e-05
0.000185437
0.000181424
1.07174e-05
1.67903e-05
0.000739969
0.000739969
2.42928e-05
2.96543e-05
0.00112733
0.0431857
1.50779
20.7898
75.9674
147.667
206.853
210.887
247.672
242.704
218.83
249.797
266.208
274.08
279.859
271.866
265.201
261.419
257.065
241.896
264.095
265.857
275.076
268.557
0.000181424
6.07986e-06
2.24992e-06
1.1225e-05
0.000104821
0.000490115
0.000490115
1.24266e-05
2.24418e-07
2.24418e-07
9.06798e-09
9.06798e-09
9.06798e-09
7.85567e-09
2.86302e-08
4.21456e-08
1.60546e-06
6.42544e-07
3.19831e-06
1.23658e-06
1.23658e-06
6.37838e-07
3.19831e-06
1.06143e-05
1.51797e-05
1.66336e-06
8.12185e-08
2.24418e-07
1.06079e-05
0.000403991
0.000403991
9.18133e-05
1.05306e-05
3.86679e-06
1.01093e-06
7.9812e-07
2.22351e-06
6.04256e-06
0.000185437
2.24418e-07
4.0001e-09
4.0001e-09
4.0001e-09
2.91027e-07
5.55765e-07
5.55765e-07
1.10494e-06
2.99505e-07
1.10494e-06
6.40414e-09
)
;
    }
    procBoundary4to5
    {
        type            processor;
        value           nonuniform List<scalar> 
688
(
16.6483
16.6483
94.9022
94.9022
108.793
23.2152
0.958226
0.540194
0.540194
0.30888
11.612
81.5346
193.476
201.164
201.164
205.622
206.177
116.384
27.5291
1.32641
1.32641
0.958226
0.540194
0.30888
0.13002
0.13002
6.2129
62.0533
175.084
270.806
269.997
261.831
261.831
250.68
242.247
238.047
206.043
119.977
29.8414
1.55884
1.55884
1.05869
0.87602
0.589848
0.264919
0.0806661
0.0353285
0.0353285
2.09878
38.2076
141.734
254.312
320.749
316.474
302.691
286.56
286.56
268.824
256.374
249.785
236.326
229.238
204.449
125.084
33.5054
1.96936
1.96936
1.71647
1.12553
0.521065
0.504459
0.412288
0.132881
0.164555
0.167079
0.13014
0.0735225
0.0295452
0.120873
0.320385
0.626765
0.950252
1.12866
1.06497
0.879579
0.879579
0.265607
0.130141
0.0440398
0.0098086
0.623895
20.8849
107.579
249.917
249.917
318.037
343.457
355.931
364.249
364.519
351.02
336.768
337.156
359.127
509.317
1270.28
1288.93
1285.31
1275.35
1275.35
1340.22
1417.3
1523.31
1666.78
1562.13
1473.15
1407.31
1407.31
1405.73
1415.17
1411.9
1397.72
1367.96
1331.66
1281.6
1210.64
1111.45
975.535
800.733
593.437
380
190.279
54.3924
0.67982
0.0683818
0.00400036
0.000163692
4.96722e-05
2.44275e-05
2.30385e-05
2.46669e-05
2.08478e-05
9.57607e-06
2.9091e-06
4.03294e-05
0.000664049
0.00703564
2.60951
0.291276
0.015538
0.000516676
1.37977e-05
0.000657061
0.0321243
1.41424
21.3464
0.714214
0.0102611
0.000157033
4.33224e-06
5.00108e-05
0.000679819
0.00622056
0.388397
15.6316
94.7403
214.004
305.321
344.792
345.709
339.184
327.991
313.609
313.609
297.31
283.241
275.382
258.514
239.454
224.888
223.641
202.992
125.25
33.5397
1.96967
1.96967
1.97153
1.88701
1.53282
0.947441
0.420991
0.258883
0.625548
1.11614
1.53584
1.72071
1.56338
1.32803
1.32803
27.5544
22.2364
10.5045
6.2198
2.588
41.936
147.485
268.994
268.905
260.509
260.509
312.525
332.518
347.842
363.338
374.172
368.518
355.299
356.777
373.591
507.514
503.888
502.513
502.513
564.708
678.543
914.775
839.23
791.535
950.535
747.633
623.845
623.845
668.314
678.198
648.102
593.723
552.167
526.654
512.856
508.213
505.32
496.235
462.224
382.699
261.378
127.289
29.757
0.207841
0.0194743
0.00117318
0.000499065
0.000441009
0.000469112
0.000394685
0.000186841
0.00302237
0.0303748
8.11174
63.7916
38.3999
11.8741
0.966705
0.0288359
1.59144
26.6563
97.4468
185.89
77.7607
10.9
0.219038
0.00320221
0.0447921
2.9857
45.4916
150.575
260.187
326.87
346.745
354.598
357.823
359.918
359.542
355.785
355.785
353.878
346.078
340.381
325.068
299.961
297.737
238.013
223.635
221.854
199.996
120.987
31.01
1.71004
1.71004
1.72831
1.53489
1.53489
29.4836
118.828
116.448
107.29
78.3122
62.0945
175.163
270.052
261.86
254.418
265.699
264.074
264.074
306.14
322.458
338.145
357.016
377.598
384.402
377.511
380.557
388.781
403.598
403.598
528.633
796.396
950.623
1336.51
1749.02
1117.27
1032.33
1655.95
1188.97
892.654
995.207
639.012
639.012
772.427
797.022
679.781
550.644
460.041
397.71
360.769
342.015
335.646
336.402
332.171
295
208.28
95.2027
17.6695
0.0877738
0.0081148
0.00687123
0.00721273
0.00610047
0.0614717
12.8117
78.4484
179.33
163.768
129.067
74.9128
22.9354
96.9438
194.454
277.066
323.553
331.512
343.968
353.577
365.449
380.21
397.179
415.179
415.179
448.469
476.233
486.893
503.715
404.234
384.8
382.792
399.102
499.316
319.382
255.054
233.908
226.791
200.641
119.024
29.7991
1.57458
1.57458
1.57458
29.7991
119.024
200.641
202.714
206.286
207.379
191.692
263.243
250.733
241.038
236.246
250.626
263.73
265.024
265.024
303.31
319.087
335.163
355.88
382.066
400.114
403.88
403.905
403.905
561.107
766.37
1072.25
1803.73
1254.83
2045.95
3427.74
2366.51
1836.09
1250
1883.64
1209.52
834.675
745.696
745.696
677.517
735.231
767.829
717.715
814.57
598.251
465.77
386.563
338.549
311.201
296.918
290.78
285.75
258.585
186.012
83.7393
14.4676
0.0709291
0.0734021
14.423
82.8185
182.852
254.878
257.284
252.304
229.123
175.761
266.592
299.282
302.281
320.957
331.057
344.914
365.464
396.207
436.425
488.047
488.047
573.567
707.535
857.794
857.794
744.858
829.937
913.709
591.093
577.7
566.066
592.162
893.603
811.273
718.872
823.625
469.027
333.053
271.466
247.269
236.246
250.626
263.73
265.024
303.31
319.087
335.163
355.88
382.066
400.114
403.88
566.712
797.423
784.317
1245.87
1919.63
4145.1
2805.53
5069.42
4568.82
2509.65
4123.46
2146.42
1434.4
933.135
933.135
745.696
708.92
708.92
794.353
784.193
777.124
777.124
814.57
583.666
583.666
460.914
383.842
337.744
311.889
298.759
292.204
284.416
293.244
304.423
312.687
326.751
352.069
394.117
458.889
555.061
555.061
757.247
1160.7
1160.7
1406.95
857.794
857.794
1228.83
1416.55
1789.49
1780.62
962.697
930.454
1757.04
1698.39
1389.63
1191.77
1932.19
1395.57
984.031
810.138
580.27
428.278
342.237
293.511
268.466
288.858
309.778
340.921
387.099
456.902
528.753
756.528
1147.96
1155.43
2114.91
3687.92
10231.1
9883.38
9883.38
5533.09
5533.09
4123.46
2146.42
1434.4
1885.85
1256.69
1539.05
1095.13
1101.42
794.353
784.193
1237.57
1116.32
1867.92
1322.79
1049.04
945.603
945.603
945.603
1420.02
1160.7
1160.7
1895.09
2295.16
1446.13
2001.88
3068.04
3629.2
5413.22
5231.35
3576.57
2890.65
5622
3598.35
2034.08
1311.81
1656.04
3125.32
5538.92
16849.4
23932
25870.1
24699.6
7042.06
4122.63
5532.32
3112.54
3539.32
2039.05
1924.05
4144.92
3040.83
2353.19
1520.69
945.603
1522.55
2349.07
1871.56
2779.21
3021.74
5986.47
3782.63
5668.95
13593.7
13462
14689.2
12634.1
29497.1
104684
88685.6
45798
24699.6
25869.9
9883.2
8059.22
8142.15
3896.57
2607.17
3916.06
8035
3081.65
4360.56
10661.4
23087.5
18327.3
26291.4
96501.3
80268.7
132594
151208
88685.2
72351.2
36606
14409.5
11312.5
15231.7
27404.2
9371.17
93195.4
103320
128730
130776
81675.5
)
;
    }
}


// ************************************************************************* //
