/*--------------------------------*- C++ -*----------------------------------*\
  =========                 |
  \\      /  F ield         | OpenFOAM: The Open Source CFD Toolbox
   \\    /   O peration     | Website:  https://openfoam.org
    \\  /    A nd           | Version:  9
     \\/     M anipulation  |
\*---------------------------------------------------------------------------*/
FoamFile
{
    format      ascii;
    class       refinementHistory;
    location    "0.0004/polyMesh";
    object      refinementHistory;
}
// * * * * * * * * * * * * * * * * * * * * * * * * * * * * * * * * * * * * * //

// splitCells

863
(
1 0()
-1 8(0 2 3 4 5 6 7 8)
1 0()
1 0()
1 0()
1 0()
1 0()
1 0()
1 0()
10 0()
-1 8(9 11 12 13 14 15 16 17)
10 0()
10 0()
10 0()
10 0()
10 0()
10 0()
10 0()
19 0()
-1 8(18 20 21 22 23 24 25 26)
19 0()
19 0()
19 0()
19 0()
19 0()
19 0()
19 0()
28 0()
-1 8(27 29 30 31 32 33 34 35)
28 0()
28 0()
28 0()
28 0()
28 0()
28 0()
28 0()
37 0()
-1 8(36 38 39 40 41 42 43 44)
37 0()
37 0()
37 0()
37 0()
37 0()
37 0()
37 0()
46 0()
-1 8(45 47 48 49 50 51 52 53)
46 0()
46 0()
46 0()
46 0()
46 0()
46 0()
46 0()
55 0()
-1 8(54 56 57 58 59 60 61 62)
55 0()
55 0()
55 0()
55 0()
55 0()
55 0()
55 0()
64 0()
-1 8(63 65 66 67 68 69 70 71)
64 0()
64 0()
64 0()
64 0()
64 0()
64 0()
64 0()
73 0()
-1 8(72 74 75 76 77 78 79 80)
73 0()
73 0()
73 0()
73 0()
73 0()
73 0()
73 0()
82 0()
-1 8(81 83 84 85 86 87 88 89)
82 0()
82 0()
82 0()
82 0()
82 0()
82 0()
82 0()
91 0()
-1 8(90 92 93 94 95 96 97 98)
91 0()
91 0()
91 0()
91 0()
91 0()
91 0()
91 0()
100 0()
-1 8(99 101 102 103 104 105 106 107)
100 0()
100 0()
100 0()
100 0()
100 0()
100 0()
100 0()
109 0()
-1 8(108 110 111 112 113 114 115 116)
109 0()
109 0()
109 0()
109 0()
109 0()
109 0()
109 0()
118 0()
-1 8(117 119 120 121 122 123 124 125)
118 0()
118 0()
118 0()
118 0()
118 0()
118 0()
118 0()
127 0()
-1 8(126 128 129 130 131 132 133 134)
127 0()
127 0()
127 0()
127 0()
127 0()
127 0()
127 0()
136 0()
-1 8(135 137 138 139 140 141 142 143)
136 0()
136 0()
136 0()
136 0()
136 0()
136 0()
136 0()
145 0()
-1 8(144 146 147 148 149 150 151 152)
145 0()
145 0()
145 0()
145 0()
145 0()
145 0()
145 0()
154 0()
-1 8(153 155 156 157 158 159 160 161)
154 0()
154 0()
154 0()
154 0()
154 0()
154 0()
154 0()
163 0()
-1 8(162 164 165 166 167 168 169 170)
163 0()
163 0()
163 0()
163 0()
163 0()
163 0()
163 0()
172 0()
-1 8(171 173 174 175 176 177 178 179)
172 0()
172 0()
172 0()
172 0()
172 0()
172 0()
172 0()
181 0()
-1 8(180 182 183 184 185 186 187 188)
181 0()
181 0()
181 0()
181 0()
181 0()
181 0()
181 0()
190 0()
-1 8(189 191 192 193 194 195 196 197)
190 0()
190 0()
190 0()
190 0()
190 0()
190 0()
190 0()
199 0()
-1 8(198 200 201 202 203 204 205 206)
199 0()
199 0()
199 0()
199 0()
199 0()
199 0()
199 0()
208 0()
-1 8(207 209 210 211 212 213 214 215)
208 0()
208 0()
208 0()
208 0()
208 0()
208 0()
208 0()
217 0()
-1 8(216 218 219 220 221 222 223 224)
217 0()
217 0()
217 0()
217 0()
217 0()
217 0()
217 0()
226 0()
-1 8(225 227 228 229 230 231 232 233)
226 0()
226 0()
226 0()
226 0()
226 0()
226 0()
226 0()
235 0()
-1 8(234 236 237 238 239 240 241 242)
235 0()
235 0()
235 0()
235 0()
235 0()
235 0()
235 0()
244 0()
-1 8(243 245 246 247 248 249 250 251)
244 0()
244 0()
244 0()
244 0()
244 0()
244 0()
244 0()
253 0()
-1 8(252 254 255 256 257 258 259 260)
253 0()
253 0()
253 0()
253 0()
253 0()
253 0()
253 0()
262 0()
-1 8(261 263 264 265 266 267 268 269)
262 0()
262 0()
262 0()
262 0()
262 0()
262 0()
262 0()
271 0()
272 8(270 320 321 322 323 324 325 326)
-1 8(271 273 282 291 300 309 310 319)
272 8(274 275 276 277 278 279 280 281)
273 0()
273 0()
273 0()
273 0()
273 0()
273 0()
273 0()
273 0()
272 8(283 284 285 286 287 288 289 290)
282 0()
282 0()
282 0()
282 0()
282 0()
282 0()
282 0()
282 0()
272 8(292 293 294 295 296 297 298 299)
291 0()
291 0()
291 0()
291 0()
291 0()
291 0()
291 0()
291 0()
272 8(301 302 303 304 305 306 307 308)
300 0()
300 0()
300 0()
300 0()
300 0()
300 0()
300 0()
300 0()
272 0()
272 8(311 312 313 314 315 316 317 318)
310 0()
310 0()
310 0()
310 0()
310 0()
310 0()
310 0()
310 0()
272 0()
271 0()
271 0()
271 0()
271 0()
271 0()
271 0()
271 0()
328 0()
-1 8(327 329 330 331 332 333 334 335)
328 0()
328 0()
328 0()
328 0()
328 0()
328 0()
328 0()
337 0()
-1 8(336 338 339 340 341 342 343 344)
337 0()
337 0()
337 0()
337 0()
337 0()
337 0()
337 0()
346 0()
-1 8(345 347 348 349 350 351 352 353)
346 0()
346 0()
346 0()
346 0()
346 0()
346 0()
346 0()
355 0()
-1 8(354 356 357 358 359 360 361 362)
355 0()
355 0()
355 0()
355 0()
355 0()
355 0()
355 0()
364 0()
-1 8(363 365 366 367 368 369 370 371)
364 0()
364 0()
364 0()
364 0()
364 0()
364 0()
364 0()
373 0()
-1 8(372 374 375 376 377 378 379 380)
373 0()
373 0()
373 0()
373 0()
373 0()
373 0()
373 0()
382 0()
-1 8(381 383 384 385 386 387 388 389)
382 0()
382 0()
382 0()
382 0()
382 0()
382 0()
382 0()
391 0()
-1 8(390 392 393 394 395 396 397 398)
391 0()
391 0()
391 0()
391 0()
391 0()
391 0()
391 0()
400 0()
-1 8(399 401 402 403 404 405 406 407)
400 0()
400 0()
400 0()
400 0()
400 0()
400 0()
400 0()
409 0()
-1 8(408 410 411 412 413 414 415 416)
409 0()
409 0()
409 0()
409 0()
409 0()
409 0()
409 0()
418 0()
-1 8(417 419 420 421 422 423 424 425)
418 0()
418 0()
418 0()
418 0()
418 0()
418 0()
418 0()
427 0()
-1 8(426 428 429 430 431 432 433 434)
427 0()
427 0()
427 0()
427 0()
427 0()
427 0()
427 0()
436 0()
-1 8(435 437 438 439 440 441 442 443)
436 0()
436 0()
436 0()
436 0()
436 0()
436 0()
436 0()
445 0()
-1 8(444 446 447 448 449 450 451 452)
445 0()
445 0()
445 0()
445 0()
445 0()
445 0()
445 0()
454 0()
-1 8(453 455 456 457 458 459 460 461)
454 0()
454 0()
454 0()
454 0()
454 0()
454 0()
454 0()
463 0()
-1 8(462 464 465 466 467 468 469 470)
463 0()
463 0()
463 0()
463 0()
463 0()
463 0()
463 0()
472 0()
-1 8(471 473 474 475 476 477 478 479)
472 0()
472 0()
472 0()
472 0()
472 0()
472 0()
472 0()
481 0()
-1 8(480 482 483 484 485 486 487 488)
481 0()
481 0()
481 0()
481 0()
481 0()
481 0()
481 0()
490 0()
-1 8(489 491 492 493 494 495 496 497)
490 0()
490 0()
490 0()
490 0()
490 0()
490 0()
490 0()
499 0()
-1 8(498 500 501 502 503 504 505 506)
499 0()
499 0()
499 0()
499 0()
499 0()
499 0()
499 0()
508 0()
-1 8(507 509 510 511 512 513 514 515)
508 0()
508 0()
508 0()
508 0()
508 0()
508 0()
508 0()
517 0()
-1 8(516 518 519 520 521 522 523 524)
517 0()
517 0()
517 0()
517 0()
517 0()
517 0()
517 0()
526 0()
-1 8(525 527 528 529 530 531 532 533)
526 0()
526 0()
526 0()
526 0()
526 0()
526 0()
526 0()
535 0()
-1 8(534 536 537 538 539 540 541 542)
535 0()
535 0()
535 0()
535 0()
535 0()
535 0()
535 0()
544 0()
-1 8(543 545 546 547 548 549 550 551)
544 0()
544 0()
544 0()
544 0()
544 0()
544 0()
544 0()
553 0()
-1 8(552 554 555 556 557 558 559 560)
553 0()
553 0()
553 0()
553 0()
553 0()
553 0()
553 0()
562 0()
-1 8(561 563 564 565 566 567 568 569)
562 0()
562 0()
562 0()
562 0()
562 0()
562 0()
562 0()
571 0()
-1 8(570 572 573 574 575 576 577 578)
571 0()
571 0()
571 0()
571 0()
571 0()
571 0()
571 0()
580 0()
-1 8(579 581 582 583 584 585 586 587)
580 0()
580 0()
580 0()
580 0()
580 0()
580 0()
580 0()
589 0()
-1 8(588 590 591 592 593 594 595 596)
589 0()
589 0()
589 0()
589 0()
589 0()
589 0()
589 0()
598 0()
-1 8(597 599 600 601 602 603 604 605)
598 0()
598 0()
598 0()
598 0()
598 0()
598 0()
598 0()
607 0()
-1 8(606 608 609 610 611 612 613 614)
607 0()
607 0()
607 0()
607 0()
607 0()
607 0()
607 0()
616 0()
-1 8(615 617 618 619 620 621 622 623)
616 0()
616 0()
616 0()
616 0()
616 0()
616 0()
616 0()
625 0()
-1 8(624 626 627 628 629 630 631 632)
625 0()
625 0()
625 0()
625 0()
625 0()
625 0()
625 0()
634 0()
-1 8(633 635 636 637 638 639 640 641)
634 0()
634 0()
634 0()
634 0()
634 0()
634 0()
634 0()
643 0()
-1 8(642 644 645 646 647 648 649 650)
643 0()
643 0()
643 0()
643 0()
643 0()
643 0()
643 0()
652 0()
-1 8(651 653 654 655 656 657 658 659)
652 0()
652 0()
652 0()
652 0()
652 0()
652 0()
652 0()
661 0()
-1 8(660 662 663 664 665 666 667 668)
661 0()
661 0()
661 0()
661 0()
661 0()
661 0()
661 0()
670 0()
-1 8(669 671 672 673 674 675 676 677)
670 0()
670 0()
670 0()
670 0()
670 0()
670 0()
670 0()
679 0()
-1 8(678 680 681 682 683 684 685 686)
679 0()
679 0()
679 0()
679 0()
679 0()
679 0()
679 0()
688 0()
-1 8(687 689 690 691 692 693 694 695)
688 0()
688 0()
688 0()
688 0()
688 0()
688 0()
688 0()
697 0()
-1 8(696 698 699 700 701 702 703 704)
697 0()
697 0()
697 0()
697 0()
697 0()
697 0()
697 0()
706 0()
-1 8(705 707 708 709 710 711 712 713)
706 0()
706 0()
706 0()
706 0()
706 0()
706 0()
706 0()
715 0()
-1 8(714 716 717 718 719 720 721 722)
715 0()
715 0()
715 0()
715 0()
715 0()
715 0()
715 0()
724 0()
-1 8(723 725 726 727 728 729 730 731)
724 0()
724 0()
724 0()
724 0()
724 0()
724 0()
724 0()
733 0()
-1 8(732 734 743 744 753 754 755 756)
733 8(735 736 737 738 739 740 741 742)
734 0()
734 0()
734 0()
734 0()
734 0()
734 0()
734 0()
734 0()
733 0()
733 8(745 746 747 748 749 750 751 752)
744 0()
744 0()
744 0()
744 0()
744 0()
744 0()
744 0()
744 0()
733 0()
733 0()
733 0()
733 0()
758 0()
-1 8(757 759 768 769 778 779 780 781)
758 8(760 761 762 763 764 765 766 767)
759 0()
759 0()
759 0()
759 0()
759 0()
759 0()
759 0()
759 0()
758 0()
758 8(770 771 772 773 774 775 776 777)
769 0()
769 0()
769 0()
769 0()
769 0()
769 0()
769 0()
769 0()
758 0()
758 0()
758 0()
758 0()
783 0()
-1 8(782 784 785 786 787 788 789 790)
783 0()
783 0()
783 0()
783 0()
783 0()
783 0()
783 0()
792 0()
-1 8(791 793 794 795 796 797 798 799)
792 0()
792 0()
792 0()
792 0()
792 0()
792 0()
792 0()
801 0()
-1 8(800 802 803 804 805 806 807 808)
801 0()
801 0()
801 0()
801 0()
801 0()
801 0()
801 0()
810 0()
-1 8(809 811 812 813 814 815 816 817)
810 0()
810 0()
810 0()
810 0()
810 0()
810 0()
810 0()
819 0()
-1 8(818 820 821 822 823 824 825 826)
819 0()
819 0()
819 0()
819 0()
819 0()
819 0()
819 0()
828 0()
-1 8(827 829 830 831 832 833 834 835)
828 0()
828 0()
828 0()
828 0()
828 0()
828 0()
828 0()
837 0()
-1 8(836 838 839 840 841 842 843 844)
837 0()
837 0()
837 0()
837 0()
837 0()
837 0()
837 0()
846 0()
-1 8(845 847 848 849 850 851 852 853)
846 0()
846 0()
846 0()
846 0()
846 0()
846 0()
846 0()
855 0()
-1 8(854 856 857 858 859 860 861 862)
855 0()
855 0()
855 0()
855 0()
855 0()
855 0()
855 0()
)

// visibleCells

5299
(
0
9
18
-1
27
-1
-1
36
-1
-1
-1
-1
45
54
63
72
81
90
99
108
117
126
135
144
-1
-1
-1
-1
-1
-1
-1
-1
-1
-1
-1
-1
-1
-1
-1
-1
-1
-1
-1
-1
-1
-1
-1
-1
-1
-1
-1
-1
-1
-1
-1
-1
-1
-1
-1
-1
-1
-1
-1
-1
-1
-1
74
75
76
77
78
79
80
92
93
94
95
96
97
98
56
57
58
59
60
61
62
65
66
67
68
69
70
71
83
84
85
86
87
88
89
110
111
112
113
114
115
116
47
48
49
50
51
52
53
101
102
103
104
105
106
107
153
162
171
180
189
198
207
216
225
234
243
252
227
228
229
230
231
232
233
236
237
238
239
240
241
242
200
201
202
203
204
205
206
209
210
211
212
213
214
215
218
219
220
221
222
223
224
254
255
256
257
258
259
260
191
192
193
194
195
196
197
245
246
247
248
249
250
251
164
165
166
167
168
169
170
155
156
157
158
159
160
161
182
183
184
185
186
187
188
128
129
130
131
132
133
134
11
12
13
14
15
16
17
29
30
31
32
33
34
35
173
174
175
176
177
178
179
2
3
4
5
6
7
8
38
39
40
41
42
43
44
119
120
121
122
123
124
125
137
138
139
140
141
142
143
146
147
148
149
150
151
152
-1
-1
-1
-1
-1
-1
-1
-1
-1
-1
-1
-1
-1
261
-1
270
327
-1
-1
-1
-1
-1
-1
-1
-1
-1
-1
-1
-1
-1
-1
-1
-1
-1
-1
-1
-1
-1
-1
-1
-1
-1
-1
-1
-1
-1
-1
-1
-1
-1
-1
-1
-1
-1
-1
-1
-1
-1
-1
-1
336
345
354
363
372
-1
-1
-1
-1
-1
-1
-1
381
-1
390
-1
399
-1
408
-1
-1
417
426
-1
-1
-1
-1
-1
435
-1
-1
444
453
-1
-1
-1
-1
-1
462
-1
-1
471
480
-1
-1
-1
-1
-1
489
-1
-1
-1
-1
-1
-1
-1
-1
-1
-1
-1
-1
-1
-1
-1
-1
-1
-1
-1
-1
-1
-1
-1
-1
-1
-1
-1
-1
-1
-1
-1
-1
-1
-1
-1
-1
-1
-1
-1
-1
-1
-1
-1
-1
-1
-1
-1
-1
-1
-1
-1
-1
-1
-1
-1
-1
-1
-1
-1
-1
-1
-1
-1
-1
-1
-1
-1
-1
-1
-1
-1
-1
-1
-1
-1
-1
-1
-1
-1
-1
-1
-1
-1
-1
-1
-1
-1
-1
-1
-1
-1
-1
-1
-1
-1
-1
-1
-1
-1
-1
-1
-1
-1
-1
-1
-1
-1
-1
-1
-1
-1
-1
-1
-1
-1
-1
-1
-1
-1
-1
-1
-1
-1
-1
-1
-1
-1
-1
-1
-1
-1
-1
-1
-1
-1
-1
-1
-1
-1
-1
-1
-1
-1
-1
-1
498
507
-1
-1
-1
516
525
-1
-1
-1
-1
534
543
-1
-1
-1
-1
552
-1
-1
-1
561
-1
-1
570
579
-1
-1
588
-1
-1
597
606
-1
-1
-1
-1
-1
-1
-1
-1
-1
-1
-1
615
-1
-1
624
633
-1
-1
642
-1
-1
651
660
-1
-1
-1
-1
-1
-1
-1
-1
-1
-1
-1
-1
669
-1
-1
678
687
-1
-1
-1
-1
-1
-1
-1
-1
-1
-1
-1
-1
-1
-1
-1
-1
-1
-1
-1
-1
-1
-1
-1
-1
-1
-1
-1
-1
-1
-1
-1
-1
-1
-1
-1
-1
-1
-1
-1
-1
-1
-1
-1
-1
-1
-1
-1
-1
-1
-1
-1
-1
-1
-1
-1
-1
-1
-1
-1
-1
-1
-1
-1
-1
-1
-1
-1
-1
-1
-1
-1
-1
-1
-1
-1
-1
-1
-1
-1
-1
-1
-1
-1
-1
-1
-1
-1
-1
-1
-1
-1
-1
-1
-1
-1
-1
-1
-1
-1
-1
-1
-1
-1
-1
-1
-1
-1
-1
-1
-1
-1
-1
-1
-1
-1
-1
-1
-1
-1
-1
-1
-1
-1
-1
-1
-1
-1
-1
-1
-1
-1
-1
-1
-1
-1
-1
-1
-1
-1
-1
-1
-1
-1
-1
-1
-1
-1
-1
-1
-1
-1
-1
-1
-1
-1
-1
-1
-1
-1
-1
-1
-1
-1
-1
-1
-1
-1
-1
-1
-1
-1
-1
-1
-1
-1
-1
-1
-1
-1
-1
-1
-1
-1
-1
-1
-1
-1
-1
-1
-1
-1
-1
-1
-1
-1
-1
-1
-1
-1
-1
-1
-1
-1
-1
-1
-1
-1
-1
-1
-1
-1
-1
-1
-1
-1
-1
-1
-1
-1
-1
-1
-1
-1
-1
-1
-1
-1
-1
-1
-1
-1
-1
-1
-1
-1
-1
-1
-1
-1
-1
-1
-1
-1
-1
-1
-1
-1
-1
-1
-1
-1
-1
-1
-1
-1
-1
-1
-1
-1
-1
-1
-1
-1
-1
-1
-1
-1
-1
-1
-1
-1
-1
-1
-1
-1
-1
-1
-1
-1
-1
-1
-1
-1
-1
-1
-1
-1
-1
-1
-1
-1
-1
-1
-1
-1
-1
-1
-1
-1
-1
-1
-1
-1
-1
-1
-1
-1
-1
-1
-1
-1
-1
-1
-1
-1
-1
-1
-1
-1
-1
-1
-1
-1
-1
-1
-1
-1
-1
-1
-1
-1
-1
-1
-1
-1
-1
-1
-1
-1
-1
-1
-1
-1
-1
-1
-1
-1
-1
-1
-1
-1
-1
-1
-1
-1
-1
-1
-1
-1
-1
-1
-1
-1
-1
-1
-1
-1
-1
-1
-1
-1
-1
-1
-1
-1
-1
-1
-1
-1
-1
-1
-1
-1
-1
-1
-1
-1
-1
-1
-1
-1
-1
-1
-1
-1
-1
-1
-1
-1
-1
-1
-1
-1
392
393
394
395
396
397
398
419
420
421
422
423
424
425
428
429
430
431
432
433
434
437
438
439
440
441
442
443
446
447
448
449
450
451
452
383
384
385
386
387
388
389
455
456
457
458
459
460
461
410
411
412
413
414
415
416
401
402
403
404
405
406
407
518
519
520
521
522
523
524
572
573
574
575
576
577
578
274
283
292
301
309
311
319
464
465
466
467
468
469
470
626
627
628
629
630
631
632
500
501
502
503
504
505
506
581
582
583
584
585
586
587
617
618
619
620
621
622
623
473
474
475
476
477
478
479
536
537
538
539
540
541
542
635
636
637
638
639
640
641
320
321
322
323
324
325
326
563
564
565
566
567
568
569
482
483
484
485
486
487
488
527
528
529
530
531
532
533
671
672
673
674
675
676
677
680
681
682
683
684
685
686
599
600
601
602
603
604
605
653
654
655
656
657
658
659
293
294
295
296
297
298
299
509
510
511
512
513
514
515
-1
-1
-1
-1
-1
-1
-1
-1
-1
-1
-1
-1
-1
-1
-1
-1
-1
-1
-1
-1
-1
-1
-1
-1
-1
-1
-1
-1
-1
-1
-1
-1
-1
-1
-1
-1
-1
-1
-1
-1
-1
-1
-1
-1
-1
-1
-1
-1
-1
-1
-1
-1
-1
-1
-1
-1
696
-1
705
-1
714
-1
723
-1
-1
-1
-1
-1
-1
329
330
331
332
333
334
335
491
492
493
494
495
496
497
275
276
277
278
279
280
281
302
303
304
305
306
307
308
20
21
22
23
24
25
26
263
264
265
266
267
268
269
374
375
376
377
378
379
380
545
546
547
548
549
550
551
689
690
691
692
693
694
695
356
357
358
359
360
361
362
554
555
556
557
558
559
560
608
609
610
611
612
613
614
644
645
646
647
648
649
650
284
285
286
287
288
289
290
338
339
340
341
342
343
344
347
348
349
350
351
352
353
365
366
367
368
369
370
371
590
591
592
593
594
595
596
312
313
314
315
316
317
318
662
663
664
665
666
667
668
698
699
700
701
702
703
704
707
708
709
710
711
712
713
716
717
718
719
720
721
722
725
726
727
728
729
730
731
-1
-1
-1
-1
-1
-1
-1
-1
-1
-1
-1
-1
-1
-1
-1
-1
-1
-1
-1
-1
-1
-1
-1
-1
-1
-1
-1
-1
-1
-1
-1
-1
-1
-1
-1
-1
-1
-1
-1
-1
-1
-1
-1
-1
-1
-1
-1
-1
-1
-1
-1
-1
-1
-1
-1
-1
-1
-1
-1
-1
-1
-1
-1
-1
-1
-1
-1
-1
-1
-1
-1
-1
-1
-1
-1
-1
-1
-1
-1
-1
-1
-1
-1
-1
-1
-1
-1
-1
-1
-1
-1
-1
-1
-1
-1
-1
-1
-1
-1
-1
-1
-1
-1
-1
-1
-1
-1
-1
-1
-1
-1
-1
-1
-1
-1
-1
-1
-1
-1
-1
-1
-1
-1
-1
-1
-1
-1
-1
-1
-1
-1
-1
-1
-1
-1
-1
-1
-1
-1
-1
-1
-1
-1
-1
-1
-1
-1
-1
-1
-1
-1
-1
-1
-1
-1
-1
-1
-1
-1
-1
-1
-1
-1
-1
-1
-1
-1
-1
-1
-1
-1
-1
-1
-1
-1
-1
-1
-1
-1
-1
-1
-1
-1
-1
-1
-1
-1
-1
-1
-1
-1
-1
-1
-1
-1
-1
-1
-1
-1
-1
-1
-1
-1
-1
-1
-1
-1
-1
-1
-1
-1
-1
-1
-1
-1
-1
-1
-1
-1
-1
-1
-1
-1
-1
-1
-1
-1
-1
-1
-1
-1
-1
-1
-1
-1
-1
-1
-1
-1
-1
-1
-1
-1
-1
-1
-1
-1
-1
-1
-1
-1
-1
-1
-1
-1
-1
-1
-1
-1
-1
-1
-1
-1
-1
-1
-1
-1
-1
-1
-1
-1
-1
-1
-1
-1
-1
-1
-1
-1
-1
-1
-1
-1
-1
-1
-1
-1
-1
-1
-1
-1
-1
-1
-1
-1
-1
-1
-1
-1
-1
-1
-1
-1
-1
-1
-1
-1
-1
-1
-1
-1
-1
-1
-1
-1
-1
-1
-1
-1
-1
-1
-1
-1
-1
-1
-1
-1
-1
-1
-1
-1
-1
-1
-1
-1
-1
-1
-1
-1
-1
-1
-1
-1
-1
-1
-1
-1
-1
-1
-1
-1
-1
-1
-1
-1
-1
-1
-1
-1
-1
-1
-1
-1
-1
-1
-1
-1
-1
-1
-1
-1
-1
-1
-1
-1
-1
-1
-1
-1
-1
-1
-1
-1
-1
-1
-1
-1
-1
-1
-1
-1
-1
-1
-1
-1
-1
-1
-1
-1
-1
-1
-1
-1
-1
-1
-1
-1
-1
-1
-1
-1
-1
-1
-1
-1
-1
-1
-1
-1
-1
-1
-1
-1
-1
-1
-1
-1
-1
-1
-1
-1
-1
-1
-1
-1
-1
-1
-1
-1
-1
-1
-1
-1
-1
-1
-1
-1
-1
-1
-1
-1
-1
-1
-1
-1
-1
-1
-1
-1
-1
-1
-1
-1
-1
-1
-1
-1
-1
-1
-1
-1
-1
-1
-1
-1
-1
-1
-1
-1
-1
-1
-1
-1
-1
-1
-1
-1
-1
-1
-1
-1
-1
-1
-1
-1
-1
-1
-1
-1
-1
-1
-1
-1
-1
-1
-1
-1
-1
-1
-1
-1
-1
-1
-1
-1
-1
-1
-1
-1
-1
-1
-1
-1
-1
-1
-1
-1
-1
-1
-1
-1
-1
-1
-1
-1
-1
-1
-1
-1
-1
-1
-1
-1
-1
-1
-1
-1
-1
-1
-1
-1
-1
-1
-1
-1
-1
-1
-1
-1
-1
-1
-1
-1
-1
-1
-1
-1
-1
-1
-1
-1
-1
-1
-1
-1
-1
-1
-1
-1
-1
-1
-1
-1
-1
-1
-1
-1
-1
-1
-1
-1
-1
-1
-1
-1
-1
-1
-1
-1
-1
-1
-1
-1
-1
-1
-1
-1
-1
-1
-1
-1
-1
-1
-1
-1
-1
-1
-1
-1
-1
-1
-1
-1
-1
-1
-1
-1
-1
-1
-1
-1
-1
-1
-1
-1
-1
-1
-1
-1
-1
-1
-1
-1
-1
-1
-1
-1
-1
-1
-1
-1
-1
-1
-1
-1
-1
-1
-1
-1
-1
-1
-1
-1
-1
-1
-1
-1
-1
-1
-1
-1
-1
-1
-1
-1
-1
-1
-1
-1
-1
-1
-1
-1
-1
-1
-1
-1
-1
-1
-1
-1
-1
-1
-1
-1
-1
-1
-1
-1
-1
-1
-1
-1
-1
-1
-1
-1
-1
-1
-1
-1
-1
-1
-1
-1
-1
-1
-1
-1
-1
-1
-1
-1
-1
-1
-1
-1
-1
-1
-1
-1
-1
-1
-1
-1
-1
-1
-1
-1
-1
-1
-1
-1
-1
-1
-1
-1
-1
-1
-1
-1
-1
-1
-1
-1
-1
-1
-1
-1
-1
-1
-1
-1
-1
-1
-1
-1
-1
-1
-1
-1
-1
-1
-1
-1
-1
-1
-1
-1
-1
-1
-1
-1
-1
-1
-1
-1
-1
-1
-1
-1
-1
-1
-1
-1
-1
-1
-1
-1
-1
-1
-1
-1
-1
-1
-1
-1
-1
-1
-1
-1
-1
-1
-1
-1
-1
-1
-1
-1
-1
-1
-1
-1
-1
-1
-1
-1
-1
-1
-1
-1
-1
-1
-1
-1
-1
-1
-1
-1
-1
-1
-1
-1
-1
-1
-1
-1
-1
-1
-1
-1
-1
-1
-1
-1
-1
-1
-1
-1
-1
-1
-1
-1
-1
-1
-1
-1
-1
-1
-1
-1
-1
-1
-1
-1
-1
-1
-1
-1
-1
-1
-1
-1
-1
-1
-1
-1
-1
-1
-1
-1
-1
-1
-1
-1
-1
-1
-1
-1
-1
-1
-1
-1
-1
-1
-1
-1
-1
-1
-1
-1
-1
-1
-1
-1
-1
-1
-1
-1
-1
-1
-1
-1
-1
-1
-1
-1
-1
-1
-1
-1
-1
-1
-1
-1
-1
-1
-1
-1
-1
-1
-1
-1
-1
-1
-1
-1
-1
-1
-1
-1
-1
-1
-1
-1
-1
-1
-1
-1
-1
-1
-1
-1
-1
-1
-1
-1
-1
-1
-1
-1
-1
-1
-1
-1
-1
-1
-1
-1
-1
-1
-1
-1
-1
-1
-1
-1
-1
-1
-1
-1
-1
-1
-1
-1
-1
-1
-1
-1
-1
-1
-1
-1
-1
-1
-1
-1
-1
-1
-1
-1
-1
-1
-1
-1
-1
-1
-1
-1
-1
-1
-1
-1
-1
-1
-1
-1
-1
-1
-1
-1
-1
-1
-1
-1
-1
-1
-1
-1
-1
-1
-1
-1
-1
-1
-1
-1
-1
-1
-1
-1
-1
-1
-1
-1
-1
-1
-1
-1
-1
-1
-1
-1
-1
-1
-1
-1
-1
-1
-1
-1
-1
-1
-1
-1
-1
-1
-1
-1
-1
-1
-1
-1
-1
-1
-1
-1
-1
-1
-1
-1
-1
-1
-1
-1
-1
-1
-1
-1
-1
-1
-1
-1
-1
-1
-1
-1
-1
-1
-1
-1
-1
-1
-1
-1
-1
-1
-1
-1
-1
-1
-1
-1
-1
-1
-1
-1
-1
-1
-1
-1
-1
-1
-1
-1
-1
-1
-1
-1
-1
-1
-1
-1
-1
-1
-1
-1
-1
-1
-1
-1
-1
-1
-1
-1
-1
-1
-1
-1
-1
-1
-1
-1
-1
-1
-1
-1
-1
-1
-1
-1
-1
-1
-1
-1
-1
-1
-1
-1
-1
-1
-1
-1
-1
-1
-1
-1
-1
-1
-1
-1
-1
-1
-1
-1
-1
-1
-1
-1
-1
-1
-1
-1
-1
-1
-1
-1
-1
-1
-1
-1
-1
-1
-1
-1
-1
-1
-1
-1
-1
-1
-1
-1
-1
-1
-1
-1
-1
-1
-1
-1
-1
-1
-1
-1
-1
-1
-1
-1
-1
-1
-1
-1
-1
-1
-1
-1
-1
-1
-1
-1
-1
-1
-1
-1
-1
-1
-1
-1
-1
-1
-1
-1
-1
-1
-1
-1
-1
-1
-1
-1
-1
-1
-1
-1
-1
-1
-1
-1
-1
-1
-1
-1
-1
-1
-1
-1
-1
-1
-1
-1
-1
-1
-1
-1
-1
-1
-1
-1
-1
-1
-1
-1
-1
-1
-1
-1
-1
-1
-1
-1
-1
-1
-1
-1
-1
-1
-1
-1
-1
-1
-1
-1
-1
-1
-1
-1
-1
-1
-1
-1
-1
-1
-1
-1
-1
-1
-1
-1
-1
-1
-1
-1
-1
-1
-1
-1
-1
-1
-1
-1
-1
-1
-1
-1
-1
-1
-1
-1
-1
-1
-1
-1
-1
-1
-1
-1
-1
-1
-1
-1
-1
-1
-1
-1
-1
-1
-1
-1
-1
-1
-1
-1
-1
-1
-1
-1
-1
-1
-1
-1
-1
-1
-1
-1
-1
-1
-1
-1
-1
-1
-1
-1
-1
-1
-1
-1
-1
-1
-1
-1
-1
-1
-1
-1
-1
-1
-1
-1
-1
-1
-1
-1
-1
-1
-1
-1
-1
-1
-1
-1
-1
-1
-1
-1
-1
-1
-1
-1
-1
-1
-1
-1
-1
-1
-1
-1
-1
-1
-1
-1
-1
-1
-1
-1
-1
-1
-1
-1
-1
-1
-1
-1
-1
-1
-1
-1
-1
-1
-1
-1
-1
-1
-1
-1
-1
-1
-1
-1
-1
-1
-1
-1
-1
-1
-1
-1
-1
-1
-1
-1
-1
-1
-1
-1
-1
-1
-1
-1
-1
-1
-1
-1
-1
-1
-1
-1
-1
-1
-1
-1
-1
-1
-1
-1
-1
-1
-1
-1
-1
-1
-1
-1
-1
-1
-1
-1
-1
-1
-1
-1
-1
-1
-1
-1
-1
-1
-1
-1
-1
-1
-1
-1
-1
-1
-1
-1
-1
-1
-1
-1
-1
-1
-1
-1
-1
-1
-1
-1
-1
-1
-1
-1
-1
-1
-1
-1
-1
-1
-1
-1
-1
-1
-1
-1
-1
-1
-1
-1
-1
-1
-1
-1
-1
-1
-1
-1
-1
-1
-1
-1
-1
-1
-1
-1
-1
-1
-1
-1
-1
-1
-1
-1
-1
-1
-1
-1
-1
-1
-1
-1
-1
-1
-1
-1
-1
-1
-1
-1
-1
-1
-1
-1
-1
-1
-1
-1
-1
-1
-1
-1
-1
-1
-1
-1
-1
-1
-1
-1
-1
-1
-1
-1
-1
-1
-1
-1
-1
-1
-1
-1
-1
-1
-1
-1
-1
-1
-1
-1
-1
-1
-1
-1
-1
-1
-1
-1
-1
-1
-1
-1
-1
-1
-1
-1
-1
-1
-1
-1
-1
-1
-1
-1
-1
-1
-1
-1
-1
-1
-1
-1
-1
-1
-1
-1
-1
-1
-1
-1
-1
-1
-1
-1
-1
-1
-1
-1
-1
-1
-1
-1
-1
-1
-1
-1
-1
-1
-1
-1
-1
-1
-1
-1
-1
-1
-1
-1
-1
-1
-1
-1
-1
-1
-1
-1
-1
-1
-1
-1
-1
-1
-1
-1
-1
-1
-1
-1
-1
-1
-1
-1
-1
-1
-1
-1
-1
-1
-1
-1
-1
-1
-1
-1
-1
-1
-1
-1
-1
-1
-1
-1
-1
-1
-1
-1
-1
-1
-1
-1
-1
-1
-1
-1
-1
-1
-1
-1
-1
-1
-1
-1
-1
-1
-1
-1
-1
-1
-1
-1
-1
-1
-1
-1
-1
-1
-1
-1
-1
-1
-1
-1
-1
-1
-1
-1
-1
-1
-1
-1
-1
-1
-1
-1
-1
-1
-1
-1
-1
-1
-1
-1
-1
-1
-1
-1
-1
-1
-1
-1
-1
-1
-1
-1
-1
-1
-1
-1
-1
-1
-1
-1
-1
-1
-1
-1
-1
-1
-1
-1
-1
-1
-1
-1
-1
-1
-1
-1
-1
-1
-1
-1
-1
-1
-1
-1
-1
-1
-1
-1
-1
-1
-1
-1
-1
-1
-1
-1
-1
-1
-1
-1
-1
-1
-1
-1
-1
-1
-1
-1
-1
-1
-1
-1
-1
-1
-1
-1
-1
-1
-1
-1
-1
-1
-1
-1
-1
-1
-1
-1
-1
-1
-1
-1
-1
-1
-1
-1
-1
-1
-1
-1
-1
-1
-1
-1
-1
-1
-1
-1
-1
-1
-1
-1
-1
-1
-1
-1
-1
-1
-1
-1
-1
-1
-1
-1
-1
-1
-1
-1
-1
-1
-1
-1
-1
-1
-1
-1
-1
-1
-1
-1
-1
-1
-1
-1
-1
-1
-1
-1
-1
-1
-1
-1
-1
-1
-1
-1
-1
-1
-1
-1
-1
-1
-1
-1
-1
-1
-1
-1
-1
-1
-1
-1
-1
-1
-1
-1
-1
-1
-1
-1
-1
-1
-1
-1
-1
-1
-1
-1
-1
-1
-1
-1
-1
-1
-1
-1
-1
-1
-1
-1
-1
-1
-1
-1
-1
-1
-1
-1
-1
-1
-1
-1
-1
-1
-1
-1
-1
-1
-1
-1
-1
-1
-1
-1
-1
-1
-1
-1
-1
-1
-1
-1
-1
-1
-1
-1
-1
-1
-1
-1
-1
-1
-1
-1
-1
-1
-1
-1
-1
-1
-1
-1
-1
-1
-1
-1
-1
-1
-1
-1
-1
-1
-1
-1
-1
-1
-1
-1
-1
-1
-1
-1
-1
-1
-1
-1
-1
-1
-1
-1
-1
-1
-1
-1
-1
-1
-1
-1
-1
-1
-1
-1
-1
-1
-1
-1
-1
-1
-1
-1
-1
-1
-1
-1
-1
-1
-1
-1
-1
-1
-1
-1
-1
-1
-1
-1
-1
-1
-1
-1
-1
-1
-1
-1
-1
-1
-1
-1
-1
-1
-1
-1
-1
-1
-1
-1
-1
-1
-1
-1
-1
-1
-1
-1
-1
-1
-1
-1
-1
-1
-1
-1
-1
-1
-1
-1
-1
-1
-1
-1
-1
-1
-1
-1
-1
-1
-1
-1
-1
-1
-1
-1
-1
-1
-1
-1
-1
-1
-1
-1
-1
-1
-1
-1
-1
-1
-1
-1
-1
-1
-1
-1
-1
-1
-1
-1
-1
-1
-1
-1
-1
-1
-1
-1
-1
-1
-1
-1
-1
-1
-1
-1
-1
-1
-1
-1
-1
-1
-1
-1
-1
-1
-1
-1
-1
-1
-1
-1
-1
-1
-1
-1
-1
-1
-1
-1
-1
-1
-1
-1
-1
-1
-1
-1
-1
-1
-1
-1
-1
-1
-1
-1
-1
-1
-1
-1
-1
-1
-1
-1
-1
-1
-1
-1
-1
-1
-1
-1
-1
-1
-1
-1
-1
-1
-1
-1
-1
-1
-1
-1
-1
-1
-1
-1
-1
-1
-1
-1
-1
-1
-1
-1
-1
-1
-1
-1
-1
-1
-1
-1
-1
-1
-1
-1
-1
-1
-1
-1
-1
-1
-1
-1
-1
-1
-1
-1
-1
-1
-1
-1
-1
-1
-1
-1
-1
-1
-1
-1
-1
-1
-1
-1
-1
-1
-1
-1
-1
-1
-1
-1
-1
-1
-1
-1
-1
-1
-1
-1
-1
-1
-1
-1
-1
-1
-1
-1
-1
-1
-1
-1
-1
-1
-1
-1
-1
-1
-1
-1
-1
-1
-1
-1
-1
-1
-1
-1
-1
-1
-1
-1
-1
-1
-1
-1
-1
-1
-1
-1
-1
-1
-1
-1
-1
-1
-1
-1
-1
-1
-1
-1
-1
-1
-1
-1
-1
-1
-1
-1
-1
-1
-1
-1
-1
-1
-1
-1
-1
-1
-1
-1
-1
-1
-1
-1
-1
-1
-1
-1
-1
-1
-1
-1
-1
-1
-1
-1
-1
-1
-1
-1
-1
-1
-1
-1
-1
-1
-1
-1
-1
-1
-1
-1
-1
-1
-1
-1
-1
-1
-1
-1
-1
-1
-1
-1
-1
-1
-1
-1
-1
-1
-1
-1
-1
-1
-1
-1
-1
-1
-1
-1
-1
-1
-1
-1
-1
-1
-1
-1
-1
-1
-1
-1
-1
-1
-1
-1
-1
-1
-1
-1
-1
-1
-1
-1
-1
-1
-1
-1
-1
-1
-1
-1
-1
-1
-1
-1
-1
-1
-1
-1
-1
-1
-1
-1
-1
-1
-1
-1
-1
-1
-1
-1
-1
-1
-1
-1
-1
-1
-1
-1
-1
-1
-1
-1
-1
-1
-1
-1
-1
-1
-1
-1
-1
-1
-1
-1
-1
-1
-1
-1
-1
-1
-1
-1
-1
-1
-1
-1
-1
-1
-1
-1
-1
-1
-1
-1
-1
-1
-1
-1
-1
-1
-1
-1
-1
-1
-1
-1
-1
-1
-1
-1
-1
-1
-1
-1
-1
-1
-1
-1
-1
-1
-1
-1
-1
-1
-1
-1
-1
-1
-1
-1
-1
-1
-1
-1
-1
-1
-1
-1
-1
-1
-1
-1
-1
-1
-1
-1
-1
-1
-1
-1
-1
-1
-1
-1
-1
-1
-1
-1
-1
-1
-1
-1
-1
-1
-1
-1
-1
-1
-1
-1
-1
-1
-1
-1
-1
-1
-1
-1
-1
-1
-1
-1
-1
-1
-1
-1
-1
-1
-1
-1
-1
-1
-1
-1
-1
-1
-1
-1
-1
-1
-1
-1
-1
-1
-1
-1
-1
-1
-1
-1
-1
-1
-1
-1
-1
-1
-1
-1
-1
-1
-1
-1
-1
-1
-1
-1
-1
-1
-1
-1
-1
-1
-1
-1
-1
-1
-1
-1
-1
-1
-1
-1
-1
-1
-1
-1
-1
-1
-1
-1
-1
-1
-1
-1
-1
-1
-1
-1
-1
-1
-1
-1
-1
-1
-1
-1
-1
-1
-1
-1
-1
-1
-1
-1
-1
-1
-1
-1
-1
-1
-1
-1
-1
-1
-1
-1
-1
-1
-1
-1
-1
-1
-1
-1
-1
-1
-1
-1
-1
-1
-1
-1
-1
-1
-1
-1
-1
-1
-1
-1
-1
-1
-1
-1
-1
-1
-1
-1
-1
-1
-1
-1
-1
-1
-1
-1
-1
-1
-1
-1
-1
-1
-1
-1
-1
-1
-1
-1
-1
-1
-1
-1
-1
-1
-1
-1
-1
-1
-1
-1
-1
-1
-1
-1
-1
-1
-1
-1
-1
-1
-1
-1
-1
-1
-1
-1
-1
-1
-1
-1
-1
-1
-1
-1
-1
-1
-1
-1
-1
-1
-1
-1
-1
-1
-1
-1
-1
-1
-1
-1
-1
-1
-1
-1
-1
-1
-1
-1
-1
-1
-1
-1
-1
-1
-1
-1
-1
-1
-1
-1
-1
-1
-1
-1
-1
-1
-1
-1
-1
-1
-1
-1
-1
-1
-1
-1
-1
-1
-1
-1
-1
-1
-1
-1
-1
-1
-1
-1
-1
-1
-1
-1
-1
-1
-1
-1
-1
-1
-1
-1
-1
-1
-1
-1
-1
-1
-1
-1
-1
-1
-1
-1
-1
-1
-1
-1
-1
-1
-1
-1
-1
-1
-1
-1
-1
-1
-1
-1
-1
-1
-1
-1
-1
-1
-1
-1
-1
-1
-1
-1
-1
-1
-1
-1
-1
-1
-1
-1
-1
-1
-1
-1
-1
-1
-1
-1
-1
-1
-1
-1
-1
-1
-1
-1
-1
-1
-1
-1
-1
-1
-1
-1
-1
-1
-1
-1
-1
-1
-1
-1
-1
-1
-1
-1
-1
-1
-1
-1
-1
-1
-1
-1
-1
-1
-1
-1
-1
-1
-1
-1
-1
-1
-1
-1
-1
-1
-1
-1
-1
-1
-1
-1
-1
-1
-1
-1
-1
-1
-1
-1
-1
-1
-1
-1
-1
-1
-1
-1
-1
-1
-1
-1
-1
-1
-1
-1
-1
-1
-1
-1
-1
-1
-1
-1
-1
-1
-1
-1
-1
-1
-1
-1
-1
-1
-1
-1
-1
-1
-1
-1
-1
-1
-1
-1
-1
-1
-1
-1
-1
-1
-1
-1
-1
-1
-1
-1
732
-1
-1
-1
757
-1
-1
-1
782
-1
-1
-1
-1
-1
-1
-1
-1
-1
-1
-1
-1
-1
-1
-1
-1
-1
-1
-1
-1
-1
-1
-1
-1
-1
-1
-1
-1
-1
-1
-1
-1
-1
-1
-1
-1
-1
-1
-1
-1
-1
-1
-1
-1
-1
-1
-1
-1
-1
-1
-1
-1
-1
-1
-1
-1
-1
-1
-1
-1
-1
-1
-1
-1
-1
-1
-1
-1
-1
-1
-1
-1
-1
-1
-1
-1
-1
-1
-1
-1
-1
-1
-1
-1
-1
-1
-1
-1
-1
-1
-1
-1
-1
-1
-1
-1
-1
-1
-1
-1
-1
-1
-1
-1
-1
-1
-1
-1
-1
-1
-1
-1
-1
-1
-1
-1
-1
-1
-1
-1
-1
-1
-1
-1
-1
-1
-1
-1
-1
-1
-1
-1
-1
-1
-1
-1
-1
-1
-1
-1
-1
-1
-1
-1
-1
-1
-1
-1
-1
-1
-1
-1
-1
-1
-1
-1
-1
-1
-1
-1
-1
-1
-1
-1
-1
-1
-1
-1
-1
-1
-1
-1
-1
-1
-1
-1
-1
-1
-1
-1
-1
-1
-1
-1
-1
-1
-1
-1
-1
-1
-1
-1
-1
-1
-1
-1
-1
-1
-1
-1
-1
-1
-1
-1
-1
-1
-1
-1
-1
-1
-1
-1
-1
-1
-1
-1
-1
-1
-1
-1
-1
-1
-1
-1
-1
-1
-1
-1
-1
-1
-1
-1
-1
-1
-1
-1
-1
-1
-1
-1
-1
-1
-1
-1
-1
-1
-1
-1
-1
-1
-1
-1
-1
-1
-1
-1
-1
-1
-1
-1
-1
-1
-1
-1
-1
-1
-1
-1
-1
-1
-1
-1
-1
-1
-1
-1
-1
-1
-1
735
743
745
753
754
755
756
760
768
770
778
779
780
781
784
785
786
787
788
789
790
746
747
748
749
750
751
752
761
762
763
764
765
766
767
736
737
738
739
740
741
742
771
772
773
774
775
776
777
791
-1
800
-1
809
-1
818
-1
-1
-1
-1
-1
-1
-1
-1
-1
-1
-1
-1
-1
-1
-1
-1
-1
-1
-1
-1
-1
-1
-1
-1
-1
-1
-1
-1
-1
802
803
804
805
806
807
808
811
812
813
814
815
816
817
793
794
795
796
797
798
799
820
821
822
823
824
825
826
-1
-1
-1
-1
-1
-1
-1
-1
-1
-1
-1
-1
-1
-1
-1
-1
-1
-1
-1
-1
-1
-1
-1
-1
-1
-1
-1
-1
-1
-1
-1
-1
-1
-1
-1
-1
-1
-1
-1
-1
-1
-1
-1
-1
-1
-1
-1
-1
-1
-1
-1
-1
-1
-1
-1
-1
-1
-1
-1
-1
-1
-1
-1
-1
-1
-1
827
836
-1
-1
-1
-1
-1
-1
-1
-1
-1
-1
-1
-1
-1
-1
-1
-1
-1
-1
-1
-1
-1
-1
-1
-1
-1
-1
-1
-1
-1
-1
-1
-1
-1
-1
-1
-1
-1
-1
-1
-1
-1
-1
-1
-1
-1
-1
-1
-1
-1
-1
-1
-1
-1
-1
-1
-1
-1
-1
-1
-1
-1
-1
-1
-1
-1
-1
-1
-1
-1
-1
-1
-1
-1
-1
-1
-1
-1
-1
-1
-1
-1
-1
-1
-1
-1
-1
-1
-1
-1
-1
-1
-1
-1
-1
-1
-1
-1
-1
-1
-1
-1
-1
-1
-1
845
-1
-1
-1
-1
-1
854
-1
-1
-1
-1
-1
-1
-1
-1
-1
-1
-1
-1
-1
-1
-1
-1
-1
-1
-1
-1
-1
-1
-1
-1
-1
-1
-1
-1
-1
-1
-1
-1
-1
-1
-1
-1
-1
-1
-1
-1
-1
-1
-1
-1
-1
-1
-1
-1
-1
-1
-1
-1
-1
-1
-1
-1
-1
-1
-1
-1
-1
-1
-1
-1
-1
-1
-1
-1
-1
-1
-1
-1
-1
-1
-1
-1
-1
-1
-1
-1
-1
-1
-1
-1
-1
-1
-1
-1
-1
-1
-1
-1
-1
-1
-1
-1
-1
-1
-1
-1
-1
856
857
858
859
860
861
862
838
839
840
841
842
843
844
829
830
831
832
833
834
835
847
848
849
850
851
852
853
)


// ************************************************************************* //
