/*--------------------------------*- C++ -*----------------------------------*\
  =========                 |
  \\      /  F ield         | OpenFOAM: The Open Source CFD Toolbox
   \\    /   O peration     | Website:  https://openfoam.org
    \\  /    A nd           | Version:  9
     \\/     M anipulation  |
\*---------------------------------------------------------------------------*/
FoamFile
{
    format      ascii;
    class       labelList;
    note        "nPoints:6267  nCells:4522  nFaces:15189  nInternalFaces:13269";
    location    "0.00025/polyMesh";
    object      neighbour;
}
// * * * * * * * * * * * * * * * * * * * * * * * * * * * * * * * * * * * * * //


13269
(
4
15
58
427
428
431
433
434
435
439
440
64
65
66
5
7
28
337
338
339
14
79
504
505
508
509
511
512
515
517
85
86
87
35
344
345
346
1295
1351
1353
1354
1410
1573
16
35
351
352
353
105
106
111
122
1723
105
112
127
595
596
599
600
602
603
607
608
1726
119
120
125
134
119
126
140
630
631
634
635
637
638
642
643
681
682
684
134
169
651
652
655
657
665
666
670
671
133
182
358
359
360
148
735
736
739
741
742
743
746
748
155
763
764
767
769
770
771
774
776
28
365
366
367
168
169
174
176
175
176
179
168
189
372
373
374
175
189
190
194
42
113
197
938
939
942
943
952
953
957
958
1595
43
197
203
204
209
1634
29
44
212
973
974
978
979
980
981
985
986
1387
128
196
379
380
381
1593
203
217
224
225
229
1629
141
266
386
387
388
232
280
393
394
395
400
401
402
254
1141
1142
1145
1147
1148
1149
1152
1153
260
261
262
183
273
407
408
409
190
274
1211
1212
1215
1216
1225
1226
1230
1231
267
281
287
1171
1172
1175
1239
1240
1243
1245
1246
1247
1251
1252
274
287
288
292
414
415
416
106
1288
1290
1291
1473
112
301
305
307
1288
1484
1338
1339
1340
1470
45
1303
1304
1305
1471
1316
1318
1319
47
308
310
311
301
315
317
318
1480
315
1295
1299
1301
1509
49
323
324
325
1310
1311
1312
1477
1344
1346
1347
1380
1478
329
331
332
1323
1328
1329
1344
1358
1331
1332
1333
1387
1351
1372
1376
1378
1438
1880
1366
1367
1368
1389
1457
1458
1461
1500
1379
1380
1385
1458
1858
1358
1359
1361
1379
1451
1450
1451
1456
1457
98
108
136
421
422
423
85
99
156
428
429
430
61
62
86
109
137
157
435
436
437
102
138
158
442
443
444
88
104
110
420
422
424
425
427
430
431
432
589
590
592
111
139
420
423
425
426
434
437
438
440
67
68
69
147
154
178
729
731
732
758
759
760
67
68
148
68
69
155
67
69
179
151
180
153
159
160
181
199
210
234
449
450
451
92
100
200
456
457
458
93
211
247
463
464
465
101
235
248
470
471
472
103
201
236
477
478
479
214
237
250
484
485
486
95
202
216
491
492
493
245
259
276
498
499
500
149
246
505
506
507
82
83
260
150
277
512
513
514
152
249
278
519
520
521
263
279
497
499
502
503
511
514
516
517
251
265
497
500
501
502
504
507
508
510
1128
1129
1131
88
89
90
294
1289
1317
88
89
295
428
430
431
1269
1270
1271
88
90
1290
89
90
1318
298
1292
299
1320
1293
1322
95
96
97
316
322
330
296
317
526
527
528
323
533
534
535
297
331
540
541
542
319
326
492
493
494
525
527
529
531
532
534
536
537
300
320
333
525
528
530
531
539
541
543
544
327
334
532
535
537
538
539
542
544
545
115
143
547
548
549
163
295
554
555
556
116
296
561
562
563
144
164
568
569
570
145
165
575
576
577
117
146
582
583
584
118
298
589
590
591
107
108
123
1745
107
109
1746
110
112
1288
1747
110
111
115
124
422
423
425
603
605
607
110
111
1290
118
1292
125
113
118
1738
301
595
597
599
601
609
610
614
615
1739
128
196
596
597
598
1740
131
603
604
605
200
303
610
611
612
132
201
617
618
619
305
589
591
593
602
605
606
607
609
612
613
615
121
124
135
121
122
1724
123
126
1752
123
125
1753
124
127
1754
125
131
136
638
639
642
659
661
663
139
127
130
1725
623
624
627
628
637
639
641
642
1731
624
625
626
1732
142
218
631
632
633
219
623
625
627
629
630
632
634
636
1733
143
638
639
640
146
223
645
646
647
170
652
653
654
135
139
140
651
653
655
656
658
659
663
664
680
682
685
143
659
660
661
172
666
667
668
145
173
673
674
675
658
661
662
663
665
668
669
671
680
681
682
184
687
688
689
231
694
695
696
701
702
703
186
235
708
709
710
187
715
716
717
236
722
723
724
161
192
729
730
731
151
153
162
736
737
738
193
743
744
745
194
728
729
732
734
742
744
747
748
166
195
750
751
752
167
728
731
732
733
735
738
740
741
827
828
830
161
171
757
758
759
159
160
163
764
765
766
172
771
772
773
165
173
778
779
780
167
756
758
760
761
763
766
768
769
827
829
831
174
756
759
760
762
770
773
775
776
185
785
786
787
246
792
793
794
799
800
801
186
248
806
807
808
187
813
814
815
188
249
820
821
822
827
828
829
177
372
374
376
833
834
837
839
840
841
845
846
833
835
837
838
847
848
851
853
182
834
835
836
178
185
841
842
843
848
849
850
187
855
856
857
181
840
843
844
845
847
850
852
853
177
180
177
181
178
189
180
181
192
841
843
845
918
919
922
180
181
194
862
863
864
191
869
870
871
266
876
877
878
192
883
884
885
270
890
891
892
897
898
899
195
271
904
905
906
373
374
377
910
911
914
915
917
918
922
923
910
912
914
916
924
925
929
930
273
911
912
913
918
919
920
277
925
926
927
917
919
921
922
924
926
928
929
278
932
933
934
939
940
941
1609
198
202
315
1610
203
217
938
940
942
944
945
946
950
951
1611
206
222
946
947
948
317
953
954
955
223
960
961
962
209
319
491
492
495
945
948
949
950
952
955
956
958
205
206
1636
205
207
1295
1410
1632
208
224
1408
1597
208
209
210
229
946
948
950
968
969
971
208
209
212
1297
1412
215
230
1413
216
1299
241
967
968
969
253
323
974
975
976
215
216
324
1395
242
255
981
982
983
1397
243
256
988
989
990
244
966
968
971
972
980
983
984
986
1398
326
491
493
496
966
969
970
971
973
976
977
979
220
378
379
382
384
1001
1002
1005
1006
1602
231
995
996
997
220
378
380
382
383
994
995
998
999
1603
221
225
1604
227
233
994
996
998
1000
1001
1003
1006
1007
1030
1032
1034
229
234
1002
1003
1004
236
1009
1010
1011
226
230
1417
1628
226
227
1627
228
1415
1596
228
229
238
230
239
1418
230
241
1002
1003
1006
1065
1067
1069
244
1421
1016
1017
1018
268
1023
1024
1025
238
1030
1031
1032
241
1037
1038
1039
270
1044
1045
1046
1051
1052
1053
243
272
1058
1059
1060
239
392
393
396
397
1031
1032
1035
1064
1065
1069
1070
240
244
1392
282
392
394
396
398
1071
1072
1076
1077
1402
1065
1066
1067
284
1072
1073
1074
1405
285
1079
1080
1081
1064
1067
1068
1069
1071
1074
1075
1077
1406
252
269
1086
1087
1088
1093
1094
1095
253
1100
1101
1102
270
1107
1108
1109
271
1114
1115
1116
256
272
1121
1122
1123
258
1128
1129
1130
259
283
1135
1136
1137
1142
1143
1144
257
258
261
284
1149
1150
1151
285
1156
1157
1158
264
286
1134
1136
1139
1140
1148
1151
1152
1154
265
1128
1130
1132
1134
1137
1138
1139
1141
1144
1146
1147
263
264
265
290
499
500
502
1136
1137
1139
263
265
264
265
263
264
291
292
293
1163
1164
1165
275
1170
1171
1172
280
1177
1178
1179
276
283
1184
1185
1186
1191
1192
1193
278
1198
1199
1200
285
1205
1206
1207
1212
1213
1214
275
279
287
1170
1172
1174
1211
1213
1215
1217
1218
1219
1223
1224
290
1219
1220
1221
1226
1227
1228
1233
1234
1235
292
1218
1221
1222
1224
1225
1228
1229
1231
1240
1241
1242
282
286
289
1239
1241
1243
1244
1253
1254
1257
1259
290
1247
1248
1249
1254
1255
1256
1261
1262
1263
293
1246
1249
1250
1252
1253
1256
1258
1259
289
290
289
291
293
292
293
1219
1221
1224
1247
1249
1252
292
293
298
299
300
302
309
1268
1269
1270
303
1275
1276
1277
310
1282
1283
1284
305
590
591
594
1267
1269
1271
1272
1274
1276
1279
1280
312
1267
1270
1271
1273
1281
1283
1286
1287
306
314
1274
1277
1278
1280
1281
1284
1285
1286
303
304
1472
305
306
307
1289
1302
305
306
317
610
612
615
1276
1277
1280
306
307
318
1303
1483
1292
320
1307
1294
1308
1487
312
313
1316
312
313
314
1302
1317
312
314
331
1283
1284
1286
313
314
332
1305
1320
1306
1321
333
1307
319
321
1489
319
320
321
1296
1309
319
320
527
528
531
953
955
958
320
321
1310
1492
1299
1313
1301
1315
1494
326
327
328
1296
1325
326
327
534
535
537
974
976
979
326
328
1297
1331
327
328
1326
1333
1299
1327
1300
1329
1335
334
335
1324
333
334
335
1309
1325
333
334
541
542
544
333
335
1312
1313
1327
1314
1328
340
341
342
455
462
469
340
341
344
352
456
340
342
345
401
463
341
342
353
402
470
347
459
466
354
460
473
403
468
475
347
348
349
525
532
539
347
348
415
526
347
349
533
348
349
416
540
529
536
417
530
543
538
545
354
355
356
553
560
567
355
356
366
414
554
354
356
415
561
354
355
367
568
564
571
368
558
573
418
559
566
361
362
363
679
686
714
361
362
653
680
361
363
687
863
362
363
654
715
864
683
690
656
685
719
691
720
866
368
369
370
791
798
805
369
370
400
792
368
370
799
368
369
402
806
802
809
404
796
811
797
804
375
376
377
861
868
882
375
376
862
375
377
869
376
377
883
865
872
867
887
873
888
382
383
384
1008
382
384
940
1593
382
383
625
1593
383
384
626
941
1009
1593
629
1012
944
1013
389
390
391
1015
1022
1043
389
390
688
1016
389
391
1023
1164
390
391
689
1044
1165
1019
1026
692
1020
1048
1028
1049
1168
396
397
398
1078
396
397
1024
396
398
1241
397
398
1025
1079
1242
1027
1083
1084
1244
403
404
405
1092
1099
1106
404
405
1093
403
405
1100
403
404
1107
1103
1110
1097
1111
1098
1105
410
411
412
1162
1169
1197
410
411
870
1163
410
412
1170
1213
411
412
871
1198
1214
1166
1173
874
1167
1201
1174
1203
1217
417
418
419
1267
1274
1281
418
419
1268
417
418
1275
417
419
1282
1278
1285
1272
1279
1273
1287
424
425
426
441
424
426
442
547
660
424
425
549
425
426
661
445
550
446
662
431
432
433
441
431
433
764
432
433
443
555
765
431
432
556
445
557
447
767
438
439
440
441
439
440
771
438
439
444
667
772
438
440
668
446
669
447
774
445
446
447
445
446
575
674
445
447
576
779
446
447
675
780
578
676
781
452
453
454
476
483
490
452
454
477
947
1038
453
454
484
967
1039
452
453
491
948
969
481
495
949
487
496
970
482
488
1040
459
460
461
476
490
459
460
526
561
460
461
478
562
954
459
461
492
527
955
494
529
480
564
481
495
956
466
467
468
483
490
466
468
533
1100
467
468
485
975
1101
466
467
493
534
976
494
536
487
496
977
489
1103
473
474
475
476
483
473
475
568
1107
473
474
479
570
1045
474
475
486
1046
1109
480
571
482
488
1047
489
1110
480
481
482
481
482
961
1052
480
481
583
962
480
482
584
1053
585
963
1054
487
488
489
487
488
988
1059
487
489
989
1122
488
489
1060
1123
991
1061
1124
494
495
496
495
496
494
495
494
496
501
502
503
518
501
503
519
1086
1220
502
503
1221
501
502
1088
523
1089
524
1222
508
509
510
518
508
509
736
509
510
520
737
1094
508
510
1095
522
739
523
1096
515
516
517
518
515
517
743
515
516
521
745
1227
516
517
1228
522
746
524
1229
522
523
524
523
524
1114
1234
522
523
751
1115
522
524
752
1235
753
1117
1236
529
530
531
529
530
1275
529
531
530
531
1277
1278
536
537
538
536
538
536
537
537
538
543
544
545
543
545
1282
543
544
1284
544
545
1285
550
551
552
574
581
588
550
552
575
702
551
552
582
604
703
550
551
589
605
578
592
586
593
606
579
587
704
557
558
559
574
588
558
559
799
1268
557
558
576
800
557
559
590
1269
578
592
580
802
594
1272
564
565
566
581
588
564
566
1275
564
565
583
611
565
566
591
612
1276
585
586
593
613
594
1279
571
572
573
574
581
571
573
806
572
573
577
709
807
571
572
584
710
585
579
587
711
580
809
578
579
580
578
579
716
578
580
814
579
580
717
815
718
816
585
586
587
586
587
618
723
585
586
619
585
587
724
620
725
592
593
594
592
593
592
594
593
594
599
600
601
616
599
600
624
1740
599
601
939
1740
600
601
617
626
941
1740
621
628
622
943
606
607
608
616
607
608
639
606
608
618
640
606
607
620
621
641
613
614
615
616
614
615
953
613
614
619
954
613
615
620
622
957
620
621
622
621
622
645
960
620
621
647
620
622
962
648
964
627
628
629
644
627
628
1732
627
629
1732
628
629
645
1732
648
650
634
635
636
644
634
635
694
634
636
995
635
636
646
696
997
649
698
650
999
641
642
643
644
642
643
701
641
642
641
643
647
703
648
649
705
648
649
650
648
650
1009
649
650
722
1010
648
649
723
726
1012
655
656
657
672
655
657
835
655
656
656
657
673
836
677
678
838
662
663
664
672
663
664
701
662
664
674
702
662
663
676
677
706
669
670
671
672
670
671
848
669
670
675
849
669
671
676
678
851
676
677
678
677
678
715
855
676
677
716
676
678
857
719
858
683
684
685
693
700
683
685
683
684
694
684
685
701
697
698
705
706
690
691
692
693
707
690
691
876
690
692
695
691
692
708
878
697
712
880
699
713
697
698
699
721
697
698
697
699
1016
698
699
722
1018
726
727
1020
704
705
706
714
721
705
706
704
706
716
704
705
723
718
725
726
719
711
712
713
714
721
712
713
890
1044
711
712
717
891
711
713
724
1045
718
725
720
893
727
1048
718
719
720
719
720
897
718
719
718
720
899
900
725
726
727
726
727
1051
725
726
725
727
1053
1055
732
733
734
749
732
734
919
733
734
750
786
920
732
733
787
754
788
755
921
739
740
741
749
739
741
739
740
751
793
740
741
794
753
754
795
746
747
748
749
746
748
747
748
926
746
747
752
927
753
755
928
753
754
755
754
755
820
933
753
754
821
753
755
934
823
935
760
761
762
777
761
762
778
785
842
760
761
787
760
762
843
782
789
783
844
767
768
769
777
767
769
767
768
779
800
768
769
801
781
782
803
774
775
776
777
774
776
774
775
780
849
775
776
850
781
783
852
781
782
783
782
783
813
856
781
782
814
781
783
857
817
859
788
789
790
812
819
826
789
790
813
884
788
790
820
885
788
789
827
823
830
817
831
818
824
886
795
796
797
819
826
796
797
1093
795
796
821
1094
795
797
828
823
830
825
1097
832
802
803
804
812
826
802
804
802
803
814
803
804
829
816
817
831
832
809
810
811
812
819
809
811
1107
809
810
815
891
810
811
822
892
1108
816
818
824
894
825
1111
816
817
818
817
818
898
816
817
816
818
899
901
823
824
825
823
824
905
823
825
1115
824
825
906
1116
907
1118
830
831
832
830
831
830
832
831
832
837
838
839
854
837
839
862
837
838
838
839
855
864
858
860
867
844
845
846
854
845
846
883
844
846
856
884
844
845
859
860
887
851
852
853
854
851
853
851
852
857
852
853
858
859
858
859
860
858
860
897
859
860
898
858
859
902
865
866
867
875
896
865
867
865
866
876
866
867
897
879
880
900
902
872
873
874
875
903
872
873
911
872
874
877
873
874
904
913
879
908
915
881
909
879
880
881
889
879
880
879
881
1163
880
881
890
1165
893
895
1167
886
887
888
896
903
887
888
918
886
887
898
886
888
905
920
901
907
902
908
923
893
894
895
896
903
893
895
1191
893
894
899
894
895
906
1192
900
901
907
909
1194
900
901
902
900
902
901
902
900
901
907
908
909
908
909
932
1198
907
908
933
907
909
1200
936
1201
914
915
916
931
914
915
914
916
1212
915
916
932
1214
936
937
1216
921
922
923
931
922
923
921
922
921
923
933
935
936
928
929
930
931
929
930
1226
928
929
928
930
934
1227
935
937
1230
935
936
937
936
937
1233
935
936
935
937
1235
1237
942
943
944
959
942
943
1609
942
944
1609
943
944
960
1609
964
965
949
950
951
959
950
951
1002
949
951
961
1004
949
950
963
965
1005
956
957
958
959
957
958
956
957
962
956
958
963
964
963
964
965
964
965
1009
963
965
1011
963
964
1013
970
971
972
987
970
972
988
1066
971
972
1067
970
971
991
992
1068
977
978
979
987
978
979
1142
977
978
989
1143
977
979
991
993
1145
984
985
986
987
985
986
1149
1397
984
985
990
1073
1150
984
986
1074
1397
992
1075
993
1153
1397
991
992
993
991
992
1080
991
993
1157
992
993
1081
1158
1082
1159
998
999
1000
1008
998
999
998
1000
1017
999
1000
1010
1018
1012
1014
1021
1005
1006
1007
1008
1005
1006
1006
1007
1037
1005
1007
1011
1038
1013
1014
1041
1012
1013
1014
1012
1013
1012
1014
1051
1013
1014
1052
1056
1019
1020
1021
1029
1050
1019
1020
1019
1021
1030
1020
1021
1051
1033
1055
1034
1056
1026
1027
1028
1029
1057
1026
1028
1177
1026
1027
1031
1027
1028
1058
1179
1033
1035
1062
1063
1181
1033
1034
1035
1036
1033
1034
1033
1035
1034
1035
1037
1041
1042
1040
1041
1042
1050
1057
1041
1042
1065
1040
1041
1052
1040
1042
1059
1066
1054
1061
1056
1062
1070
1047
1048
1049
1050
1057
1048
1049
1191
1047
1048
1053
1047
1049
1060
1193
1054
1061
1055
1063
1195
1054
1055
1056
1055
1056
1054
1056
1054
1055
1061
1062
1063
1062
1063
1079
1205
1061
1062
1080
1061
1063
1207
1083
1208
1068
1069
1070
1078
1069
1070
1068
1070
1080
1068
1069
1082
1083
1075
1076
1077
1078
1076
1077
1254
1405
1075
1076
1081
1255
1075
1077
1405
1082
1084
1257
1405
1082
1083
1084
1083
1084
1261
1082
1083
1082
1084
1263
1264
1089
1090
1091
1113
1120
1127
1089
1091
1114
1185
1090
1091
1121
1135
1186
1089
1090
1128
1137
1117
1131
1125
1132
1138
1119
1126
1187
1096
1097
1098
1113
1127
1097
1098
1096
1097
1115
1096
1098
1129
1117
1131
1118
1133
1103
1104
1105
1120
1127
1103
1105
1103
1104
1122
1143
1104
1105
1130
1144
1124
1125
1132
1146
1133
1110
1111
1112
1113
1120
1110
1111
1111
1112
1116
1192
1110
1112
1123
1193
1124
1118
1119
1126
1196
1117
1118
1119
1117
1119
1199
1117
1118
1118
1119
1200
1202
1124
1125
1126
1125
1126
1156
1206
1124
1125
1157
1124
1126
1207
1160
1209
1131
1132
1133
1131
1132
1131
1133
1132
1133
1138
1139
1140
1155
1138
1140
1156
1248
1139
1140
1249
1138
1139
1160
1161
1250
1145
1146
1147
1155
1145
1147
1145
1146
1157
1146
1147
1159
1160
1152
1153
1154
1155
1152
1153
1153
1154
1158
1255
1152
1154
1256
1159
1161
1258
1159
1160
1161
1160
1161
1262
1159
1160
1159
1161
1263
1265
1166
1167
1168
1176
1190
1166
1167
1166
1168
1177
1167
1168
1191
1180
1194
1181
1195
1173
1174
1175
1176
1183
1173
1174
1173
1175
1178
1174
1175
1184
1180
1188
1182
1189
1180
1181
1182
1204
1180
1181
1180
1182
1240
1181
1182
1205
1242
1208
1210
1245
1187
1188
1189
1197
1204
1188
1189
1219
1247
1187
1188
1199
1220
1187
1189
1206
1248
1202
1209
1203
1223
1210
1251
1194
1195
1196
1197
1204
1194
1195
1194
1196
1200
1195
1196
1207
1201
1208
1202
1209
1201
1202
1203
1201
1203
1233
1202
1203
1234
1201
1202
1238
1208
1209
1210
1208
1210
1261
1209
1210
1262
1208
1209
1266
1215
1216
1217
1232
1215
1216
1215
1217
1216
1217
1233
1237
1238
1222
1223
1224
1232
1223
1224
1222
1223
1234
1222
1224
1236
1238
1229
1230
1231
1232
1230
1231
1229
1230
1235
1229
1231
1236
1237
1236
1237
1238
1237
1238
1236
1238
1236
1237
1243
1244
1245
1260
1243
1245
1243
1244
1244
1245
1261
1264
1266
1250
1251
1252
1260
1251
1252
1250
1251
1262
1250
1252
1265
1266
1257
1258
1259
1260
1257
1259
1257
1258
1263
1258
1259
1264
1265
1264
1265
1266
1264
1266
1265
1266
1264
1265
1271
1272
1273
1272
1273
1271
1272
1271
1273
1278
1279
1280
1278
1279
1279
1280
1278
1280
1285
1286
1287
1285
1287
1286
1287
1285
1286
1292
1294
1505
1292
1293
1294
1337
1292
1293
1293
1294
1338
1504
1342
1343
1508
1297
1298
1511
1299
1300
1301
1345
1299
1300
1353
1300
1301
1346
1354
1513
1349
1356
1350
1515
1306
1307
1308
1337
1307
1308
1310
1526
1306
1308
1339
1525
1306
1307
1312
1341
1313
1343
1529
1313
1314
1315
1345
1313
1315
1540
1314
1315
1347
1539
1313
1314
1348
1350
1543
1320
1321
1320
1321
1322
1337
1320
1322
1321
1322
1340
1341
1342
1324
1326
1360
1327
1328
1327
1328
1329
1345
1327
1329
1362
1348
1349
1363
1334
1335
1336
1352
1361
1365
1334
1335
1353
1395
1334
1336
1366
1396
1335
1336
1362
1355
1369
1400
1356
1363
1364
1370
1341
1342
1343
1342
1343
1561
1341
1343
1560
1341
1342
1564
1348
1349
1381
1348
1349
1350
1349
1350
1383
1568
1348
1350
1567
1384
1571
1355
1357
1409
1497
1355
1356
1357
1373
1382
1355
1356
1412
1356
1357
1383
1574
1376
1414
1384
1378
1385
1576
1360
1363
1381
1360
1364
1452
1362
1363
1364
1382
1453
1363
1364
1384
1455
1369
1370
1371
1373
1453
1369
1370
1423
1369
1371
1374
1424
1370
1371
1454
1376
1428
1455
1377
1456
1374
1375
1437
1495
1376
1377
1378
1460
1376
1377
1440
1377
1378
1461
1881
1442
1462
1463
1882
1381
1382
1459
1381
1383
1501
1384
1384
1385
1460
1384
1385
1859
1463
1861
1408
1409
1411
1416
1436
1622
1395
1396
1397
1436
1437
1441
1444
1804
1423
1424
1425
1415
1416
1419
1443
1618
1443
1444
1446
1594
1401
1402
1406
1418
1429
1430
1435
1446
1398
1399
1400
1404
1411
1422
1398
1400
1412
1399
1400
1423
1398
1399
1405
1406
1413
1407
1426
1414
1428
1403
1404
1419
1430
1403
1405
1407
1431
1406
1407
1420
1432
1406
1407
1421
1434
1410
1413
1417
1688
1410
1414
1438
1689
1412
1690
1413
1414
1420
1439
1413
1414
1421
1442
1417
1418
1681
1417
1420
1445
1683
1421
1684
1419
1421
1420
1447
1421
1448
1426
1427
1428
1432
1439
1426
1428
1427
1428
1440
1426
1427
1433
1434
1435
1441
1442
1431
1433
1431
1432
1447
1434
1434
1435
1448
1434
1435
1449
1438
1439
1445
1805
1438
1440
1621
1442
1803
1441
1442
1448
1441
1442
1449
1445
1447
1787
1445
1449
1788
1448
1789
1447
1449
1448
1449
1452
1454
1452
1453
1459
1455
1455
1456
1460
1455
1456
1462
1459
1462
1459
1463
1955
1460
1462
1463
1462
1463
1956
1957
1475
1516
1517
1519
1728
2167
1530
1544
1546
1549
1668
3787
1623
1878
1962
1963
1968
4254
1476
1579
1581
1582
3683
3695
1551
1553
1554
1727
3779
1843
1845
1846
3684
3696
1559
1560
1561
3699
1477
1524
1525
1526
3700
1480
1481
1483
1484
1739
1503
1504
1505
1746
1499
1850
1852
1853
3690
3702
1530
1531
1534
1640
2168
1586
1588
1589
3691
3703
1538
1539
1540
3706
1501
1566
1567
1568
3707
1510
1511
1514
1545
1572
1633
1488
1489
1492
1595
1485
1486
1488
1516
1742
1485
1486
1487
1502
1518
1523
1485
1487
1492
1526
1486
1487
1505
1738
1493
1521
1527
1507
1522
1744
1508
1529
1490
1493
1531
1613
1490
1494
1509
1610
1491
1510
1532
1615
1493
1494
1512
1533
1537
1493
1494
1540
1536
1541
1515
1543
1621
1878
1880
1881
4015
1577
1624
1886
1887
1890
1962
1573
1576
1577
1689
1880
1969
1971
1972
3746
4494
4509
1948
1949
1950
3747
3769
1955
1956
1959
3749
3778
1857
1858
1859
3750
1506
1507
1508
1552
1558
1506
1507
1554
1749
1506
1508
1561
1507
1508
1747
1556
1563
1557
1751
1564
1510
1511
1515
1634
1512
1546
1635
1513
1573
1632
1514
1515
1547
1565
1514
1515
1568
1574
1550
1569
1575
1571
1521
1522
1531
1760
1520
1522
1551
1761
3723
1520
1521
1522
1552
1580
1520
1521
1534
1581
3726
1555
1583
3727
1536
1584
1557
1765
1527
1528
1529
1558
1580
1527
1528
1538
1582
3708
1528
1529
1560
3709
1527
1529
1540
1541
1584
1562
1585
3711
1564
1532
1535
1641
3737
1532
1536
1642
1533
1546
1643
1535
1536
1547
1587
1535
1536
1588
3740
1549
1590
3741
1591
1541
1542
1543
1565
1587
1541
1542
1589
3715
1542
1543
1567
3717
1541
1543
1591
1570
1592
3718
1571
1545
1548
1669
1885
3786
1546
1550
1670
1887
1547
1671
1549
1550
1851
1549
1550
1852
1888
3789
1854
3790
1855
1889
1555
1557
1775
3680
1555
1556
1557
1844
1555
1556
1845
3782
1556
1557
1774
1847
3783
1849
1779
1562
1563
1564
1844
1562
1563
1846
3751
1562
1564
3753
1563
1564
1848
3754
1849
1569
1570
1571
1851
1569
1570
1853
1857
3758
1570
1571
3759
1569
1571
1859
1855
1860
1856
3761
1573
1575
1577
1691
1887
1574
1690
1575
1576
1859
1578
1860
1889
1578
1861
1882
1578
1694
1879
1862
1883
1890
1583
1585
1843
3800
3821
1583
1584
1585
1844
1583
1584
1588
3803
1584
1585
1589
3824
1847
3804
1591
1848
3825
1590
1592
1850
3807
3828
1590
1591
1592
1851
1590
1591
3810
1591
1592
3831
1854
3811
1856
3832
1602
1603
1607
1609
1732
1787
1788
1791
3952
1609
1610
1613
1739
1625
1627
1628
1681
1628
1632
1636
1638
1688
1639
1640
1645
1649
1663
1762
1639
1667
1668
1672
1677
1839
1619
1625
1674
1676
1680
1646
1647
1650
1660
1675
1604
1605
1611
1629
1604
1606
1733
1608
1627
1607
1608
1612
1630
1651
1607
1608
1648
1735
1614
1652
1737
1626
1646
1611
1614
1740
1611
1615
1634
1612
1636
1614
1615
1637
1644
1614
1615
1642
1742
1645
1743
1635
1643
1730
1815
1816
1819
1674
1822
1824
1826
3733
1681
1683
1687
1787
1682
1794
1796
1799
1907
1908
1909
4066
4175
1801
1803
1804
3965
1683
1688
1689
1693
1805
1801
1913
1914
1918
4184
1694
1809
1810
1813
1913
1626
1631
1682
1627
1630
1676
1629
1629
1631
1684
1630
1636
1631
1637
1679
1638
1680
1685
1633
1634
1690
1635
1638
1670
1691
1635
1636
1637
1671
1637
1638
1672
1673
1692
1641
1644
1650
1716
1641
1642
1717
1728
1643
1668
1718
1643
1645
1760
1644
1671
1645
1651
1672
1652
1763
1648
1651
1676
1648
1649
1695
1729
1652
1767
1650
1652
1696
1768
1651
1677
1697
1652
1679
1771
1702
1704
1707
1769
1816
1942
1943
1944
1662
1865
1866
1867
1663
1703
1709
1711
1714
1762
1710
1775
1829
1831
1832
3680
1659
1832
1920
1921
1923
3681
1715
1871
1873
1874
3682
1695
1697
1700
1822
1928
1929
1930
3736
1893
1894
1895
1696
1716
1717
1721
1836
1838
1842
1934
3687
3732
1872
1900
1901
1903
3688
1934
1936
1938
3689
3731
1669
1673
1678
1811
1840
1669
1671
1837
1670
1808
1836
1671
1673
1810
1672
1673
1679
1680
1812
1675
1678
1794
1676
1677
1822
1679
1678
1679
1823
1680
1795
1824
1680
1796
1682
1684
1685
1687
1684
1686
1789
1685
1688
1686
1692
1796
1687
1693
1790
1797
1792
1799
1690
1692
1690
1694
1803
1691
1692
1694
1810
1693
1812
1694
1806
1813
1802
1696
1699
1702
1697
1701
1703
1698
1716
1823
1700
1701
1719
1825
1892
1700
1701
1706
1893
1827
1896
1708
1721
1897
1703
1706
1729
1704
1708
1768
1705
1711
1772
1817
1707
1708
1712
1818
1864
1707
1708
1865
1820
1868
1714
1869
1710
1713
1717
1728
2167
1711
1715
1761
3723
1712
1764
1831
1714
1715
1834
1874
1714
1715
1720
1873
3725
1721
1876
1832
3724
1718
1719
1839
1718
1720
2168
1722
1837
3737
1721
1722
1841
1902
1721
1722
1900
3739
1904
1838
1899
3738
1745
1746
1750
1753
1752
1753
1756
1731
1733
1736
1752
1731
1738
1740
1741
1745
1774
1775
1776
1829
1760
1761
1762
1767
1768
1769
1781
1782
1783
1732
1734
1754
1733
1737
1740
1735
1736
1737
1741
1755
1766
1736
1737
1767
1757
1770
1743
1771
1739
1744
1747
1740
1742
1743
1743
1744
1748
1759
1743
1744
1760
1763
1751
1765
1747
1748
1754
1747
1749
1751
1750
1751
1755
1773
1750
1751
1774
1758
1778
1779
1754
1757
1754
1758
1755
1757
1758
1780
1757
1758
1781
1784
1786
1763
1764
1765
1766
1773
1763
1765
1764
1765
1775
1763
1764
1768
1771
1772
1777
1779
1770
1771
1772
1780
1770
1771
1771
1772
1770
1772
1783
1784
1785
1777
1778
1779
1780
1778
1779
1777
1779
1777
1778
1782
1830
1785
1831
1786
1784
1785
1786
1784
1786
1785
1786
1815
1784
1785
1816
1817
1789
1792
1789
1793
1804
3958
1790
1805
1792
1793
1806
1906
1792
1793
1907
3959
1910
1807
1911
3960
1795
1798
3733
1796
1800
1811
3870
1797
1812
1799
1800
1813
1906
1799
1800
1908
3871
1910
1814
1912
3872
1802
1807
1878
3966
1803
1806
1879
1913
1805
1880
1805
1807
3954
1806
1807
1916
1918
3967
1809
1810
1811
1885
3863
1814
1886
1915
3864
1812
1887
1812
1814
3865
1813
1814
1916
1919
3866
1817
1821
1830
1817
1820
1818
1831
1820
1821
1834
1941
1820
1821
1942
1945
1835
1947
1823
1827
1824
1825
1839
1828
1840
3870
1827
1828
1841
1927
1827
1828
1928
3873
1931
1842
1932
3874
1830
1833
3779
1831
1835
1834
1833
1834
3780
1835
1920
3781
1835
1923
1926
1837
1840
3786
3863
1838
1839
3787
1841
1935
3788
1840
1841
1842
3865
1842
1937
1939
3867
1847
1848
3898
3912
1847
1848
1849
1847
1849
3901
1848
1849
3915
3902
3916
1854
1856
3905
3926
1854
1855
1856
1854
1855
1949
3908
1855
1856
1950
3929
3909
1951
3930
1860
1863
1950
3877
1861
1863
1955
3878
1860
1861
1862
1951
1862
1957
1863
1952
1958
1954
1961
3880
1868
1869
1870
1874
1941
1868
1869
1893
1868
1870
1943
1869
1870
1875
1895
1945
1876
1897
1877
1946
1872
1877
1921
3849
1873
1875
3850
1876
1900
3851
1876
1877
1923
1876
1877
1903
1904
1925
1879
1884
4016
1880
1883
1962
1882
1882
1884
1956
4017
1883
1957
1884
1958
1965
1960
1968
4018
1886
1887
1888
3933
1891
1964
3934
1889
1889
1891
1949
3935
1890
1951
1891
1952
1965
1953
1967
3936
1896
1897
1898
1902
1927
1896
1897
1896
1898
1929
1897
1898
1903
1931
1904
1905
1933
1900
1901
1902
1935
3856
1904
3857
1905
1936
3858
1904
1905
1937
1904
1905
1940
1910
1911
1912
1916
1910
1911
4176
1910
1912
4067
1911
1912
1917
3953
4063
1918
4177
1919
4068
1915
1916
1962
1915
1917
1963
4049
4182
1919
1964
4052
1918
1919
1918
1919
4051
4185
4186
4053
1922
1926
3891
1922
1925
3892
1924
3893
1925
1926
1941
1925
1926
1944
1946
1947
1931
1932
1933
1937
1931
1932
4071
1931
1933
1932
1933
1938
4073
1939
4074
1940
1935
1939
3940
4056
1936
1937
3941
1940
3942
1939
1940
1939
1940
4057
4058
1945
1946
1947
1945
1947
1945
1946
1946
1947
1953
1954
1969
4084
4161
1951
1953
4164
1951
1954
4087
1952
1953
1954
1970
1973
4165
1975
4088
1957
1961
4154
1957
1960
4217
1958
1960
1961
1970
1960
1961
1972
4155
4218
1974
4219
1975
4156
1964
1965
1964
1966
4189
4252
1967
4190
1967
1968
1970
1967
1968
1971
4191
4255
1973
4192
1974
4256
1973
1975
3768
4315
1973
1974
1975
1973
1974
4495
4510
1974
1975
3777
4318
4496
4508
4319
1977
1978
2023
2196
3166
4403
4404
4405
4452
4457
4458
1979
1991
2000
2001
2002
2024
2434
2435
2436
2437
1979
1980
2151
2152
2153
2154
2203
4266
4268
4269
4270
1981
1992
2003
2004
2005
2025
2441
2442
2443
2444
1981
1982
2158
2159
2160
2161
2198
4281
4282
4283
4284
1983
1994
2006
2007
2008
2027
2452
2453
2454
2455
1983
1984
2206
3172
4410
4411
4412
4446
4447
4450
4451
1985
1995
2009
2010
2011
2028
2459
2460
2461
2462
1985
1986
2029
2200
3180
1987
1997
2012
2013
2014
2030
2470
2471
2472
2473
1987
2022
2060
2209
3179
1998
2015
2016
2018
2031
2061
2477
2478
2479
2480
1991
1993
2001
2024
2110
2127
2128
1993
1994
1996
2007
2027
2135
2137
1996
1997
1999
2013
2030
2143
2145
2000
2001
2127
1993
1994
2003
2004
2131
2003
2025
2111
2131
2132
2006
2007
2135
1996
1997
2009
2010
2139
2009
2028
2139
2140
2012
2013
2143
1999
2015
2016
2017
2037
2015
2017
2031
2032
2147
2002
2129
2421
2002
2003
2128
2005
2126
2422
2005
2132
2005
2006
2133
2447
2130
2448
2008
2136
2425
2008
2009
2137
2011
2134
2426
2011
2140
2011
2012
2141
2465
2138
2466
2014
2144
2429
2014
2015
2145
2018
2142
2430
2018
2147
2018
2019
2063
2483
2019
2053
2147
2146
2484
2064
2146
2025
2148
2149
2152
4456
2157
4140
4445
4447
4448
2029
2031
2057
3745
4136
4452
4453
4457
2025
4455
4456
4457
4458
2027
2149
2152
2153
2027
2149
2155
2156
2158
2028
2155
2158
2159
2030
4448
4449
4450
4451
2030
3748
4322
4325
4326
4445
4446
4449
4451
2031
2058
2037
2053
2054
2055
2058
2034
2039
2042
2044
2045
2048
2404
3665
3667
2036
2040
2056
2060
3663
2042
2043
2046
2049
2070
2406
2045
2046
2047
2048
2059
2061
2068
2078
2079
2080
2053
2054
2061
2063
2039
2041
2066
2541
3666
2040
2070
2543
3666
2041
3666
3666
2044
2048
2070
3106
2044
2047
2050
3107
3668
2045
3108
3674
2047
2048
3676
2047
2048
2051
2070
2052
3679
2070
2050
2051
2073
3147
2052
3148
3669
2052
2075
2079
2080
3672
2055
2064
2055
2061
2065
2078
2062
2057
2059
4113
2058
2060
4116
2059
2061
2061
3185
3667
2063
2065
3676
3677
3678
3679
2064
2065
2064
2065
3671
2080
3672
2069
2070
2262
2069
2071
2072
2074
3975
2078
2079
2072
2074
2077
3977
2072
2073
2075
2077
2542
2073
2076
3997
2073
2077
3160
2075
3161
2076
2077
2076
2077
2080
2080
2083
2087
2088
2090
2095
2094
2096
2098
2102
2084
2088
2090
2093
3973
2086
2094
2095
2097
2100
3974
2101
2102
2106
2101
2103
2104
2107
3976
2089
2092
2096
2089
2093
2091
2092
2093
2097
3985
2092
2093
3986
2099
3987
3988
2095
2100
2103
2096
2097
2099
2099
2100
3993
2099
2100
2105
3994
3995
2107
3996
2103
2104
2103
2105
2107
2106
2107
3981
2106
2107
3982
3983
3984
2112
2114
2115
2119
2119
2121
2125
2111
2113
2114
2116
2117
2120
2121
2123
2124
2113
2118
2114
2116
2117
2120
2117
2118
2122
2126
2117
2118
2127
2124
2128
2129
2120
2122
2121
2124
2123
2124
2125
2130
2124
2125
2131
2132
2133
2128
2129
2130
2128
2129
2132
2132
2133
2132
2133
2135
2136
2136
2137
2138
2136
2137
2140
2140
2141
2140
2141
2143
2144
2144
2145
2146
2144
2145
2147
2147
2150
2151
3698
4454
2150
2153
2154
2156
4035
2152
2154
4037
4452
2153
4458
2154
2158
2160
4039
2157
2159
4448
2157
2160
3704
2161
4042
2159
2160
2161
4450
2161
4045
4046
4447
2164
2182
2194
2165
2166
2170
3666
3947
4196
4199
4200
4259
4262
4263
2165
2177
2259
2178
2260
3774
3949
4259
4261
4263
2168
3723
3725
3726
3737
3739
3740
3722
3765
4189
4193
4195
4198
2178
3950
4196
4197
4200
2173
2179
2213
3202
3203
3204
3836
3837
3839
3841
3835
3892
4245
4247
4249
2175
2180
2225
3230
3231
3232
3842
3844
3846
3848
3688
4091
4092
4094
4168
2176
2177
2181
2237
3258
3259
3260
4205
4208
4209
2178
4203
4205
4208
2178
2182
2249
3286
3287
3288
2250
3293
3294
3295
4197
4200
4202
4203
4206
4208
2180
2185
2212
3195
3196
3197
2181
2188
2224
3223
3224
3225
2182
2191
2236
3251
3252
3253
2193
2248
3279
3281
3283
2184
2186
3356
3606
3609
3610
2185
2187
3357
3613
3616
3617
2188
2211
3188
3189
3192
2187
2189
3359
3620
3623
3624
2188
2190
3360
3627
3630
3631
2191
2223
3216
3217
3220
2190
3362
3634
3637
3638
2191
2192
3363
3641
3644
3645
2193
2235
3244
3245
3248
2193
3651
3652
3653
3654
2247
3273
3274
3276
2248
2259
2533
2535
3280
3281
3282
3684
3696
4098
4099
4101
2203
2286
2432
2433
2434
2437
3169
3164
3691
3703
4000
4002
4004
2203
2206
2324
2450
2451
2452
2454
3176
3171
3747
3769
4308
4310
4312
2206
2209
2362
2468
2469
2470
2472
3183
3178
3185
3186
3662
4117
4201
2288
2419
2431
2432
2435
2290
2438
2440
2441
2444
3170
2292
2431
2438
2439
2443
2445
2326
2423
2449
2451
2455
2456
2328
2457
2458
2459
2462
3177
2330
2456
2458
2460
2463
2467
2364
2427
2467
2468
2473
2474
2366
2475
2476
2477
2480
3184
3667
2368
2474
2475
2478
2481
3673
3188
3192
3194
3196
3216
3195
3196
3201
3202
3223
2214
3202
3203
3208
3231
3209
3210
3215
3237
3841
2265
2268
2552
2553
2555
2557
3190
3371
2265
2272
2275
2579
2580
2583
2585
3198
2272
2279
2282
2607
2608
2611
2613
3205
2279
2286
2289
2635
2636
2639
2641
3214
2266
2485
2486
3306
2273
2293
2488
2489
2280
2296
2491
2492
2287
2299
2494
2495
3216
3220
3222
3224
3244
3223
3224
3229
3230
3251
2226
3230
3231
3236
3259
3237
3239
3243
3265
3848
2268
2303
2306
2702
2703
2705
2706
3218
3380
2275
2303
2310
2313
2729
2730
2733
2734
3226
2282
2310
2317
2320
2757
2758
2761
2762
3233
2289
2317
2324
2327
2785
2786
2789
2790
3242
2304
2497
2498
2666
3302
2297
2311
2331
2500
2501
2300
2318
2334
2503
2504
2302
2325
2337
2506
2507
3244
3248
3250
3252
3273
3251
3252
3257
3258
3279
2238
3258
3259
3264
3287
3265
3267
3271
3293
4208
2306
2341
2344
2851
2852
2855
2856
3246
3390
2313
2341
2348
2351
2879
2880
2883
2884
3254
2320
2348
2355
2358
2907
2908
2911
2912
3261
2327
2355
2362
2365
2935
2936
2939
2940
3270
2342
2509
2510
2816
3446
2335
2349
2369
2512
2513
2338
2356
2372
2515
2516
2340
2363
2375
2518
2519
3272
3273
3274
3281
2249
3279
3280
3281
2259
3286
3288
3289
2260
3286
3293
3295
3299
2344
2379
2382
3001
3002
3005
3006
3277
3399
2351
2379
2386
2389
3029
3030
3033
3034
3284
2358
2386
2393
2396
3057
3058
3061
3062
3290
2365
2393
2400
2403
3085
3086
3089
3090
3298
2370
2380
2521
2522
3459
2373
2387
2407
2524
2525
2376
2394
2410
2527
2528
2378
2401
2413
2530
2531
2260
2261
2536
2539
2540
3286
3289
3292
2541
2543
2544
2546
3295
3296
3299
3666
2396
2533
2536
2537
2539
2541
2542
2547
3977
2414
2417
2537
3151
3152
3986
2416
2418
2545
2548
2549
3982
2269
2558
2559
2562
2564
3191
2551
2553
2554
3315
2273
2293
2559
2560
2561
2269
2566
2567
2569
2571
3193
3374
2275
2303
2572
2574
2576
2578
3194
2294
2551
2565
2569
2570
3304
2277
2295
2305
2573
2574
2575
2276
2586
2587
2590
2592
3199
2580
2581
2582
2280
2296
2587
2588
2589
2276
2593
2595
2597
2599
3200
2282
2310
2600
2602
2604
2606
3201
2297
2311
2594
2595
2596
2284
2298
2312
2601
2602
2603
2283
2614
2615
2618
2620
3206
2608
2609
2610
2287
2299
2615
2616
2617
2283
2621
2623
2625
2627
3207
2289
2317
2628
2630
2632
2634
3208
2300
2318
2622
2623
2624
2291
2301
2319
2629
2630
2631
2290
2643
2644
2645
2648
3212
2636
2637
2638
2642
2643
2646
2690
2290
2649
2651
2653
2655
3215
2324
2656
2658
2659
2662
3213
2302
2325
2650
2651
2652
2642
2656
2657
2661
2697
2663
2664
2485
2666
2668
3301
2297
2331
2669
2670
2672
2673
2675
2676
2300
2334
2678
2679
2681
2682
2684
2685
2302
2337
2687
2688
2694
2695
2307
2708
2709
2712
2713
3219
2565
2701
2703
2704
3305
2311
2331
2709
2710
2711
2307
2716
2717
2719
2721
3221
3383
2313
2341
2722
2724
2726
2728
3222
2332
2701
2715
2719
2720
3523
2315
2333
2343
2723
2724
2725
2314
2736
2737
2740
2741
3227
2730
2731
2732
2318
2334
2737
2738
2739
2314
2743
2745
2747
2749
3228
2320
2348
2750
2752
2754
2756
3229
2335
2349
2744
2745
2746
2322
2336
2350
2751
2752
2753
2321
2764
2765
2768
2769
3234
2758
2759
2760
2325
2337
2765
2766
2767
2321
2771
2773
2775
2777
3235
2327
2355
2778
2780
2782
2784
3236
2338
2356
2772
2773
2774
2329
2339
2357
2779
2780
2781
2328
2793
2794
2795
2797
3240
2786
2787
2788
2792
2794
2798
2806
2840
2328
2799
2801
2803
2805
3243
2362
2807
2808
2809
2812
3241
2340
2363
2800
2801
2802
2806
2808
2810
2847
2942
2813
2814
2497
2816
2818
3437
2335
2369
2819
2820
2822
2823
2825
2826
2338
2372
2828
2829
2831
2832
2834
2835
2340
2375
2837
2838
2844
2845
2345
2858
2859
2862
2863
3247
2715
2852
2853
2854
3551
2349
2369
2859
2860
2861
2345
2865
2867
2869
2871
3249
3394
2351
2379
2872
2874
2876
2878
3250
2370
2380
2866
2867
2868
3564
2353
2371
2381
2873
2874
2875
2352
2886
2887
2890
2891
3255
2880
2881
2882
2356
2372
2887
2888
2889
2352
2893
2895
2897
2899
3256
2358
2386
2900
2902
2904
2906
3257
2373
2387
2894
2895
2896
2360
2374
2388
2901
2902
2903
2359
2914
2915
2918
2919
3262
2908
2909
2910
2363
2375
2915
2916
2917
2359
2921
2923
2925
2927
3263
2365
2393
2928
2930
2932
2934
3264
2376
2394
2922
2923
2924
2367
2377
2395
2929
2930
2931
2366
2943
2944
2945
2947
3268
2936
2937
2938
2942
2943
2948
2956
2990
2366
2949
2951
2953
2955
3271
2400
2957
2958
2959
2962
3269
2378
2401
2950
2951
2952
2956
2957
2960
2997
3092
2963
2964
2966
2967
3451
2373
2407
2969
2970
2972
2973
2975
2976
2376
2410
2978
2979
2981
2982
2984
2985
2378
2413
2987
2988
2994
2995
2383
3008
3009
3012
3013
3278
3002
3003
3004
3587
2387
2407
3009
3010
3011
2383
3015
3017
3019
3021
3275
3403
2389
3022
3024
3026
3028
3272
2408
3016
3017
3018
3599
2391
2409
3023
3024
3025
2390
3036
3037
3040
3041
3285
3030
3031
3032
2394
2410
3037
3038
3039
2390
3043
3045
3047
3049
3282
2396
2533
3050
3052
3054
3056
3280
2411
3044
3045
3046
2398
2412
2534
3051
3052
3053
2397
3064
3065
3068
3069
3291
3058
3059
3060
2401
2413
3065
3066
3067
2397
3071
3073
3075
3077
3289
2403
2536
3078
3080
3082
3084
3292
2414
2537
3072
3073
3074
2405
2415
2538
3079
3080
3081
2404
3093
3094
3095
3097
3297
3667
3086
3087
3088
3092
3093
3098
3107
3140
3668
2404
2544
3099
3101
3103
3105
3299
2543
3106
3108
3109
3112
3296
2416
2545
3100
3101
3102
2542
3106
3107
3110
3147
3113
3114
3116
3117
3463
2411
3119
3120
3122
3123
3125
3126
2414
2417
3128
3129
3131
3132
3134
3135
2416
2418
3137
3138
3144
3145
2534
3154
3155
3990
2538
3157
3158
3994
2420
2421
2690
2422
2431
2445
2691
2422
2435
2436
2448
2424
2426
2464
2840
2425
2446
2449
2841
2426
2447
2453
2455
2466
2428
2430
2482
2990
2429
2463
2467
2991
2430
2465
2471
2473
2484
2433
2436
2642
2433
2437
2643
2434
2438
2644
2436
2437
2441
2436
2437
2443
2440
2441
2656
2440
2442
2446
2449
2657
2444
2450
2658
2443
2444
2443
2444
2447
2453
2448
2454
2446
2448
2697
2447
2698
2448
2450
2453
2792
2451
2454
2793
2452
2457
2794
2454
2455
2459
2454
2455
2461
2457
2461
2464
2806
2458
2459
2807
2462
2469
2808
2461
2462
2461
2462
2465
2471
2466
2472
2464
2465
2847
2466
2848
2466
2469
2471
2942
2469
2470
2476
2943
2472
2944
2472
2473
2477
2472
2473
2479
2476
2479
2482
2956
2476
2480
2957
3675
2477
2958
2479
2480
2479
2480
2483
3677
2484
3678
2482
2483
2997
3670
2484
2998
2484
3671
2487
2551
3307
2487
2554
2663
2556
2665
2668
2490
2581
2672
2490
2582
2664
2675
2584
2674
2677
2493
2609
2681
2493
2610
2673
2684
2612
2683
2686
2496
2637
2692
2496
2638
2682
2694
2640
2693
2696
2499
2701
3313
2499
2667
2704
2813
2707
2815
2818
2502
2676
2731
2822
2502
2732
2814
2825
2735
2824
2827
2505
2685
2759
2831
2505
2760
2823
2834
2763
2833
2836
2508
2695
2787
2842
2508
2788
2832
2844
2791
2843
2846
2511
2817
2853
2963
2511
2854
2966
3447
2857
2965
2968
2514
2826
2881
2972
2514
2882
2964
2975
2885
2974
2977
2517
2835
2909
2981
2517
2910
2973
2984
2913
2983
2986
2520
2845
2937
2992
2520
2938
2982
2994
2941
2993
2996
2523
2967
3003
3113
2523
3004
3116
3457
3007
3115
3118
2526
2976
3031
3122
2526
3032
3114
3125
3035
3124
3127
2529
2985
3059
3131
2529
3060
3123
3134
3063
3133
3136
2532
2995
3087
3142
2532
3088
3132
3144
3091
3143
3146
2534
2535
2537
3052
3053
3056
3154
3155
3156
3978
2539
3978
2538
2540
2544
2538
3073
3074
3077
3151
3152
3153
3979
2545
3080
3081
3084
3157
3158
3159
3980
2540
3979
2546
3980
2543
2546
2543
2545
3106
3110
3112
3160
3161
3162
3163
2544
2545
2546
2547
2548
2549
2550
3101
3102
3105
2547
3976
3980
2550
3145
3162
3983
2550
3158
3976
3984
3163
3976
3981
2555
2556
3316
2555
2556
2557
2558
2566
2555
2557
3319
2556
2557
2560
2569
3320
2563
2570
2564
2562
2563
2564
2572
2562
2564
2580
2563
2564
2663
2562
2563
2573
2582
2664
2576
2583
2577
2665
2567
2568
2666
3323
2569
2570
2571
2572
2569
2571
2703
3326
2570
2571
2575
2667
2704
3327
2577
2668
2578
2705
2576
2577
2578
2576
2577
2594
2669
2576
2578
2595
2709
2577
2578
2670
2710
2597
2671
2712
2583
2584
2585
2586
2593
2583
2585
2584
2585
2588
2583
2584
2594
2597
2591
2598
2592
2590
2591
2592
2600
2590
2592
2608
2591
2592
2672
2590
2591
2601
2610
2673
2604
2611
2605
2674
2597
2598
2599
2600
2597
2598
2675
2597
2599
2730
2598
2599
2603
2676
2731
2605
2677
2606
2733
2604
2605
2606
2604
2605
2622
2678
2604
2606
2623
2737
2605
2606
2679
2738
2625
2680
2740
2611
2612
2613
2614
2621
2611
2613
2612
2613
2616
2611
2612
2622
2625
2619
2626
2620
2618
2619
2620
2628
2618
2620
2636
2619
2620
2681
2618
2619
2629
2638
2682
2632
2639
2633
2683
2625
2626
2627
2628
2625
2626
2684
2625
2627
2758
2626
2627
2631
2685
2759
2633
2686
2634
2761
2632
2633
2634
2632
2633
2650
2687
2632
2634
2651
2765
2633
2634
2688
2766
2653
2689
2768
2639
2640
2641
2645
2649
2639
2641
2640
2641
2646
2639
2640
2650
2653
2647
2654
2648
2644
2647
2691
2644
2648
2645
2656
2647
2648
2659
2647
2648
2692
2661
2693
2653
2654
2655
2659
2653
2654
2694
2653
2655
2786
2654
2655
2660
2695
2787
2661
2696
2662
2789
2658
2659
2658
2660
2698
2792
2662
2793
2661
2662
2661
2662
2699
2796
2700
2797
2665
2665
2669
2671
2667
3310
2668
2670
2671
2671
2675
2671
2813
2674
2674
2678
2680
2677
2677
2679
2680
2680
2684
2680
2822
2683
2683
2687
2689
2686
2686
2688
2689
2689
2694
2689
2831
2691
2692
2693
2697
2693
2700
2696
2696
2699
2700
2698
2700
2699
2841
2700
2842
2706
2707
3330
2705
2706
2707
2708
2716
2705
2706
3333
2705
2707
2710
2712
2719
3335
2714
2720
2712
2713
2714
2722
2712
2713
2730
2712
2714
2813
2713
2714
2723
2732
2814
2726
2734
2727
2815
2717
2718
2816
3524
2719
2720
2721
2722
2719
2721
2852
3526
2720
2721
2725
2817
2853
3527
2727
2818
2728
2855
2726
2727
2728
2726
2727
2744
2819
2726
2728
2745
2859
2727
2728
2820
2860
2747
2821
2862
2733
2734
2735
2736
2743
2733
2734
2733
2735
2738
2734
2735
2744
2740
2747
2742
2748
2740
2741
2742
2750
2740
2741
2758
2740
2742
2822
2741
2742
2751
2760
2823
2754
2762
2755
2824
2747
2748
2749
2750
2747
2748
2825
2747
2749
2880
2748
2749
2753
2826
2881
2755
2827
2756
2883
2754
2755
2756
2754
2755
2772
2828
2754
2756
2773
2887
2755
2756
2829
2888
2775
2830
2890
2761
2762
2763
2764
2771
2761
2762
2761
2763
2766
2762
2763
2772
2768
2775
2770
2776
2768
2769
2770
2778
2768
2769
2786
2768
2770
2831
2769
2770
2779
2788
2832
2782
2790
2783
2833
2775
2776
2777
2778
2775
2776
2834
2775
2777
2908
2776
2777
2781
2835
2909
2783
2836
2784
2911
2782
2783
2784
2782
2783
2800
2837
2782
2784
2801
2915
2783
2784
2838
2916
2803
2839
2918
2789
2790
2791
2795
2799
2789
2790
2789
2791
2796
2790
2791
2800
2797
2803
2798
2804
2793
2796
2841
2794
2797
2795
2807
2797
2798
2809
2797
2798
2842
2811
2843
2803
2804
2805
2809
2803
2804
2844
2803
2805
2936
2804
2805
2810
2845
2937
2811
2846
2812
2939
2807
2811
2848
2808
2809
2812
2944
2811
2812
2811
2812
2849
2946
2850
2947
2815
2815
2819
2821
2817
3438
2818
2820
2821
2821
2825
2821
2963
2824
2824
2828
2830
2827
2827
2829
2830
2830
2834
2830
2972
2833
2833
2837
2839
2836
2836
2838
2839
2839
2844
2839
2981
2841
2843
2848
2842
2843
2850
2846
2846
2849
2850
2848
2849
2991
2850
2850
2992
2855
2856
2857
2858
2865
2855
2856
3554
2855
2857
2860
2856
2857
2866
3552
2862
2869
3556
2864
2870
2862
2863
2864
2872
2862
2863
2880
2862
2864
2963
2863
2864
2873
2882
2964
2876
2884
2877
2965
2869
2870
2871
2872
2869
2870
2966
3566
2869
2871
3002
3568
2870
2871
2875
2967
3003
3569
2877
2968
2878
3005
2876
2877
2878
2876
2877
2894
2969
2876
2878
2895
3009
2877
2878
2970
3010
2897
2971
3012
2883
2884
2885
2886
2893
2883
2884
2883
2885
2888
2884
2885
2894
2890
2897
2892
2898
2890
2891
2892
2900
2890
2891
2908
2890
2892
2972
2891
2892
2901
2910
2973
2904
2912
2905
2974
2897
2898
2899
2900
2897
2898
2975
2897
2899
3030
2898
2899
2903
2976
3031
2905
2977
2906
3033
2904
2905
2906
2904
2905
2922
2978
2904
2906
2923
3037
2905
2906
2979
3038
2925
2980
3040
2911
2912
2913
2914
2921
2911
2912
2911
2913
2916
2912
2913
2922
2918
2925
2920
2926
2918
2919
2920
2928
2918
2919
2936
2918
2920
2981
2919
2920
2929
2938
2982
2932
2940
2933
2983
2925
2926
2927
2928
2925
2926
2984
2925
2927
3058
2926
2927
2931
2985
3059
2933
2986
2934
3061
2932
2933
2934
2932
2933
2950
2987
2932
2934
2951
3065
2933
2934
2988
3066
2953
2989
3068
2939
2940
2941
2945
2949
2939
2940
2939
2941
2946
2940
2941
2950
2947
2953
2948
2954
2944
2946
2991
2944
2945
2958
2947
2947
2948
2959
2947
2948
2992
2961
2993
2953
2954
2955
2959
2953
2954
2994
2953
2955
3086
2954
2955
2960
2995
3087
2961
2996
2962
3089
2958
2961
2998
2958
2962
3094
2959
2961
2962
2961
2962
2999
3096
3000
3097
2965
2965
2969
2971
2968
3453
2968
2970
2971
2971
2975
2971
3113
2974
2974
2978
2980
2977
2977
2979
2980
2980
2984
2980
3122
2983
2983
2987
2989
2986
2986
2988
2989
2989
2994
2989
3131
2991
2993
2998
2992
2993
3000
2996
2996
2999
3000
2998
2999
3141
3000
3000
3142
3005
3006
3007
3008
3015
3005
3006
3589
3005
3007
3010
3006
3007
3016
3585
3012
3019
3591
3014
3020
3012
3013
3014
3022
3012
3013
3030
3012
3014
3113
3013
3014
3023
3032
3114
3026
3034
3027
3115
3019
3020
3021
3022
3019
3020
3116
3601
3019
3021
3603
3020
3021
3025
3117
3604
3027
3118
3028
3026
3027
3028
3026
3027
3044
3119
3026
3028
3045
3027
3028
3120
3047
3121
3033
3034
3035
3036
3043
3033
3034
3033
3035
3038
3034
3035
3044
3040
3047
3042
3048
3040
3041
3042
3050
3040
3041
3058
3040
3042
3122
3041
3042
3051
3060
3123
3054
3062
3055
3124
3047
3048
3049
3050
3047
3048
3125
3047
3049
3048
3049
3053
3126
3055
3127
3056
3054
3055
3056
3054
3055
3072
3128
3054
3056
3073
3055
3056
3129
3075
3130
3061
3062
3063
3064
3071
3061
3062
3061
3063
3066
3062
3063
3072
3068
3075
3070
3076
3068
3069
3070
3078
3068
3069
3086
3068
3070
3131
3069
3070
3079
3088
3132
3082
3090
3083
3133
3075
3076
3077
3078
3075
3076
3134
3075
3077
3076
3077
3081
3135
3083
3136
3084
3082
3083
3084
3082
3083
3100
3137
3082
3084
3101
3083
3084
3138
3103
3139
3089
3090
3091
3095
3099
3089
3090
3089
3091
3096
3090
3091
3100
3097
3103
3098
3104
3094
3096
3141
3673
3094
3095
3108
3674
3097
3675
3097
3098
3109
3097
3098
3142
3111
3143
3103
3104
3105
3109
3103
3104
3144
3103
3105
3104
3105
3110
3145
3111
3146
3112
3108
3112
3108
3111
3148
3109
3111
3112
3111
3112
3149
3150
3115
3115
3119
3121
3118
3465
3118
3120
3121
3121
3125
3121
3124
3124
3128
3130
3127
3127
3129
3130
3130
3134
3130
3154
3133
3133
3137
3139
3136
3136
3138
3151
3139
3139
3144
3139
3157
3141
3143
3148
3669
3142
3670
3143
3150
3146
3146
3149
3150
3148
3149
3161
3150
3150
3162
3153
3157
3987
3153
3155
3973
3988
3159
3973
3985
3156
3991
3156
3972
3992
3972
3989
3159
3995
3159
3974
3996
3974
3993
3161
3163
3975
3977
3162
3997
3163
3999
3977
3998
3683
3695
4007
4009
4011
4008
4036
4266
4267
4271
4407
3169
4403
4404
4409
3686
4010
4273
4274
4276
4459
3685
4101
4459
4460
4465
3170
3212
4403
4408
4409
4462
4463
4464
4465
3176
3213
4269
4270
4271
4272
4276
4277
4278
4279
3690
3702
4105
4106
4108
3177
4284
4411
4412
4415
4001
4043
4280
4282
4285
4414
3692
4003
4287
4289
4290
4466
3181
3693
4108
4466
4467
4471
3177
3240
4283
4284
4285
4286
4290
4291
4292
4293
3183
3241
4411
4415
4416
4469
4470
4471
4472
3179
3182
3746
3768
4308
4309
4311
4313
4315
4316
4317
4494
4497
4498
3180
3184
3185
3745
3183
4309
4310
4313
4314
4323
4324
4325
4326
4410
4411
4413
4416
3182
3183
3266
3771
4311
4312
4313
4314
4467
4470
4471
4501
4502
4503
3184
3186
3267
3770
3184
3268
3187
3269
3187
3663
4116
3187
3294
3664
4202
3297
3665
3667
3189
3191
3197
3190
3192
3613
3191
3193
3615
3194
3198
3193
3217
3617
3194
3218
3619
3200
3219
3197
3199
3204
3197
3200
3225
3198
3199
3200
3201
3205
3201
3226
3207
3227
3204
3207
3232
3204
3206
3209
3205
3206
3207
3208
3214
3208
3233
3215
3234
3211
3214
3839
3211
3213
3238
3840
4273
4275
4277
4279
4417
4418
4419
3212
3838
4460
4461
4463
4464
3213
3214
3215
3240
3215
3242
3217
3219
3225
3218
3220
3627
3219
3221
3629
3222
3226
3221
3245
3631
3222
3246
3633
3228
3247
3225
3227
3232
3225
3228
3253
3226
3227
3228
3229
3233
3229
3254
3235
3255
3232
3235
3260
3232
3234
3237
3233
3234
3235
3236
3242
3236
3261
3243
3262
3238
3242
3846
3239
3240
3845
4288
4289
4291
4293
4424
4425
4426
3241
3266
3847
4467
4468
4470
4472
3241
3242
3243
3268
3243
3270
3245
3247
3253
3246
3248
3641
3247
3249
3643
3250
3254
3249
3276
3645
3250
3277
3647
3256
3278
3253
3255
3260
3253
3256
3283
3254
3255
3256
3257
3261
3257
3284
3263
3285
3260
3263
3288
3260
3262
3265
3261
3262
3263
3264
3270
3264
3290
3271
3291
3266
3270
4209
3267
3268
4207
3269
3294
4206
3269
3270
3271
3297
3271
3298
3275
3278
3282
3276
3278
3283
3275
3276
3652
3277
3365
3277
3654
3278
3656
3284
3283
3285
3288
3282
3285
3289
3282
3283
3284
3284
3285
3290
3287
3292
3288
3291
3293
3290
3290
3292
3291
3292
3298
3299
3294
3298
3295
3297
3296
3664
3297
3299
3665
3298
3299
3303
3306
3308
3407
3304
3307
3309
3310
3305
3310
3312
3313
3315
3317
3321
3481
3316
3322
3323
3327
3323
3329
3330
3333
3307
3315
3308
3316
3309
3317
3408
3311
3322
3424
3311
3323
3312
3324
3426
3314
3329
3409
3314
3330
3437
3331
3346
3411
3316
3319
3317
3320
3318
3322
3482
3320
3321
3325
3371
3483
3320
3321
3371
3327
3371
3371
3486
3324
3325
3487
3324
3326
3328
3329
3489
3327
3328
3374
3490
3327
3328
3333
3374
3374
3334
3374
3493
3331
3334
3508
3331
3335
3523
3332
3385
3510
3334
3335
3380
3511
3525
3334
3335
3380
3380
3513
3380
3527
3372
3406
3407
3419
3381
3409
3410
3425
3427
3391
3412
3413
3439
3449
3400
3415
3416
3454
3461
3368
3418
3419
4348
3370
3418
3421
3422
4356
3375
3406
3421
3424
3425
3377
3422
3427
3428
4350
3379
3428
3430
3431
4360
3384
3410
3430
3433
3434
3385
3433
3436
3437
3387
3439
3440
3443
4353
3389
3442
3443
3455
4362
3392
3412
3445
3447
3452
3395
3416
3442
3448
3449
3396
3448
3451
3452
3458
3398
3454
3455
3401
3415
3457
3458
3464
3404
3460
3461
3405
3460
3463
3464
3606
3607
3609
3606
3613
3614
3616
3367
3371
3373
3483
3484
3485
3486
3614
3609
3620
3621
3623
3616
3620
3627
3628
3630
3373
3376
3380
3382
3511
3512
3513
3514
3628
3623
3634
3635
3637
3630
3634
3641
3642
3644
3382
3386
3390
3393
3546
3547
3548
3549
3642
3403
3650
3652
3656
3393
3397
3399
3402
3581
3582
3583
3584
3655
3369
3469
3470
3471
3472
3608
4336
3466
3467
3472
4365
3373
3376
3476
3477
3478
3479
3612
4340
3466
3473
3474
3476
4371
3374
3615
3467
3480
3481
3484
3374
3490
3491
3492
3493
3618
3380
3619
3473
3480
3487
3488
3492
3378
3497
3498
3499
3500
3622
4337
3474
3494
3495
3499
4378
3382
3386
3504
3505
3506
3507
3626
4343
3495
3501
3502
3504
4386
3383
3629
3488
3494
3508
3509
3512
3383
3518
3519
3520
3521
3632
3390
3525
3526
3527
3528
3633
3501
3509
3515
3516
3520
3515
3522
3523
3525
3388
3532
3533
3534
3535
3636
4338
3529
3530
3532
3537
4392
3393
3397
3539
3540
3541
3542
3640
4346
3536
3537
3542
3572
4399
3394
3553
3554
3555
3556
3643
3529
3543
3544
3549
3558
3543
3550
3552
3553
3565
3394
3560
3561
3562
3563
3646
3399
3567
3568
3569
3570
3647
3536
3557
3558
3561
3579
3557
3564
3565
3570
3586
3574
3575
3576
3577
3649
3571
3572
3574
3403
3588
3589
3590
3591
3656
3571
3578
3579
3584
3593
3578
3585
3586
3588
3600
3403
3595
3596
3597
3598
3650
3602
3603
3604
3605
3592
3593
3596
3592
3599
3600
3605
3408
3420
3480
3408
3481
3424
3482
3411
3426
3508
3411
3429
3509
3433
3510
3414
3450
3543
3414
3434
3441
3544
3435
3445
3545
3417
3462
3578
3417
3456
3579
3448
3458
3580
3420
3466
4349
3420
3467
3421
3468
3423
3473
3423
3474
4358
3425
3427
3475
3426
3487
3426
3488
3489
3429
3494
3429
3495
4352
3430
3496
3432
3501
3432
3440
3502
4361
3434
3441
3503
3435
3515
3435
3516
3436
3517
3438
3445
3522
3438
3523
3446
3524
3441
3444
3529
3441
3530
4355
3531
3444
3456
3536
3444
3537
4363
3449
3538
3446
3550
3447
3551
3453
3552
3450
3557
3450
3558
3452
3559
3453
3459
3564
3453
3565
3566
3456
3571
3456
3572
3573
3459
3465
3585
3459
3586
3587
3462
3592
3462
3593
3464
3594
3465
3599
3465
3600
3601
3468
3469
4366
3468
3470
3471
3473
3480
3471
3472
3476
4367
3471
3472
3484
3478
3485
4370
3475
3478
3475
3479
4373
3477
3488
3494
3478
3479
4374
3478
3479
3491
3498
3492
3499
4377
3482
3485
3482
3486
3483
3487
3485
3486
3490
3485
3486
3492
3489
3490
3489
3491
3493
3508
3492
3493
3492
3493
3512
3513
3496
3498
3496
3497
4380
3500
3501
3509
3499
3500
3504
4381
3499
3500
3512
4383
3506
3514
3503
3506
3503
3507
3530
4387
3505
3516
3531
3506
3507
4388
3506
3507
3519
3533
3520
3534
4391
3510
3513
3510
3514
3511
3515
3513
3514
3518
3513
3514
3520
3517
3518
3517
3519
3544
3521
3522
3545
3520
3521
3525
3520
3521
3547
3528
3548
3524
3528
3550
3524
3527
3526
3551
3527
3528
3527
3528
3554
3555
3531
3535
3538
3531
3534
4394
3533
3544
3534
3535
3539
4395
3534
3535
3547
4397
3541
3549
3538
3540
3573
3538
3539
4400
3541
3558
3541
3542
4401
3541
3542
3561
3575
3562
3576
4402
3545
3546
3559
3545
3547
3548
3550
3548
3549
3553
3560
3548
3549
3555
3562
3551
3555
3552
3554
3556
3566
3555
3556
3567
3555
3556
3569
3559
3563
3580
3559
3562
3560
3565
3562
3563
3567
3562
3563
3582
3570
3583
3566
3568
3587
3566
3567
3569
3569
3570
3569
3570
3589
3590
3573
3577
3573
3576
3575
3579
3576
3577
3576
3577
3582
3584
3580
3581
3594
3580
3582
3583
3586
3583
3584
3588
3595
3583
3584
3590
3597
3587
3591
3601
3587
3590
3589
3590
3591
3602
3590
3591
3604
3594
3598
3594
3597
3595
3600
3597
3598
3602
3597
3598
3605
3601
3603
3601
3602
3604
3604
3605
3604
3605
3608
3610
3608
3611
4336
3612
3614
3610
3611
3612
3616
3620
3612
3621
4340
3618
3622
3615
3617
3615
3618
3619
3617
3618
3619
3627
3619
3628
3629
3622
3624
3622
3625
4337
3626
3628
3624
3625
3626
3630
3634
3626
3635
4343
3632
3636
3629
3631
3629
3632
3633
3631
3632
3633
3641
3633
3642
3643
3636
3638
3636
3639
4338
3640
3642
3638
3639
3640
3644
3648
3640
4346
3646
3649
3643
3645
3643
3646
3647
3645
3646
3653
3647
3654
3647
3655
3656
3649
3653
3655
3651
3655
3652
3653
3654
3654
3655
3656
3656
3772
3971
4014
4016
4020
4295
3884
3885
3887
3793
3794
3796
3815
3744
3745
4473
4475
4478
3662
3773
4112
4113
4117
3663
3664
3666
4199
3665
3666
4113
3665
3666
4200
3666
3674
3675
3676
3678
3669
3673
3674
3679
3670
3672
3671
3673
3672
3677
3679
3675
3677
3675
3676
3678
3678
3679
3678
3679
3723
3779
3780
3783
3682
3780
3891
3892
3894
3724
3849
3851
3852
3691
3800
3802
3803
3898
3899
3901
3899
4119
4120
4125
3801
4021
4022
4024
4119
3767
3786
3788
3792
3940
3850
3857
3858
3860
3766
3843
3940
3942
3944
3769
3905
3906
3908
3807
3809
3810
3808
4028
4030
4031
4126
3906
4126
4127
4131
4501
3814
3815
3818
3885
3703
3821
3823
3824
3912
3913
3915
3884
4133
4136
4139
4453
3814
4035
4037
4040
4133
3751
3752
3753
3706
3708
3709
3710
3705
3919
3921
3925
4147
3747
3926
3927
3929
3828
3830
3831
3793
4035
4042
4045
4048
4140
4144
4146
4322
4445
3715
3716
3717
3750
3758
3759
3760
3711
3714
3715
3824
3711
3712
3753
3712
3714
3716
3817
3713
3754
3825
3713
3755
3818
3714
3756
3819
3826
3721
3820
3827
3718
3721
3831
3719
3721
3796
3718
3719
3759
3720
3761
3832
3720
3762
3797
3721
3763
3798
3833
3799
3834
4049
4050
4055
4432
4480
3724
3727
3725
3728
3780
3729
3739
3851
3727
3729
3740
3803
3728
3783
3804
3729
3784
3805
3852
3743
3806
3854
3765
4078
4480
4481
4484
3766
4056
4057
4060
3767
3863
3867
3869
4056
3870
3871
3873
4050
4063
4065
4069
4439
4489
4070
4487
4490
4493
4070
4071
4073
3738
3741
3787
3739
3742
3788
3856
3743
3857
3741
3743
3810
3742
3790
3811
3743
3791
3812
3859
3813
3861
3748
4147
4148
4153
3748
4116
4316
4317
4320
4321
4323
4326
4328
4473
4478
4479
4117
4315
4316
4318
4084
4086
4087
4322
4326
4328
4118
4154
4155
4157
3877
3878
3879
3754
3757
3915
3755
3757
3887
3754
3755
3756
3916
3756
3888
3757
3889
3917
3890
3918
3761
3764
3877
3929
3761
3762
3762
3764
3879
3922
3763
3930
3763
3923
3764
3924
3931
3881
3925
3932
3770
4193
4194
4195
4197
4203
4213
4214
4215
4216
4480
4484
4485
4204
4210
4211
4213
3933
3937
3938
4210
4161
4494
4496
4498
4161
4163
4164
3771
4202
4206
4497
4498
4499
4500
4502
4506
4507
4162
4501
4502
4506
3774
3957
4253
4254
4257
3774
3775
4199
4263
4511
4512
4513
4514
3776
3955
4196
4253
4257
4258
4295
4299
4300
4112
4220
4221
4222
4223
4265
4297
4298
4299
4300
3948
4261
4294
4295
4300
4117
4218
4508
4509
4514
4118
4217
4218
4220
3781
3782
3781
3784
3785
3891
3783
3785
3901
3784
3902
3785
3894
3903
3897
3904
3787
3789
3933
3788
3790
3791
3941
3790
3792
3908
3935
3791
3909
3792
3910
3943
3911
3937
3945
3795
3799
3816
3795
3797
3920
3798
3921
4042
3797
3799
3817
3798
3923
3799
3924
4047
3820
4048
3801
3804
3898
4007
3802
3805
3900
4010
3806
3809
4011
4022
3804
3806
3810
3805
3902
3806
3903
4024
3813
4026
3808
3811
3905
4000
3809
3812
3907
4003
3813
4004
4028
3811
3813
3812
3909
3813
3910
4031
4033
3816
3819
3886
3816
3817
3820
4035
3818
3820
3819
3888
3820
3889
4040
4041
3822
3825
3912
4007
3823
3826
3914
4008
4036
3827
3830
4009
4038
3825
3827
3831
3826
3916
3827
3917
4040
3834
4041
3829
3832
3926
4000
3830
3833
3928
4001
4043
3834
4002
4044
3832
3834
3833
3930
3834
3931
4047
4048
3849
4168
4170
4172
3837
3841
3842
4171
4172
4173
4174
3839
4248
4249
4250
4251
3839
3840
4120
4121
4123
4124
4246
4247
4250
4251
4417
4421
4422
3841
4021
4417
4418
4421
3846
4417
4419
4422
4423
3844
3846
4094
4095
4096
4097
4204
4301
4302
4304
3848
4205
4304
4305
4306
4307
4029
4418
4424
4425
4427
3848
4424
4426
4429
4430
3848
4127
4128
4130
4132
4207
4302
4303
4306
4307
4425
4426
4428
4429
4209
3850
3855
3892
3851
3853
4168
3854
3857
3854
3855
3894
4024
3854
3855
3860
4025
4169
3861
4026
3896
4027
4170
3857
3858
3859
3941
3861
3862
3942
4091
3861
3862
3943
4031
3861
3862
4032
4092
4033
3946
4034
4093
3864
3865
3933
3866
3869
3934
4052
3866
3867
3870
3868
3872
4053
3868
3874
4058
3869
3875
4054
4059
3938
4055
4061
3872
3874
3872
3876
4067
3875
4068
3874
3876
4071
3875
4074
3876
4069
4075
4064
4072
3880
3881
4087
3880
3882
4154
3881
3882
4150
3883
4088
4156
3883
4089
4151
3883
4152
4158
4090
4153
4159
3886
3890
3886
3888
3889
4133
3888
3890
3889
3890
4138
4139
3893
3897
3893
3896
3895
4245
3896
3897
4122
3896
3897
4123
4246
4124
4247
4125
3900
3902
4098
3900
3904
4101
3903
4102
4119
3902
3904
3903
3904
4122
4125
3907
3909
4105
3907
3911
4108
4163
3910
4109
4126
3909
3911
4164
3910
3911
4129
4131
4166
3914
3916
4098
3914
3918
4099
4134
3917
4100
4135
3916
3918
3917
3918
4138
4139
3920
3922
4149
3921
3923
3924
4140
3923
3925
4150
3924
3925
4145
4146
4151
3928
3930
4105
3928
3932
4086
4106
4141
3931
4107
4142
3930
3932
4087
3931
3932
4145
4089
4146
3934
3935
3936
3938
4190
3936
3937
4164
3939
4165
4192
3939
4166
4212
3939
4193
4214
4167
4194
4215
3941
3945
4210
3942
3943
3946
4301
3945
3946
4129
3945
3946
4130
4211
4302
4131
4212
4132
4303
3949
3950
4077
4082
4083
4231
4236
4237
3955
4224
4225
4230
4233
3955
4231
4233
4236
4077
4078
4083
4234
4238
4239
4242
3958
3959
3961
4081
4175
4177
4181
4185
3958
3965
3967
3969
3956
3957
4077
4183
4187
4188
4225
4229
4230
4082
4178
4179
4180
4181
4236
4241
4242
4243
4244
3971
4183
4184
4187
3960
3962
3960
3964
4176
3963
3967
4177
3962
3964
4239
3963
3969
4240
3964
3970
4178
4241
4180
4243
3966
3968
4015
3967
3971
4016
4184
3970
4186
3969
3971
4014
4226
3970
4228
3971
4187
4229
4225
3973
3978
3989
3992
3974
3979
3985
3988
3976
3980
3993
3996
3977
3997
3998
3977
3981
3984
3998
3979
3980
3983
3984
3998
3983
3984
3994
3999
3996
3987
3988
3993
3987
3988
3990
3995
3992
3991
3992
3991
3992
3995
3996
3995
3996
3999
3999
4001
4003
4105
4002
4005
4107
4006
4009
4280
4004
4005
4109
4006
4011
4287
4006
4110
4285
4290
4013
4286
4292
4008
4010
4098
4009
4012
4100
4013
4267
4011
4012
4102
4013
4274
4013
4103
4271
4276
4272
4278
4015
4019
4296
4016
4017
4018
4254
4018
4019
4217
4020
4219
4256
4020
4221
4298
4222
4257
4299
4023
4027
4121
4273
4023
4026
4028
4274
4025
4029
4275
4418
4026
4027
4122
4026
4027
4032
4420
4033
4124
4421
4029
4033
4287
4030
4032
4288
4034
4128
4289
4425
4033
4034
4129
4033
4034
4427
4132
4428
4039
4041
4037
4038
4040
4135
4039
4137
4266
4039
4041
4044
4267
4045
4268
4041
4138
4048
4046
4047
4140
4044
4046
4047
4142
4045
4048
4280
4046
4281
4143
4282
4048
4145
4051
4052
4079
4189
4051
4054
4434
4482
4053
4063
4431
4053
4055
4190
4054
4068
4055
4069
4483
4193
4485
4058
4061
4210
4058
4062
4073
4059
4074
4061
4062
4075
4483
4061
4062
4213
4484
4214
4485
4076
4486
4066
4068
4081
4065
4067
4069
4490
4066
4440
4491
4067
4438
4068
4069
4492
4072
4076
4072
4074
4075
4490
4074
4076
4075
4076
4492
4493
4082
4196
4433
4435
4436
4437
4080
4197
4432
4434
4436
4437
4480
4481
4482
4182
4198
4431
4432
4433
4083
4439
4440
4443
4444
4487
4488
4489
4491
4431
4438
4439
4442
4083
4441
4442
4443
4444
4085
4088
4308
4315
4086
4090
4309
4317
4323
4089
4310
4324
4088
4089
4090
4319
4090
4327
4320
4328
4093
4095
4301
4093
4097
4169
4427
4096
4303
4428
4095
4097
4171
4096
4305
4097
4306
4429
4174
4430
4100
4102
4100
4104
4406
4103
4407
4102
4104
4103
4459
4104
4408
4462
4409
4465
4107
4109
4107
4111
4310
4413
4110
4414
4109
4111
4312
4110
4466
4111
4415
4469
4314
4416
4471
4114
4517
4519
4520
4521
4114
4116
4115
4116
4473
4474
4476
4479
4516
4518
4520
4521
4117
4316
4318
4321
4509
4511
4514
4515
4518
4519
4521
4515
4516
4517
4121
4122
4459
4121
4123
4460
4124
4461
4124
4125
4124
4125
4128
4129
4466
4128
4130
4467
4503
4132
4468
4131
4132
4131
4132
4504
4505
4137
4138
4454
4135
4136
4139
4406
4137
4138
4407
4137
4404
4405
4452
4139
4143
4145
4142
4144
4146
4324
4413
4143
4145
4414
4144
4412
4447
4325
4410
4446
4146
4327
4149
4151
4322
4149
4152
4475
4150
4151
4152
4153
4327
4153
4477
4328
4478
4156
4158
4156
4160
4318
4515
4159
4319
4158
4160
4476
4516
4159
4477
4160
4320
4478
4321
4479
4518
4162
4165
4308
4163
4167
4311
4498
4166
4312
4501
4165
4166
4167
4496
4167
4505
4499
4506
4169
4171
4170
4174
4420
4173
4247
4421
4172
4174
4173
4249
4174
4250
4422
4423
4176
4179
4438
4177
4180
4178
4186
4180
4181
4187
4180
4181
4441
4188
4442
4183
4184
4185
4252
4188
4253
4433
4186
4254
4186
4188
4431
4187
4188
4435
4190
4191
4198
4192
4193
4192
4195
4198
4495
4194
4496
4194
4195
4499
4198
4500
4198
4199
4198
4202
4201
4252
4253
4255
4258
4432
4433
4437
4200
4201
4202
4202
4494
4495
4497
4500
4509
4510
4511
4513
4204
4206
4205
4207
4211
4213
4216
4302
4304
4307
4209
4207
4208
4209
4502
4503
4504
4507
4209
4212
4214
4212
4216
4504
4215
4505
4214
4216
4215
4216
4506
4507
4219
4221
4219
4223
4515
4222
4508
4221
4223
4517
4222
4223
4512
4514
4519
4226
4227
4233
4294
4226
4229
4295
4228
4296
4228
4230
4233
4238
4229
4240
4230
4241
4233
4244
4232
4237
4259
4233
4235
4260
4234
4261
4235
4236
4238
4242
4244
4237
4237
4240
4244
4240
4243
4241
4243
4244
4243
4244
4246
4248
4247
4251
4250
4249
4251
4250
4251
4253
4254
4255
4258
4256
4256
4258
4510
4257
4508
4258
4512
4513
4260
4262
4261
4264
4265
4294
4297
4300
4263
4264
4265
4265
4268
4270
4405
4268
4272
4280
4269
4281
4270
4272
4283
4271
4403
4272
4408
4286
4275
4279
4461
4275
4278
4287
4277
4288
4278
4279
4462
4278
4279
4291
4292
4464
4281
4286
4282
4283
4284
4412
4284
4286
4285
4286
4415
4288
4292
4289
4291
4293
4468
4292
4293
4469
4292
4293
4472
4296
4297
4296
4299
4298
4298
4300
4299
4300
4303
4305
4303
4307
4306
4305
4307
4306
4307
4309
4311
4310
4313
4314
4312
4313
4314
4314
4317
4319
4317
4321
4320
4319
4321
4320
4321
4325
4327
4324
4326
4328
4325
4327
4326
4328
4376
4390
4339
4347
4348
4342
4350
4351
4357
4345
4353
4354
4341
4347
4356
4357
4344
4354
4359
4361
4340
4367
4368
4369
4370
4340
4343
4381
4382
4383
4384
4343
4346
4395
4396
4397
4398
4364
4365
4368
4374
4375
4376
4377
4364
4371
4372
4376
4372
4378
4379
4382
4388
4389
4390
4391
4385
4387
4389
4393
4392
4393
4398
4401
4402
4349
4364
4349
4365
4356
4366
4352
4358
4378
4352
4359
4379
4360
4380
4355
4363
4392
4355
4393
4361
4394
4358
4371
4358
4372
4373
4360
4385
4361
4386
4387
4363
4399
4400
4366
4369
4366
4370
4367
4371
4369
4370
4374
4369
4370
4376
4373
4374
4373
4375
4377
4378
4376
4377
4376
4377
4382
4383
4380
4383
4380
4384
4385
4381
4386
4383
4384
4388
4383
4384
4390
4386
4390
4387
4388
4391
4394
4390
4391
4390
4391
4396
4397
4394
4395
4400
4394
4396
4397
4397
4398
4401
4397
4398
4400
4402
4401
4402
4405
4408
4405
4406
4407
4407
4409
4408
4409
4411
4412
4413
4416
4414
4414
4416
4415
4416
4419
4422
4419
4420
4423
4424
4421
4423
4427
4422
4423
4430
4426
4430
4426
4428
4429
4428
4430
4429
4430
4434
4435
4434
4437
4435
4437
4436
4439
4436
4442
4437
4443
4440
4441
4440
4443
4444
4442
4444
4443
4444
4446
4449
4447
4451
4450
4449
4450
4451
4451
4454
4458
4454
4455
4456
4456
4457
4458
4458
4461
4462
4461
4463
4464
4464
4465
4464
4465
4468
4469
4468
4470
4472
4471
4472
4471
4472
4474
4479
4475
4476
4477
4477
4479
4478
4479
4482
4485
4482
4486
4488
4483
4489
4485
4486
4492
4485
4486
4493
4488
4491
4489
4493
4491
4492
4491
4492
4493
4495
4497
4496
4500
4499
4498
4500
4499
4500
4503
4505
4503
4507
4504
4505
4507
4506
4507
4510
4512
4510
4511
4513
4513
4514
4513
4514
4518
4519
4518
4520
4519
4520
4521
4521
4521
)


// ************************************************************************* //
