/*--------------------------------*- C++ -*----------------------------------*\
  =========                 |
  \\      /  F ield         | OpenFOAM: The Open Source CFD Toolbox
   \\    /   O peration     | Website:  https://openfoam.org
    \\  /    A nd           | Version:  9
     \\/     M anipulation  |
\*---------------------------------------------------------------------------*/
FoamFile
{
    format      ascii;
    class       volScalarField;
    location    "0.0004";
    object      rho;
}
// * * * * * * * * * * * * * * * * * * * * * * * * * * * * * * * * * * * * * //

dimensions      [1 -3 0 0 0 0 0];

internalField   nonuniform List<scalar> 
5303
(
1.225
1.225
1.225
1.225
1.225
1.225
1.225
1.225
1.225
1.225
1.225
1.225
1.225
1.225
1.225
1.225
1.225
1.225
1.225
1.225
1.225
1.225
1.225
1.225
1.225
1.225
1.225
1.225
1.225
1.225
1.225
1.225
1.225
1.225
1.225
1.225
1.225
1.225
1.225
1.225
1.225
1.225
1.225
1.225
1.225
1.225
1.225
1.225
1.225
1.225
1.225
1.225
1.225
1.225
1.225
1.225
1.225
1.225
1.225
1.225
1.225
1.225
1.225
1.225
1.225
1.225
1.225
1.225
1.225
1.225
1.225
1.225
1.225
1.225
1.225
1.225
1.225
1.225
1.225
1.225
1.225
1.225
1.225
1.225
1.225
1.225
1.225
1.225
1.225
1.225
1.225
1.225
1.225
1.225
1.225
1.225
1.225
1.225
1.225
1.225
1.225
1.225
1.225
1.225
1.225
1.225
1.225
1.225
1.225
1.225
1.225
1.225
1.225
1.225
1.225
1.225
1.225
1.225
1.225
1.225
1.225
1.225
1.225
1.225
1.225
1.225
1.225
1.225
1.225
1.225
1.225
1.225
1.225
1.225
1.225
1.225
1.225
1.225
1.225
1.225
1.225
1.225
1.225
1.225
1.225
1.225
1.225
1.225
1.225
1.225
1.225
1.225
1.225
1.225
1.225
1.225
1.225
1.225
1.225
1.225
1.225
1.225
1.225
1.225
1.225
1.225
1.225
1.225
1.225
1.225
1.225
1.225
1.225
1.225
1.225
1.225
1.225
1.225
1.225
1.225
1.225
1.225
1.225
1.225
1.225
1.225
1.225
1.225
1.225
1.225
1.225
1.225
1.225
1.225
1.225
1.225
1.225
1.225
1.225
1.225
1.225
1.225
1.225
1.225
1.225
1.225
1.225
1.225
1.225
1.225
1.225
1.225
1.225
1.225
1.225
1.225
1.225
1.225
1.225
1.225
1.225
1.225
1.225
1.225
1.225
1.225
1.225
1.225
1.225
1.225
1.225
1.225
1.225
1.225
1.225
1.225
1.225
1.225
1.225
1.225
1.225
1.225
1.225
1.225
1.225
1.225
1.225
1.225
1.225
1.225
1.225
1.225
1.225
1.225
1.225
1.225
1.225
1.225
1.225
1.225
1.225
1.225
1.225
1.225
1.225
1.225
1.225
1.225
1.225
1.225
1.225
1.225
1.225
1.225
1.225
1.225
1.225
1.225
1.225
1.225
1.225
1.225
1.225
1.225
1.225
1.225
1.225
1.225
1.225
1.225
1.225
1.225
1.225
1.225
1.225
1.225
1.225
1.225
1.225
1.225
1.225
1.225
1.225
1.225
1.225
1.225
1.225
1.225
1.225
1.225
1.225
1.225
1.225
1.225
1.225
1.225
1.225
1.225
1.225
1.225
1.225
1.225
1.225
1.225
1.225
1.225
1.225
1.225
1.225
1.225
1.225
1.225
1.225
1.225
1.225
1.225
1.225
1.225
1.225
1.225
1.225
1.225
1.225
1.225
1.225
1.225
1.225
1.225
1.225
1.225
1.225
1.225
1.225
1.225
1.225
1.225
1.225
1.225
1.225
1.225
1.225
1.225
1.225
1.225
1.225
1.225
1.225
1.225
1.225
1.225
1.225
1.225
1.225
1.225
1.225
1.225
1.225
1.225
1.225
1.225
1.225
1.225
1.225
1.225
1.225
1.225
1.225
1.225
1.225
1.225
1.225
1.225
1.225
1.225
1.225
1.225
1.225
1.225
1.225
1.225
1.225
1.225
1.225
1.225
1.225
1.225
1.225
1.225
1.225
1.225
1.225
1.225
1.225
1.225
1.225
1.225
1.225
1.225
1.225
1.225
1.225
1.225
1.225
1.225
1.225
1.225
1.225
1.225
1.225
1.225
1.225
1.225
1.225
1.225
1.225
1.225
1.225
1.225
1.225
1.225
1.225
1.225
1.225
1.225
1.225
1.225
1.225
1.225
1.225
1.225
1.225
1.225
1.225
1.225
1.225
1.225
1.225
1.225
1.225
1.225
1.225
1.225
1.225
1.225
1.225
1.225
1.225
1.225
1.225
1.225
1.225
1.225
1.225
1.225
1.225
1.225
1.225
1.225
1.225
1.225
1.225
1.225
1.225
1.225
1.225
1.225
1.225
1.225
1.225
1.225
1.225
1.225
1.225
1.225
1.225
1.225
1.225
1.225
1.225
1.225
1.225
1.225
1.225
1.225
1.225
1.225
1.225
1.225
1.225
1.225
1.225
1.225
1.225
1.225
1.225
1.225
1.225
1.225
1.225
1.225
1.225
1.225
1.225
1.225
1.225
1.225
1.225
1.225
1.225
1.225
1.225
1.225
1.225
1.225
1.225
1.225
1.225
1.225
1.225
1.225
1.225
1.225
1.225
1.225
1.225
1.225
1.225
1.225
1.225
1.225
1.225
1.225
1.225
1.225
1.225
1.225
1.225
1.225
1.225
1.225
1.225
1.225
1.225
1.225
1.225
1.225
1.225
1.225
1.225
1.225
1.225
1.225
1.225
1.225
1.225
1.225
1.225
1.225
1.225
1.225
1.225
1.225
1.225
1.225
1.225
1.225
1.225
1.225
1.225
1.225
1.225
1.225
1.225
1.225
1.225
1.225
1.225
1.225
1.225
1.225
1.225
1.225
1.225
1.225
1.225
1.225
1.225
1.225
1.225
1.225
1.225
1.225
1.225
1.225
1.225
1.225
1.225
1.225
1.225
1.225
1.225
1.225
1.225
1.225
1.225
1.225
1.225
1.225
1.225
1.225
1.225
1.225
1.225
1.225
1.225
1.225
1.225
1.225
1.225
1.225
1.225
1.225
1.225
1.225
1.225
1.225
1.225
1.225
1.225
1.225
1.225
1.225
1.225
1.225
1.225
1.225
1.225
1.225
1.225
1.225
1.225
1.225
1.225
1.225
1.225
1.225
1.225
1.225
1.225
1.225
1.225
1.225
1.225
1.225
1.225
1.225
1.225
1.225
1.225
1.225
1.225
1.225
1.225
1.225
1.225
1.225
1.225
1.225
1.225
1.225
1.225
1.225
1.225
1.225
1.225
1.225
1.225
1.225
1.225
1.225
1.225
1.225
1.225
1.225
1.225
1.225
1.225
1.225
1.225
1.225
1.225
1.225
1.225
1.225
1.225
1.225
1.225
1.225
1.225
1.225
1.225
1.225
1.225
1.225
1.225
1.225
1.225
1.225
1.225
1.225
1.225
1.225
1.225
1.225
1.225
1.225
1.225
1.225
1.225
1.225
1.225
1.225
1.225
1.225
1.225
1.225
1.225
1.225
1.225
1.225
1.225
1.225
1.225
1.225
1.225
1.225
1.225
1.225
1.225
1.225
1.225
1.225
1.225
1.225
1.225
1.225
1.225
1.225
1.225
1.225
1.225
1.225
1.225
1.225
1.225
1.225
1.225
1.225
1.225
1.225
1.225
1.225
1.225
1.225
1.225
1.225
1.225
1.225
1.225
1.225
1.225
1.225
1.225
1.225
1.225
1.225
1.225
1.225
1.225
1.225
1.225
1.225
1.225
1.225
1.225
1.225
1.225
1.225
1.225
1.225
1.225
1.225
1.225
1.225
1.225
1.225
1.225
1.225
1.225
1.225
1.225
1.225
1.225
1.225
1.225
1.225
1.225
1.225
1.225
1.225
1.225
1.225
1.225
1.225
1.225
1.225
1.225
1.225
1.225
1.225
1.225
1.225
1.225
1.225
1.225
1.225
1.225
1.225
1.225
1.225
1.225
1.225
1.225
1.225
1.225
1.225
1.225
1.225
1.225
1.225
1.225
1.225
1.225
1.225
1.225
1.225
1.225
1.225
1.225
1.225
1.225
1.225
1.225
1.225
1.225
1.225
1.225
1.225
1.225
1.225
1.225
1.225
1.225
1.225
1.225
1.225
1.225
1.225
1.225
1.225
1.225
1.225
1.225
1.225
1.225
1.225
1.225
1.225
1.225
1.225
1.225
1.225
1.225
1.225
1.225
1.225
1.225
1.225
1.225
1.225
1.225
1.225
1.225
1.225
1.225
1.225
1.225
1.225
1.225
1.225
1.225
1.225
1.225
1.225
1.225
1.225
1.225
1.225
1.225
1.225
1.225
1.225
1.225
1.225
1.225
1.225
1.225
1.225
1.225
1.225
1.225
1.225
1.225
1.225
1.225
1.225
1.225
1.225
1.225
1.225
1.225
1.225
1.225
1.225
1.225
1.225
1.225
1.225
1.225
1.225
1.225
1.225
1.225
1.225
1.225
1.225
1.225
1.225
1.225
1.225
1.225
1.225
1.225
1.225
1.225
1.225
1.225
1.225
1.225
1.225
1.225
1.225
1.225
1.225
1.225
1.225
1.225
1.225
1.225
1.225
1.225
1.225
1.225
1.225
1.225
1.225
1.225
1.225
1.225
1.225
1.225
1.225
1.225
1.225
1.225
1.225
1.225
1.225
1.225
1.225
1.225
1.225
1.225
1.225
1.225
1.225
1.225
1.225
1.225
1.225
1.225
1.225
1.225
1.225
1.225
1.225
1.225
1.225
1.225
1.225
1.225
1.225
1.225
1.225
1.225
1.225
1.225
1.225
1.225
1.225
1.225
1.225
1.225
1.225
1.225
1.225
1.225
1.225
1.225
1.225
1.225
1.225
1.225
1.225
1.225
1.225
1.225
1.225
1.225
1.225
1.225
1.225
1.225
1.225
1.225
1.225
1.225
1.225
1.225
1.225
1.225
1.225
1.225
1.225
1.225
1.225
1.225
1.225
1.225
1.225
1.225
1.225
1.225
1.225
1.225
1.225
1.225
1.225
1.225
1.225
1.225
1.225
1.225
1.225
1.225
1.225
1.225
1.225
1.225
1.225
1.225
1.225
1.225
1.225
1.225
1.225
1.225
1.225
1.225
1.225
1.225
1.225
1.225
1.225
1.225
1.225
1.225
1.225
1.225
1.225
1.225
1.225
1.225
1.225
1.225
1.225
1.225
1.225
1.225
1.225
1.225
1.225
1.225
1.225
1.225
1.225
1.225
1.225
1.225
1.225
1.225
1.225
1.225
1.225
1.225
1.225
1.225
1.225
1.225
1.225
1.225
1.225
1.225
1.225
1.225
1.225
1.225
1.225
1.225
1.225
1.225
1.225
1.225
1.225
1.225
1.225
1.225
1.225
1.225
1.225
1.225
1.225
1.225
1.225
1.225
1.225
1.225
1.225
1.225
1.225
1.225
1.225
1.225
1.225
1.225
1.225
1.225
1.225
1.225
1.225
1.225
1.225
1.225
1.225
1.225
1.225
1.225
1.225
1.225
1.225
1.225
1.225
1.225
1.225
1.225
1.225
1.225
1.225
1.225
1.225
1.225
1.225
1.225
1.225
1.225
1.225
1.225
1.225
1.225
1.225
1.225
1.225
1.225
1.22501
1.225
1.225
1.225
1.225
1.225
1.225
1.225
1.225
1.225
1.225
1.225
1.225
1.225
1.225
1.225
1.225
1.225
1.225
1.225
1.225
1.225
1.225
1.225
1.225
1.225
1.225
1.225
1.225
1.225
1.225
1.225
1.225
1.225
1.225
1.225
1.225
1.225
1.225
1.225
1.225
1.225
1.225
1.225
1.225
1.225
1.225
1.225
1.225
1.225
1.225
1.225
1.225
1.225
1.225
1.225
1.225
1.225
1.225
1.225
1.225
1.225
1.225
1.225
1.225
1.225
1.225
1.225
1.225
1.225
1.225
1.225
1.225
1.225
1.225
1.225
1.225
1.225
1.225
1.225
1.225
1.225
1.225
1.225
1.225
1.225
1.225
1.225
1.225
1.225
1.225
1.225
1.225
1.225
1.225
1.225
1.225
1.225
1.225
1.225
1.225
1.225
1.225
1.225
1.225
1.225
1.225
1.225
1.225
1.225
1.225
1.225
1.225
1.225
1.225
1.225
1.225
1.225
1.225
1.225
1.225
1.225
1.225
1.225
1.225
1.225
1.225
1.225
1.225
1.225
1.225
1.225
1.225
1.225
1.225
1.225
1.225
1.225
1.225
1.225
1.225
1.225
1.225
1.225
1.225
1.225
1.225
1.225
1.225
1.225
1.225
1.225
1.225
1.225
1.225
1.225
1.225
1.225
1.225
1.225
1.225
1.225
1.225
1.225
1.225
1.225
1.225
1.225
1.225
1.225
1.225
1.225
1.225
1.225
1.225
1.225
1.225
1.225
1.225
1.225
1.225
1.225
1.225
1.225
1.225
1.225
1.225
1.225
1.225
1.225
1.225
1.225
1.225
1.225
1.225
1.225
1.225
1.225
1.225
1.225
1.225
1.225
1.225
1.225
1.225
1.225
1.225
1.225
1.225
1.225
1.225
1.225
1.225
1.225
1.225
1.225
1.225
1.225
1.225
1.225
1.225
1.225
1.225
1.225
1.225
1.225
1.225
1.225
1.225
1.225
1.225
1.225
1.225
1.225
1.225
1.225
1.225
1.225
1.225
1.225
1.225
1.225
1.225
1.225
1.225
1.225
1.225
1.225
1.225
1.225
1.225
1.225
1.225
1.225
1.225
1.225
1.225
1.225
1.22501
1.225
1.225
1.225
1.225
1.225
1.225
1.225
1.225
1.225
1.225
1.225
1.225
1.225
1.225
1.225
1.225
1.225
1.225
1.225
1.225
1.225
1.225
1.225
1.225
1.225
1.225
1.225
1.225
1.225
1.225
1.225
1.225
1.225
1.225
1.225
1.225
1.225
1.225
1.225
1.225
1.225
1.225
1.225
1.225
1.225
1.225
1.225
1.225
1.225
1.225
1.225
1.225
1.225
1.225
1.2255
1.22501
1.225
1.225
1.225
3.0433
3.86324
1.97042
1.24419
2.74061
2.9623
1.24834
1.29368
1.22561
1.69288
1.22544
1.225
1.225
1.225
1.225
1.225
1.225
1.225
1.225
1.225
1.225
1.225
1.225
1.225
1.225
1.225
1.225
1.225
1.225
1.225
1.225
1.225
1.225
1.225
1.225
1.225
1.225
1.225
1.225
1.225
1.225
1.225
1.225
1.225
1.225
1.225
1.225
1.225
1.225
1.225
1.225
1.225
1.225
1.225
1.225
1.225
1.225
1.225
1.225
1.225
1.225
1.225
1.225
1.225
1.225
1.225
1.225
1.225
1.225
1.225
1.225
1.225
1.225
1.225
1.225
1.225
1.225
1.225
1.225
1.225
1.225
1.225
1.225
1.225
1.225
1.225
1.225
1.225
1.225
1.225
1.225
1.225
1.225
1.225
1.225
1.225
1.225
1.225
1.225
1.225
1.225
1.225
1.225
1.225
1.225
1.225
1.225
1.225
1.225
1.225
1.225
1.225
1.225
1.225
1.225
1.225
1.225
1.225
1.225
1.225
1.225
1.225
1.225
1.225
1.225
1.225
1.225
1.225
1.225
1.225
1.225
1.225
1.225
1.225
1.225
1.225
1.225
1.225
1.225
1.225
1.225
1.225
1.225
1.225
1.225
1.225
1.225
1.225
1.225
1.225
1.225
1.225
1.225
1.225
1.225
1.225
1.225
1.225
1.225
1.225
1.225
1.225
1.225
1.225
1.225
1.225
1.225
1.225
1.225
1.225
1.225
1.225
1.225
1.225
1.225
1.225
1.225
1.225
1.225
1.225
1.225
1.225
1.225
1.225
1.225
1.225
1.225
1.225
1.225
1.225
1.225
1.225
1.225
1.225
1.225
1.225
1.225
1.225
1.225
1.225
1.225
1.225
1.225
1.225
1.225
1.225
1.225
1.225
1.225
1.225
1.225
1.225
1.225
1.225
1.225
1.225
1.225
1.225
1.225
1.225
1.225
1.225
1.225
1.225
1.225
1.225
1.225
1.225
1.225
1.225
1.225
1.225
1.225
1.225
1.225
1.225
1.225
1.225
1.225
1.225
1.225
1.225
1.225
1.225
1.225
1.225
1.225
1.225
1.225
1.225
1.225
1.225
1.225
1.225
1.225
1.225
1.225
1.225
1.225
1.225
1.225
1.225
1.225
1.225
1.225
1.225
1.225
1.225
1.225
1.225
1.225
1.225
1.225
1.225
1.225
1.225
1.225
1.225
1.225
1.225
1.225
1.225
1.225
1.225
1.225
1.225
1.225
1.225
1.225
1.225
1.225
1.225
1.225
1.225
1.225
1.225
1.225
1.225
1.225
1.225
1.225
1.225
1.225
1.225
1.225
1.225
1.225
1.225
1.225
1.225
1.225
1.225
1.225
1.225
1.225
1.225
1.225
1.225
1.225
1.225
1.225
1.225
1.225
1.225
1.225
1.225
1.225
1.225
1.225
1.225
1.225
1.225
1.225
1.225
1.225
1.225
1.225
1.225
1.225
1.225
1.225
1.225
1.225
1.225
1.225
1.225
1.225
1.225
1.225
1.225
1.225
1.225
1.225
1.225
1.225
1.225
1.225
1.225
1.225
1.225
1.225
1.225
1.225
1.225
1.225
1.225
1.225
1.225
1.225
1.225
1.225
1.225
1.225
1.225
1.225
1.225
1.225
1.225
1.225
1.225
1.225
1.225
1.225
1.225
1.225
1.225
1.225
1.225
1.225
1.225
1.225
1.225
1.225
1.225
1.225
1.225
1.225
1.225
1.225
1.225
1.225
1.225
1.225
1.225
1.225
1.225
1.225
1.225
1.225
1.225
1.225
1.225
1.225
1.225
1.225
1.225
1.225
1.225
1.225
1.225
1.225
1.225
1.225
1.225
1.225
1.225
1.225
1.225
1.225
1.225
1.225
1.225
1.225
1.225
1.225
1.225
1.225
1.225
1.225
1.225
1.225
1.225
1.225
1.225
1.225
1.225
1.225
1.225
1.225
1.225
1.225
1.225
1.225
1.225
1.225
1.225
1.225
1.225
1.225
1.225
1.225
1.225
1.225
1.225
1.225
1.225
1.225
1.225
1.225
1.225
1.225
1.225
1.225
1.225
1.225
1.225
1.225
1.225
1.225
1.225
1.225
1.225
1.225
1.225
1.225
1.225
1.225
1.225
1.225
1.225
1.225
1.225
1.225
1.225
1.225
1.225
1.225
1.225
1.225
1.225
1.225
1.225
1.225
1.225
1.225
1.225
1.225
1.225
1.225
1.225
1.225
1.225
1.225
1.225
1.225
1.225
1.225
1.225
1.225
1.225
1.225
1.225
1.225
1.225
1.225
1.225
1.225
1.225
1.225
1.225
1.225
1.225
1.225
1.225
1.225
1.225
1.225
1.225
1.225
1.225
1.225
1.225
1.225
1.225
1.225
1.225
1.225
1.225
1.225
1.225
1.225
1.225
1.225
1.225
1.225
1.225
1.225
1.225
1.225
1.225
1.225
1.225
1.225
1.225
1.225
1.225
1.225
1.225
1.225
1.225
1.225
1.225
1.225
1.225
1.225
1.225
1.225
1.225
1.225
1.225
1.225
1.225
1.225
1.225
1.225
1.225
1.225
1.225
1.225
1.225
1.225
1.225
1.225
1.225
1.225
1.225
1.225
1.225
1.225
1.225
1.225
1.225
1.225
1.225
1.225
1.225
1.225
1.225
1.225
1.225
1.225
1.225
1.225
1.225
1.225
1.225
1.225
1.225
1.225
1.225
1.225
1.225
1.225
1.225
1.225
1.225
1.225
1.225
1.225
1.225
1.225
1.225
1.225
1.225
1.225
1.225
1.225
1.225
1.225
1.225
1.225
1.225
1.225
1.225
1.225
1.225
1.225
1.225
1.225
1.225
1.225
1.225
1.225
1.225
1.225
1.225
1.225
1.225
1.225
1.225
1.225
1.225
1.225
1.225
1.225
1.225
1.225
1.225
1.225
1.225
1.225
1.225
1.225
1.225
1.225
1.225
1.225
1.225
1.225
1.225
1.225
1.225
1.225
1.225
1.225
1.225
1.225
1.225
1.225
1.225
1.225
1.225
1.225
1.225
1.225
1.225
1.225
1.225
1.225
1.225
1.225
1.225
1.225
1.225
1.225
1.225
1.225
1.225
1.225
1.225
1.225
1.225
1.225
1.225
1.225
1.225
1.225
1.225
1.225
1.225
1.225
1.225
1.225
1.225
1.225
1.225
1.225
1.225
1.225
1.225
1.225
1.225
1.225
1.225
1.225
1.225
1.225
1.225
1.225
1.225
1.225
1.225
1.225
1.225
1.225
1.225
1.225
1.225
1.225
1.225
1.225
1.225
1.225
1.225
1.225
1.225
1.225
1.225
1.225
1.225
1.225
1.225
1.225
1.225
1.225
1.225
1.225
1.225
1.225
1.225
1.225
1.225
1.225
1.225
1.225
1.225
1.225
1.225
1.225
1.225
1.225
1.225
1.225
1.225
1.225
1.225
1.225
1.225
1.225
1.225
1.225
1.225
1.225
1.225
1.225
1.225
1.225
1.225
1.225
1.225
1.225
1.225
1.225
1.225
1.225
1.225
1.225
1.225
1.225
1.225
1.225
1.225
1.225
1.225
1.225
1.225
1.225
1.225
1.225
1.225
1.225
1.225
1.225
1.225
1.225
1.225
1.225
1.225
1.225
1.225
1.225
1.225
1.225
1.225
1.225
1.225
1.225
1.225
1.225
1.225
1.225
1.225
1.225
1.225
1.225
1.225
1.225
1.225
1.225
1.225
1.225
1.225
1.225
1.225
1.225
1.225
1.225
1.225
1.225
1.225
1.225
1.225
1.225
1.225
1.225
1.225
1.225
1.225
1.225
1.225
1.225
1.225
1.225
1.225
1.225
1.225
1.225
1.225
1.225
1.225
1.225
1.225
1.225
1.225
1.225
1.225
1.225
1.225
1.225
1.225
1.225
1.225
1.225
1.225
1.225
1.225
1.225
1.225
1.225
1.225
1.225
1.225
1.225
1.225
1.225
1.225
1.225
1.225
1.225
1.225
1.225
1.225
1.225
1.225
1.225
1.225
1.225
1.225
1.225
1.225
1.225
1.225
1.225
1.225
1.225
1.225
1.225
1.225
1.225
1.225
1.225
1.225
1.225
1.225
1.225
1.225
1.225
1.225
1.225
1.225
1.225
1.225
1.225
1.225
1.225
1.225
1.225
1.225
1.225
1.225
1.225
1.225
1.225
1.225
1.225
1.225
1.225
1.225
1.225
1.225
1.225
1.225
1.225
1.225
1.225
1.225
1.225
1.225
1.225
1.225
1.225
1.225
1.225
1.225
1.225
1.225
1.225
1.225
1.225
1.225
1.225
1.225
1.225
1.225
1.225
1.225
1.225
1.225
1.225
1.225
1.225
1.225
1.225
1.225
1.225
1.225
1.225
1.225
1.225
1.225
1.225
1.225
1.225
1.225
1.225
1.225
1.225
1.225
1.225
1.225
1.225
1.225
1.225
1.225
1.225
1.225
1.225
1.225
1.225
1.225
1.225
1.225
1.225
1.225
1.225
1.225
1.225
1.225
1.225
1.225
1.225
1.225
1.225
1.225
1.225
1.225
1.225
1.225
1.225
1.225
1.225
1.225
1.225
1.225
1.225
1.225
1.225
1.225
1.225
1.225
1.225
1.225
1.225
1.225
1.225
1.225
1.225
1.225
1.225
1.225
1.225
1.225
1.225
1.225
1.225
1.225
1.225
1.225
1.225
1.225
1.225
1.225
1.225
1.225
1.225
1.225
1.225
1.225
1.225
1.225
1.225
1.225
1.225
1.225
1.225
1.225
1.225
1.225
1.225
1.225
1.225
1.225
1.225
1.225
1.225
1.225
1.225
1.225
1.225
1.225
1.225
1.225
1.225
1.225
1.225
1.225
1.225
1.225
1.225
1.225
1.225
1.225
1.225
1.225
1.225
1.225
1.225
1.225
1.225
1.225
1.225
1.225
1.225
1.225
1.225
1.225
1.225
1.225
1.225
1.225
1.225
1.225
1.225
1.225
1.225
1.225
1.225
1.225
1.225
1.225
1.225
1.225
1.225
1.225
1.225
1.225
1.225
1.225
1.225
1.225
1.225
1.225
1.225
1.225
1.225
1.225
1.225
1.225
1.225
1.225
1.225
1.225
1.225
1.225
1.225
1.225
1.225
1.225
1.225
1.225
1.225
1.225
1.225
1.225
1.225
1.225
1.225
1.225
1.225
1.225
1.225
1.225
1.225
1.225
1.225
1.225
1.225
1.225
1.225
1.225
1.225
1.225
1.225
1.225
1.225
1.225
1.225
1.225
1.225
1.225
1.225
1.225
1.225
1.225
1.225
1.225
1.225
1.225
1.225
1.225
1.225
1.225
1.225
1.225
1.225
1.225
1.225
1.225
1.225
1.225
1.225
1.225
1.225
1.225
1.225
1.225
1.225
1.225
1.225
1.225
1.225
1.225
1.225
1.225
1.225
1.225
1.225
1.225
1.225
1.225
1.225
1.225
1.225
1.225
1.225
1.225
1.225
1.225
1.225
1.225
1.225
1.225
1.225
1.225
1.225
1.225
1.225
1.225
1.225
1.225
1.225
1.225
1.225
1.225
1.225
1.225
1.225
1.225
1.225
1.225
1.225
1.225
1.225
1.225
1.225
1.225
1.225
1.225
1.225
1.225
1.225
1.225
1.225
1.225
1.225
1.225
1.225
1.225
1.225
1.225
1.225
1.225
1.225
1.225
1.225
1.225
1.225
1.225
1.225
1.225
1.225
1.225
1.225
1.225
1.225
1.225
1.225
1.225
1.225
1.225
1.225
1.225
1.225
1.225
1.225
1.225
1.225
1.225
1.225
1.225
1.225
1.225
1.225
1.225
1.225
1.225
1.225
1.225
1.225
1.225
1.225
1.225
1.225
1.225
1.225
1.225
1.225
1.225
1.225
1.225
1.225
1.225
1.225
1.225
1.225
1.225
1.225
1.225
1.225
1.225
1.225
1.225
1.225
1.225
1.225
1.225
1.225
1.225
1.225
1.225
1.225
1.225
1.225
1.225
1.225
1.225
1.225
1.225
1.225
1.225
1.225
1.225
1.225
1.225
1.225
1.225
1.225
1.225
1.225
1.225
1.225
1.225
1.225
1.225
1.225
1.225
1.225
1.225
1.225
1.225
1.225
1.225
1.225
1.225
1.225
1.225
1.225
1.225
1.225
1.225
1.225
1.225
1.225
1.225
1.225
1.225
1.225
1.225
1.225
1.225
1.225
1.225
1.225
1.225
1.225
1.225
1.225
1.225
1.225
1.225
1.225
1.225
1.225
1.225
1.225
1.225
1.225
1.225
1.225
1.225
1.225
1.225
1.225
1.225
1.225
1.225
1.225
1.225
1.225
1.225
1.225
1.225
1.225
1.225
1.225
1.225
1.225
1.225
1.225
1.225
1.225
1.225
1.225
1.225
1.225
1.225
1.225
1.225
1.225
1.225
1.225
1.225
1.225
1.225
1.225
1.225
1.225
1.225
1.225
1.225
1.225
1.225
1.225
1.225
1.225
1.225
1.225
1.225
1.225
1.225
1.225
1.225
1.225
1.225
1.225
1.225
1.225
1.225
1.225
1.225
1.225
1.225
1.225
1.225
1.225
1.225
1.225
1.225
1.225
1.225
1.225
1.225
1.225
1.225
1.225
1.225
1.225
1.225
1.225
1.225
1.225
1.225
1.225
1.225
1.225
1.225
1.225
1.225
1.225
1.225
1.225
1.225
1.225
1.225
1.225
1.225
1.225
1.225
1.225
1.225
1.225
1.225
1.225
1.225
1.225
1.225
1.225
1.225
1.225
1.225
1.225
1.225
1.225
1.225
1.225
1.225
1.225
1.225
1.225
1.225
1.225
1.225
1.225
1.225
1.225
1.225
1.225
1.225
1.225
1.225
1.225
1.225
1.225
1.225
1.225
1.225
1.225
1.225
1.225
1.225
1.225
1.225
1.225
1.225
1.225
1.225
1.225
1.225
1.225
1.225
1.225
1.225
1.225
1.225
1.225
1.225
1.225
1.225
1.225
1.225
1.225
1.225
1.225
1.225
1.225
1.225
1.225
1.225
1.225
1.225
1.225
1.225
1.225
1.225
1.225
1.225
1.225
1.225
1.225
1.225
1.225
1.225
1.225
1.225
1.225
1.225
1.225
1.225
1.225
1.225
1.225
1.225
1.225
1.225
1.225
1.225
1.225
1.225
1.225
1.225
1.225
1.225
1.225
1.225
1.225
1.225
1.225
1.225
1.225
1.225
1.225
1.225
1.225
1.225
1.225
1.225
1.225
1.225
1.225
1.225
1.225
1.225
1.225
1.225
1.225
1.225
1.225
1.225
1.225
1.225
1.225
1.225
1.225
1.225
1.225
1.225
1.225
1.225
1.225
1.225
1.225
1.225
1.225
1.225
1.225
1.225
1.225
1.225
1.225
1.225
1.225
1.225
1.225
1.225
1.225
1.225
1.225
1.225
1.225
1.225
1.225
1.225
1.225
1.225
1.225
1.225
1.225
1.225
1.225
1.225
1.225
1.225
1.225
1.225
1.225
1.225
1.225
1.225
1.225
1.225
1.225
1.225
1.225
1.225
1.225
1.225
1.225
1.225
1.225
1.225
1.225
1.225
1.225
1.225
1.225
1.225
1.225
1.225
1.225
1.225
1.225
1.225
1.225
1.225
1.225
1.225
1.225
1.225
1.225
1.225
1.225
1.225
1.225
1.225
1.225
1.225
1.225
1.225
1.225
1.225
1.225
1.225
1.225
1.225
1.225
1.225
1.225
1.225
1.225
1.225
1.225
1.225
1.225
1.225
1.225
1.225
1.225
1.225
1.225
1.225
1.225
1.225
1.225
1.225
1.225
1.225
1.225
1.225
1.225
1.225
1.225
1.225
1.225
1.225
1.225
1.225
1.225
1.225
1.225
1.225
1.225
1.225
1.225
1.225
1.225
1.225
1.225
1.225
1.225
1.225
1.225
1.225
1.225
1.225
1.225
1.225
1.225
1.225
1.225
1.225
1.225
1.225
1.225
1.225
1.225
1.225
1.225
1.225
1.225
1.225
1.225
1.225
1.225
1.225
1.225
1.225
1.225
1.225
1.225
1.225
1.225
1.225
1.225
1.225
1.225
1.225
1.225
1.225
1.225
1.225
1.225
1.225
1.225
1.225
1.225
1.225
1.225
1.225
1.225
1.225
1.225
1.225
1.225
1.225
1.225
1.225
1.225
1.225
1.225
1.225
1.225
1.225
1.225
1.225
1.225
1.225
1.225
1.225
1.225
1.225
1.225
1.225
1.225
1.225
1.225
1.225
1.225
1.225
1.225
1.225
1.225
1.225
1.225
1.225
1.225
1.225
1.225
1.225
1.225
1.225
1.225
1.225
1.225
1.225
1.225
1.225
1.225
1.225
1.225
1.225
1.225
1.225
1.225
1.225
1.225
1.225
1.225
1.225
1.225
1.225
1.225
1.225
1.225
1.225
1.225
1.225
1.225
1.225
1.225
1.225
1.225
1.225
1.225
1.225
1.225
1.225
1.225
1.225
1.225
1.225
1.225
1.225
1.225
1.225
1.225
1.225
1.225
1.225
1.225
1.225
1.225
1.225
1.225
1.225
1.225
1.225
1.225
1.225
1.225
1.225
1.225
1.225
1.225
1.225
1.225
1.225
1.225
1.225
1.225
1.225
1.225
1.225
1.225
1.225
1.225
1.225
1.225
1.225
1.225
1.225
1.225
1.225
1.225
1.225
1.225
1.225
1.225
1.225
1.225
1.225
1.225
1.225
1.225
1.225
1.225
1.225
1.225
1.225
1.225
1.225
1.225
1.225
1.225
1.225
1.225
1.225
1.225
1.225
1.225
1.225
1.225
1.225
1.225
1.225
1.225
1.225
1.225
1.225
1.225
1.225
1.225
1.225
1.225
1.225
1.225
1.225
1.225
1.225
1.225
1.225
1.225
1.225
1.225
1.225
1.225
1.225
1.225
1.225
1.225
1.225
1.225
1.225
1.225
1.225
1.225
1.225
1.225
1.225
1.225
1.225
1.225
1.225
1.225
1.225
1.225
1.225
1.225
1.225
1.225
1.225
1.225
1.225
1.225
1.225
1.225
1.225
1.225
1.225
1.225
1.225
1.225
1.225
1.225
1.225
1.225
1.225
1.225
1.225
1.225
1.225
1.225
1.225
1.225
1.225
1.225
1.225
1.225
1.225
1.225
1.225
1.225
1.225
1.225
1.225
1.225
1.225
1.225
1.225
1.225
1.225
1.225
1.225
1.225
1.225
1.225
1.225
1.225
1.225
1.225
1.225
1.225
1.225
1.225
1.225
1.225
1.225
1.225
1.225
1.225
1.225
1.225
1.225
1.225
1.225
1.225
1.225
1.225
1.225
1.225
1.225
1.225
1.225
1.225
1.225
1.225
1.225
1.225
1.225
1.225
1.225
1.225
1.225
1.225
1.225
1.225
1.225
1.225
1.225
1.225
1.225
1.225
1.225
1.225
1.225
1.225
1.225
1.225
1.225
1.225
1.225
1.225
1.225
1.225
1.225
1.225
1.225
1.225
1.225
1.225
1.225
1.225
1.225
1.225
1.225
1.225
1.225
1.225
1.225
1.225
1.225
1.225
1.225
1.225
1.225
1.225
1.225
1.225
1.225
1.225
1.225
1.225
1.225
1.225
1.225
1.225
1.225
1.225
1.225
1.225
1.225
1.225
1.225
1.225
1.225
1.225
1.225
1.225
1.225
1.225
1.225
1.225
1.225
1.225
1.225
1.225
1.225
1.225
1.225
1.225
1.225
1.225
1.225
1.225
1.225
1.225
1.225
1.225
1.225
1.225
1.225
1.225
1.225
1.225
1.225
1.225
1.225
1.225
1.225
1.225
1.225
1.225
1.225
1.225
1.225
1.225
1.225
1.225
1.225
1.225
1.225
1.225
1.225
1.225
1.225
1.225
1.225
1.225
1.225
1.225
1.225
1.225
1.225
1.225
1.225
1.225
1.225
1.225
1.225
1.225
1.225
1.225
1.225
1.225
1.225
1.225
1.225
1.225
1.225
1.225
1.225
1.225
1.225
1.225
1.225
1.225
1.225
1.225
1.225
1.225
1.225
1.225
1.225
1.225
1.225
1.225
1.225
1.225
1.225
1.225
1.225
1.225
1.225
1.225
1.225
1.225
1.225
1.225
1.225
1.225
1.225
1.225
1.225
1.225
1.225
1.225
1.225
1.225
1.225
1.225
1.225
1.225
1.225
1.225
1.225
1.225
1.225
1.225
1.225
1.225
1.225
1.225
1.225
1.225
1.225
1.225
1.225
1.225
1.225
1.225
1.225
1.225
1.225
1.225
1.225
1.225
1.225
2.9367
2.25945
3.60875
3.48298
2.22741
3.32163
3.3193
2.91245
2.28138
2.20258
3.27504
3.31956
3.32615
3.29344
3.32175
4.96401
4.54844
2.9178
2.44653
4.09075
3.85473
2.2356
1.92994
1.48112
2.85873
3.40244
3.44687
3.19781
1.69063
1.24574
1.69389
1.22709
1.29455
1.22734
1.29803
1.24449
1.73339
1.67675
1.22766
1.22718
1.30796
1.2947
1.225
1.24297
2.86811
1.48491
1.25648
1.22676
1.289
1.93893
1.7419
1.25579
1.2451
1.37117
1.22884
1.2272
1.30713
1.48932
1.23431
1.22702
1.22598
1.22518
1.2602
1.23315
1.22501
1.24788
1.22563
1.225
1.22505
1.22505
1.22734
1.23321
1.22518
1.22501
1.22501
1.225
1.22579
1.22504
1.225
1.225
1.225
1.225
1.225
1.225
1.225
1.22501
1.22501
1.22558
1.225
1.225
1.22504
1.22505
1.22567
1.22501
1.22553
1.225
1.225
1.22506
1.22505
1.22504
1.225
1.22565
1.225
1.22581
1.225
1.225
1.225
1.22501
1.225
1.225
1.225
1.225
1.225
1.225
1.225
1.225
1.225
1.225
1.225
1.225
1.225
1.225
1.225
1.225
1.225
1.225
1.225
1.225
1.225
1.225
1.225
1.225
1.225
1.225
1.225
1.225
1.225
1.225
1.225
1.225
1.225
1.225
1.225
1.40443
2.34949
1.22514
2.05593
1.23905
1.22513
1.43157
1.22518
1.22506
1.22956
1.225
1.225
1.225
1.225
1.225
1.225
1.225
1.225
1.225
1.225
1.225
1.225
1.225
1.225
1.225
1.225
1.225
1.225
1.225
1.225
1.225
1.225
1.225
1.225
1.225
1.225
1.225
1.225
1.225
1.225
1.225
1.225
1.225
1.225
1.225
1.225
1.225
1.225
1.225
1.225
1.225
1.225
1.225
1.225
1.225
1.225
1.225
1.225
1.225
1.225
1.225
1.225
1.225
1.225
1.225
1.225
1.225
1.225
1.225
1.225
1.225
1.225
1.225
1.225
1.225
1.225
1.225
1.225
1.225
1.225
1.225
1.225
1.225
1.225
1.225
1.225
1.225
1.225
1.225
1.225
1.225
1.225
1.225
1.225
1.225
1.225
1.225
1.225
1.225
1.225
1.225
2.72916
1.40887
2.65137
1.54585
1.2369
1.23769
1.54528
1.4017
2.68925
2.62147
1.23936
1.23696
1.57892
1.53228
1.225
1.22502
1.225
1.225
1.22502
1.225
1.225
1.225
1.225
1.225
1.225
1.225
1.225
1.225
1.225
1.225
1.225
1.225
1.225
1.225
1.225
1.225
1.225
1.225
1.225
1.225
1.225
1.225
1.225
1.225
1.225
1.225
1.225
1.225
1.225
1.225
1.225
1.225
1.225
1.225
1.225
1.225
1.225
1.225
1.225
1.225
1.225
1.225
1.225
1.225
1.225
1.225
1.225
1.225
1.225
1.225
1.225
1.225
1.225
1.225
1.225
1.225
1.225
1.225
1.225
1.225
1.225
1.225
1.225
1.225
1.225
1.225
1.225
1.225
1.225
1.225
1.225
1.225
1.225
1.225
1.225
1.225
1.225
1.225
1.225
1.225
1.225
1.225
1.225
1.225
1.225
1.225
1.225
1.225
1.225
1.225
1.225
1.225
1.225
1.225
1.225
1.225
1.225
1.225
1.225
1.225
1.225
1.225
1.225
1.225
1.225
1.225
1.225
1.225
1.225
1.225
1.225
1.225
1.225
1.225
1.225
1.225
1.225
1.225
1.225
1.225
1.225
1.225
1.225
1.225
1.225
1.225
1.225
1.225
1.225
1.225
1.225
1.225
1.225
1.225
1.225
1.225
1.225
1.225
1.225
1.225
1.225
1.225
1.225
1.225
1.225
1.225
1.225
1.225
1.225
1.225
1.225
1.225
1.225
1.225
1.225
1.225
1.225
1.225
1.225
1.225
1.225
1.225
1.225
1.225
1.225
1.225
1.225
1.225
1.225
1.225
1.225
1.225
1.225
1.225
1.225
1.225
1.225
1.225
1.225
1.225
1.225
1.225
1.225
1.225
1.225
1.225
1.225
1.225
1.225
1.225
1.225
1.225
1.225
1.225
1.225
1.225
1.225
1.225
1.225
1.225
1.225
1.225
1.225
1.225
1.225
1.225
1.225
1.225
1.225
1.225
1.225
1.225
1.225
1.225
1.225
1.225
1.225
1.225
1.225
1.225
1.225
1.225
1.225
1.225
1.225
1.225
1.225
1.225
1.225
1.225
1.225
1.225
1.225
1.225
1.225
1.225
1.225
1.225
1.225
1.225
1.225
1.225
1.225
1.225
1.225
1.225
1.225
1.225
1.225
1.225
1.225
1.225
1.225
1.225
1.225
1.225
1.225
1.225
1.225
1.225
1.225
1.225
1.225
1.225
1.225
1.225
1.225
1.225
1.225
1.225
1.225
1.225
1.225
1.225
1.225
1.225
1.225
1.225
1.225
1.225
1.225
1.225
1.225
1.225
1.225
1.225
1.225
1.225
1.225
1.225
1.225
1.225
1.225
1.225
1.225
1.225
1.225
1.225
1.225
1.225
1.225
1.225
1.225
1.225
1.225
1.225
1.225
1.225
1.225
1.225
1.225
1.225
1.225
1.225
1.225
1.225
1.225
1.225
1.225
1.225
1.225
1.225
1.225
1.225
1.225
1.225
1.225
1.225
1.225
1.225
1.225
1.225
1.225
1.225
1.225
1.225
1.225
1.225
1.225
1.225
1.225
1.225
1.225
1.225
1.225
1.225
1.225
1.225
1.225
1.225
1.225
1.225
1.225
1.225
1.225
1.225
1.225
1.225
1.225
1.225
1.225
1.225
1.225
1.225
1.225
1.225
1.225
1.225
1.225
1.225
1.225
1.225
1.225
1.225
1.225
1.225
1.225
1.225
1.225
1.225
1.225
1.225
1.225
1.225
1.225
1.225
1.225
1.225
1.225
1.225
1.225
1.225
1.225
1.225
1.225
1.225
1.225
1.225
1.225
1.225
1.225
1.225
1.225
1.225
1.225
1.225
1.225
1.225
1.225
1.225
1.225
1.225
1.225
1.225
1.225
1.225
1.225
1.225
1.225
1.225
1.225
1.225
1.225
1.225
1.225
1.225
1.225
1.225
1.225
1.225
1.225
1.225
1.225
1.225
1.225
1.225
1.225
1.225
1.225
1.225
1.225
1.225
1.225
1.225
1.225
1.225
1.225
1.225
1.225
1.225
1.225
1.225
1.225
1.225
1.225
1.225
1.225
1.225
1.225
1.225
1.225
1.225
1.225
1.225
1.225
3.08247
1.29882
2.78794
3.78589
1.22711
1.22566
2.54998
1.29787
1.225
1.225
1.225
1.225
1.225
1.225
1.225
1.225
1.225
1.225
1.225
1.225
1.225
1.225
3.70778
3.49373
2.51012
3.50338
3.19962
0.947759
1.27115
1.18388
1.2665
0.933484
1.22147
1.32023
1.88985
1.77113
2.2346
1.23046
1.31162
3.94976
1.37616
3.31026
1.99403
1.88111
0.952149
2.03807
1.39762
1.53397
2.19131
2.75538
3.23309
2.68481
3.31479
1.85662
1.98834
2.64524
2.50336
2.65198
3.34512
3.25489
1.74423
1.85952
2.65404
2.51029
2.71267
2.94359
2.84887
3.57649
3.53717
3.61862
3.94578
3.52221
2.99582
3.54344
2.85055
2.29799
2.95663
3.50994
2.95526
3.88139
3.5933
2.71664
2.15745
2.96381
3.50897
1.225
1.225
1.225
1.225
1.225
1.225
1.225
1.225
1.225
1.225
3.49164
3.57782
3.58395
2.8974
2.84071
3.33408
3.24161
3.70702
2.76964
3.68605
3.51605
3.96529
3.96036
3.69937
1.22501
1.225
1.225
1.22504
1.225
1.25286
1.94458
3.45014
3.35144
3.56316
2.60296
2.00716
3.58424
3.84555
3.3534
3.11143
3.72817
3.56109
3.90598
3.82505
3.51209
3.65376
2.89619
3.82498
2.61042
3.70298
3.36171
1.83734
1.64576
2.94849
1.63464
1.24686
1.24635
1.65474
1.63993
1.42583
2.6813
1.41992
1.56932
1.23829
1.55734
1.23804
2.49625
1.2302
1.41902
1.97351
3.4747
2.47296
1.30771
2.36431
1.45669
2.59175
1.36585
1.23314
3.60355
2.62852
1.25635
2.31054
1.827
4.24026
3.50253
1.84518
2.34364
1.77383
1.26641
1.39166
1.3158
1.24703
1.2306
1.22614
1.67675
3.66969
3.04157
1.67044
1.46274
1.25973
1.24089
3.13284
1.75083
1.50534
1.71869
1.26526
1.24319
2.12984
1.22699
1.24302
1.71275
1.54402
3.02119
2.1793
1.27384
1.44609
1.34799
1.25567
1.24581
1.23078
1.22814
1.22544
1.22502
1.24327
1.22572
1.22502
1.24402
1.2255
1.22556
1.22502
1.22502
1.22565
1.24628
1.24287
1.22563
1.22551
1.23081
1.22516
1.23135
1.2253
1.22501
1.22501
1.22534
1.22514
1.23222
1.23097
1.22501
1.22539
1.22501
1.22531
1.2252
1.3051
1.2293
1.2272
1.2251
1.22509
1.225
1.22573
1.22502
1.22502
1.24416
1.22558
1.24449
1.22553
1.22512
1.22501
1.22524
1.22519
1.2335
1.37475
1.22902
1.225
1.22501
1.2254
1.23415
1.22614
1.22519
1.22502
1.227
1.22503
1.225
1.2251
1.22691
1.22561
1.22503
1.22704
1.22584
1.22502
1.28501
1.25105
1.22643
1.22562
1.22501
1.22528
1.22677
1.22505
1.23352
1.22522
1.22504
1.22526
1.22514
1.23197
1.22573
1.22534
1.22501
1.22501
1.22501
1.22775
1.22554
1.225
1.22513
1.225
1.22502
1.22587
1.22504
1.22502
1.25293
1.22659
1.22568
1.28977
1.22576
1.225
1.22511
1.225
1.22506
1.22501
1.225
1.225
1.22506
1.22504
1.2257
1.22547
1.22501
1.22501
1.225
1.225
1.22502
1.225
1.22522
1.225
1.22504
1.225
1.225
1.225
1.225
1.22501
1.225
1.225
1.225
1.225
1.225
1.225
1.22501
1.225
1.225
1.225
1.225
1.225
1.225
1.22501
1.225
1.225
1.225
1.225
1.225
1.225
1.22501
1.225
1.22501
1.225
1.225
1.22515
1.225
1.225
1.225
1.225
1.225
1.225
1.22504
1.225
1.225
1.225
1.225
1.22504
1.22502
1.225
1.225
1.225
1.225
1.225
1.225
1.225
1.22502
1.225
1.225
1.225
1.225
1.225
1.22502
1.225
1.225
1.225
1.225
1.225
1.225
1.225
1.225
1.225
1.225
1.22501
1.225
1.225
1.225
1.225
1.225
1.225
1.22508
1.225
1.225
1.225
1.225
1.22502
1.22501
1.225
1.225
1.225
1.225
1.225
1.22501
1.225
1.225
1.22501
1.225
1.225
1.225
1.225
1.225
1.225
1.225
1.225
1.22501
1.225
1.225
1.225
1.225
1.225
1.225
1.225
1.225
1.225
1.225
1.225
1.225
1.225
1.225
1.225
1.225
1.225
1.225
1.225
1.225
1.225
1.225
1.225
1.225
1.225
1.225
1.225
1.225
1.225
1.225
1.225
1.225
1.225
1.225
1.225
1.225
1.225
1.225
1.225
1.225
1.225
1.225
1.225
1.225
1.225
1.225
1.225
1.225
1.225
1.225
1.225
1.225
1.225
1.225
1.225
1.225
1.225
1.225
1.225
1.225
1.225
1.225
1.225
1.225
1.225
1.225
1.225
1.22502
1.22503
1.22599
1.22502
1.2257
1.22501
1.22599
1.225
1.225
1.225
1.225
1.225
1.225
1.225
1.225
1.225
1.225
1.225
1.225
1.225
1.225
1.225
1.225
1.225
1.225
1.225
1.225
1.225
1.225
1.225
1.225
1.225
1.225
1.22567
1.22503
1.22502
1.22502
1.22501
1.225
1.225
1.22508
1.225
1.225
1.22501
1.22531
1.22501
1.225
1.225
1.225
1.225
1.225
1.225
1.225
1.225
1.225
1.225
1.225
1.225
1.225
1.225
1.22648
5.79767
3.33517
5.45418
2.69104
3.78297
2.89538
2.59134
5.76241
4.66893
3.53879
3.0771
2.60453
5.81407
4.97374
3.73595
4.85587
0.937149
1.18229
1.12611
1.26929
1.54212
1.67081
2.31824
1.81727
1.57645
2.26989
1.74654
1.44548
1.90893
2.63427
2.09452
4.91928
5.01365
2.05554
2.52433
2.68955
3.28182
5.24704
5.42166
3.38917
5.62817
5.39879
3.01417
3.63469
5.57625
3.09997
3.70458
3.31643
1.90357
2.43154
3.11344
2.62773
3.68321
2.61984
3.31119
1.90506
2.41635
3.08044
2.58899
3.12571
3.77778
3.35055
1.78875
2.28899
3.12046
2.60407
3.41772
3.12118
2.39022
3.25397
3.23362
2.8161
3.42307
5.43286
3.9021
4.31946
5.33879
3.39881
3.97874
5.65039
5.41219
3.87751
4.72025
3.99244
4.46287
3.77122
5.31356
4.02799
5.552
4.37023
5.48535
3.45318
3.97887
5.61744
4.07055
5.85824
4.54079
5.22326
3.23334
4.05524
5.77706
3.75437
3.86476
3.62923
3.77158
3.54414
3.02563
2.89453
2.33098
3.34913
2.26614
3.6528
2.97728
3.34061
3.11238
3.527
3.85275
2.99785
3.62393
2.88026
3.74566
3.33455
4.50054
5.22374
4.35563
5.05279
4.22721
3.42546
4.14173
3.93649
3.0874
2.56732
4.17036
4.02303
3.42818
5.12089
4.17839
5.1963
4.33839
4.08596
3.37959
4.47563
5.7312
)
;

boundaryField
{
    ground
    {
        type            calculated;
        value           nonuniform List<scalar> 
337
(
1.225
1.225
1.225
1.225
1.225
1.225
1.225
1.225
1.225
1.225
1.225
1.225
1.225
1.225
1.225
1.225
1.225
1.225
1.225
1.225
1.225
1.225
1.225
1.225
1.225
1.225
1.225
1.225
1.225
1.225
1.225
1.225
1.225
1.225
1.225
1.225
1.225
1.225
1.225
1.225
1.225
1.225
1.225
1.225
1.225
1.225
1.225
1.225
1.225
1.225
1.225
1.225
1.225
1.225
1.225
1.225
1.225
1.225
1.225
1.225
1.225
1.225
1.225
1.225
1.225
1.225
1.225
1.225
1.225
1.225
1.225
1.225
1.225
1.225
1.225
1.225
1.225
1.225
1.225
1.225
1.225
1.225
1.225
1.225
1.225
1.225
1.2257
1.25579
4.96401
1.225
1.225
1.225
1.225
1.225
1.225
1.225
1.225
1.225
1.225
1.225
1.225
1.225
1.225
1.225
1.225
1.225
1.225
1.225
1.225
1.225
1.225
1.225
1.225
1.225
1.225
1.225
1.225
1.225
1.225
1.225
1.225
1.225
1.225
1.225
1.225
1.225
1.225
1.225
1.225
1.225
1.225
1.225
1.225
1.225
1.225
1.225
1.225
1.225
1.225
1.225
1.225
1.225
1.225
1.225
1.225
1.225
1.225
1.225
1.225
1.225
1.225
1.225
1.225
1.225
1.225
1.225
1.225
1.225
1.225
1.225
1.225
1.225
1.225
1.225
1.225
1.225
1.225
1.225
1.225
1.225
1.225
1.225
1.225
1.225
1.225
1.225
1.225
1.225
1.225
1.225
1.225
1.225
1.225
1.225
1.225
1.225
1.225
1.225
1.225
1.225
1.225
1.225
1.225
1.225
1.225
1.225
1.225
1.225
1.225
1.225
1.225
1.225
1.225
1.225
1.225
1.225
1.225
1.225
1.225
1.225
1.225
1.225
1.225
1.225
1.225
1.225
1.225
1.225
1.225
1.225
4.54844
2.9178
3.86324
1.97042
1.37117
1.22884
1.225
1.28501
1.225
1.225
1.225
2.05593
1.22501
1.225
1.225
1.225
1.225
1.225
1.225
1.225
1.75083
1.225
1.225
1.225
1.225
1.225
1.225
1.225
1.225
1.225
1.225
1.225
1.225
1.225
1.225
1.225
1.225
1.225
1.225
1.225
1.225
1.225
1.225
1.225
1.225
1.225
1.225
1.225
1.225
1.22504
2.31054
4.24026
2.34364
1.29882
1.25973
1.67044
3.66969
1.26526
2.12984
3.78589
1.22704
1.22504
1.22643
1.22526
1.23905
1.22573
1.22711
1.28977
1.22659
1.22506
1.225
1.22501
1.225
1.225
1.22504
1.22502
1.225
1.225
1.225
1.225
1.225
4.72025
5.79767
5.81407
3.0874
5.76241
5.42166
4.08596
5.45418
4.85587
4.91928
5.24704
5.01365
5.62817
5.57625
5.39879
4.46287
5.31356
5.41219
5.85824
5.77706
5.22326
5.48535
5.61744
5.552
5.33879
5.65039
5.43286
5.05279
4.14173
5.22374
4.66893
5.12089
4.02303
4.97374
5.7312
5.1963
)
;
    }
    outlet
    {
        type            calculated;
        value           uniform 1.225;
    }
    wall
    {
        type            calculated;
        value           nonuniform List<scalar> 
298
(
1.225
1.225
1.225
1.225
1.225
1.225
1.225
1.225
1.225
1.225
1.225
1.225
1.225
1.225
1.225
1.225
1.225
1.225
1.225
1.225
1.225
1.225
1.225
1.225
1.225
1.225
1.225
1.225
1.225
1.225
1.225
1.225
1.225
1.225
1.225
1.225
1.225
1.225
1.225
1.225
1.225
1.225
1.225
1.225
1.225
1.225
1.225
1.225
1.225
1.225
1.225
1.225
1.225
1.225
1.225
1.225
1.225
1.225
1.225
1.225
1.225
1.225
1.225
1.225
1.225
1.225
1.225
1.225
1.225
1.225
1.225
1.225
1.225
1.225
1.225
1.225
1.225
1.225
1.225
1.225
1.225
1.225
1.225
1.225
1.225
1.225
1.225
1.225
1.225
1.225
1.225
1.225
1.225
1.225
1.225
1.225
1.225
1.225
1.225
1.225
1.225
1.225
1.225
1.225
1.225
1.225
1.225
1.225
1.225
1.225
1.225
1.225
1.225
1.225
1.225
1.225
1.225
1.225
1.225
1.225
1.225
1.225
1.225
1.225
1.225
1.225
1.225
1.225
1.225
1.225
1.225
1.225
1.225
1.225
1.225
1.225
1.225
1.225
1.225
1.225
1.225
1.225
1.225
1.225
1.225
1.225
1.225
1.225
1.225
1.225
1.225
1.225
1.225
1.225
1.225
1.225
1.225
1.225
1.225
1.225
1.225
1.225
1.225
1.225
1.225
1.225
1.225
1.225
1.225
1.225
1.225
1.225
1.225
1.225
1.225
1.225
1.225
1.225
1.225
1.225
1.225
1.225
1.225
1.225
1.225
1.225
1.225
1.225
1.225
1.225
1.225
1.225
1.225
1.225
1.225
1.225
1.225
1.225
1.225
1.225
1.225
1.225
1.225
1.225
1.225
1.225
1.225
1.225
1.225
1.225
1.225
1.225
1.225
1.225
1.225
1.225
1.225
1.225
1.225
1.225
1.225
1.225
1.225
1.225
1.225
1.225
1.225
1.225
1.225
1.225
1.225
1.225
1.225
1.225
1.225
1.225
1.225
1.225
1.225
1.225
1.225
1.225
1.225
1.225
1.225
1.225
1.225
1.225
1.225
1.225
1.225
1.225
1.225
1.225
1.225
1.225
1.225
1.225
1.225
1.225
1.225
1.225
1.225
1.225
1.225
1.225
1.225
1.225
1.225
1.225
1.225
1.225
1.225
1.225
1.225
1.225
1.225
1.225
1.225
1.225
1.225
1.225
1.225
1.225
1.225
1.225
1.225
1.225
1.225
1.225
1.225
1.225
1.225
1.225
1.225
1.225
1.225
1.225
)
;
    }
    wall2
    {
        type            calculated;
        value           nonuniform List<scalar> 
276
(
1.225
1.225
1.225
1.225
1.225
1.225
1.225
1.225
1.225
1.225
1.225
1.225
1.225
1.225
1.225
1.225
1.225
1.225
1.225
1.225
1.225
1.225
1.225
1.225
1.225
1.225
1.225
1.225
1.225
1.225
1.225
1.225
1.225
1.225
1.225
1.225
1.225
1.225
1.225
1.225
1.225
1.225
1.225
1.225
1.225
1.225
1.225
1.225
1.225
1.225
1.225
1.225
1.225
1.225
1.225
1.225
1.225
1.225
1.225
1.225
1.225
1.225
1.225
1.225
1.225
1.225
1.225
1.225
1.225
1.225
1.225
1.225
1.225
1.225
1.225
1.225
1.225
1.225
1.225
1.225
1.225
1.225
1.225
1.225
1.225
1.225
1.225
1.225
1.225
1.225
1.225
1.225
1.225
1.225
1.225
1.225
1.225
1.225
1.225
1.225
1.225
1.225
1.225
1.225
1.225
1.225
1.225
1.225
1.225
1.225
1.225
1.225
1.225
1.225
1.225
1.225
1.225
1.225
1.225
1.225
1.225
1.225
1.225
1.225
1.225
1.225
1.225
1.225
1.225
1.225
1.225
1.225
1.225
1.225
1.225
1.225
1.225
1.225
1.225
1.225
1.225
1.225
1.225
1.225
1.225
1.225
1.225
1.225
1.225
1.225
1.225
1.225
1.225
1.225
1.225
1.225
1.225
1.225
1.225
1.225
1.225
1.225
1.225
1.225
1.225
1.225
1.225
1.225
1.225
1.225
1.225
1.225
1.225
1.225
1.225
1.225
1.225
1.225
1.225
1.225
1.225
1.225
1.225
1.225
1.225
1.225
1.225
1.225
1.225
1.225
1.225
1.225
1.225
1.225
1.225
1.225
1.225
1.225
1.225
1.225
1.225
1.225
1.225
1.225
1.225
1.225
1.225
1.225
1.225
1.225
1.225
1.225
1.225
1.225
1.225
1.225
1.225
1.225
1.225
1.225
1.225
1.225
1.225
1.225
1.225
1.225
1.225
1.225
1.225
1.225
1.225
1.225
1.225
1.225
1.225
1.225
1.225
1.225
1.225
1.225
1.225
1.225
1.225
1.225
1.225
1.225
1.225
1.225
1.225
1.225
1.225
1.225
1.225
1.225
1.225
1.225
1.225
1.225
1.225
1.225
1.225
1.225
1.225
1.225
1.225
1.225
1.225
1.225
1.225
1.225
1.225
1.225
1.225
1.225
1.225
1.225
)
;
    }
    wall3
    {
        type            calculated;
        value           nonuniform List<scalar> 
530
(
1.225
1.225
1.225
1.225
1.225
1.225
1.225
1.225
1.225
1.225
1.225
1.225
1.225
1.225
1.225
1.225
1.225
1.225
1.225
1.225
1.225
1.225
1.225
1.225
1.225
1.225
1.225
1.225
1.225
1.225
1.225
1.225
1.225
1.225
1.225
1.225
1.225
1.225
1.225
1.225
1.225
1.225
1.225
1.225
1.225
1.225
1.225
1.225
1.225
1.225
1.225
1.225
1.225
1.225
1.225
1.225
1.225
1.225
1.225
1.225
1.225
1.225
1.225
1.225
1.225
1.225
1.225
1.225
1.225
1.225
1.225
1.225
1.225
1.225
1.225
1.225
1.225
1.225
1.225
1.225
1.225
1.225
1.225
1.225
1.225
1.225
1.225
1.225
1.225
1.225
1.225
1.225
1.225
1.225
1.225
1.225
1.225
1.225
1.225
1.225
1.225
1.225
1.225
1.225
1.225
1.225
1.225
1.225
1.225
1.225
1.225
1.225
1.225
1.225
1.225
1.225
1.225
1.225
1.225
1.225
1.225
1.225
1.225
1.225
1.225
1.225
1.225
1.225
1.225
1.225
1.225
1.225
1.225
1.225
1.225
1.225
1.225
1.225
1.225
1.225
1.225
1.225
1.225
1.225
1.225
1.225
1.225
1.225
1.225
1.225
1.225
1.225
1.225
1.225
1.225
1.225
1.225
1.225
1.225
1.225
1.225
1.225
1.225
1.225
1.225
1.225
1.225
1.225
1.225
1.225
1.225
1.225
1.225
1.225
1.225
1.225
1.225
1.225
1.225
1.225
1.225
1.225
1.225
1.225
1.225
1.225
1.225
1.225
1.225
1.225
1.225
1.225
1.225
1.225
1.225
1.225
1.225
1.225
1.225
1.225
1.225
1.225
1.225
1.225
1.225
1.225
1.225
1.225
1.225
1.225
1.225
1.225
1.225
1.225
1.225
1.225
1.225
1.225
1.225
1.225
1.225
1.225
1.225
1.225
1.225
1.225
1.225
1.225
1.225
1.225
1.225
1.225
1.225
1.225
1.225
1.225
1.225
1.225
1.225
1.225
1.225
1.225
1.225
1.225
1.225
1.225
1.225
1.225
1.225
1.225
1.225
1.225
1.225
1.225
1.225
1.225
1.225
1.225
1.225
1.225
1.225
1.225
1.225
1.225
1.225
1.225
1.225
1.225
1.225
1.225
1.225
1.225
1.225
1.225
1.225
1.225
1.225
1.225
1.225
1.225
1.225
1.225
1.225
1.225
1.225
1.225
1.225
1.225
1.225
1.225
1.225
1.225
1.225
1.225
1.225
1.225
1.225
1.225
1.225
1.225
1.225
1.225
1.225
1.225
1.225
1.225
1.225
1.225
1.225
1.225
1.225
1.225
1.225
1.225
1.225
1.225
1.225
1.225
1.225
1.225
1.225
1.225
1.225
1.225
1.225
1.225
1.225
1.225
1.225
1.225
1.225
1.225
1.225
1.225
1.225
1.225
1.225
1.225
1.225
1.225
1.225
1.225
1.225
1.225
1.225
1.225
1.225
1.225
1.225
1.225
1.225
1.225
1.225
1.225
1.225
1.225
1.225
1.225
1.225
1.225
1.225
1.225
1.225
1.225
1.225
1.225
1.225
1.225
1.225
1.225
1.225
1.225
1.225
1.225
1.225
1.225
1.225
1.225
1.225
1.225
1.225
1.225
1.225
1.225
1.225
1.225
1.225
1.225
1.225
1.225
1.225
1.225
1.225
1.225
1.225
1.225
1.225
1.225
1.225
1.225
1.225
1.225
1.225
1.225
1.225
1.225
1.225
1.225
1.225
1.225
1.225
1.225
1.225
1.225
1.225
1.225
1.225
1.225
1.225
1.225
1.225
1.225
1.225
1.225
1.225
1.225
1.225
1.225
1.225
1.225
1.225
1.225
1.225
1.225
1.225
1.225
1.225
1.225
1.225
1.225
1.225
1.225
1.225
1.225
1.225
1.225
1.225
1.225
1.225
1.225
1.225
1.225
1.225
1.225
1.225
1.225
1.225
1.225
1.225
1.225
1.225
1.225
1.225
1.225
1.225
1.225
1.225
1.225
1.225
1.225
1.225
1.225
1.225
1.225
1.225
1.225
1.225
1.225
1.225
1.225
1.225
1.225
1.225
1.225
1.225
1.225
1.225
1.225
1.225
1.225
1.225
1.225
1.225
1.225
1.225
1.225
1.225
1.225
1.225
1.225
1.225
1.225
1.225
1.225
1.225
1.225
1.225
1.225
1.225
1.225
1.225
1.225
1.225
1.225
1.225
1.225
1.225
1.225
1.225
1.225
1.225
1.225
1.225
1.225
1.225
1.225
1.225
1.225
1.225
1.225
)
;
    }
    internalPatch
    {
        type            internal;
    }
    procBoundary0to1
    {
        type            processor;
        value           nonuniform List<scalar> 
282
(
1.225
1.225
1.225
1.225
1.225
1.225
1.225
1.225
1.225
1.225
1.225
1.225
1.225
1.225
1.225
1.225
1.225
1.225
1.225
1.225
1.225
1.225
1.225
1.225
1.225
1.225
1.225
1.225
1.225
1.225
1.225
1.225
1.225
1.225
1.225
1.225
1.225
1.225
1.225
1.225
1.225
1.225
1.225
1.22502
1.22587
1.24246
1.41307
2.12018
2.95693
3.4799
3.00241
2.77174
2.66568
3.08161
2.33309
1.70963
1.21806
1.42877
1.85157
2.50204
3.24324
3.24324
3.33237
3.5716
3.83231
3.60693
2.66006
1.386
1.22933
1.22508
1.225
1.225
1.225
1.225
1.225
1.225
1.225
1.225
1.225
1.225
1.225
1.225
1.225
1.225
1.225
1.225
1.225
1.225
1.225
1.225
1.225
1.225
1.225
1.225
1.225
1.225
1.225
1.225
1.225
1.225
1.225
1.225
1.225
1.225
1.225
1.225
1.225
1.225
1.225
1.225
1.225
1.225
1.225
1.225
1.225
1.225
1.225
1.225
1.225
1.225
1.225
1.225
1.225
1.225
1.225
1.225
1.225
1.225
1.225
1.22501
1.22539
1.23345
1.3274
1.84205
2.55862
2.38654
2.31724
3.20349
2.75085
2.03437
2.54912
3.23543
3.50738
2.89946
3.58557
3.58557
3.57681
3.55992
3.35129
2.60192
1.46284
1.23376
1.22519
1.225
1.225
1.225
1.225
1.225
1.225
1.225
1.225
1.225
1.225
1.225
1.225
1.225
1.225
1.225
1.225
1.225
1.225
1.225
1.225
1.225
1.225
1.225
1.225
1.225
1.225
1.225
1.225
1.225
1.225
1.225
1.225
1.225
1.225
1.225
1.225
1.225
1.225
1.225
1.225
1.225
1.225
1.225
1.225
1.22501
1.22533
1.2316
1.3052
1.74983
1.72281
2.96659
3.2788
3.32448
2.6924
1.58014
1.24633
1.66912
2.96183
2.96183
2.90283
2.68343
2.09226
1.39612
1.23504
1.22529
1.22501
1.225
1.225
1.225
1.225
1.225
1.225
1.225
1.22501
1.225
1.225
1.225
1.225
1.225
1.225
1.225
1.225
1.225
1.225
1.22502
1.22502
1.225
1.22501
1.22536
1.23176
1.30373
2.28464
1.43262
1.23941
1.22563
1.22581
1.24918
1.66851
1.66851
1.61666
1.44614
1.28161
1.23105
1.22527
1.22501
1.225
1.225
1.225
1.22501
1.22527
1.23105
1.22517
1.225
1.22505
1.22528
1.22501
1.225
1.22502
1.22565
1.22581
1.24918
1.66851
1.61666
1.44614
1.28161
1.22706
1.2348
1.24533
1.225
)
;
    }
    procBoundary0to2
    {
        type            processor;
        value           uniform 1.225;
    }
    procBoundary0to3
    {
        type            processor;
        value           nonuniform List<scalar> 
395
(
1.225
1.225
1.225
1.225
1.225
1.225
1.225
1.225
1.225
1.225
1.225
1.225
1.225
1.225
1.225
1.225
1.225
1.225
1.225
1.225
1.225
1.225
1.225
1.225
1.225
1.225
1.225
1.225
1.225
1.225
1.225
1.225
1.225
1.225
1.225
1.225
1.225
1.225
1.225
1.225
1.225
1.225
1.225
1.225
1.225
1.225
1.225
1.225
1.225
1.225
1.225
1.225
1.225
1.225
1.225
1.225
1.22501
1.22527
1.25023
1.26055
1.26075
1.25136
1.23797
1.22872
1.22872
1.34284
2.37174
3.30948
3.52005
3.18689
2.87503
2.7483
2.8035
3.21463
3.9159
5.13326
4.29866
2.75549
1.36061
1.22891
1.22507
1.225
1.225
1.225
1.225
1.225
1.225
1.225
1.225
1.225
1.225
1.225
1.225
1.225
1.225
1.225
1.22501
1.225
1.225
1.225
1.225
1.225
1.225
1.225
1.225
1.225
1.225
1.225
1.225
1.225
1.225
1.225
1.225
1.225
1.225
1.225
1.225
1.225
1.225
1.225
1.225
1.225
1.225
1.225
1.225
1.225
1.225
1.225
1.225
1.225
1.225
1.225
1.225
1.225
1.225
1.225
1.225
1.225
1.225
1.225
1.225
1.225
1.225
1.225
1.225
1.225
1.225
1.225
1.225
1.225
1.225
1.225
1.225
1.225
1.225
1.225
1.225
1.225
1.225
1.225
1.225
1.225
1.225
1.225
1.225
1.225
1.225
1.225
1.225
1.225
1.225
1.225
1.225
1.225
1.225
1.225
1.225
1.225
1.225
1.225
1.225
1.225
1.225
1.225
1.225
1.225
1.225
1.225
1.225
1.225
1.225
1.225
1.225
1.225
1.225
1.225
1.225
1.225
1.225
1.225
1.225
1.225
1.225
1.225
1.225
1.22501
1.22596
1.22644
1.22646
1.22601
1.22543
1.22511
1.22511
1.22911
1.32246
2.0508
2.83733
3.11265
3.18525
3.19818
3.19324
3.34945
3.66365
2.41979
1.32215
1.22794
1.22506
1.225
1.225
1.225
1.225
1.225
1.225
1.225
1.225
1.225
1.225
1.225
1.225
1.225
1.22501
1.225
1.225
1.225
1.225
1.225
1.225
1.225
1.225
1.225
1.225
1.225
1.225
1.225
1.225
1.225
1.225
1.225
1.225
1.22503
1.22504
1.22504
1.22503
1.22501
1.225
1.225
1.2251
1.22796
1.27083
1.55804
1.98547
2.23734
2.3228
2.27105
2.30239
1.32014
1.22823
1.22507
1.225
1.225
1.225
1.225
1.225
1.225
1.225
1.225
1.225
1.225
1.225
1.225
1.225
1.225
1.225
1.225
1.225
1.225
1.225
1.22506
1.2263
1.23713
1.27244
1.31823
1.33935
1.32641
1.22864
1.22509
1.225
1.225
1.225
1.225
1.225
1.225
1.225
1.225
1.225
1.225
1.225
1.225
1.225
1.225
1.22503
1.2253
1.22649
1.22827
1.2291
1.2251
1.225
1.225
1.225
1.225
1.225
1.225
1.22501
1.225
1.22503
1.22508
1.225
1.225
1.225
1.225
1.225
1.225
1.225
1.225
1.225
1.225
1.225
1.225
1.225
1.225
1.225
1.225
1.225
1.225
1.225
1.225
1.225
1.225
1.225
1.225
1.225
1.225
1.225
1.225
1.225
1.225
1.225
1.225
1.225
1.225
1.225
1.225
1.225
1.225
1.225
1.225
1.225
1.225
1.225
1.225
1.225
1.225
1.225
1.225
1.225
1.225
1.225
1.225
1.225
1.225
1.225
1.225
1.225
1.225
1.225
)
;
    }
    procBoundary0to4
    {
        type            processor;
        value           nonuniform List<scalar> 
125
(
1.225
1.225
1.225
1.225
1.225
1.225
1.225
1.225
1.22501
1.22506
1.22506
1.22785
1.32394
2.38791
3.46251
3.26274
2.41776
1.49205
0.963883
0.817382
0.878931
0.914271
0.904893
0.995696
1.81121
4.90279
4.99899
5.23217
5.36894
3.54388
2.59825
2.08692
2.03908
2.18097
2.49958
3.03977
3.63523
3.48772
2.35895
1.3101
1.22728
1.22728
1.23238
1.23958
1.24451
1.24445
1.23903
1.22533
1.22501
1.225
1.225
1.225
1.225
1.225
1.225
1.225
1.225
1.22502
1.22516
1.22502
1.225
1.225
1.22529
1.238
1.62146
3.02804
3.6942
3.1707
2.28037
1.51737
1.12085
1.04457
1.04246
1.03455
1.28223
2.27922
2.97364
1.90739
1.44675
1.43665
1.51858
1.77309
2.30269
3.08237
3.70136
3.39142
2.05188
1.26475
1.22598
1.22504
1.22504
1.22516
1.22535
1.22548
1.22548
1.22501
1.225
1.225
1.225
1.225
1.22504
1.225
1.22501
1.22505
1.22504
1.22529
1.22503
1.225
1.225
1.225
1.225
1.22502
1.225
1.225
1.225
1.22501
1.22501
1.225
1.225
1.225
1.225
1.225
1.225
1.225
1.22537
)
;
    }
    procBoundary0to5
    {
        type            processor;
        value           nonuniform List<scalar> 
96
(
1.26739
1.22609
1.2304
1.41008
2.63189
2.09284
1.46046
1.23115
1.22512
1.225
1.22502
1.22512
1.225
1.22501
1.22549
1.24805
1.88206
3.39132
3.92922
3.49728
2.72025
2.17435
1.88444
1.76916
1.81493
1.81493
1.26571
1.03562
1.00907
1.16251
1.55261
2.14804
2.87106
3.2652
3.87722
4.89453
5.48968
5.68778
5.46961
5.15128
5.10978
5.11959
5.3188
5.3188
4.95611
4.8253
4.83237
1.69791
0.917026
0.839572
0.850083
0.8084
0.733955
0.849724
1.29899
2.18725
3.06607
3.52349
3.40935
2.92139
3.8258
3.55414
2.68723
1.86833
1.39246
1.22043
1.18353
1.18175
1.53977
2.32167
2.32167
1.66499
1.27676
1.15298
1.44596
2.04427
2.67464
3.65917
3.2185
2.52409
2.05964
2.28731
2.70511
3.30263
3.30263
2.52909
1.9865
1.08612
0.906584
0.917065
0.898791
0.904202
1.18021
1.8744
2.83578
3.60903
)
;
    }
}


// ************************************************************************* //
