/*--------------------------------*- C++ -*----------------------------------*\
  =========                 |
  \\      /  F ield         | OpenFOAM: The Open Source CFD Toolbox
   \\    /   O peration     | Website:  https://openfoam.org
    \\  /    A nd           | Version:  9
     \\/     M anipulation  |
\*---------------------------------------------------------------------------*/
FoamFile
{
    format      ascii;
    class       labelList;
    note        "nPoints:4463  nCells:3036  nFaces:10447  nInternalFaces:8816";
    location    "constant/polyMesh";
    object      neighbour;
}
// * * * * * * * * * * * * * * * * * * * * * * * * * * * * * * * * * * * * * //


8816
(
1
12
469
470
471
472
486
487
488
489
2903
2905
2
476
477
478
479
493
494
495
496
2904
2906
481
482
500
501
502
503
2907
2961
3033
3034
4
11
30
467
468
471
472
1216
2903
31
474
475
478
479
1217
2904
2960
6
8
14
38
484
488
489
1118
2905
7
9
39
491
495
496
1119
2906
10
40
498
502
503
1169
2907
9
13
546
548
549
551
1070
1102
10
553
554
556
559
1098
1103
150
561
565
566
1099
1104
604
893
894
897
898
1488
1496
2908
895
896
897
898
907
908
911
912
1543
2908
2910
14
900
901
904
905
1069
1115
2909
909
910
911
912
1138
1603
2910
146
148
546
547
548
889
1070
41
47
48
50
188
189
191
569
45
47
54
56
216
217
219
2967
19
22
48
49
52
53
598
1176
23
54
55
57
58
1177
50
59
66
67
69
230
231
234
574
56
63
66
73
75
258
259
262
2971
23
26
67
68
71
72
600
1186
27
73
74
77
78
1187
69
79
87
88
90
279
280
283
644
75
83
87
94
95
97
307
308
311
27
30
88
89
92
93
602
1196
31
95
96
99
100
1197
90
101
110
111
113
335
336
339
661
97
105
110
117
118
120
363
364
367
31
111
112
115
116
604
1206
118
119
122
123
1207
128
151
165
167
171
877
135
155
172
173
175
404
142
159
179
180
182
411
113
126
466
467
469
506
507
510
892
120
133
466
473
474
476
520
521
524
124
140
473
480
481
534
535
538
3031
483
484
489
491
549
490
491
496
498
554
150
497
498
503
187
188
189
567
45
47
194
195
196
50
59
201
202
203
568
46
51
60
208
209
210
215
216
217
56
63
222
223
224
49
51
195
196
198
49
52
570
53
54
51
52
201
203
205
571
53
56
66
208
210
212
53
67
572
57
68
55
57
58
2967
57
222
224
226
2968
58
73
74
2968
229
230
231
573
63
66
236
237
238
69
79
243
244
245
624
64
70
80
250
251
252
257
258
259
75
83
264
265
266
76
84
271
272
273
2970
68
70
237
238
241
68
71
575
72
73
70
71
243
245
247
631
72
75
87
250
252
254
72
88
633
77
89
74
77
78
2971
76
77
264
266
268
78
94
271
273
275
2971
2972
78
95
96
2973
278
279
280
637
83
87
285
286
287
90
101
292
293
294
639
85
91
102
299
300
301
306
307
308
94
313
314
315
2974
97
105
320
321
322
98
106
327
328
329
2975
89
91
286
287
290
89
92
646
93
95
91
92
292
294
296
648
93
97
110
299
301
303
93
111
650
99
112
96
98
314
315
318
2963
96
99
100
2976
98
99
320
322
324
100
117
327
329
331
2977
100
118
119
2978
334
335
336
654
105
110
341
342
343
113
126
348
349
350
656
107
114
127
355
356
357
362
363
364
117
369
370
371
2979
120
133
376
377
378
109
121
134
383
384
385
124
140
390
391
392
112
114
342
343
346
112
115
663
116
118
114
115
348
350
352
665
116
120
355
357
359
466
116
467
667
122
468
119
121
370
371
374
2964
119
122
123
2980
121
122
376
378
380
123
124
383
385
387
473
123
474
475
2981
390
392
394
2964
2981
129
152
165
396
398
399
505
506
507
683
133
466
512
513
514
129
130
153
165
168
171
485
685
131
135
154
396
399
402
483
131
469
486
504
507
509
510
687
137
470
487
511
514
516
517
136
156
180
403
404
409
519
520
521
140
473
526
527
528
136
137
157
173
175
178
492
138
142
158
404
406
409
490
138
476
493
518
521
523
524
144
477
494
525
528
530
531
160
410
412
414
533
534
535
480
540
541
542
143
144
161
180
182
185
499
145
162
410
411
413
416
497
145
481
500
532
535
537
538
482
501
539
542
544
545
147
149
553
558
559
1098
563
564
565
566
1099
149
546
547
550
553
557
558
560
561
566
153
417
419
423
863
154
417
424
426
427
154
417
420
423
552
676
157
424
427
430
550
157
431
432
434
439
158
438
439
444
446
158
432
434
437
557
161
439
441
444
555
161
445
446
448
453
452
454
456
460
162
446
448
451
562
164
452
453
455
458
560
459
460
464
459
461
462
465
166
168
417
167
170
398
418
169
419
681
170
171
399
504
170
171
505
876
401
508
509
880
174
177
405
431
174
178
396
432
176
397
433
177
178
406
518
177
178
400
519
408
522
402
523
181
184
412
445
181
185
446
183
403
447
184
185
413
532
184
185
407
533
415
536
409
537
190
191
192
193
200
190
192
577
191
192
195
190
191
201
579
204
580
198
205
199
197
198
199
207
197
199
215
198
199
197
198
208
217
211
218
212
204
205
206
207
204
205
584
204
206
229
585
205
206
210
230
587
212
213
232
211
212
213
211
212
222
211
213
223
236
212
213
237
225
239
218
219
220
221
2982
218
220
219
220
2984
218
219
222
225
226
2987
2988
225
226
227
2989
225
226
225
227
257
226
227
258
2992
2994
260
2995
232
233
234
235
242
232
233
591
232
234
237
233
234
243
593
239
246
595
241
247
239
240
241
249
239
240
257
239
241
240
241
250
259
253
261
254
246
247
248
249
246
247
752
246
248
278
753
247
248
252
279
755
254
255
281
253
254
255
253
254
264
253
255
265
285
254
255
286
267
288
260
261
262
263
2996
260
261
260
262
2998
261
262
264
3000
267
268
3002
267
268
269
270
267
268
267
269
306
268
269
273
307
275
276
309
274
275
276
2996
274
275
2999
3004
274
276
313
3005
275
276
314
3001
3007
3002
316
281
282
283
284
291
281
282
780
281
283
286
282
283
292
782
288
295
784
290
296
288
289
290
298
288
289
306
288
290
289
290
299
308
302
310
303
295
296
297
298
295
296
794
295
297
334
795
296
297
301
335
797
303
304
337
302
303
304
302
303
320
302
304
321
341
303
304
342
323
344
309
310
311
312
319
309
310
309
311
314
310
311
320
316
323
318
324
316
317
318
326
316
317
3011
316
318
317
318
327
3013
330
3015
331
323
324
325
326
323
324
323
325
362
324
325
329
363
331
332
365
330
331
332
330
331
3018
330
332
369
3019
331
332
370
3021
372
337
338
339
340
347
337
338
822
337
339
342
338
339
348
824
344
351
826
346
352
344
345
346
354
344
345
362
344
346
345
346
355
364
358
366
359
351
352
353
354
351
352
836
351
353
505
837
352
353
357
506
839
359
360
508
358
359
360
358
359
376
358
360
377
512
359
360
513
379
515
365
366
367
368
375
365
366
365
367
370
366
367
376
372
379
374
380
372
373
374
382
372
373
3025
372
374
373
374
383
3027
386
3029
387
379
380
381
382
379
380
379
381
519
380
381
385
520
387
388
522
386
387
388
386
387
390
386
388
391
526
387
388
527
393
529
393
394
395
3024
393
394
3027
393
395
533
394
395
534
3029
3030
536
397
402
424
398
400
425
401
426
401
402
511
401
402
512
515
516
405
407
438
405
406
439
408
440
408
409
525
408
409
526
529
530
411
416
452
412
413
453
415
454
415
416
539
415
416
540
543
544
418
420
419
422
426
421
672
422
423
427
422
423
861
429
866
425
430
432
426
428
433
429
429
430
429
430
435
437
433
436
440
433
437
435
436
437
441
436
437
443
440
442
447
440
441
443
443
444
443
444
449
451
447
450
454
447
451
449
450
451
455
450
451
457
453
458
461
454
455
457
457
458
457
458
463
465
461
462
461
463
465
464
465
464
465
468
470
513
514
517
468
471
894
472
474
470
471
896
472
476
472
898
478
475
477
527
528
531
475
478
479
3031
477
478
479
481
479
3033
482
541
542
545
3032
482
3033
3034
485
487
492
550
485
488
551
910
486
552
906
487
488
908
489
493
489
912
495
492
494
499
555
492
495
556
493
557
494
495
496
500
496
502
499
501
560
499
502
561
500
562
501
502
503
503
508
509
510
511
508
509
928
508
510
513
509
510
930
515
932
517
515
516
517
515
516
519
515
517
516
517
521
523
522
523
524
525
522
523
522
524
527
523
524
529
531
529
530
531
529
530
533
529
531
530
531
535
537
536
537
538
539
536
537
536
538
541
537
538
543
545
543
544
545
543
544
543
545
544
545
548
549
553
548
552
899
551
900
550
551
556
552
557
552
905
903
556
559
555
556
559
561
557
558
562
557
559
563
565
562
564
562
565
563
564
565
566
566
569
577
578
579
571
573
584
585
586
570
571
578
579
581
597
572
598
617
572
574
584
586
588
618
575
598
619
574
591
592
593
575
592
593
596
599
631
600
629
633
580
581
582
583
709
580
582
581
582
711
580
581
584
587
588
714
715
587
588
589
716
587
588
587
589
591
588
589
592
719
721
594
722
594
595
596
737
751
594
595
594
596
739
595
596
752
741
755
743
756
611
613
617
618
711
712
714
600
617
619
935
1299
618
622
625
629
630
739
740
743
602
629
632
633
937
1341
630
636
640
644
645
647
774
775
778
604
645
646
649
650
939
1388
647
653
657
661
662
664
816
817
820
662
663
666
667
941
1439
671
677
689
690
691
664
682
890
892
893
895
922
923
926
673
889
899
901
902
2911
684
902
906
907
909
2941
611
613
696
697
698
612
615
620
703
704
705
710
711
712
618
622
717
718
719
614
615
697
698
700
934
616
617
935
946
616
618
625
703
705
707
947
619
626
935
948
619
619
717
719
721
629
622
625
724
725
726
623
627
634
731
732
733
738
739
740
630
636
745
746
747
631
637
752
753
754
626
627
725
726
729
936
628
629
937
955
628
630
640
731
733
735
956
632
641
937
957
632
631
632
745
747
749
633
644
752
754
756
633
645
646
636
640
759
760
761
638
642
651
766
767
768
773
774
775
644
780
781
782
647
653
787
788
789
648
654
794
795
796
641
642
760
761
764
938
643
645
939
964
643
647
657
766
768
770
965
649
658
939
966
646
648
781
782
785
646
649
650
648
649
787
789
791
650
661
794
796
798
650
662
663
653
657
801
802
803
655
659
678
808
809
810
815
816
817
661
822
823
824
664
682
829
830
831
665
683
836
837
838
658
659
802
803
806
940
660
662
941
970
660
664
808
810
812
890
2357
666
891
941
2358
663
665
823
824
827
663
666
667
665
666
829
831
833
667
836
838
840
892
667
893
894
671
677
847
848
849
670
673
842
845
2911
2914
675
679
846
849
851
852
2915
2938
854
855
856
681
861
862
863
674
675
881
884
676
885
888
899
676
684
853
856
858
859
902
685
860
863
865
866
903
868
869
870
682
890
914
915
916
680
684
867
870
872
873
2375
2941
686
913
916
918
919
2376
2932
2942
875
876
877
921
922
923
892
928
929
930
685
686
688
691
693
694
687
874
877
879
880
906
687
895
907
920
923
925
926
896
908
927
930
932
933
692
693
694
874
920
692
693
855
875
692
694
869
921
693
694
856
870
878
924
859
879
873
925
699
700
701
702
978
699
701
710
700
701
980
699
700
703
712
706
713
707
983
984
706
707
708
985
706
707
717
706
708
718
724
707
708
725
988
720
990
727
991
713
714
715
716
713
715
714
715
713
714
717
720
721
720
721
722
720
721
720
722
738
721
722
739
741
727
728
729
730
1006
727
728
738
727
729
1008
728
729
731
740
1010
734
742
735
1012
734
735
736
1013
734
735
745
734
736
746
759
735
736
760
1016
748
1018
762
1019
741
742
743
744
741
742
741
743
742
743
745
748
749
748
749
750
751
748
749
748
750
773
749
750
754
774
756
757
776
755
756
757
755
756
755
757
780
756
757
781
783
762
763
764
765
1034
762
763
773
762
764
1036
763
764
766
775
1038
769
777
770
1040
769
770
771
1041
769
770
787
769
771
788
801
770
771
802
1044
790
1046
804
1047
776
777
778
779
786
776
777
776
778
781
777
778
787
783
790
785
791
783
784
785
793
783
784
783
785
784
785
794
797
798
790
791
792
793
790
791
790
792
815
791
792
796
816
798
799
818
797
798
799
797
798
797
799
822
798
799
823
825
804
805
806
807
1055
804
805
815
804
806
1057
805
806
808
817
1059
811
819
812
1061
811
812
813
2658
811
812
829
811
813
830
914
812
813
915
2661
832
2663
917
2664
818
819
820
821
828
818
819
818
820
823
819
820
829
825
832
827
833
825
826
827
835
825
826
825
827
826
827
836
839
840
832
833
834
835
832
833
832
834
921
833
834
838
922
840
841
924
839
840
841
839
840
839
841
928
840
841
929
931
844
845
846
2916
844
845
847
882
850
2918
851
884
850
851
852
2920
850
851
854
850
852
868
2922
851
852
856
870
2924
858
872
2926
857
858
859
860
881
857
858
882
857
859
862
858
859
864
883
884
865
864
865
866
885
864
866
886
864
865
875
865
866
877
887
879
888
871
872
873
913
2392
871
872
2393
871
873
914
872
873
917
2396
2397
918
878
879
880
927
878
879
878
880
928
879
880
931
932
883
884
885
883
884
887
887
888
887
888
899
900
901
1069
2931
891
915
916
919
2248
2932
893
1488
2792
2933
894
896
929
930
933
894
897
898
896
897
2932
898
898
2933
900
903
901
905
904
2934
903
904
2938
905
906
905
909
2940
910
908
910
908
911
2942
912
910
911
2943
912
912
2944
917
918
919
2826
917
918
921
917
919
2828
918
919
923
2830
925
2832
924
925
926
927
924
925
924
926
929
925
926
931
933
931
932
933
931
932
931
933
932
933
943
946
947
980
981
983
2281
937
946
948
1298
2231
947
951
953
955
956
1008
1009
1012
939
955
957
1340
2237
956
960
962
964
965
1036
1037
1040
941
964
966
1387
2242
965
968
969
970
1057
1058
1061
2357
970
1438
1488
2244
2358
944
945
949
972
973
974
979
980
981
2263
947
951
986
987
988
947
953
972
974
976
2281
2284
2286
948
2283
948
986
988
990
955
2286
951
953
993
994
995
952
954
958
1000
1001
1002
1007
1008
1009
956
960
1014
1015
1016
954
994
995
998
2234
2314
956
962
1000
1002
1004
2315
2317
957
2314
957
1014
1016
1018
964
2317
960
962
1021
1022
1023
961
963
967
1028
1029
1030
1035
1036
1037
965
968
1042
1043
1044
963
1022
1023
1026
2240
2337
965
969
1028
1030
1032
2338
2340
966
2337
966
1042
1044
1046
970
2340
968
969
1049
1050
1051
1056
1057
1058
1050
1051
1054
2243
2352
2354
2352
2358
975
976
977
2476
2483
975
976
986
2479
975
977
987
993
976
977
994
2486
989
2480
2481
2488
996
2489
982
983
984
985
982
984
2477
983
984
982
983
986
2479
989
2480
990
989
990
991
989
990
989
991
1007
990
991
1008
1010
996
997
998
999
2553
996
997
1007
996
998
2555
997
998
1000
1009
2557
1003
1011
1004
2559
1003
1004
1005
2560
1003
1004
1014
1003
1005
1015
1021
1004
1005
1022
2563
1017
2565
1024
2566
1010
1011
1012
1013
1010
1011
1010
1012
1011
1012
1014
1017
1018
1017
1018
1019
1017
1018
1017
1019
1035
1018
1019
1036
1038
1024
1025
1026
1027
2609
1024
1025
1035
1024
1026
2611
1025
1026
1028
1037
2613
1031
1039
1032
2615
1031
1032
1033
2616
1031
1032
1042
1031
1033
1043
1049
1032
1033
1050
2619
1045
2621
1052
2622
1038
1039
1040
1041
1038
1039
1038
1040
1039
1040
1042
1045
1046
1045
1046
1047
1045
1046
1045
1047
1056
1046
1047
1057
1059
1052
1053
1054
2637
2651
1052
1053
1056
1052
1054
2639
1053
1054
1058
2652
2641
1060
2655
2643
2656
1059
1060
1061
2658
1059
1060
1059
1061
1060
1061
2659
2662
2663
1063
1071
1172
1591
1064
1072
1173
1592
1065
1073
1174
1593
1066
1074
1175
1594
1067
1075
1595
2704
1068
1076
1596
2705
1069
1077
2909
2931
1070
1078
1079
1098
1072
1080
1124
1073
1081
1125
1074
1082
1126
1075
1083
1127
1076
1084
1128
1077
1085
1129
1078
1086
1130
1079
1087
1115
1088
1100
1102
1081
1089
1139
1082
1090
1140
1083
1091
1141
1084
1092
1142
1085
1093
1143
1086
1094
1144
1087
1095
1145
1088
1096
1116
1097
1105
1107
1090
1154
1091
1155
1092
1156
1093
1157
1094
1158
1095
1159
1096
1160
1097
1117
1110
1112
1099
1100
1101
1101
1103
1105
1104
1106
1103
1107
1115
1118
1104
1108
1119
1109
1169
1106
1108
1110
1109
1111
1108
1112
1116
1120
1109
1113
1121
1114
1170
1111
1113
1114
1113
1117
1122
1114
1123
1171
1116
1130
1138
1117
1145
1153
1160
1168
1119
1120
1138
1248
1121
1169
1249
1121
1122
1153
1262
1123
1170
1263
1123
1168
1276
1171
1277
1125
1131
1139
1591
1126
1132
1140
1592
1127
1133
1141
1593
1128
1134
1142
1594
1129
1135
1143
1595
1130
1136
1144
1596
1137
1145
2909
1132
1146
1597
1659
1133
1147
1598
1660
1134
1148
1599
1661
1135
1149
1600
1662
1136
1150
1601
1663
1137
1151
1602
1664
1138
1152
1603
1665
1153
1666
1140
1146
1154
1141
1147
1155
1142
1148
1156
1143
1149
1157
1144
1150
1158
1145
1151
1159
1152
1160
1147
1161
1715
1148
1162
1716
1149
1163
1717
1150
1164
1718
1151
1165
1719
1152
1166
1720
1153
1167
1721
1168
1722
1155
1161
1156
1162
1157
1163
1158
1164
1159
1165
1160
1166
1167
1162
1771
1163
1772
1164
1773
1165
1774
1166
1775
1167
1776
1168
1777
1778
1170
2948
1171
2952
2956
1173
1529
1174
1530
1175
1531
2107
2108
2109
1532
2114
2115
2116
2704
1177
1178
1186
1299
1179
1187
1179
1180
1188
1307
1181
1189
1181
1182
1190
1315
1183
1191
1183
1184
1192
1323
1185
1193
1185
1194
1331
1195
1187
1188
1196
1341
1189
1197
1189
1190
1198
1349
1191
1199
1191
1192
1200
1357
1193
1201
1193
1194
1202
1365
1195
1203
1195
1204
1373
1205
1197
1198
1206
1388
1199
1207
1199
1200
1208
1396
1201
1209
1201
1202
1210
1404
1203
1211
1203
1204
1212
1412
1205
1213
1205
1214
1420
1215
1207
1208
1216
1439
1209
1217
1209
1210
1218
1447
1211
1219
1211
1212
1220
1455
1213
1221
1213
1214
1222
1463
1215
1223
1215
1224
1471
1225
1217
1218
1226
1496
1219
1227
1219
1220
1228
1504
1221
1229
1221
1222
1230
1512
1223
1231
1223
1224
1232
1520
1225
1233
1225
1234
1528
1235
1227
1228
1238
1558
2903
1229
1239
2904
2962
1229
1230
1240
1566
1231
1241
3035
1231
1232
1242
1574
1233
1243
1233
1234
1244
1582
1235
1245
1235
1246
1590
1247
1237
1238
1250
1618
2903
2905
1239
1251
2904
2906
2945
1239
1240
1252
1626
1241
1253
2946
1241
1242
1254
1634
1243
1255
2947
1243
1244
1256
1642
1245
1257
1245
1246
1258
1650
1247
1259
1247
1260
1658
1261
1249
1250
1262
1666
2905
1251
1263
2906
2948
1251
1252
1264
1674
1253
1265
2949
1253
1254
1266
1682
1255
1267
2950
1255
1256
1268
1690
1257
1269
2951
1257
1258
1270
1698
1259
1271
1259
1260
1272
1706
1261
1273
1261
1274
1714
1275
1263
1264
1276
1722
1265
1277
2952
1265
1266
1278
1730
1267
1279
2953
1267
1268
1280
1738
1269
1281
2954
1269
1270
1282
1746
1271
1283
2955
1271
1272
1284
1754
1273
1285
1273
1274
1286
1762
1275
1287
1275
1288
1770
1289
1277
1278
1778
1279
2956
1279
1280
1786
1281
2957
1281
1282
1794
1283
2958
1283
1284
1802
1285
2959
1285
1286
1810
1287
1287
1288
1818
1289
1289
1826
1291
1292
1332
2016
1293
1333
2017
2019
2889
2890
2891
1293
1300
1334
1294
1301
1335
1295
1302
1336
2019
1296
1303
1337
2229
1297
1304
1338
2230
1298
1305
1339
2231
1299
1306
1340
1307
1341
1301
1308
1342
1302
1309
1343
1303
1310
1344
1304
1311
1345
1305
1312
1346
1306
1313
1347
1307
1314
1348
1315
1349
1309
1316
1350
1310
1317
1351
1311
1318
1352
1312
1319
1353
1313
1320
1354
1314
1321
1355
1315
1322
1356
1323
1357
1317
1324
1358
1318
1325
1359
1319
1326
1360
1320
1327
1361
1321
1328
1362
1322
1329
1363
1323
1330
1364
1331
1365
1325
1366
1326
1367
1327
1368
1328
1369
1329
1370
1330
1371
1331
1372
1373
1333
1334
1378
2022
1335
1379
2025
2896
2897
2898
2899
1335
1342
1381
1336
1343
1382
1337
1344
1383
2025
1338
1345
1384
2235
1339
1346
1385
2236
1340
1347
1386
2237
1341
1348
1387
1349
1388
1343
1350
1389
1344
1351
1390
1345
1352
1391
1346
1353
1392
1347
1354
1393
1348
1355
1394
1349
1356
1395
1357
1396
1351
1358
1397
1352
1359
1398
1353
1360
1399
1354
1361
1400
1355
1362
1401
1356
1363
1402
1357
1364
1403
1365
1404
1359
1366
1405
1360
1367
1406
1361
1368
1407
1362
1369
1408
1363
1370
1409
1364
1371
1410
1365
1372
1411
1373
1412
1367
1413
1368
1414
1369
1415
1370
1416
1371
1417
1372
1418
1373
1419
1420
1375
1376
1421
1827
1828
1830
2020
1827
1828
2041
1377
1378
1424
2022
2868
2871
2873
1827
2023
2868
2870
2871
1379
1381
1428
1380
1382
1429
2868
2869
2873
2874
1383
1430
1878
1879
2025
2057
2058
2706
1382
1389
1432
1383
1390
1433
1384
1391
1434
1385
1392
1435
2706
1386
1393
1436
2241
1387
1394
1437
2242
1388
1395
1438
1396
1439
1390
1397
1440
1391
1398
1441
1392
1399
1442
1393
1400
1443
1394
1401
1444
1395
1402
1445
1396
1403
1446
1404
1447
1398
1405
1448
1399
1406
1449
1400
1407
1450
1401
1408
1451
1402
1409
1452
1403
1410
1453
1404
1411
1454
1412
1455
1406
1413
1456
1407
1414
1457
1408
1415
1458
1409
1416
1459
1410
1417
1460
1411
1418
1461
1412
1419
1462
1420
1463
1414
1464
1415
1465
1416
1466
1417
1467
1418
1468
1419
1469
1420
1470
1471
1422
1424
1474
1839
1841
1843
1828
1838
1839
1841
1832
1838
1881
1882
1883
1425
1428
1478
2876
2878
2880
1839
2871
2875
2876
2878
1845
1876
1887
1888
1890
2144
2145
2148
2875
1850
1853
1855
1887
1956
1957
1960
2715
2722
1429
1432
1482
1430
1433
1483
2876
2877
2880
2881
1431
1434
1484
1888
1889
1892
1893
1435
1485
1853
1854
1857
1858
2706
2708
1433
1440
1489
1434
1441
1490
1435
1442
1491
1436
1443
1492
1437
1444
1493
2708
1438
1445
1494
2244
1439
1446
1495
1447
1496
1441
1448
1497
1442
1449
1498
1443
1450
1499
1444
1451
1500
1445
1452
1501
1446
1453
1502
1447
1454
1503
1455
1504
1449
1456
1505
1450
1457
1506
1451
1458
1507
1452
1459
1508
1453
1460
1509
1454
1461
1510
1455
1462
1511
1463
1512
1457
1464
1513
1458
1465
1514
1459
1466
1515
1460
1467
1516
1461
1468
1517
1462
1469
1518
1463
1470
1519
1471
1520
1465
1521
1466
1522
1467
1523
1468
1524
1469
1525
1470
1526
1471
1527
1528
1474
1529
2073
2074
2075
2077
1530
2073
2078
1475
1478
1533
2080
2082
2084
1841
2075
2079
2080
2082
1847
1859
2079
2086
2087
2088
1863
1898
1906
1907
1908
1479
1482
1537
2883
2885
2887
2080
2878
2882
2883
2885
1890
1899
2093
2094
2096
2178
2181
2183
2882
1855
1870
2093
2100
2101
2103
2165
2166
2169
1483
1489
1544
1484
1490
1545
2883
2884
2887
2888
1485
1491
1546
2094
2095
2098
2099
1486
1492
1547
2101
2102
2105
2106
1487
1493
1548
2708
2840
2841
2844
2846
1488
1494
1549
2244
2785
2786
2789
2791
1495
1550
2792
2794
2933
1490
1497
1551
1491
1498
1552
1492
1499
1553
1493
1500
1554
1494
1501
1555
1495
1502
1556
1496
1503
1557
1504
1558
1498
1505
1559
1499
1506
1560
1500
1507
1561
1501
1508
1562
1502
1509
1563
1503
1510
1564
1504
1511
1565
1512
1566
1506
1513
1567
1507
1514
1568
1508
1515
1569
1509
1516
1570
1510
1517
1571
1511
1518
1572
1512
1519
1573
1520
1574
1514
1521
1575
1515
1522
1576
1516
1523
1577
1517
1524
1578
1518
1525
1579
1519
1526
1580
1520
1527
1581
1528
1582
1522
1583
1523
1584
1524
1585
1525
1586
1526
1587
1527
1588
1528
1589
1590
1530
1533
1591
1534
1592
2073
2077
2078
2108
2109
2110
2112
2107
2109
2111
2114
1866
2114
2116
2118
2850
1534
1537
1597
1535
1538
1598
2082
2083
2084
2085
2122
2124
2126
1901
2110
2121
2122
2124
1872
2117
2121
2128
2129
2131
1538
1544
1604
1539
1545
1605
2885
2886
2887
2888
1540
1546
1606
2096
2097
2098
2099
2122
2123
2126
2127
1541
1547
1607
2103
2104
2105
2106
2129
2130
2133
2134
1542
1548
1608
2710
2840
2845
2846
2854
2855
2858
2860
1543
1549
1609
2247
2785
2790
2791
2802
2803
2806
2808
1550
1610
2793
2794
2809
2811
2932
2933
2942
2944
1545
1551
1611
1546
1552
1612
1547
1553
1613
1548
1554
1614
1549
1555
1615
1550
1556
1616
1557
1617
2908
1552
1559
1619
1553
1560
1620
1554
1561
1621
1555
1562
1622
1556
1563
1623
1557
1564
1624
1558
1565
1625
1566
1626
2908
1560
1567
1627
1561
1568
1628
1562
1569
1629
1563
1570
1630
1564
1571
1631
1565
1572
1632
1566
1573
1633
1574
1634
1568
1575
1635
1569
1576
1636
1570
1577
1637
1571
1578
1638
1572
1579
1639
1573
1580
1640
1574
1581
1641
1582
1642
1576
1583
1643
1577
1584
1644
1578
1585
1645
1579
1586
1646
1580
1587
1647
1581
1588
1648
1582
1589
1649
1590
1650
1584
1651
1585
1652
1586
1653
1587
1654
1588
1655
1589
1656
1590
1657
1658
1592
1597
1593
1598
1594
1599
2107
2108
2112
2113
1595
1600
2115
2116
2119
2120
1596
1601
2711
2848
2851
2853
1602
2249
2796
2798
2801
2909
1598
1604
1599
1605
1600
1606
2124
2125
2126
2127
1601
1607
2131
2132
2133
2134
1602
1608
2712
2854
2859
2860
1603
1609
2250
2802
2807
2808
1610
2810
2811
2909
2943
2944
1605
1611
1659
1606
1612
1660
1607
1613
1661
1608
1614
1662
1609
1615
1663
1610
1616
1664
1617
1665
2910
1612
1619
1667
1613
1620
1668
1614
1621
1669
1615
1622
1670
1616
1623
1671
1617
1624
1672
1618
1625
1673
1626
1674
2908
2910
1620
1627
1675
1621
1628
1676
1622
1629
1677
1623
1630
1678
1624
1631
1679
1625
1632
1680
1626
1633
1681
1634
1682
1628
1635
1683
1629
1636
1684
1630
1637
1685
1631
1638
1686
1632
1639
1687
1633
1640
1688
1634
1641
1689
1642
1690
1636
1643
1691
1637
1644
1692
1638
1645
1693
1639
1646
1694
1640
1647
1695
1641
1648
1696
1642
1649
1697
1650
1698
1644
1651
1699
1645
1652
1700
1646
1653
1701
1647
1654
1702
1648
1655
1703
1649
1656
1704
1650
1657
1705
1658
1706
1652
1707
1653
1708
1654
1709
1655
1710
1656
1711
1657
1712
1658
1713
1714
1660
1667
1715
1661
1668
1716
1662
1669
1717
1663
1670
1718
1664
1671
1719
1665
1672
1720
1666
1673
1721
1674
1722
2910
1668
1675
1723
1669
1676
1724
1670
1677
1725
1671
1678
1726
1672
1679
1727
1673
1680
1728
1674
1681
1729
1682
1730
1676
1683
1731
1677
1684
1732
1678
1685
1733
1679
1686
1734
1680
1687
1735
1681
1688
1736
1682
1689
1737
1690
1738
1684
1691
1739
1685
1692
1740
1686
1693
1741
1687
1694
1742
1688
1695
1743
1689
1696
1744
1690
1697
1745
1698
1746
1692
1699
1747
1693
1700
1748
1694
1701
1749
1695
1702
1750
1696
1703
1751
1697
1704
1752
1698
1705
1753
1706
1754
1700
1707
1755
1701
1708
1756
1702
1709
1757
1703
1710
1758
1704
1711
1759
1705
1712
1760
1706
1713
1761
1714
1762
1708
1763
1709
1764
1710
1765
1711
1766
1712
1767
1713
1768
1714
1769
1770
1716
1723
1771
1717
1724
1772
1718
1725
1773
1719
1726
1774
1720
1727
1775
1721
1728
1776
1722
1729
1777
1730
1778
1724
1731
1779
1725
1732
1780
1726
1733
1781
1727
1734
1782
1728
1735
1783
1729
1736
1784
1730
1737
1785
1738
1786
1732
1739
1787
1733
1740
1788
1734
1741
1789
1735
1742
1790
1736
1743
1791
1737
1744
1792
1738
1745
1793
1746
1794
1740
1747
1795
1741
1748
1796
1742
1749
1797
1743
1750
1798
1744
1751
1799
1745
1752
1800
1746
1753
1801
1754
1802
1748
1755
1803
1749
1756
1804
1750
1757
1805
1751
1758
1806
1752
1759
1807
1753
1760
1808
1754
1761
1809
1762
1810
1756
1763
1811
1757
1764
1812
1758
1765
1813
1759
1766
1814
1760
1767
1815
1761
1768
1816
1762
1769
1817
1770
1818
1764
1819
1765
1820
1766
1821
1767
1822
1768
1823
1769
1824
1770
1825
1826
1772
1779
1773
1780
1774
1781
1775
1782
1776
1783
1777
1784
1778
1785
1786
1780
1787
1781
1788
1782
1789
1783
1790
1784
1791
1785
1792
1786
1793
1794
1788
1795
1789
1796
1790
1797
1791
1798
1792
1799
1793
1800
1794
1801
1802
1796
1803
1797
1804
1798
1805
1799
1806
1800
1807
1801
1808
1802
1809
1810
1804
1811
1805
1812
1806
1813
1807
1814
1808
1815
1809
1816
1810
1817
1818
1812
1819
1813
1820
1814
1821
1815
1822
1816
1823
1817
1824
1818
1825
1826
1820
1821
1822
1823
1824
1825
1826
1830
2042
2053
1829
1830
1831
1832
1838
1913
1915
1917
1831
1839
2871
1833
1840
2053
2135
2138
2139
2872
1913
1914
1915
1876
2135
2136
2138
2219
1846
1877
1920
1921
1922
2713
1836
1841
2075
1837
1842
1927
1928
1930
2076
1847
1859
1927
1928
1929
1840
1842
1882
1883
1886
1840
1843
1844
1845
2143
2145
2147
2875
1842
1843
1844
1847
1941
1943
1945
2079
1844
2080
2878
1848
2081
2150
2151
2153
2879
2138
2143
2144
2145
1850
1887
1934
1935
1936
1941
1942
1943
1890
1899
2150
2151
2152
1851
1891
1900
1948
1949
1950
1955
1956
1957
2713
1855
1870
1962
1963
1964
1856
1871
1969
1970
1971
2721
1854
1857
1889
2717
1858
2718
2722
2723
1856
1857
1891
1962
1964
1966
1858
1969
1971
1973
2100
2722
2724
1858
1893
2101
2102
2725
2076
2157
2158
2159
1863
1898
1976
1977
1978
1862
1901
2078
2110
2156
2159
2161
2162
1867
1902
1975
1978
1980
1981
2111
1983
1984
1985
1869
1990
1991
1992
2726
1866
1867
1894
1897
2114
1868
2003
2006
2727
1868
1872
1982
1985
1987
1988
2117
1873
1989
1992
1994
1995
2118
2728
1997
1998
1999
2709
1900
2164
2165
2166
2100
2171
2172
2173
2864
1873
1874
1902
1905
1908
1910
1911
1875
1996
1999
2001
2002
2128
2734
1875
1904
2103
2129
2163
2166
2168
2169
2104
2130
2170
2173
2175
2176
2735
1877
1878
2026
2136
2138
2140
2872
1879
1887
1920
1922
1924
2056
2715
1879
1888
2057
2874
1889
2058
2717
1884
1885
1886
1940
2142
1884
1885
1914
1884
1886
1915
2143
1885
1886
1941
1918
2146
1944
1945
2147
1889
1891
1935
1936
1939
1889
1892
2877
1893
1891
1892
2150
2152
2154
2879
1893
1948
1950
1952
2093
1893
2094
2881
2095
1896
1897
1982
2003
1896
1897
1983
1986
2005
1987
2007
2008
2009
2081
2177
2178
2181
2093
2184
2185
2186
1902
1903
2083
2088
2090
2091
2092
1904
2009
2011
2012
2013
2121
1904
2085
2096
2122
2180
2181
2182
2183
2097
2123
2186
2188
2189
2190
1909
1910
1911
1996
2163
1909
1910
1984
1997
1909
1911
2008
2164
1910
1911
1985
2009
2000
2167
1988
2001
2012
2168
1916
1917
1918
2137
1916
1917
1916
1918
1917
1918
2139
2135
2141
1923
1924
1925
2066
2137
1923
1924
2069
2737
1923
1925
1934
2738
1924
1925
1935
2140
2071
2740
2072
2136
1937
2141
1930
1931
1932
1930
1931
1941
1930
1932
2157
1931
1932
1942
2158
1944
2160
1937
1938
1939
1947
2142
1937
1938
1955
1937
1939
2144
1938
1939
1948
1957
2146
1951
1959
1952
2148
1944
1945
1946
2149
1944
1945
1944
1946
2086
1945
1946
2087
2151
2153
2089
2155
1951
1952
1953
2149
1951
1952
1962
1951
1953
1963
2184
1952
1953
2152
2185
1965
2154
2155
2187
1958
1959
1960
1961
2750
1958
1959
2738
1958
1960
2739
2752
1959
1960
1962
2742
2754
1965
1966
2756
1965
1966
1967
1968
1965
1966
1965
1967
2164
1966
1967
1971
2165
1973
1974
2167
1972
1973
1974
2750
1972
1973
2753
2765
1972
1974
2171
2766
1973
1974
2172
2755
2768
2756
2174
1979
1980
1981
2156
1979
1980
1983
1979
1981
2007
2158
1980
1981
1985
2009
2160
1987
2011
2162
1986
1987
1988
1989
1986
1987
1986
1988
1991
1987
1988
1993
1995
1993
1994
1995
2003
1993
1994
2004
2772
1993
1995
1997
1994
1995
1999
2774
2005
2006
2776
2001
2000
2001
2002
2170
2000
2001
2000
2002
2171
2779
2001
2002
2780
2174
2175
2783
2005
2006
2005
2006
2730
2732
2010
2011
2086
2010
2012
2184
2011
2012
2013
2089
2187
2013
2090
2013
2188
2091
2189
2015
2016
2020
2027
2029
2030
2027
2029
2017
2022
2889
2892
2894
2889
2891
2894
2897
2032
2034
2036
2193
2194
2196
2265
2893
2025
2034
2035
2037
2038
2229
2021
2022
2039
2041
2042
2029
2039
2041
2023
2896
2897
2901
2042
2896
2900
2901
2036
2044
2047
2049
2207
2208
2211
2298
2902
2047
2048
2051
2052
2235
2049
2054
2056
2057
2219
2221
2224
2870
2028
2030
2892
2031
2032
2192
2194
2195
2893
2030
2031
2039
2894
2033
2040
2199
2200
2202
2895
2192
2193
2194
2036
2044
2199
2200
2201
2035
2037
2890
2038
2265
2268
2037
2199
2201
2203
2266
2895
2038
2047
2891
2048
2266
2272
2040
2042
2901
2043
2044
2206
2208
2210
2902
2042
2043
2045
2053
2213
2214
2216
2900
2206
2207
2208
2049
2054
2213
2214
2215
2050
2055
2060
2061
2062
2290
2048
2051
2898
2052
2298
2300
2050
2051
2213
2215
2217
2900
2052
2056
2060
2062
2064
2298
2302
2052
2057
2899
2058
2304
2054
2219
2220
2223
2870
2219
2223
2224
2056
2067
2068
2069
2318
2058
2068
2069
2072
2238
2058
2869
2327
2063
2064
2065
2212
2490
2063
2064
2493
2512
2063
2065
2067
2513
2064
2065
2068
2215
2495
2515
2217
2496
2070
2218
2070
2071
2072
2222
2070
2071
2568
2070
2072
2224
2071
2072
2570
2225
2572
2221
2074
2077
2075
2076
2077
2078
2079
2157
2159
2161
2078
2082
2083
2081
2083
2087
2088
2092
2081
2084
2085
2177
2181
2182
2882
2083
2084
2085
2085
2885
2886
2089
2090
2158
2089
2092
2177
2090
2092
2159
2091
2179
2091
2162
2092
2180
2182
2095
2097
2185
2186
2190
2095
2098
2884
2099
2101
2097
2098
2886
2099
2103
2099
2888
2105
2102
2104
2172
2173
2176
2843
2102
2105
2106
2844
2104
2105
2106
2845
2106
2846
2108
2113
2115
2109
2112
2110
2111
2112
2113
2117
2121
2113
2124
2119
2125
2115
2117
2116
2119
2120
2851
2118
2119
2120
2128
2852
2120
2131
2132
2853
2123
2125
2123
2126
2127
2129
2125
2126
2127
2131
2127
2133
2130
2132
2857
2130
2133
2134
2858
2132
2133
2134
2859
2134
2860
2137
2139
2220
2137
2140
2221
2141
2222
2139
2140
2141
2143
2141
2144
2146
2146
2147
2148
2149
2146
2147
2146
2148
2147
2148
2150
2153
2154
2153
2154
2155
2153
2154
2153
2155
2177
2154
2155
2178
2179
2160
2161
2162
2160
2161
2160
2162
2161
2162
2167
2168
2169
2170
2167
2168
2184
2167
2169
2172
2168
2169
2186
2174
2188
2176
2174
2175
2176
2174
2175
2865
2174
2176
2175
2176
2866
2867
2179
2182
2179
2183
2185
2180
2187
2182
2183
2189
2182
2183
2190
2187
2188
2187
2190
2188
2190
2189
2189
2190
2195
2196
2197
2198
2399
2195
2197
2196
2197
2401
2195
2196
2199
2202
2203
2404
2405
2202
2203
2204
2406
2202
2203
2202
2204
2206
2203
2204
2207
2409
2411
2209
2412
2209
2210
2211
2212
2490
2209
2210
2209
2211
2492
2210
2211
2213
2494
2216
2217
2496
2216
2217
2218
2216
2217
2216
2218
2223
2217
2218
2224
2225
2220
2221
2222
2223
2222
2224
2225
2225
2225
2254
2265
2267
2268
2270
2415
2416
2418
2258
2267
2274
2275
2277
2443
2444
2446
2262
2274
2281
2282
2284
2471
2472
2474
2230
2235
2268
2269
2272
2273
2231
2236
2275
2276
2279
2280
2237
2282
2283
2285
2286
2270
2288
2298
2299
2300
2302
2499
2500
2503
2277
2292
2299
2306
2307
2309
2527
2528
2531
2284
2296
2306
2313
2315
2555
2556
2559
2236
2300
2301
2304
2305
2706
2237
2241
2307
2308
2311
2312
2242
2313
2314
2316
2317
2302
2318
2326
2327
2569
2570
2573
2715
2309
2320
2326
2329
2330
2332
2583
2584
2587
2315
2324
2329
2336
2338
2611
2612
2615
2242
2330
2331
2334
2335
2706
2708
2244
2336
2337
2339
2340
2338
2343
2347
2351
2353
2639
2640
2643
2351
2352
2355
2356
2708
2362
2381
2386
2387
2388
2367
2393
2394
2395
2913
2372
2710
2785
2787
2790
2357
2374
2788
2792
2793
2828
2829
2832
2705
2795
2796
2801
2935
2712
2798
2802
2804
2807
2375
2805
2809
2810
2937
2941
2254
2265
2400
2401
2402
2256
2266
2287
2407
2408
2409
2414
2415
2416
2258
2267
2421
2422
2423
2270
2288
2428
2429
2430
2260
2271
2289
2435
2436
2437
2442
2443
2444
2262
2274
2449
2450
2451
2277
2292
2456
2457
2458
2264
2278
2293
2463
2464
2465
2470
2471
2472
2281
2477
2478
2479
2284
2296
2484
2485
2486
2266
2401
2402
2404
2270
2298
2407
2409
2411
2269
2271
2422
2423
2425
2269
2272
2273
2275
2271
2272
2428
2430
2432
2273
2277
2299
2435
2437
2439
2273
2300
2279
2301
2276
2278
2450
2451
2453
2276
2279
2280
2282
2278
2279
2456
2458
2460
2280
2284
2306
2463
2465
2467
2280
2307
2285
2308
2283
2478
2479
2481
2283
2285
2286
2285
2484
2486
2488
2286
2313
2314
2288
2298
2491
2492
2493
2498
2499
2500
2292
2299
2505
2506
2507
2302
2318
2512
2513
2514
2294
2303
2319
2519
2520
2521
2526
2527
2528
2296
2306
2533
2534
2535
2309
2320
2540
2541
2542
2297
2310
2321
2547
2548
2549
2554
2555
2556
2315
2324
2561
2562
2563
2492
2493
2496
2301
2303
2506
2507
2510
2301
2304
2305
2307
2303
2304
2512
2514
2516
2305
2309
2326
2519
2521
2523
2305
2327
2311
2328
2308
2310
2534
2535
2538
2308
2311
2312
2313
2310
2311
2540
2542
2544
2312
2315
2329
2547
2549
2551
2312
2330
2316
2331
2314
2316
2317
2316
2561
2563
2565
2317
2336
2337
2568
2569
2570
2320
2326
2575
2576
2577
2582
2583
2584
2324
2329
2589
2590
2591
2332
2596
2597
2598
2714
2720
2325
2333
2341
2603
2604
2605
2610
2611
2612
2338
2343
2617
2618
2619
2328
2576
2577
2580
2716
2328
2706
2717
2330
2706
2718
2331
2333
2590
2591
2594
2331
2334
2335
2336
2333
2334
2596
2598
2600
2707
2716
2335
2338
2347
2603
2605
2607
2335
2718
2723
2339
2348
2337
2339
2340
2339
2617
2619
2621
2340
2351
2352
2343
2347
2624
2625
2626
2344
2349
2382
2631
2632
2633
2638
2639
2640
2353
2368
2645
2646
2647
2346
2354
2369
2652
2653
2654
2357
2374
2659
2660
2661
2348
2349
2625
2626
2629
2707
2350
2351
2708
2723
2350
2353
2631
2633
2635
2724
2842
2355
2708
2725
2841
2352
2355
2356
2354
2355
2645
2647
2649
2787
2356
2357
2652
2654
2656
2788
2356
2786
2358
2789
2358
2659
2661
2663
2792
2362
2381
2666
2667
2668
2361
2364
2693
2696
2727
2847
2365
2383
2665
2668
2670
2671
2728
2849
2673
2674
2675
2367
2680
2681
2682
2913
2365
2377
2380
2797
2912
2366
2370
2672
2675
2677
2678
2799
2371
2679
2682
2684
2685
2800
2912
2915
2687
2688
2689
2382
2787
2812
2814
2815
2374
2788
2820
2821
2822
2371
2372
2383
2385
2388
2390
2391
2804
2373
2375
2686
2689
2691
2692
2805
2373
2384
2803
2812
2813
2817
2818
2376
2790
2806
2819
2822
2824
2825
2827
2828
2829
2376
2392
2395
2397
2398
2915
2793
2809
2826
2829
2831
2832
2379
2380
2672
2927
2379
2380
2673
2694
2676
2929
2677
2696
2697
2698
2699
2833
2835
2838
2842
2384
2699
2701
2702
2703
2734
2856
2710
2735
2833
2834
2837
2839
2855
2389
2390
2391
2686
2813
2389
2390
2674
2687
2389
2391
2698
2814
2390
2391
2675
2699
2690
2816
2678
2691
2702
2817
2396
2397
2398
2826
2396
2397
2922
2396
2398
2688
2827
2397
2398
2689
2923
2830
2926
2692
2831
2403
2404
2405
2406
2403
2405
2414
2404
2405
2403
2404
2407
2416
2410
2417
2411
2410
2411
2412
2410
2411
2428
2410
2412
2429
2491
2411
2412
2492
2431
2494
2417
2418
2419
2420
2427
2417
2419
2418
2419
2422
2417
2418
2428
2431
2425
2432
2426
2424
2425
2426
2434
2424
2426
2442
2425
2426
2424
2425
2435
2444
2438
2445
2439
2431
2432
2433
2434
2431
2432
2431
2433
2498
2432
2433
2437
2499
2439
2440
2501
2438
2439
2440
2438
2439
2456
2438
2440
2457
2505
2439
2440
2506
2459
2508
2445
2446
2447
2448
2455
2445
2447
2446
2447
2450
2445
2446
2456
2459
2453
2460
2454
2452
2453
2454
2462
2452
2454
2470
2453
2454
2452
2453
2463
2472
2466
2473
2467
2459
2460
2461
2462
2459
2460
2459
2461
2526
2460
2461
2465
2527
2467
2468
2529
2466
2467
2468
2466
2467
2484
2466
2468
2485
2533
2467
2468
2534
2487
2536
2473
2474
2475
2476
2483
2473
2475
2474
2475
2478
2473
2474
2484
2487
2481
2488
2482
2480
2481
2482
2480
2482
2481
2482
2480
2481
2487
2488
2489
2487
2488
2487
2489
2554
2488
2489
2555
2557
2494
2495
2496
2494
2495
2498
2494
2496
2495
2496
2500
2502
2501
2502
2503
2504
2511
2501
2502
2501
2503
2506
2502
2503
2512
2508
2515
2510
2516
2508
2509
2510
2518
2508
2509
2526
2508
2510
2509
2510
2519
2528
2522
2530
2523
2515
2516
2517
2518
2515
2516
2515
2517
2568
2516
2517
2521
2569
2523
2524
2571
2522
2523
2524
2522
2523
2540
2522
2524
2541
2575
2523
2524
2576
2543
2578
2529
2530
2531
2532
2539
2529
2530
2529
2531
2534
2530
2531
2540
2536
2543
2538
2544
2536
2537
2538
2546
2536
2537
2554
2536
2538
2537
2538
2547
2556
2550
2558
2551
2543
2544
2545
2546
2543
2544
2543
2545
2582
2544
2545
2549
2583
2551
2552
2585
2550
2551
2552
2550
2551
2561
2550
2552
2562
2589
2551
2552
2590
2564
2592
2557
2558
2559
2560
2557
2558
2557
2559
2558
2559
2561
2564
2565
2564
2565
2566
2564
2565
2564
2566
2610
2565
2566
2611
2613
2571
2572
2573
2574
2736
2571
2572
2571
2573
2576
2572
2573
2737
2578
2740
2580
2741
2578
2579
2580
2743
2578
2579
2582
2578
2580
2579
2580
2584
2744
2586
2747
2748
2585
2586
2587
2588
2595
2585
2586
2585
2587
2590
2586
2587
2596
2592
2599
2594
2600
2592
2593
2594
2602
2592
2593
2610
2592
2594
2593
2594
2603
2612
2606
2614
2607
2599
2600
2601
2602
2599
2600
2744
2599
2601
2745
2758
2600
2601
2605
2759
2747
2607
2608
2761
2606
2607
2608
2606
2607
2617
2606
2608
2618
2624
2607
2608
2625
2620
2627
2613
2614
2615
2616
2613
2614
2613
2615
2614
2615
2617
2620
2621
2620
2621
2622
2620
2621
2620
2622
2638
2621
2622
2639
2641
2627
2628
2629
2630
2757
2627
2628
2638
2627
2629
2759
2628
2629
2631
2640
2761
2634
2642
2635
2763
2634
2635
2636
2764
2634
2635
2645
2634
2636
2646
2838
2635
2636
2767
2835
2648
2769
2770
2836
2641
2642
2643
2644
2641
2642
2641
2643
2642
2643
2645
2648
2649
2648
2649
2650
2651
2648
2649
2648
2650
2814
2649
2650
2654
2815
2656
2657
2816
2655
2656
2657
2655
2656
2659
2655
2657
2660
2820
2656
2657
2821
2662
2823
2662
2663
2664
2662
2663
2662
2664
2827
2663
2664
2828
2830
2669
2670
2671
2693
2771
2669
2670
2673
2694
2669
2671
2697
2773
2670
2671
2675
2699
2695
2775
2677
2696
2701
2777
2676
2677
2678
2679
2676
2677
2676
2678
2681
2677
2678
2683
2685
2683
2684
2685
2927
2683
2684
2921
2928
2683
2685
2687
2684
2685
2689
2923
2929
2925
2930
2691
2690
2691
2692
2819
2690
2691
2690
2692
2820
2691
2692
2823
2824
2695
2696
2729
2695
2696
2731
2700
2701
2778
2700
2702
2838
2701
2702
2703
2781
2836
2703
2782
2703
2839
2784
2837
2705
2711
2847
2850
2851
2795
2796
2797
2931
2717
2718
2720
2722
2723
2724
2759
2760
2763
2723
2725
2726
2778
2779
2780
2840
2842
2845
2796
2847
2848
2851
2848
2854
2856
2859
2715
2737
2738
2739
2716
2719
2744
2745
2746
2716
2717
2737
2739
2741
2718
2722
2744
2746
2748
2718
2720
2722
2751
2752
2753
2758
2759
2760
2724
2765
2766
2767
2864
2752
2753
2756
2725
2725
2765
2767
2769
2843
2844
2772
2773
2774
2728
2729
2732
2850
2734
2771
2774
2776
2777
2852
2731
2732
2771
2731
2732
2772
2775
2776
2735
2834
2843
2861
2863
2866
2735
2780
2782
2783
2784
2857
2845
2858
2863
2866
2867
2740
2741
2742
2743
2740
2741
2740
2742
2741
2742
2746
2748
2749
2747
2748
2749
2747
2748
2747
2749
2751
2748
2749
2752
2754
2754
2755
2756
2754
2755
2758
2754
2756
2755
2756
2760
2762
2761
2762
2763
2764
2761
2762
2761
2763
2762
2763
2765
2768
2769
2768
2769
2770
2768
2769
2768
2770
2865
2769
2770
2861
2862
2775
2776
2777
2775
2776
2775
2777
2778
2776
2777
2780
2782
2781
2782
2781
2783
2865
2782
2783
2784
2862
2784
2784
2867
2863
2786
2791
2840
2787
2789
2841
2788
2812
2815
2818
2842
2789
2790
2821
2822
2825
2791
2792
2791
2793
2794
2794
2794
2932
2933
2797
2800
2912
2936
2797
2798
2799
2847
2799
2801
2848
2800
2804
2849
2801
2805
2937
2807
2939
2803
2808
2854
2804
2806
2855
2805
2856
2806
2807
2808
2809
2808
2810
2811
2811
2942
2811
2939
2943
2944
2817
2818
2833
2816
2817
2818
2819
2816
2817
2838
2816
2818
2821
2823
2839
2825
2823
2824
2825
2823
2824
2827
2823
2825
2824
2825
2829
2831
2830
2831
2832
2830
2831
2830
2832
2831
2832
2834
2839
2842
2835
2837
2842
2836
2842
2861
2837
2838
2862
2839
2863
2839
2841
2846
2842
2844
2843
2844
2845
2861
2864
2866
2846
2846
2849
2850
2849
2853
2852
2856
2851
2852
2853
2853
2857
2859
2855
2860
2856
2858
2857
2858
2859
2860
2860
2862
2864
2863
2865
2867
2865
2866
2867
2867
2869
2873
2896
2870
2874
2899
2872
2900
2872
2873
2874
2875
2874
2876
2877
2877
2879
2877
2880
2881
2879
2880
2881
2882
2881
2883
2884
2884
2886
2884
2887
2888
2886
2887
2888
2888
2890
2892
2891
2893
2895
2898
2893
2894
2895
2895
2901
2902
2897
2899
2898
2901
2899
2902
2900
2902
2902
2904
2908
2961
2906
2910
2907
2945
2948
2934
2935
2939
2940
2931
2934
2936
2938
2914
2927
2930
2921
2922
2923
2915
2916
2919
2936
2920
2923
2925
2926
2937
2918
2919
2920
2918
2919
2921
2928
2924
2925
2930
2924
2925
2926
2924
2925
2924
2926
2925
2926
2929
2930
2929
2930
2934
2935
2936
2933
2935
2940
2936
2939
2937
2938
2939
2940
2941
2940
2943
2942
2943
2944
2944
2946
2949
2961
2947
2950
2962
2951
3035
2949
2952
2950
2953
2951
2954
2955
2953
2956
2954
2957
2955
2958
2959
2957
2958
2959
2961
3031
3032
3033
3034
2962
3035
2972
2974
2976
2977
3012
3013
3016
2977
2979
2980
3026
3027
3030
2967
2983
2984
2985
2968
2969
2990
2991
2992
2968
2984
2985
2987
2971
2990
2992
2994
2971
2997
2998
2999
2972
2974
3004
3005
3006
2998
2999
3002
2973
3004
3006
3008
2976
3011
3012
3013
2977
2979
3018
3019
3020
2978
2978
3018
3020
3022
2980
3025
3026
3027
2981
3031
2986
2987
2988
2989
2986
2988
2987
2988
2986
2987
2990
2993
2994
2993
2994
2995
2993
2994
2993
2995
2997
2994
2995
2998
3000
3000
3001
3002
3000
3001
3000
3002
3001
3002
3007
3008
3009
3007
3008
3007
3009
3011
3008
3009
3012
3014
3014
3015
3016
3017
3014
3015
3014
3016
3015
3016
3018
3021
3022
3021
3022
3023
3021
3022
3021
3023
3025
3022
3023
3026
3028
3028
3029
3030
3028
3029
3028
3030
3029
3030
3032
3033
3034
3034
)


// ************************************************************************* //
