/*--------------------------------*- C++ -*----------------------------------*\
  =========                 |
  \\      /  F ield         | OpenFOAM: The Open Source CFD Toolbox
   \\    /   O peration     | Website:  https://openfoam.org
    \\  /    A nd           | Version:  9
     \\/     M anipulation  |
\*---------------------------------------------------------------------------*/
FoamFile
{
    format      ascii;
    class       volVectorField;
    location    "5e-05";
    object      U;
}
// * * * * * * * * * * * * * * * * * * * * * * * * * * * * * * * * * * * * * //

dimensions      [0 1 -1 0 0 0 0];

internalField   nonuniform List<vector> 
3339
(
(0 0 0)
(0 0 1.20917e-24)
(0 0 0)
(0 0 0)
(-1.57206e-34 0 0)
(0 0 0)
(0 0 0)
(0 0 4.29071e-22)
(0 0 0)
(0 0 0)
(3.36881e-16 0 0)
(1.41805e-22 0 0)
(-1.41345e-22 0 0)
(1.4184e-22 0 0)
(-3.19936e-22 0 9.18328e-16)
(0 0 0)
(2.98284e-16 0 2.05679e-18)
(1.41706e-22 0 0)
(-1.40633e-22 0 0)
(1.40515e-22 0 0)
(-1.41585e-22 0 0)
(0 0 0)
(0 0 2.95414e-19)
(1.16189e-22 0 0)
(1.01363e-24 0 0)
(0 0 0)
(-1.17171e-22 0 0)
(0 0 0)
(0 0 3.45831e-22)
(0 0 0)
(1.16116e-22 0 0)
(0 0 0)
(-1.15607e-22 0 0)
(0 0 0)
(0 0 0)
(0 0 0)
(0 0 0)
(0 0 0)
(0 0 0)
(0 0 0)
(0 0 0)
(0 0 0)
(0 0 0)
(0 0 0)
(0 0 0)
(0 0 0)
(0 0 0)
(0 0 0)
(0 0 0)
(0 0 0)
(0 0 0)
(0 0 0)
(0 0 0)
(0 0 0)
(0 0 0)
(0 0 0)
(0 0 0)
(0 0 0)
(0 0 0)
(0 0 0)
(0 0 0)
(0 0 0)
(0 0 0)
(0 0 0)
(0 0 0)
(0 0 0)
(1.58516e-13 -1.09352e-13 -5.35447e-16)
(1.36375e-13 -9.1196e-14 1.28836e-15)
(4.15151e-16 -2.64304e-16 2.28316e-16)
(-2.49799e-30 0 3.66354e-19)
(9.0355e-14 -4.03969e-15 -1.88788e-16)
(6.09987e-20 0 0)
(-6.07156e-20 0 0)
(6.10124e-20 0 0)
(-6.09423e-20 0 0)
(0 0 0)
(2.2365e-14 0 -1.26622e-17)
(1.95966e-17 0 1.62794e-21)
(-1.94582e-17 0 1.62794e-21)
(1.95963e-17 0 0)
(-1.95616e-17 0 0)
(0 0 0)
(7.48649e-14 -3.38117e-15 4.06592e-16)
(6.09792e-20 0 0)
(-6.04602e-20 0 0)
(6.05171e-20 0 0)
(-6.09053e-20 0 0)
(0 0 0)
(2.33971e-14 0 1.02239e-16)
(1.95963e-17 0 3.28016e-22)
(-1.94034e-17 0 -6.33818e-25)
(1.94867e-17 0 -4.23668e-24)
(-1.9562e-17 0 0)
(0 0 0)
(3.77577e-17 -8.97182e-18 6.00488e-17)
(5.50261e-20 0 0)
(3.9966e-22 0 0)
(0 0 0)
(-5.54042e-20 0 0)
(0 0 0)
(2.40283e-16 0 6.59835e-17)
(1.94867e-17 0 -6.70688e-24)
(5.4914e-20 0 -2.96791e-25)
(0 0 0)
(-1.9561e-17 0 0)
(0 0 0)
(0 -7.66711e-21 7.10476e-20)
(0 0 0)
(5.50121e-20 0 0)
(0 0 0)
(-5.47089e-20 0 0)
(0 0 0)
(1.90982e-17 0 2.43057e-19)
(0 0 -2.81959e-22)
(1.94865e-17 0 3.04655e-24)
(0 0 -1.28842e-24)
(-1.93426e-17 0 0)
(0 0 0)
(0 0 0)
(0 0 0)
(0 0 0)
(0 0 0)
(0 0 0)
(0 0 0)
(0 0 2.14243e-20)
(0 0 2.18597e-25)
(0 0 6.08849e-28)
(0 0 0)
(0 0 0)
(0 0 0)
(0 0 0)
(0 0 0)
(0 0 0)
(0 0 0)
(0 0 0)
(0 0 0)
(0 0 -1.01806e-27)
(0 0 0)
(0 0 0)
(0 0 0)
(0 0 0)
(0 0 0)
(0 0 0)
(0 0 0)
(0 0 0)
(0 0 0)
(0 0 0)
(0 0 0)
(0 0 -2.99418e-20)
(0 0 0)
(0 0 0)
(0 0 0)
(0 0 0)
(0 0 0)
(0 0 2.87432e-22)
(0 0 0)
(0 0 0)
(0 0 0)
(0 0 0)
(0 0 0)
(0 0 2.98034e-20)
(0 0 0)
(0 0 0)
(0 0 0)
(0 0 0)
(0 0 0)
(0 0 0)
(0 0 0)
(0 0 0)
(0 0 0)
(0 0 0)
(0 0 0)
(0 0 0)
(0 0 0)
(0 0 0)
(0 0 0)
(0 0 0)
(0 0 0)
(0 0 0)
(0 0 0)
(0 0 0)
(0 0 0)
(0 0 0)
(0 0 0)
(0 0 0)
(0 0 0)
(0 0 0)
(0 0 0)
(0 0 0)
(0 0 0)
(2.9825e-11 -2.66434e-12 -1.22162e-13)
(1.6864e-11 8.76302e-14 -9.15341e-14)
(2.4833e-11 -2.25038e-12 3.2169e-13)
(1.55585e-11 -3.08272e-14 1.28736e-13)
(9.22051e-14 -8.21389e-15 5.47901e-14)
(2.16026e-13 -3.77577e-17 7.55825e-14)
(-1.10247e-25 -8.34624e-18 7.75573e-17)
(2.44906e-16 0 2.89895e-16)
(-5.07421e-30 0 0)
(-1.08191e-19 0 5.97458e-18)
(0 0 0)
(0 0 -2.40762e-25)
(0 0 0)
(0 0 -9.63219e-18)
(0 0 1.35023e-19)
(0 0 0)
(0 0 0)
(0 0 9.56447e-18)
(0 0 0)
(0 0 0)
(0 1.82126e-15 9.60627e-18)
(0 1.85611e-15 -1.24704e-18)
(-1.52859e-17 0 0)
(0 0 0)
(0 0 0)
(9.08485e-16 -1.14842e-17 -2.38367e-17)
(0 0 -5.05998e-25)
(0 0 0)
(0 0 0)
(0 0 0)
(0 0 0)
(0 0 2.38391e-17)
(0 0 -2.64179e-18)
(0 0 0)
(0 0 1.94011e-17)
(0 0 0)
(0 0 0)
(0 0 0)
(1.98531e-19 0 1.62807e-21)
(0 0 0)
(1.08841e-23 0 3.25615e-21)
(0 0 0)
(0 0 1.83227e-15)
(0 0 0)
(0 0 0)
(0 0 0)
(0 0 0)
(0 0 0)
(0 0 0)
(0 0 0)
(5.03942e-30 1.08567e-19 0)
(0 0 0)
(0 0 0)
(0 0 0)
(0 0 0)
(0 0 0)
(0 0 0)
(0 0 0)
(0 0 0)
(0 0 0)
(0 0 0)
(0 0 0)
(0 0 0)
(0 0 0)
(0 0 0)
(0 0 0)
(0 0 0)
(0 0 0)
(0 0 0)
(0 0 0)
(0 0 0)
(0 0 0)
(0 0 0)
(0 0 0)
(0 0 0)
(0 0 0)
(0 0 0)
(0 0 0)
(0 0 0)
(0 0 0)
(0 0 0)
(0 0 0)
(0 0 0)
(0 0 0)
(0 0 0)
(0 0 0)
(0 0 0)
(0 0 0)
(0 0 0)
(0 0 0)
(0 0 0)
(0 0 0)
(0 0 0)
(0 0 0)
(0 0 0)
(1.56562e-19 0 0)
(0 0 0)
(0 0 0)
(0 0 0)
(0 0 0)
(0 0 0)
(0 0 0)
(0 0 0)
(0 0 0)
(0 0 0)
(0 0 0)
(0 0 0)
(0 0 0)
(0 0 0)
(0 0 0)
(0 0 0)
(0 0 0)
(0 0 0)
(0 0 0)
(0 0 0)
(0 0 0)
(0 3.20122e-21 0)
(0 4.99356e-19 0)
(0 0 0)
(0 0 0)
(0 0 0)
(0 0 0)
(0 0 0)
(0 -5.34654e-23 0)
(0 0 -1.81719e-15)
(0 -1.45426e-27 0)
(0 0 0)
(0 -2.65666e-32 0)
(0 0 0)
(0 1.85611e-15 3.71222e-15)
(0 0 1.83665e-15)
(0 1.85611e-15 3.65364e-15)
(0 0 -9.4131e-22)
(0 1.85611e-15 3.65364e-15)
(0 0 -3.17614e-23)
(0 1.85611e-15 3.65364e-15)
(0 0 -1.77903e-15)
(0 0 2.3439e-22)
(0 0 1.52102e-18)
(0 -8.38457e-23 2.76668e-20)
(0 0 0)
(0 -2.4017e-34 -1.43028e-23)
(0 8.90842e-20 -1.16702e-15)
(0 0 -8.97907e-16)
(0 4.24421e-17 -2.29642e-16)
(0 6.01986e-35 -9.10909e-16)
(0 0 0)
(0 0 3.66367e-18)
(0 0 0)
(0 0 0)
(0 0 0)
(0 0 0)
(0 1.85611e-15 -1.57597e-17)
(0 0 1.71641e-19)
(0 1.85611e-15 1.51917e-17)
(0 0 2.70139e-19)
(0 1.85611e-15 0)
(0 1.68698e-44 0)
(0 -7.46566e-43 0)
(0 1.85611e-15 -3.44235e-15)
(0 1.85611e-15 -7.39813e-17)
(0 7.63078e-42 0)
(0 -2.8039e-40 0)
(0 0 0)
(0 0 0)
(0 0 0)
(0 0 0)
(0 0 0)
(0 0 0)
(0 1.85611e-15 -1.54398e-17)
(0 0 -3.33357e-27)
(0 1.85611e-15 -1.07298e-18)
(0 0 -9.94146e-27)
(0 1.85611e-15 7.67488e-17)
(0 3.42544e-39 0)
(0 -9.56512e-38 0)
(0 1.85611e-15 -3.41465e-15)
(0 1.85611e-15 -7.59367e-17)
(0 1.18732e-36 0)
(0 -2.9444e-35 -4.64862e-19)
(0 0 0)
(0 0 3.66199e-18)
(0 0 0)
(0 0 0)
(0 0 0)
(0 0 0)
(0 1.85571e-15 9.99735e-19)
(0 0 -1.47965e-20)
(0 1.85571e-15 1.54504e-17)
(0 0 5.33705e-19)
(0 1.85611e-15 7.6206e-17)
(0 3.73071e-34 0)
(0 4.0211e-32 4.66295e-19)
(0 1.85611e-15 -3.43285e-15)
(0 1.85611e-15 -7.59367e-17)
(0 7.94926e-32 0)
(0 9.73635e-30 -4.65017e-19)
(0 0 0)
(0 0 -5.99154e-15)
(0 0 0)
(0 0 0)
(0 0 0)
(0 0 0)
(0 0 0)
(0 1.85554e-15 -1.66156e-17)
(0 0 3.69629e-17)
(0 6.66951e-17 -1.83227e-15)
(0 1.85611e-15 0)
(0 0 3.69791e-17)
(0 1.85611e-15 7.6206e-17)
(0 5.22194e-29 0)
(0 4.40375e-27 -1.85895e-19)
(0 1.85611e-15 -3.71222e-15)
(0 1.85611e-15 0)
(0 5.52921e-27 0)
(0 7.89972e-25 0)
(0 0 -6.84433e-15)
(0 0 0)
(0 0 0)
(1.58248e-24 -3.58972e-15 1.78372e-15)
(3.63437e-15 0 9.39858e-16)
(-3.51432e-15 3.58873e-15 2.78417e-15)
(0 0 6.5608e-15)
(0 0 0)
(0 0 0)
(7.45333e-17 0 -2.33365e-26)
(0 -3.66455e-15 -1.4135e-18)
(3.51432e-15 0 2.78417e-15)
(-3.71222e-15 3.60376e-15 2.78417e-15)
(0 6.11192e-17 0)
(-1.83651e-15 0 9.01469e-16)
(1.58196e-18 0 6.83496e-15)
(0 0 3.56293e-15)
(0 0 -7.12587e-15)
(0 0 -2.71591e-16)
(0 0 0)
(0 0 0)
(0 0 1.40829e-20)
(0 0 -2.89339e-16)
(0 0 0)
(0 0 0)
(0 0 0)
(0 0 0)
(0 0 2.98621e-16)
(0 0 0)
(0 0 2.98621e-16)
(0 0 -3.62705e-18)
(0 0 0)
(0 0 2.98621e-16)
(0 0 0)
(0 0 -2.98621e-16)
(0 0 -2.98621e-16)
(0 0 0)
(0 0 0)
(0 0 0)
(0 0 0)
(0 0 0)
(0 0 0)
(0 0 0)
(0 0 0)
(0 0 0)
(0 0 0)
(0 0 0)
(0 0 0)
(0 0 0)
(0 0 0)
(0 0 0)
(0 0 0)
(0 0 0)
(0 0 0)
(0 0 0)
(0 0 0)
(0 0 0)
(0 0 0)
(0 0 0)
(0 0 0)
(0 0 0)
(0 0 0)
(0 0 0)
(0 0 0)
(0 0 -2.98621e-16)
(0 0 0)
(0 0 -2.98621e-16)
(0 0 0)
(0 0 2.56451e-16)
(0 0 0)
(0 0 2.98099e-16)
(0 0 2.98621e-16)
(0 0 -3.63311e-18)
(0 0 0)
(0 0 0)
(0 0 0)
(0 0 -2.98621e-16)
(0 0 -2.98621e-16)
(0 0 0)
(0 0 0)
(0 0 0)
(0 0 0)
(0 0 0)
(0 0 0)
(0 0 0)
(0 0 0)
(0 0 0)
(0 0 0)
(0 0 0)
(0 0 0)
(0 0 0)
(0 0 0)
(0 0 0)
(0 0 0)
(0 0 0)
(0 0 0)
(0 0 0)
(0 0 0)
(0 0 0)
(0 0 0)
(0 0 0)
(0 0 0)
(0 0 0)
(0 0 0)
(0 0 0)
(0 0 0)
(0 0 -2.98577e-16)
(0 0 0)
(0 0 -6.87967e-18)
(0 0 0)
(0 0 2.58775e-16)
(0 0 0)
(0 0 2.98577e-16)
(0 0 2.98573e-16)
(0 0 -3.62532e-18)
(0 0 0)
(0 0 2.98577e-16)
(0 0 0)
(0 0 -2.98573e-16)
(0 0 -2.98577e-16)
(0 0 0)
(0 0 0)
(0 0 0)
(0 0 0)
(0 0 0)
(0 0 0)
(0 0 0)
(0 0 0)
(0 0 0)
(0 0 0)
(0 0 0)
(0 0 0)
(0 0 0)
(0 0 0)
(0 0 0)
(0 0 0)
(0 0 0)
(0 0 0)
(0 0 0)
(0 0 0)
(0 0 0)
(0 0 0)
(0 0 0)
(0 0 0)
(0 0 0)
(0 0 0)
(0 0 0)
(0 0 0)
(0 0 -2.98577e-16)
(0 0 0)
(0 0 -2.98573e-16)
(0 0 0)
(0 0 2.56377e-16)
(0 0 0)
(0 0 6.79879e-18)
(0 0 9.53174e-17)
(0 0 9.51612e-17)
(0 0 7.12587e-15)
(0 0 7.34893e-15)
(0 0 -9.53695e-17)
(0 0 -7.42439e-15)
(0 0 -7.42445e-15)
(0 0 0)
(0 0 0)
(0 0 0)
(0 0 0)
(0 0 0)
(0 0 0)
(0 0 0)
(0 0 0)
(0 0 0)
(0 0 0)
(0 0 0)
(0 0 0)
(0 0 0)
(0 0 0)
(0 0 0)
(0 0 0)
(0 0 0)
(0 0 0)
(0 0 0)
(0 0 0)
(0 0 0)
(0 0 0)
(0 0 0)
(0 0 0)
(0 0 0)
(0 0 0)
(0 0 0)
(0 0 0)
(0 0 0)
(0 0 0)
(0 0 0)
(0 0 0)
(0 0 0)
(0 0 0)
(0 0 0)
(1.57754e-20 0 3.63377e-24)
(0 0 0)
(0 0 0)
(0 0 -6.55697e-15)
(0 0 0)
(0 0 7.12563e-15)
(0 0 4.5301e-22)
(0 0 6.83919e-15)
(0 0 0)
(0 0 -7.1257e-15)
(0 0 -6.54592e-15)
(0 0 -7.42445e-15)
(0 0 7.42445e-15)
(0 0 6.82718e-15)
(0 -1.61443e-21 -3.25567e-21)
(0 0 -1.54176e-18)
(0 0 -1.67456e-20)
(0 1.83227e-15 -7.48881e-17)
(0 1.85611e-15 7.62214e-17)
(0 3.04306e-17 -8.32172e-20)
(0 3.12215e-17 -7.7641e-17)
(0 0 7.70194e-17)
(0 0 -7.67763e-17)
(0 8.71027e-20 -2.13975e-18)
(0 3.10122e-17 -7.71059e-17)
(0 1.85611e-15 2.59037e-18)
(0 1.85611e-15 3.65417e-15)
(0 3.12201e-17 -3.71222e-15)
(0 0 0)
(4.2991e-22 -8.26731e-19 -3.7122e-15)
(0 0 3.55937e-15)
(1.87779e-23 0 4.47493e-23)
(1.24966e-20 0 -3.14024e-21)
(0 0 -7.35165e-17)
(0 0 -6.6434e-19)
(1.85097e-28 0 0)
(0 0 -2.56537e-19)
(0 3.63065e-19 -1.13659e-21)
(0 0 -1.33084e-22)
(-1.66279e-21 0 2.10859e-28)
(0 0 -1.00243e-21)
(4.15761e-26 0 -9.72162e-24)
(0 0 6.31429e-15)
(0 0 -6.84323e-15)
(0 0 -7.11743e-15)
(0 0 -2.07986e-18)
(0 0 -5.34518e-16)
(0 0 7.00772e-22)
(0 0 -1.94332e-20)
(0 0 1.68141e-21)
(0 0 0)
(0 0 0)
(0 0 3.62041e-18)
(0 0 0)
(0 0 5.42148e-20)
(0 0 7.68612e-20)
(0 0 8.4422e-21)
(0 0 0)
(0 0 0)
(0 0 1.44649e-16)
(0 0 0)
(0 0 1.66158e-18)
(0 0 4.06321e-18)
(0 0 0)
(0 0 -5.25356e-18)
(0 0 -2.87477e-16)
(0 0 0)
(0 0 0)
(0 0 0)
(0 0 0)
(0 -5.89055e-17 -3.14546e-29)
(0 0 6.11212e-20)
(-3.77592e-19 -8.73564e-19 0)
(0 0 2.68424e-19)
(-5.93615e-17 0 0)
(0 0 9.77539e-18)
(0 0 9.68139e-18)
(1.85611e-15 0 -1.85611e-15)
(0 0 0)
(0 1.85611e-15 3.71222e-15)
(0 1.85611e-15 0)
(0 1.85611e-15 0)
(0 1.85611e-15 0)
(0 0 3.71222e-15)
(0 4.92127e-60 -9.28056e-16)
(0 9.28056e-16 1.85611e-15)
(0 9.28056e-16 1.85611e-15)
(0 9.28056e-16 1.85611e-15)
(0 9.28056e-16 0)
(0 9.28056e-16 0)
(0 0 0)
(0 0 1.85611e-15)
(0 0 0)
(0 0 1.85611e-15)
(0 0 0)
(0 0 0)
(0 0 0)
(0 0 1.85611e-15)
(0 0 -1.85611e-15)
(0 0 0)
(0 0 0)
(0 0 0)
(0 0 0)
(0 0 0)
(0 0 0)
(0 0 0)
(0 0 0)
(0 0 0)
(0 0 0)
(0 0 0)
(0 0 0)
(0 0 0)
(0 0 0)
(0 0 0)
(0 0 0)
(0 0 0)
(0 0 0)
(0 0 0)
(0 0 0)
(0 0 0)
(0 0 0)
(1.85611e-15 0 -1.77936e-15)
(0 0 -4.78885e-25)
(0 1.85611e-15 3.69256e-15)
(0 1.85611e-15 0)
(0 1.85611e-15 0)
(0 1.85611e-15 0)
(0 0 3.71222e-15)
(0 4.73117e-57 -2.62929e-20)
(0 9.28056e-16 -1.36054e-19)
(0 9.28056e-16 0)
(0 9.28056e-16 0)
(0 9.28056e-16 0)
(0 9.28056e-16 0)
(0 0 0)
(0 0 0)
(0 0 0)
(0 0 0)
(0 0 0)
(0 0 0)
(0 0 0)
(0 0 0)
(0 0 0)
(0 0 0)
(0 0 0)
(0 0 0)
(0 0 0)
(0 0 0)
(0 0 0)
(0 0 0)
(0 0 0)
(0 0 0)
(0 0 0)
(0 0 0)
(0 0 0)
(0 0 0)
(0 0 0)
(0 0 0)
(0 0 0)
(0 0 0)
(0 0 0)
(0 0 0)
(0 0 0)
(0 0 0)
(0 0 0)
(1.85611e-15 0 -1.79191e-15)
(0 0 -8.5877e-25)
(0 1.85611e-15 0)
(0 1.85611e-15 0)
(0 1.85611e-15 0)
(0 0 3.71222e-15)
(0 6.32963e-54 -2.62902e-20)
(0 9.28056e-16 3.59845e-22)
(0 9.28056e-16 0)
(0 9.28056e-16 0)
(0 9.28056e-16 0)
(0 9.28056e-16 0)
(0 0 0)
(0 0 0)
(0 0 0)
(0 0 0)
(0 0 0)
(0 0 0)
(0 0 0)
(0 0 0)
(0 0 0)
(0 0 0)
(0 0 0)
(0 0 0)
(0 0 0)
(0 0 0)
(0 0 0)
(0 0 0)
(0 0 0)
(0 0 0)
(0 0 0)
(0 0 0)
(0 0 0)
(0 0 0)
(0 0 0)
(0 0 0)
(0 0 0)
(0 0 0)
(0 0 0)
(0 0 0)
(0 0 0)
(0 0 0)
(0 0 0)
(1.85611e-15 0 -1.78873e-15)
(0 0 -9.55153e-23)
(0 1.85611e-15 0)
(0 1.85611e-15 0)
(0 1.85611e-15 0)
(0 0 3.71222e-15)
(0 -4.40025e-54 -2.7297e-20)
(0 9.28056e-16 1.36414e-19)
(0 9.28056e-16 0)
(0 9.28056e-16 0)
(0 9.28056e-16 0)
(0 9.28056e-16 0)
(0 0 0)
(0 0 6.56315e-20)
(0 0 0)
(0 0 0)
(0 0 0)
(0 0 0)
(0 0 0)
(0 0 6.86388e-22)
(0 0 0)
(0 0 0)
(0 0 0)
(0 0 0)
(0 0 0)
(0 0 0)
(0 0 0)
(0 0 0)
(0 0 0)
(0 0 0)
(0 0 0)
(0 0 0)
(0 0 0)
(0 0 0)
(0 0 0)
(0 0 0)
(0 0 0)
(0 0 0)
(0 0 0)
(0 0 0)
(0 0 0)
(0 0 0)
(0 0 0)
(0 0 -2.74625e-16)
(0 0 6.82721e-15)
(0 0 5.75146e-17)
(0 0 3.79636e-17)
(0 0 6.74676e-20)
(0 4.40659e-19 3.37305e-21)
(0 1.85611e-15 2.73684e-39)
(0 1.85611e-15 6.6356e-30)
(0 1.85611e-15 -5.32354e-22)
(0 0 3.71222e-15)
(0 0 3.00447e-18)
(0 9.28056e-16 7.18866e-24)
(0 9.28056e-16 1.08093e-21)
(0 9.28056e-16 1.0874e-21)
(0 9.28056e-16 1.34849e-19)
(0 9.28056e-16 -1.23307e-19)
(0 0 0)
(0 0 3.00721e-23)
(0 0 0)
(0 0 0)
(0 0 0)
(0 0 0)
(0 0 0)
(0 0 0)
(0 0 0)
(0 0 0)
(0 0 0)
(0 0 0)
(0 0 0)
(0 0 0)
(0 0 0)
(0 0 0)
(0 0 0)
(0 0 0)
(0 0 0)
(0 0 0)
(0 0 0)
(0 0 0)
(0 0 0)
(0 0 0)
(0 0 0)
(0 0 0)
(0 0 0)
(0 0 0)
(0 0 0)
(0 0 0)
(0 0 0)
(0 0 -3.6738e-17)
(0 0 9.12347e-25)
(0 0 4.1924e-24)
(0 0 1.41974e-24)
(-9.28056e-16 -5.73352e-22 -1.83662e-15)
(0 0 0)
(0 9.28056e-16 4.59229e-16)
(0 9.28056e-16 4.59447e-16)
(0 9.28056e-16 4.59408e-16)
(0 -9.28056e-16 -4.59129e-16)
(0 -1.82489e-15 0)
(0 0 0)
(0 0 -2.3118e-27)
(0 0 -1.85611e-15)
(0 0 -1.85611e-15)
(0 1.84041e-15 0)
(0 1.84041e-15 0)
(0 0 0)
(0 0 0)
(0 0 0)
(0 0 0)
(0 0 0)
(0 0 0)
(0 0 0)
(0 0 0)
(0 0 0)
(0 0 0)
(0 0 0)
(0 0 0)
(0 0 0)
(0 0 0)
(0 0 0)
(0 0 0)
(0 0 0)
(0 0 0)
(0 0 0)
(0 0 0)
(0 0 0)
(0 0 0)
(0 0 0)
(0 0 0)
(0 0 0)
(0 0 0)
(0 0 0)
(0 0 0)
(0 0 0)
(0 0 0)
(0 0 0)
(1.8901e-17 2.62591e-32 6.96042e-16)
(0 2.13608e-27 -1.85611e-15)
(0 9.23083e-23 -1.85611e-15)
(0 -1.84436e-15 -1.39208e-15)
(0 0 8.98799e-16)
(0 0 0)
(0 0 0)
(0 0 -1.85611e-15)
(0 0 -1.85611e-15)
(0 1.84041e-15 0)
(0 0 0)
(0 0 0)
(0 0 0)
(0 0 0)
(0 0 0)
(0 0 0)
(0 0 0)
(0 0 0)
(0 0 0)
(0 0 0)
(0 0 0)
(0 0 0)
(0 0 0)
(0 0 0)
(0 0 0)
(0 0 0)
(0 0 0)
(0 0 0)
(0 0 0)
(0 0 0)
(0 0 0)
(0 0 0)
(0 0 0)
(0 0 0)
(0 0 0)
(0 0 0)
(0 0 0)
(0 0 0)
(0 0 0)
(0 0 0)
(0 0 0)
(0 0 0)
(0 0 0)
(0 0 0)
(0 0 0)
(0 0 0)
(0 0 0)
(0 0 0)
(0 0 0)
(0 0 0)
(0 0 0)
(0 0 0)
(0 0 0)
(0 0 0)
(0 0 0)
(0 0 0)
(0 0 0)
(0 0 0)
(0 0 0)
(0 0 0)
(0 0 0)
(0 0 0)
(0 0 0)
(0 0 0)
(0 0 0)
(0 0 0)
(0 0 0)
(0 0 0)
(0 0 0)
(0 0 0)
(0 0 0)
(0 0 0)
(0 0 0)
(0 0 0)
(0 0 0)
(0 0 0)
(0 0 0)
(0 0 0)
(0 0 0)
(0 0 0)
(0 0 0)
(0 0 0)
(0 0 0)
(0 0 0)
(0 0 0)
(0 0 0)
(0 0 0)
(0 0 0)
(0 0 0)
(0 0 0)
(0 0 0)
(0 0 0)
(0 0 0)
(0 0 0)
(0 0 0)
(0 0 0)
(0 0 0)
(0 0 0)
(0 0 0)
(0 0 0)
(0 0 0)
(0 0 0)
(0 0 0)
(0 0 0)
(0 0 0)
(0 0 0)
(0 0 0)
(0 0 0)
(0 0 0)
(0 0 0)
(0 0 0)
(0 0 0)
(0 0 0)
(0 0 0)
(0 0 0)
(0 0 0)
(0 0 0)
(0 0 0)
(0 0 0)
(0 0 0)
(0 0 0)
(0 0 0)
(0 0 0)
(0 0 0)
(0 0 0)
(0 0 0)
(0 0 0)
(0 0 0)
(0 0 0)
(0 0 0)
(0 0 0)
(0 0 0)
(0 0 0)
(0 0 0)
(0 0 0)
(0 0 0)
(0 0 0)
(0 0 0)
(0 0 0)
(0 0 0)
(0 0 0)
(0 0 0)
(0 0 0)
(0 0 0)
(0 0 0)
(0 0 0)
(0 0 0)
(0 0 0)
(0 0 0)
(0 0 0)
(0 0 0)
(0 0 0)
(0 0 0)
(0 0 0)
(0 0 0)
(0 0 0)
(0 0 0)
(0 0 0)
(0 0 0)
(0 0 0)
(0 0 0)
(0 0 0)
(0 0 0)
(0 0 0)
(0 0 0)
(0 0 0)
(0 0 0)
(0 0 0)
(0 0 0)
(0 0 0)
(0 0 0)
(0 0 0)
(0 0 0)
(0 0 0)
(0 0 0)
(0 0 0)
(0 0 0)
(0 0 0)
(0 0 0)
(0 0 0)
(0 0 0)
(0 0 0)
(0 0 0)
(0 0 0)
(0 0 0)
(0 0 0)
(0 0 0)
(0 0 0)
(0 0 0)
(0 0 0)
(0 0 0)
(0 0 0)
(0 0 0)
(0 0 0)
(0 0 0)
(0 0 0)
(0 0 0)
(0 0 0)
(0 0 0)
(0 0 0)
(0 0 0)
(0 0 0)
(0 0 0)
(0 0 0)
(0 0 0)
(0 0 0)
(0 0 7.04687e-15)
(0 0 0)
(0 0 0)
(0 0 -7.12583e-15)
(0 0 0)
(1.85611e-15 0 -1.85611e-15)
(0 0 0)
(1.85611e-15 0 1.72782e-15)
(0 0 0)
(1.82008e-15 0 -3.16256e-17)
(0 0 -3.89183e-17)
(0 1.85611e-15 0)
(0 2.6352e-44 0)
(0 7.99023e-42 0)
(0 1.85611e-15 -3.49542e-15)
(0 1.85611e-15 0)
(0 6.8841e-42 0)
(0 2.99022e-39 0)
(0 1.85611e-15 3.71222e-15)
(0 3.12693e-44 0)
(0 4.46873e-46 0)
(0 1.85611e-15 -7.44432e-17)
(0 1.85611e-15 -3.65364e-15)
(0 1.38248e-41 0)
(0 1.68215e-43 0)
(0 1.85611e-15 0)
(0 1.11355e-48 0)
(0 4.44275e-53 0)
(0 1.85611e-15 -7.44731e-17)
(0 1.85611e-15 0)
(0 3.71718e-46 0)
(0 6.39575e-51 0)
(0 2.78417e-15 0)
(0 4.39996e-55 0)
(0 9.3744e-57 0)
(0 1.85611e-15 -7.3909e-17)
(0 1.81719e-15 -3.61465e-15)
(0 8.64234e-52 0)
(0 8.86718e-54 0)
(0 0 0)
(0 0 0)
(0 0 0)
(0 0 0)
(0 0 0)
(0 0 0)
(0 0 0)
(0 0 0)
(0 0 0)
(0 0 0)
(0 0 0)
(0 0 1.40604e-19)
(0 0 0)
(0 0 7.42445e-15)
(0 0 0)
(0 0 0)
(0 0 -7.12583e-15)
(0 0 0)
(1.85611e-15 0 -3.90554e-17)
(0 0 3.89183e-17)
(1.85611e-15 0 1.72835e-15)
(0 0 0)
(1.82009e-15 0 -3.16431e-17)
(0 0 -3.89183e-17)
(0 1.85611e-15 0)
(0 3.15123e-39 0)
(0 1.01715e-36 0)
(0 1.85611e-15 -7.59367e-17)
(0 0 -7.67423e-17)
(0 3.12834e-34 0)
(0 1.85611e-15 3.65364e-15)
(0 6.95759e-39 0)
(0 4.04036e-41 0)
(0 1.85611e-15 -7.48932e-17)
(0 1.85611e-15 -3.65364e-15)
(0 1.05841e-36 0)
(0 8.59949e-39 0)
(0 1.85611e-15 0)
(0 2.23547e-43 0)
(0 1.83715e-46 0)
(0 1.85611e-15 -7.44731e-17)
(0 1.85611e-15 0)
(0 3.00411e-41 0)
(0 3.58471e-44 0)
(0 2.78417e-15 3.61458e-15)
(0 5.56887e-49 0)
(0 3.74808e-51 0)
(0 1.85611e-15 -7.39092e-17)
(0 1.81719e-15 -3.61467e-15)
(0 2.04539e-46 0)
(0 1.40115e-48 0)
(0 0 0)
(0 0 0)
(0 0 0)
(0 0 0)
(0 0 0)
(0 0 0)
(0 0 0)
(0 0 0)
(0 0 0)
(0 0 0)
(0 0 -1.3918e-16)
(0 0 0)
(0 0 7.42445e-15)
(0 0 -9.19307e-17)
(0 0 0)
(0 0 -7.12583e-15)
(0 0 0)
(1.85611e-15 0 -3.90554e-17)
(0 0 3.89183e-17)
(1.85611e-15 0 1.73127e-15)
(0 0 0)
(1.8201e-15 0 -3.16241e-17)
(0 0 -3.89183e-17)
(0 1.85611e-15 7.6206e-17)
(0 0 7.70137e-17)
(0 8.60226e-32 0)
(0 1.85611e-15 -7.59367e-17)
(0 0 -7.67423e-17)
(0 2.08361e-29 0)
(0 1.85611e-15 3.65364e-15)
(0 3.15937e-34 0)
(0 2.2624e-36 0)
(0 1.85611e-15 -7.48932e-17)
(0 1.85611e-15 -3.65364e-15)
(0 4.31493e-32 0)
(0 3.10852e-34 0)
(0 1.85611e-15 0)
(0 1.05006e-38 0)
(0 3.32412e-41 0)
(0 1.85611e-15 -7.44731e-17)
(0 1.85611e-15 0)
(0 8.22226e-37 0)
(0 2.79395e-39 0)
(0 2.78417e-15 3.61458e-15)
(0 1.33905e-43 0)
(0 5.23788e-46 0)
(0 1.85611e-15 -7.39092e-17)
(0 1.81719e-15 -3.61467e-15)
(0 6.43813e-42 0)
(0 5.62161e-44 0)
(0 0 0)
(0 0 0)
(0 0 0)
(0 0 0)
(0 0 0)
(0 0 0)
(0 0 0)
(0 0 0)
(0 0 0)
(0 0 0)
(0 0 4.06539e-18)
(0 0 0)
(0 0 7.42445e-15)
(0 0 0)
(0 0 0)
(0 0 -7.12583e-15)
(0 0 0)
(1.85611e-15 0 -3.90554e-17)
(0 0 3.89183e-17)
(1.85611e-15 0 0)
(0 0 -2.40013e-19)
(1.81719e-15 0 -3.71585e-17)
(0 0 -3.89183e-17)
(0 1.85611e-15 7.6206e-17)
(0 0 7.70137e-17)
(0 1.09476e-26 0)
(0 1.85611e-15 0)
(0 2.34986e-22 0)
(0 1.9699e-24 0)
(0 1.85611e-15 3.65364e-15)
(0 2.59408e-29 0)
(0 1.33952e-31 0)
(0 1.85611e-15 -7.52453e-17)
(0 1.85611e-15 -3.71222e-15)
(0 0 0)
(0 0 0)
(0 1.85611e-15 0)
(0 2.57989e-34 0)
(0 6.95114e-37 0)
(0 1.85611e-15 -7.52756e-17)
(0 1.85611e-15 0)
(0 0 0)
(0 0 0)
(0 2.78417e-15 3.61458e-15)
(0 1.77419e-39 0)
(0 8.03412e-42 0)
(0 1.85611e-15 -7.39084e-17)
(0 1.81719e-15 -3.61459e-15)
(0 0 0)
(0 0 0)
(0 0 1.21819e-40)
(0 0 0)
(0 0 0)
(0 -5.09696e-17 0)
(0 3.60386e-15 1.85611e-15)
(0 -3.58873e-15 2.78417e-15)
(-3.51432e-15 2.02003e-28 2.78417e-15)
(0 0 -2.89779e-16)
(0 0 0)
(0 0 0)
(7.36878e-17 0 -1.85611e-15)
(0 -3.60386e-15 1.85611e-15)
(3.51432e-15 -3.58873e-15 2.78417e-15)
(-3.51432e-15 3.58873e-15 2.78417e-15)
(0 0 -1.94795e-17)
(0 0 0)
(0 0 7.42445e-15)
(7.29626e-17 0 1.85611e-15)
(0 0 3.2482e-15)
(3.51432e-15 -3.58873e-15 2.78417e-15)
(-3.51432e-15 -3.58873e-15 2.32014e-15)
(0 0 0)
(0 0 1.12249e-21)
(0 0 -4.37945e-22)
(1.81719e-15 0 5.52388e-17)
(0 0 0)
(0 0 6.82984e-15)
(0 0 7.07905e-15)
(0 0 3.69631e-17)
(0 0 8.59892e-27)
(0 -5.93652e-17 3.25582e-21)
(0 0 1.78517e-15)
(0 0 1.96013e-19)
(0 0 -1.79616e-15)
(-9.18257e-16 0 1.81142e-15)
(0 0 0)
(1.80573e-15 0 4.59129e-16)
(0 0 -1.83651e-15)
(0 0 -1.83651e-15)
(0 1.85611e-15 -4.59129e-16)
(0 0 -1.83651e-15)
(0 0 0)
(0 0 0)
(0 0 0)
(0 0 0)
(0 0 0)
(0 0 0)
(0 0 0)
(0 0 0)
(0 0 0)
(0 0 0)
(0 0 0)
(0 0 0)
(0 0 0)
(0 0 0)
(0 0 0)
(0 0 0)
(0 0 0)
(0 0 0)
(0 0 0)
(0 0 0)
(0 0 -1.49222e-16)
(0 0 0)
(1.85556e-15 0 -1.85611e-15)
(0 0 0)
(0 0 -2.05565e-20)
(1.85592e-15 0 -1.0919e-18)
(0 0 0)
(0 0 1.00576e-19)
(0 0 -1.49222e-16)
(0 0 7.99637e-19)
(1.85609e-15 0 1.85962e-20)
(0 0 0)
(0 0 5.22835e-19)
(1.85556e-15 0 1.81031e-18)
(0 0 0)
(0 0 0)
(0 0 6.69794e-15)
(0 0 -4.24823e-18)
(0 0 -5.55224e-19)
(1.85556e-15 0 -1.57605e-18)
(0 0 0)
(1.81719e-15 0 0)
(0 0 0)
(1.85611e-15 0 4.74524e-21)
(0 0 0)
(0 0 -1.08254e-14)
(0 0 3.73812e-18)
(0 0 7.04808e-15)
(0 0 3.71222e-15)
(0 0 0)
(1.85611e-15 0 -1.40859e-21)
(0 0 0)
(1.81719e-15 0 1.81719e-15)
(0 0 0)
(1.85611e-15 0 0)
(0 0 0)
(0 0 5.06368e-18)
(-7.55141e-17 0 5.78462e-17)
(0 0 3.07015e-16)
(0 0 -1.49402e-16)
(0 0 2.32014e-15)
(3.51432e-15 0 1.8172e-15)
(0 -7.31267e-17 1.85611e-15)
(0 -3.47676e-15 0)
(0 0 0)
(0 0 -1.58679e-16)
(0 0 0)
(-3.44198e-15 0 1.8172e-15)
(3.51432e-15 -3.71222e-15 1.81773e-15)
(3.71626e-23 4.81944e-17 -1.85611e-15)
(0 3.48157e-15 0)
(0 0 -1.06005e-14)
(0 0 0)
(0 0 -1.14472e-18)
(-3.44198e-15 0 1.85511e-15)
(3.51432e-15 0 1.36342e-15)
(0 0 0)
(0 0 2.78417e-15)
(0 -3.60422e-15 1.85611e-15)
(0 0 -2.11342e-16)
(0 0 0)
(3.52904e-15 3.60386e-15 2.78417e-15)
(0 0 2.89288e-20)
(0 0 -7.42445e-15)
(0 0 0)
(0 0 3.41135e-18)
(0 0 0)
(0 0 0)
(0 0 2.74628e-16)
(1.57625e-18 0 6.82347e-15)
(0 0 0)
(0 0 -7.42445e-15)
(0 0 -2.83397e-16)
(0 0 0)
(0 0 0)
(0 0 2.16044e-33)
(0 0 -6.76183e-15)
(0 0 0)
(0 0 7.42445e-15)
(0 0 -1.37698e-21)
(0 0 0)
(0 0 0)
(0 0 6.3785e-25)
(0 0 0)
(0 0 0)
(0 0 0)
(0 0 0)
(0 0 0)
(0 0 0)
(0 0 0)
(0 0 0)
(0 0 0)
(0 0 0)
(0 0 0)
(0 0 0)
(0 0 0)
(0 0 0)
(0 0 0)
(0 0 0)
(0 0 0)
(0 0 0)
(0 0 0)
(0 0 0)
(0 0 0)
(0 0 0)
(0 0 0)
(0 0 0)
(0 0 0)
(0 0 0)
(0 0 0)
(0 0 0)
(0 0 0)
(0 0 0)
(0 0 0)
(0 0 0)
(0 0 0)
(0 0 0)
(0 0 0)
(0 0 0)
(0 0 0)
(0 0 0)
(0 0 0)
(0 0 0)
(0 0 0)
(0 0 0)
(0 0 0)
(0 0 0)
(0 0 0)
(0 0 0)
(0 0 0)
(0 0 0)
(0 0 0)
(0 0 0)
(0 0 0)
(0 0 0)
(0 0 0)
(0 0 0)
(0 0 0)
(0 0 0)
(0 0 0)
(0 0 0)
(0 0 0)
(0 0 0)
(0 0 0)
(0 0 0)
(0 0 0)
(0 0 0)
(0 0 0)
(0 0 0)
(0 0 0)
(0 0 0)
(0 0 0)
(0 0 0)
(0 0 0)
(0 0 0)
(0 0 0)
(0 0 0)
(0 0 0)
(0 0 0)
(0 0 0)
(0 0 0)
(0 0 0)
(0 0 0)
(0 0 0)
(0 0 0)
(0 0 0)
(0 0 0)
(0 0 0)
(0 0 0)
(0 0 0)
(0 0 0)
(0 0 0)
(0 0 -3.07015e-16)
(0 0 0)
(0 0 0)
(0 0 0)
(0 0 0)
(0 0 0)
(0 0 0)
(0 0 0)
(0 0 0)
(0 0 3.85157e-18)
(0 0 1.7652e-18)
(0 0 0)
(0 0 0)
(0 0 -3.01981e-16)
(0 0 3.07015e-16)
(0 0 0)
(0 0 0)
(0 0 0)
(0 0 0)
(0 0 0)
(0 0 0)
(0 0 0)
(0 0 0)
(0 0 0)
(0 0 0)
(0 0 0)
(0 0 0)
(0 0 0)
(0 0 0)
(0 0 0)
(0 0 0)
(0 0 0)
(0 0 0)
(0 0 0)
(0 0 0)
(0 0 0)
(0 0 0)
(0 0 0)
(0 0 0)
(0 0 0)
(0 0 0)
(0 0 0)
(0 0 0)
(0 0 0)
(0 0 0)
(0 0 0)
(0 0 0)
(0 0 0)
(0 0 0)
(0 0 0)
(0 0 0)
(0 0 0)
(0 0 0)
(0 0 0)
(0 0 0)
(0 0 0)
(0 0 0)
(0 0 0)
(0 0 0)
(0 0 0)
(0 0 0)
(0 0 0)
(0 0 0)
(0 0 0)
(0 0 0)
(0 0 0)
(0 0 0)
(0 0 0)
(0 0 0)
(0 0 0)
(0 0 0)
(0 0 0)
(0 0 0)
(0 0 0)
(0 0 0)
(0 0 0)
(0 0 0)
(0 0 0)
(0 0 0)
(0 0 0)
(0 0 0)
(0 0 0)
(0 0 0)
(0 0 0)
(0 0 0)
(0 0 0)
(0 0 0)
(0 0 0)
(0 0 0)
(0 0 0)
(0 0 0)
(0 0 0)
(0 0 0)
(0 0 0)
(0 0 0)
(0 0 0)
(0 0 0)
(0 0 0)
(0 0 4.14589e-18)
(0 0 0)
(0 0 0)
(0 0 0)
(0 0 3.01991e-16)
(0 0 1.64415e-17)
(0 0 -3.07015e-16)
(0 0 0)
(0 0 0)
(0 0 0)
(0 0 0)
(0 0 3.30466e-18)
(0 0 0)
(0 0 0)
(0 0 3.84033e-18)
(0 0 1.41252e-16)
(0 0 3.55872e-15)
(0 0 0)
(0 0 -2.99869e-16)
(0 0 3.07015e-16)
(0 0 0)
(0 0 0)
(0 0 0)
(0 0 0)
(0 0 0)
(0 0 0)
(0 0 0)
(0 0 0)
(0 0 0)
(0 0 0)
(0 0 0)
(0 0 0)
(0 0 0)
(0 0 0)
(0 0 0)
(0 0 0)
(0 0 0)
(0 0 0)
(0 0 0)
(0 0 0)
(0 0 0)
(0 0 0)
(0 0 0)
(0 0 0)
(0 0 0)
(0 0 0)
(0 0 0)
(0 0 0)
(0 0 0)
(0 0 0)
(0 0 0)
(0 0 0)
(0 0 0)
(0 0 0)
(0 0 0)
(0 0 0)
(0 0 0)
(0 0 0)
(0 0 0)
(0 0 0)
(0 0 0)
(0 0 0)
(0 0 0)
(0 0 0)
(0 0 0)
(0 0 0)
(0 0 0)
(0 0 0)
(0 0 0)
(0 0 0)
(0 0 0)
(0 0 0)
(0 0 0)
(0 0 0)
(0 0 0)
(0 0 0)
(0 0 0)
(0 0 0)
(0 0 0)
(0 0 0)
(0 0 0)
(0 0 0)
(0 0 0)
(0 0 0)
(0 0 0)
(0 0 0)
(0 0 0)
(0 0 0)
(0 0 0)
(0 0 0)
(0 0 0)
(0 0 0)
(0 0 0)
(0 0 0)
(0 0 0)
(0 0 0)
(0 0 0)
(0 0 0)
(0 0 9.38276e-17)
(0 0 -3.41337e-15)
(0 0 3.55872e-15)
(0 0 0)
(0 0 2.9984e-16)
(0 0 1.14344e-17)
(0 0 -3.07015e-16)
(0 0 0)
(0 0 0)
(0 0 0)
(0 0 0)
(0 0 3.30466e-18)
(0 0 0)
(0 0 0)
(0 0 1.41231e-16)
(0 0 -3.4178e-15)
(0 0 3.55872e-15)
(0 0 0)
(0 0 -2.99866e-16)
(0 0 3.07015e-16)
(0 0 0)
(0 0 0)
(0 0 0)
(0 0 0)
(0 0 0)
(0 0 0)
(0 0 0)
(0 0 0)
(0 0 0)
(0 0 0)
(0 0 0)
(0 0 0)
(0 0 0)
(0 0 0)
(0 0 0)
(0 0 0)
(0 0 0)
(0 0 0)
(0 0 0)
(0 0 0)
(0 0 0)
(0 0 0)
(0 0 0)
(0 0 0)
(0 0 0)
(0 0 0)
(0 0 0)
(0 0 0)
(0 0 0)
(0 0 0)
(0 0 0)
(0 0 0)
(0 0 0)
(0 0 0)
(0 0 0)
(0 0 0)
(0 0 0)
(0 0 0)
(0 0 0)
(0 0 0)
(0 0 0)
(0 0 0)
(0 0 0)
(0 0 0)
(0 0 0)
(0 0 0)
(0 0 0)
(0 0 0)
(0 0 0)
(0 0 0)
(0 0 0)
(0 0 0)
(0 0 0)
(0 0 0)
(0 0 0)
(0 0 0)
(0 0 0)
(0 0 0)
(0 0 0)
(0 0 0)
(0 0 0)
(0 0 0)
(0 0 0)
(0 0 0)
(0 0 0)
(0 0 0)
(0 0 0)
(0 0 0)
(0 0 0)
(0 0 0)
(0 0 0)
(0 0 0)
(0 0 0)
(0 0 0)
(0 0 0)
(0 0 0)
(0 0 0)
(0 0 0)
(0 0 0)
(0 0 0)
(0 0 1.40765e-19)
(0 0 0)
(0 0 3.01981e-16)
(0 0 1.64957e-17)
(0 0 -3.07015e-16)
(0 0 0)
(0 0 0)
(0 0 0)
(0 0 0)
(0 0 3.30466e-18)
(0 0 0)
(0 0 0)
(0 0 -1.45908e-16)
(0 0 0)
(0 0 -1.68684e-18)
(0 0 0)
(0 0 0)
(0 0 3.07015e-16)
(0 0 0)
(0 0 0)
(0 0 0)
(0 0 0)
(0 0 0)
(0 0 0)
(0 0 0)
(0 0 0)
(0 0 3.61282e-20)
(0 0 3.71222e-15)
(0 0 0)
(0 0 7.76504e-38)
(0 0 0)
(0 0 0)
(0 0 5.09844e-36)
(0 0 3.41593e-15)
(0 0 0)
(0 0 -3.71222e-15)
(0 0 -6.82806e-15)
(0 0 0)
(0 0 7.42445e-15)
(0 0 8.44866e-27)
(0 0 2.75432e-16)
(0 0 0)
(0 0 0)
(0 0 6.82678e-15)
(0 0 1.63799e-17)
(0 0 5.20335e-16)
(0 0 0)
(0 0 0)
(0 0 -5.77878e-15)
(0 0 0)
(0 0 6.30747e-15)
(0 0 -5.27927e-16)
(0 0 2.43615e-16)
(0 0 0)
(0 0 0)
(0 0 -6.09391e-15)
(0 0 0)
(0 0 6.26822e-15)
(0 0 -2.61266e-16)
(0 0 0)
(0 0 0)
(0 0 0)
(0 0 0)
(0 0 0)
(0 0 -2.34459e-19)
(0 0 3.71222e-15)
(0 0 -3.46514e-18)
(0 0 1.4337e-16)
(0 0 0)
(0 0 -3.55872e-15)
(0 0 0)
(0 0 -3.01814e-16)
(0 0 3.55872e-15)
(0 0 3.74646e-18)
(0 0 0)
(0 0 0)
(0 0 0)
(0 0 2.88378e-16)
(0 0 1.15381e-17)
(0 0 -3.07015e-16)
(0 0 -1.14211e-18)
(0 0 5.10788e-18)
(0 0 0)
(0 0 -3.55872e-15)
(0 0 4.4741e-16)
(0 0 -8.48584e-17)
(0 0 3.57135e-15)
(0 0 -9.37085e-19)
(0 0 0)
(0 0 0)
(0 0 -7.7094e-18)
(0 0 0)
(0 0 0)
(0 0 -2.86283e-16)
(0 0 0)
(0 0 -7.42445e-15)
(0 0 1.49388e-16)
(0 0 0)
(0 0 1.5892e-16)
(0 0 0)
(0 0 0)
(0 0 2.04195e-18)
(0 0 -1.53508e-16)
(0 0 0)
(0 0 -3.71222e-15)
(0 0 0)
(0 0 0)
(0 0 3.71222e-15)
(0 0 0)
(0 0 0)
(0 0 1.01339e-19)
(0 0 0)
(0 0 3.0389e-16)
(0 0 1.17835e-17)
(0 0 -3.07015e-16)
(0 0 -3.42022e-15)
(0 0 0)
(0 0 -1.49222e-16)
(0 0 -3.55872e-15)
(0 0 0)
(0 0 -9.38303e-17)
(0 0 3.71222e-15)
(0 0 -2.83778e-16)
(0 0 0)
(0 0 0)
(0 0 4.14684e-16)
(0 0 0)
(0 0 0)
(0 0 3.01075e-16)
(0 0 -1.34658e-16)
(0 0 0)
(0 0 7.15567e-15)
(0 0 0)
(0 0 0)
(0 0 2.92465e-16)
(0 0 3.66309e-19)
(0 0 0)
(0 0 0)
(0 0 1.54317e-16)
(0 0 -7.12239e-15)
(0 0 0)
(0 0 7.42445e-15)
(0 0 -8.57148e-18)
(0 0 0)
(0 0 0)
(0 0 -3.56729e-15)
(0 0 0)
(0 0 3.71222e-15)
(0 0 -3.07015e-16)
(0 0 6.55269e-15)
(0 0 0)
(0 0 0)
(0 0 -2.59394e-16)
(0 0 -7.42445e-15)
(0 0 8.8604e-19)
(0 0 -3.09921e-18)
(3.2318e-20 0 -4.17755e-18)
(0 0 0)
(0 0 0)
(0 0 -3.04746e-16)
(0 0 6.44275e-15)
(0 0 0)
(0 0 -7.42445e-15)
(0 0 0)
(0 0 0)
(0 0 0)
(0 0 0)
(0 0 0)
(0 0 0)
(0 0 0)
(0 0 -8.23706e-18)
(0 0 0)
(0 0 0)
(0 0 -1.48748e-16)
(0 0 0)
(0 0 0)
(0 0 0)
(0 0 0)
(0 0 -4.27041e-16)
(0 0 6.89584e-15)
(0 0 1.05269e-14)
(0 0 2.95603e-16)
(0 0 -1.45109e-16)
(0 0 -7.34893e-15)
(0 0 0)
(0 0 -6.74332e-15)
(0 0 -6.66478e-18)
(0 0 3.71222e-15)
(0 0 3.05397e-16)
(0 0 -3.71222e-15)
(0 0 0)
(0 0 -6.83492e-15)
(0 0 0)
(0 0 7.34893e-15)
(0 0 -5.90376e-15)
(0 0 7.42445e-15)
(0 0 6.56027e-15)
(0 0 -6.28658e-15)
(0 1.85611e-15 3.65364e-15)
(0 1.85611e-15 3.65364e-15)
(0 -3.66526e-15 9.28056e-16)
(0 0 0)
(0 1.85611e-15 -3.63439e-15)
(0 0 0)
(0 0 0)
(0 1.85611e-15 -3.63439e-15)
(0 0 0)
(0 0 0)
(0 1.85611e-15 0)
(0 0 1.06326e-17)
(0 0 3.886e-17)
(0 0 1.49224e-16)
(0 0 0)
(0 3.5894e-15 2.78417e-15)
(0 0 0)
(0 0 0)
(0 0 0)
(0 0 0)
(0 0 0)
(0 0 0)
(0 0 0)
(0 0 0)
(0 0 0)
(0 0 0)
(0 0 0)
(0 0 0)
(0 0 0)
(0 0 0)
(0 0 0)
(0 0 0)
(0 0 0)
(0 0 0)
(0 0 0)
(0 0 0)
(0 0 0)
(0 0 0)
(0 0 0)
(0 0 0)
(0 0 0)
(0 0 0)
(0 0 0)
(0 0 0)
(0 0 0)
(0 0 0)
(0 0 0)
(0 0 0)
(0 0 0)
(0 0 0)
(0 0 0)
(0 0 0)
(0 0 0)
(0 0 2.86612e-16)
(0 0 0)
(0 0 -8.21945e-18)
(0 0 3.43353e-15)
(0 0 -2.95001e-16)
(0 0 -3.57148e-15)
(0 0 2.68263e-16)
(0 0 -6.82806e-15)
(0 0 7.42445e-15)
(0 0 0)
(0 0 3.55882e-15)
(0 0 -3.71222e-15)
(0 0 0)
(0 0 0)
(0 0 -1.67167e-20)
(9.40047e-17 0 -1.01271e-18)
(1.85611e-15 0 1.78828e-15)
(1.85611e-15 0 -3.60152e-17)
(0 0 3.89183e-17)
(3.63439e-15 0 -7.17538e-17)
(0 0 -1.38316e-18)
(0 1.85611e-15 -3.48566e-15)
(0 1.53253e-17 5.6909e-23)
(0 6.90015e-20 0)
(0 1.85611e-15 -7.28095e-23)
(0 0 0)
(0 7.78366e-17 7.92281e-19)
(0 0 6.72873e-21)
(0 1.85611e-15 2.53734e-34)
(0 0 0)
(0 0 0)
(0 3.71222e-15 5.6024e-17)
(0 7.78366e-17 1.55843e-18)
(0 0 7.87488e-19)
(0 0 2.80068e-20)
(0 1.85611e-15 8.41556e-26)
(0 0 0)
(0 0 0)
(0 3.71222e-15 5.60425e-17)
(0 7.78366e-17 2.57019e-18)
(0 0 7.87695e-19)
(0 0 3.36039e-20)
(0 2.78417e-15 -3.60181e-17)
(0 0 0)
(0 0 0)
(0 3.71222e-15 1.26631e-16)
(0 3.63439e-15 3.41722e-15)
(0 0 2.82522e-18)
(0 0 7.30204e-17)
(0 5.99305e-17 0)
(0 2.60627e-31 2.94778e-21)
(0 0 5.22562e-19)
(0 0 3.71194e-17)
(0 0 -1.75788e-15)
(0 6.66015e-31 0)
(0 5.0128e-29 0)
(0 0 -7.32644e-17)
(0 0 2.16238e-22)
(0 0 2.86929e-22)
(0 1.76816e-28 0)
(0 4.23883e-26 0)
(0 2.09561e-26 0)
(0 3.01327e-24 0)
(0 0 6.28888e-21)
(0 0 9.89577e-22)
(0 0 1.02616e-18)
(0 7.33634e-24 0)
(0 1.019e-21 0)
(0 8.98555e-22 0)
(0 8.62522e-20 0)
(0 0 3.60225e-17)
(0 0 -2.10083e-21)
(0 0 1.83829e-22)
(0 -1.37919e-19 0)
(0 -2.91004e-21 0)
(0 -3.06106e-17 0)
(0 -4.3069e-19 0)
(0 0 0)
(0 0 7.42445e-15)
(0 0 0)
(0 0 -7.42445e-15)
(0 0 -7.42445e-15)
(0 0 0)
(0 0 0)
(0 0 0)
(0 0 7.12083e-15)
(0 0 -7.42445e-15)
(0 0 0)
(0 0 7.42445e-15)
(0 0 0)
(0 0 0)
(0 0 0)
(0 0 7.42445e-15)
(0 0 0)
(0 0 -7.42445e-15)
(0 0 2.98621e-16)
(0 0 -7.34893e-15)
(0 0 0)
(0 0 0)
(0 0 7.12083e-15)
(0 0 -7.42445e-15)
(0 0 0)
(0 0 7.42445e-15)
(0 0 0)
(0 0 0)
(0 0 0)
(0 0 7.42445e-15)
(0 0 0)
(0 0 -7.42445e-15)
(0 0 2.98621e-16)
(0 0 -7.34893e-15)
(0 0 0)
(0 0 0)
(0 0 7.12083e-15)
(0 0 -7.42445e-15)
(0 0 0)
(0 0 7.42445e-15)
(0 0 0)
(0 0 0)
(0 0 0)
(0 0 7.42445e-15)
(0 0 0)
(0 0 -7.42445e-15)
(0 0 2.98621e-16)
(0 0 -7.34893e-15)
(0 0 0)
(0 0 0)
(0 0 7.12083e-15)
(0 0 -7.42445e-15)
(0 0 0)
(0 0 7.42445e-15)
(0 0 0)
(0 0 0)
(0 0 3.2809e-38)
(0 0 0)
(0 0 0)
(0 0 1.8298e-38)
(0 0 0)
(0 0 7.81048e-41)
(0 0 3.65211e-36)
(0 0 1.10225e-35)
(0 0 0)
(0 0 0)
(0 0 2.25586e-31)
(0 0 0)
(0 0 1.80443e-33)
(0 0 9.95704e-34)
(0 0 1.25929e-28)
(0 0 0)
(0 0 0)
(0 0 5.45624e-29)
(0 0 0)
(0 0 5.46801e-31)
(0 0 4.38315e-27)
(0 0 1.59723e-26)
(0 0 0)
(0 0 0)
(0 0 2.1348e-23)
(0 0 0)
(0 0 1.27868e-24)
(0 0 6.55218e-25)
(0 0 7.19706e-17)
(0 0 -3.41774e-15)
(0 0 0)
(0 0 -1.55422e-19)
(0 0 0)
(0 0 0)
(0 0 6.74028e-19)
(0 0 4.25304e-20)
(0 0 0)
(0 0 0)
(0 0 -1.49263e-21)
(0 0 0)
(0 0 5.20005e-23)
(0 0 -6.47422e-19)
(0 0 -1.54533e-17)
(0 0 0)
(0 0 0)
(0 0 -6.30982e-15)
(0 0 0)
(0 0 -2.75147e-16)
(0 0 -2.75147e-16)
(0 0 1.43947e-23)
(3.10376e-17 0 6.42155e-29)
(1.85611e-15 0 1.75518e-15)
(1.81719e-15 0 -1.73352e-15)
(0 0 0)
(0 0 2.58985e-26)
(0 0 3.86376e-28)
(0 0 -2.58209e-19)
(0 0 3.79815e-17)
(0 0 1.81734e-15)
(0 0 -3.68153e-17)
(-6.00226e-17 0 9.97619e-18)
(0 0 1.03656e-17)
(0 0 9.97544e-18)
(0 0 -1.72114e-15)
(0 0 5.0975e-20)
(0 0 5.49598e-20)
(0 0 6.00566e-18)
(0 0 9.77915e-18)
(0 0 9.63205e-18)
(0 0 7.39953e-18)
(0 0 3.69663e-19)
(0 0 1.94994e-19)
(0 0 3.68598e-17)
(0 0 2.91887e-17)
(0 0 2.88833e-17)
(0 0 2.86438e-17)
(0 0 2.83874e-17)
(0 0 1.71955e-15)
(0 0 -1.98837e-19)
(0 0 4.63858e-20)
(0 0 -2.55341e-17)
(0 0 -2.91887e-17)
(0 0 -2.91887e-17)
(0 0 -2.91887e-17)
(0 0 -1.37938e-16)
(0 0 7.5671e-17)
(0 0 7.11743e-15)
(0 0 3.16104e-15)
(0 0 2.84379e-16)
(0 0 2.07446e-16)
(0 0 1.33828e-16)
(0 0 7.11022e-17)
(0 0 -1.50653e-16)
(0 0 0)
(0 0 -3.60969e-15)
(0 0 0)
(0 0 0)
(0 0 0)
(0 0 0)
(0 0 -3.40689e-20)
(0 0 -4.58688e-22)
(0 0 0)
(0 0 0)
(0 0 0)
(0 0 0)
(0 0 0)
(0 0 0)
(0 0 -4.04658e-18)
(0 0 -3.41844e-20)
(0 0 -1.43815e-16)
(0 0 0)
(0 0 0)
(0 0 0)
(0 1.49992e-59 0)
(0 2.16239e-62 0)
(0 0 -3.54403e-15)
(0 0 -1.85611e-15)
(0 5.57142e-57 0)
(0 5.55809e-60 0)
(0 0 1.85611e-15)
(0 6.61697e-54 0)
(0 6.41203e-57 0)
(0 0 -3.54563e-15)
(0 0 -1.85611e-15)
(0 2.06361e-51 0)
(0 2.3821e-54 0)
(0 0 1.85611e-15)
(0 1.34461e-48 0)
(0 1.08234e-51 0)
(0 0 -3.54565e-15)
(0 0 -1.85611e-15)
(0 8.79351e-47 0)
(0 2.12023e-50 0)
(0 0 1.85611e-15)
(0 3.52073e-44 0)
(0 4.23324e-47 0)
(0 0 -3.54027e-15)
(0 0 -1.85611e-15)
(0 0 0)
(0 0 0)
(0 0 1.85611e-15)
(0 0 0)
(0 0 0)
(0 0 -3.35624e-15)
(0 0 -6.10712e-17)
(0 0 -7.17507e-17)
(0 0 -1.88379e-18)
(0 0 0)
(0 0 0)
(0 0 0)
(0 0 0)
(0 0 0)
(0 0 0)
(0 0 0)
(0 0 0)
(0 0 0)
(0 0 0)
(0 0 0)
(0 0 0)
(0 0 1.31263e-19)
(0 0 0)
(0 0 0)
(0 0 0)
(0 0 0)
(0 0 0)
(0 0 0)
(0 0 0)
(0 0 1.84043e-15)
(0 0 0)
(0 0 0)
(0 0 1.88999e-17)
(0 0 3.25587e-21)
(0 0 -2.75607e-25)
(0 0 0)
(0 0 0)
(0 0 0)
(0 0 0)
(0 0 0)
(0 0 0)
(0 0 0)
(0 0 0)
(0 0 0)
(0 0 0)
(0 0 0)
(0 0 0)
(0 0 0)
(0 0 0)
(0 0 0)
(0 0 0)
(0 0 0)
(0 0 0)
(0 0 0)
(0 0 0)
(0 0 0)
(0 0 0)
(0 0 0)
(0 0 0)
(0 0 0)
(0 0 0)
(0 0 0)
(0 0 0)
(0 0 0)
(0 0 0)
(0 0 0)
(0 0 0)
(1.85611e-15 -9.16135e-16 0)
(-1.85113e-15 0 0)
(0 0 0)
(0 0 0)
(-1.38104e-15 -9.28056e-16 -9.28056e-16)
(0 0 0)
(0 0 -1.85611e-15)
(0 0 0)
(0 -2.86725e-22 0)
(0 0 6.44275e-15)
(1.81719e-15 0 0)
(1.85611e-15 -9.16135e-16 -9.92575e-22)
(-1.85121e-15 0 0)
(0 0 0)
(0 0 0)
(-1.39208e-15 -9.18257e-16 -4.7392e-18)
(0 0 0)
(0 0 -1.74611e-15)
(0 0 0)
(0 -2.82505e-22 0)
(0 0 7.42445e-15)
(1.81719e-15 0 5.54344e-17)
(6.26643e-30 -9.16135e-16 -6.63268e-24)
(0 -9.16135e-16 0)
(-1.8511e-15 0 0)
(0 0 0)
(0 0 0)
(-1.38104e-15 -9.28056e-16 4.87335e-18)
(0 0 0)
(0 0 -1.81741e-15)
(0 0 0)
(0 -2.85906e-22 0)
(0 0 7.42445e-15)
(1.81719e-15 0 -3.9897e-17)
(1.85611e-15 -9.16068e-16 7.06666e-22)
(0 -9.16135e-16 -2.93365e-22)
(-1.83557e-15 0 0)
(0 0 0)
(0 0 0)
(0 0 0)
(-1.38104e-15 -9.28056e-16 -4.7381e-18)
(0 0 0)
(0 0 -1.784e-15)
(0 0 -1.78243e-15)
(0 0 0)
(0 -3.33939e-22 0)
(0 0 7.42445e-15)
(0 0 7.42445e-15)
(0 0 2.16491e-25)
(0 -1.84041e-15 0)
(0 0 0)
(0 0 0)
(0 -9.10582e-16 9.27994e-16)
(0 9.20658e-16 -2.32014e-16)
(0 -9.28056e-16 1.75201e-24)
(0 0 0)
(0 -1.03365e-18 -1.67543e-17)
(0 0 -1.85611e-15)
(0 0 -1.85611e-15)
(0 0 0)
(0 1.08158e-19 6.54431e-27)
(0 0 7.42445e-15)
(0 0 0)
(0 0 0)
(0 0 0)
(0 0 0)
(0 0 0)
(0 -1.84041e-15 9.28056e-16)
(0 -1.84041e-15 0)
(0 0 0)
(0 -5.71304e-22 4.59286e-16)
(0 1.86993e-17 1.39208e-15)
(0 1.79223e-15 -1.39208e-15)
(0 1.80571e-15 -6.96042e-16)
(0 1.91313e-17 0)
(0 0 0)
(0 0 0)
(0 0 0)
(0 0 0)
(0 0 0)
(0 0 0)
(0 0 0)
(0 0 0)
(0 -7.48163e-25 0)
(0 -1.90473e-17 0)
(0 -1.80227e-15 0)
(0 -1.89725e-17 0)
(0 -6.68231e-20 0)
(0 -2.04443e-27 0)
(0 -2.64995e-36 0)
(0 -2.34462e-39 0)
(0 -2.13237e-42 0)
(0 -1.13921e-45 0)
(0 0 0)
(0 0 0)
(0 0 0)
(0 0 0)
(0 -2.72659e-15 -3.71222e-15)
(0 0 1.71016e-15)
(0 0 0)
(0 0 -3.084e-16)
(0 -1.8172e-15 3.51066e-15)
(0 0 0)
(0 0 0)
(0 0 -3.71222e-15)
(0 0 -7.11743e-15)
(0 0 6.82987e-15)
(1.81719e-15 0 -1.43865e-18)
(0 0 -3.55872e-15)
(0 0 8.43313e-21)
(0 0 0)
(0 0 0)
(0 0 -1.11367e-14)
(0 0 -7.11743e-15)
(0 0 7.20417e-15)
(1.81719e-15 0 3.67969e-17)
(0 0 0)
(0 0 -3.71222e-15)
(0 0 1.8177e-15)
(0 0 0)
(0 0 2.90569e-16)
(0 0 0)
(0 0 1.57575e-17)
(0 0 0)
(0 -2.72659e-15 -3.48692e-15)
(0 0 1.71016e-15)
(0 0 0)
(0 0 -3.084e-16)
(0 -3.55873e-15 3.55872e-15)
(0 0 0)
(0 0 -6.82721e-15)
(0 0 0)
(0 0 -1.11367e-14)
(0 0 -7.11956e-15)
(0 0 0)
(0 0 0)
(0 9.16135e-16 1.76972e-15)
(0 0 9.42118e-20)
(0 0 7.32903e-15)
(0 0 1.40543e-16)
(0 0 0)
(0 0 0)
(0 0 -3.71222e-15)
(0 0 1.71027e-15)
(0 0 2.93588e-19)
(0 0 -4.7391e-18)
(0 0 -8.42643e-18)
(0 0 0)
(0 0 0)
(0 -3.55975e-15 -3.55952e-15)
(0 0 1.74237e-15)
(0 0 -1.48054e-17)
(0 0 -1.24217e-18)
(0 -3.55875e-15 3.59654e-15)
(0 0 0)
(0 0 -9.52653e-17)
(0 0 -7.11743e-15)
(0 0 0)
(0 0 -7.42445e-15)
(0 0 -3.07015e-16)
(0 0 -7.42445e-15)
(0 0 7.10439e-15)
(-3.66454e-15 -7.40012e-17 2.74627e-15)
(0 0 2.90022e-17)
(0 0 -7.42445e-15)
(0 0 0)
(0 0 1.9845e-18)
(3.81639e-17 0 0)
(0 0 0)
(1.85611e-15 -2.66982e-15 1.80835e-15)
(0 0 1.74238e-15)
(0 0 -3.54244e-17)
(0 0 0)
(1.85611e-15 -1.77936e-15 -1.71657e-15)
(0 0 -6.53092e-15)
(0 0 0)
(0 0 -3.07015e-16)
(0 0 -6.82721e-15)
(0 0 0)
(0 0 0)
(0 0 -7.11743e-15)
(0 0 0)
(0 0 0)
(0 0 -6.82312e-15)
(0 0 0)
(0 0 0)
(0 0 1.93354e-17)
(0 -1.83217e-15 3.78054e-17)
(0 9.28056e-16 9.23139e-16)
(0 -7.24927e-24 5.64021e-17)
(0 0 1.90825e-17)
(0 -3.7231e-26 3.88063e-17)
(0 -3.13023e-28 3.26488e-19)
(0 0 0)
(0 1.92558e-17 0)
(0 -1.09364e-18 0)
(0 0 1.11942e-19)
(0 0 6.7206e-19)
(0 0 2.13765e-19)
(0 0 3.74917e-17)
(0 0 0)
(0 -7.28051e-17 -9.28056e-16)
(0 -3.52106e-15 1.81719e-15)
(0 0 3.2919e-17)
(0 0 4.08707e-19)
(0 0 1.78515e-15)
(0 0 3.71719e-17)
(0 0 -7.11743e-15)
(0 0 -6.84471e-15)
(0 0 0)
(0 0 3.35808e-15)
(0 0 0)
(0 0 3.68937e-18)
(0 0 0)
(0 0 0)
(0 0 0)
(0 -1.78014e-57 0)
(0 0 0)
(0 0 0)
(0 -1.3472e-54 0)
(0 0 -7.42445e-15)
(0 0 0)
(0 0 0)
(0 0 2.98279e-16)
(0 -6.14735e-49 0)
(0 0 -7.42445e-15)
(0 -9.44717e-52 0)
(0 0 7.41588e-15)
(0 0 0)
(0 0 0)
(0 0 3.99549e-18)
(0 0 2.90474e-16)
(0 0 0)
(0 0 7.11743e-15)
(0 0 0)
(0 0 0)
(0 0 0)
(0 0 0)
(0 0 0)
(0 0 -6.74481e-15)
(0 0 0)
(0 0 0)
(0 0 3.35808e-15)
(0 0 0)
(0 0 3.31297e-18)
(0 0 1.0055e-18)
(0 0 9.93227e-19)
(0 0 0)
(0 0 4.03629e-18)
(0 0 0)
(0 0 0)
(0 0 6.14069e-15)
(0 0 1.11367e-14)
(0 0 2.80161e-16)
(0 0 0)
(0 0 -7.34893e-15)
(0 0 2.94335e-16)
(0 0 -4.42762e-20)
(0 0 7.26508e-15)
(0 0 6.94871e-20)
(0 -1.24218e-36 0)
(0 0 -3.07015e-16)
(0 0 3.49989e-15)
(0 0 -3.42232e-18)
(0 -4.61354e-34 0)
(0 0 1.18733e-17)
(0 0 0)
(0 0 -7.42445e-15)
(0 -1.59413e-29 0)
(0 0 7.42445e-15)
(0 1.22109e-31 0)
(0 0 0)
(0 0 0)
(0 0 0)
(0 0 3.64779e-18)
(0 -4.77027e-29 0)
(0 0 0)
(0 -1.65334e-31 0)
(0 0 0)
(0 0 0)
(0 0 0)
(0 -2.13875e-35 0)
(0 0 0)
(0 0 0)
(0 0 0)
(0 -8.23106e-33 0)
(0 0 -7.42445e-15)
(0 0 0)
(0 0 2.98622e-16)
(0 -8.35891e-28 0)
(0 0 -7.42445e-15)
(0 -2.79458e-30 0)
(0 0 7.42445e-15)
(0 0 0)
(0 0 0)
(0 0 0)
(0 0 2.94754e-16)
(0 0 2.94164e-16)
(0 0 0)
(0 0 0)
(0 0 4.08139e-18)
(0 0 0)
(0 0 0)
(0 0 -2.66413e-16)
(0 0 0)
(0 0 0)
(0 0 9.97439e-15)
(0 0 0)
(0 0 4.2763e-16)
(0 0 -6.6898e-15)
(0 0 2.98705e-16)
(0 0 0)
(0 0 7.42445e-15)
(0 0 -1.52806e-19)
(0 9.50235e-24 0)
(0 0 3.55872e-15)
(0 0 -3.08413e-16)
(0 -5.62603e-48 6.94265e-21)
(0 1.7984e-21 0)
(0 0 -3.41749e-15)
(0 -8.78773e-26 2.03295e-18)
(0 -5.93348e-17 2.81916e-27)
(0 0 1.37432e-16)
(0 0 2.98577e-16)
(0 0 5.42202e-18)
(0 0 0)
(0 0 2.72752e-16)
(0 2.9349e-17 3.97974e-18)
(0 0 3.41754e-15)
(0 2.63851e-19 0)
(0 0 0)
(0 0 1.41256e-16)
(0 0 0)
(0 -1.29125e-26 0)
(0 0 -7.11743e-15)
(0 0 0)
(0 0 -2.87044e-16)
(0 -2.87779e-23 0)
(0 0 7.42445e-15)
(0 0 0)
(0 -1.33238e-26 0)
(0 0 0)
(0 0 3.49989e-15)
(0 0 0)
(0 -2.82292e-24 0)
(0 0 0)
(0 0 0)
(0 0 -2.55758e-16)
(0 8.52758e-19 1.66557e-20)
(0 0 -3.08751e-16)
(0 -2.42721e-21 0)
(0 0 -6.53698e-15)
(0 0 1.76649e-18)
(0 0 0)
(0 0 3.35742e-18)
(0 -3.01083e-20 -7.06001e-20)
(0 0 -3.03641e-16)
(0 -5.61264e-22 0)
(0 0 0)
(0 0 -3.37577e-18)
(0 0 0)
(0 -2.21322e-25 0)
(0 0 6.36723e-15)
(0 0 0)
(0 0 2.1495e-16)
(0 -5.05269e-23 0)
(0 0 -7.42445e-15)
(0 0 0)
(0 0 2.98623e-16)
(0 -1.35725e-18 -2.17957e-22)
(0 0 -2.95678e-16)
(0 -9.29821e-21 0)
(0 0 7.42445e-15)
(0 0 9.32482e-19)
(0 0 0)
(0 0 -7.42445e-15)
(0 0 1.4418e-16)
(0 0 0)
(0 0 2.09541e-21)
(0 0 6.84265e-15)
(0 0 0)
(0 0 0)
(0 0 0)
(0 0 0)
(0 0 0)
(0 0 5.49963e-16)
(0 0 -7.42445e-15)
(0 0 7.11743e-15)
(0 0 4.0302e-18)
(0 0 -7.42445e-15)
(0 0 0)
(0 0 2.98747e-16)
(0 0 -7.42445e-15)
(0 0 7.42445e-15)
(0 0 6.56602e-15)
(0 0 -4.49997e-17)
(0 0 0)
(0 0 -2.09297e-16)
(0 0 -7.12981e-15)
(0 0 7.05087e-17)
(0 0 3.39627e-19)
(0 0 0)
(0 0 0)
(0 0 0)
(0 0 0)
(0 0 3.42165e-15)
(0 0 1.45284e-16)
(0 0 1.45284e-16)
(0 0 0)
(0 0 0)
(0 0 -7.18909e-15)
(0 0 -2.28781e-18)
(0 0 1.04628e-14)
(0 0 0)
(0 0 -3.71222e-15)
(0 0 4.49653e-16)
(0 0 0)
(0 7.07876e-39 -1.85611e-15)
(0 8.31381e-42 1.85611e-15)
(0 0 0)
(0 0 0)
(0 4.18277e-44 0)
(0 2.82307e-48 0)
(0 0 0)
(0 -5.66095e-17 0)
(0 -3.20261e-19 0)
(0 0 0)
(0 0 0)
(0 -6.28224e-19 0)
(0 -3.75485e-21 0)
(0 0 0)
(0 -5.51996e-17 0)
(0 -3.14266e-19 0)
(0 0 -5.06895e-19)
(0 0 0)
(0 -6.3492e-19 0)
(0 -3.78669e-21 0)
(0 0 0)
(0 0 0)
(0 0 0)
(0 0 0)
(0 0 0)
(0 0 0)
(0 0 0)
(0 0 -1.85611e-15)
(0 0 1.85611e-15)
(0 0 0)
(0 0 0)
(0 0 0)
(0 0 0)
(0 0 0)
(0 -5.59883e-17 0)
(0 -3.17624e-19 0)
(0 0 0)
(0 0 0)
(0 -8.37631e-19 0)
(0 -5.00647e-21 0)
(0 0 0)
(0 0 0)
(0 0 0)
(0 0 -9.45563e-23)
(0 0 7.32921e-19)
(0 0 -4.7247e-20)
(0 0 3.69045e-17)
(0 0 0)
(0 0 0)
(0 0 0)
(0 0 3.60702e-17)
(0 0 -3.62806e-17)
(0 0 1.74308e-15)
(0 0 -1.74308e-15)
(0 0 0)
(0 -7.35994e-17 0)
(0 -4.19021e-19 0)
(0 0 -2.07653e-19)
(0 0 0)
(0 -8.37136e-19 0)
(0 -5.0533e-21 0)
(0 -3.73199e-46 0)
(0 0 6.97135e-15)
(0 0 0)
(0 0 0)
(0 -2.09023e-43 0)
(0 0 -7.42445e-15)
(0 0 0)
(0 0 2.90269e-16)
(0 -5.00119e-38 0)
(0 0 0)
(0 -1.07142e-40 0)
(0 0 7.11743e-15)
(0 0 0)
(0 0 0)
(0 0 0)
(0 6.18479e-41 0)
(0 6.97089e-45 0)
(0 0 3.55527e-17)
(0 0 -3.62915e-17)
(0 0 1.70679e-15)
(0 0 -1.74359e-15)
(0 0 0)
(0 -7.35419e-17 0)
(0 -4.20884e-19 0)
(0 0 1.73879e-21)
(0 0 7.37244e-24)
(0 0 7.37243e-24)
(0 0 5.17846e-26)
(-3.40784e-19 7.07428e-26 -3.71218e-15)
(0 -1.83715e-15 -2.29565e-16)
(0 0 3.4876e-15)
(4.42216e-21 0 9.31824e-21)
(1.17276e-18 -6.24346e-17 0)
(-6.01978e-17 -3.7147e-21 0)
(6.01053e-17 6.10783e-17 0)
(0 -4.94702e-23 -9.12386e-18)
(0 0 -6.7162e-18)
(0 0 -3.52347e-21)
(-3.87987e-20 0 3.44369e-26)
(0 0 9.62187e-18)
(0 0 0)
(0 0 -9.68924e-18)
(0 0 0)
(0 0 0)
(0 0 0)
(0 0 0)
(0 0 0)
(0 0 1.01871e-39)
(0 -7.72135e-18 6.89141e-26)
(0 0 0)
(0 0 0)
(0 0 0)
(0 0 0)
(0 0 0)
(0 0 0)
(0 0 0)
(0 0 0)
(1.85611e-15 -9.09397e-16 9.27947e-16)
(-1.83651e-15 -9.16135e-16 9.28054e-16)
(0 0 0)
(0 0 0)
(0 0 -1.85611e-15)
(0 0 5.98022e-15)
(1.85611e-15 -9.05781e-16 3.0672e-19)
(-1.83651e-15 -9.16135e-16 8.72297e-23)
(0 0 0)
(0 0 0)
(0 0 -1.74177e-15)
(0 0 -1.784e-15)
(0 0 7.42445e-15)
(1.85611e-15 -9.09821e-16 4.08938e-20)
(0 0 0)
(0 0 0)
(0 0 -1.74154e-15)
(0 0 -1.74657e-15)
(0 0 7.42445e-15)
(0 -9.06652e-16 -5.30373e-20)
(0 0 0)
(0 0 -1.7062e-15)
(0 0 4.16218e-23)
(0 -9.0715e-18 9.19081e-16)
(0 0 0)
(0 0 0)
(0 -1.12405e-19 4.69988e-16)
(0 0 0)
(0 0 0)
(0 -4.51392e-22 0)
(0 0 0)
(0 0 0)
(0 0 0)
(0 0 0)
(0 0 0)
(0 0 0)
(0 0 0)
(0 0 0)
(0 0 0)
(0 0 0)
(0 -5.95972e-25 0)
(0 0 0)
(0 0 0)
(0 0 0)
(0 0 0)
(0 0 0)
(0 0 0)
(0 0 0)
(0 0 0)
(0 0 0)
(0 0 0)
(0 -6.51757e-28 0)
(0 -1.91174e-30 0)
(0 -1.95963e-33 0)
(0 -1.77999e-36 0)
(0 -1.44842e-39 0)
(0 -1.06554e-42 0)
(0 0 0)
(0 0 0)
(0 0 0)
(0 0 0)
(0 0 0)
(0 0 0)
(0 0 0)
(0 0 0)
(0 0 0)
(0 0 0)
(0 -6.10869e-31 0)
(0 -1.56626e-33 0)
(0 -1.42513e-36 0)
(0 -1.16128e-39 0)
(0 -8.54709e-43 0)
(0 -5.72472e-46 0)
(0 0 -3.8912e-17)
(0 0 0)
(0 0 1.83743e-15)
(0 0 0)
(0 0 0)
(0 0 0)
(0 0 -5.90376e-15)
(0 0 1.71023e-15)
(0 0 0)
(0 0 2.94431e-16)
(0 0 0)
(0 0 -7.11743e-15)
(0 0 -7.11743e-15)
(0 0 3.26193e-19)
(0 0 0)
(0 0 1.70545e-15)
(0 0 0)
(0 0 0)
(0 0 0)
(0 0 0)
(0 0 1.71073e-15)
(0 0 3.60768e-17)
(0 0 2.94431e-16)
(0 0 7.42445e-15)
(0 0 -7.11743e-15)
(0 0 -7.11743e-15)
(0 0 3.28858e-19)
(0 0 0)
(0 0 1.67044e-15)
(0 0 3.53117e-17)
(0 0 0)
(0 0 0)
(0 0 7.42445e-15)
(0 0 0)
(0 0 -7.42445e-15)
(0 0 0)
(0 0 0)
(0 0 -6.41155e-15)
(0 0 -4.0726e-18)
(0 0 -7.11743e-15)
(0 0 0)
(0 0 0)
(0 0 -6.41155e-15)
(0 0 -4.0726e-18)
(0 0 -7.34893e-15)
(0 0 2.51204e-16)
(0 0 6.99167e-15)
(0 0 -6.54494e-15)
(0 0 6.95761e-15)
(0 -9.10644e-25 1.85564e-15)
(0 0 0)
(0 0 0)
(0 0 0)
(0 0 -3.07681e-16)
(0 0 0)
(0 0 -3.41373e-15)
(0 0 0)
(0 0 2.0697e-18)
(0 0 -3.61685e-18)
(0 0 5.20499e-20)
(0 0 2.07624e-18)
(0 0 0)
(0 0 2.72752e-16)
(0 0 0)
(0 0 0)
(0 0 0)
(0 0 0)
(0 0 0)
(0 0 0)
(0 0 0)
(0 0 0)
(0 0 0)
(0 0 0)
(0 0 7.42445e-15)
(0 0 0)
(0 0 0)
(0 0 0)
(0 0 0)
(0 0 0)
(0 0 0)
(0 0 -2.55758e-16)
(0 0 0)
(0 0 7.42445e-15)
(0 0 0)
(0 0 -6.53698e-15)
(0 0 0)
(0 0 0)
(0 0 0)
(0 0 0)
(0 0 0)
(0 0 -2.98577e-16)
(0 0 -7.42445e-15)
(0 0 1.4509e-16)
(0 0 -2.90439e-16)
(0 0 7.42439e-15)
(0 0 6.84265e-15)
(0 0 0)
(0 0 0)
(0 0 6.44275e-15)
(0 0 0)
(0 0 5.49963e-16)
(0 0 0)
(0 0 7.11743e-15)
(0 0 0)
(0 0 0)
(0 0 -2.01469e-18)
(0 0 1.51233e-16)
(0 0 1.57732e-19)
(0 0 -3.78681e-18)
(0 0 0)
(0 0 0)
(0 0 3.55872e-15)
(0 0 -3.08413e-16)
(0 0 1.45113e-16)
(0 0 0)
(0 0 -3.55872e-15)
(0 0 1.97482e-18)
(0 0 -3.61644e-18)
(0 0 2.82616e-16)
(0 0 1.99543e-18)
(0 0 0)
(0 0 2.72752e-16)
(0 0 0)
(0 0 0)
(0 0 0)
(0 0 0)
(0 0 0)
(0 0 0)
(0 0 0)
(0 0 -7.11743e-15)
(0 0 0)
(0 0 -2.87044e-16)
(0 0 0)
(0 0 7.42445e-15)
(0 0 0)
(0 0 0)
(0 0 0)
(0 0 0)
(0 0 0)
(0 0 -2.55758e-16)
(0 0 0)
(0 0 7.42445e-15)
(0 0 0)
(0 0 -6.53698e-15)
(0 0 0)
(0 0 0)
(0 0 0)
(0 0 0)
(0 0 0)
(0 0 0)
(0 0 -7.42445e-15)
(0 0 0)
(0 0 -2.90439e-16)
(0 0 6.84309e-15)
(0 0 6.84265e-15)
(0 0 0)
(0 0 0)
(0 0 0)
(0 0 0)
(0 0 5.49963e-16)
(0 0 0)
(0 0 7.11743e-15)
(0 0 0)
(0 0 0)
(0 1.98291e-52 -2.01461e-18)
(0 0 1.51233e-16)
(0 0 1.57757e-19)
(0 0 -3.78681e-18)
(0 0 0)
(0 0 0)
(0 0 3.55872e-15)
(0 0 -1.11725e-16)
(0 0 1.45113e-16)
(0 0 2.97532e-18)
(0 0 -3.55872e-15)
(0 -5.95782e-50 1.95421e-18)
(0 0 -2.50654e-21)
(0 0 2.82615e-16)
(0 -5.46027e-48 1.97126e-18)
(0 0 0)
(0 0 2.82346e-16)
(0 0 0)
(0 0 0)
(0 0 0)
(0 0 0)
(0 0 0)
(0 0 6.41535e-18)
(0 0 0)
(0 0 -7.42445e-15)
(0 0 6.42447e-15)
(0 0 -3.01431e-16)
(0 0 2.47479e-16)
(0 0 2.7429e-16)
(0 0 0)
(0 0 -7.42445e-15)
(0 0 0)
(0 0 -2.90509e-16)
(0 0 6.84309e-15)
(0 0 7.11743e-15)
(0 0 0)
(0 0 0)
(0 0 -1.73936e-17)
(0 0 0)
(0 8.31176e-46 -1.99242e-18)
(0 0 -2.83073e-16)
(0 0 0)
(0 4.73165e-27 1.77872e-15)
(0 1.02981e-29 0)
(0 0 -2.52922e-17)
(0 0 0)
(0 1.24849e-28 -1.85611e-15)
(0 1.82541e-32 0)
(0 0 0)
(0 7.74993e-33 0)
(0 5.05193e-36 0)
(0 0 0)
(0 0 0)
(0 7.31062e-37 0)
(0 2.47474e-40 0)
(0 0 0)
(0 8.85991e-26 1.85611e-15)
(0 2.63444e-29 0)
(0 0 -3.81643e-17)
(0 0 0)
(0 0 -1.85611e-15)
(0 0 0)
(0 0 0)
(0 1.5605e-33 0)
(0 3.65537e-37 0)
(0 0 0)
(0 0 0)
(0 0 0)
(0 0 0)
(0 0 0)
(0 0 1.85611e-15)
(0 0 0)
(0 0 -3.81643e-17)
(0 0 0)
(0 0 -1.85611e-15)
(0 0 0)
(0 0 0)
(0 0 0)
(0 0 1.85611e-15)
(0 0 0)
(0 0 -2.9264e-17)
(0 0 -6.54862e-19)
(0 0 -1.78869e-15)
(0 0 -3.77244e-17)
(0 8.37399e-20 -1.83677e-15)
(0 -7.77142e-18 8.14003e-22)
(0 0 1.83665e-15)
(0 0 0)
(0 -4.29835e-20 -6.86222e-21)
(0 -4.37102e-20 0)
(0 0 -1.83665e-15)
(0 0 0)
(0 0 0)
(0 0 0)
(0 0 0)
(0 0 0)
(0 0 0)
(0 0 0)
(0 0 0)
(0 0 0)
(0 0 0)
(0 0 0)
(0 -7.57604e-18 -9.31036e-16)
(0 -7.72184e-18 4.64028e-16)
)
;

boundaryField
{
    ground
    {
        type            slip;
    }
    outlet
    {
        type            zeroGradient;
    }
    wall
    {
        type            slip;
    }
    wall2
    {
        type            slip;
    }
    wall3
    {
        type            slip;
    }
    internalPatch
    {
        type            internal;
    }
    procBoundary4to0
    {
        type            processor;
        value           nonuniform List<vector> 
108
(
(0 0 0)
(0 0 0)
(0 0 0)
(0 0 2.7164e-27)
(0 0 0)
(0 0 0)
(0 0 0)
(0 0 0)
(0 0 0)
(0 0 0)
(0 0 0)
(0 0 0)
(0 0 0)
(0 0 0)
(0 0 7.27325e-25)
(0 0 0)
(0 0 0)
(0 0 0)
(0 0 0)
(0 0 0)
(0 0 0)
(0 0 0)
(0 0 0)
(0 0 0)
(0 0 0)
(0 0 0)
(0 0 0)
(0 0 0)
(0 0 0)
(0 0 0)
(0 0 0)
(0 0 0)
(0 0 0)
(0 0 0)
(0 0 0)
(0 0 0)
(-1.34627e-24 0 9.72801e-18)
(2.76669e-25 0 0)
(-2.62719e-25 0 0)
(2.63337e-25 0 0)
(1.89339e-19 0 0)
(1.83472e-16 -7.55153e-17 -6.39492e-19)
(2.80281e-11 -2.56798e-11 -2.09227e-13)
(2.25238e-09 -4.22533e-10 -2.0289e-11)
(2.2723e-09 -3.63438e-10 -2.35727e-11)
(3.22106e-09 -4.67417e-10 -2.33142e-11)
(2.64604e-09 -3.91281e-10 3.16736e-11)
(1.85864e-09 -3.02118e-10 4.56814e-11)
(1.77683e-11 -3.12986e-12 1.44262e-11)
(4.98e-14 -7.21697e-15 6.57314e-14)
(1.88462e-13 -8.85672e-17 2.06065e-13)
(3.78419e-17 0 1.0919e-15)
(0 0 -3.40393e-23)
(0 0 -3.40393e-23)
(0 0 -9.14416e-16)
(0 0 9.04812e-16)
(0 0 0)
(0 0 0)
(0 0 0)
(0 0 0)
(0 0 0)
(0 0 0)
(0 0 2.71052e-20)
(0 0 0)
(0 0 0)
(0 0 0)
(-1.31781e-36 0 0)
(0 0 0)
(0 0 0)
(0 0 0)
(0 0 0)
(0 0 0)
(0 0 0)
(0 0 0)
(0 0 0)
(0 0 0)
(-1.95131e-25 0 0)
(-1.97869e-25 0 0)
(-2.62857e-25 0 0)
(2.61493e-25 0 0)
(-2.61249e-25 0 0)
(2.63054e-25 0 0)
(1.61078e-19 0 2.36255e-21)
(1.57933e-16 -3.77577e-17 1.22802e-18)
(2.48387e-11 -2.19978e-11 4.45739e-13)
(1.88007e-09 -3.6072e-10 2.73637e-11)
(2.26535e-09 -4.2937e-10 -1.80969e-11)
(1.84539e-09 -3.50576e-10 4.12113e-11)
(1.52191e-13 -1.4114e-13 1.17412e-13)
(3.77577e-17 -3.77577e-17 2.823e-16)
(-2.16459e-32 0 2.93215e-22)
(0 0 4.23713e-25)
(0 0 0)
(1.95841e-25 0 0)
(0 0 0)
(0 0 0)
(2.0104e-27 0 0)
(1.96054e-25 0 0)
(0 0 -4.09099e-23)
(1.82775e-19 0 1.57429e-19)
(0 0 0)
(0 0 0)
(0 0 0)
(0 0 -9.14416e-16)
(0 0 9.04812e-16)
(0 0 0)
(0 0 0)
(0 0 9.56674e-18)
)
;
    }
    procBoundary4to3
    {
        type            processor;
        value           nonuniform List<vector> 
171
(
(-1.80251e-15 1.83227e-15 -5.35093e-18)
(-1.80251e-15 1.83227e-15 -5.35093e-18)
(0 1.5302e-17 -1.82389e-15)
(0 1.5302e-17 -1.82389e-15)
(0 0 0)
(0 0 7.58349e-17)
(7.89335e-19 -7.70751e-25 -4.69138e-17)
(0 0 -4.66565e-19)
(3.54394e-15 0 4.43294e-17)
(0 0 -8.89141e-19)
(0 0 -2.8269e-16)
(0 0 2.98577e-16)
(0 0 -7.729e-18)
(0 0 7.42445e-15)
(0 0 -7.12587e-15)
(0 0 -7.12587e-15)
(0 0 5.98684e-15)
(0 0 -7.12587e-15)
(0 0 7.12582e-15)
(0 0 -7.12587e-15)
(0 0 6.19558e-15)
(0 0 -7.12583e-15)
(0 0 7.12583e-15)
(0 0 -7.12583e-15)
(0 0 5.98684e-15)
(0 0 -7.12583e-15)
(0 0 7.12583e-15)
(0 0 -6.22892e-15)
(0 0 0)
(0 0 0)
(0 1.85611e-15 -1.84035e-15)
(0 0 7.98051e-22)
(0 0 1.94038e-17)
(0 0 1.94038e-17)
(0 0 1.56767e-17)
(0 0 0)
(0 0 0)
(0 0 0)
(0 0 0)
(0 0 0)
(0 0 0)
(0 0 0)
(0 0 0)
(0 0 0)
(0 0 0)
(0 0 0)
(0 0 0)
(0 0 0)
(0 0 0)
(0 0 0)
(0 0 0)
(0 0 0)
(0 0 0)
(0 0 0)
(0 0 0)
(0 0 0)
(0 0 0)
(0 0 0)
(0 0 0)
(0 0 0)
(1.73509e-17 0 -1.53596e-17)
(-1.80251e-15 1.83227e-15 -5.35093e-18)
(0 1.92383e-17 9.1249e-16)
(0 1.92383e-17 9.1249e-16)
(0 0 9.28056e-16)
(1.19212e-17 0 9.18237e-16)
(1.19212e-17 0 9.18237e-16)
(2.60461e-21 -4.73025e-19 -9.80059e-19)
(0 0 -1.98055e-20)
(-1.30217e-20 3.043e-17 -1.24466e-22)
(0 1.83228e-15 -1.78071e-15)
(0 0 -7.28802e-17)
(0 0 0)
(0 0 -2.42049e-16)
(0 0 7.17325e-18)
(0 0 0)
(0 0 8.85707e-17)
(0 0 8.85707e-17)
(0 0 -7.12582e-15)
(0 0 7.12587e-15)
(0 0 -7.12582e-15)
(0 0 7.12587e-15)
(0 0 -8.84898e-17)
(0 0 0)
(0 0 -7.12583e-15)
(0 0 6.8998e-15)
(0 0 -7.12583e-15)
(0 0 7.12583e-15)
(0 0 -7.12583e-15)
(0 0 7.05031e-15)
(0 1.85611e-15 1.76488e-15)
(0 0 2.85604e-21)
(0 0 1.94038e-17)
(0 0 -1.42452e-24)
(0 0 -1.42452e-24)
(0 0 0)
(0 0 0)
(0 0 0)
(0 0 0)
(0 0 0)
(0 0 0)
(0 0 0)
(0 0 0)
(0 0 0)
(0 0 0)
(0 0 0)
(0 0 0)
(0 0 0)
(0 0 0)
(0 0 0)
(0 0 0)
(0 0 0)
(0 0 0)
(0 0 0)
(0 5.74491e-22 0)
(0 0 0)
(0 0 9.28056e-16)
(0 0 1.83652e-15)
(0 0 1.83652e-15)
(1.30229e-21 0 0)
(1.30229e-21 0 0)
(1.19184e-17 0 -1.58956e-15)
(4.83425e-21 -4.81008e-19 -2.98446e-17)
(3.2554e-21 -4.81008e-19 -1.77661e-15)
(5.51211e-25 -4.81008e-19 -3.76994e-17)
(3.14768e-29 0 -3.68161e-17)
(0 0 -2.06665e-17)
(0 0 -2.06665e-17)
(0 1.79568e-15 1.77926e-15)
(0 1.80315e-15 -1.84035e-15)
(0 1.80315e-15 -1.84035e-15)
(0 1.83268e-15 1.80177e-15)
(0 1.83267e-15 1.39623e-17)
(0 1.85549e-15 -2.20141e-23)
(0 1.85611e-15 -1.81522e-15)
(0 0 -9.97968e-30)
(0 0 -5.94525e-29)
(0 0 -1.42452e-24)
(0 0 -6.55671e-21)
(0 0 -6.55671e-21)
(0 0 0)
(0 0 0)
(0 0 0)
(0 0 0)
(0 0 0)
(1.10234e-25 0 0)
(0 0 0)
(0 0 0)
(0 0 0)
(0 0 0)
(0 0 0)
(0 0 0)
(0 0 0)
(0 0 1.90982e-17)
(0 0 1.90982e-17)
(0 0 1.83665e-15)
(0 0 1.83665e-15)
(2.92969e-21 0 0)
(0 0 6.86388e-22)
(0 0 1.81337e-15)
(0 0 1.80796e-15)
(0 0 1.80796e-15)
(0 0 -2.06665e-17)
(0 0 -3.76095e-17)
(0 0 3.76249e-17)
(0 0 -4.37974e-19)
(0 0 -6.55671e-21)
(0 0 1.80796e-15)
(0 0 1.80796e-15)
(0 0 1.81337e-15)
(0 0 6.86388e-22)
)
;
    }
    procBoundary4to5
    {
        type            processor;
        value           nonuniform List<vector> 
226
(
(0 -1.26337e-30 0)
(0 -6.90976e-26 0)
(0 -4.03108e-30 0)
(0 -5.05446e-35 0)
(1.54129e-17 -2.20462e-25 0)
(0 -2.55081e-21 0)
(0 -2.55081e-21 0)
(-2.38424e-17 -4.28025e-17 -2.29643e-16)
(0 0 7.41874e-17)
(0 1.6927e-24 -7.858e-17)
(-7.40803e-17 4.83195e-28 -3.30089e-15)
(1.30157e-20 -7.48215e-17 1.83607e-15)
(1.30157e-20 -7.48215e-17 1.83607e-15)
(0 0 8.70042e-24)
(0 0 -2.90526e-16)
(0 0 2.87757e-16)
(0 0 2.87757e-16)
(0 0 0)
(0 0 0)
(0 0 0)
(0 0 1.49288e-16)
(0 0 -2.98577e-16)
(0 0 0)
(0 0 -2.90528e-16)
(0 0 -2.90528e-16)
(0 0 -3.65124e-18)
(0 0 -7.12579e-15)
(0 0 -4.35386e-16)
(0 0 -4.35386e-16)
(0 0 -6.22976e-18)
(0 0 0)
(0 0 -7.50786e-18)
(0 0 -7.50786e-18)
(0 0 4.99633e-20)
(0 0 4.99633e-20)
(0 0 -2.80081e-16)
(0 0 6.83534e-15)
(0 0 -7.13315e-15)
(0 0 5.68374e-16)
(0 0 -2.98749e-16)
(0 0 6.84575e-15)
(0 0 -7.12978e-15)
(0 0 5.68368e-16)
(0 0 -2.98749e-16)
(0 0 6.84575e-15)
(0 0 -7.12978e-15)
(0 0 5.84068e-16)
(0 0 7.18399e-15)
(0 0 7.18399e-15)
(0 0 -7.12587e-15)
(0 0 0)
(0 0 0)
(0 0 -1.85611e-15)
(0 0 -1.85611e-15)
(0 4.68375e-24 1.85567e-15)
(0 0 0)
(3.07314e-14 1.25072e-15 7.89794e-16)
(3.07314e-14 1.25072e-15 7.89794e-16)
(7.77093e-12 6.7854e-13 -1.15769e-13)
(3.9479e-10 -2.39561e-12 -7.67558e-11)
(3.28076e-10 2.35358e-11 -6.12882e-11)
(1.39764e-08 -1.41585e-10 -9.83576e-11)
(1.30162e-08 -1.58406e-10 1.15741e-10)
(2.8539e-10 1.93106e-11 5.19794e-11)
(9.85422e-11 -1.42431e-13 6.38694e-11)
(1.14308e-13 1.12343e-14 7.24705e-14)
(-1.81725e-15 0 8.51604e-17)
(-1.52251e-17 0 4.06984e-22)
(-1.52251e-17 0 4.06984e-22)
(5.42311e-17 0 9.28054e-16)
(0 0 -5.08307e-20)
(0 0 2.04125e-19)
(0 0 -2.04481e-19)
(0 0 0)
(0 0 0)
(0 0 0)
(0 0 0)
(0 -1.26337e-30 0)
(0 -6.90976e-26 0)
(0 0 0)
(0 0 0)
(0 -9.1294e-23 -2.42622e-18)
(0 -2.42679e-20 -1.15608e-15)
(0 -5.8085e-21 -1.26457e-19)
(1.04146e-20 -8.11378e-19 0)
(-3.515e-15 -2.14415e-23 -1.19212e-17)
(3.51662e-15 3.59108e-15 1.41494e-15)
(7.2648e-17 -3.71222e-15 -1.78295e-15)
(7.2648e-17 -3.71222e-15 -1.78295e-15)
(1.30157e-20 -7.48215e-17 1.83607e-15)
(0 0 -7.05464e-18)
(0 0 -7.05464e-18)
(2.35035e-24 0 -2.74429e-16)
(0 0 -2.9264e-16)
(1.59088e-18 0 -1.71634e-24)
(0 0 1.9003e-24)
(-3.07095e-19 0 5.49191e-16)
(0 0 2.82244e-16)
(0 0 2.86644e-16)
(0 0 2.86644e-16)
(0 0 -2.93613e-16)
(0 3.52531e-24 6.28767e-15)
(0 0 4.10924e-16)
(0 0 4.10924e-16)
(0 0 5.74598e-17)
(0 -1.83226e-15 1.82394e-15)
(0 -1.83226e-15 1.82394e-15)
(0 -1.83226e-15 1.82394e-15)
(0 -1.83226e-15 1.82394e-15)
(0 0 -6.28678e-15)
(0 0 7.12587e-15)
(0 0 7.12587e-15)
(0 0 -6.58654e-15)
(0 0 0)
(0 0 -2.57963e-19)
(0 0 2.91935e-16)
(0 0 -3.03308e-16)
(0 0 3.05004e-16)
(0 0 -2.8845e-16)
(0 0 2.92037e-16)
(0 0 -3.03308e-16)
(0 0 3.05004e-16)
(0 0 -2.88508e-16)
(0 0 2.8889e-16)
(0 0 -1.45095e-16)
(0 0 -1.45095e-16)
(0 0 0)
(0 0 0)
(0 0 -1.85611e-15)
(0 0 1.74433e-15)
(0 8.41411e-25 -1.85611e-15)
(0 0 -1.55276e-19)
(3.77577e-16 0 0)
(8.56666e-14 4.38461e-15 3.82501e-16)
(8.56666e-14 4.38461e-15 3.82501e-16)
(2.60434e-11 2.63029e-12 2.69295e-13)
(1.56899e-08 1.38657e-10 1.34537e-10)
(1.65663e-08 1.68671e-10 -1.35146e-10)
(3.03806e-10 -1.82114e-11 7.24231e-11)
(1.83227e-15 -6.31378e-18 9.26891e-17)
(1.83227e-15 -9.48294e-18 6.34726e-20)
(0 0 1.99327e-21)
(0 0 1.99327e-21)
(0 -9.05355e-16 2.38748e-17)
(0 -9.14443e-16 2.9803e-18)
(0 2.25965e-22 -9.13154e-16)
(0 9.55522e-18 -1.93384e-17)
(0 0 1.94591e-17)
(0 0 -1.94591e-17)
(0 0 0)
(0 -5.60691e-20 -4.76457e-17)
(0 -7.42399e-17 -1.30147e-20)
(0 -3.50187e-15 -5.50908e-24)
(0 -7.51306e-17 -6.50883e-21)
(-3.515e-15 0 1.85611e-15)
(-7.50977e-17 0 2.77935e-24)
(-7.50977e-17 0 2.77935e-24)
(0 -3.57437e-15 9.76762e-21)
(0 -3.57437e-15 9.76762e-21)
(0 -3.53116e-15 1.86802e-15)
(0 -3.53116e-15 1.86802e-15)
(0 -6.30247e-17 -5.53674e-21)
(0 -1.83226e-15 1.82394e-15)
(0 -1.83226e-15 1.82394e-15)
(0 -9.04678e-22 1.83228e-15)
(0 -9.04678e-22 1.83228e-15)
(0 -7.48608e-17 -1.7436e-15)
(0 7.69733e-18 1.7091e-15)
(0 -5.78802e-17 -3.00536e-21)
(0 -1.12818e-24 7.23406e-17)
(0 -1.12818e-24 7.23406e-17)
(0 0 -3.36568e-16)
(0 1.03348e-44 -7.05636e-17)
(0 -6.63209e-50 6.85823e-17)
(0 0 6.87267e-17)
(0 0 -7.06934e-17)
(0 0 -7.05748e-17)
(0 0 6.86733e-17)
(0 0 6.96962e-17)
(0 0 -7.06981e-17)
(0 0 -7.05709e-17)
(0 0 7.25886e-17)
(0 0 7.32972e-17)
(0 0 7.32972e-17)
(0 0 7.25886e-17)
(0 0 -7.05709e-17)
(0 0 -1.74452e-15)
(0 3.50364e-22 1.85611e-15)
(0 0 -1.85611e-15)
(0 0 -2.17159e-19)
(0 0 0)
(1.83227e-15 -6.31378e-18 9.26891e-17)
(1.83227e-15 -9.48294e-18 6.34726e-20)
(0 0 1.99327e-21)
(0 -9.05355e-16 2.38748e-17)
(0 0 -1.81757e-15)
(0 0 1.85611e-15)
(0 0 2.08739e-18)
(0 0 -3.36568e-16)
(0 -1.12818e-24 7.23406e-17)
(0 1.03348e-44 -7.05636e-17)
(0 -6.63209e-50 6.85823e-17)
(0 0 6.87267e-17)
(0 0 -7.06934e-17)
(0 0 -7.05748e-17)
(0 0 6.86733e-17)
(0 0 6.96962e-17)
(0 0 -7.06981e-17)
(0 0 1.7087e-15)
(0 0 -1.7089e-15)
(0 0 1.85611e-15)
(0 0 -1.85611e-15)
(0 0 -2.17126e-19)
(0 0 0)
(0 0 -3.77822e-17)
(0 0 -2.07547e-18)
(0 -9.04678e-22 1.83228e-15)
(0 -9.11258e-22 -8.26508e-25)
(0 -5.23697e-20 -6.50844e-21)
(0 -8.71997e-20 -1.5945e-24)
(0 -8.59612e-20 -1.30149e-20)
(0 -3.57483e-15 -1.8561e-15)
(0 3.59496e-15 1.83028e-15)
(0 -3.57437e-15 9.76762e-21)
(0 -3.53116e-15 1.86802e-15)
(0 -6.30247e-17 -5.53674e-21)
)
;
    }
}


// ************************************************************************* //
