/*--------------------------------*- C++ -*----------------------------------*\
  =========                 |
  \\      /  F ield         | OpenFOAM: The Open Source CFD Toolbox
   \\    /   O peration     | Website:  https://openfoam.org
    \\  /    A nd           | Version:  9
     \\/     M anipulation  |
\*---------------------------------------------------------------------------*/
FoamFile
{
    format      ascii;
    class       volScalarField;
    location    "0.00055";
    object      T;
}
// * * * * * * * * * * * * * * * * * * * * * * * * * * * * * * * * * * * * * //

dimensions      [0 0 0 1 0 0 0];

internalField   nonuniform List<scalar> 
5846
(
866.386
830.102
187.517
187.121
891.531
202.4
893.39
202.883
887.514
193.175
177.729
851.142
186.974
889.135
884.864
197.935
195.778
185.168
178.128
178.639
186.471
180.351
189.149
186.088
265.472
257.928
885.085
925.097
199.953
438.042
880.516
416.588
417.313
829.958
843.795
424.398
417.052
847.825
187.453
187.378
185.924
189.926
188.961
187.504
182.12
192.378
188.265
186.862
189.721
183.554
188.784
197.873
452.101
895.667
453.595
439.16
888.185
448.246
885.821
200.822
185.71
185.816
198.972
186.107
187.554
201.008
452.641
895.97
455.041
892.033
452.917
441.438
889
202.638
203.418
186.166
187.713
186.978
199.382
187.861
267.542
895.881
446.204
266.593
931.898
200.94
885.897
201.563
189.079
188.578
193.006
189.966
184.059
189.075
191.816
187.854
181.857
179.598
191.561
184.85
189.451
256.252
843.961
256.534
918.335
198.922
416.031
852.261
187.405
183.841
187.603
189.474
182.907
186.98
188.992
439.765
884.801
266.491
258.072
927.823
199.976
870.478
446.191
882.338
444.283
426.554
865.389
435.573
867.889
192.471
186.865
188.783
188.248
189.724
183.549
187.127
198.225
182.791
185.477
193.372
180.266
195.05
185.017
186.231
182.674
184.737
186.437
186.622
187.791
185.108
180.411
172.048
174.079
183.348
174.672
177.087
180.777
186.022
184.526
177.164
178.92
185.345
179.342
183.023
184.83
187.876
185.649
182.81
185.654
186.633
187.983
173.827
177.936
171.452
181.066
174.653
183.45
177.028
188.728
187.636
183.055
187.63
190.181
189.149
187.847
183.597
177.681
179.464
186.081
179.061
185.658
179.461
187.307
187.62
187.187
188.253
187.24
188.027
187.653
186.414
185.696
187.307
187.941
187.77
186.557
186.028
186.599
197.168
186.324
187.383
186.971
191.141
187.065
185.424
186.566
185.385
187.856
186.353
187.222
184.924
185.892
199.123
187.328
197.671
187.274
195.791
185.697
187.644
185.743
185.899
185.552
183.846
186.521
186.491
188.314
189.155
188.801
189.155
188.783
188.938
188.631
184.383
186.767
184.255
186.172
181.54
186.598
184.461
486.781
235.57
278.03
515.961
254.277
533.05
476.947
480.631
501.772
229.965
273.251
523.568
251.337
466.571
715.786
928.088
625.545
938.47
686.354
676.133
945.542
354.892
204.429
202.327
315.62
211.659
337.584
332.309
186.481
187.253
186.894
188.824
187.07
186.987
187.162
187.006
187.04
187.502
189.532
187.546
187.157
187.983
185.92
185.717
185.943
187.77
186.063
186.404
186.327
188.761
189.597
189.973
189.481
189.34
189.392
189.06
187.801
188.64
188.647
188.977
188.459
188.297
188.455
186.947
187.585
187.157
188.056
187.178
187.789
187.453
186.035
185.792
186.319
185.133
185.794
186.245
185.749
185.398
186.6
185.832
195.378
189.321
185.595
186.642
184.408
182.624
184.082
192.59
187.933
184.845
183.23
186.137
186.573
187.153
188.217
186.814
187.04
186.404
188
189.361
188.722
189.795
189.156
188.747
188.155
186.305
183.967
182.846
187.38
183.901
187.215
186.495
187.153
187.983
188.448
188.808
188.254
187.657
187.873
185.873
198.982
197.625
186.562
195.77
187.151
185.717
187.421
186.576
185.015
184.891
184.756
186.06
185.661
189.789
202.941
187.995
200.605
188.396
200.091
189.29
187.873
186.146
187.033
187.24
187.894
186.557
185.072
188.263
186.425
187.094
187.496
187.262
186.754
187.009
188.305
186.891
185.719
185.265
185.604
186.388
186.483
189.342
189.184
187.609
188.034
187.141
189.059
187.505
191.137
202.067
203.33
188.373
189.657
201.428
189.664
189.204
186.821
188.142
187.457
187.152
188.165
187.78
493.659
520.373
281.64
237.777
539.071
258.073
481.043
492.629
281.05
236.811
518.65
479.632
538.145
257.494
727.291
945.111
631.692
943.687
691.525
692.236
957.134
362.105
205.718
205.499
318.579
340.402
214.911
340.665
187.88
202.111
189.263
201.645
189.302
188.316
198.837
187.963
188.321
189.128
189.057
188.617
188.135
188.878
187.481
190.376
188.224
188.227
188.56
188.515
187.909
186.555
197.074
187.226
186.295
187.056
186.854
191.056
188.928
190.054
188.957
190.06
189.06
189.048
189.807
187.448
184.62
184.535
187.64
187.578
185.751
187.59
187.964
189.125
188.337
189.066
188.148
188.61
188.88
181.726
194.177
182.931
192.48
190.248
182.338
182.161
182.012
180.401
183.488
181.833
181.794
182.988
177.894
181.241
177.945
179.239
179.477
179.969
180.282
176.672
182.939
183.5
184.542
182.592
182.78
183.299
181.913
469.249
228.105
266.713
496.804
509.296
246.409
462.117
469.493
496.871
228.425
266.981
461.939
246.423
509.639
697.883
917.636
620.92
919.013
668.777
670.198
923.595
346.286
201.122
201.253
313.452
329.354
207.993
329.723
183.168
183.249
182.145
190.062
181.524
185.766
184.54
183.872
184.84
184.838
183.931
183.597
185.583
183.576
183.175
182.11
183.365
190.032
184.546
185.728
181.519
187.352
189.226
188.415
189.23
187.978
187.986
188.692
185.392
182.228
182.266
186.997
186.243
181.948
186.23
185.43
185.39
186.57
187.868
184.93
186.371
187.225
182.873
191.452
179.667
191.136
181.47
190.948
181.13
489.494
279.041
518.668
236.391
535.456
479.302
255.066
482.668
273.795
229.785
503.288
468.173
525.694
251.738
719.489
942.87
627.141
932.021
688.97
678.973
951.057
356.247
204.666
202.291
316.014
338.384
333.12
211.88
185.416
195.435
185.867
186.756
185.625
186.637
189.376
186.122
188.239
187.153
186.576
187.032
186.371
186.818
187.144
187.976
188.445
188.805
187.651
187.864
188.251
184.389
192.699
184.043
182.602
184.819
187.991
183.2
187.987
189.79
188.715
189.369
188.736
188.153
189.152
186.302
184.079
182.827
187.366
187.218
186.475
183.984
186.411
187.309
185.685
187.953
186.559
186.016
187.773
185.327
186.514
184.934
185.808
183.436
186.025
184.488
185.458
196.164
195.604
183.78
183.372
194.675
185.281
183.845
180.832
180.587
179.992
181.442
180.23
181.822
184.785
185.657
183.81
182.911
182.465
184.571
184.184
187.341
185.479
185.592
185.242
183.599
185.963
186.219
187.266
186.102
187.324
186.713
187.473
183.266
187.067
187.506
186.628
187.408
187.563
187.932
186.97
184.166
188.932
186.744
187.793
187.754
187.874
187.37
187.531
183.986
186.034
184.232
186.456
186.135
181.27
184.368
183.719
182.694
185.1
185.486
185.67
183.551
180.364
182.635
178.216
180.651
178.626
181.756
181.396
176.881
185.233
185.651
185.292
183.569
185.454
184.658
184.275
187.984
187.541
188.422
188.184
184.903
187.687
188.576
187.51
186.169
187.049
187.472
187.187
183.497
187.754
189.22
186.998
188.214
187.968
187.892
187.724
188.281
187.814
188.351
190.52
188.346
188.728
187.979
188.719
187.002
187.4
189.258
187.091
187.507
187.536
187.338
186.901
187.352
186.337
186.337
186.992
186.985
186.595
187
189.248
187.39
187.087
187.336
187.496
187.533
189.339
190.183
190.183
189.763
189.617
189.891
189.619
188.309
189.152
188.796
189.16
188.63
188.939
188.774
187.523
187.831
187.827
188.389
188.029
187.764
188.03
184.384
186.759
186.168
184.25
184.451
181.535
186.595
183.059
178.755
180.944
178.757
182.001
182.003
177.19
185.743
185.904
185.903
183.88
184.88
186.03
184.886
1564.88
1565.62
1236.52
1086.25
458.806
618.489
288.302
307.695
1109.15
1281.92
1299.7
1371.62
1382.56
1467.64
1462
1158.55
1418.31
1343.11
1444.91
1407.06
1477.19
1485.87
669.85
1567.89
419.237
1433.12
866.523
614.551
211.057
199.258
195.237
166.044
166.399
180.375
183.902
253.809
241.933
241.111
178.591
169.366
223.821
194.866
289.445
378.014
648.898
311.217
295.035
493.604
901.574
936.867
459.426
379.899
227.459
239.556
421.673
699.651
746.466
388.022
731.498
356.241
455.13
575.921
1119.72
1011.47
714.095
510.994
366.944
275.064
503.266
994.439
845.433
648.168
800.756
1451.14
1110.23
1186
1142.59
1209.68
759.162
891.063
1318.12
1494.62
1357.49
1211.01
1263.68
1025.74
1470.99
1568.17
1484.15
1441.87
1176.27
1148.81
1448.04
1285.08
596.008
1276.68
1116.45
409.026
393.261
1135.16
1514.78
1541.01
1562.02
1413.25
907.151
1063.15
1347.88
1195.03
540.406
1248.71
1056.99
327.317
360.99
948.989
1072.82
879.822
771.814
1007.71
604.239
920.873
632.195
803.278
577.971
519.853
539.391
989.96
1010.88
1072.08
1049.62
673.042
664.088
583.973
1120
1053.16
1115.75
1179.78
911.344
729.175
696.42
1160.79
1252.08
1267.75
1141.27
978.098
912.27
801.357
1200.09
1353.48
1301.4
1259.05
1236.48
994.519
1245.45
1273.74
991.479
1266.78
973.817
1281.73
972.836
1261.79
1285.71
863.527
936.262
1298.91
1303.21
1321.16
929.979
778.393
1319.7
1299.57
907.505
1309
1285.28
766.684
720.318
1310.17
854.193
1308.42
179.99
429.265
184.698
623.898
165.529
162.339
294.743
367.469
167.177
168.143
167.614
168.646
165.447
164.226
168.724
161.94
163.173
172.251
168.879
167.429
169.278
162.679
178.494
164.951
164.504
172.173
164.899
164.081
171.635
285.568
266.73
272.573
191.882
192.86
198.476
196.53
196.854
166.009
164.598
163.81
179.639
174.153
163.265
321.148
317.791
287.032
216.083
204.001
195.886
203.64
453.446
346.325
331.35
240.335
233.68
211.755
208.297
513.149
461.087
383.739
258.406
302.283
241.532
220.895
1179.16
962.315
628.974
651.862
909.162
877.545
1023.27
572.214
809.893
593.446
524.26
511.842
981.56
995.946
1062.47
1044.59
1236.34
1559.8
1084.24
1503.51
622.164
288.2
307.708
760.893
652.188
565.052
1104.86
1036.81
1105.07
1169.1
908.724
692.704
723.192
1154.96
1250.33
1264.1
1138.31
1071.78
976.865
797.012
1193.11
1348.69
1296.64
1251.63
1025.1
1238.07
1248.23
1276.17
1003.19
1268.4
996.789
1288.61
1009.48
1265.93
1288.59
890.878
961.92
1302.85
1106.4
1279.6
1295.75
1370.5
1379.73
1463.84
1461.6
1305.93
787.687
1323.45
938.811
1322.17
1301.38
923.94
1156.33
1415.81
1339.56
1437.57
1402.31
1467.67
1467.42
1310.32
778.579
1281.23
723.871
1309.77
869.768
1309.05
196.225
1000.32
938.558
895.386
202.123
923.142
181.758
891.377
199.844
198.395
938.718
181.784
892.134
920.982
201.224
194.458
200.347
187.442
184.74
200.374
180.954
184.709
197.76
200.594
179.48
198.95
185.253
198.014
201.641
183.651
443.267
894.37
453.599
456.027
894.657
454.802
897.635
203.333
187.863
187.714
202.705
186.226
203.587
186.979
199.235
179.691
198.727
184.893
197.825
200.982
183.018
450.581
890.066
441.772
455.744
895.447
454.478
899.605
199.214
186.102
187.551
200.993
185.857
202.429
185.762
194.979
198.348
178.761
181.378
184.965
197.421
183.002
191.407
202.455
188.574
203.789
201.888
189.9
189.866
189.209
187.406
188.142
186.828
187.28
187.783
188.196
189.276
189.244
188.044
187.595
186.911
187.525
189.46
188.825
185.317
187.485
185.759
185.986
187.085
186.519
189.964
200.946
188.167
203.33
189.412
200.444
188.59
187.877
187.24
187.026
186.148
185.088
186.555
187.89
188.247
187.056
187.484
186.43
186.818
187
187.219
187.916
184.938
187.082
185.045
186.704
185.106
185.68
195.11
176.12
173.067
198.224
176.795
180.523
196.124
454.587
899.648
456.252
456.591
907.453
459.047
900.258
197.223
175.36
176.943
195.671
176.072
196.439
179.772
463.354
900.869
454.027
893.474
451.487
457.931
906.93
927.027
465.942
467.188
459.211
903.322
458.649
906.237
926.882
472.639
467.712
461.715
905.847
459.46
913.321
961.499
502.126
483.065
951.061
477.281
466.909
927.125
964.016
471.912
483.337
460.987
925.922
466.196
912.048
278.088
446.341
523.441
789.045
196.023
1081.46
160.411
169.228
875.905
297.646
991.613
1281.7
962.992
197.946
1244.18
199.392
202.543
986.128
198.546
839.959
274.419
706.944
205.997
302.258
167.567
214.864
175.206
169.693
195.642
243.026
173.94
169.545
164.69
265.556
202.558
430.237
261.756
196.706
177.769
175.318
198.905
172.978
199.44
170.403
198.638
176.732
178.296
201.768
173.93
200.436
172.896
172.141
172.603
169.741
165.376
169.651
166.696
168.054
175.845
171.881
173.39
168.093
170.723
169.413
169.143
196.49
171.512
168.33
200.636
169.585
168.182
208.283
199.352
173.6
174.6
216.911
174.363
205.809
172.084
163.678
165.714
162.785
163.668
164.927
164.108
165.264
171.209
168.258
169.624
169.857
170.002
167.696
168.316
375.897
1428.83
612.985
1553.68
499.72
242.878
197.121
970.293
484.049
487.499
529.508
1034.16
522.486
1045.85
967.891
496.081
486.831
540.687
1040.09
526.094
1065.26
167.14
162.399
164.698
164.409
164.807
166.607
163.776
170.646
165.712
164.87
167.12
165.909
167.715
166.43
589.568
273.309
351.914
1470.2
1518.15
1380.31
1526.33
199.126
192.907
195.678
171.351
171.706
170.825
171.93
1380.66
1405.45
479.677
2220.13
1523.29
2110.99
1424.91
299.4
1049.04
868.003
2273.89
1572.99
2116.63
1427.16
501.23
505.732
295.879
1509.51
1383.78
1546.59
1530.2
261.275
270.348
203.578
217.257
175.309
214.457
175.119
200.353
274.717
262.73
220.708
176.238
215.671
177.523
197.025
198.711
194.162
174.237
172.878
173.651
173.093
1022.23
547.236
514.786
1186.71
615.643
569.153
1113.39
164.057
161.934
160.397
163.776
177.246
166.216
167.367
1034.09
498.105
520.645
547.575
1130.05
582.537
1076.14
167.255
168.068
164.236
171.818
180.719
167.729
169.877
363.068
268.138
220.524
227.114
192.219
178.887
252.377
678.26
1254.52
691.264
595.766
1131.58
585.743
1144.69
224.518
384.748
307.661
264.727
197.185
233.748
182.544
1279.03
1250.81
682.925
608.827
1137.93
589.782
1166.64
250.428
260.406
209.497
174.576
184.628
173.477
187.497
255.838
206.689
212.669
174.291
182.579
174.13
185.087
219.934
255.39
213.834
189.152
191.927
178.683
177.472
245.365
217.075
208.384
177.383
183.975
175.369
188.448
194.071
164.077
165.011
179.098
181.203
251.436
240.452
723.459
1321.75
783.247
620.348
1228.41
664.64
1177.47
757.268
1398.9
1331.89
1295.4
708
646.855
1220.88
423.301
235.234
303.267
179.602
235.872
197.875
198.823
310.122
308.315
241.605
203.187
238.795
183.92
202.19
209.185
176.227
166.221
223.817
192.147
289.782
386.536
290.125
262.489
277.343
582.329
503.417
550.666
535.516
279.071
414.184
384.108
543.305
736.953
682.979
598.678
275.46
281.332
264.094
506.63
540.359
595.941
559.204
382.085
408.116
297.109
542.433
595.377
726.831
679.653
410.111
225.639
235.85
417.075
694.676
735.716
385.221
648.64
309.947
293.699
491.886
899.336
934.564
457.28
485.968
315.79
343.04
695.937
869.037
913.5
646.913
369.308
654.004
497.211
864.72
951.783
1060.68
736.274
468.007
491.695
332.874
702.676
877.503
672.101
899.301
1413.35
1387.85
835.289
1132.02
1575.82
1093.53
1597.17
451.953
352.959
319.331
877.365
654.056
715.829
934.955
361.599
479.035
338.916
724.896
898.8
687.775
926.071
829.457
1385.65
848.032
1110
1568.3
1086.57
1569.32
618.314
511.512
364.6
932.353
725.465
840.675
1023.6
736.429
467.999
359.13
579.348
1122.5
1011.36
725.013
660.735
369.266
272.018
501.393
987.112
834.324
652.317
611.406
600.769
438.144
845.453
1176.63
1021.87
1040.04
767.391
422.448
582.354
816.523
1150.7
1012.01
993.203
936.283
1524.85
1460.86
1214.93
1707.07
1345.22
1639.16
161.273
172.607
462.735
173.44
186.148
168.173
180.185
173.379
187.979
183.462
180.417
172.677
165.824
186.619
177.69
180.78
171.365
195.104
167.423
311.653
177.956
427.588
165.083
283.251
182.812
179.216
182.939
179.229
178.628
182.839
175.004
178.811
177.419
177.12
184.062
174.533
181.939
181.243
187.88
186.641
185.66
182.818
186.474
185.66
184.84
181.075
174.663
177.039
177.953
173.854
180.371
171.483
179.194
178.105
177.514
183.984
175.675
181.884
181.339
187.791
185.11
186.44
182.68
186.239
185.174
184.746
180.834
184.842
174.904
177.854
182.022
179.09
182.095
183.35
174.678
177.09
178.137
174.091
180.42
172.064
189.236
188.216
187.973
186.99
187.886
187.728
188.293
187.512
187.404
187.571
186.627
186.97
184.174
187.941
187.994
188.191
188.428
187.55
187.696
184.908
188.584
187.516
187.484
187.062
186.183
183.505
187.2
187.764
187.651
185.553
185.908
185.742
186.509
183.847
186.488
188.942
187.75
187.797
186.747
187.373
187.534
187.884
187.274
187.331
186.714
186.11
187.077
183.268
187.476
187.356
185.252
185.482
185.597
185.975
186.222
183.612
175.042
171.087
173.004
174.761
172.611
175.797
178.436
169.379
170.751
167.234
174.963
174.138
178.316
171.06
174.372
177.937
171.289
174.383
165.596
168.195
170.77
173.537
177.391
166.897
167.988
171.221
174.755
169.099
171.089
166.292
168.436
174.412
170.993
176.744
168.803
173.993
169.228
168.239
175.222
171.494
177.034
170.052
166.454
166.946
167.545
167.178
165.021
163.242
168.021
168.051
165.448
163.776
170.993
163.969
165.974
168.041
169.641
170.804
166.94
170.29
166.807
172.447
167.99
161.308
162.592
166.101
167.453
160.97
161.332
170.274
177.515
162.518
164.107
170.429
164.277
162.644
170.821
290.043
267.382
264.087
190.851
190.858
196.379
195.529
182.269
162.436
161.772
172
161.474
161.367
177.399
361.847
200.957
311.801
279.925
193.358
201.01
213.403
452.069
329.306
342.79
238.49
232.622
209.756
207.321
633.008
515.954
381.363
306.545
257.435
218.73
240.273
894.405
1442.79
981.065
1171.31
1637.38
1281.16
1588.25
1042.34
1443.38
1092.27
1194.31
1547.1
1567.78
1153.18
997.282
1394.51
1032.24
1084.88
1409.92
1417.76
1055.34
1067.5
992.587
1397.79
1389.84
1042.27
1404.04
1025.45
1044.17
1204.14
1454.1
1550.44
1580.41
1155.57
1099.86
795.85
1105.69
1182.73
1442.07
1134.02
1204.23
755.957
1159.12
1276.87
1527.58
1444.2
1453.76
1295.94
1129.33
1304.22
1339.11
1735.31
1508.2
1643.92
1446.65
1203.83
1477.62
1806.96
2133.96
1799.61
1824.16
1443.62
1824.95
1178.5
1296.2
1458.64
1504.81
1461.08
1161.69
1301.6
1283.96
1449.13
1136.83
1177.44
1539.21
1467.47
1313.64
1154.5
1274.66
1470.91
1436.32
1141.49
1438.6
1277.05
1318.87
1483.82
1187.33
1283.43
1680.56
1617.09
1417.46
1460.2
1801.44
2117.19
1794.09
1809.4
1437.76
1806.37
889.152
1355.24
1483.94
1311.87
1202.1
1258.87
1027.49
1225.76
1444.84
1496.33
1530.14
1478.42
1350.78
1335.72
1518.86
1907.53
1937.24
2152.13
1857.5
1624.15
1835.62
1550.94
1954.44
1988.78
2184.02
1885.63
1668.68
1868.91
1250.34
1470.18
1526.35
1549.25
1499.54
1360.24
1374.94
1478.03
1564.23
1468.46
1434.77
1177.5
1137.53
1448.39
597.363
1287.99
1277.98
1113.03
410.097
390.602
1137.87
444.782
533.688
1242.99
1039.13
320.557
354.382
911.717
1546.91
1546.03
1505.79
1392.49
844.808
1029.4
1305.94
794.13
409.843
289.781
765.544
289.429
390.82
304.708
795.359
409.688
289.774
756.02
289.324
384.745
303.867
685.524
316.997
293.213
288.812
352.543
298.917
560.165
658.95
291.923
309.506
288.666
342.656
297.472
518.524
1045.24
1479.34
782.522
1406.39
1478.71
1576.18
294.671
340.013
727.921
1087.58
1125.68
1150.99
1188
1415.45
1440.52
892.356
1316.86
1202.09
1368.24
1258.49
1494.39
1576.92
1599.45
1428.82
1606.56
1494.02
1602.55
1610.2
1473.22
1469.82
1572.35
1492.04
1431.72
1611.88
1618.4
1399.36
1614.24
1562.27
1610.73
1620.65
1267.88
1624.26
1406.49
1593.18
1549.63
1536.26
1621.17
1118.51
1304.31
1605.69
930.515
890.8
1508.82
1485.23
327.306
833.965
878.541
1414.2
549.393
500.022
308.195
696.298
1267.76
748.428
721.086
1416.67
1546.27
870.184
292.861
1448.43
1476.25
340.523
765.108
1081.26
1111.66
1143.53
1170.41
1425.43
1409.12
1026.12
1303.5
1185.82
1347.14
1235.93
1475.6
1555.96
1596.92
1400.81
1596.78
1600.19
1495.41
1466.19
1599.59
1463.83
1565.18
1574.63
1608.51
1433.87
1398.38
1609.01
1579.47
1465.2
1596.66
1602.85
1214.64
1382.43
1594.43
1568.21
1514.81
1535.02
1604.09
1076.06
1290.75
1576.15
1480.77
933.446
325.993
894.423
831.534
871.755
1510.41
1394.54
500.767
460.303
305.634
674.965
720.655
1219.21
1398.31
909.033
287.926
1305.13
287.945
288.04
287.926
287.926
288.049
288.66
289.909
287.926
287.931
287.926
287.926
287.926
287.952
1376.78
640.64
842.597
603.263
796.195
307.55
312.725
1160.1
393.183
511.249
501.073
676.43
298.81
291.823
1099.17
1366.78
287.94
287.926
288.014
288.009
287.926
288.662
1399.18
640.916
844.299
785.253
590.881
306.371
312.747
1274.94
365.735
453.97
644.469
482.915
297.027
290.664
557.888
317.764
349.378
297.57
293.007
288.814
288.056
287.931
296.576
288.275
288.016
294.881
288.198
287.93
287.944
333.742
288.96
288.697
323.273
288.485
287.939
287.929
288.039
287.931
296.555
288.275
294.397
288.18
287.944
333.984
288.967
288.662
321.555
288.453
287.939
287.926
288
287.926
287.926
287.926
287.926
287.926
289.399
287.976
291.833
288.071
287.926
287.977
287.928
294.47
288.311
306.77
288.215
287.928
287.933
288.022
287.926
287.967
287.927
288.969
291.133
288.046
287.962
292.596
288.254
304.023
288.167
287.927
287.931
287.994
322.713
287.952
287.967
288.698
288.381
287.937
287.926
288.305
287.927
287.987
287.926
287.938
287.928
287.926
289.3
287.929
288.11
287.926
287.947
287.929
287.926
287.937
287.926
287.926
287.934
287.926
287.926
287.926
287.926
287.937
287.926
287.926
287.926
287.934
287.926
287.928
287.927
287.927
287.926
287.926
287.926
287.926
287.93
287.926
287.926
287.926
287.926
287.927
287.926
287.926
287.926
287.932
287.926
287.926
287.926
287.926
287.926
287.926
287.941
287.926
287.926
287.926
287.926
287.926
287.926
287.926
287.929
287.926
287.926
287.927
1222.63
349.93
329.131
1450.45
317.491
410.908
1507.62
320.925
413.735
289.003
886.765
287.96
287.926
320.771
287.938
2339.03
1353.98
687.574
287.931
1467.52
1076.94
1609.77
743.434
1619.04
1031.16
321.664
1820.69
2014.99
1480.96
1219.09
306.035
2134.18
804.752
1563.29
1158.53
1479.29
304.941
291.29
780.659
510.312
203.167
273.578
300.724
495.477
478.976
540.085
772.174
290.689
356.496
361.639
287.927
287.926
287.927
287.926
348.582
287.926
287.926
298.541
316.345
287.927
287.926
1647.71
409.672
1701.37
287.926
300.017
1300.95
289.274
1658.67
339.122
287.928
467.955
1705.47
1062.77
1692.63
360.828
1612.74
1518.5
333.84
372.609
287.926
288.034
542.646
1122.84
791.715
1173.52
852.962
1082.67
1385.63
458.474
1039
747.038
1048.62
745.038
1039.39
1312.74
624.526
1209.69
848.309
1258.81
906.432
1118.9
1438.26
1341.98
1217.38
1351.36
1512.86
1664.81
1745.81
1569.96
1293.29
1167.11
1291.35
1453.4
1451.78
1497.66
1504.15
603.588
295.593
288.023
287.926
1555.98
381.497
607.325
287.926
287.931
305.458
330.096
287.926
293.88
287.926
1517.89
297.005
1612.35
287.926
288.388
334.372
287.93
287.926
287.926
288.256
292.879
287.926
290.297
287.926
287.926
1841.75
324.532
2498.31
1874.17
595.492
289.519
317.277
1542.98
1486.14
287.926
294.121
289.429
288.201
1231.74
1343.13
1450.59
1534.67
1486.18
1516.47
1535.8
1725.58
1920.24
1605.54
2242.17
1934
2028.96
2326.05
1473.75
1428.12
1514.93
1636.28
1643.03
1655.67
1666.71
1645.13
1491.88
1192.07
1394.41
1662.03
1628.49
1631.8
1370.05
1341.45
1066.85
1331.14
1731.19
1610.08
1592.82
1355.99
1417.99
1095.03
1355.34
1708.88
1603.71
1621.38
1634.23
1657.4
1512.97
1794.5
1445.14
1735.82
1574.39
1452.21
1441.77
1549.34
1505.01
1401.69
1394.67
1513.23
1330.08
1340.11
1364.15
1591.51
1603.79
1606.35
1727.4
1348.96
1489.09
1486.77
1608.13
1498.2
1467.12
1351.83
1548.52
1528.49
1355.13
1498.04
1288.47
972.085
826.126
2083.61
2160.68
1891.84
2125.29
2495.31
2165.65
2424.82
1441.22
1070.24
1672.65
1597.63
603.071
853.692
1326.2
1554.19
1595.76
1568.03
1508.45
1261.83
1372.73
1479.6
1400.61
766.429
1396.15
1286.18
586.721
573.122
1292.4
1576.67
1601.1
1535.56
1585.48
1468.69
1281.11
1095.81
397.546
387.09
374.484
290.821
290.419
289.768
290.094
410.89
403.08
402.916
290.985
290.925
290.66
290.639
2415.13
1638.02
2066.44
2047.73
1975.93
1447.53
2421.1
290.492
398.001
404.057
410.839
404.122
290.908
290.691
289.361
290.046
383.022
364.418
391.275
290.278
289.559
388.859
366.388
392.431
290.311
289.475
290.195
289.605
287.926
292.862
1530.83
287.926
287.926
287.926
287.939
287.926
287.926
287.926
291.045
1348.03
291.326
287.926
1272.83
685.145
1371.08
1246.69
378.579
504.346
1105.46
377.317
329.516
353.696
289.152
289.853
289.263
288.727
1628.92
1609.38
1718.14
1450.53
1666.51
1494.95
1002.46
1599.2
1645.41
1727.9
1551.11
1704.47
1644.02
1173.67
1605.47
1579.33
1729.24
1498.47
1709.22
1625.89
1061.1
1602.63
1214.57
1579.08
674.437
1204.41
922.013
411.163
1259.14
287.926
317.14
287.926
287.926
287.926
287.963
1609.7
1518.54
1633.17
1585.73
1718.74
1732.26
1701.61
1550.64
1346.02
1679.15
1015.59
1572.17
1362.34
636.659
1624.72
937.54
1566.49
817.424
1515.08
1246.54
455.654
1620.2
1480.73
1708.44
1444.65
1696.44
1601.97
988.514
1604.65
1409.12
1619.79
1022.86
1385.92
1038.23
572.095
1583.62
1170.62
1404.71
878.734
1147.61
616.08
387.667
1606.55
1312.33
1696.48
1098.02
1466.81
935.888
575.98
1533.16
1259.6
1252.46
1060.32
1051.91
536.643
549.834
1423.52
760.865
344.878
397.645
1084.7
565.992
1111.74
1068.55
737.126
303.578
387.782
722.87
379.95
1079.06
349.269
312.549
340.896
288.963
288.442
288.365
289.148
327.149
288.688
332.511
307.98
288.806
288.286
288.234
333.783
306.616
308.478
288.745
288.832
288.295
288.255
1558.31
1227.02
1495.43
929.47
1294.15
794.325
440.662
2227.47
2567.82
2225.77
2479.06
2059.75
1668.66
2235.7
1532.36
1058.28
1215.03
806.653
995.454
478.05
362.703
309.778
302.179
296.99
288.547
288.315
288.166
288.068
1374.99
503.587
1227.68
303.326
653.507
469.088
293.07
288.073
287.926
287.926
287.926
287.926
287.926
287.926
1960.83
2242.33
682.908
1691.03
1723.96
1131.05
2389.17
1006.85
483.027
298.257
310.423
654.961
349.021
824.255
311.55
305.689
326.508
288.656
288.094
288.229
288.349
1093.93
315.068
891.428
304.038
777.315
538.451
292.186
1172.38
1488.94
1186.42
817.876
822.225
291.548
519.885
339.108
995.842
919.483
1205.7
1082.1
1261.19
1306.16
1354.78
1046.98
1327
1189.97
1418.79
1334.48
1417.46
1480.29
1353.56
1422.61
1246.09
1455.35
1403.1
1438.22
1460.56
1298.26
751.049
1300.86
677.267
1285.1
1265.17
603.56
1353.68
1600.81
1515.34
1478.22
1325.81
1490.55
1438.56
1236.76
652.361
1285.98
1224.43
391.599
1127.31
507.47
981.483
493.784
1204.35
1154.14
317.056
882.347
426.961
1061.02
513.138
313.079
300.877
873.776
729.092
360.193
1232.63
451.285
1088.16
295.255
448.749
362.064
290.623
501.273
295.314
291.572
288.504
330.289
308.094
288.187
980.708
304.352
767.078
291.739
496.688
368.427
289.094
1136.22
956.952
875.313
407.426
456.435
340.154
291.348
888.449
885.821
1534.68
1100.38
290.188
398.918
391.617
916.604
1116.49
1552.33
914.99
290.471
401.548
336.056
701.973
474.966
1265.84
759.487
288.687
303.482
342.083
869.801
955.196
1528.39
1130.06
291.238
454.181
402.03
1203.03
1123.29
1649.74
1198.53
293.94
518.128
462.973
778.568
887.51
1369.85
532.264
288.863
302.805
312.09
300.032
289.472
292.463
287.997
288.122
287.991
287.947
704.507
314.497
688.794
302.444
288.427
288.379
303.859
511.079
876.373
747.023
354.879
310.857
300.738
288.783
740.561
694.065
467.811
337.94
302.052
299.437
288.624
293.523
289.218
294.5
288.029
287.943
287.946
288.012
363.948
342.191
995.495
601.055
288.098
295.417
299.024
581.959
293.482
288.476
337.248
287.98
288.516
292.812
334.561
518.609
846.593
310.04
288.028
291.882
288.584
311.256
289.16
288.208
294.684
287.941
289.209
288.006
289.061
289.24
294.64
288.031
287.944
288.017
287.947
348.305
570.775
956.64
333.231
288.067
294.256
288.991
322.307
291.59
498.956
306.279
287.957
290.311
288.173
1209.95
2431.75
1928.71
942.458
594.192
341.544
1569.63
483.813
755.18
1192.78
380.369
288.512
290.965
306.692
1855.83
350.297
1250.61
588.744
314.821
292.252
1135.1
390.466
293.61
595.2
315.723
288.02
288.25
294.743
382.143
289.299
374.859
293.51
288.014
288.007
294.053
297.063
289.583
410.043
316.423
287.945
289.555
288.271
292.156
288.697
288.339
287.938
287.989
287.961
287.932
306.071
460.342
625.606
297.637
288.018
288.22
291.028
308.196
288.789
346.315
291.477
287.941
287.976
289.018
287.99
287.927
287.989
287.984
287.927
287.983
287.927
287.975
287.957
287.927
287.926
287.973
287.96
287.927
287.927
287.984
287.98
287.927
287.989
287.984
287.927
287.927
287.955
287.97
287.975
287.926
287.959
287.927
287.985
287.927
287.977
287.963
287.927
287.97
287.926
553.966
350.835
1372.26
185.579
685.431
302.614
1198.59
1014.48
172.606
187.819
173.58
209.157
213.985
260.238
252.236
197.753
198.674
234.443
178.639
234.285
300.264
419.399
337.441
221.656
226.898
394.752
646.208
660.282
379.591
897.792
711.608
914.802
335.264
352.502
496.385
477.306
412.318
252.008
338.337
466.182
896.34
740.337
625.362
593.021
821.71
1001.11
1154.5
423.207
583.885
767.865
1141
1139.44
1358.92
740.78
1034.22
1034
724.86
1318.54
1503.27
1401.93
827.629
1222.22
1094.77
992.584
1101.1
179.996
911.973
161.265
179.3
838.711
172.314
895.687
1010.73
192.229
189.085
172.695
156.061
163.157
177.974
163.233
171.763
161.633
183.531
167.049
183.601
176.467
187.562
172.095
179.456
178.32
187.358
178.637
173.679
189.744
191.197
174.471
170.023
167.161
170.67
176.974
172.17
175.012
165.623
175.465
171.932
178.98
172.859
174.258
170.756
176.794
419.598
862.789
428.259
435.186
851.565
427.721
872.527
450.172
447.327
873.653
920.749
460.32
439.514
894.394
160.037
163.53
167.465
167.227
166.578
171.464
163.062
166.922
168.933
167.965
163.967
168.106
173.008
164.568
1113.66
205.628
201.073
1579.39
586.954
1627.86
613.509
167.574
171.523
163.599
541.612
909.01
554.888
911.806
181.912
184.752
162.897
158.392
162.495
183.06
167.54
193.826
166.109
165.768
187.152
169.991
190.294
170.2
163.562
162.262
162.509
166.939
167.752
168.844
166.03
160.524
156.827
160.611
156.955
161.592
164.941
166.607
451.358
994.152
497.019
992.137
495.92
454.888
915.846
507.584
1051.33
531.205
466.846
969.712
484.437
936.247
158.061
159.828
159.471
157.024
159.332
162.888
158.835
161.554
161.961
160.938
164.68
160.052
164.075
160.367
214.975
171.732
168.713
255.479
201.847
193.634
274.353
200.443
165.707
163.623
248.667
192.323
190.203
255.378
164.418
162.937
161.479
188.053
186.32
184.776
190.778
165.81
168.201
166.33
189.989
192.704
187.102
196.018
567.443
1097.13
562.968
661.381
1223.37
668.765
1222.08
167.465
177.784
167.155
200.099
252.032
239.295
205.886
574.41
1156.42
602.712
673.886
1277
1236.87
708.542
169.082
183.81
179.233
201.654
255.759
240.758
210.032
375.908
286.454
726.558
539.952
270.452
397.974
687.981
387.391
301.327
548.267
775.868
275.361
431.202
705.908
265.59
267.94
575.251
496.397
254.502
282.016
527.639
267.595
275.75
500.952
583.109
257.262
287.503
530.152
843.011
1427.7
1600.39
1175.39
1393.07
888.657
1122.73
309.601
484.295
690.765
861.385
443.864
337.592
638.818
310.958
487.907
862.497
694.964
445.345
341.15
640.215
827.087
1373.89
1118.67
1586.71
838.827
1378.47
1103.59
785.914
383.727
213.644
225.808
1159.56
208.588
948.185
1111.17
194.044
170.885
167.373
299.843
163.71
173.407
166.211
169.094
168.157
192.328
174.595
176.647
195.67
172.732
192.388
172.848
175.789
171.317
173.25
168.656
171.068
170.098
169.167
475.077
918.433
460.875
499.693
953.26
476.595
998.04
169.999
165.719
165.741
167.338
163.59
167.22
163.649
201.486
172.558
174.606
197.173
174.583
200.373
173.364
170.405
166.918
169.24
172.089
170.542
168.1
169.236
943.852
1567.69
2027.57
195.301
1107.8
1221.93
1753.72
166.918
199.351
201.138
169.624
215.396
193.93
169.922
163.474
166.261
162.924
165
166.378
165.938
164.971
1065.9
593.882
536.767
992.76
497.384
536.527
1066.08
546.541
1189.47
1016.86
567.357
617.423
509.777
1081.74
168.901
166.233
167.991
169.082
165.69
166.878
162.855
177.822
166.127
163.019
164.076
160.339
163.648
162.092
209.643
176.838
178.297
174.579
175.6
166.016
166.209
317.454
185.142
237.473
182.311
209.577
246.475
171.024
178.491
232.361
267.745
223.279
315.193
401.298
277.346
1374.54
1270.17
675.621
600.848
1282.25
688.891
1168.6
232.175
184.81
208.092
197.473
179.976
166.106
170.277
1302.81
649.196
716.13
1340.95
769.588
863.326
1417.06
513.404
240.705
345.312
575.711
713.545
843.32
431.975
912.544
756.947
972.219
378.277
527.276
693.128
537.675
1466.05
1387.73
810.235
995.25
1581.4
1172.72
1496.42
1403.92
1678.29
1269.58
1485.91
969.484
1095.06
1559.16
1433.78
1329.54
1206.24
938.835
1104.09
1223.76
797.489
1780.53
1861.78
1570.93
1261.29
1760.65
1458.24
1645.43
1353.28
701.961
1471.46
287.926
1274.27
1240.61
505.284
598.615
1499.85
785.89
1624.27
274.526
511.177
365.462
651.833
660.069
847.039
991.062
287.928
298.503
1377.04
1470.29
711.927
287.928
298.968
1435.78
1087.55
287.934
810.795
1476.38
376.331
287.935
537.741
1081.04
852.559
1113.8
875.131
1169.57
1381.17
907.125
1362.98
1034.51
1492.47
1216.01
1318.66
1558.89
876.235
1351.17
1028.06
1481.33
1195.24
1308.41
1560.75
1591.69
1546.48
1457.44
1592.44
1557.16
1397.56
1357.79
1631.43
1417.85
1208.78
1463.31
1652.27
1624.61
1639.37
1394.41
1490.62
1196.4
1462.63
1642.74
1619.38
1629.22
1459.07
1599.08
1594.5
1556.18
1559.4
1400.54
1372.52
1528.32
1473.63
1467.38
1389.47
1532.87
1079.89
1046.47
1481.33
1535.91
1385.47
1391.79
1535.2
1081.57
1055.03
1588.97
1598.58
1473.56
1551.16
1214.59
1580.47
1599.31
1632.49
964.922
1333.49
1310.64
1662.43
1515.8
1545.68
311.199
287.926
287.926
319.248
287.926
287.926
287.926
797.978
854.9
1466.57
832.645
315.268
768.071
325.248
368.393
398.053
1145.89
656.2
295.094
594.833
298.056
857.272
1446.72
1468.59
836.079
317.163
784.251
325.844
1107.78
400.835
1150.16
660.697
295.791
298.32
612.058
1296.91
752.884
1325.59
554.853
300.307
304.012
517.643
668.276
300.618
699.6
365.768
288.826
289.056
351.564
754.677
1305.5
1327.18
556.256
300.914
524.74
304.17
676.959
300.774
701.956
366.5
288.866
354.207
289.067
1107.43
620.528
995.871
498.727
982.561
930.261
944.637
622.918
502.756
1867.62
1294.84
1584.71
1439.95
754.315
708.588
861.937
755.715
356.299
359.805
512.98
494.639
504.776
971.016
964.338
980.691
960.043
1420.38
1203.49
1446.21
1172
419.424
1168.55
235.153
514.083
493.753
502.705
967.569
967.588
957.432
979.607
600.472
546.503
533.058
1002.71
1082.16
1017.09
1065.71
600.836
548.034
532.121
1000.68
1080.36
1064.95
1015.39
1242.7
1159.54
1198.19
2187.25
1827.32
2210.89
938.288
1153.46
1051.64
792.193
1427.33
1034.76
913.179
621.98
239.294
433.048
227.838
401.807
385.317
712.756
753.836
226.178
427.123
399.225
414.591
383.171
709.848
747.147
727.905
936.66
910.269
1170.65
1155.3
1261.85
1275.41
728.554
934.882
909.937
1168.06
1154.79
1260.75
1271.05
1214.91
1215.51
986.029
987.949
1223.97
981.655
1208.97
1211.93
986.53
979.111
1211.88
982.699
1206.44
1217.75
356.874
167.955
159.624
957.353
181.626
963.548
161.834
213.128
158.433
157.823
160.891
160.034
169.096
175.815
175.535
171.101
162.174
161.428
161.416
170.294
177.124
178.939
210.468
343.843
208.647
236.215
471.701
241.171
450.55
177.772
176.251
161.046
193.633
253.959
244.267
195.7
177.729
163.35
162.448
195.054
258.291
245.976
199.404
357.709
344.234
209.682
237.378
473.674
451.245
244.205
304.822
673.966
509.883
929.841
480.837
319.135
644.048
306.365
932.253
515.85
678.143
483.287
645.61
323.074
968.781
1259.49
1235.72
1230.54
944.84
1256.46
977.34
1233.06
1267.02
980.128
949.201
1242.69
1258.77
979.353
1115.1
1056.04
1185.34
1568.89
1459.84
1602.61
1430.98
1072.09
992.683
1021.15
1386.01
1404.33
1378.01
1408.47
1087.52
1565.42
1437.02
1045.61
1168.49
1555.27
1423.85
1062.07
1390.06
1399.02
986.881
1017.97
1383.52
1373.84
784.62
1224.18
822.307
1125.09
1453.99
1153.01
1439.28
1216.91
1146.07
815.142
1200.57
781.526
1122.04
1436.05
772.507
1141.07
726.511
1090.78
1432.28
1122.93
1412.58
1426.71
1117.78
767.985
1139.61
724.461
1088.4
1410.23
1297.57
1127.42
1313.62
1370.63
1447.9
1380.89
1442.24
1527.73
1843.94
1484.69
1842.2
2190.49
1872.05
2169.81
1269.77
1158.57
1121.48
1437.06
1523.9
1453.5
1516.14
1374.3
1306.97
1122.72
1105.91
1295.13
1368.41
1439.63
846.667
1282.18
1282.18
866.923
1281.72
1287.15
730.661
1290.23
872.1
1284.11
1290.16
721.884
1291.96
735.428
1478.05
1827.99
2149.88
1830.66
1466.26
1825.68
2156.25
1291.33
1446.6
1516.58
1268.52
1119.97
1435.35
1514.38
1661.48
1468.9
917.374
1686.45
988.325
1230.13
1497.94
1694.26
1490.3
987.411
1194.05
1232.07
1695.7
1500.95
1427.9
890.362
877.521
1450.59
964.148
949.758
1451.02
1453.35
1446.06
965.777
899.932
952.606
1454.46
1443.56
168.29
260.725
164.914
299.308
167.538
162.676
190.875
198.898
167.888
167.899
165.483
171.036
168.284
169.789
165.975
169.472
168.988
167.998
168.742
171.369
168.969
170.22
159.53
166.345
162.045
162.294
164.955
166.511
164.495
164.761
167.796
167.122
167.403
163.451
165.938
167.642
190.135
190.151
263.252
258.875
191.032
260.698
189.338
260.27
191.134
264.194
191.027
259.369
191.519
261.758
196.441
191.042
273.254
291.637
196.053
269.078
190.64
192.904
274.398
300.045
192.06
292.229
197.072
270.023
477.31
1439.45
796.651
1030.93
193.222
466.535
225.593
163.03
161.887
179.383
173.509
162.189
164.54
184.135
196.834
172.372
197.52
165.075
193.072
171.895
226.002
306.499
295.083
223.209
166.857
177.16
211.691
242.698
383.113
393.11
242.596
222.251
530.32
262.516
307.108
636.747
300.046
273.517
202.828
324.101
772.871
542.826
496.721
596.271
407.922
289.904
412.007
1002.07
803.124
600.126
593.946
757.182
368.386
466.732
1131.42
727.528
883.999
632.04
1121.34
1211.8
1264.8
913.797
1038.73
851.277
1411.2
1577.93
1421.14
1407.51
1438.76
1578.75
1584.97
1232.21
1037.38
538.339
368.945
1228.27
1052.9
553.273
1410.54
1440.36
1585.43
1592.06
1428.13
1581.18
1587.18
528.6
1026.8
1217.72
1228.89
367.657
1049.79
549.9
1698.32
2020.98
2364.04
2039.97
2236.48
1757.24
2386.31
2051.1
2403.06
2231.05
1733.58
1758.21
2060.38
2396.18
602.676
1414.93
1338.05
1442.23
663.431
860.989
1375.56
1444.94
1354.65
668.386
814.155
865.117
1429.97
1378.67
293.294
288.094
287.981
287.929
287.997
288.148
292.099
293.345
287.929
288.103
287.983
292.295
287.997
288.151
314.265
288.408
288.213
287.938
306.841
288.335
288.604
314.812
287.938
288.445
288.237
288.344
308.408
288.616
318.871
288.283
288.437
288.408
288.632
287.938
287.935
312.522
288.303
288.471
288.414
288.642
287.938
287.935
178.276
187.26
177.926
166.59
187.378
182.784
183.021
175.851
184.044
182.448
176.017
180.381
185.202
179.87
180.584
185.516
184.364
185.519
189.763
187.259
187.414
178.695
184.044
184.059
174.852
178.967
185.288
177.919
180.477
180.319
171.974
170.708
170.356
176.122
174.464
176.415
188.962
182.114
187.454
185.917
189.927
187.515
187.507
186.154
180.265
184.029
184.521
181.395
185.552
181.408
186.016
177.166
179.344
184.519
178.92
185.349
178.64
179.694
170.058
173.712
181.472
171.595
177.471
175.52
186.599
186.783
186.886
188.07
187.401
187.448
186.202
187.003
187.5
189.537
187.044
187.987
187.157
187.545
183.14
184.762
182.923
183.837
184.433
179.273
183.67
182.816
180.998
183.946
183.245
178.666
182.329
184.253
182.312
178.815
180.051
180.191
180.58
181.398
177.452
184.687
185.227
184.85
183.059
183.253
184.692
183.837
185.21
185.409
185.574
186.575
185.005
185.395
186.088
185.257
185.201
185.203
185.987
185.138
185.877
185.138
185.212
185.412
185.578
186.572
186.091
185.392
185.001
188.215
189.455
189.455
189.337
188.878
188.827
188.878
186.601
186.885
186.783
188.073
186.2
187.45
187.402
186.295
186.957
186.957
187.944
187.263
186.328
187.266
184.342
183.099
182.854
183.095
183.652
184.001
183.645
182.42
184.66
182.311
184.104
184.512
178.862
183.254
182.42
182.323
184.67
184.104
183.268
184.505
178.869
181.875
178.097
180.662
178.089
176.072
181.193
181.184
184.403
184.958
184.956
183.514
184.019
184.348
184.009
187.804
188.646
188.644
188.976
188.302
188.459
188.454
186.03
186.318
185.795
185.121
186.244
185.79
185.746
186.479
187.258
188.827
186.891
187.072
187.159
186.99
185.913
187.764
185.712
185.936
186.321
186.053
186.397
188.764
189.971
189.597
189.483
189.338
189.393
189.061
187.301
187.617
187.185
188.251
188.023
187.649
187.236
186.95
187.587
187.157
188.059
187.789
187.454
187.184
185.798
185.581
187.137
186.43
183.203
185.214
187.06
185.099
185.29
185.229
183.383
184.232
185.859
181.153
184.719
181.86
180.991
181.062
182.434
182.84
180.335
186.597
186.13
185.678
183.658
184.571
184.951
186.168
183.99
186.457
184.228
186.025
181.272
184.36
186.142
183.711
185.48
185.095
182.692
183.55
185.661
180.361
182.641
178.629
180.654
178.211
181.755
181.397
176.885
185.236
185.652
185.292
183.569
184.656
184.272
185.461
1622.66
1965.63
1011.26
327.748
2521.77
801.617
869.799
2250.51
1804.94
1623.37
674.828
2147.24
1123.4
1564.28
1628.31
545.041
1627.81
1555.08
851.808
622.828
780.481
2164.35
1209.94
2319.86
602.826
2392.13
1589.26
1638.35
1559.42
749.341
558.284
1519.73
363.776
1481.77
792.588
1039.53
1133.97
1054.44
1163.54
1475.36
1358.55
609.625
971.683
969.472
986.011
984.948
1279.68
1297.94
896.03
1091.34
1190.36
1191.82
1291.89
1539.34
1423.13
725.45
1034.55
1040.22
1142.45
1148.69
1366.12
1374.09
1546.73
1660.53
1346
1695.68
1385.98
1646.69
1877.31
700.183
1145.28
1024.26
1167.28
1043.41
1324.56
1436.29
843.933
1235.36
1106.54
1336
1213.79
1413.31
1516.28
1605.08
1719.39
1411.48
1811.81
1515.23
1731.83
1976.54
1373.18
1782.49
1484.25
1790.08
1684.4
1935.51
1628.8
339.55
1710.37
2447
287.926
288.087
1675.19
308.876
296.623
1626.3
1627.85
287.929
287.926
304.501
291.091
1631.68
1381.61
1507.37
1794.11
1677.23
1625.32
1931.82
1352.37
1785.53
1460.73
1789.94
1716.89
1965.66
1624.39
1544.01
1319.3
1302.99
1533.87
1601.94
1558.1
1586.59
1527.2
1293.09
1273.21
1526.3
1631.96
1607.19
1554.69
1537.2
1320.15
1308.04
1549.47
1605.68
1567.1
1589.98
1504.05
1807.08
1630.03
1811
1472.93
1777.98
1636.08
1455.22
1510.08
1450.56
1555.04
1410.54
1396.84
1568.03
2028.34
1937.49
1699.21
1992.7
2475.14
2239.85
2191.49
1963.59
1850.18
1621.12
1972.25
2447.95
2238.87
2156.88
1571.65
1460.36
1348.94
1563.36
1586.85
1633.26
1594.82
1556.01
1427.83
1318.47
1554.74
1631.83
1618.96
1626.57
1968.97
1899.64
1660.9
1994.56
2455.22
2228.03
2209.3
2097.63
2110.07
1838.47
2047.23
2493.56
2186.65
2290.27
1469.36
1568.04
1356.72
1579.1
1589.99
1597.9
1636.29
1567.46
1512.65
1492.64
1574.56
1258.69
1369.8
1603.13
1605.6
1364.92
784.768
1407.18
1397.6
1626.08
1356.06
1957.86
1342.48
1434.14
1488.61
1873.61
1707.48
1819.7
1890.01
1337.37
1006.88
1132.79
1534.57
1736.62
1621.85
1536.85
1268.42
1071.57
538.548
1053.1
1549.25
1255.06
1958.15
1493.15
1879.43
1448.37
1839.63
1366.82
881.76
1606.99
1408.65
1398.43
1369.91
1358.33
786.401
805.684
2241.57
2063.44
2606.88
2617.28
2335.46
2304.27
2458.64
2233.63
2615.31
2337.71
2608.7
2314.01
2086.2
2535.6
1616.84
724.468
1209.36
1272.82
1376.71
1624.6
1330.71
2221.57
2578.5
1761.83
2513.87
2121.06
2253.07
2478.47
1534.32
1058.81
477.582
806.043
991.237
1213.8
1487.9
1618.35
1273.13
1376.9
1210.5
1331.05
724.783
546.308
1353.55
639.533
422.28
361.621
1856.98
963.356
919.336
1268.3
237.165
1440.15
1298.15
400.256
521.858
331.365
175.225
171.42
210.629
183.017
173.188
245.136
186.582
313.182
225.136
168.04
176.201
167.764
178.89
180.449
214.512
210.22
1166.28
674.039
599.291
1277.05
684.107
779.343
1368.59
197.76
180.309
167.744
187.03
210.009
233.365
301.437
484.06
307.486
222.179
479.005
658.031
768.935
359.442
318.709
206.661
210.546
331.416
595.723
609.267
318.28
547.679
335.725
239.429
497.334
701.598
812.859
378.043
380.652
223.552
229.797
352.968
646.061
665.381
337.44
1452.08
1368.4
776.049
913.463
1531.73
1101.63
1447.34
390.14
288.624
228.021
390.881
838.035
685.801
523.477
476.463
256.017
343.716
416.787
908.581
750.31
560.54
1471.09
1375.82
796.577
925.587
1553.6
1137.18
1451.31
776.901
1045.58
1036.39
1461.94
1141.13
1126.03
668.127
624.171
1282.06
985.668
971.095
988.106
970.125
608.744
1105.84
1625.76
1669.65
1651.79
1355.74
1335.77
1533.05
704.247
1174.53
1328.07
1147.44
1049.71
1026.01
857.246
1345.14
2543.73
2108.21
1362.92
855.944
417.969
1981.97
323.715
833.993
815.643
323.856
288.809
328.108
288.717
560.813
911.349
1396.68
570.199
289.023
294.915
340.835
2473.01
1030.27
1981.7
1263.74
654.639
354.627
1898.77
777.368
402.549
1241.19
508.202
288.561
291.547
327.235
712
302.629
691.283
314.768
288.441
288.384
318.048
312.569
577.817
756.585
312.616
288.092
288.445
296.665
462.4
297.683
625.949
306.156
288.019
288.222
294.207
288.125
288.204
301.392
292.647
287.995
288.017
287.927
287.95
287.927
287.965
287.952
287.926
287.926
287.941
287.927
290.431
287.959
288.932
287.926
287.939
287.962
288.184
288.078
298.412
291.231
287.927
287.973
288.007
288.974
288.093
287.969
287.941
287.926
287.93
287.928
487.452
288.054
288.015
292.25
294.378
288.035
287.928
377.742
288.015
287.966
290.928
289.083
287.965
287.927
289.068
287.948
289.08
287.996
292.008
287.997
287.927
288.577
287.962
289.701
287.935
288.311
287.95
287.926
306.668
287.932
291.849
289.052
288.483
288.107
404.588
288.633
287.963
289.614
287.937
288.399
287.95
287.926
287.926
287.926
287.926
287.926
287.926
287.926
287.926
287.946
287.926
287.935
287.926
287.934
287.95
287.926
325.492
287.968
287.953
287.939
288.469
289.811
288.756
479.927
288.009
288.031
288.051
294.229
292.57
291.96
287.926
287.941
287.926
287.926
287.943
287.932
287.926
287.942
287.926
287.944
287.933
287.926
287.932
287.926
288.761
318.255
288.359
287.954
289.877
287.978
287.927
288.738
287.976
289.758
287.938
288.34
287.952
287.926
287.94
287.926
287.929
287.926
287.931
287.926
287.934
291.796
287.937
287.929
287.928
288.1
287.969
288.206
287.938
287.926
287.933
287.926
287.93
287.928
287.926
287.964
287.929
288.192
287.928
288.075
287.936
287.926
290.828
287.928
288.11
287.928
288.076
287.936
287.926
401.818
303.178
287.949
298.878
289.333
289.863
814.661
288.15
287.934
287.926
287.93
287.933
287.929
288.172
288.204
287.927
287.926
287.926
287.974
287.929
287.935
288.597
287.928
287.927
287.926
288.012
287.936
287.943
289.089
287.926
287.935
287.93
287.962
287.94
288.201
288.969
287.928
287.929
287.942
287.946
287.926
287.926
288.068
287.926
287.927
287.926
287.931
287.928
287.97
294.001
287.947
287.927
287.943
288.003
288.028
288.894
287.926
287.928
288.07
288.378
287.926
287.934
287.936
288.618
287.944
287.926
287.94
287.939
288.701
287.942
287.927
287.926
287.926
287.927
287.926
287.926
287.926
287.927
287.926
287.926
287.926
287.927
287.926
287.926
287.927
287.926
287.929
287.927
287.926
287.926
287.926
287.926
287.932
287.926
287.926
287.933
287.926
287.926
287.926
287.926
287.937
287.926
287.94
287.926
287.926
287.926
287.926
287.926
287.926
287.926
287.926
287.926
287.926
287.926
287.927
287.926
287.926
287.926
287.926
287.928
287.929
288.053
287.928
287.926
287.926
287.926
287.926
287.926
287.945
287.927
287.926
287.926
287.926
287.927
287.927
287.991
287.928
287.926
287.926
287.926
287.926
287.926
287.931
287.926
287.926
287.926
287.926
287.927
287.928
287.996
287.927
287.926
287.926
287.926
287.926
287.926
287.94
287.926
287.926
287.926
287.926
287.926
287.926
287.932
287.926
287.926
287.926
287.926
287.927
287.928
287.986
287.927
287.926
287.926
287.926
287.926
287.926
287.933
287.926
287.926
287.926
287.926
287.926
287.926
287.931
287.926
287.927
287.926
287.926
287.931
287.926
287.933
287.926
287.926
287.926
287.926
287.936
287.926
287.94
287.926
287.926
287.926
287.926
287.926
287.929
287.926
287.926
287.927
287.926
287.926
287.926
287.926
287.926
287.926
287.926
287.926
287.926
287.926
287.926
287.926
287.926
287.926
287.926
287.926
287.926
287.926
287.926
287.926
287.926
287.926
287.926
287.926
287.926
287.926
287.926
287.926
287.926
287.926
)
;

boundaryField
{
    ground
    {
        type            zeroGradient;
    }
    outlet
    {
        type            zeroGradient;
    }
    wall
    {
        type            zeroGradient;
    }
    wall2
    {
        type            zeroGradient;
    }
    wall3
    {
        type            zeroGradient;
    }
    internalPatch
    {
        type            internal;
    }
    procBoundary5to0
    {
        type            processor;
        value           nonuniform List<scalar> 
29
(
287.926
287.926
287.926
287.928
288.101
299.779
659.621
1350.06
1586.49
1510.23
1515.1
940.105
326.534
291.09
288.055
287.93
287.926
287.926
287.926
287.93
287.926
288.168
301.287
623.666
1248.73
469.3
296.861
288.147
287.93
)
;
    }
    procBoundary5to3
    {
        type            processor;
        value           nonuniform List<scalar> 
811
(
287.926
287.926
287.926
287.926
287.926
287.926
287.926
287.926
287.926
287.926
287.926
287.926
287.926
287.926
287.926
287.926
287.926
287.926
287.926
287.926
287.926
287.926
287.926
287.926
287.926
287.926
287.926
287.926
287.926
287.926
287.926
287.926
287.926
287.926
287.926
287.926
287.926
287.926
287.926
287.926
287.926
287.926
287.926
287.926
287.934
287.926
287.926
287.926
287.926
287.926
287.926
287.926
287.926
287.926
287.926
287.926
287.926
287.926
287.926
287.926
287.926
287.926
287.926
287.926
287.926
287.926
287.926
287.926
287.926
287.926
287.926
287.926
287.926
287.926
287.926
287.926
287.926
287.926
287.926
287.926
287.926
287.926
287.926
287.926
287.928
288.027
290.617
288.13
287.936
287.926
287.932
287.926
287.926
287.926
287.926
287.926
287.926
287.945
287.927
287.927
287.926
287.926
287.926
287.926
287.926
287.926
287.926
287.926
287.926
287.926
287.926
287.926
287.926
287.926
287.926
287.926
287.926
287.926
287.926
287.933
287.976
287.93
287.946
287.927
287.931
287.926
287.926
287.926
287.926
287.926
287.926
287.926
287.928
288.031
287.947
288.732
308.543
506.155
324.162
291.005
288.085
289.041
287.971
287.927
287.926
287.926
287.926
287.926
287.929
288.069
288.069
287.945
287.926
287.926
287.926
287.926
287.926
287.926
287.926
287.926
287.926
287.926
287.926
287.926
287.926
287.926
287.926
287.926
287.926
287.926
287.926
287.926
287.926
287.926
287.929
287.929
287.933
287.933
287.99
288.281
289.161
288.135
288.483
287.992
288.074
287.938
287.926
287.926
287.926
287.926
287.926
287.926
287.926
287.933
288.264
300.809
291.99
377.852
773.77
1099.26
820.322
482.221
308.405
345.745
291.48
288.069
287.931
287.926
287.926
287.926
287.926
287.936
288.376
288.376
287.934
287.928
287.926
287.926
287.926
287.926
287.926
287.926
287.926
287.926
287.926
287.926
287.926
287.926
287.926
287.926
287.926
287.926
287.926
287.926
287.926
287.926
287.926
287.926
287.926
287.926
287.926
287.929
287.927
287.942
287.942
287.926
287.926
287.926
287.927
287.99
288.281
289.161
291.001
291.001
293.736
289.04
289.648
288.163
287.947
287.927
287.926
287.926
287.926
287.926
287.926
287.926
287.941
288.62
313.501
637.376
515.131
986.835
1271.61
1370.66
1241.11
998.425
650.035
723.215
375.455
293.577
288.152
287.934
287.926
287.926
287.926
287.926
287.942
288.614
288.614
287.938
287.926
287.926
287.926
287.926
287.926
287.926
287.939
287.93
287.971
287.932
287.926
287.926
287.926
287.926
287.926
287.926
287.926
287.926
287.926
287.926
287.926
287.926
287.926
287.926
287.926
287.926
287.926
287.926
287.926
287.926
287.934
288.024
287.973
287.973
287.926
287.926
287.926
287.926
287.926
287.926
287.926
287.931
287.943
287.97
288.012
293.736
296.381
296.381
297.727
289.975
288.211
287.952
287.927
287.926
287.926
287.926
287.926
287.926
287.926
287.946
288.87
322.269
695.146
1170.56
1119.32
1359.5
1434.5
1449.28
1399.1
1286.74
1067.71
1092.84
749.211
387.063
294.375
288.182
287.935
287.926
287.926
287.926
287.926
287.944
288.689
288.689
287.94
287.926
287.926
287.926
287.926
287.926
287.927
287.947
288.16
288.071
288.891
288.248
287.974
287.929
287.942
287.926
287.928
287.931
287.932
287.926
287.926
287.926
287.926
287.926
287.926
287.93
288.026
289.182
296.127
311.043
325.077
328.89
331.395
380.158
700.069
1192.84
1299.95
1293.82
1242.03
1064.54
787.746
483.102
326.019
291.838
288.161
287.936
287.926
287.927
288.01
297.179
776.572
776.572
302.345
288.108
287.928
287.927
288.027
293.136
450.223
1281.79
2000.63
2345.19
2439.58
2438.56
2415.45
2397.58
2390.18
2383.36
2371.91
2364.09
2360.27
2004.41
1544.75
1263.97
1231.98
1235.35
1204.03
1066.83
737.452
360.91
290.993
288.003
287.927
287.941
288.753
326.126
809.308
306.585
288.159
287.929
287.926
287.929
287.976
288.377
290.618
293.4
296.357
297.888
289.991
288.211
287.951
287.927
287.926
287.926
287.926
287.926
287.926
287.926
287.947
288.881
322.731
698.602
1174.51
1391.43
1389.78
1453.7
1461.03
1464.73
1455.94
1411.06
1304.28
1361.41
1152.93
800.834
406.958
295.794
288.233
287.936
287.926
287.926
287.926
287.926
287.947
288.854
288.854
287.942
287.926
287.926
287.926
287.926
287.926
287.927
287.948
288.181
289.66
289.495
295.329
292.428
289.34
288.153
288.612
287.979
288.036
288.075
288.071
287.932
289.742
299.486
320.565
341.414
347.474
350.59
417.46
789.517
793.383
745.626
610.631
439.963
330.253
295.047
288.569
287.967
287.928
287.926
287.926
287.939
289.136
390.151
390.151
289.765
287.952
287.926
287.926
287.941
288.634
313.524
682.242
1381.95
1839.18
2039.25
2091.37
2085.7
2069.13
2058.8
2051.81
2043.16
2032.81
1647.55
1412.53
1370.73
1372.27
1354.37
1261.94
978.107
503.735
299.482
288.22
287.932
287.926
287.926
287.926
287.939
288.465
287.933
287.926
287.926
287.926
287.926
287.936
288.052
288.918
289.588
288.149
287.945
287.927
287.926
287.926
287.926
287.926
287.926
287.926
287.94
288.597
313.083
638.093
1123.25
1359.05
1429.18
1453.43
1459.27
1462.5
1516.03
1519.81
1511.57
1468.18
1712.37
1657.41
1504.84
1178.05
668.508
325.175
289.41
287.969
287.927
287.926
287.926
287.927
288.024
293.473
293.473
287.995
287.927
287.926
287.926
287.926
287.926
287.927
287.949
288.188
289.776
296.559
296.079
311.334
309.16
301.336
292.44
297.036
289.319
289.798
299.817
321.406
342.6
348.461
350.906
419.283
394.337
346.808
309.724
293.124
288.638
287.991
287.93
312.659
336.047
333.66
329.299
313.609
1724.89
1721.17
1715.09
1694.31
1486.77
1439.04
1437.7
287.926
287.926
287.926
287.926
287.926
287.926
287.926
287.926
287.926
287.926
287.926
287.926
297.727
288.081
287.928
287.926
287.926
287.926
287.926
287.926
287.926
287.926
287.926
287.926
287.926
287.926
287.926
287.926
287.926
287.926
287.926
287.926
287.926
287.928
288.073
288.073
287.939
287.926
287.926
287.926
287.926
287.926
287.926
287.926
287.927
287.926
287.939
288.079
288.079
288.024
287.927
287.926
287.926
287.926
287.926
287.926
287.926
287.926
287.926
287.926
287.926
287.926
287.927
287.928
288.057
287.926
287.926
287.926
287.926
287.926
287.926
287.926
287.926
287.926
287.926
287.926
287.926
287.926
287.926
287.926
287.926
287.928
288.106
288.106
287.942
287.927
287.942
288.109
288.109
287.929
287.928
287.926
287.926
287.926
287.926
287.926
287.926
287.926
287.926
287.926
287.926
287.926
287.926
287.926
287.926
287.926
287.926
287.926
287.926
287.926
287.926
287.926
287.926
287.926
287.926
287.926
287.926
287.926
287.926
287.926
287.926
287.926
287.926
287.926
287.926
287.926
287.926
287.926
287.926
287.926
287.926
287.926
287.926
)
;
    }
    procBoundary5to4
    {
        type            processor;
        value           nonuniform List<scalar> 
714
(
1184.39
477.388
334.269
960.19
1440.68
1391.38
1297.54
1266.31
654.928
300.684
291.69
288.622
287.937
287.926
287.926
287.926
287.926
287.926
287.926
287.926
287.927
287.927
287.927
287.927
287.927
287.927
287.927
287.927
287.926
287.926
287.936
288.455
317.151
317.151
313.326
305.707
298.101
511.891
359.257
299.956
289.012
287.994
293.74
590.26
1380.56
1618.23
1488.61
918.174
335.908
288.748
322.856
733.825
1231.84
1429.39
1462.54
1453.5
1450.56
1498.17
1711.44
2025.75
2308
2034.21
1732.19
1503.57
1368.69
1283.97
1199.8
1101.45
1013.46
955.588
925.647
911.145
904.388
900.896
902.621
909.799
903.821
890.715
879.673
865.091
847.707
830.4
822.741
826.677
839.804
868.819
924.961
1014.34
1123.66
1241.8
1387.71
1591.59
1850.77
2170.92
2339.79
2067.08
1549.19
985.283
752.485
730.669
721.326
644.462
478.384
1237.4
1519.78
1349.65
1010.8
1236.12
1474.03
1584.98
1331.32
582.318
294.444
288.012
287.927
287.956
288.449
294.635
590.136
1337.41
1495.19
1343.06
1164.49
992.09
819.78
1200.48
1282.7
795.502
317.099
288.475
288.14
287.983
287.927
287.93
287.936
287.947
287.96
287.97
287.975
287.983
287.989
287.997
287.998
287.991
287.972
287.951
289.2
352.009
352.009
344.874
328.94
312.46
661.041
1288.81
1228.93
1062.08
719.121
372.778
1128.95
1572.76
1490.52
1200.62
1463.85
1621
1513.36
901.29
1452.93
1588.21
1537.12
1464.88
1422.89
1425.68
1469.54
1586.48
1781.08
1442.22
1118.31
879.859
730.43
634.56
560.732
508.23
478.943
466.088
460.598
458.313
457.143
457.534
459.819
456.237
449.98
442.944
425.664
425.664
417.539
417.539
417.61
414.046
413.66
417.48
429.275
457.031
509.07
585.04
694.288
878.31
1171.53
1527.02
1861.98
1992.38
1603.56
1394.08
1359.02
1361.17
1338.68
1472.11
1223.94
814.21
417.233
588.429
871.762
1188.87
1464.4
1575.02
1211.19
434.897
290.166
326.4
951.279
1513.32
1481.38
1263.96
1022.17
751.49
527.921
392.833
321.426
679.298
1117.52
1268.32
893.079
340.857
288.993
289.585
290.046
290.276
290.659
290.924
291.334
291.422
291.128
290.247
393.568
393.568
385.338
362.543
334.989
778.885
1309.16
1251.48
1328.31
1413.74
1473.8
1429.98
1512.85
1267.46
923.21
560.564
865.459
1174.71
1464.5
1625.71
1496.8
1317.34
1192.96
1126.28
1121.36
1168.4
1249.63
845.131
507.348
312.431
231.162
200.888
195.479
194.93
196.111
198.255
200.603
201.298
200.687
199.029
197.367
198.278
197.716
197.716
196.096
425.664
425.664
417.539
417.539
192.859
189.781
189.781
185.154
181.519
177.662
175.465
176.036
181.744
208.738
279.487
463.95
831.566
1276.73
1604.43
1473.28
1426.94
1433.68
1150.82
696.172
343.055
206.011
228.306
297.917
499.919
839.526
1207.04
898.248
586.491
363.173
258.32
218.586
200.688
192.93
287.242
591.442
1053.83
1250.03
946.114
365.483
383.005
391.19
402.898
410.874
424.817
428.571
421.774
421.774
416.935
396.488
362.689
870.344
1310.43
1192.84
796.442
908.862
1043.18
1186.95
1352.85
1041.84
646.79
336.858
204.774
312.401
554.398
886.61
1212.58
997.945
828.435
734.386
710.818
759.731
411.458
233.143
181.136
167.432
169.638
173.473
176.813
180.552
183.627
185.138
185.138
184.804
184.804
182.987
182.996
184.984
184.984
186.577
197.716
197.716
185.286
183.828
193.381
192.294
182.996
182.474
189.781
189.781
181.79
177.933
177.933
172.714
166.674
161.458
157.173
155.343
166.144
207.327
349.368
710.666
1177.17
1132.27
660.337
320.998
199.075
163.384
165.762
172.303
192.383
269.233
504.112
289.327
206.385
179.234
169
164.744
163.587
164.502
190.642
273.246
547.988
1015.35
1235.71
968.739
977.134
981.605
985.987
1004.27
1016.67
1016.67
1025.71
1025.42
997.382
1276.16
1062.09
592.983
289.855
380.983
462.454
602.77
809.902
424.471
227.712
170.202
158.918
168.765
209.942
350.09
637.25
474.712
398.172
377.572
220.193
174.533
162.429
164.824
169.993
174.138
178.303
181.933
184.057
185.138
185.138
184.804
184.804
183.977
181.883
182.094
184.841
184.984
184.984
185.479
185.823
186.5
184.649
183.826
183.494
183.278
182.813
183.479
181.861
177.933
177.933
178.704
173.173
167.013
161.413
156.032
153.917
154.793
156.3
160.602
187.864
161.451
156.99
156.774
156.954
158.714
162.054
164.964
166.357
191.056
269.097
532.136
1000.65
1230.42
1214.88
1209.03
1206.85
1215.98
1215.98
1226.73
1248.19
995.716
524.068
267.312
190.817
196.298
218.604
240.177
292.792
191.354
161.779
161.848
165.74
162.292
163.048
184.003
256.54
227.334
176.458
162.539
163.481
167.676
171.059
174.952
178.804
181.237
184.057
184.057
184.057
183.977
183.977
183.977
181.331
179.19
179.088
182.023
184.841
184.841
184.841
186.152
186.423
186.13
185.658
185.015
184.838
184.53
184.851
183.945
182.451
178.704
178.704
178.704
175.97
170.593
165.179
160.558
156.093
156.147
154.355
157.404
159.636
162.198
166.116
170.717
174.475
175.517
168.972
168.972
168.76
191.056
261.811
504.884
971.073
960.251
948.2
952.309
952.309
960.965
495.84
259
189.385
167.268
166.426
167.127
171.936
177.358
161.454
163.951
168.033
170.974
174.388
176.719
177.018
175.209
174.75
177.391
179.7
184.035
184.035
187.133
187.057
186.166
185.676
185.551
185.202
185.232
184.697
184.256
183.245
180.582
180.582
176.421
171.696
166.888
162.803
159.722
180.327
180.327
181.473
181.473
181.473
185.295
184.035
184.035
185.867
185.231
184.764
184.427
180.582
180.582
183.835
180.327
180.327
181.473
184.524
184.047
173.712
167.529
169.459
171.371
171.371
171.371
170.228
191.539
259.427
494.818
486.318
489.451
489.451
257.536
189.89
168.542
169.486
167.678
165.064
163.197
161.33
165.932
168.75
170.945
171.461
170.02
169.086
171.215
165.504
167.154
166.921
169.478
171.604
171.371
171.371
171.604
171.604
170.064
190.894
257.165
257.536
189.89
168.542
169.486
169.486
167.678
165.064
163.197
164.972
165.406
164.183
171.604
171.604
)
;
    }
}


// ************************************************************************* //
