/*--------------------------------*- C++ -*----------------------------------*\
  =========                 |
  \\      /  F ield         | OpenFOAM: The Open Source CFD Toolbox
   \\    /   O peration     | Website:  https://openfoam.org
    \\  /    A nd           | Version:  9
     \\/     M anipulation  |
\*---------------------------------------------------------------------------*/
FoamFile
{
    format      ascii;
    class       volScalarField;
    location    "0.0004";
    object      rho;
}
// * * * * * * * * * * * * * * * * * * * * * * * * * * * * * * * * * * * * * //

dimensions      [1 -3 0 0 0 0 0];

internalField   nonuniform List<scalar> 
2660
(
1.225
1.225
1.225
1.225
1.225
1.225
1.225
1.225
1.225
1.225
1.225
1.225
1.225
1.225
1.225
1.225
1.225
1.225
1.225
1.225
1.225
1.225
1.225
1.225
1.225
1.225
1.225
1.225
1.225
1.225
1.225
1.225
1.225
1.225
1.225
1.225
1.225
1.225
1.225
1.225
1.225
1.225
1.225
1.225
1.225
1.225
1.225
1.225
1.225
1.225
1.225
1.225
1.225
1.225
1.225
1.225
1.225
1.225
1.225
1.225
1.225
1.225
1.225
1.225
1.225
1.225
1.225
1.225
1.225
1.225
1.225
1.225
1.225
1.225
1.225
1.225
1.225
1.225
1.225
1.225
1.225
1.225
1.225
1.225
1.225
1.225
1.225
1.225
1.225
1.225
1.225
1.225
1.225
1.225
1.225
1.225
1.225
1.225
1.225
1.225
1.225
1.225
1.225
1.225
1.225
1.225
1.225
1.225
1.225
1.225
1.225
1.225
1.225
1.225
1.225
1.225
1.225
1.225
1.225
1.225
1.225
1.225
1.225
1.225
1.225
1.225
1.225
1.225
1.225
1.225
1.225
1.225
1.225
1.225
1.225
1.225
1.225
1.225
1.225
1.225
1.225
1.225
1.225
1.225
1.225
1.225
1.225
1.225
1.225
1.225
1.225
1.225
1.225
1.225
1.225
1.225
1.225
1.225
1.225
1.225
1.225
1.225
1.225
1.225
1.225
1.225
1.225
1.225
1.225
1.225
1.225
1.225
1.225
1.225
1.225
1.225
1.225
1.225
1.225
1.225
1.225
1.225
1.225
1.225
1.225
1.225
1.225
1.225
1.225
1.225
1.225
1.225
1.225
1.225
1.225
1.225
1.225
1.225
1.225
1.225
1.225
1.225
1.225
1.225
1.225
1.225
1.225
1.225
1.225
1.225
1.225
1.225
1.225
1.225
1.225
1.225
1.225
1.225
1.225
1.225
1.225
1.225
1.225
1.225
1.225
1.225
1.225
1.225
1.225
1.225
1.225
1.225
1.225
1.225
1.225
1.225
1.225
1.225
1.225
1.225
1.225
1.225
1.225
1.225
1.225
1.225
1.225
1.225
1.225
1.225
1.225
1.225
1.225
1.225
1.225
1.225
1.225
1.225
1.225
1.225
1.225
1.225
1.225
1.225
1.225
1.225
1.225
1.225
1.225
1.225
1.225
1.225
1.225
1.225
1.225
1.225
1.225
1.225
1.225
1.225
1.225
1.225
1.225
1.225
1.225
1.225
1.225
1.225
1.225
1.225
1.225
1.225
1.225
1.225
1.225
1.225
1.225
1.225
1.225
1.225
1.225
1.225
1.225
1.225
1.225
1.225
1.225
1.225
1.225
1.225
1.225
1.225
1.225
1.225
1.225
1.225
1.225
1.225
1.225
1.225
1.225
1.225
1.225
1.225
1.225
1.225
1.225
1.225
1.225
1.225
1.225
1.225
1.225
1.225
1.225
1.225
1.225
1.225
1.225
1.225
1.225
1.225
1.225
1.225
1.225
1.225
1.225
1.225
1.225
1.225
1.225
1.225
1.225
1.225
1.225
1.225
1.225
1.225
1.225
1.225
1.225
1.225
1.225
1.225
1.225
1.225
1.225
1.225
1.225
1.225
1.225
1.225
1.225
1.225
1.225
1.225
1.225
1.225
1.225
1.225
1.225
1.225
1.225
1.225
1.225
1.225
1.225
1.225
1.225
1.225
1.225
1.225
1.225
1.225
1.225
1.225
1.225
1.225
1.225
1.225
1.225
1.225
1.225
1.225
1.225
1.225
1.225
1.225
1.225
1.225
1.225
1.225
1.225
1.225
1.225
1.225
1.225
1.225
1.225
1.225
1.225
1.225
1.225
1.225
1.225
1.225
1.225
1.225
1.225
1.225
1.225
1.225
1.225
1.225
1.225
1.225
1.225
1.225
1.225
1.225
1.225
1.225
1.225
1.225
1.225
1.225
1.225
1.225
1.225
1.225
1.225
1.225
1.225
1.225
1.225
1.225
1.225
1.225
1.225
1.225
1.225
1.225
1.225
1.225
1.225
1.225
1.225
1.225
1.225
1.225
1.225
1.225
1.225
1.225
1.225
1.225
1.225
1.225
1.225
1.225
1.225
1.225
1.225
1.225
1.225
1.225
1.225
1.225
1.225
1.225
1.225
1.225
1.225
1.225
1.225
1.225
1.225
1.225
1.225
1.225
1.225
1.225
1.225
1.225
1.225
1.225
1.225
1.225
1.225
1.225
1.225
1.225
1.225
1.225
1.225
1.225
1.225
1.225
1.225
1.225
1.225
1.225
1.225
1.225
1.225
1.225
1.225
1.225
1.225
1.225
1.225
1.225
1.225
1.225
1.225
1.225
1.225
1.225
1.225
1.225
1.225
1.225
1.225
1.225
1.225
1.225
1.225
1.225
1.225
1.225
1.225
1.225
1.225
1.225
1.225
1.225
1.225
1.225
1.225
1.225
1.225
1.225
1.225
1.225
1.225
1.225
1.225
1.225
1.225
1.225
1.225
1.225
1.225
1.225
1.225
1.225
1.225
1.225
1.225
1.225
1.225
1.225
1.225
1.225
1.225
1.225
1.225
1.225
1.225
1.225
1.225
1.225
1.225
1.225
1.225
1.225
1.225
1.225
1.225
1.225
1.225
1.225
1.225
1.225
1.225
1.225
1.225
1.225
1.225
1.225
1.225
1.225
1.225
1.225
1.225
1.225
1.225
1.225
1.225
1.225
1.225
1.225
1.225
1.225
1.225
1.225
1.225
1.225
1.225
1.225
1.225
1.225
1.225
1.225
1.225
1.225
1.225
1.225
1.225
1.225
1.225
1.225
1.225
1.225
1.225
1.225
1.225
1.225
1.225
1.225
1.225
1.225
1.225
1.225
1.225
1.225
1.225
1.225
1.225
1.225
1.225
1.225
1.225
1.225
1.225
1.225
1.225
1.225
1.225
1.225
1.225
1.225
1.225
1.225
1.225
1.225
1.225
1.225
1.225
1.225
1.225
1.225
1.225
1.225
1.225
1.225
1.225
1.225
1.225
1.225
1.225
1.225
1.225
1.225
1.225
1.225
1.225
1.225
1.225
1.225
1.225
1.225
1.225
1.225
1.225
1.225
1.225
1.225
1.225
1.225
1.225
1.225
1.225
1.225
1.225
1.225
1.225
1.225
1.225
1.225
1.225
1.225
1.225
1.225
1.225
1.225
1.225
1.225
1.225
1.225
1.225
1.225
1.225
1.225
1.225
1.225
1.225
1.225
1.225
1.225
1.225
1.225
1.225
1.225
1.225
1.225
1.225
1.225
1.225
1.225
1.225
1.225
1.225
1.225
1.225
1.225
1.225
1.225
1.225
1.225
1.225
1.225
1.225
1.225
1.225
1.225
1.225
1.225
1.225
1.225
1.225
1.225
1.225
1.225
1.225
1.225
1.225
1.225
1.225
1.225
1.225
1.225
1.225
1.225
1.225
1.225
1.225
1.225
1.225
1.225
1.225
1.225
1.225
1.225
1.225
1.225
1.225
1.225
1.225
1.225
1.225
1.225
1.225
1.225
1.225
1.225
1.225
1.225
1.225
1.225
1.225
1.225
1.225
1.225
1.225
1.225
1.225
1.225
1.225
1.225
1.225
1.225
1.225
1.225
1.225
1.225
1.225
1.225
1.225
1.225
1.225
1.225
1.225
1.225
1.225
1.225
1.225
1.225
1.225
1.225
1.225
1.225
1.225
1.225
1.225
1.225
1.225
1.225
1.225
1.225
1.225
1.225
1.225
1.225
1.225
1.225
1.225
1.225
1.225
1.225
1.225
1.225
1.225
1.225
1.225
1.225
1.225
1.225
1.225
1.225
1.225
1.225
1.225
1.225
1.225
1.225
1.225
1.225
1.225
1.225
1.225
1.225
1.225
1.225
1.225
1.225
1.225
1.225
1.225
1.225
1.225
1.225
1.225
1.225
1.225
1.225
1.225
1.225
1.225
1.225
1.225
1.225
1.225
1.225
1.225
1.225
1.225
1.225
1.225
1.225
1.225
1.225
1.225
1.225
1.225
1.225
1.225
1.225
1.225
1.225
1.225
1.225
1.225
1.225
1.225
1.225
1.225
1.225
1.225
1.225
1.225
1.225
1.225
1.225
1.225
1.225
1.225
1.225
1.225
1.225
1.225
1.225
1.225
1.225
1.225
1.225
1.225
1.225
1.225
1.225
1.225
1.225
1.225
1.225
1.225
1.225
1.225
1.225
1.225
1.225
1.225
1.225
1.225
1.225
1.225
1.225
1.225
1.225
1.225
1.225
1.225
1.225
1.225
1.225
1.225
1.225
1.225
1.225
1.225
1.225
1.225
1.225
1.225
1.225
1.225
1.225
1.225
1.225
1.225
1.225
1.225
1.225
1.225
1.225
1.225
1.225
1.225
1.225
1.225
1.225
1.225
1.225
1.225
1.225
1.225
1.225
1.225
1.225
1.225
1.225
1.225
1.225
1.225
1.225
1.225
1.225
1.225
1.225
1.225
1.225
1.225
1.225
1.225
1.225
1.225
1.225
1.225
1.225
1.225
1.225
1.225
1.225
1.225
1.225
1.225
1.225
1.225
1.225
1.225
1.225
1.225
1.225
1.225
1.225
1.225
1.225
1.225
1.225
1.225
1.225
1.225
1.225
1.225
1.225
1.225
1.225
1.225
1.225
1.225
1.225
1.225
1.225
1.225
1.225
1.225
1.225
1.225
1.225
1.225
1.225
1.225
1.225
1.225
1.225
1.225
1.225
1.225
1.225
1.225
1.225
1.225
1.225
1.225
1.225
1.225
1.225
1.225
1.225
1.225
1.225
1.225
1.225
1.225
1.225
1.225
1.225
1.225
1.225
1.225
1.225
1.225
1.225
1.225
1.225
1.225
1.225
1.225
1.225
1.225
1.225
1.225
1.225
1.225
1.225
1.225
1.225
1.225
1.225
1.225
1.225
1.225
1.225
1.225
1.225
1.225
1.225
1.225
1.225
1.225
1.225
1.225
1.225
1.225
1.225
1.225
1.225
1.225
1.225
1.225
1.225
1.225
1.225
1.225
1.225
1.225
1.225
1.225
1.225
1.225
1.225
1.225
1.225
1.225
1.225
1.225
1.225
1.225
1.225
1.225
1.225
1.225
1.225
1.225
1.225
1.225
1.225
1.225
1.225
1.225
1.225
1.225
1.225
1.225
1.225
1.225
1.225
1.225
1.225
1.225
1.225
1.225
1.225
1.225
1.225
1.225
1.225
1.225
1.225
1.225
1.225
1.225
1.225
1.225
1.225
1.225
1.225
1.225
1.225
1.225
1.225
1.225
1.225
1.225
1.225
1.225
1.225
1.225
1.225
1.225
1.225
1.225
1.225
1.225
1.225
1.225
1.225
1.225
1.225
1.225
1.225
1.225
1.225
1.225
1.225
1.225
1.225
1.225
1.225
1.225
1.225
1.225
1.225
1.225
1.225
1.225
1.225
1.225
1.225
1.225
1.225
1.225
1.225
1.225
1.225
1.225
1.225
1.225
1.225
1.225
1.225
1.225
1.225
1.225
1.225
1.225
1.225
1.225
1.225
1.225
1.225
1.225
1.225
1.225
1.225
1.225
1.225
1.225
1.225
1.225
1.225
1.225
1.225
1.225
1.225
1.225
1.225
1.225
1.225
1.225
1.225
1.225
1.225
1.225
1.225
1.225
1.225
1.225
1.225
1.225
1.225
1.225
1.225
1.225
1.225
1.225
1.225
1.225
1.225
1.225
1.225
1.225
1.225
1.225
1.225
1.225
1.225
1.225
1.225
1.225
1.225
1.225
1.225
1.225
1.225
1.225
1.225
1.225
1.225
1.225
1.225
1.225
1.225
1.225
1.225
1.225
1.63319
1.225
1.225
2.3065
1.225
1.225
1.36413
1.225
1.225
1.225
1.225
1.225
1.225
1.225
1.225
1.225
1.225
1.225
1.225
1.225
1.225
1.225
1.225
1.22505
1.225
1.225
1.22581
1.225
1.225
1.225
1.225
1.225
1.225
1.225
1.225
1.225
1.225
1.225
1.225
1.225
1.22507
1.225
1.225
1.225
1.225
1.225
1.225
1.225
1.225
1.225
1.225
1.225
1.225
1.225
1.225
1.225
1.225
1.225
1.225
1.225
1.225
1.225
1.225
1.225
1.225
1.225
1.225
1.225
1.225
1.225
1.225
1.225
1.225
1.225
1.225
1.225
1.225
1.225
1.225
1.225
1.225
1.225
1.225
1.225
1.225
1.225
1.225
1.225
1.225
1.225
1.225
1.225
1.225
1.225
1.225
1.225
1.225
1.225
1.225
1.225
1.225
1.225
1.225
1.225
1.225
1.225
1.225
1.225
1.225
1.22505
1.225
1.225
1.225
1.225
1.225
1.225
1.22503
1.225
1.225
1.225
1.225
1.225
1.225
1.225
1.225
1.225
1.225
2.19388
1.22509
1.22764
1.225
1.23432
1.225
1.22513
1.97363
1.22504
1.25814
1.225
1.25199
1.225
1.22501
1.25826
1.225
1.24012
1.225
1.22587
1.225
1.225
1.22822
1.22523
1.23072
1.225
1.22542
1.225
1.225
1.225
1.225
1.225
1.225
1.225
1.225
1.225
1.225
1.22503
1.22608
1.22877
1.225
1.22533
1.225
2.24089
2.03508
1.97891
1.27975
1.35228
1.28808
1.3324
1.92496
1.96178
1.70942
1.24973
1.32221
1.27285
1.27616
2.1392
1.7599
1.89466
1.26772
1.27639
1.25391
1.30501
1.225
1.22653
1.225
1.225
1.225
1.225
1.225
1.22525
1.22534
1.225
1.225
1.225
1.225
1.225
1.225
1.225
1.225
1.2257
1.22505
1.225
1.225
1.225
1.225
1.225
1.225
1.225
1.225
1.225
1.225
1.225
1.225
1.225
1.35383
1.28542
1.44062
1.23282
1.22944
1.24279
1.22689
1.57233
1.73864
1.46225
1.25095
1.23968
1.22966
1.23346
1.22502
1.225
1.225
1.225
1.225
1.225
1.225
1.5282
1.25637
1.55306
1.23713
1.22593
1.23819
1.22599
1.25844
1.4948
1.42796
1.23549
1.22576
1.23245
1.22599
1.22657
1.225
1.225
1.225
1.225
1.225
1.225
1.225
1.225
1.225
1.225
1.225
1.225
1.225
1.22501
1.225
1.225
1.225
1.225
1.225
1.225
1.22508
1.225
1.225
1.225
1.225
1.225
1.225
1.24585
1.46992
1.34893
1.22913
1.22558
1.23416
1.22524
1.22534
1.225
1.225
1.225
1.225
1.225
1.225
1.22984
1.26596
1.33768
1.22537
1.22874
1.22616
1.2251
1.225
1.225
1.225
1.225
1.225
1.225
1.225
1.22559
1.23559
1.26579
1.22616
1.22501
1.22506
1.22524
1.22952
1.282
1.23341
1.2259
1.22518
1.22509
1.2267
1.22984
1.22761
1.22723
1.22506
1.22512
1.22505
1.22515
1.225
1.225
1.225
1.225
1.225
1.225
1.225
1.225
1.225
1.225
1.225
1.225
1.225
1.225
1.225
1.225
1.225
1.225
1.225
1.22503
1.225
1.225
1.225
1.225
1.225
1.225
1.225
1.225
1.225
1.225
1.225
1.225
1.225
1.225
1.225
1.22516
1.225
1.22506
1.225
1.225
1.225
1.225
1.225
1.22501
1.22514
1.22501
1.22507
1.225
1.225
1.225
1.225
1.22507
1.225
1.225
1.225
1.225
1.22508
1.225
1.22503
1.225
1.225
1.225
1.225
1.225
1.225
1.225
1.225
1.22502
1.225
1.225
1.22501
1.225
1.225
1.225
1.225
1.225
1.225
1.225
1.225
1.225
1.225
1.225
1.225
1.225
1.225
1.225
1.225
1.225
1.225
1.225
1.225
1.22573
1.22504
1.22875
1.22504
1.22501
1.22664
1.22674
1.22693
1.23009
1.2251
1.22505
1.22726
1.22504
1.22921
1.22643
1.22507
1.22676
1.22502
1.22503
1.22588
1.22798
1.2298
1.22646
1.22716
1.22505
1.22508
1.22503
1.22512
1.2274
1.2268
1.22618
1.22509
1.22504
1.22503
1.22506
1.225
1.225
1.225
1.225
1.225
1.225
1.225
1.22515
1.22521
1.22521
1.22501
1.22501
1.225
1.22501
1.22512
1.22509
1.22516
1.225
1.225
1.225
1.225
1.22514
1.22501
1.22515
1.2252
1.22521
1.22501
1.22501
1.22509
1.225
1.22514
1.2251
1.22517
1.22501
1.225
1.22518
1.22509
1.22511
1.225
1.22501
1.225
1.225
1.225
1.225
1.22511
1.22516
1.2251
1.22501
1.225
1.225
1.225
1.225
1.225
1.225
1.225
1.225
1.22666
1.22504
1.22636
1.22503
1.22504
1.225
1.225
1.225
1.225
1.225
1.225
1.225
1.225
1.225
1.225
1.225
1.225
1.225
1.225
1.225
1.225
1.225
1.225
1.225
1.225
1.225
1.225
1.225
1.22519
1.2251
1.22501
1.225
1.225
1.22548
1.22504
1.22575
1.22501
1.22538
1.2251
1.225
1.225
1.2252
1.23378
1.22603
1.22508
1.22519
1.225
1.22502
1.22502
1.22505
1.22506
1.22683
1.22503
1.22504
1.225
1.225
1.2253
1.22677
1.22579
1.22504
1.22502
1.22501
1.22501
1.225
1.225
1.225
1.225
1.225
1.225
1.225
1.22507
1.225
1.22509
1.22503
1.22504
1.225
1.225
1.225
1.22503
1.22506
1.225
1.22509
1.22505
1.225
1.22523
1.22501
1.22502
1.22502
1.225
1.225
1.225
1.225
1.225
1.225
1.225
1.225
1.225
1.225
1.22509
1.225
1.225
1.22501
1.225
1.22523
1.225
1.22532
1.22501
1.22502
1.225
1.22534
1.22501
1.22502
1.22527
1.225
1.225
1.22502
1.22501
1.22518
1.22502
1.22538
1.22503
1.22503
1.22501
1.225
1.22501
1.225
1.225
1.225
1.225
1.225
1.225
1.225
1.225
1.22529
1.22514
1.22553
1.22501
1.22501
1.225
1.22502
1.22514
1.22501
1.225
1.22501
1.22501
1.225
1.225
1.22534
1.22501
1.22501
1.22502
1.22502
1.225
1.225
1.22501
1.22533
1.22581
1.22502
1.22501
1.225
1.225
1.22821
1.22507
1.22503
1.22509
1.22504
1.225
1.225
1.225
1.225
1.22505
1.22502
1.22501
1.225
1.225
1.225
1.225
1.225
1.225
1.225
1.225
1.225
1.225
1.225
1.225
1.225
1.225
1.225
1.225
1.22504
1.22502
1.22501
1.225
1.225
1.225
1.225
1.22508
1.22503
1.22503
1.225
1.225
1.225
1.225
1.22506
1.22501
1.22502
1.225
1.225
1.225
1.225
1.225
1.225
1.225
1.225
1.225
1.225
1.225
1.22503
1.225
1.225
1.225
1.225
1.225
1.225
1.225
1.225
1.225
1.225
1.225
1.225
1.225
1.22501
1.22517
1.22507
1.225
1.225
1.225
1.225
1.225
1.22501
1.22508
1.22502
1.225
1.225
1.225
1.22501
1.22534
1.22502
1.22501
1.225
1.225
1.225
1.22523
1.22502
1.22502
1.225
1.22501
1.225
1.225
1.225
1.225
1.22502
1.22503
1.22501
1.225
1.225
1.22522
1.225
1.225
1.225
1.22501
1.225
1.225
1.22568
1.22503
1.22501
1.22501
1.22501
1.225
1.225
1.225
1.22504
1.22501
1.22504
1.22501
1.225
1.225
1.22503
1.22501
1.22504
1.225
1.225
1.225
1.225
1.22502
1.225
1.225
1.22501
1.22504
1.225
1.225
1.22503
1.22501
1.22501
1.225
1.225
1.225
1.225
1.22527
1.22501
1.225
1.225
1.22502
1.225
1.225
1.225
1.225
1.225
1.225
1.225
1.225
1.225
1.225
1.225
1.225
1.225
1.225
1.225
1.225
1.225
1.22502
1.225
1.225
1.225
1.225
1.225
1.225
1.225
1.225
1.225
1.225
1.225
1.225
1.22502
1.225
1.225
1.225
1.225
1.225
1.225
1.22502
1.225
1.225
1.225
1.225
1.225
1.22503
1.225
1.225
1.225
1.225
1.225
1.225
1.225
1.225
1.2251
1.22501
1.225
1.225
1.225
1.225
1.225
1.22512
1.22501
1.225
1.225
1.225
1.225
1.22508
1.225
1.22502
1.225
1.225
1.225
1.225
1.225
1.225
1.225
1.22501
1.22501
1.225
1.225
1.225
1.225
1.225
1.225
1.22501
1.22502
1.225
1.225
1.225
1.225
1.225
1.225
1.225
1.225
1.22502
1.225
1.22501
1.225
1.225
1.225
1.225
1.225
1.225
1.225
1.225
1.225
1.225
1.225
1.22506
1.225
1.225
1.225
1.225
1.225
1.225
1.225
1.22501
1.225
1.225
1.225
1.225
1.225
1.225
1.225
1.225
1.225
1.225
1.225
1.225
1.225
1.225
1.225
1.225
1.225
1.225
1.225
1.22501
1.225
1.225
1.225
1.225
1.225
1.225
1.225
1.225
1.22501
1.225
1.225
1.225
1.225
1.225
1.22503
1.225
1.225
1.225
1.225
1.225
1.225
1.225
1.225
1.225
1.225
1.225
1.225
1.22501
1.225
1.225
1.225
1.225
1.225
1.225
1.22501
1.225
1.22501
1.225
1.225
1.225
1.225
1.225
1.225
1.225
1.225
1.225
1.225
1.225
1.225
1.225
1.225
1.225
1.225
1.225
1.225
1.225
1.225
1.225
1.225
1.225
1.225
1.225
1.225
1.225
1.225
1.225
1.225
1.225
1.225
1.225
1.225
1.225
1.225
1.225
1.225
1.225
1.225
1.225
1.225
1.225
1.225
1.225
1.225
1.225
1.225
1.225
1.225
1.225
1.225
1.225
1.225
1.225
1.225
1.225
1.225
1.225
1.225
1.225
1.225
1.225
1.225
1.225
1.225
1.225
1.225
1.225
1.225
1.225
1.225
1.225
1.225
1.225
1.225
1.225
1.225
1.225
1.225
1.225
1.225
1.225
1.225
1.225
1.225
1.225
1.225
1.225
1.225
1.225
1.225
1.225
1.225
1.225
1.225
1.225
1.225
1.225
1.225
1.225
1.225
1.225
1.225
1.225
1.225
1.225
1.225
1.225
1.225
1.225
1.225
1.225
1.225
1.225
1.225
1.225
1.225
1.225
1.225
1.225
1.225
1.225
1.225
1.225
1.225
1.225
1.225
1.225
1.225
1.225
1.225
1.225
1.225
1.225
1.225
1.225
1.225
1.225
1.225
1.225
1.225
1.225
1.225
1.225
1.225
1.225
1.225
1.225
1.225
1.225
1.225
1.225
1.225
1.225
1.225
1.225
1.225
1.225
1.225
1.225
1.225
1.225
1.225
1.225
1.225
1.225
1.225
1.225
1.225
1.225
1.225
1.225
1.225
1.225
1.225
1.225
1.225
1.225
1.225
1.225
1.225
1.225
1.225
1.225
1.225
1.225
1.225
1.225
1.225
1.225
1.225
1.225
1.225
1.225
1.225
1.225
1.225
1.225
1.225
1.225
1.225
1.225
1.225
1.225
1.225
1.225
1.225
1.225
1.225
1.225
1.225
1.225
1.225
1.225
1.225
1.225
1.225
1.225
1.225
1.225
1.225
1.225
1.225
1.225
1.225
1.225
1.225
1.225
1.225
1.225
1.225
1.225
1.225
1.225
1.225
1.225
1.225
1.225
1.225
1.225
1.225
1.225
1.225
1.225
1.225
1.225
1.225
1.225
1.225
1.225
1.225
1.225
1.225
1.225
1.225
1.225
1.225
1.225
1.225
1.225
1.225
1.225
1.225
1.225
1.225
1.225
1.225
1.225
1.225
1.225
1.225
1.225
1.225
1.225
1.225
1.225
1.225
1.225
1.225
1.225
1.225
1.225
1.225
1.225
1.225
1.225
1.225
1.225
1.225
1.225
1.225
1.225
1.225
1.225
1.225
1.225
1.225
1.225
1.225
1.225
1.225
1.225
1.225
1.225
1.225
1.225
1.225
1.225
1.225
1.225
1.225
1.225
1.225
1.225
1.225
1.225
1.225
1.225
1.225
1.225
1.225
1.225
1.225
1.225
1.225
1.225
1.225
1.225
1.225
1.225
1.225
1.225
)
;

boundaryField
{
    ground
    {
        type            calculated;
        value           nonuniform List<scalar> 
279
(
1.225
1.225
1.225
1.225
1.225
1.225
1.225
1.225
1.225
1.225
1.225
1.225
1.225
1.225
1.225
1.225
1.225
1.225
1.225
1.225
1.225
1.225
1.225
1.225
1.225
1.225
1.225
1.225
1.225
1.225
1.225
1.225
1.225
1.225
1.225
1.225
1.225
1.225
1.225
1.225
1.225
1.225
1.225
1.225
1.225
1.225
1.225
1.225
1.225
1.225
1.225
1.225
1.225
1.225
1.225
1.225
1.225
1.225
1.225
1.225
1.225
1.225
1.225
1.225
1.225
1.225
1.225
1.225
1.225
1.225
1.225
1.225
1.225
1.225
1.225
1.225
1.225
1.225
1.225
1.225
1.225
1.225
1.225
1.225
1.225
1.225
1.225
1.225
1.225
1.225
1.225
1.225
1.225
1.225
1.22821
1.225
1.35383
2.3065
1.73864
1.22568
1.225
1.225
1.225
1.225
1.225
1.225
1.225
1.225
1.225
1.225
1.225
1.225
1.225
1.225
1.22822
1.22877
1.22505
1.225
1.225
1.22503
2.19388
1.22509
1.225
1.97363
1.22504
1.22513
1.23341
1.225
1.22501
1.225
1.225
1.22984
1.225
1.225
1.22529
2.24089
1.3324
1.35228
1.32221
1.27616
1.96178
1.27639
1.30501
2.1392
1.225
1.225
1.22677
1.63319
1.24279
1.22944
1.46225
1.23346
1.25095
1.225
1.225
1.225
1.225
1.225
1.225
1.225
1.225
1.225
1.22518
1.2267
1.282
1.23072
1.22515
1.22512
1.225
1.225
1.225
1.225
1.225
1.225
1.22508
1.22512
1.2298
1.22509
1.22506
1.2274
1.22504
1.22674
1.22875
1.22507
1.22798
1.22676
1.23009
1.22921
1.2251
1.225
1.225
1.225
1.225
1.225
1.225
1.2251
1.22548
1.22501
1.22575
1.2252
1.225
1.2257
1.22501
1.22504
1.22507
1.225
1.22509
1.22608
1.22502
1.22501
1.22503
1.225
1.22501
1.225
1.225
1.22517
1.225
1.225
1.225
1.225
1.22503
1.225
1.225
1.225
1.225
1.225
1.225
1.225
1.225
1.225
1.225
1.225
1.225
1.225
1.225
1.225
1.225
1.225
1.225
1.225
1.225
1.225
1.225
1.225
1.225
1.225
1.225
1.225
1.225
1.225
1.225
1.225
1.225
1.225
1.225
1.225
1.225
1.225
1.225
1.225
1.225
1.225
1.225
1.225
1.225
1.225
1.225
1.225
1.225
1.225
1.225
1.225
1.225
1.225
1.225
1.225
1.225
1.225
1.225
)
;
    }
    outlet
    {
        type            calculated;
        value           nonuniform List<scalar> 
462
(
1.225
1.225
1.225
1.225
1.225
1.225
1.225
1.225
1.225
1.225
1.225
1.225
1.225
1.225
1.225
1.225
1.225
1.225
1.225
1.225
1.225
1.225
1.225
1.225
1.225
1.225
1.225
1.225
1.225
1.225
1.225
1.225
1.225
1.225
1.225
1.225
1.225
1.225
1.225
1.225
1.225
1.225
1.225
1.225
1.225
1.225
1.225
1.225
1.225
1.225
1.225
1.225
1.225
1.225
1.225
1.225
1.225
1.225
1.225
1.225
1.225
1.225
1.225
1.225
1.225
1.225
1.225
1.225
1.225
1.225
1.225
1.225
1.225
1.225
1.225
1.225
1.225
1.225
1.225
1.225
1.225
1.225
1.225
1.225
1.225
1.225
1.225
1.225
1.225
1.225
1.225
1.225
1.225
1.225
1.225
1.225
1.225
1.225
1.225
1.225
1.225
1.225
1.225
1.225
1.225
1.225
1.225
1.225
1.225
1.225
1.225
1.225
1.225
1.225
1.225
1.225
1.225
1.225
1.225
1.225
1.225
1.225
1.225
1.225
1.225
1.225
1.225
1.225
1.225
1.225
1.225
1.225
1.225
1.225
1.225
1.225
1.225
1.225
1.225
1.225
1.225
1.225
1.225
1.225
1.225
1.225
1.225
1.225
1.225
1.225
1.225
1.225
1.225
1.225
1.225
1.225
1.225
1.225
1.225
1.225
1.225
1.225
1.225
1.225
1.225
1.225
1.225
1.225
1.225
1.225
1.225
1.225
1.225
1.225
1.225
1.225
1.225
1.225
1.225
1.225
1.225
1.225
1.225
1.225
1.225
1.225
1.225
1.225
1.225
1.225
1.225
1.225
1.225
1.225
1.225
1.225
1.225
1.225
1.225
1.225
1.225
1.225
1.225
1.225
1.225
1.225
1.225
1.225
1.225
1.225
1.225
1.225
1.225
1.225
1.225
1.225
1.225
1.225
1.225
1.225
1.225
1.225
1.225
1.225
1.225
1.225
1.225
1.225
1.225
1.225
1.225
1.225
1.225
1.225
1.225
1.225
1.225
1.225
1.225
1.225
1.225
1.225
1.225
1.225
1.225
1.225
1.225
1.225
1.225
1.225
1.225
1.225
1.225
1.225
1.225
1.225
1.225
1.225
1.225
1.225
1.225
1.225
1.225
1.225
1.225
1.225
1.225
1.225
1.225
1.225
1.225
1.225
1.225
1.225
1.225
1.225
1.225
1.225
1.225
1.225
1.225
1.225
1.225
1.225
1.225
1.225
1.225
1.225
1.225
1.225
1.225
1.225
1.225
1.225
1.225
1.225
1.225
1.225
1.225
1.225
1.225
1.225
1.225
1.225
1.225
1.225
1.225
1.225
1.225
1.225
1.225
1.225
1.225
1.225
1.225
1.225
1.225
1.225
1.225
1.225
1.225
1.225
1.225
1.225
1.225
1.225
1.225
1.225
1.225
1.225
1.225
1.225
1.225
1.225
1.225
1.225
1.225
1.225
1.225
1.225
1.225
1.225
1.225
1.225
1.225
1.225
1.225
1.225
1.35383
1.22502
1.225
1.225
1.225
1.225
1.225
1.225
1.225
1.225
1.225
1.225
1.225
1.225
1.225
1.225
1.225
1.225
1.225
1.225
1.225
1.225
1.225
1.225
1.225
1.225
1.225
1.225
1.225
1.225
1.225
1.225
1.225
1.225
1.225
1.225
1.225
1.225
1.225
1.225
1.225
1.225
1.225
1.225
1.22559
1.225
1.22944
1.22689
1.28542
1.225
1.225
1.225
1.225
1.225
1.225
1.23559
1.22524
1.22501
1.225
1.225
1.225
1.225
1.225
1.225
1.225
1.22501
1.22501
1.225
1.225
1.225
1.225
1.225
1.225
1.225
1.225
1.225
1.22504
1.2251
1.225
1.225
1.225
1.225
1.225
1.225
1.22501
1.225
1.225
1.225
1.225
1.22501
1.225
1.225
1.225
1.225
1.225
1.225
1.225
1.225
1.225
1.225
1.225
1.225
1.225
1.225
1.225
1.225
1.225
1.225
1.225
1.225
1.225
1.225
1.225
1.225
)
;
    }
    wall
    {
        type            calculated;
        value           nonuniform List<scalar> 0();
    }
    wall2
    {
        type            calculated;
        value           nonuniform List<scalar> 0();
    }
    wall3
    {
        type            calculated;
        value           nonuniform List<scalar> 0();
    }
    internalPatch
    {
        type            internal;
    }
    procBoundary4to0
    {
        type            processor;
        value           uniform 1.225;
    }
    procBoundary4to1
    {
        type            processor;
        value           uniform 1.225;
    }
    procBoundary4to5
    {
        type            processor;
        value           nonuniform List<scalar> 
149
(
1.225
1.225
1.225
1.225
1.225
1.225
1.225
1.225
1.225
1.225
1.225
1.225
1.225
1.225
1.225
1.225
1.225
1.225
1.225
1.225
1.225
1.225
1.225
1.225
1.225
1.225
1.225
1.225
1.225
1.225
1.225
1.225
1.225
1.225
1.225
1.225
1.225
1.225
1.225
1.225
1.225
1.225
1.225
1.225
1.225
1.225
1.225
1.225
1.225
1.225
1.225
1.225
1.225
1.225
1.225
1.225
1.225
1.225
1.225
1.225
1.225
1.225
1.225
1.225
1.225
1.225
1.225
1.225
1.225
1.225
1.225
1.225
1.225
1.225
1.225
1.225
1.225
1.225
1.225
1.225
1.225
1.225
1.225
1.225
1.225
1.225
1.225
1.225
1.225
1.225
1.225
1.225
1.225
1.225
1.225
1.225
1.225
1.225
1.225
1.225
1.225
1.225
1.225
1.225
1.225
1.225
1.225
1.225
1.225
1.225
1.225
1.225
1.225
1.225
1.225
1.225
1.225
1.225
1.225
1.225
1.225
1.225
1.225
1.225
1.225
1.225
1.225
1.225
1.225
1.225
1.225
1.225
1.225
1.225
1.225
1.225
1.225
1.225
1.225
1.225
1.225
1.225
1.225
1.225
1.225
1.225
1.225
1.225
1.225
)
;
    }
    procBoundary4to6
    {
        type            processor;
        value           nonuniform List<scalar> 
248
(
1.225
1.225
1.225
1.225
1.225
1.225
1.225
1.225
1.225
1.225
1.225
1.225
1.225
1.225
1.225
1.225
1.225
1.225
1.225
1.22501
1.22508
1.22539
1.22628
1.22767
1.22886
1.22925
1.22886
1.23043
1.23082
1.22961
1.22768
1.22741
1.2266
1.22568
1.2252
1.22507
1.22502
1.225
1.225
1.225
1.225
1.225
1.225
1.225
1.225
1.225
1.225
1.225
1.225
1.225
1.225
1.225
1.225
1.225
1.225
1.225
1.225
1.225
1.225
1.225
1.225
1.225
1.22501
1.22515
1.22647
1.23263
1.24977
1.27711
1.31114
1.34615
1.36659
1.3461
1.28701
1.23923
1.22618
1.22505
1.225
1.225
1.225
1.225
1.225
1.225
1.225
1.225
1.225
1.225
1.225
1.225
1.225
1.225
1.225
1.225
1.225
1.225
1.225
1.225
1.22501
1.22508
1.22539
1.22636
1.22805
1.22981
1.23077
1.23074
1.22941
1.2275
1.22596
1.22605
1.22594
1.2256
1.22524
1.22505
1.22501
1.225
1.225
1.225
1.225
1.225
1.225
1.225
1.225
1.225
1.225
1.225
1.225
1.225
1.225
1.225
1.225
1.225
1.225
1.225
1.225
1.225
1.225
1.22501
1.22506
1.22534
1.22623
1.22784
1.22962
1.22848
1.22693
1.22571
1.22517
1.22524
1.22527
1.22523
1.22514
1.22502
1.225
1.225
1.225
1.225
1.225
1.225
1.225
1.225
1.225
1.225
1.225
1.225
1.225
1.225
1.225
1.225
1.225
1.225
1.225
1.22504
1.22524
1.22589
1.22712
1.22613
1.2254
1.22509
1.22502
1.22503
1.22504
1.22505
1.22504
1.22501
1.225
1.22501
1.225
1.225
1.225
1.225
1.225
1.22501
1.22502
1.22512
1.22545
1.22515
1.22503
1.22501
1.22504
1.225
1.225
1.225
1.225
1.225
1.225
1.225
1.22506
1.22563
1.22853
1.23725
1.25185
1.2687
1.28578
1.29668
1.24084
1.22622
1.22505
1.225
1.225
1.225
1.225
1.225
1.225
1.225
1.225
1.225
1.225
1.225
1.225
1.22501
1.225
1.22509
1.2256
1.2273
1.23046
1.2343
1.23816
1.22599
1.22504
1.225
1.22503
1.22501
1.22501
1.225
1.225
1.225
1.22503
1.22515
1.2254
1.2257
)
;
    }
    procBoundary4to7
    {
        type            processor;
        value           nonuniform List<scalar> 
485
(
1.225
1.225
1.225
1.225
1.225
1.22501
1.22505
1.22514
1.22527
1.2254
1.22546
1.22537
1.22619
1.22771
1.22909
1.23008
1.22959
1.22822
1.22668
1.22715
1.2276
1.22769
1.22703
1.22604
1.22533
1.22507
1.22501
1.225
1.225
1.225
1.225
1.225
1.225
1.225
1.225
1.225
1.225
1.22505
1.22614
1.23758
1.27663
1.32263
1.29142
1.25983
1.23692
1.22734
1.22525
1.22502
1.225
1.225
1.22504
1.227
1.29692
1.32759
1.22866
1.22508
1.225
1.225
1.22506
1.22669
1.25277
1.48594
2.13054
2.681
2.95277
3.09713
3.16486
3.1543
3.14813
3.12717
3.0423
2.88495
2.42556
2.10262
1.5307
1.2477
1.22576
1.22502
1.225
1.225
1.225
1.225
1.22501
1.22514
1.22504
1.225
1.225
1.22501
1.225
1.225
1.225
1.225
1.225
1.225
1.225
1.22501
1.22504
1.22516
1.22545
1.22589
1.22629
1.22645
1.22831
1.22796
1.22707
1.22606
1.22539
1.22566
1.22594
1.22632
1.2265
1.2262
1.22565
1.22521
1.22505
1.22501
1.225
1.225
1.225
1.225
1.225
1.225
1.225
1.225
1.225
1.225
1.225
1.225
1.22504
1.22586
1.23407
1.26146
1.24423
1.23116
1.22618
1.22512
1.22501
1.225
1.225
1.22502
1.22597
1.26313
1.27947
1.2268
1.22504
1.225
1.225
1.22503
1.22585
1.24021
1.37687
1.90051
2.45146
2.76114
2.93169
3.02996
3.05141
3.06572
2.99388
2.84394
2.61456
1.97112
1.31075
1.22827
1.22508
1.225
1.225
1.225
1.225
1.22503
1.2255
1.22513
1.22538
1.22581
1.22502
1.225
1.225
1.225
1.225
1.225
1.22501
1.225
1.22502
1.2251
1.22519
1.2253
1.22549
1.2256
1.2255
1.22527
1.22509
1.22502
1.225
1.225
1.225
1.225
1.225
1.225
1.225
1.225
1.225
1.225
1.225
1.225
1.225
1.225
1.225
1.22502
1.22542
1.22952
1.22639
1.22523
1.22502
1.225
1.225
1.225
1.225
1.22517
1.23301
1.23668
1.22531
1.22501
1.225
1.225
1.225
1.22515
1.22835
1.26532
1.50181
1.96928
2.34683
2.57246
2.69572
2.7362
2.75383
2.62143
2.37385
1.47938
1.23618
1.2253
1.22501
1.225
1.225
1.225
1.22509
1.22641
1.22796
1.23067
1.22664
1.22504
1.225
1.225
1.225
1.225
1.225
1.22501
1.22507
1.22504
1.22513
1.22516
1.22514
1.22508
1.22503
1.22501
1.225
1.225
1.225
1.225
1.225
1.225
1.225
1.225
1.225
1.225
1.225
1.225
1.225
1.225
1.225
1.225
1.225
1.22511
1.22502
1.225
1.225
1.225
1.225
1.225
1.22501
1.22557
1.22582
1.22502
1.225
1.225
1.225
1.225
1.22501
1.22526
1.2291
1.25967
1.38501
1.6128
1.78617
1.86739
1.85581
1.82712
1.68334
1.24983
1.22574
1.22502
1.225
1.225
1.22501
1.22521
1.2254
1.22566
1.23477
1.22799
1.22507
1.225
1.225
1.225
1.225
1.225
1.22502
1.22503
1.22503
1.22502
1.22501
1.225
1.225
1.225
1.225
1.225
1.225
1.225
1.225
1.225
1.225
1.225
1.225
1.225
1.225
1.22502
1.22503
1.225
1.225
1.225
1.225
1.225
1.225
1.22501
1.22517
1.22681
1.23494
1.25395
1.27318
1.2804
1.27414
1.2649
1.2263
1.22503
1.225
1.225
1.22502
1.22503
1.22504
1.22587
1.23807
1.22909
1.2251
1.225
1.225
1.225
1.225
1.225
1.225
1.225
1.225
1.225
1.225
1.225
1.225
1.225
1.225
1.225
1.225
1.225
1.225
1.225
1.225
1.225
1.225
1.225
1.225
1.225
1.225
1.225
1.225
1.225
1.225
1.225
1.22505
1.22531
1.22604
1.22684
1.22709
1.22676
1.22504
1.225
1.225
1.225
1.225
1.22503
1.22584
1.23847
1.22926
1.2251
1.225
1.225
1.225
1.225
1.225
1.225
1.225
1.225
1.225
1.22502
1.225
1.2253
1.22504
1.225
1.225
1.225
1.225
1.225
1.225
1.225
1.225
1.225
1.225
1.225
1.225
1.225
1.22501
1.22502
1.22505
1.22505
1.225
1.225
1.225
1.225
1.22502
1.22553
1.23442
1.22801
1.22507
1.225
1.225
1.22629
1.22888
1.22587
1.2251
1.22501
1.225
1.225
1.225
1.225
1.225
1.225
1.225
1.225
1.225
1.225
1.225
1.225
1.22501
1.22518
1.22503
1.225
1.225
1.225
1.225
1.225
1.225
)
;
    }
}


// ************************************************************************* //
