/*--------------------------------*- C++ -*----------------------------------*\
  =========                 |
  \\      /  F ield         | OpenFOAM: The Open Source CFD Toolbox
   \\    /   O peration     | Website:  https://openfoam.org
    \\  /    A nd           | Version:  9
     \\/     M anipulation  |
\*---------------------------------------------------------------------------*/
FoamFile
{
    format      ascii;
    class       volScalarField;
    location    "0.0001";
    object      impulse;
}
// * * * * * * * * * * * * * * * * * * * * * * * * * * * * * * * * * * * * * //

dimensions      [1 -1 -1 0 0 0 0];

internalField   nonuniform List<scalar> 
18069
(
0
0
0
0
0
0
0
0
0
0
0
0
0
0
0
0
0
0
0
0
0
0
0
0
0
0
0
0
0
0
0
0
0
0
0
0
0
0
0
0
0
0
0
0
0
0
0
0
0
0
0
0
0
0
0
0
0
0
0
0
0
0
0
0
0
0
0
0
0
0
0
0
0
0
0
0
0
0
0
0
0
0
0
0
0
0
0
0
0
0
0
0
0
0
0
0
0
0
0
0
0
0
0
0
0
0
0
0
0
0
0
0
0
0
0
0
0
0
0
0
0
0
0
0
0
0
0
0
0
0
0
0
0
0
0
0
0
0
0
0
0
0
0
0
0
0
0
0
0
0
0
0
0
0
0
0
0
0
0
0
0
0
0
0
0
0
0
0
0
0
0
0
0
0
0
0
0
0
0
0
0
0
0
0
0
0
0
0
0
0
0
0
0
0
0
0
0
0
0
0
0
0
0
0
0
0
0
0
0
0
0
0
0
0
0
0
0
0
0
0
0
0
0
0
0
0
0
0
0
0
0
0
0
0
0
0
0
0
0
0
0
0
0
0
0
0
0
0
0
0
0
0
0
0
0
0
0
0
0
0
0
0
0
0
0
0
0
0
0
0
0
0
0
0
0
0
0
0
0
0
0
0
0
0
0
0
0
0
0
0
0
0
0
0
1.28395e-14
1.04997e-13
6.9249e-15
0
0
0
0
0
0
0
0
0
0
0
0
0
0
0
0
0
0
0
0
3.59735e-17
9.21054e-14
4.10206e-12
2.999e-11
1.55271e-12
2.08284e-14
0
0
0
0
0
0
0
0
0
0
0
0
0
0
0
0
0
0
3.59735e-17
1.2085e-13
2.68713e-11
4.80063e-11
4.59497e-09
1.89826e-10
3.95279e-12
2.47486e-14
0
0
0
0
0
0
0
0
0
0
0
0
0
0
0
0
0
7.91243e-14
2.27806e-11
1.39537e-10
5.97355e-08
0.0012534
2.19511e-06
5.69157e-10
3.5055e-12
1.83581e-14
0
0
0
0
0
0
0
0
0
0
0
0
0
0
0
1.00006e-14
3.54639e-12
5.24446e-11
4.66212e-08
2.65562
354.498
100.317
4.5103e-06
1.69655e-10
1.06405e-12
0
0
0
0
0
0
0
0
0
0
0
0
0
0
0
5.95418e-14
1.94901e-11
4.08569e-09
0.0016466
352.239
4078.99
1021.96
2.48816
1.94063e-08
4.21017e-13
0
0
0
0
0
0
0
0
0
0
0
0
0
0
0
1.8599e-14
2.13083e-12
3.27284e-10
5.68238e-06
125.802
2043.7
541.479
0.0360758
1.28062e-10
3.84916e-15
0
0
0
0
0
0
0
0
0
0
0
0
0
0
0
0
1.40117e-14
2.45837e-12
9.90915e-10
6.37416e-05
0
0
0
0
0
0
0
0
0
0
0
0
0
0
2.78435e-14
1.01805e-13
0
0
0
0
0
0
0
0
0
0
0
0
0
0
0
0
0
0
0
0
0
0
0
0
0
0
0
0
0
0
0
0
0
0
0
0
0
0
0
0
0
0
0
0
0
0
0
0
0
0
0
0
0
0
0
0
0
0
0
0
0
0
0
0
0
0
0
0
0
0
0
0
0
0
0
0
0
0
0
0
0
0
0
0
0
0
0
0
0
0
0
0
0
0
0
0
0
0
0
0
0
0
0
0
0
0
0
0
0
0
0
0
0
0
0
0
0
0
0
0
0
0
0
0
0
0
0
0
0
0
0
0
0
0
0
0
0
0
0
0
0
0
0
0
0
0
0
0
0
0
0
0
0
0
0
0
0
0
0
0
0
0
0
0
0
0
0
0
0
0
0
0
0
0
0
0
0
0
0
0
0
0
0
0
0
0
0
0
0
0
0
0
0
0
0
0
0
0
0
0
0
0
0
0
0
0
0
0
0
0
0
0
0
0
0
0
0
0
0
0
0
0
0
0
0
0
0
0
0
0
0
0
0
0
0
0
0
0
0
0
0
0
0
0
0
0
0
0
0
0
0
0
0
0
0
0
0
0
0
0
0
0
0
0
0
0
0
0
0
0
0
0
0
0
0
0
0
0
0
0
0
0
0
0
0
0
0
0
0
0
0
0
0
0
0
0
0
0
0
0
0
0
0
0
0
0
0
0
0
0
0
0
0
0
0
0
0
0
0
0
0
0
0
0
0
0
0
0
0
0
0
0
0
0
0
0
0
0
0
0
0
0
0
0
0
0
0
0
0
0
0
0
0
0
0
0
0
0
0
0
0
0
0
0
0
0
0
0
0
0
0
0
0
0
0
0
0
0
0
0
0
0
0
0
0
0
0
0
0
0
0
0
0
0
0
0
0
0
0
0
0
0
0
1.87062e-15
9.47302e-15
1.43894e-16
0
0
0
0
0
0
0
0
0
0
0
0
0
0
0
0
0
0
0
0
0
1.10916e-14
6.87008e-13
3.10165e-12
2.59962e-13
2.37425e-15
0
0
0
0
0
0
0
0
0
0
0
0
0
0
0
0
0
0
0
1.54502e-14
2.55926e-12
3.68372e-11
1.51368e-09
3.16187e-11
6.07334e-13
2.51815e-15
0
0
0
0
0
0
0
0
0
0
0
0
0
0
0
0
0
1.08288e-14
2.27711e-12
7.84403e-11
3.9568e-08
0.000535551
4.52718e-07
6.96689e-11
5.62717e-13
1.7627e-15
0
0
0
0
0
0
0
0
0
0
0
0
0
0
0
1.04323e-15
5.01767e-13
3.09332e-11
2.52223e-08
0.360978
219.568
42.6246
9.86348e-07
2.32567e-11
1.30685e-13
0
0
0
0
0
0
0
0
0
0
0
0
0
0
0
1.21497e-14
3.44018e-12
1.23378e-09
0.000324414
205.625
2619.66
556.949
0.879924
1.26989e-09
2.45309e-14
0
0
0
0
0
0
0
0
0
0
0
0
0
0
0
2.51815e-15
5.07614e-13
5.91552e-11
1.7985e-06
62.5612
945.269
266.315
0.00767281
7.31683e-11
3.95709e-16
0
0
0
0
0
0
0
0
0
0
0
0
0
0
0
0
1.97854e-15
5.99486e-13
6.78663e-11
5.93665e-06
0
0
0
0
0
0
0
0
0
0
0
0
0
0
1.43894e-15
1.04323e-14
0
0
0
0
0
0
0
0
0
0
0
0
0
0
0
0
0
0
0
0
0
0
0
0
0
0
0
0
0
0
0
0
0
0
0
0
0
0
0
0
0
0
0
0
0
0
0
0
0
0
0
0
0
0
0
0
0
0
0
0
0
0
0
0
0
0
0
0
0
0
0
0
0
0
0
0
0
0
0
0
0
0
0
0
0
0
0
0
0
0
0
0
0
0
0
0
0
0
0
0
0
0
0
0
0
0
0
0
0
0
0
0
0
0
0
0
0
0
0
0
0
0
0
0
0
0
0
0
0
0
0
0
0
0
0
0
0
0
0
0
0
0
0
0
0
0
0
0
0
0
0
0
0
0
0
0
0
0
0
0
0
0
0
0
0
0
0
0
0
0
0
0
0
0
0
0
0
0
0
0
0
0
0
0
0
0
0
0
0
0
0
0
0
0
0
0
0
0
0
0
0
0
0
0
0
0
0
0
0
0
0
0
0
0
0
0
0
0
0
0
0
0
0
0
0
0
0
0
0
0
0
0
0
0
0
0
0
0
0
0
0
0
0
0
0
0
0
0
0
0
0
0
0
0
0
0
0
0
0
0
0
0
0
0
0
0
0
0
0
0
0
0
0
0
0
0
0
0
0
0
0
0
0
0
0
0
0
0
0
0
0
0
0
0
0
0
0
0
0
0
0
0
0
0
0
0
0
0
0
0
0
0
0
0
0
0
0
0
0
0
0
0
0
0
0
0
0
0
0
0
0
0
0
0
0
0
0
0
0
0
0
0
0
0
0
0
0
0
0
0
0
0
0
0
0
0
0
0
0
0
0
0
0
0
0
0
0
0
0
0
0
0
0
0
0
0
0
0
0
0
0
0
0
0
0
0
0
0
0
0
0
0
0
0
0
0
0
0
0
0
0
0
0
0
0
0
0
0
0
0
0
0
0
0
0
0
0
0
0
0
0
0
0
0
0
0
0
0
6.3793e-15
2.25719e-14
1.83465e-15
0
0
0
0
0
0
0
0
0
0
0
0
0
0
0
0
0
0
0
0
0
1.66014e-14
1.39786e-12
6.22424e-12
4.37462e-13
3.56138e-15
0
0
0
0
0
0
0
0
0
0
0
0
0
0
0
0
0
0
0
1.50216e-14
3.25966e-12
5.54599e-11
2.02906e-09
5.26869e-11
6.23279e-13
2.3023e-15
0
0
0
0
0
0
0
0
0
0
0
0
0
0
0
0
0
3.48943e-15
7.90971e-13
2.95086e-11
4.9386e-08
0.000390702
5.0332e-07
3.61977e-11
1.99669e-13
2.87788e-16
0
0
0
0
0
0
0
0
0
0
0
0
0
0
0
0
3.34888e-14
8.37463e-12
1.80349e-09
0.000536548
7.87572
0.0882966
5.43187e-09
2.45267e-13
0
0
0
0
0
0
0
0
0
0
0
0
0
0
0
0
0
2.41022e-15
3.27505e-13
5.40856e-11
2.10909e-06
0.373321
0.00127911
1.85124e-10
1.84904e-14
0
0
0
0
0
0
0
0
0
0
0
0
0
0
0
0
0
0
5.86068e-15
5.2881e-15
3.88113e-13
0
0
0
0
0
0
0
0
0
0
0
0
0
0
0
0
0
0
0
0
0
0
0
0
0
0
0
0
0
0
0
0
0
0
0
0
0
0
0
0
0
0
0
0
0
0
0
0
0
0
0
0
0
0
0
0
0
0
0
0
0
0
0
0
0
0
0
0
0
0
0
0
0
0
0
0
0
0
0
0
0
0
0
0
0
0
0
0
0
0
0
0
0
0
0
0
0
0
0
0
0
0
0
0
0
0
0
0
0
0
0
0
0
0
0
0
0
0
0
0
0
0
0
0
0
0
0
0
0
0
0
0
0
0
0
0
0
0
0
0
0
0
0
0
0
0
0
0
0
0
0
0
0
0
0
0
0
0
0
0
0
0
0
0
0
0
0
0
0
0
0
0
0
0
0
0
0
0
0
0
0
0
0
0
0
0
0
0
0
0
0
0
0
0
0
0
0
0
0
0
0
0
0
0
0
0
0
0
0
0
0
0
0
0
0
0
0
0
0
0
0
0
0
0
0
0
0
0
0
0
0
0
0
0
0
0
0
0
0
0
0
0
0
0
0
0
0
0
0
0
0
0
0
0
0
0
0
0
0
0
0
0
0
0
0
0
0
0
0
0
0
0
0
0
0
0
0
0
0
0
0
0
0
0
0
0
0
0
0
0
0
0
0
0
0
0
0
0
0
0
0
0
0
0
0
0
0
0
0
0
0
0
0
0
0
0
0
0
0
0
0
0
0
0
0
0
0
0
0
0
0
0
0
0
0
0
0
0
0
0
0
0
0
0
0
0
0
0
0
0
0
0
0
0
0
0
0
0
0
0
0
0
0
0
0
0
0
0
0
0
0
0
0
0
0
0
0
0
0
0
0
0
0
0
0
0
0
0
0
0
0
0
0
0
0
0
0
0
0
0
0
0
0
0
0
0
0
0
0
0
0
0
0
0
0
0
0
0
0
0
0
0
0
0
0
0
0
0
0
0
0
0
0
0
0
0
0
0
0
0
0
0
0
0
0
0
0
0
0
0
0
0
0
0
0
0
0
0
0
0
0
0
0
0
0
0
0
0
0
0
0
0
0
0
0
0
0
0
0
0
0
5.85169e-15
2.10771e-14
1.40297e-15
0
0
0
0
0
0
0
0
0
0
0
0
0
0
0
0
0
0
0
0
0
1.14043e-14
8.76443e-13
2.84449e-12
3.15088e-13
2.48217e-15
0
0
0
0
0
0
0
0
0
0
0
0
0
0
0
0
0
0
0
3.09372e-15
5.26886e-13
2.94793e-11
4.44571e-10
2.08503e-11
1.58688e-13
2.87788e-16
0
0
0
0
0
0
0
0
0
0
0
0
0
0
0
0
0
0
3.14744e-14
3.57684e-12
4.10691e-10
3.13572e-08
8.1278e-10
1.5245e-13
0
0
0
0
0
0
0
0
0
0
0
0
0
0
0
0
0
0
0
1.51089e-15
6.23592e-14
1.48631e-11
2.17373e-10
1.30324e-11
5.07226e-15
0
0
0
0
0
0
0
0
0
0
0
0
0
0
0
0
0
0
0
0
0
1.43894e-16
3.59735e-17
0
0
0
0
0
0
0
0
0
0
0
0
0
0
0
0
0
0
0
0
0
0
0
0
0
0
0
0
0
0
0
0
0
0
0
0
0
0
0
0
0
0
0
0
0
0
0
0
0
0
0
0
0
0
0
0
0
0
0
0
0
0
0
0
0
0
0
0
0
0
0
0
0
0
0
0
0
0
0
0
0
0
0
0
0
0
0
0
0
0
0
0
0
0
0
0
0
0
0
0
0
0
0
0
0
0
0
0
0
0
0
0
0
0
0
0
0
0
0
0
0
0
0
0
0
0
0
0
0
0
0
0
0
0
0
0
0
0
0
0
0
0
0
0
0
0
0
0
0
0
0
0
0
0
0
0
0
0
0
0
0
0
0
0
0
0
0
0
0
0
0
0
0
0
0
0
0
0
0
0
0
0
0
0
0
0
0
0
0
0
0
0
0
0
0
0
0
0
0
0
0
0
0
0
0
0
0
0
0
0
0
0
0
0
0
0
0
0
0
0
0
0
0
0
0
0
0
0
0
0
0
0
0
0
0
0
0
0
0
0
0
0
0
0
0
0
0
0
0
0
0
0
0
0
0
0
0
0
0
0
0
0
0
0
0
0
0
0
0
0
0
0
0
0
0
0
0
0
0
0
0
0
0
0
0
0
0
0
0
0
0
0
0
0
0
0
0
0
0
0
0
0
0
0
0
0
0
0
0
0
0
0
0
0
0
0
0
0
0
0
0
0
0
0
0
0
0
0
0
0
0
0
0
0
0
0
0
0
0
0
0
0
0
0
0
0
0
0
0
0
0
0
0
0
0
0
0
0
0
0
0
0
0
0
0
0
0
0
0
0
0
0
0
0
0
0
0
0
0
0
0
0
0
0
0
0
0
0
0
0
0
0
0
0
0
0
0
0
0
0
0
0
0
0
0
0
0
0
0
0
0
0
0
0
0
0
0
0
0
0
0
0
0
0
0
0
0
0
0
0
0
0
0
0
0
0
0
0
0
0
0
0
0
0
0
0
0
0
0
0
0
0
0
0
0
0
0
0
0
0
0
0
0
0
0
0
0
0
0
0
0
0
0
0
0
0
0
0
0
0
0
0
0
0
0
0
0
0
0
0
0
0
0
0
0
0
0
0
0
0
0
0
0
0
0
0
0
0
0
0
0
0
0
3.34554e-15
1.03251e-14
2.15841e-16
0
0
0
0
0
0
0
0
0
0
0
0
0
0
0
0
0
0
0
0
0
1.40297e-15
2.38819e-13
5.37216e-13
6.19911e-14
3.59735e-17
0
0
0
0
0
0
0
0
0
0
0
0
0
0
0
0
0
0
0
0
1.64084e-14
4.20867e-14
2.18324e-13
6.76302e-15
0
0
0
0
0
0
0
0
0
0
0
0
0
0
0
0
0
0
0
0
0
0
1.07921e-16
4.38877e-15
3.59735e-17
0
0
0
0
0
0
0
0
0
0
0
0
0
0
0
0
0
0
0
0
0
0
0
0
0
0
0
0
0
0
0
0
0
0
0
0
0
0
0
0
0
0
0
0
0
0
0
0
0
0
0
0
0
0
0
0
0
0
0
0
0
0
0
0
0
0
0
0
0
0
0
0
0
0
0
0
0
0
0
0
0
0
0
0
0
0
0
0
0
0
0
0
0
0
0
0
0
0
0
0
0
0
0
0
0
0
0
0
0
0
0
0
0
0
0
0
0
0
0
0
0
0
0
0
0
0
0
0
0
0
0
0
0
0
0
0
0
0
0
0
0
0
0
0
0
0
0
0
0
0
0
0
0
0
0
0
0
0
0
0
0
0
0
0
0
0
0
0
0
0
0
0
0
0
0
0
0
0
0
0
0
0
0
0
0
0
0
0
0
0
0
0
0
0
0
0
0
0
0
0
0
0
0
0
0
0
0
0
0
0
0
0
0
0
0
0
0
0
0
0
0
0
0
0
0
0
0
0
0
0
0
0
0
0
0
0
0
0
0
0
0
0
0
0
0
0
0
0
0
0
0
0
0
0
0
0
0
0
0
0
0
0
0
0
0
0
0
0
0
0
0
0
0
0
0
0
0
0
0
0
0
0
0
0
0
0
0
0
0
0
0
0
0
0
0
0
0
0
0
0
0
0
0
0
0
0
0
0
0
0
0
0
0
0
0
0
0
0
0
0
0
0
0
0
0
0
0
0
0
0
0
0
0
0
0
0
0
0
0
0
0
0
0
0
0
0
0
0
0
0
0
0
0
0
0
0
0
0
0
0
0
0
0
0
0
0
0
0
0
0
0
0
0
0
0
0
0
0
0
0
0
0
0
0
0
0
0
0
0
0
0
0
0
0
0
0
0
0
0
0
0
0
0
0
0
0
0
0
0
0
0
0
0
0
0
0
0
0
0
0
0
0
0
0
0
0
0
0
0
0
0
0
0
0
0
0
0
0
0
0
0
0
0
0
0
0
0
0
0
0
0
0
0
0
0
0
0
0
0
0
0
0
0
0
0
0
0
0
0
0
0
0
0
0
0
0
0
0
0
0
0
0
0
0
0
0
0
0
0
0
0
0
0
0
0
0
0
0
0
0
0
0
0
0
0
0
0
0
0
0
0
0
0
0
0
0
0
0
0
0
0
0
0
0
0
0
0
0
0
0
0
0
0
0
0
0
0
0
0
0
0
0
0
0
0
0
0
0
0
0
0
0
0
0
0
0
0
0
0
0
0
0
0
0
0
0
0
0
0
0
0
0
0
7.55444e-16
0
0
0
0
0
0
0
0
0
0
0
0
0
0
0
0
0
0
0
0
0
0
0
0
3.59735e-17
0
0
0
0
0
0
0
0
0
0
0
0
0
0
0
0
0
0
0
0
0
0
0
0
0
0
0
0
0
0
0
0
0
0
0
0
0
0
0
0
0
0
0
0
0
0
0
0
0
0
0
0
0
0
0
0
0
0
0
0
0
0
0
0
0
0
0
0
0
0
0
0
0
0
0
0
0
0
0
0
0
0
0
0
0
0
0
0
0
0
0
0
0
0
0
0
0
0
0
0
0
0
0
0
0
0
0
0
0
0
0
0
0
0
0
0
0
0
0
0
0
0
0
0
0
0
0
0
0
0
0
0
0
0
0
0
0
0
0
0
0
0
0
0
0
0
0
0
0
0
0
0
0
0
0
0
0
0
0
0
0
0
0
0
0
0
0
0
0
0
0
0
0
0
0
0
0
0
0
0
0
0
0
0
0
0
0
0
0
0
0
0
0
0
0
0
0
0
0
0
0
0
0
0
0
0
0
0
0
0
0
0
0
0
0
0
0
0
0
0
0
0
0
0
0
0
0
0
0
0
0
0
0
0
0
0
0
0
0
0
0
0
0
0
0
0
0
0
0
0
0
0
0
0
0
0
0
0
0
0
0
0
0
0
0
0
0
0
0
0
0
0
0
0
0
0
0
0
0
0
0
0
0
0
0
0
0
0
0
0
0
0
0
0
0
0
0
0
0
0
0
0
0
0
0
0
0
0
0
0
0
0
0
0
0
0
0
0
0
0
0
0
0
0
0
0
0
0
0
0
0
0
0
0
0
0
0
0
0
0
0
0
0
0
0
0
0
0
0
0
0
0
0
0
0
0
0
0
0
0
0
0
0
0
0
0
0
0
0
0
0
0
0
0
0
0
0
0
0
0
0
0
0
0
0
0
0
0
0
0
0
0
0
0
0
0
0
0
0
0
0
0
0
0
0
0
0
0
0
0
0
0
0
0
0
0
0
0
0
0
0
0
0
0
0
0
0
0
0
0
0
0
0
0
0
0
0
0
0
0
0
0
0
0
0
0
0
0
0
0
0
0
0
0
0
0
0
0
0
0
0
0
0
0
0
0
0
0
0
0
0
0
0
0
0
0
0
0
0
0
0
0
0
0
0
0
0
0
0
0
0
0
0
0
0
0
0
0
0
0
0
0
0
0
0
0
0
0
0
0
0
0
0
0
0
0
0
0
0
0
0
0
0
0
0
0
0
0
0
0
0
0
0
0
0
0
0
0
0
0
0
0
0
0
0
0
0
0
0
0
0
0
0
0
0
0
0
0
0
0
0
0
0
0
0
0
0
0
0
0
0
0
0
0
0
0
0
0
0
0
0
0
0
0
0
0
0
0
0
0
0
0
0
0
0
0
0
0
0
0
0
0
0
0
0
0
0
0
0
0
0
0
0
0
0
0
0
0
0
0
0
0
0
0
0
0
0
0
0
0
0
0
0
0
0
0
0
0
0
0
0
0
0
0
0
0
0
0
0
0
0
0
0
0
0
0
0
0
0
0
0
0
0
0
0
0
0
0
0
0
0
0
0
0
0
0
0
0
0
0
0
0
0
0
0
0
0
0
0
0
0
0
0
0
0
0
0
0
0
0
0
0
0
0
0
0
0
0
0
0
0
0
0
0
0
0
0
0
0
0
0
0
0
0
0
0
0
0
0
0
0
0
0
0
0
0
0
0
0
0
0
0
0
0
0
0
0
0
0
0
0
0
0
0
0
0
0
0
0
0
0
0
0
0
0
0
0
0
0
0
0
0
0
0
0
0
0
0
0
0
0
0
0
0
0
0
0
0
0
0
0
0
0
0
0
0
0
0
0
0
0
0
0
0
0
0
0
0
0
0
0
0
0
0
0
0
0
0
0
0
0
0
0
0
0
0
0
0
0
0
0
0
0
0
0
0
0
0
0
0
0
0
0
0
0
0
0
0
0
0
0
0
0
0
0
0
0
0
0
0
0
0
0
0
0
0
0
0
0
0
0
0
0
0
0
0
0
0
0
0
0
0
0
0
0
0
0
0
0
0
0
0
0
0
0
0
0
0
0
0
0
0
0
0
0
0
0
0
0
0
0
0
0
0
0
0
0
0
0
0
0
0
0
0
0
0
0
0
0
0
0
0
0
0
0
0
0
0
0
0
0
0
0
0
0
0
0
0
0
0
0
0
0
0
0
0
0
0
0
0
0
0
0
0
0
0
0
0
0
0
0
0
0
0
0
0
0
0
0
0
0
0
0
0
0
0
0
0
0
0
0
0
0
0
0
0
0
0
0
0
0
0
0
0
0
0
0
0
0
0
0
0
0
0
0
0
0
0
0
0
0
0
0
0
0
0
0
0
0
0
0
0
0
0
0
0
0
0
0
0
0
0
0
0
0
0
0
0
0
0
0
0
0
0
0
0
0
0
0
0
0
0
0
0
0
0
0
0
0
0
0
0
0
0
0
0
0
0
0
0
0
0
0
0
0
0
0
0
0
0
0
0
0
0
0
0
0
0
0
0
0
0
0
0
0
0
0
0
0
0
0
0
0
0
0
0
0
0
0
0
0
0
0
0
0
0
0
0
0
0
0
0
0
0
0
0
0
0
0
0
0
0
0
0
0
0
0
0
0
0
0
0
0
0
0
0
0
0
0
0
0
0
0
0
0
0
0
0
0
0
0
0
0
0
0
0
0
0
0
0
0
0
0
0
0
0
0
0
0
0
0
0
0
0
0
0
0
0
0
0
0
0
0
0
0
0
0
0
0
0
0
0
0
0
0
0
0
0
0
0
0
0
0
0
0
0
0
0
0
0
0
0
0
0
0
0
0
0
0
0
0
0
0
0
0
0
0
0
0
0
0
0
0
0
0
0
0
0
0
0
0
0
0
0
0
0
0
0
0
0
0
0
0
0
0
0
0
0
0
0
0
0
0
0
0
0
0
0
0
0
0
0
0
0
0
0
0
0
0
0
0
0
0
0
0
0
0
0
0
0
0
0
0
0
0
0
0
0
0
0
0
0
0
0
0
0
0
0
0
0
0
0
0
0
0
0
0
0
0
0
0
0
0
0
0
0
0
0
0
0
0
0
0
0
0
0
0
0
0
0
0
0
0
0
0
0
0
0
0
0
0
0
0
0
0
0
0
0
0
0
0
0
0
0
0
0
0
0
0
0
0
0
0
0
0
0
0
0
0
0
0
0
0
0
0
0
0
0
0
0
0
0
0
0
0
0
0
0
0
0
0
0
0
0
0
0
0
0
0
0
0
0
0
0
0
0
0
0
0
0
0
0
0
0
0
0
0
0
0
0
0
0
0
0
0
0
0
0
0
0
0
0
0
0
0
0
0
0
0
0
0
0
0
0
0
0
0
0
0
0
0
0
0
0
0
0
0
0
0
0
0
0
0
0
0
0
0
0
0
0
0
0
0
0
0
0
0
0
0
0
0
0
0
0
0
0
0
0
0
0
0
0
0
0
0
0
0
0
0
0
0
0
0
0
0
0
0
0
0
0
0
0
0
0
0
0
0
0
0
0
0
0
0
0
0
0
0
0
0
0
0
0
0
0
0
0
0
0
0
0
0
0
0
0
0
0
0
0
0
0
0
0
0
0
0
0
0
0
0
0
0
0
0
0
0
0
0
0
0
0
0
0
0
0
0
0
0
0
0
0
0
0
0
0
0
0
0
0
0
0
0
0
0
0
0
0
0
0
0
0
0
0
0
0
0
0
0
0
0
0
0
0
0
0
0
0
0
0
0
0
0
0
0
0
0
0
0
0
0
0
0
0
0
0
0
0
0
0
0
0
0
0
0
0
0
0
0
0
0
0
0
0
0
0
0
0
0
0
0
0
0
0
0
0
0
0
0
0
0
0
0
0
0
0
0
0
0
0
0
0
0
0
0
0
0
0
0
0
0
0
0
0
0
0
0
0
0
0
0
0
0
0
0
0
0
0
0
0
0
0
0
0
0
0
0
0
0
0
0
0
0
0
0
0
0
0
0
0
0
0
0
0
0
0
0
0
0
0
0
0
0
0
0
0
0
0
0
0
0
0
0
0
0
0
0
0
0
0
0
0
0
0
0
0
0
0
0
0
0
0
0
0
0
0
0
0
0
0
0
0
0
0
0
0
0
0
0
0
0
0
0
0
0
0
0
0
0
0
0
0
0
0
0
0
0
0
0
0
0
0
0
0
0
0
0
0
0
0
0
0
0
0
0
0
0
0
0
0
0
0
0
0
0
0
0
0
0
0
0
0
0
0
0
0
0
0
0
0
0
0
0
0
0
0
0
0
0
0
0
0
0
0
0
0
0
0
0
0
0
0
0
0
0
0
0
0
0
0
0
0
0
0
0
0
0
0
0
0
0
0
0
0
0
0
0
0
0
0
0
0
0
0
0
0
0
0
0
0
0
0
0
0
0
0
0
0
0
0
0
0
0
0
0
0
0
0
0
0
0
0
0
0
0
0
0
0
0
0
0
0
0
0
0
0
0
0
0
0
0
0
0
0
0
0
0
0
0
0
0
0
0
0
0
0
0
0
0
0
0
0
0
0
0
0
0
0
0
0
0
0
0
0
0
0
0
0
0
0
0
0
0
0
0
0
0
0
0
0
0
0
0
0
0
0
0
0
0
0
0
0
0
0
0
0
0
0
0
0
0
0
0
0
0
0
0
0
0
0
0
0
0
0
0
0
0
0
0
0
0
0
0
0
0
0
0
0
0
0
0
0
0
0
0
0
0
0
0
0
0
0
0
0
0
0
0
0
0
0
0
0
0
0
0
0
0
0
0
0
0
0
0
0
0
0
0
0
0
0
0
0
0
0
0
0
0
0
0
0
0
0
0
0
0
0
0
0
0
0
0
0
0
0
0
0
0
0
0
0
0
0
0
0
0
0
0
0
0
0
0
0
0
0
0
0
0
0
0
0
0
0
0
0
0
0
0
0
0
0
0
0
0
0
0
0
0
0
0
0
0
0
0
0
0
0
0
0
0
0
0
0
0
0
0
0
0
0
0
0
0
0
0
0
0
0
0
0
0
0
0
0
0
0
0
0
0
0
0
0
0
0
0
0
0
0
0
0
0
0
0
0
0
0
0
0
0
0
0
0
0
0
0
0
0
0
0
0
0
0
0
0
0
0
0
0
0
0
0
0
0
0
0
0
0
0
0
0
0
0
0
0
0
0
0
0
0
0
0
0
0
0
0
0
0
0
0
0
0
0
0
0
0
0
0
0
0
0
0
0
0
0
0
0
0
0
0
0
0
0
0
0
0
0
0
0
0
0
0
0
0
0
0
0
0
0
0
0
0
0
0
0
0
0
0
0
0
0
0
0
0
0
0
0
0
0
0
0
0
0
0
0
0
0
0
0
0
0
0
0
0
0
0
0
0
0
0
0
0
0
0
0
0
0
0
0
0
0
0
0
0
0
0
0
0
0
0
0
0
0
0
0
0
0
0
0
0
0
0
0
0
0
0
0
0
0
0
0
0
0
0
0
0
0
0
0
0
0
0
0
0
0
0
0
0
0
0
0
0
0
0
0
0
0
0
0
0
0
0
0
0
0
0
0
0
0
0
0
0
0
0
0
0
0
0
0
0
0
0
0
0
0
0
0
0
0
0
0
0
0
0
0
0
0
0
0
0
0
0
0
0
0
0
0
0
0
0
0
0
0
0
0
0
0
0
0
0
0
0
0
0
0
0
0
0
0
0
0
0
0
0
0
0
0
0
0
0
0
0
0
0
0
0
0
0
0
0
0
0
0
0
0
0
0
0
0
0
0
0
0
0
0
0
0
0
0
0
0
0
0
0
0
0
0
0
0
0
0
0
0
0
0
0
0
0
0
0
0
0
0
0
0
0
0
0
0
0
0
0
0
0
0
0
0
0
0
0
0
0
0
0
0
0
0
0
0
0
0
0
0
0
0
0
0
0
0
0
0
0
0
0
0
0
0
0
0
0
0
0
0
0
0
0
0
0
0
0
0
0
0
0
0
0
0
0
0
0
0
0
0
0
0
0
0
0
0
0
0
0
0
0
0
0
0
0
0
0
0
0
0
0
0
0
0
0
0
0
0
0
0
0
0
0
0
0
0
0
0
0
0
0
0
0
0
0
0
0
0
0
0
0
0
0
0
0
0
944.42
1459.18
892.165
6.05422
467.99
14.0032
6.63266e-09
0.201358
4.27769e-08
0
0
0
0
0
0
0
0
0
0
0
0
0
0
0
0
0
1.44707e-11
0.000184026
4.42936e-11
0
0
0
0
0
0
0
0
0
0
0
0
0
0
0
0
0
0
0
0
0
0
0
0
0
0
0
0
0
0
0
0
0
0
0
0
0
0
0
0
0
0
0
0
0
0
0
0
0
0
0
0
0
0
0
0
0
0
0
0
0
0
0
0
0
0
0
0
0
0
0
0
0
0
0
0
0
0
0
0
0
0
0
0
0
0
0
0
0
0
0
0
0
0
0
0
0
0
0
0
0
0
0
0
0
0
0
0
0
0
0
0
0
0
0
0
0
0
0
0
0
0
0
0
0
0
0
0
0
0
0
0
0
0
0
0
0
0
0
0
0
0
0
0
0
0
0
0
0
0
0
0
0
0
0
0
0
0
0
0
0
0
0
0
0
0
0
0
0
0
0
0
0
0
0
0
0
0
0
0
0
0
0
0
0
0
0
0
0
0
0
0
0
0
0
0
0
0
0
0
0
0
0
0
0
0
0
0
0
0
0
0
0
0
0
0
0
0
0
0
0
0
0
0
0
0
0
0
0
0
0
0
0
0
0
469.758
19.0247
5.46
1.55681
0.320675
7.63035e-07
3.31461e-09
8.51768e-09
7.04258e-11
0
0
0
0
0
0
0
0
0
0
0
0
0
0
0
0
0
1.5874e-12
9.27921e-12
1.43894e-15
0
0
0
0
0
0
0
0
0
0
0
0
0
0
0
0
0
0
0
0
0
0
0
0
0
0
0
0
0
0
0
0
0
0
0
0
0
0
0
0
0
0
0
0
0
0
0
0
0
0
0
0
0
0
0
0
0
0
0
0
0
0
0
0
0
0
0
0
0
0
0
0
0
0
0
0
0
0
0
0
0
0
0
0
0
0
0
0
0
0
0
0
0
0
0
0
0
0
0
0
0
0
0
0
0
0
0
0
0
0
0
0
0
0
0
0
0
0
0
0
0
0
0
0
0
0
0
0
0
0
0
0
0
0
0
0
0
0
0
0
0
0
0
0
0
0
0
0
0
0
0
0
0
0
0
0
0
0
0
0
0
0
0
0
0
0
0
0
0
0
0
0
0
0
0
0
0
0
0
0
0
0
0
0
0
0
0
0
0
0
0
0
0
0
0
0
0
0
0
0
0
0
0
0
0
0
0
0
0
0
0
0
0
0
0
0
0
0
0
0
0
0
0
0
0
0
0
0
0
0
0
0
0
0
0
0.0431595
5.30236e-08
9.65284e-09
7.91878e-09
1.50294e-09
5.47285e-11
1.12702e-12
9.61304e-13
4.13695e-15
0
0
0
0
0
0
0
0
0
0
0
0
0
0
0
0
0
0
6.83497e-16
0
0
0
0
0
0
0
0
0
0
0
0
0
0
0
0
0
0
0
0
0
0
0
0
0
0
0
0
0
0
0
0
0
0
0
0
0
0
0
0
0
0
0
0
0
0
0
0
0
0
0
0
0
0
0
0
0
0
0
0
0
0
0
0
0
0
0
0
0
0
0
0
0
0
0
0
0
0
0
0
0
0
0
0
0
0
0
0
0
0
0
0
0
0
0
0
0
0
0
0
0
0
0
0
0
0
0
0
0
0
0
0
0
0
0
0
0
0
0
0
0
0
0
0
0
0
0
0
0
0
0
0
0
0
0
0
0
0
0
0
0
0
0
0
0
0
0
0
0
0
0
0
0
0
0
0
0
0
0
0
0
0
0
0
0
0
0
0
0
0
0
0
0
0
0
0
0
0
0
0
0
0
0
0
0
0
0
0
0
0
0
0
0
0
0
0
0
0
0
0
0
0
0
0
0
0
0
0
0
0
0
0
0
0
0
0
0
0
0
0
0
0
0
0
0
0
0
0
0
0
0
0
0
0
0
0
0
0
0
0
0
0
0
0
0
0
0
0
0
0
0
0
0
0
0
0
0
0
0
0
0
0
0
0
0
0
0
0
0
0
0
0
0
0
0
0
0
0
0
0
0
0
0
0
0
0
0
0
0
0
0
0
0
0
0
0
0
0
0
0
0
0
0
0
0
0
0
0
0
0
0
0
0
0
0
0
0
0
0
0
0
0
0
0
0
0
0
0
0
0
0
0
0
0
0
0
0
0
0
0
0
0
0
0
0
0
0
0
0
0
0
0
0
0
0
0
0
0
0
0
0
0
0
0
0
0
0
0
0
0
0
0
0
0
0
0
0
0
0
0
0
0
0
0
0
0
0
0
0
0
0
0
0
0
0
0
0
0
0
0
0
0
0
0
0
0
0
0
0
0
0
0
0
0
0
0
0
0
0
0
0
0
0
0
0
0
0
0
0
0
0
0
0
0
0
0
0
0
0
0
0
0
0
0
0
0
0
0
0
1153.46
0.0138177
138.945
1109.94
0.0355529
3.3384e-13
0
6.1137e-10
9.7851e-13
0
0
0
0
0
0
0
0
0
0
0
0
0
0
0
0
0
0
0
0
0
0
0
0
0
0
0
0
0
0
0
0
0
0
0
0
0
0
0
0
0
0
0
0
0
0
0
0
0
0
0
0
0
0
0
0
0
0
0
0
0
0
0
0
0
0
0
0
0
0
0
0
0
0
0
0
0
0
0
0
3.59735e-17
0
0
0
3.59735e-17
0
0
1.43894e-16
0
2.60187e-13
3.23762e-16
0
0
0
3.59735e-17
0
0
0
0
0
0
0
0
0
0
0
0
0
0
0
0
0
0
0
0
0
0
0
0
0
0
0
0
0
0
0
0
0
0
0
0
0
0
0
0
0
0
0
0
0
0
0
0
0
0
0
0
0
0
0
0
0
0
0
0
0
0
0
0
0
0
0
0
0
0
0
0
0
0
0
0
0
0
0
0
0
0
0
0
0
550.408
0.000841173
0.000440537
8.11412
8.25605e-10
1.3524e-13
0
1.19032e-12
2.08646e-15
0
0
0
0
0
0
0
0
0
0
0
0
0
0
0
0
0
0
0
0
0
0
0
0
0
0
0
0
0
0
0
0
0
0
0
0
0
0
0
0
0
0
0
0
0
0
0
0
0
0
0
0
0
0
0
0
0
0
0
0
0
0
0
0
0
0
0
0
0
0
0
0
0
0
0
0
0
0
0
0
0
0
0
0
0
0
0
0
0
0
0
0
0
0
0
0
0
0
0
0
0
0
0
0
0
0
0
0
0
0
0
0
0
0
0
0
0
0
0
0
0
0
0
0
0
0
0
0
0
0
0
0
0
0
0
0
0
0
0
0
0
0
0
0
0
0
0
0
0
0
0
0
0
0
0
0
0
0
0
0
0
0
0
0
0
0
0
0
0
0
0
0
0
0
0
0
0
0
0
0
0.0645572
2.65823e-11
1.68706e-09
1.13039e-08
1.14862e-13
0
0
0
0
0
0
0
0
0
0
0
0
0
0
0
0
0
0
0
0
0
0
0
0
0
0
0
0
0
0
0
0
0
0
0
0
0
0
0
0
0
0
0
0
0
0
0
0
0
0
0
0
0
0
0
0
0
0
0
0
0
0
0
0
0
0
0
0
0
0
0
0
0
0
0
0
0
0
0
0
0
0
0
0
0
0
0
0
0
0
0
0
0
0
0
0
0
0
0
0
0
0
0
0
0
0
0
0
0
0
0
0
0
0
0
0
0
0
0
0
0
0
0
0
0
0
0
0
0
0
0
0
0
0
0
0
0
0
0
0
0
0
0
0
0
0
0
0
0
0
0
0
0
0
0
0
0
0
0
0
0
0
0
0
0
0
0
0
0
0
0
0
0
0
0
0
0
0
0
0
0
0
0
0
0
0
0
0
0
0
0
0
0
0
0
0
0
0
0
0
0
0
0
0
0
0
0
0
0
0
0
0
0
0
0
0
0
0
0
0
0
0
0
0
0
0
0
0
0
0
0
0
0
0
0
0
0
0
0
0
0
0
0
0
0
0
0
0
0
0
0
0
0
0
0
0
0
0
0
0
0
0
0
0
0
0
0
0
0
0
0
0
0
0
0
0
0
0
0
0
0
0
0
0
0
0
0
0
0
0
0
0
0
0
0
0
0
0
0
0
0
0
0
0
0
0
0
0
0
0
1.23193e-10
3.599e-14
3.72202e-14
1.05953e-12
8.50227e-13
4.60461e-15
4.96434e-15
3.77647e-13
2.94983e-15
0
9.06268e-14
1.94257e-15
1.07921e-16
0
0
0
0
0
0
0
0
0
0
0
0
0
0
0
0
0
0
0
0
0
0
0
0
0
0
0
0
0
0
0
0
0
0
0
0
0
0
0
0
0
0
0
0
0
0
0
0
0
0
0
0
0
0
0
0
0
0
0
0
0
0
0
0
3.59735e-17
0
0
0
0
0
0
0
0
0
0
0
0
0
0
0
0
0
0
0
0
0
0
0
0
0
0
0
0
0
0
0
0
0
0
0
0
0
0
0
0
0
0
0
0
0
0
0
0
0
0
0
0
0
0
0
0
0
0
0
0
0
0
0
0
0
0
0
0
0
0
0
0
0
0
0
0
0
0
0
0
0
0
0
0
0
0
0
0
0
0
0
0
0
0
0
0
0
0
0
0
0
0
0
0
0
0
0
0
0
0
0
0
0
0
0
0
0
0
0
0
0
0
0
0
0
0
0
0
0
0
0
512.155
505.659
458.065
575.778
455.826
321.476
314.077
513.375
482.373
342.082
438.424
394.515
445.272
264.97
324.586
380.45
33.965
117.831
145.927
16.9753
1.51736
0.00163965
0.0084211
0.314838
45.2235
118.29
159.957
26.3475
2.82422
0.00767792
0.0255809
1.00703
3.78996e-07
7.42465e-06
6.6514e-05
4.16854e-08
2.35233e-09
1.97241e-12
1.44646e-11
2.2007e-10
8.73898e-07
4.08754e-05
0.000128936
2.77751e-07
5.48136e-09
1.18359e-11
3.38482e-11
1.7229e-09
0
0
0
0
0
0
0
0
0
0
0
0
0
0
0
0
0
0
0
0
0
0
0
0
0
0
0
0
0
0
0
0
0
0
0
0
0
0
0
0
0
0
0
0
0
0
0
0
0
0
0
0
0
0
0
0
0
0
0
0
0
0
0
0
0
0
0
0
0
0
0
0
0
0
0
0
0
0
0
0
0
0
0
0
0
0
0
0
0
0
0
0
0
0
0
0
0
0.00436118
0.213739
0.952203
0.00102394
2.97347e-05
2.15025e-08
1.59827e-07
4.45676e-06
0.00680621
0.360719
1.32359
0.00161301
4.60984e-05
5.58966e-08
2.52616e-07
1.00166e-05
0
0
0
0
0
0
0
0
0
0
0
0
0
0
0
0
0
0
0
0
0
0
0
0
0
0
0
0
0
0
0
0
0
0
0
0
0
0
0
0
0
0
0
0
0
0
0
0
0
0
0
0
0
0
0
0
0
0
0
0
0
0
0
0
0
0
0
0
0
0
0
0
0
0
0
0
0
0
0
0
0
0
0
0
0
0
0
0
0
0
0
0
0
0
0
0
0
0
0
0
0
0
0
0
0
0
0
0
0
0
0
0
0
0
0
0
0
0
0
0
0
0
0
0
0
0
0
0
0
0
0
0
0
0
0
0
0
0
0
0
0
0
0
0
0
0
0
0
0
0
0
0
0
0
0
0
0
0
0
0
0
0
0
0
0
0
0
0
0
0
0
0
0
0
0
0
0
0
0
0
0
0
0
0
0
0
0
0
0
0
0
0
0
0
0
0
0
0
0
0
0
0
0
0
0
0
0
0
0
0
0
0
0
0
0
0
0
0
0
0
0
0
0
0
0
0
0
0
0
0
0
0
0
0
0
0
0
0
0
0
0
0
0
0
0
0
0
1.07921e-16
0
0
0
0
0
0
0
0
0
0
0
0
0
0
0
0
0
0
0
0
0
0
0
0
0
0
0
0
0
0
0
0
0
0
0
0
0
0
0
0
0
0
0
0
0
0
0
0
0
0
0
0
0
0
0
0
0
0
0
0
0
0
0
0
0
0
0
0
0
0
0
0
0
0
0
0
0
0
0
0
0
0
0
0
0
0
0
0
0
0
0
0
0
0
0
0
0
0
0
0
0
0
0
0
0
0
0
0
0
0
0
0
0
0
0
0
0
0
0
0
0
0
0
0
0
0
0
0
0
0
0
0
0
0
0
0
0
0
0
0
0
0
0
0
0
0
0
0
0
0
0
0
0
0
0
0
0
0
0
0
0
0
0
0
0
0
0
0
0
0
0
0
0
0
0
0
0
0
0
0
0
0
0
0
0
0
0
0
0
0
0
0
0
0
0
0
0
0
0
0
0
0
0
0
0
0
0
0
0
0
0
0
0
0
0
0
0
0
0
0
0
0
0
0
0
0
0
0
0
0
0
0
0
0
0
0
0
0
0
0
0
0
0
0
0
0
0
0
0
0
0
0
0
0
0
0
0
0
0
0
0
0
0
0
0
0
0
0
0
0
0
0
0
0
0
0
0
0
0
0
0
0
0
0
0
0
0
0
0
0
0
0
0
0
0
0
0
0
0
0
0
0
0
0
0
0
0
0
0
0
0
0
0
0
0
0
0
0
0
0
0
0
0
0
0
0
0
0
0
0
0
0
0
0
0
0
0
0
0
0
0
0
0
0
0
0
0
0
0
0
0
0
0
0
0
0
0
0
0
0
0
0
0
0
0
0
0
0
0
0
0
0
0
0
0
0
0
0
0
0
0
0
0
0
0
0
0
0
0
0
0
0
0
0
0
0
0
0
0
0
0
0
0
0
0
0
0
0
0
0
0
0
0
0
0
0
0
0
0
0
78.673
192.13
238.091
57.0022
63.2958
122.733
210.509
23.7886
7.84524
0.0236589
4.07224
0.0784589
4.60425
0.00328383
0.576382
0.0273598
0.0450996
38.8431
3.38693
2.43788
0.00031682
0.000215561
0.0404157
2.69897e-06
0.000223185
8.13744e-05
0.0185446
1.4817e-06
2.55457e-06
1.83472e-10
2.39793e-08
1.82419e-08
1.46822e-10
1.54317e-06
1.01961e-08
2.07809e-08
1.36769e-12
7.15854e-13
6.27523e-11
3.13197e-13
1.94704e-12
2.20011e-12
1.96459e-10
4.19773e-13
3.36172e-14
7.05081e-15
1.29145e-14
1.74831e-14
0
0
0
0
0
0
0
0
0
0
0
0
0
0
0
0
0
0
0
0
0
0
0
0
0
0
0
0
0
0
0
0
0
0
0
0
0
0
0
0
0
0
0
0
0
0
0
0
0
0
0
0
0
0
0
0
0
0
0
0
0
0
0
0
0
0
0
0
0
0
0
0
0
0
0
0
0
0
0
0
0
0
0
0
0
0
0
0
0
0
0
0
0
0
0
0
0
1.01989e-06
0.0144537
6.88752e-05
0.000164808
5.80923e-09
2.02421e-09
3.88458e-07
3.10338e-11
9.67165e-09
1.10514e-08
1.49453e-06
7.47625e-11
5.76336e-11
2.41022e-15
3.21204e-13
4.65638e-13
0
0
0
0
0
0
0
0
0
0
0
0
0
0
0
0
0
0
0
0
0
0
0
0
0
0
0
0
0
0
0
0
0
0
0
0
0
0
0
0
0
0
0
0
0
0
0
0
0
0
0
0
0
0
0
0
0
0
0
0
0
0
0
0
0
0
0
0
0
0
0
0
0
0
0
0
0
0
0
0
0
0
0
0
0
0
0
0
0
0
0
0
0
0
0
0
0
0
0
0
0
0
0
0
0
0
0
0
0
0
0
0
0
0
0
0
0
0
0
0
0
0
0
0
0
0
0
0
0
0
0
0
0
0
0
0
0
0
0
0
0
0
0
0
0
0
0
0
0
0
0
0
0
0
0
0
0
0
0
0
0
0
0
0
0
0
0
0
0
0
0
0
0
0
0
0
0
0
0
0
0
0
0
0
0
0
0
0
0
0
0
0
0
0
0
0
0
0
0
0
0
0
0
0
0
0
0
0
0
0
0
0
0
0
0
0
0
0
0
0
0
0
0
0
0
0
0
0
0
0
0
0
0
0
0
0
0
0
0
0
0
0
0
0
0
0
0
0
0
0
0
0
0
0
0
0
0
0
0
0
0
0
0
0
0
0
0
0
0
0
0
0
0
0
0
0
0
0
0
0
0
0
0
0
0
0
0
0
0
0
0
0
0
0
0
0
0
0
0
0
0
0
0
0
0
0
0
0
0
0
0
0
0
0
0
0
0
0
0
0
0
0
0
0
0
0
0
0
0
0
0
0
0
0
0
0
0
0
0
0
0
0
0
0
0
0
0
0
0
0
0
0
0
0
0
0
0
0
0
0
0
0
0
0
0
0
0
0
0
0
0
0
0
0
0
0
0
0
0
0
0
0
0
0
0
0
0
0
0
0
0
0
0
0
0
0
0
0
0
0
0
0
0
0
0
0
0
0
0
0
0
0
0
0
0
0
0
0
0
0
0
0
0
0
0
0
0
0
0
0
0
0
0
0
0
0
0
0
0
0
0
0
0
0
0
0
0
0
0
0
0
0
0
0
0
0
0
0
0
0
0
0
0
0
0
0
0
0
0
0
0
0
0
0
0
0
0
0
0
0
0
0
0
0
0
0
0
0
0
0
0
0
0
0
0
0
0
0
0
0
0
0
0
0
0
0
0
0
0
0
0
0
0
0
0
0
0
0
0
0
0
0
0
0
0
0
0
0
0
0
0
0
0
0
0
0
0
0
0
0
0
0
0
0
0
0
0
0
0
0
0
0
0
0
0
0
0
0
0
0
0
0
0
0
0
0
0
0
0
0
0
0
0
0
0
0
0
0
0
0
0
0
0
0
0
0
0
0
0
0
0
0
0
0
0
0
0
0
0
0
0
0
0
0
0
0
0
0
0
0
0
0
0
0
0
0
0
0
0
0
0
0
0
0
0
0
0
0
0
0
0
0
0
0
0
0
0
0
0
0
0
0
0
0
0
0
0
0
0
0
0
0
0
0
0
0
0
0
0
0
0
0
0
0
0
0
0
0
1.80617e-06
0.00015597
0.000311934
7.5896e-07
9.31065e-07
1.51455e-05
0.000190336
8.83851e-08
9.93374e-09
2.33179e-11
4.19503e-09
5.36563e-11
5.23489e-09
4.39434e-12
4.76657e-10
2.93807e-11
5.5951e-11
4.93914e-07
9.12252e-09
2.79143e-09
1.55995e-12
1.97148e-12
1.17415e-10
5.39179e-13
6.60524e-13
3.737e-13
1.51251e-11
2.22735e-13
3.28166e-14
4.82045e-15
1.53247e-14
1.14036e-14
2.15841e-15
4.62304e-14
1.57924e-14
1.92458e-14
0
0
2.15841e-16
0
0
0
2.15841e-16
0
0
0
0
0
0
0
0
0
0
0
0
0
0
0
0
0
0
0
0
0
0
0
0
0
0
0
0
0
0
0
0
0
0
0
0
0
0
0
0
0
0
0
0
0
0
0
0
0
0
0
0
0
0
0
0
0
0
0
0
0
0
0
0
0
0
0
0
0
0
0
0
0
0
0
0
0
0
0
0
0
0
0
0
0
0
0
0
0
0
0
0
0
0
0
0
0
0
0
0
0
0
3.05775e-15
7.25402e-11
5.10923e-13
4.51782e-13
0
0
3.16567e-15
0
0
0
2.66204e-15
0
0
0
0
0
0
0
0
0
0
0
0
0
0
0
0
0
0
0
0
0
0
0
0
0
0
0
0
0
0
0
0
0
0
0
0
0
0
0
0
0
0
0
0
0
0
0
0
0
0
0
0
0
0
0
0
0
0
0
0
0
0
0
0
0
0
0
0
0
0
0
0
0
0
0
0
0
0
0
0
0
0
0
0
0
0
0
0
0
0
0
0
0
0
0
0
0
0
0
0
0
0
0
0
0
0
0
0
0
0
0
0
0
0
0
0
0
0
0
0
0
0
0
0
0
0
0
0
0
0
0
0
0
0
0
0
0
0
0
0
0
0
0
0
0
0
0
0
0
0
0
0
0
0
0
0
0
0
0
0
0
0
0
0
0
0
0
0
0
0
0
0
0
0
0
0
0
0
0
0
0
0
0
0
0
0
0
0
0
0
0
0
0
0
0
0
0
0
0
0
0
0
0
0
0
0
0
0
0
0
0
0
0
0
0
0
0
0
0
0
0
0
0
0
0
0
0
0
0
0
0
0
0
0
0
0
0
0
0
0
0
0
0
0
0
0
0
0
0
0
0
0
0
0
0
0
0
0
0
0
0
0
0
0
0
0
0
0
0
0
0
0
0
0
0
0
0
0
0
0
0
0
0
0
0
0
0
0
0
0
0
0
0
0
0
0
0
0
0
0
0
0
0
0
0
0
0
0
0
0
0
0
0
0
0
0
0
0
0
0
0
0
0
0
0
0
0
0
0
0
0
0
0
0
0
0
0
0
0
0
0
0
0
0
0
0
0
0
0
0
0
0
0
0
0
0
0
0
0
0
0
0
0
0
0
0
0
0
0
0
0
0
0
0
0
0
0
0
0
0
0
0
0
0
0
0
0
0
0
0
0
0
0
0
0
0
0
0
0
0
0
0
0
0
0
0
0
0
0
0
0
0
0
0
0
0
0
0
0
0
0
0
0
0
0
0
0
0
0
0
0
0
0
0
0
0
0
0
0
0
0
0
0
0
0
0
0
0
0
0
0
0
0
0
0
0
0
0
0
0
0
0
0
0
0
0
0
0
0
0
0
0
0
0
0
0
0
0
0
0
0
0
0
0
0
0
0
0
0
0
0
0
0
0
0
0
0
0
0
0
0
0
0
0
0
0
0
0
0
0
0
0
0
0
0
0
0
0
0
0
0
0
0
0
0
0
0
0
0
0
0
0
0
0
0
0
0
0
0
0
0
0
0
0
0
0
0
0
0
0
0
0
0
0
0
0
0
0
0
0
0
0
0
0
0
0
0
0
0
0
0
0
0
0
0
0
0
0
0
0
0
0
0
0
0
0
0
0
0
0
0
0
0
0
0
0
0
0
0
0
0
0
0
0
0
0
0
0
0
0
0
0
0
0
0
0
0
0
0
0
0
0
0
0
0
0
0
0
0
0
0
0
0
0
0
0
0
0
0
0
0
0
0
0
0
0
0
0
0
0
0
0
0
0
0
0
0
0
0
0
0
0
0
0
0
0
0
0
0
0
0
0
0
0
0
0
0
0
0
0
0
0
0
0
0
0
0
0
0
0
0
0
0
0
0
0
0
0
0
0
0
0
0
0
0
0
0
0
0
0
0
0
0
0
0
0
0
0
0
0
0
0
0
0
0
0
0
0
0
0
0
0
0
0
0
0
0
0
0
0
0
0
0
0
0
0
0
0
0
0
0
0
0
0
0
0
0
0
0
0
0
0
0
0
0
0
0
0
0
0
0
0
0
0
0
0
0
0
0
0
0
0
0
0
0
0
0
0
0
0
0
0
0
0
0
0
0
0
0
0
0
0
0
0
0
0
0
0
0
0
0
0
0
0
0
0
0
0
0
0
0
0
0
0
0
0
0
0
0
0
0
0
0
0
3.53883e-11
1.11948e-13
1.24798e-14
8.34342e-14
2.77008e-13
2.15841e-16
2.87788e-15
0
0
0
0
0
0
0
0
0
0
0
0
0
0
0
0
0
0
0
0
0
0
0
0
0
0
0
0
0
0
0
0
0
0
0
0
0
0
0
0
0
0
0
0
0
0
0
0
0
0
0
0
0
0
0
0
0
0
0
0
0
0
0
0
0
0
0
0
0
0
0
0
0
0
0
0
0
0
0
0
0
0
0
0
0
0
0
0
0
0
0
0
0
0
0
0
0
0
0
0
0
0
0
0
0
0
0
0
0
0
0
0
0
0
0
0
0
0
0
0
0
0
0
0
0
0
0
0
0
0
0
0
0
0
0
0
0
0
0
0
0
0
0
0
0
0
0
0
0
0
0
0
0
0
0
0
0
0
0
0
0
0
0
0
0
0
0
0
0
0
0
0
0
0
0
0
0
0
0
0
0
0
0
0
0
0
0
0
0
0
0
0
0
0
0
0
0
0
0
0
0
0
0
0
0
0
0
0
0
0
0
0
0
0
0
0
0
0
0
0
0
0
0
0
0
0
0
0
0
0
0
0
0
0
0
0
0
0
0
0
0
0
0
0
0
0
0
0
0
0
0
0
0
0
0
0
0
0
0
0
0
0
0
0
0
0
0
0
0
0
0
0
0
0
0
0
0
0
0
0
0
0
0
0
0
0
0
0
0
0
0
0
0
0
0
0
0
0
0
0
0
0
0
0
0
0
0
0
0
0
0
0
0
0
0
0
0
0
0
0
0
0
0
0
0
0
0
0
0
0
0
0
0
0
0
0
0
0
0
0
0
0
0
0
0
0
0
0
0
0
0
0
0
0
0
0
0
0
0
0
0
0
0
380.501
17.6935
377.892
31.9351
176.96
149.975
270.007
18.634
359.412
35.3298
175.494
123.685
4.65705e-14
0
1.09345e-13
0
7.33859e-15
3.5254e-15
1.39465e-13
0
2.54537e-13
0
1.66168e-14
9.13727e-15
0
0
0
0
0
0
0
0
0
0
0
0
0
0
0
0
0
0
0
0
0
0
0
0
0
0
0
0
0
0
0
0
0
0
0
0
0
0
0
0
0
0
9.65546e-11
1.94257e-15
8.48891e-10
2.33108e-14
4.18003e-12
4.17005e-13
2.83015e-10
6.54718e-15
1.3608e-09
3.75204e-14
6.73025e-12
1.32853e-12
0
0
0
0
0
0
127.085
2.41702
26.6826
0.0354879
4.10216
45.2219
0.00467895
1.46638e-06
0.796064
0.000211251
0.0383107
0.00017476
1.33821e-14
0
1.05762e-14
0
7.91417e-16
3.38151e-15
0
0
1.07921e-16
0
0
0
0
0
0
0
0
0
0
0
0
0
0
0
0
0
0
0
0
0
0
0
0
0
0
0
0
0
0
0
0
0
0
0
0
0
0
0
0
0
0
0
0
0
9.99298e-12
1.43894e-16
1.57132e-13
0
6.83497e-16
4.66217e-14
0
0
1.40297e-15
0
0
0
0
0
0
0
0
0
2.17036e-05
9.28106e-09
1.2586e-07
5.48986e-11
6.02416e-09
1.05968e-06
4.14188e-12
1.4926e-14
6.75117e-10
3.27838e-13
3.32666e-11
1.07099e-12
0
0
0
0
0
0
0
0
0
0
0
0
0
0
0
0
0
0
0
0
0
0
0
0
0
0
0
0
0
0
0
0
0
0
0
0
0
0
0
0
0
0
0
0
0
0
0
0
0
0
0
0
0
0
0
0
0
0
0
0
0
0
0
0
0
3.32658e-12
3.69972e-14
7.83923e-15
3.47574e-12
7.65936e-15
8.07906e-13
8.23948e-13
2.83539e-12
3.86591e-14
8.40581e-15
2.96592e-12
1.00606e-14
7.24526e-13
6.91188e-13
3.31624e-13
2.76996e-15
4.67656e-16
3.11067e-13
2.15841e-16
7.09922e-14
1.0127e-13
6.18744e-15
0
0
8.05806e-15
0
2.4462e-15
1.65478e-15
0
0
0
0
0
0
0
0
0
0
0
0
0
0
0
0
0
0
0
0
0
0
0
0
0
0
0
0
0
0
0
0
0
0
0
0
0
0
0
0
0
0
0
0
0
0
0
0
0
0
0
0
0
0
0
0
0
0
0
0
0
0
0
0
0
0
0
0
0
0
0
0
0
0
0
0
0
0
0
0
0
0
0
0
0
0
0
0
0
0
0
0
0
0
0
0
0
0
0
0
0
0
0
0
0
0
0
0
9.67925e-13
1.2192e-14
1.09689e-14
9.35648e-13
9.39969e-13
4.38877e-15
2.6502e-13
0
0
0
0
0
0
0
0
0
0
0
0
0
0
3177.03
240.439
2157.48
306.417
3323.99
247.647
1818.21
2340.06
2725.2
1626.91
4653.9
1353.4
2372.21
1680.88
50.5522
872.257
32.7588
1028.8
77.4384
759.268
54.4225
5.28318e-07
0.910852
1.77092e-07
8.50046
3.02458e-06
4.00945
1.14021e-06
8.71357e-11
1.26962e-08
6.22929e-11
3.67168e-08
1.61968e-10
3.16872e-08
1.51443e-10
0
0
0
0
0
0
0
17.9361
7.32546e-08
6.96042e-05
4.15733e-05
33.0122
5.00359e-08
0.000239335
738.096
2457.09
667.206
2345.77
2577.06
701.178
727.972
128.906
263.841
289.005
510.056
267.416
270.47
106.747
3.12759e-05
0.000204513
0.000799008
0.289616
0.00124818
0.00435482
3.49713e-06
2.78197e-12
3.4251e-10
7.32326e-12
6.01911e-13
3.17398e-11
4.5075e-11
3.2714e-13
1.69075e-15
0
0
6.15147e-15
1.69075e-15
0
0
0
0
0
0
0
0
0
0
0
0
0
0
0
0
0
0
0
0
0
0
0
0
0
0
0
0
0
0
0
0
0
0
0
0
0
0
0
0
0
0
0
0
7.79255e-14
0
0
1.23869e-14
6.01617e-14
0
0
8.33669e-12
2.81173e-14
5.40651e-14
2.13403e-12
7.889e-12
2.33095e-14
5.68711e-14
5.08503e-07
5.17532e-12
4.3736e-10
8.18119e-10
1.80974e-06
4.80941e-12
3.11514e-10
0.000305831
0.00910438
3.79505e-07
0.00061684
0.0463057
3.4115e-06
3.75402e-05
0
0
0
0
0
0
0
2.04683e-12
0
7.05081e-15
2.8527e-14
1.55941e-12
0
6.29536e-15
4.53018e-12
7.11406e-13
4.86775e-11
2.42317e-13
1.26986e-14
1.64759e-14
2.08287e-14
0
0
0
0
0
0
0
0
0
0
0
0
0
0
0
0
0
0
0
0
0
0
0
0
0
0
0
0
0
0
0
0
0
0
0
0
0
0
0
0
0
0
0
0
0
0
0
0
0
0
0
0
0
0
0
0
0
0
0
0
0
0
0
0
0
0
0
0
0
0
0
0
0
0
0
0
0
0
0
0
0
0
0
0
0
0
0
0
0
0
0
1731.64
150.355
1118.13
0.112629
64.682
0.0175073
38.2377
1160.24
1504.1
849.209
79.9711
38.0621
60.7128
26.6377
27.7571
438.235
14.6372
10.0879
8.48728e-05
4.69794
2.47939e-05
1.79197e-07
0.257818
1.37589e-07
8.27777e-07
5.35285e-09
2.77489e-07
4.68935e-09
7.59789e-12
2.23994e-09
1.47983e-11
2.8392e-11
3.74763e-13
3.41554e-11
2.6246e-13
0
0
0
0
0
0
0
6.28029
1.23736e-08
7.85355e-06
1.04111e-08
4.03618e-06
1.04863e-10
1.62585e-08
177.57
1171.98
342.745
290.633
388.494
322.121
147.283
3.39363
133.696
130.387
112.464
42.8268
34.07
34.5913
1.18994e-08
4.56924e-05
0.000130522
9.63289e-05
8.4486e-07
6.70135e-07
1.73392e-06
1.1178e-12
9.14051e-11
1.15043e-12
1.29919e-13
3.13656e-11
3.80821e-13
1.13106e-11
0
0
0
0
0
0
0
0
0
0
0
0
0
0
0
0
0
0
0
0
0
0
0
0
0
0
0
0
0
0
0
0
0
0
0
0
0
0
0
0
0
0
0
0
0
0
0
0
0
1.44883e-14
0
0
5.03629e-16
1.39487e-14
0
0
8.70182e-13
4.28085e-15
7.14674e-15
6.39813e-13
5.26416e-13
4.24487e-15
3.81319e-15
2.4414e-08
3.21632e-13
3.95433e-11
6.51879e-13
7.4865e-11
3.16567e-15
2.74614e-13
4.20899e-08
0.000556996
3.91912e-08
7.97309e-08
3.02537e-06
6.11642e-06
5.86315e-10
0
0
0
0
0
0
0
1.28444e-13
0
1.07921e-16
0
1.00726e-15
0
0
5.21469e-13
2.41022e-15
8.13001e-15
0
1.00726e-15
2.48217e-15
1.07921e-16
0
0
0
0
0
0
0
0
0
0
0
0
0
0
0
0
0
0
0
0
0
0
0
0
0
0
0
0
0
0
0
0
0
0
0
0
0
0
0
0
0
0
0
0
0
0
0
0
0
0
0
0
0
0
0
0
0
0
0
0
0
0
0
0
0
0
0
0
0
0
0
0
0
0
0
0
0
0
0
0
0
0
0
0
0
0
0
0
0
0
0
4.98908
8.14405e-05
1.56878
3.66125e-08
1.01024e-06
3.89849e-08
2.83521e-07
1.63242
4.49075
0.691318
2.26184e-06
3.88022e-07
1.06648e-06
2.16444e-07
5.86571e-07
0.0358721
2.80609e-07
7.35991e-08
2.3506e-09
5.89892e-08
3.26063e-09
3.77954e-11
5.35682e-09
5.26135e-11
2.82202e-11
4.42332e-13
3.93221e-11
3.51046e-13
2.76996e-15
3.39042e-13
1.97854e-15
3.81319e-15
8.99338e-16
2.01452e-15
0
0
0
0
0
0
0
0
6.72579e-09
5.89823e-13
6.77336e-11
3.03723e-12
3.09486e-11
4.02061e-14
3.64618e-13
9.47251e-05
0.631208
0.00759696
0.00150662
0.022825
0.00391646
4.8425e-05
3.89556e-09
3.11755e-05
3.28612e-05
7.54515e-06
6.74471e-07
1.82158e-07
1.85894e-07
2.72899e-13
1.20053e-10
3.25043e-12
1.44605e-10
1.56918e-12
2.53355e-11
1.93579e-12
3.59735e-17
8.59767e-15
0
0
4.13695e-15
0
7.91417e-16
0
0
0
0
0
0
0
0
0
0
0
0
0
0
3.48656e-13
0
1.40297e-15
0
1.69075e-15
0
0
3.34554e-15
3.27444e-12
7.51846e-15
2.64068e-13
2.8455e-14
3.61028e-13
3.16567e-15
0
0
0
0
0
0
0
0
0
0
0
0
0
0
0
0
0
0
0
0
0
0
0
0
0
0
0
0
0
0
0
0
0
0
0
0
0
0
0
0
0
0
0
0
0
0
0
0
0
0
0
0
0
0
0
0
0
0
0
0
0
0
0
0
0
0
0
0
0
0
0
0
0
0
0
0
0
0
0
0
0
0
0
0
0
0
0
0
0
0
0
0
0
0
0
0
0
0
0
0
0
0
0
0
0
0
0
0
0
0
0
0
0
0
0
0
0
0
0
0
0
0
0
0
0
0
0
0
0
0
0
0
0
0
0
0
0
0
0
0
0
0
0
0
0
0
0
5.68539e-09
3.42459e-10
3.22528e-09
2.27432e-12
2.32313e-11
1.39414e-12
1.57195e-11
9.49793e-09
1.89087e-08
9.75794e-09
1.03073e-10
4.20373e-11
6.39475e-11
4.32357e-11
1.32079e-11
7.63784e-10
1.92763e-11
4.22429e-12
2.00373e-13
4.06379e-12
1.05951e-13
3.77722e-15
2.28565e-13
1.29505e-15
1.61881e-15
3.95709e-16
6.83497e-16
0
0
0
0
0
0
0
0
0
0
0
0
0
0
0
2.37749e-13
0
1.65478e-15
1.04728e-14
3.51329e-14
0
0
0
0
0
0
0
0
0
0
0
0
0
0
0
0
0
0
0
0
0
0
0
0
0
0
0
0
0
0
0
0
0
0
0
0
0
0
0
0
0
0
0
0
0
0
0
0
0
0
0
0
0
0
0
0
0
0
0
0
0
0
0
0
0
0
0
0
0
0
0
0
0
0
0
0
0
0
0
0
0
0
0
0
0
0
0
0
0
0
0
0
0
0
0
0
0
0
0
0
0
0
0
0
0
0
0
0
0
0
0
0
0
0
0
0
0
0
0
0
0
0
0
0
0
0
0
0
0
0
0
0
0
0
0
0
0
0
0
0
0
0
0
0
0
0
0
0
0
0
0
0
0
0
0
0
0
0
0
0
0
0
0
0
0
0
0
0
0
0
0
0
0
0
0
0
0
0
0
0
0
0
0
0
0
0
0
0
0
0
0
0
0
0
0
0
0
0
0
0
0
0
0
0
0
0
0
0
0
0
0
0
0
0
0
0
0
0
0
0
0
0
0
0
0
0
0
0
0
0
0
0
0
0
0
0
0
0
0
0
1.11518e-15
0
0
0
0
0
0
4.06501e-15
0
0
6.83497e-16
3.59735e-17
0
0
0
0
0
0
0
0
0
0
0
0
0
0
0
0
0
0
0
0
0
0
0
0
0
0
0
0
0
0
0
0
0
0
0
0
0
0
0
0
0
0
0
0
0
0
0
0
0
0
0
0
0
0
0
0
0
0
0
0
0
0
0
0
0
0
0
0
0
0
0
0
0
0
0
0
0
0
0
0
0
0
0
0
0
0
0
0
0
0
0
0
0
0
0
0
0
0
0
0
0
0
0
0
0
0
0
0
0
0
0
0
0
0
0
0
0
0
0
0
0
0
0
0
0
0
0
0
0
0
0
0
0
0
0
0
0
0
0
0
0
0
0
0
0
0
0
0
0
0
0
0
0
0
0
0
0
0
0
0
0
0
0
0
0
0
0
0
0
0
0
0
0
0
0
0
0
0
0
0
0
0
0
0
0
0
0
0
0
0
0
0
0
0
0
0
0
0
0
0
0
0
0
0
0
0
0
0
0
0
0
0
0
0
0
0
0
0
0
0
0
0
0
0
0
0
0
0
0
0
0
0
0
0
0
0
0
0
0
0
0
0
0
0
0
0
0
653.226
1483.35
531.723
958.269
1572.43
465.589
721.71
544.497
2606.87
1713.74
362.286
3714.82
492.948
424.901
681.997
884.229
1497.15
380.967
2576.17
428.858
555.125
28.7587
77.3741
0.165707
16.6376
107.727
0.974704
13.8694
138.431
494.802
243.207
230.581
269.609
262.228
109.858
37.7231
23.8862
95.1535
0.675684
120.228
1.83142
23.3739
1.72792e-07
9.2663e-07
1.36735e-10
5.00194e-08
8.09643e-06
1.03893e-09
1.82165e-08
6.24283e-05
0.565679
0.00123254
0.00413847
0.00357426
0.0128355
2.09739e-05
3.96978e-07
1.1741e-07
6.47387e-06
8.54209e-10
1.84506e-05
2.41692e-09
1.31464e-07
1.61657e-06
2.13661e-09
9.5564e-10
1.25958e-10
2.13903e-08
9.22332e-09
1.95326e-07
0.000498221
0.00107722
0.0150673
1.22903e-06
0.0868017
5.89876e-06
0.00010378
2.6716e-06
2.11994e-10
7.48383e-09
3.05684e-09
3.6844e-08
1.53148e-08
5.50779e-07
0
0
0
0
0
0
0
0
0
0
0
0
0
0
0
0
0
0
0
0
0
0
0
0
0
0
0
0
0
0
0
0
0
0
0
0
0
0
0
0
0
0
0
0
0
0
0
0
0
0
0
0
0
0
0
0
0
0
0
0
0
0
0
0
0
0
0
0
0
0
0
0
0
0
0
0
0
0
0
0
0
0
0
0
0
0
0
0
0
0
0
0
0
0
0
0
0
0
0
0
0
0
0
0
0
0
0
0
0
0
0
0
0
0
0
0
0
0
0
0
0
0
0
0
0
0
0
0
0
0
0
0
0
0
0
0
0
0
0
0
0
0
0
0
0
0
0
0
0
0
0
0
0
0
0
0
0
0
0
0
0
0
0
0
0
0
0
0
158.786
725.009
231.284
209.79
334.814
306.844
97.736
52.8787
116.425
27.6556
1.73174
137.033
38.1491
3.26273
40.7278
65.9707
19.3083
0.192493
118.313
14.7783
1.91148
0.0437471
34.1629
0.0281975
0.0193959
3.26123
2.22947
0.000234226
0.0272133
18.8318
0.00731558
0.00768238
1.29903
1.36831
0.000113096
0.000214859
0.000107526
7.39757e-05
1.42166e-08
0.0150136
1.95206e-06
1.43232e-06
1.0511e-10
2.80052e-07
5.6934e-11
2.10021e-09
5.08044e-09
5.96965e-09
2.93601e-11
1.47362e-10
8.70299e-07
2.16805e-09
1.59929e-10
8.13129e-09
1.57333e-08
3.48804e-11
2.54234e-12
9.93139e-11
1.24852e-10
7.65622e-13
1.51409e-10
1.29254e-12
1.6478e-12
2.61984e-10
2.38561e-10
9.95215e-11
2.47164e-13
1.80297e-08
4.1333e-12
1.52158e-12
4.0787e-10
7.49562e-10
4.33278e-10
3.91775e-13
5.62817e-08
6.02107e-12
3.32383e-12
2.67692e-12
2.4462e-15
4.28085e-15
3.59735e-17
4.72302e-14
1.58643e-14
2.29871e-14
0
0
0
0
0
0
0
0
0
0
0
0
0
0
0
0
0
0
0
0
0
0
0
0
0
0
0
0
0
0
0
0
0
0
0
0
0
0
0
0
0
0
0
0
0
0
0
0
0
0
0
0
0
0
0
0
0
0
0
0
0
0
0
0
0
0
0
0
0
0
0
0
0
0
0
0
0
0
0
0
0
0
0
0
0
0
0
0
0
0
0
0
0
0
0
0
0
0
0
0
0
0
0
0
0
0
0
0
0
0
0
0
0
0
0
0
0
0
0
0
0
0
0
0
0
0
0
0
0
0
0
0
0
0
0
0
0
0
0
0
0
0
0
0
0
0
0
0
0
0
0
0
0
0
0
0
0
0
0
0
0
0
0
0
0
0
0
0
5.78582e-05
0.379936
0.00111478
0.000221229
0.00842699
0.00196836
5.18198e-06
5.4217e-07
9.02195e-06
1.08324e-07
1.35572e-09
1.82925e-05
2.4273e-07
2.97747e-09
2.8683e-07
1.06931e-06
5.84343e-08
2.50983e-10
9.61136e-06
2.886e-08
1.63089e-09
1.11616e-10
4.54453e-07
1.4564e-10
3.4414e-09
8.87875e-09
5.96694e-09
4.89914e-11
4.31815e-11
4.23197e-08
1.36504e-09
2.66842e-11
2.186e-09
9.91627e-10
1.92941e-11
2.24841e-12
1.23926e-10
7.4776e-11
5.82993e-13
1.24649e-10
1.57902e-12
1.08499e-12
8.66961e-15
2.58999e-12
1.47851e-14
6.16561e-13
4.75899e-14
8.80118e-13
5.32408e-15
7.59041e-15
2.51233e-12
5.55272e-13
1.55765e-14
7.34138e-13
4.91728e-14
5.07226e-15
0
7.23067e-15
7.84222e-15
0
1.39577e-14
0
0
0
0
0
0
1.07921e-16
0
0
0
7.1947e-15
1.7627e-15
0
1.07921e-14
0
0
0
0
0
0
0
0
0
0
0
0
0
0
0
0
0
0
0
0
0
0
0
0
0
0
0
0
0
0
0
0
0
0
0
0
0
0
0
0
0
0
0
0
0
0
0
0
0
0
0
0
0
0
0
0
0
0
0
0
0
0
0
0
0
0
0
0
0
0
0
0
0
0
0
0
0
0
0
0
0
0
0
0
0
0
0
0
0
0
0
0
0
0
0
0
0
0
0
0
0
0
0
0
0
0
0
0
0
0
0
0
0
0
0
0
0
0
0
0
0
0
0
0
0
0
0
0
0
0
0
0
0
0
0
0
0
0
0
0
0
0
0
0
0
0
0
0
0
0
0
0
0
0
0
0
0
0
0
0
0
0
0
0
0
0
0
0
0
0
0
0
0
0
0
0
0
0
0
0
0
0
0
0
0
0
0
0
0
0
0
0
0
0
0
0
0
0
0
0
0
0
0
0
0
0
0
0
0
0
0
0
0
0
0
0
0
0
0
0
0
0
0
0
0
0
0
0
0
0
0
0
0
0
0
0
0
0
0
0
0
0
0
0
0
0
0
0
0
0
0
0
0
0
0
0
0
0
0
0
0
0
0
0
0
0
0
0
0
0
0
0
0
0
0
0
0
0
0
0
0
0
0
0
0
0
0
0
0
0
0
0
0
0
0
0
0
0
0
0
0
0
0
0
0
0
0
0
0
0
0
0
0
0
0
0
0
0
0
0
0
0
0
0
0
0
0
0
0
0
0
0
0
0
0
0
0
0
0
0
0
0
0
0
0
0
0
0
0
0
0
0
0
0
0
0
0
0
0
0
0
0
0
0
0
0
0
0
0
0
0
0
0
0
0
0
0
0
0
0
0
0
0
0
0
0
0
0
0
0
0
0
0
0
0
0
0
0
0
0
0
572.54
1267.12
565.913
349.962
647.174
719.308
353.032
1.67002
0.0970145
5.93492
60.6047
1.64916
6.94052
35.2403
1972.57
443.999
553.808
332.765
576.746
637.003
267.847
0.169183
2.55848
7.80525
68.2713
3.46834
10.047
38.788
0
0
0
7.48249e-15
7.55444e-15
7.55444e-15
7.44651e-15
9.79004e-10
9.75981e-12
1.79133e-11
2.20518e-12
1.58181e-10
2.93343e-10
1.13065e-12
0
0
0
1.50339e-14
1.51778e-14
1.53217e-14
1.4962e-14
0
0
0
0
0
0
0
0
0
0
0
0
0
0
0
0
0
0
0
0
0
0
0
1.43894e-16
1.93537e-14
0
3.59735e-17
1.47491e-15
1.15768e-12
1.56647e-11
8.05798e-11
3.95241e-13
1.01086e-14
2.01811e-14
7.52206e-14
0
3.59735e-17
3.23762e-16
3.07933e-14
0
3.59735e-17
5.61187e-15
0
0
0
0
0
0
0
0
0
0
0
0
0
0
0
0
0
0
0
0
0
0
0
0
0
0
0
0
246.906
242.995
105.653
45.5814
338.998
149.017
137.141
0.100273
1.12857e-05
0.000819353
0.122199
0.145697
6.66766
0.00131575
79.0016
0.332819
18.3159
2.78621
0.917831
30.1995
0.0182445
9.11886e-08
4.94438e-08
6.80168e-06
0.000648432
6.9419e-08
9.49275e-06
4.3042e-06
0
0
0
2.01452e-15
2.15841e-15
2.15841e-15
2.01452e-15
1.90311e-12
1.50369e-14
3.61504e-14
5.14421e-15
1.50321e-13
5.24524e-13
1.40297e-15
0
0
0
0
0
0
0
0
0
0
0
0
0
0
0
0
0
0
0
0
0
0
0
0
0
0
0
0
0
0
0
0
0
7.1947e-17
0
0
0
3.59735e-17
0
0
0
0
0
0
0
0
0
0
0
0
0
0
0
0
0
0
0
0
0
0
0
0
0
0
0
0
0
0
0
0
0
0
0
0
0
0
0
0.00172458
0.000322222
7.9655e-06
4.36566e-07
0.00463245
7.76584e-05
2.26088e-05
3.40505e-10
2.16767e-11
2.64323e-11
1.43772e-09
1.47716e-09
2.74066e-08
1.33019e-09
1.83825e-06
2.59916e-10
4.36851e-08
2.33772e-09
2.55053e-09
1.12355e-07
7.18031e-11
7.44005e-13
2.68731e-13
8.88254e-13
5.53697e-11
9.07345e-12
4.49013e-11
2.66301e-11
0
0
0
0
0
0
0
0
0
0
0
0
0
0
0
0
0
0
0
0
0
0
0
0
0
0
0
0
0
0
0
0
0
0
0
0
0
0
0
0
0
0
0
0
0
0
0
0
0
0
0
0
0
0
0
0
0
0
0
0
0
0
0
0
0
0
0
0
0
0
0
0
0
0
0
0
0
0
0
0
0
0
0
0
0
0
0
0
0
0
0
0
0
0
0
0
0
0
0
0
0
0
0
0
0
0
0
0
0
0
0
0
0
0
0
0
0
0
0
0
0
0
0
0
0
0
0
0
0
0
0
0
0
0
0
0
0
0
0
0
0
0
0
0
0
0
0
0
0
0
0
0
0
0
0
0
0
0
0
0
0
0
0
0
0
0
0
0
0
0
0
0
0
0
0
0
0
0
0
0
0
0
0
0
0
0
0
0
0
0
0
0
0
0
0
0
0
0
0
0
0
0
0
0
0
0
0
0
0
0
0
0
0
0
0
0
0
0
0
0
0
0
0
0
0
0
0
0
0
0
0
0
0
0
0
0
0
0
0
0
0
0
0
0
0
0
0
0
0
0
0
0
0
0
0
0
0
0
0
0
0
0
0
0
0
0
0
0
0
0
0
0
0
0
0
0
0
0
0
0
0
0
0
0
0
0
0
0
0
0
0
0
0
0
0
0
0
0
0
0
0
0
0
0
0
0
0
0
0
0
0
0
0
0
0
0
0
0
0
0
0
0
0
0
0
0
0
0
0
0
0
0
0
0
0
0
0
0
0
0
0
0
0
0
0
0
0
0
0
0
0
0
0
0
0
0
0
0
0
0
0
0
0
0
0
0
0
0
0
0
0
0
0
0
0
0
0
0
0
0
0
0
0
0
0
0
0
0
0
0
0
0
0
0
0
0
0
0
0
0
0
0
0
0
0
0
0
0
0
0
0
0
0
0
0
0
0
0
0
0
7.44352e-15
0
0
1.43894e-16
3.30956e-15
0
0
0
0
0
0
0
0
0
0
0
0
0
0
0
0
0
0
0
0
0
0
0
0
0
0
0
0
0
0
0
0
0
0
0
0
0
0
0
0
0
0
0
0
0
0
0
0
0
0
0
0
0
0
0
0
0
0
0
0
0
0
0
0
0
0
0
0
0
0
0
0
0
0
0
0
0
0
0
0
0
0
0
0
0
0
0
0
0
0
0
0
0
0
0
0
0
0
0
0
0
0
0
0
0
0
0
0
0
0
0
0
0
0
0
0
0
0
0
0
0
0
0
0
0
0
0
0
0
0
0
0
0
0
0
0
0
0
0
0
0
0
0
0
0
0
0
0
0
0
0
0
0
0
0
0
0
0
0
0
0
0
0
0
0
0
0
0
0
0
0
0
0
0
0
0
0
0
0
0
0
0
0
0
0
0
0
0
0
0
0
0
0
0
0
0
0
0
0
0
0
0
0
0
0
0
0
0
0
0
0
0
0
0
0
0
0
0
0
0
0
0
0
0
0
0
0
0
0
0
0
0
0
0
0
0
0
0
0
0
275.589
272.15
1810.17
7.34914
291.509
241.764
2172.27
242.457
2795.16
1493.62
329.225
235.838
4230.39
1587.7
0.00108029
766.805
20.6597
109.911
0.00495235
719.491
39.1481
128.901
0.000129088
64.0647
0.00543905
141.858
0.000889752
93.6238
725.044
719.009
355.483
342.598
738.184
336.036
706.505
105705
5553.87
6963.58
9343.22
33257
80225.5
10415.6
513.237
485.698
1090.23
1138.87
466.865
1859.93
486.071
962.392
2335.45
1359.18
1399.73
1506.69
885.157
1544.59
156.773
133.375
979.574
1.37348e-07
0.0106905
0.00801607
30.8514
124.03
1438.53
776.085
0.0834843
0.0040766
51.1975
18.0164
0.000150957
416.551
9.17057
0.000105986
4.85316e-08
2.70968
8.38349e-06
520.021
2961.48
6408.29
374.935
7525.38
390.9
505.709
151.385
289.818
633.584
254.867
298.51
131.654
271.595
461.871
1108.55
616.338
610.597
665.743
644.532
415.712
1253.55
1935.18
1648.5
842.39
2664.1
1031.52
1159.14
737.38
913.358
1110.59
531.917
1239.96
559.891
682.517
185.989
173.307
312.161
44.2989
346.602
70.9793
143.552
665.765
1528.34
709.538
816.462
1067.5
813.391
551.619
1565.02
1490.96
4817.79
6433.29
1777.42
15508.3
1571.16
2825.7
1077.13
1307.2
1295.31
4134.78
17935.5
1380
1086.09
343.821
628.545
339.324
741.934
322.519
739.488
2018.62
7351.43
875.894
8680.65
1281.72
38824.6
1263.53
275.916
499.254
596.089
969.391
313.432
308.586
684.959
3523.73
1121.97
892.572
1852.53
6385.6
23171.8
1218.11
96311.5
4906.58
2251.06
2006.89
11456.3
3496.78
7322.33
3356.26
4150.96
6282.85
91092
6136.8
51341.8
8134.02
3067.21
2069.93
3648.32
37663
2397.55
3058.38
6484.72
166369
20754.2
7319.81
14354.8
32720
105523
34681.1
120791
2272.64
4716.08
2162.09
30235.9
4791.49
12444.4
6119.3
3356.65
7239.86
146718
15514.2
96655.8
17337.6
1321.98
2385.15
6084.16
81413
1741.7
4276.56
14611.3
409.639
1381.58
438.207
1195.49
475.668
2321
459.164
243.978
98.9312
217.688
90.5457
240.8
109.882
228.456
933.159
379.104
406.1
514.499
1086.96
1938.57
472.389
1011.81
2494.52
1565.98
1622.33
1706.36
984.926
1656.58
1128.36
1688.3
2663.2
1141.27
2066.88
1411.44
1061.87
1288.77
1394.18
2055.29
3274.19
2074.43
1138.89
1390.79
414.843
892.371
3512.97
593.537
1052.82
367.81
649.335
410.367
634.417
274.089
367.258
3271.3
932.277
582.838
444.946
2472.54
1219.2
399.335
5352.17
555.836
453.008
1753.69
500.494
554.755
471.798
4633.79
7425.03
469.738
1421.68
351.089
479.391
607.634
1215.15
3962.31
426.402
268.06
219.877
88.9868
108.905
231.446
265.103
118.82
214.932
163.659
70.8754
47.9449
209.979
175.763
80.471
193.458
71.0903
218.935
241.934
87.9856
230.065
98.9316
500.389
1134.69
696.326
698.598
742.022
745.516
491.251
310.652
429.53
278.743
179.85
441.43
195.53
288.206
338.564
210.07
490.857
298.074
496.028
330.937
211.105
550.237
535.148
512.777
950.302
958.031
962.596
880.211
1704.07
2725.66
3793.45
1462.15
3036.15
1575.77
1280.12
1515.65
1977.54
2801.58
1062.06
2645.52
1048.64
1294.95
409.639
393.929
404.605
768.251
567.248
594.812
653.01
1684.2
1596.26
3695.78
3212.12
3983.84
1846.26
1710.19
507.212
466.071
500.01
839.61
823.28
911.791
824.229
446.007
427.172
465.921
764.13
646.815
684.901
813.776
814.9
873.661
1324.58
592.452
1342.02
782.641
576.535
870.845
1084.48
1993.67
864.429
1594.34
1113.51
750.007
1080.16
1385.48
1958.01
2769.05
1886.19
1091.18
1285.34
795.519
1800.37
1056.19
1373.05
1339.4
1050.96
840.713
538.184
760.381
593.612
362.503
837.18
392.527
498.017
591.96
971.559
447.221
606.195
953.899
617.56
427.761
6266.81
5115.67
5478.03
3310.68
5075.63
5663.15
7374
2059.2
3043.21
3711.77
1268.55
1584.36
5402.61
1837.75
536.437
264.134
565.336
670.926
306.871
309.644
616.248
4851.11
5173.77
2053.58
5028.36
3236.32
10122.9
3034.81
2540.43
1182.4
1731.92
2623.57
2816.68
5078.91
1926.57
3255.92
2002.84
2426.29
3533.32
3747.06
3007.59
4577.56
53360.8
10459.4
7398.22
9778.34
12216.5
11564.3
17048.4
4813.09
1805.97
2150.42
1695.65
3276.17
2324.31
2858.16
4188.08
3258.64
4803.77
15689.6
4529.3
7336.9
5350.87
438.872
866.835
429.31
511.641
1055.51
1225.52
509.132
1670.25
813.363
938.948
1278.52
2180.47
2887.85
1173.93
1057.1
2411.9
1095.41
694.54
1049.79
1139.6
654.513
3276.74
1064.05
1351.94
723.379
1134.73
1440.89
632.187
3516.11
4808.67
5961.76
2033.11
1439.91
1720.17
1585.6
2603.77
1763.86
4191.48
1518.29
937.314
922.569
1422.63
7130.89
4731.39
10007.3
2311.32
1540.47
2224.23
1907.61
2047.98
3371.39
5058.15
1869.12
883.662
1001.32
1391.34
824.676
350.56
354.018
237.306
447.372
480.143
226.205
43773.2
134396
134159
44086.1
25678.8
39281.6
123751
10083.3
6242.59
5712.79
8342.43
5114.24
7261.14
8139.78
11239.6
7128.01
7964.04
9625.55
6354.62
10454
8900.45
28152.3
6647.7
30534.3
38952.7
7463.73
9279.49
35566.9
19708.4
42020.3
8617.24
25951.4
14595.9
32752.2
97204.6
28694.3
110678
15616.3
35814.3
20115.5
33181.2
107526
11552.7
10636.6
9488.84
10907.4
12855.4
13824.5
10935.2
861.964
974.493
1410.16
1680.3
1412.4
894.8
932.86
1671.02
516.092
522.102
339.671
785.325
843.507
317.596
1250.9
321.072
445.582
306.38
489.642
744.382
217.018
1246.75
1108.33
501.137
544.211
1013.61
1277.95
528.972
2408.75
3640.03
5205.65
1478.93
1580.48
5050.89
1897.84
2927.56
5433.38
7979.31
2336.28
6710.17
2156.9
3165.17
1009.05
724.497
392.961
440.268
775.304
878.085
443.98
2744.64
2722.4
5980.66
9962.41
9630.69
2621.65
3276.65
981.594
434.931
761.233
407.158
838.772
963.27
487.857
1124.37
533.679
1124.16
489.761
1059.71
1191.56
527.371
2126.93
1436.03
2962.36
1200.6
1324.63
2255.76
3353.74
2477.75
4740.24
3879.56
3032.33
4390.58
2432.68
3191.62
2997.11
3444.92
2985.11
8940.32
2388.71
6324.95
5319.51
4193.85
8822
10090.8
21704.5
6971.39
3746.16
6018.33
2068.83
1725.84
1531.51
2140.67
4923.91
2874.69
3275.76
1775.24
1246.62
2952.78
1158.43
1855.74
1050.89
2260.49
1929.05
3647.09
3642.49
2801.66
2031.65
2831.85
2383.17
2804.3
8965.24
5654.17
6218.85
3718.59
4673.63
4999.3
566.703
1052.4
586.15
1083.72
588.728
1026.46
587.816
4033.3
2009.37
4560.56
2015.87
3737.79
1867.09
4481.77
6981.21
8193.51
4404.71
19675.1
3960.56
6113.61
14877.2
2473.68
1379.01
1031.37
1049.69
1803.69
1228.88
1806.99
6599.23
7246.63
16122.5
4141.85
7981.27
16618.6
4051.95
3100.72
1514.56
2266.81
1212.4
2241.62
3402.69
1541.63
9650.19
10852.8
22028.4
39670.5
11457.8
10814.6
28104.5
3231.13
1700.33
1256.99
2362.83
1490.78
3340.4
2155.49
531.793
915.413
532.827
983.563
512.267
549.83
947.416
3576.04
2299.31
2130.34
3806.87
7168.74
3813.61
6396.73
1429.82
869.31
1383.66
1982.48
1173.48
2050.26
1160.09
3094.69
1530.14
3780.94
1930.48
3026.04
3704.94
1525.16
4818.27
4896.26
18405.4
3918.22
5959.64
8046.34
2713.62
5670.96
15374.5
9378.32
20094.8
5801.51
10385.2
16894.1
2256
967.733
1410.19
2019.35
3156.77
1282.57
1730.36
8233.2
41507.5
20615.8
18936.3
30909.2
11380.6
32153.1
3581.51
3468.44
3809
5958.75
2867.44
6569.89
4565.49
2584.04
2209.29
1608.06
3374.69
1634.14
2769.54
3421.4
3382.09
1553.98
3430.89
2413.06
2746.03
2080.28
6496.31
8102.71
56696.3
8450.93
8413.25
4024.41
11295.6
11439.2
4816.74
9186.74
2473.82
3762.25
2248.43
4227.46
7006.21
4915.45
8680.01
7893.28
5311.6
6979.96
4331.73
5171.32
3669.35
2543.2
2529.45
4294.34
4720.99
3756.18
5011.38
2915.96
6613.09
3453.92
7322.52
10141.4
4625.58
12343.5
3354.31
6166.32
4165.56
6981.39
11525.9
7249.35
20162.7
17625.3
49214.4
104441
21881.2
26113.8
12135.9
35518.8
6204.85
4971.69
5550.91
8059.33
8293.68
4201.82
6166.74
11886.7
16871.1
63319.3
15271.2
31462.6
9221.25
52228.8
6452.82
6542.42
9706.98
9180.91
10496.8
5908.35
7214.13
2925.89
2684.27
2036.3
3459.89
9554.49
4715.29
4681.69
5264.57
16577
18147.8
17334
6885.88
8995.19
9865.5
3068.16
2353.69
6164.71
2062.06
4056.87
4390.24
1850
3081.86
5159.46
5684.65
4454.37
4012.63
4651.44
3691.34
143729
136893
203013
159828
169417
163435
188569
53330.9
12607.2
22470.5
30284.4
36556.6
120829
54387
32833
7071.31
12605.2
11093.4
20555.4
19100.4
53407.4
56469.2
13479.9
59028.8
39028.9
33666.9
42682.3
78829.2
128857
134762
39621
38188.6
28172
120708
56325.1
163796
157268
121479
77341.7
129696
75530.1
170802
139893
118567
31261.7
31130.7
22229.4
52914.3
85838.7
23997.7
132811
32552.8
72302.2
34452.8
95504.2
44836.5
7517.9
2373.27
5015.08
3799.96
4119.43
6931.58
3180.7
9853.41
3402.17
10782.2
9049.28
5403.17
16942.8
5043.53
6043.68
1941.73
3118.72
3615.74
7814.03
3167.47
3722.95
16174.9
34883.4
8190.2
13984.3
9235.4
30568.4
59383.9
11029.4
13545.3
4381.43
4929.87
12348
9815.67
3926.55
16787.3
56857.9
12766
7895.42
36499.1
14639.4
6305.73
5122.71
7562.28
9073.03
18190.3
12152.5
16088.9
31855.1
3289.58
5108.32
6789.65
13185.2
5610.66
16654.6
7438.8
10833.2
9407.28
8344.14
37607.9
31812.2
22988.7
18821.5
85587
59100.4
158674
123075
110791
153821
114946
24833.5
6815.67
28664.2
18011.4
24200.7
103677
13711.1
111407
46462.1
135705
104301
25392
57514.2
131735
55115.5
14712.6
109498
33673.3
122445
25934
11546
1313.68
2188.75
2142.16
3717.14
1966.44
3434.72
1866.87
1695.91
4341.93
2593.89
5137.96
4589.28
7529.74
2708.77
3347.87
5210.49
3687.56
6453.48
11805.3
7187.4
16506.5
16436.6
47901.7
33134
109627
12875.4
19986.8
28250.8
4645.7
1489.71
2927.56
3422.17
5421.64
2043.94
2460.4
5538.83
2893.9
8784.89
3668.29
6493.28
10542.2
3051.56
7986.08
6899.46
28108
5727.54
17221.6
25526.4
4677.39
645.813
404.805
703.145
381.846
697.226
387.57
660.989
887.779
1318.78
757.55
1663.16
768.288
981.901
1731.41
858.096
1217.18
1752.71
712.797
714.665
1534.69
872.137
1015.35
1208.21
2247.75
2044.57
1090.83
2051.7
1113.43
860.855
1681.86
1025.86
1978.58
1546.18
899.858
947.031
1119.38
3488.29
2240.19
1684.15
1588.42
2161.1
1116.27
841.926
2302.2
1918.65
1443
1648.62
1052.99
1239.81
722.549
943.045
414.514
406.253
865.659
738.992
367.283
1161.04
1823.68
3218.84
1173.21
911.304
1555.38
2373.74
1020.76
1243.47
2084.15
703.174
716.738
1848.11
1042.68
1362.62
1938.83
4481.55
3051.16
1881.17
3073.01
1538.75
1970.16
988.703
981.898
1474.44
3019.58
2950.53
1331.17
998.091
444.662
1070.75
507.492
1110.65
911.085
457.047
2040.16
3647.73
8018.41
2188.25
2484.48
4174.06
1582.39
2036.06
4243.26
2270.56
7683.82
2835.2
5514.17
2002.29
886.261
411.668
464.656
952.093
1111.93
863.629
443.338
1057.02
3545.4
1855.67
2897.21
2159.1
1228.3
1415.87
9.63978e-05
127.754
63.0327
0.0110607
0.000438423
158.743
74.3662
704.112
385.905
718.535
330.38
370.874
685.671
751.545
821.827
370.383
362.809
695.519
330.375
755.195
667.711
692.182
244.082
315.761
445.346
346.139
491.992
643.9
0.00023554
0.0184166
81.0041
9.45232e-08
0.00179327
0.106057
107.684
0.0181931
0.00019387
78.958
5.70502e-08
0.056596
0.000623043
89.2523
392.404
304.328
175.744
541.45
220.427
579.876
365.719
292.247
471.41
555.517
368.142
150.807
195.133
330.815
651.655
357.84
527.146
260.179
326.763
471.189
724.123
379.073
723.534
366.235
236.44
497.313
473.144
226.198
564.137
408.185
260.905
152.738
576.242
353.487
258.114
241.523
208.869
95.1961
139.07
564.692
295.946
256.771
395.34
147.878
569.286
305.842
187.974
584.326
361.653
582.99
282.608
543.777
374.743
145.878
176.924
360.167
1.68307e-05
71.0994
25.4553
9.66254e-08
5.41246e-08
0.000745108
3.57466e-05
210.431
225.745
386.821
80.5019
445.851
97.3133
195.622
67.9065
6.14802e-05
38.1079
9.92053e-08
0.00114685
1.47743e-07
0.0001725
237.714
407.946
241.032
82.3094
470.628
207.215
109.446
1.67997e-05
2.61846
0.29855
4.70543e-08
2.61369e-08
5.4694e-07
7.75242e-08
245.396
205.796
65.9844
82.4371
225.859
100.239
227.811
176.119
213.444
27.8179
88.474
147.766
245.707
43.5797
138.691
57.5758
191.106
225.785
48.5687
176.602
83.5724
184.353
59.5825
206.689
138.426
18.4203
119.056
24.8531
220.986
191.948
81.5369
29.1379
274.247
124.732
110.784
162.333
156.05
177.099
54.5945
37.3887
49.0921
39.5639
6.5476e-08
11.333
7.12038e-06
1.0075e-05
8.03496e-08
18.969
4.36878e-05
119.997
14.8401
274.013
120.687
28.898
267.35
95.0384
186.126
343.015
34.2341
162.182
352.04
61.2453
158.987
173.641
59.6724
197.984
243.414
60.8853
94.7103
226.671
74.1275
183.727
207.594
253.165
90.0857
114.798
231.219
324.444
45.0301
142.69
211.958
216.256
418.096
89.2586
163.624
11.6048
94.0864
152.936
72.3685
218.432
33.2911
124.924
134.083
24.2349
259.021
35.9904
273.82
108.491
186.989
205.673
280.099
29.3521
379.202
71.7245
111.682
147.274
159.62
155.407
43.1759
18.5965
34.8376
23.112
99.2937
142.756
145.295
40.5906
7.93567
12.4175
28.0537
1.48067e-08
0.332845
9.72181e-08
2.65164e-05
3.76702e-08
1.8019
4.22856e-07
55.4861
159.701
178.278
96.1765
8.1167
14.1993
77.1532
137.186
158.498
160.705
42.9094
19.0241
38.5763
23.0789
170.063
159.439
165.61
51.1645
32.3942
49.8901
43.8941
119.044
44.2253
174.336
112.075
3.95486
61.229
15.5968
126.015
83.5321
152.227
30.4868
3.6959
9.70129
16.5395
6.91099e-05
0.00248487
40.9336
1.35534e-09
7.41396e-08
5.40632e-08
9.34214e-05
0.00210036
2.61436e-05
29.6211
9.39591e-10
4.17675e-08
3.98964e-08
7.75404e-05
3.95503e-05
3.76306e-05
0.910868
4.66133e-10
1.22992e-08
1.19076e-08
1.59858e-07
62.6285
0.179956
12.9041
30.8078
13.0866
98.7084
0.972834
236.189
17.8745
65.7495
58.9044
94.3057
88.4629
185.231
137.842
41.2006
161.813
83.173
2.96055
9.00466
56.9618
98.5994
110.205
4.05596
134.766
13.5877
31.2817
14.2622
113.898
141.964
13.2355
145.809
20.18
40.2947
33.8838
62.0204
75.4919
325.43
42.957
197.333
9.16373
137.401
294.35
36.4246
131.381
57.6383
61.7767
183.76
6.78775
155.208
8.28747
85.1825
30.7328
7.37601
82.1245
0.806449
141.796
46.1257
64.0626
17.2222
25.7311
5.97974
2.09741
205.341
43.8992
43.382
10.3442
77.1362
73.4667
177.668
7.62374
174.448
9.05111
7.77809
62.54
56.0774
0.182921
0.444108
12.0024
15.9098
0.0941807
20.855
0.119357
0.261944
85.1315
10.0257
4.1347
0.331693
61.2659
18.3974
8.79573
2.67478
0.908417
30.5882
66.066
0.171395
12.5973
5.40755
49.3294
128.958
38.1752
1.94816
146.229
36.2483
3.88409
95.4918
0.541306
18.6843
41.6026
33.6236
137.842
2.78498
37.4388
89.6388
0.671991
15.5042
26.6457
107.636
1.44246
7.13409
0.0287067
0.0532019
0.262492
12.5306
14.9618
0.131684
64.8109
8.25138
0.158119
2.45058
12.1597
49.9951
4.11713
24.8155
112.383
51.5089
6.46042
18.0601
2.44107
0.458156
109.325
24.0712
6.32008
43.7441
15.9152
2.25445
0.397153
122.498
33.4764
11.1849
57.7737
23.6286
3.39156
1.19866
87.618
11.004
16.3526
7.15256
10.812
0.379988
0.164857
3.61461e-09
2.40025
1.45902e-06
3.37091e-09
3.99468e-11
9.27521e-07
5.79227e-09
3.16695
3.74276
142.546
3.31115
42.0144
0.051129
37.5893
0.129899
7.18567
2.83912
0.00944448
10.4316
0.0540863
0.0143589
4.24477
0.00310389
0.0259258
0.137632
2.89226
10.6938
0.0150763
62.2424
1.24696
9.33661
0.604349
5.71045
0.0866055
0.00931013
90.1846
11.5913
20.491
6.6191
10.9806
0.475516
0.140468
3.2768
76.1499
1.75459
13.9719
0.0287568
8.52217
0.264286
2.68227e-09
7.20885e-06
5.51768e-07
1.07345e-08
2.88062e-09
6.85064e-05
2.28777e-06
0.208972
0.011934
4.78253
9.88336
0.124827
15.1393
0.0275727
2.7324e-09
0.0124745
9.06755e-08
1.16725e-09
2.17785e-11
3.41176e-08
6.344e-10
0.00356355
4.48307
0.0381956
0.159398
3.74116
13.2576
0.0269034
8.10213
0.0245461
0.0691222
0.47643
12.139
20.8925
0.179412
50.6582
3.04645
7.92091
0.0919822
1.27657
3.21866
0.025005
0.00787166
0.677774
10.2635
0.0304707
1.59606
0.00357347
0.107108
0.008781
0.105075
0.000528164
0.00549927
6.35682
1.08814
0.0490526
27.7871
0.0145471
0.793365
0.350029
1.81227
0.886925
17.9434
46.1577
0.915436
0.0582329
0.225437
6.52833
16.0786
1.89088
51.3987
0.0855607
8.86383
0.864675
0.218039
16.0104
0.00416159
3.82052
0.0234948
0.0160432
1.68004
0.0324545
3.14679
2.30272
4.46946
0.014365
0.0245592
0.308938
0.5447
0.00287163
0.00157453
27.3904
0.734757
1.57405
0.295772
1.02043
0.0155415
0.00354389
2.38158
0.00268228
0.324593
0.0119211
0.0174576
1.21861
0.379537
1.32258e-09
0.0946099
3.91947e-08
3.01117e-09
9.03112e-11
8.88739e-08
6.65534e-10
0.447441
15.3396
0.0940269
12.9655
0.21696
20.145
0.191975
1.06653
39.6572
5.18053
0.047238
0.267821
1.73344
0.0052979
19.7272
0.218703
0.0927371
0.00625736
1.07493
0.451452
9.5369
78.7429
0.242269
13.0527
1.34485
0.759228
26.0371
0.00904262
2.07407
0.00103689
0.0046666
0.0628544
0.0158259
0.163246
0.77394
2.1119
0.0011823
0.0134262
0.0258047
0.181552
0.000893126
0.000121384
0.209632
23.0747
1.19752
0.0899375
0.592209
0.00502009
0.00122222
8.54918
3.16375
0.163323
1.93624
0.0814754
0.0287498
0.000664436
8.10363e-06
1.86157e-09
6.98639e-07
6.64764e-09
3.69175e-05
2.17113e-09
5.73696e-06
2.37506
0.325007
0.00249297
0.00863762
1.73833
0.0128428
0.38612
10.6576
14.2114
11.9858
0.00291026
82.9567
0.323686
0.253913
4.01311
1.9592
0.000429424
0.491775
0.0965877
24.1603
0.0206488
1.54817
0.498721
24.117
3.60665
0.000308088
0.063366
0.0217877
0.860025
0.000972994
0.017502
0.000633009
0.00578962
0.120375
0.260185
0.00174409
1.9743
0.00974085
0.0177537
0.0724284
0.00045464
8.15808e-05
3.73538
0.0109981
0.0328579
0.0635271
0.230834
0.0013062
0.000455249
1.95558
5.33961
1.00634
0.0695661
0.0333855
0.0102708
0.000375087
1.0336e-09
3.98794e-09
1.06129e-06
7.37409e-11
1.7349e-09
1.0559e-08
8.63791e-06
1.00372e-08
9.36122e-09
8.17878e-05
2.28046e-10
2.45553e-08
2.15419e-08
0.000497474
0.0854682
0.0869982
0.0224171
5.92397e-06
3.99739
0.00113554
0.000441545
3.55189
0.017045
0.0104769
0.000262428
1.65537
0.0326918
0.0196312
0.00404343
0.00251584
0.432435
2.41947
0.000174964
0.0205379
0.0122449
0.00144854
0.00356949
1.96078e-05
0.000147825
1.34623
0.00691757
0.0238987
0.141262
0.11833
0.00144884
9.14025e-06
0.056015
0.000847202
0.000700505
0.0209366
0.00113303
0.181114
1.057
0.000811546
0.00703741
0.196954
3.74566
0.0185112
1.1748
0.0124786
2.98117
0.0228573
2.05022
0.00250618
0.161901
0.411916
2.03454
0.0081166
0.0143324
1.32366
0.00367083
0.221193
0.914868
0.035144
7.88664e-05
0.000287227
0.0102037
0.284147
5.53926
14.3926
0.232619
0.000606725
0.00271959
0.0367543
0.395813
4.29861
10.4355
0.154518
0.000353967
0.00217872
0.0232902
0.0564079
0.00350707
0.000340402
0.0626452
0.0037261
0.000299292
1.67281e-05
3.23602e-09
8.24533e-10
1.10918e-06
6.92445e-11
7.1785e-09
1.64772e-09
3.84187e-06
0.000203643
0.00493699
1.77869
0.0139751
0.00912649
8.09134e-05
0.0346873
4.02293e-05
0.00339542
0.234801
0.000553163
0.00601296
1.55825e-05
0.00098051
0.000934206
0.000188375
4.5355e-06
2.81413e-05
0.181941
0.00401505
0.000782313
1.73883
0.167331
7.10603
0.0846164
8.12988e-05
0.000910872
0.00590827
1.6136
0.103279
6.88736
0.0656877
7.98234e-05
0.000599211
0.00593394
0.00339065
0.109351
0.590332
0.0227232
3.55296e-05
0.000137812
0.00505067
6.4063e-10
2.67353e-06
1.39754e-07
6.88409e-11
5.43584e-11
2.46411e-09
1.07541e-09
0.000866761
0.0646652
0.0988053
0.0023037
6.92538e-06
1.17489e-05
0.00130726
9.39498e-10
4.57872e-06
2.28329e-07
6.77213e-11
5.90258e-11
1.12299e-09
5.30942e-10
0.033467
0.00135425
0.36353
0.0126159
8.52178e-06
9.83247e-05
0.00210116
0.0377296
0.00160775
0.204532
0.00997076
8.25673e-06
6.1953e-05
0.00199256
0.199553
0.00138664
0.368896
0.00196202
8.03413e-06
0.00109928
1.65177e-05
0.0376101
0.034408
0.000352446
0.0182917
0.000191038
0.000201926
1.97062e-06
1.64129e-06
7.11675e-10
3.54498e-07
1.02632e-10
2.37473e-09
9.84299e-11
2.37101e-09
0.0496882
0.000983073
0.17455
0.00304166
5.1615e-06
0.000967865
1.75729e-05
0.000779117
0.0109245
0.0201299
0.000145246
1.82961e-06
3.48348e-06
7.08913e-05
5.37891e-06
1.93074e-09
8.64675e-07
1.3792e-10
8.99301e-10
1.36611e-10
8.42051e-10
0.000392949
0.0273683
0.00126327
2.47911e-06
0.0676834
0.000130744
7.31788e-06
0.00242507
0.000383702
3.77098e-06
7.30123e-06
0.000639563
0.00122878
1.21816e-05
0.0251778
0.0324688
0.0131212
2.04319e-06
2.44744
0.000253977
0.00013906
0.0171725
0.0186604
1.34435e-06
0.00485939
0.00020155
1.42831
8.19408e-05
0.011355
1.0084e-06
0.000164454
0.000556461
0.0975558
0.00158796
8.98977e-06
0.164061
0.00357688
0.495381
0.00446861
8.22187e-06
0.00140215
2.93366e-05
0.0315852
0.00177913
1.42474e-06
0.313951
0.000218561
0.00226437
1.41726e-05
0.000739196
0.0108575
0.0674143
0.000528785
4.63742e-07
4.4276e-06
4.76402e-05
0.00135809
0.0383901
0.166047
0.00083247
1.95463e-06
8.31632e-06
0.000246375
0.00446988
4.90707e-07
1.9184e-05
0.000189817
0.000641649
0.0312851
3.6958e-06
0.000167071
1.98263e-06
0.000374687
0.00113358
4.3809e-06
0.000900944
7.31542e-06
0.00163527
0.00106026
0.192575
0.00634358
4.09591e-07
5.03643e-05
3.76271e-05
0.000298481
0.00392458
0.0570599
0.000787101
3.47301e-07
4.06767e-06
4.80594e-05
0.00803258
0.000482647
0.0947289
0.0006835
4.27436e-07
4.71209e-05
4.96098e-06
0.000434235
0.00110472
7.1693e-06
0.00298547
4.26436e-05
1.83786e-05
3.23734e-07
8.40943e-10
6.81052e-10
1.31001e-05
7.1473e-11
8.2461e-11
8.11868e-11
1.38528e-09
2.21504e-05
1.10445e-06
0.000195312
0.000652667
7.12786e-07
0.000114102
4.38851e-06
0.114482
1.49886e-05
6.49413e-06
5.57496e-06
0.00162402
0.00132895
0.000537825
0.000203763
0.000741567
0.0113267
4.48571e-05
1.62859e-07
1.23431e-06
4.27635e-06
0.294966
1.98927e-05
0.00237277
1.20494e-05
0.00154625
1.16676e-05
2.17562e-07
0.159973
1.757e-05
0.00162118
9.78538e-06
0.000917264
8.06519e-06
1.70689e-07
0.000328324
7.37227e-05
1.79048e-06
0.000758413
1.72618e-05
4.36448e-06
1.49415e-07
8.58676e-11
2.16317e-08
4.39291e-10
3.11542e-10
8.6934e-11
5.77929e-08
7.71978e-10
1.55124e-10
6.00867e-08
4.21329e-10
8.83142e-10
1.55698e-10
2.59453e-07
5.74625e-10
4.76751e-08
1.17416e-10
1.18658e-09
4.42018e-10
2.25693e-07
1.16911e-10
9.5398e-10
0.000248734
0.00120676
1.92791e-07
5.76868e-05
0.0107448
1.387e-06
2.2764e-05
2.50611e-10
7.14457e-10
2.48844e-07
3.24274e-11
3.57333e-11
4.26125e-11
6.41293e-10
5.29107e-10
1.05261e-09
4.8849e-07
4.63086e-11
4.87909e-11
5.13071e-11
2.09778e-10
8.6302e-10
2.87693e-10
3.44477e-07
2.28721e-11
2.71192e-11
2.57995e-11
1.31612e-10
0.00151276
7.18247e-05
1.05372e-06
4.02373e-06
0.000594921
8.07755e-06
0.000159593
2.29339e-05
1.24256e-06
0.000217758
0.00122945
7.85737e-07
6.77077e-06
0.00013836
3.04964e-06
0.000188028
0.000537653
0.00225238
5.98898e-06
1.56491e-05
0.00106275
0.000499103
0.000110116
0.00762335
9.17005e-07
0.0220027
2.79021e-06
0.000137395
5.02824e-05
0.000201292
1.42527e-07
2.83184e-06
1.65615e-05
0.000469859
3.08808e-07
0.000562751
5.09319e-05
1.98158e-06
6.44348e-07
0.000373878
0.000101879
3.48855e-06
2.92946e-05
0.00219864
0.00632592
8.79134e-05
2.92782e-07
6.25582e-07
2.7764e-05
0.000101303
0.00691182
0.0134475
0.000136201
5.21293e-07
1.14005e-06
4.39585e-05
6.535e-05
0.00197014
0.00533235
2.63878e-05
2.30783e-07
5.23583e-07
9.48269e-06
0.0137613
2.39412e-06
0.000499381
9.19122e-07
0.000121221
4.59803e-06
9.62976e-08
0.0174557
3.77979e-06
0.000606184
9.84922e-07
0.00013453
5.26666e-06
1.19373e-07
0.0149134
2.4861e-06
0.000514777
5.86011e-07
9.66576e-05
3.07475e-06
5.16081e-08
0.000522061
1.42459e-05
0.00317097
3.41313e-05
1.13248e-07
3.08154e-07
5.13212e-06
0.000309716
3.09812e-05
0.0017657
1.19493e-05
9.43681e-08
2.66903e-07
1.81168e-06
4.46411e-10
1.4358e-10
5.75552e-08
2.82408e-11
3.43089e-11
3.04984e-11
3.50648e-10
2.07523e-10
3.12497e-09
1.17495e-09
4.93599e-11
4.79653e-11
6.39952e-11
5.42817e-11
0.00197554
8.05445e-06
0.000534153
5.95054e-06
0.00149164
1.28411e-05
0.0010866
4.43236e-05
7.71647e-08
3.02534e-06
2.62914e-05
1.47941e-06
0.000255854
1.94619e-07
9.5763e-05
9.20932e-07
0.000170556
1.38379e-05
1.23638e-07
7.57048e-06
1.64561e-07
0.00154322
4.86374e-05
0.00978051
4.97171e-05
2.02947e-07
5.69581e-07
7.39054e-06
0.00532139
1.19741e-06
0.000223532
4.93365e-07
7.20479e-05
2.4591e-06
6.81205e-08
1.81429e-06
0.00162647
9.20753e-05
2.79871e-07
9.26971e-06
5.76775e-07
8.04686e-08
0.00221891
2.13605e-07
9.44863e-06
1.37393e-06
0.000101152
4.85726e-07
4.80017e-08
0.000155604
0.000100028
0.000223649
1.91098e-06
6.06524e-07
1.3556e-06
8.01557e-07
0.00222642
3.93567e-06
3.64246e-06
1.75196e-05
1.64352e-05
1.76962e-07
6.61262e-08
1.51273e-07
0.000922704
1.15365e-05
1.49869e-07
1.03151e-07
7.15144e-06
4.02518e-08
0.000612084
1.02286e-07
9.14771e-06
1.17204e-07
7.60061e-08
5.05099e-06
3.84427e-08
0.000848943
1.57851e-07
1.4553e-06
3.01385e-06
5.60424e-06
1.25237e-05
0.000298137
0.000791561
1.08095e-07
2.28267e-06
8.79448e-07
1.03734e-05
3.91344e-06
0.000172775
7.11744e-06
3.88863e-07
6.13676e-05
5.48643e-06
3.89238e-08
5.95419e-07
6.89295e-08
1.1784e-05
5.46782e-05
0.000110016
7.80877e-07
1.70703e-07
5.13612e-07
2.03357e-07
6.57148e-06
2.93413e-05
7.84791e-05
6.39193e-07
8.80069e-08
1.2001e-07
2.68258e-07
0.000793193
5.72068e-07
5.69972e-07
6.02528e-06
5.83358e-06
7.62482e-08
3.35353e-08
0.000300371
2.26738e-07
4.38987e-07
8.37289e-08
1.92534e-06
4.30257e-06
3.16304e-05
0.000324133
4.20501e-07
2.08544e-07
6.73886e-08
3.85256e-06
1.57792e-06
3.09632e-05
9.18535e-11
1.5816e-09
1.01784e-10
2.59635e-10
9.14525e-11
3.7075e-09
1.13359e-10
3.90574e-09
3.95098e-11
8.98387e-11
3.92514e-11
9.07132e-11
3.84645e-11
3.83948e-11
1.26624e-07
0.000286901
9.36457e-08
9.60982e-08
4.65035e-06
4.13075e-06
6.33043e-08
4.95652e-08
0.000115066
7.31629e-08
5.02843e-08
2.17345e-06
6.69033e-07
3.7928e-08
1.16101e-06
2.49131e-05
3.77909e-07
3.36698e-08
5.72662e-05
4.86465e-07
4.03599e-08
1.91148e-06
9.77407e-05
9.04888e-08
1.98448e-06
8.05193e-07
0.000244819
1.01603e-07
2.50699e-05
8.05135e-08
2.76251e-07
1.39547e-06
1.41233e-06
0.000166533
9.25058e-08
7.04788e-07
4.57723e-05
1.40948e-06
5.46295e-08
0.000135266
3.13657e-07
6.23376e-08
8.22252e-06
4.49263e-07
6.38495e-05
2.98086e-06
5.22747e-08
7.05971e-08
4.33378e-07
1.08767e-06
5.2676e-05
0.000155558
7.0005e-06
1.22986e-07
1.55677e-07
2.38521e-06
1.23715e-05
6.55487e-05
9.95613e-05
6.90364e-07
1.82275e-07
5.05663e-07
2.09863e-07
0.000130787
8.64477e-05
0.000166972
1.0841e-06
3.96526e-07
9.11587e-07
6.59801e-07
1.33656e-05
4.17399e-05
7.00313e-05
4.84514e-07
9.31592e-08
1.4078e-07
3.20165e-07
2.40201e-11
1.3907e-09
4.31124e-11
2.37819e-11
2.35136e-11
4.25847e-11
2.34716e-11
7.00906e-05
4.09284e-08
9.78327e-07
4.01643e-08
1.0151e-06
4.61279e-08
3.3202e-08
4.66197e-11
3.29277e-09
6.35294e-11
4.54777e-11
4.57803e-11
7.91881e-11
4.59775e-11
8.246e-05
4.32253e-08
9.46149e-07
3.59717e-08
4.33332e-07
3.69711e-08
2.97169e-08
3.1827e-11
2.57006e-09
6.26244e-11
3.20775e-11
3.18535e-11
4.53553e-11
3.1766e-11
6.4571e-11
6.1079e-11
8.2268e-10
2.79636e-11
2.84075e-11
2.80483e-11
3.24848e-11
7.72295e-06
9.04175e-08
2.19538e-07
9.41113e-07
3.80096e-07
4.59825e-05
9.69296e-08
1.19857e-05
1.39552e-07
2.10857e-07
5.96036e-07
1.07782e-06
9.04043e-05
1.46088e-07
0.000179863
6.45934e-08
6.14099e-08
5.65564e-08
1.928e-06
1.14721e-06
9.11678e-07
2.01165e-05
6.07812e-08
1.56853e-06
6.03197e-08
1.38815e-06
1.34278e-07
5.25357e-08
0.000190296
8.47661e-08
2.34552e-06
7.49876e-08
1.47175e-06
8.38275e-08
6.21759e-08
0.00014069
6.49819e-08
1.94065e-06
6.04557e-08
1.17146e-06
6.75587e-08
5.20631e-08
5.3917e-06
3.13724e-06
3.50258e-05
3.50818e-07
1.23981e-07
1.39744e-07
1.52254e-07
6.05621e-06
4.92158e-06
3.65743e-05
3.07275e-07
8.3973e-08
1.15978e-07
1.0913e-07
2.91309e-05
4.59972e-07
1.46557e-06
1.28695e-07
2.47255e-07
8.47138e-08
7.71528e-08
1.6566e-05
5.28407e-08
1.21285e-07
7.43588e-08
1.94524e-07
2.4018e-08
2.27219e-08
6.66518e-08
2.99193e-05
4.98901e-07
6.24324e-08
1.90886e-07
6.23474e-08
5.98674e-08
1.76656e-11
7.13413e-10
2.2401e-11
1.74791e-11
1.74586e-11
2.17163e-11
1.7443e-11
8.358e-06
2.80725e-08
7.40584e-08
1.68559e-08
3.08976e-08
8.29194e-08
1.6031e-08
2.50212e-07
2.65125e-06
5.94567e-08
9.04637e-08
1.40069e-07
5.77844e-06
6.06084e-08
9.47099e-07
5.3463e-08
7.74845e-08
1.96668e-07
8.12706e-08
4.85861e-06
5.50741e-08
1.59643e-05
1.6306e-07
9.73402e-08
1.63665e-07
2.15619e-07
9.02979e-06
2.21706e-07
2.52613e-05
1.51883e-07
1.60087e-07
1.02591e-07
7.95093e-06
2.79382e-07
3.07567e-07
9.42151e-06
2.32934e-08
8.68021e-08
2.46505e-08
3.87785e-07
2.46289e-08
2.17711e-08
9.2522e-06
9.96897e-08
5.28516e-07
6.23173e-08
1.10499e-07
5.88944e-08
5.61525e-08
8.15484e-06
8.74852e-08
4.13366e-07
5.17878e-08
9.34086e-08
4.78538e-08
4.51565e-08
1.73195e-05
2.76708e-07
9.36788e-07
1.15233e-07
1.94959e-07
9.82806e-08
9.34325e-08
8.60686e-06
1.05537e-07
8.13829e-08
1.50444e-07
1.05573e-07
5.66558e-08
5.59895e-08
3.77254e-08
8.41054e-06
4.12024e-08
8.02998e-08
3.24853e-08
1.16572e-07
3.32587e-08
1.58556e-07
1.15912e-07
1.07397e-07
1.78919e-08
1.7642e-08
1.72341e-08
1.62952e-08
7.762e-08
1.14087e-07
6.68329e-06
1.14385e-07
3.88066e-08
3.95517e-08
3.96841e-08
8.2114e-08
4.80109e-08
4.16433e-06
7.41921e-08
2.47129e-08
2.54162e-08
2.52928e-08
1.815e-11
3.07617e-10
1.93417e-11
1.79394e-11
1.78239e-11
2.09634e-11
1.78187e-11
5.43601e-06
5.10402e-08
5.92493e-08
6.28471e-08
8.35742e-08
1.04799e-07
1.416e-06
3.52959e-08
4.52292e-06
6.32152e-08
3.25324e-08
3.55605e-08
6.68394e-08
3.24745e-08
1.67982e-06
4.82053e-08
3.95994e-08
3.7156e-08
6.00923e-07
7.28672e-08
4.5063e-08
5.19836e-06
5.67038e-08
5.52811e-08
5.65956e-08
9.08394e-08
3.89689e-07
9.25513e-08
1.56929e-07
1.56974e-07
1.41476e-06
1.29951e-05
1.49231e-07
2.35777e-07
2.47428e-07
1.74314e-07
1.17791e-07
1.06066e-05
1.39075e-07
5.3599e-08
5.4581e-08
5.43191e-08
1.50482e-07
9.07499e-08
8.08749e-06
1.01473e-07
4.12207e-08
4.20318e-08
4.15585e-08
4.5971e-06
4.42228e-08
6.74138e-08
4.57335e-08
2.48958e-07
4.49067e-08
4.36806e-08
2.52646e-06
2.6116e-08
6.64285e-08
2.67702e-08
1.26185e-07
2.71377e-08
2.56459e-08
4.15539e-06
1.47517e-07
1.78766e-07
1.20878e-07
1.30033e-07
1.05898e-07
1.05193e-07
2.84247e-06
3.47847e-08
3.39662e-08
6.1759e-08
4.81206e-08
3.33416e-08
3.27002e-08
5.00788e-06
1.11383e-07
1.81773e-07
9.21121e-08
1.10457e-07
8.37168e-08
8.27733e-08
4.96076e-08
2.88456e-06
9.82358e-08
4.62751e-08
6.03834e-08
4.55299e-08
4.4127e-08
7.96287e-08
7.52299e-08
1.9704e-06
5.83814e-08
4.92496e-08
4.94172e-08
4.92912e-08
2.57295e-06
7.46748e-08
7.524e-08
7.31241e-08
8.71247e-08
9.82007e-08
3.27108e-07
4.07349e-08
3.95163e-08
1.22134e-07
7.51664e-07
3.92774e-08
5.45368e-08
4.23912e-08
5.82178e-07
5.43777e-08
4.72541e-08
4.85131e-08
6.17452e-08
3.158e-07
4.98321e-08
1.29091e-06
5.51788e-08
7.56908e-08
5.45802e-08
6.06176e-08
5.46907e-08
5.39253e-08
6.84095e-07
3.2555e-08
3.65545e-08
3.17212e-08
3.44498e-08
3.03741e-08
3.01954e-08
5.96991e-07
3.43235e-08
4.36388e-08
3.1483e-08
3.33129e-08
3.04695e-08
3.02489e-08
3.44829e-08
2.06714e-08
1.84794e-08
1.62734e-08
1.61968e-08
1.62675e-08
1.59765e-08
1.17999e-08
2.25116e-08
1.29729e-08
1.01694e-08
1.0175e-08
1.01203e-08
1.00417e-08
1.91275e-11
1.34323e-10
2.01281e-11
1.91581e-11
1.91361e-11
1.93819e-11
1.91304e-11
1.66627e-07
2.64206e-08
2.62725e-08
2.62039e-08
2.96974e-08
3.9108e-08
2.67799e-08
5.85568e-07
8.05569e-08
8.14171e-08
8.17931e-08
8.33964e-08
8.47179e-08
2.57407e-07
7.81214e-08
7.82335e-08
7.61127e-07
9.94881e-08
7.40023e-08
7.39744e-08
7.38156e-08
4.20516e-08
4.22993e-08
4.21617e-07
5.41363e-08
3.9738e-08
3.97874e-08
3.96211e-08
2.30795e-07
3.33836e-08
3.85314e-08
3.33178e-08
4.65276e-08
3.35151e-08
3.32705e-08
2.58201e-07
2.91069e-08
3.06382e-08
2.90002e-08
2.99544e-08
2.87724e-08
2.87927e-08
2.80628e-08
2.16927e-07
3.22833e-08
2.78408e-08
2.84176e-08
2.76212e-08
2.76262e-08
3.77013e-08
3.23002e-08
2.89511e-08
2.99892e-08
2.90036e-08
2.91487e-08
2.88864e-08
2.68852e-11
2.68968e-11
3.32538e-11
2.68608e-11
2.69076e-11
2.69623e-11
5.71677e-11
2.28078e-11
2.27942e-11
2.87346e-11
2.27717e-11
2.28733e-11
2.28136e-11
4.9732e-11
3.36957e-08
4.21524e-08
3.36148e-08
3.99477e-08
3.36492e-08
4.75734e-08
3.36592e-08
3.38024e-08
3.05625e-08
3.05769e-08
3.06561e-08
3.68431e-08
4.69346e-08
3.06139e-08
1.64777e-08
1.64195e-08
4.03631e-08
1.64661e-08
1.62864e-08
1.62761e-08
1.62722e-08
1.01102e-08
1.02426e-08
1.00295e-08
1.00447e-08
1.01422e-08
1.00456e-08
1.00424e-08
1.48495e-07
6.54853e-08
6.55237e-08
6.54595e-08
6.57643e-08
6.59767e-08
7.82638e-08
3.02415e-08
1.48391e-08
1.48228e-08
1.48306e-08
1.50572e-08
1.48791e-08
1.71624e-08
7.17305e-08
3.76844e-08
3.78536e-08
3.77333e-08
3.81985e-08
3.78039e-08
5.00672e-08
2.46669e-08
3.13848e-08
5.42213e-08
2.47091e-08
2.45212e-08
2.45305e-08
2.45514e-08
2.16367e-08
2.74371e-08
4.82069e-08
2.17048e-08
2.15196e-08
2.15284e-08
2.15505e-08
3.70945e-08
1.87817e-08
1.90315e-08
1.87773e-08
1.88365e-08
1.87696e-08
1.87454e-08
8.15089e-08
4.50204e-08
4.54085e-08
4.4865e-08
4.49558e-08
4.48396e-08
4.48215e-08
2.80398e-08
2.71468e-08
2.65884e-08
2.6709e-08
2.66101e-08
2.66169e-08
2.6588e-08
)
;

boundaryField
{
    ground
    {
        type            calculated;
        value           nonuniform List<scalar> 
1498
(
0
0
0
0
0
0
0
0
0
0
0
0
0
0
0
0
0
0
0
0
0
0
0
0
0
0
0
0
0
0
0
0
0
0
0
0
0
0
0
0
0
0
0
0
0
0
0
0
0
0
0
0
0
0
0
0
0
0
0
0
0
0
0
0
0
0
0
0
0
0
0
0
0
0
0
0
0
0
0
0
0
0
0
0
0
0
0
0
0
0
0
0
0
0
0
0
0
0
0
0
0
0
0
0
0
0
0
0
0
0
0
0
0
0
0
0
0
0
0
0
0
0
0
0
0
0
0
0
0
0
0
0
0
0
0
0
0
0
0
0
0
0
0
0
0
0
0
0
0
0
0
0
0
0
0
0
0
0
0
0
0
0
0
0
0
0
0
0
0
0
0
0
0
0
0
0
0
0
0
0
0
0
0
0
0
0
0
0
0
0
0
0
0
0
0
0
0
0
0
0
0
0
0
0
0
0
0
0
0
0
0
0
0
0
0
0
0
0
0
0
0
0
0
0
0
0
0
0
0
0
0
0
0
0
0
0
0
0
0
0
0
0
0
0
0
0
0
0
0
0
0
0
0
0
0
0
0
0
0
0
0
0
0
0
0
0
0
0
0
0
0
0
0
0
0
0
0
0
0
0
0
0
0
0
0
0
0
0
0
0
0
0
0
0
0
0
0
0
0
0
0
0
0
0
0
0
0
0
0
0
0
0
0
0
0
0
0
0
0
0
0
0
0
0
0
0
0
0
0
0
0
0
0
0
0
0
0
0
0
0
0
0
0
0
0
0
0
0
0
0
0
0
0
0
0
0
0
0
0
0
0
0
0
0
0
0
0
0
0
0
0
0
0
0
1.00006e-14
5.95418e-14
1.8599e-14
0
0
0
0
0
0
0
0
0
0
0
0
0
0
0
0
0
0
3.59735e-17
7.91243e-14
3.54639e-12
1.94901e-11
2.13083e-12
1.40117e-14
0
0
0
0
0
0
0
0
0
0
0
0
0
0
0
0
3.59735e-17
1.2085e-13
2.27806e-11
5.24446e-11
4.08569e-09
3.27284e-10
2.45837e-12
0
0
0
0
0
0
0
0
0
0
0
0
0
0
0
0
9.21054e-14
2.68713e-11
1.39537e-10
4.66212e-08
0.0016466
5.68238e-06
9.90915e-10
2.78435e-14
0
0
0
0
0
0
0
0
0
0
0
0
0
0
0
0
1.28395e-14
4.10206e-12
4.80063e-11
5.97355e-08
2.65562
352.239
125.802
6.37416e-05
1.01805e-13
0
0
0
0
0
0
0
0
0
0
0
0
0
0
0
0
1.04997e-13
2.999e-11
4.59497e-09
0.0012534
354.498
4078.99
2043.7
0
0
0
0
0
0
0
0
0
0
0
0
0
0
0
0
6.9249e-15
1.55271e-12
1.89826e-10
2.19511e-06
100.317
1021.96
541.479
0
0
0
0
0
0
0
0
0
0
0
0
0
0
0
0
0
2.08284e-14
3.95279e-12
5.69157e-10
4.5103e-06
2.48816
0.0360758
0
0
0
0
0
0
0
0
0
0
0
0
0
0
0
0
0
0
2.47486e-14
3.5055e-12
1.69655e-10
1.94063e-08
1.28062e-10
0
0
0
0
0
0
0
0
0
0
0
0
0
0
0
0
0
0
0
1.83581e-14
1.06405e-12
4.21017e-13
3.84916e-15
0
0
0
0
0
0
0
0
0
0
0
0
0
0
0
0
0
0
0
0
0
0
0
0
0
0
0
0
0
0
0
0
0
0
0
0
0
0
0
0
0
0
0
0
0
0
0
0
0
0
0
0
0
0
0
0
0
0
0
0
0
0
0
0
0
0
0
0
0
0
0
0
0
0
0
0
0
0
0
0
0
0
0
0
0
0
0
0
0
0
0
0
0
0
0
0
0
0
0
0
0
0
0
0
0
0
0
0
0
0
1.44707e-11
944.42
0
0
6.05422
0
0
6.63266e-09
0
0
0
0
0
0
0
0
0
0
0
0
0
0
0
0
0
0
0
0
0
0
0
0
0
0
0
0
0
0
0
0
0
0
0
0
0
0
0
0
0
0
0
0
0
0
0
0
0
0
0
0
0
0
0
0
0
0
0
0
0
3.59735e-17
0
0
0
0
0.0138177
1153.46
1.43894e-16
0
0
0
0
0
0
0
0
3.3384e-13
0
0
0
0
0
0
0
0
0
0
0
0
0
0
0
0
0
0
0
0
0
0
0
0
0
0
0
0
0
0
0
0
0
0
0
0
0
0
0
0
0
0
0
0
0
0
0
0
0
0
0
0
0
0
0
0
0
0
0
0
0
0
0
0
0
0
0
0
0
0
0
0
0
0
0
0
0
0
0
0
0
0
0
0
0
0
0
0
0
0
0
0
0
0
0
0
0
0
0
0
0
0
0
0
0
0
0
0
0
0
0
0
0
0
0
0
0
0
0
0
0
0
0
0
0
0
0
0
0
0
0
0
0
0
0
0
0
0
0
0
0
4.45676e-06
2.15025e-08
0.213739
0.00102394
575.778
505.659
321.476
513.375
0
0
16.9753
117.831
0.00163965
0.314838
0
0
4.16854e-08
7.42465e-06
1.97241e-12
2.2007e-10
0
0
0
0
0
0
0
0
0
0
0
0
0
0
0
0
0
0
0
0
0
0
0
0
0
0
0
0
0
0
0
0
0
0
0
0
0
0
0
0
380.501
149.975
17.6935
9.65546e-11
4.17005e-13
1.94257e-15
0
3.5254e-15
4.65705e-14
0
0
0
0
0
0
0
0
0
0
0
0
0
0
0
0
0
0
0
0
0
0
0
0
0
0
0
0
0
0
0
0
0
0
0
0
0
0
0
0
0
7.79255e-14
2.81173e-14
5.40651e-14
8.33669e-12
7.32546e-08
6.96042e-05
17.9361
5.17532e-12
4.3736e-10
5.08503e-07
0
7.05081e-15
2.04683e-12
0
0
0
0
0
0
240.439
2157.48
3177.03
3.79505e-07
3.75402e-05
0.00910438
1.26986e-14
2.08287e-14
4.53018e-12
0
0
0
2725.2
1626.91
2340.06
667.206
727.972
2457.09
0
0
0
872.257
32.7588
50.5522
289.005
106.747
263.841
0
0
0
0.910852
1.77092e-07
5.28318e-07
0.000799008
3.49713e-06
0.000204513
0
0
0
1.26962e-08
6.22929e-11
8.71357e-11
2.78197e-12
3.2714e-13
3.17398e-11
0
0
0
0
0
1.69075e-15
0
0
0
0
0
0
0
0
0
0
0
0
0
0
0
0
0
0
9.5564e-10
1.95326e-07
2.13661e-09
1483.35
721.71
531.723
0
0
0
0
0
0
77.3741
13.8694
0.165707
0
0
0
0
0
0
9.2663e-07
1.82165e-08
1.36735e-10
0
0
0
0
0
0
0
0
0
1.67002
35.2403
1.64916
647.174
353.032
572.54
0
1.47491e-15
0
7.55444e-15
7.44651e-15
0
0
0
0
0
0
0
0
0
0
0
0
0
0
0
0
0
0
0
0.000129088
64.0647
128.901
272.15
1810.17
275.589
355.483
706.505
719.009
2795.16
1493.62
242.457
6963.58
10415.6
5553.87
1359.18
1544.59
2335.45
766.805
20.6597
0.00108029
1090.23
486.071
485.698
4134.78
1380
1077.13
1490.96
1571.16
4817.79
3356.26
8134.02
6136.8
2397.55
6484.72
3067.21
4906.58
7322.33
2251.06
2494.52
1656.58
1622.33
5478.03
7374
5115.67
536.437
616.248
306.871
3255.92
4577.56
3747.06
438.872
509.132
1055.51
1049.79
654.513
1057.1
3516.11
1585.6
1439.91
937.314
1422.63
2603.77
9625.55
8900.45
7128.01
9488.84
10935.2
10907.4
6242.59
8139.78
8342.43
2801.66
2383.17
3647.09
4740.24
3191.62
3032.33
4720.99
5011.38
3669.35
9180.91
7214.13
6542.42
4971.69
6166.74
8059.33
5159.46
3691.34
4454.37
5958.75
4565.49
3468.44
5311.6
5171.32
7893.28
2209.29
3421.4
3374.69
127.754
63.0327
9.63978e-05
718.535
751.545
385.905
0.00019387
78.958
0.0181931
0.0184166
81.0041
0.00023554
357.84
724.123
527.146
379.073
226.198
497.313
582.99
360.167
145.878
147.878
361.653
569.286
205.796
227.811
65.9844
34.2341
158.987
343.015
11.333
7.12038e-06
6.5476e-08
274.013
95.0384
14.8401
60.8853
226.671
173.641
147.274
23.112
18.5965
0.332845
9.72181e-08
1.48067e-08
19.0241
23.0789
137.186
3.6959
16.5395
126.015
110.205
14.2622
4.05596
2.96055
56.9618
137.842
43.382
177.668
43.8992
24.0712
0.397153
6.32008
6.46042
0.458156
24.8155
7.20885e-06
5.51768e-07
2.68227e-09
4.78253
0.0275727
0.011934
0.00356355
0.0269034
3.74116
0.324593
0.379537
0.00268228
0.267821
0.0052979
1.06653
0.218703
9.5369
0.0927371
0.209632
0.00122222
0.0899375
1.86157e-09
6.98639e-07
8.10363e-06
0.00249297
0.38612
0.325007
0.000972994
0.260185
0.017502
0.00174409
8.15808e-05
0.0177537
9.36122e-09
8.17878e-05
1.00372e-08
3.98794e-09
1.06129e-06
1.0336e-09
0.0209366
0.196954
0.000811546
8.24533e-10
1.10918e-06
3.23602e-09
7.98234e-05
0.00593394
1.6136
1.73883
0.00590827
8.12988e-05
0.0377296
0.00199256
8.25673e-06
8.52178e-06
0.00210116
0.033467
0.0108575
4.76402e-05
4.63742e-07
1.17416e-10
1.18658e-09
4.76751e-08
1.92791e-07
2.2764e-05
0.00120676
2.16317e-08
4.39291e-10
8.58676e-11
6.00867e-08
4.21329e-10
1.55124e-10
7.85737e-07
0.00013836
2.29339e-05
7.18247e-05
0.000159593
1.05372e-06
0.000522061
5.13212e-06
1.13248e-07
0.000309716
1.81168e-06
9.43681e-08
2.02947e-07
7.39054e-06
0.00154322
1.1784e-05
2.03357e-07
1.70703e-07
5.72068e-07
3.35353e-08
5.69972e-07
2.08544e-07
3.09632e-05
4.20501e-07
4.38987e-07
3.16304e-05
2.26738e-07
1.5816e-09
1.01784e-10
9.18535e-11
5.22747e-08
4.33378e-07
8.22252e-06
1.82275e-07
2.09863e-07
1.23715e-05
1.23981e-07
1.52254e-07
5.3917e-06
4.92158e-06
1.0913e-07
8.3973e-08
6.23173e-08
5.61525e-08
9.96897e-08
8.74852e-08
4.51565e-08
5.17878e-08
3.55605e-08
3.24745e-08
3.52959e-08
7.524e-08
3.27108e-07
7.46748e-08
2.78408e-08
2.76262e-08
2.80628e-08
2.90002e-08
2.87927e-08
2.91069e-08
2.27942e-11
2.87346e-11
2.28078e-11
2.68968e-11
3.32538e-11
2.68852e-11
6.54853e-08
7.82638e-08
6.55237e-08
1.48391e-08
1.71624e-08
1.48228e-08
1.87817e-08
1.87454e-08
1.87773e-08
)
;
    }
    outlet
    {
        type            calculated;
        value           nonuniform List<scalar> 
1661
(
0
0
0
0
0
0
0
0
0
0
0
0
0
0
0
0
0
0
0
0
0
0
0
0
0
0
0
0
0
0
0
0
0
0
0
0
0
0
0
0
0
0
0
0
0
0
0
0
0
0
0
0
0
0
0
0
0
0
0
0
0
0
0
0
0
0
0
0
0
0
0
0
0
0
0
0
0
0
0
0
0
0
0
0
0
0
0
0
0
0
0
0
0
0
0
0
0
0
0
0
0
0
0
0
0
0
0
0
0
0
0
0
0
0
0
0
0
0
0
0
0
0
0
0
0
0
0
0
0
0
0
0
0
0
0
0
0
0
0
0
0
0
0
0
0
0
0
0
0
0
0
0
0
0
0
0
0
0
0
0
0
0
0
0
0
0
0
0
0
0
0
0
0
0
0
0
0
0
0
0
0
0
0
0
0
0
0
0
0
0
0
0
0
0
0
0
0
0
0
0
0
0
0
0
0
0
0
0
0
0
0
0
0
0
0
0
0
0
0
0
0
0
0
0
0
0
0
0
0
0
0
0
0
0
0
0
0
0
0
0
0
0
0
0
0
0
0
0
0
0
0
0
0
0
0
0
0
0
0
0
0
0
0
0
1.83581e-14
1.06405e-12
4.21017e-13
1.69075e-15
0
0
0
0
0
0
0
0
0
0
0
0
0
0
0
0
0
0
0
0
0
1.7627e-15
1.30685e-13
2.45309e-14
0
0
0
0
0
0
0
0
0
0
0
0
0
0
0
0
0
0
0
0
0
0
0
2.87788e-16
0
0
0
0
0
0
0
0
0
0
0
0
0
0
0
0
0
0
0
0
0
0
0
0
0
0
0
0
0
0
0
0
0
0
0
0
0
0
0
0
0
0
0
0
0
0
0
0
0
0
0
0
0
0
0
0
0
0
0
0
0
0
0
0
0
0
0
0
0
0
0
0
0
0
0
0
0
0
0
0
0
0
0
0
0
0
0
0
0
0
0
0
0
0
0
0
0
0
0
0
0
0
0
0
0
0
0
0
0
0
0
0
0
0
0
0
0
0
0
0
0
0
0
0
0
0
0
0
0
0
0
0
0
0
0
0
0
0
0
0
0
0
0
0
0
0
0
0
0
0
0
0
0
0
0
0
0
0
0
0
0
0
0
0
0
0
0
0
0
0
0
0
0
0
0
0
0
0
0
0
0
0
0
0
0
0
0
0
0
0
0
0
0
0
0
0
0
0
0
0
0
0
0
0
0
0
0
0
0
0
0
0
0
0
0
0
0
0
0
0
0
0
0
0
0
0
0
0
0
0
0
0
0
0
0
0
0
0
0
0
0
0
0
0
0
0
0
0
0
0
0
0
0
0
0
0
0
0
0
0
0
0
0
0
0
0
0
0
0
0
0
0
0
0
0
0
0
0
0
0
0
0
0
0
0
0
0
0
0
0
0
0
0
0
0
0
0
0
0
0
0
0
0
0
0
0
0
0
0
0
0
0
0
0
0
0
0
0
0
0
0
0
0
0
0
0
0
0
0
0
0
0
0
0
0
0
0
0
0
0
0
0
0
0
0
0
0
0
0
0
0
0
0
0
0
0
0
0
0
0
0
0
0
0
0
0
0
0
0
0
0
0
0
0
0
0
0
0
0
0
0
0
0
0
0
0
0
0
0
0
0
0
0
0
0
0
0
0
0
0
0
0
0
0
0
0
0
0
0
0
0
0
0
0
0
0
0
0
0
0
0
0
0
0
0
0
0
0
0
0
0
0
0
0
0
0
0
0
0
0
0
0
0
0
0
0
0
0
0
0
0
0
0
0
0
0
0
0
0
0
0
0
0
0
0
0
0
0
0
0
0
0
0
0
0
0
0
0
0
0
0
0
0
0
0
0
0
0
0
0
0
0
0
0
0
0
0
0
0
0
0
0
0
0
0
0
0
0
0
0
0
0
0
0
0
0
0
0
0
0
0
0
0
0
0
0
0
0
0
0
0
0
0
0
0
0
0
0
0
0
0
0
0
0
0
0
0
0
0
0
0
0
0
0
0
0
0
0
0
0
0
0
0
0
0
0
0
0
0
0
0
0
0
0
0
0
0
0
0
0
0
0
0
0
0
0
0
0
0
0
0
0
0
0
0
0
0
0
0
0
0
0
0
0
0
0
0
0
0
0
0
0
0
0
0
0
0
0
0
0
0
0
0
0
0
0
0
0
0
0
0
0
0
0
0
0
0
0
0
0
0
0
0
0
0
0
0
0
0
0
0
0
0
0
0
0
0
0
0
0
0
0
0
0
0
0
0
0
0
0
0
0
0
0
0
0
0
0
0
0
0
0
0
0
0
0
0
0
0
0
0
0
0
0
0
0
0
0
0
0
0
0
0
0
0
0
0
0
0
0
0
0
0
0
0
0
0
0
0
0
0
0
0
0
0
0
0
0
0
0
0
0
0
0
0
0
0
0
0
0
0
0
0
0
0
0
0
0
0
0
0
0
0
0
0
0
0
0
0
0
0
0
0
0
0
0
0
0
0
0
0
0
0
0
0
0
0
0
0
0
0
0
0
0
0
0
0
0
0
0
0
0
0
0
0
0
0
0
0
0
0
0
0
0
0
0
0
0
0
0
0
0
0
0
0
0
0
0
0
0
0
0
0
0
0
0
0
0
0
0
0
0
0
0
0
0
0
0
0
0
0
0
0
0
0
0
0
0
0
0
0
0
0
0
0
0
0
0
0
0
0
0
0
0
0
0
0
0
0
0
0
0
0
0
0
0
0
0
0
0
0
0
0
0
0
0
0
0
0
0
0
0
0
0
0
0
0
0
0
0
0
0
0
0
0
0
0
0
0
0
0
0
0
0
0
0
0
0
0
0
0
0
0
0
0
0
0
0
0
0
0
0
0
0
0
0
0
0
0
0
0
0
0
0
0
0
0
0
0
0
0
0
0
0
0
0
0
0
0
0
0
0
0
0
0
0
0
0
0
0
0
0
0
0
0
0
0
0
0
0
0
0
0
0
0
0
0
0
0
0
0
0
0
0
0
0
0
0
0
0
0
0
0
0
0
0
0
0
0
0
0
0
0
0
0
0
0
0
0
0
0
0
0
0
0
0
0
0
0
0
0
0
0
0
0
0
0
0
0
0
0
0
0
0
0
0
0
0
0
0
0
0
0
0
0
0
0
0
0
0
0
0
0
0
0
0
0
0
0
0
0
0
0
0
0
0
0
0
0
0
0
0
0
0
0
0
0
0
0
0
0
0
0
0
0
0
0
0
0
0
0
0
0
0
0
0
0
0
0
0
0
0
0
0
0
0
0
0
0
0
0
0
0
0
0
0
0
0
0
0
0
0
0
0
0
0
0
0
0
0
0
0
0
0
0
0
0
0
0
0
0
0
0
0
0
0
0
0
0
0
0
0
0
0
0
0
0
0
0
0
0
0
0
0
0
0
0
0
0
0
0
0
0
0
0
0
0
0
0
0
0
0
0
0
0
0
0
0
0
0
0
0
0
0
0
0
0
0
0
0
0
0
0
0
0
0
0
0
0
0
0
0
0
0
0
0
0
0
0
0
0
0
0
0
0
0
0
0
0
0
0
0
0
0
0
0
0
0
0
0
0
0
0
0
0
0
0
0
0
0
0
0
0
0
0
0
0
0
0
0
0
0
0
0
0
0
0
0
0
0
0
0
0
0
0
0
0
0
0
0
0
0
0
0
0
0
0
0
0
0
0
0
0
0
0
0
0
0
0
0
0
0
0
0
0
0
0
0
0
0
1.69075e-15
0
0
0
0
0
0
0
0
0
0
0
0
0
0
0
0
0
0
0
0
0
0
0
0
)
;
    }
    wall
    {
        type            calculated;
        value           uniform 0;
    }
    wall2
    {
        type            calculated;
        value           uniform 0;
    }
    wall3
    {
        type            calculated;
        value           nonuniform List<scalar> 
564
(
3.59735e-17
0
0
0
0
0
0
0
0
0
0
0
0
0
0
0
0
0
0
0
3.59735e-17
0
0
0
0
0
0
0
0
512.155
455.826
482.373
445.272
33.965
1.51736
45.2235
2.82422
3.78996e-07
2.35233e-09
8.73898e-07
5.48136e-09
0.00436118
2.97347e-05
0.00680621
4.60984e-05
0
0
0
0
0
0
0
0
0
0
0
0
78.673
63.2958
7.84524
4.60425
0.0450996
0.00031682
0.000223185
2.55457e-06
1.46822e-10
1.36769e-12
1.94704e-12
3.36172e-14
1.01989e-06
5.80923e-09
9.67165e-09
5.76336e-11
0
0
0
0
0
0
0
0
0
0
0
0
1.80617e-06
9.31065e-07
9.93374e-09
5.23489e-09
5.5951e-11
1.55995e-12
6.60524e-13
3.28166e-14
2.15841e-15
0
0
0
3.05775e-15
0
0
0
0
0
0
0
0
0
0
0
0
0
0
0
0
0
0
0
0
0
0
0
0
0
0
0
0
0
0
0
0
0
505.659
321.476
342.082
264.97
117.831
0.00163965
118.29
0.00767792
7.42465e-06
1.97241e-12
4.08754e-05
1.18359e-11
0.213739
2.15025e-08
0.360719
5.58966e-08
0
0
0
0
0
0
0
0
0
0
0
0
192.13
122.733
0.0236589
0.00328383
38.8431
0.000215561
8.13744e-05
1.83472e-10
1.54317e-06
7.15854e-13
2.20011e-12
7.05081e-15
0.0144537
2.02421e-09
1.10514e-08
2.41022e-15
0
0
0
0
0
0
0
0
0
0
0
0
0.00015597
1.51455e-05
3.599e-14
2.33179e-11
3.72202e-14
4.39434e-12
4.93914e-07
1.97148e-12
2.94983e-15
3.737e-13
0
4.82045e-15
4.62304e-14
0
0
0
0
0
7.25402e-11
0
0
0
0
0
0
0
0
0
0
0
0
0
0
0
0
0
0
0
0
0
0
0
0
0
0
0
0
0
0
380.501
17.6935
270.007
18.634
4.65705e-14
0
1.39465e-13
0
0
0
9.65546e-11
1.94257e-15
2.83015e-10
6.54718e-15
0
3.59735e-17
0
0
0
0
0
0
127.085
2.41702
0.00467895
1.46638e-06
1.33821e-14
0
0
0
0
0
9.99298e-12
1.43894e-16
0
0
0
0
0
0
0
0
0
0
2.17036e-05
9.28106e-09
1.24798e-14
4.14188e-12
1.4926e-14
0
0
0
0
0
0
0
0
0
0
0
0
0
0
0
0
0
0
0
0
575.778
458.065
513.375
314.077
438.424
394.515
324.586
380.45
16.9753
145.927
0.314838
0.0084211
159.957
26.3475
0.0255809
1.00703
4.16854e-08
6.6514e-05
2.2007e-10
1.44646e-11
0.000128936
2.77751e-07
3.38482e-11
1.7229e-09
0.00102394
0.952203
4.45676e-06
1.59827e-07
1.32359
0.00161301
2.52616e-07
1.00166e-05
0
0
0
0
0
0
0
0
1.07921e-16
0
0
0
0
0
0
0
0
0
0
0
0
0
0
0
238.091
57.0022
210.509
23.7886
4.07224
0.0784589
0.576382
0.0273598
3.38693
2.43788
0.0404157
2.69897e-06
0.0185446
1.4817e-06
2.39793e-08
1.82419e-08
1.01961e-08
2.07809e-08
6.27523e-11
3.13197e-13
1.96459e-10
4.19773e-13
1.29145e-14
1.74831e-14
6.88752e-05
0.000164808
3.88458e-07
3.10338e-11
1.49453e-06
7.47625e-11
3.21204e-13
4.65638e-13
0
0
0
0
0
0
0
0
0
0
0
0
0
0
0
0
0
0
0
0
0
0
0
0
0.000311934
7.5896e-07
0.000190336
8.83851e-08
4.19503e-09
5.36563e-11
3.69972e-14
4.76657e-10
2.93807e-11
3.86591e-14
9.12252e-09
2.79143e-09
1.17415e-10
5.39179e-13
1.51251e-11
2.22735e-13
2.76996e-15
1.53247e-14
1.14036e-14
0
1.57924e-14
1.92458e-14
2.15841e-16
0
2.15841e-16
0
0
0
0
0
5.10923e-13
4.51782e-13
3.16567e-15
0
2.66204e-15
0
0
0
0
0
0
0
0
0
0
0
0
0
0
0
0
0
0
0
0
0
0
0
0
0
0
0
0
0
0
0
0
0
0
0
0
0
0
0
0
0
0
0
0
0
0
0
0
0
0
0
0
0
0
0
0
0
0
0
0
0
0
0
0
0
0
0
0
0
0
377.892
31.9351
359.412
35.3298
1.09345e-13
0
2.54537e-13
0
8.48891e-10
2.33108e-14
1.3608e-09
3.75204e-14
0
0
26.6826
0.0354879
0.796064
0.000211251
1.05762e-14
0
1.07921e-16
0
1.57132e-13
0
1.40297e-15
0
0
0
1.2586e-07
5.48986e-11
6.75117e-10
3.27838e-13
0
0
0
0
0
0
0
0
0
0
)
;
    }
    internalPatch
    {
        type            internal;
    }
}


// ************************************************************************* //
