/*--------------------------------*- C++ -*----------------------------------*\
  =========                 |
  \\      /  F ield         | OpenFOAM: The Open Source CFD Toolbox
   \\    /   O peration     | Website:  https://openfoam.org
    \\  /    A nd           | Version:  9
     \\/     M anipulation  |
\*---------------------------------------------------------------------------*/
FoamFile
{
    format      ascii;
    class       volScalarField;
    location    "0.0007";
    object      T;
}
// * * * * * * * * * * * * * * * * * * * * * * * * * * * * * * * * * * * * * //

dimensions      [0 0 0 1 0 0 0];

internalField   nonuniform List<scalar> 
6995
(
287.926
287.926
287.926
287.926
287.926
287.926
287.926
287.926
287.926
287.926
287.926
287.926
287.926
287.926
287.926
287.926
287.926
287.926
287.926
287.926
287.926
287.926
287.926
287.926
287.926
287.926
287.926
287.926
287.926
287.926
287.926
287.926
287.926
287.926
287.926
287.926
287.926
287.926
287.926
287.926
287.926
287.926
287.926
287.926
287.926
287.926
287.926
287.926
287.926
287.926
287.926
287.926
287.926
287.926
287.926
287.926
287.926
287.926
287.926
287.926
287.926
287.926
287.926
287.926
287.926
287.926
287.926
287.926
287.926
287.926
287.926
287.926
287.926
287.926
287.926
287.926
287.926
287.926
287.926
287.926
287.926
287.926
287.926
287.926
287.926
287.926
287.926
287.926
287.926
287.926
287.926
287.926
287.926
287.926
287.926
287.926
287.926
287.926
287.926
287.926
287.926
287.926
287.926
287.926
287.926
287.926
287.926
287.926
287.926
287.926
287.926
287.926
287.926
287.926
287.926
287.926
287.926
287.926
287.926
287.926
287.926
287.926
287.926
287.926
287.926
287.926
287.926
287.926
287.926
287.926
287.926
287.926
287.926
287.926
287.926
287.926
287.926
287.926
287.926
287.926
287.926
287.926
287.926
287.926
287.926
287.926
287.926
287.926
287.926
287.926
287.926
287.926
287.926
287.926
287.926
287.926
287.926
287.926
287.926
287.926
287.926
287.926
287.926
287.926
287.926
287.926
287.926
287.926
287.926
287.926
287.926
287.926
287.926
287.926
287.926
287.926
287.926
287.926
287.926
287.926
287.926
287.926
287.926
287.926
287.926
287.926
287.926
287.926
287.926
287.926
287.926
287.926
287.926
287.926
287.926
287.926
287.926
287.926
287.926
287.926
287.926
287.926
287.926
287.926
287.926
287.926
287.926
287.926
287.926
287.926
287.926
287.926
287.926
287.926
287.926
287.926
287.926
287.926
287.926
287.926
287.926
287.926
287.926
287.926
287.926
287.926
287.926
287.926
287.926
287.926
287.926
287.926
287.926
287.926
287.926
287.926
287.926
287.926
287.926
287.926
287.926
287.926
287.926
287.926
287.926
287.926
287.926
287.926
287.926
287.926
287.926
287.926
287.926
287.926
287.926
287.926
287.926
287.926
287.926
287.926
287.926
287.926
287.926
287.926
287.926
287.926
287.926
287.926
287.926
287.926
287.926
287.926
287.926
287.926
287.926
287.926
287.926
287.926
287.926
287.926
287.926
287.926
287.926
287.926
287.926
287.926
287.926
287.926
287.926
287.926
287.926
287.926
287.926
287.926
287.926
287.926
287.926
287.926
287.926
334.184
287.945
287.926
302.049
288.959
289.329
287.929
288.113
288.178
363.409
287.949
287.926
287.93
2112.16
905.118
287.926
287.926
287.926
1414.46
287.926
287.926
287.926
287.926
289.351
288.181
287.926
287.926
287.926
287.926
740.032
376.711
304.546
1184.54
323.262
287.95
288.577
289.036
287.926
287.937
287.932
288.17
287.95
287.926
287.926
287.926
287.926
287.926
287.926
287.926
287.926
287.926
287.926
287.926
287.926
287.926
287.926
287.926
287.926
287.926
1968.05
1704.03
925.439
862.444
1366.19
379.46
681.265
294.85
288.552
287.926
287.933
287.926
725.075
1939.46
199.602
1340.26
3124.74
2209.94
182.378
1239.94
204.631
1251.74
1968.39
1849.55
449.675
1320.86
1120.37
1283.33
1819.27
932.604
1369.4
880.017
301.085
287.952
381.478
287.927
1080.14
1356.47
1930.42
1778.79
1103.26
1754.51
1360.95
786.174
1531.84
746.29
1301.87
854.437
1488.96
656.909
3086.91
3005.78
2969.55
2610.86
2207.25
2583.84
590.859
702.359
1207.01
1200.56
609.067
686.449
1164.45
630.864
1205.7
840.779
1209.14
731.643
1166.78
742.364
1980.21
1898.94
1907.88
1862.62
1871.26
1873.78
1052.9
970.842
1283.16
1391.98
898.603
1118.52
1370.8
1243.28
1413.42
1412.38
1336.23
1303.79
1420.04
1395.54
1859.08
1705.95
1782.54
1425.17
1098.58
1544.86
926.521
1288.48
1004.99
362.416
1343.92
803.737
445.608
369.624
289.386
288.583
287.988
326.151
291.556
289.417
488.835
290.222
294.041
287.971
287.928
288.042
776.318
1311.78
3138.46
2808.57
364.182
273.942
1155.8
480.981
1905.42
864.395
287.932
617.205
1290.01
288.035
1729.6
505.016
287.926
1346.89
982.076
315.279
287.929
1197.68
1945.42
2091.34
305.141
790.299
1403.17
1495.92
2083.54
2152.37
1853.52
1189.82
1794.45
1412.49
330.733
1180.95
289.032
3003.63
2159.53
1561.2
1144.44
1154.52
288.753
287.947
736.232
1300.54
1361.79
320.957
758.018
1306.97
1324.29
1334.41
1228.76
296.898
1187.79
1283.32
1155.95
291.219
288.169
432.583
288.018
1273.69
1783.62
1132.97
288.121
698.287
288
287.928
1114.26
1363.08
1294.6
1216.8
1476.76
1180.03
374.97
960.206
1048.1
288.788
1390.55
288.442
293.899
287.926
287.95
287.926
287.926
952.454
692.272
289.838
287.945
288.042
287.926
287.926
1293.69
689.133
290.517
289.03
287.946
287.934
287.926
287.926
288.086
287.926
287.926
287.926
287.926
287.926
287.982
287.926
287.926
287.926
287.926
287.926
3131.34
3016.39
2996.66
2489.03
2541.95
2143.68
302.212
1779.72
1842.09
1723.43
417.923
829.414
399.148
287.931
287.926
1571.09
1570.42
1354.13
303.196
328.036
289.879
287.926
287.926
287.926
293.273
288.544
288.045
287.926
287.926
287.926
1221.39
1355.84
1970.86
1811.93
1147.57
1866.8
1373.85
1335.9
1552.44
2023.53
2006.5
1506.71
1941.52
1432.48
1110.56
1597.29
888.271
1469.04
967.145
1676.07
1050.64
1286.74
1773.44
1409.7
1500.72
1491.79
1743.4
1232.25
1914.98
1731.1
2164.15
2044.38
1718.25
2025.42
1934.44
2026.74
2117.5
2098.29
1523.01
1974.96
1908.26
2086.35
1780.63
1762.45
1520.69
1183.04
1676.34
1672.19
1495.57
1751.53
824.525
805.734
741.093
1476.59
1400.42
1266.71
1896.53
740.752
1569.82
323.215
338.633
868.874
3094.86
2796.06
2932.24
2597.64
2043.68
2532.33
2186.3
1848.24
2401.78
1986.34
665.782
1527.91
1866.95
633.046
1392.93
313.038
314.645
721.153
288.489
993.505
852.98
1362.2
1263.24
1020
833.164
1326.63
1163.62
1344.78
1386.1
1332.09
1192.37
1313.39
1355.2
1017.01
1266.6
957.088
1354.07
870.566
1325
1087.74
1174.51
1323.73
1355.53
1370.1
1314.51
1351.17
1234.57
1273.94
1410.38
921.238
1200.72
1307.31
1373.27
884.551
944.551
516.026
479.821
295.365
985.432
485.718
453.657
1261.07
1186.02
1383.13
792.036
1367.69
859.627
1239.35
921.585
294.031
403.781
378.147
462.193
431.893
862.215
288.136
298.173
288.135
296.371
287.932
288.099
288.099
291.715
287.928
294.884
287.931
288.018
1573.67
1232.12
1524.05
1806.6
1656.82
1691.24
1204.48
1449.92
1496.27
294.084
288.096
293.113
795.18
340.789
380.46
288.066
290.139
292.132
287.93
287.926
287.926
1335.26
1069.21
1391.02
1410.38
1196.44
1218.79
1406.37
1421.63
1408.68
1383.49
1155
1326.58
1429.91
1340.77
1434.42
1388.19
1415.63
983.146
1379.78
1313.99
1364.2
1429.71
800.338
887.428
681.364
1295.69
1135.41
1202.14
903.377
1383
621.082
782.198
1149.47
1281.39
379.17
431.201
325.334
315.506
288.035
699.209
293.072
291.626
508.25
414.402
484.225
288.19
962.165
294.813
300.59
299.546
287.933
287.939
287.936
288.25
288.164
288.362
287.929
288.919
287.926
287.929
288.051
287.926
287.926
287.926
287.926
287.926
287.934
287.926
287.926
1318.84
622.733
1037.59
1232.27
438.047
953.019
332.591
310.303
591.41
288.503
287.928
287.999
290.787
287.931
288.056
287.926
287.926
287.931
287.926
287.926
287.926
422.373
1179.16
459.697
310.832
984.219
624.634
292.725
310.733
386.237
316.536
287.982
692.457
290.142
288.549
290.748
288.352
288.136
287.927
300.677
288.014
287.973
288.336
287.927
287.926
287.926
287.966
287.938
287.933
287.933
295.164
287.933
287.93
288.254
288.072
287.926
287.926
287.926
287.926
287.926
287.938
287.926
287.926
287.926
287.926
287.926
287.926
287.929
287.926
287.926
287.926
287.926
287.926
287.926
287.926
287.926
287.926
288.573
287.927
287.941
287.939
287.926
287.928
287.926
287.926
287.926
287.926
287.926
287.926
287.926
287.926
287.926
287.926
287.926
287.926
314.779
270.683
169.269
370.639
501.003
418.218
278.429
179.973
155.302
156.348
333.634
330.919
249.748
250.353
166.763
280.91
204.151
525.495
389.547
281.535
391.196
1157.54
1139.91
692.913
845.087
1213.7
811.706
1209.05
270.917
477.395
474.396
516.056
517.657
748.421
763.272
412.934
579.187
509.416
556.528
643.556
832.742
790.764
1247.99
986.108
1220.23
1310.31
450.092
1366.56
556.435
330.241
686.186
725.962
917.957
840.603
599.987
571.877
437.285
527.7
708.046
578.27
789.91
645.897
879.016
1173.72
1184.01
847.864
902.018
1218.44
987.021
1227.92
757.886
980.557
1025.44
1001.11
1198.57
1227.38
997.019
720.577
958.164
945.64
1164.31
930.165
974.283
1135.33
823.615
863.087
1014.81
1140.65
799.914
992.621
955.145
1009.08
966.641
946.773
844.003
1202.69
1142.49
1031.45
1056.37
1118.85
975.115
1114.96
1180.03
1266.19
1321.29
942.477
1232.88
1098.06
1338.24
1063.82
1243.95
1261.56
914.213
1099.51
1314.25
1036.82
1061.14
845.329
1258.93
1389.09
1346.31
1345.23
1125.86
1427.07
1314.36
1315.04
1292.63
956.104
1305.47
1264.33
1140.54
1097.01
1425.42
1005.12
1201.2
1384.21
1328.06
1336.38
1128.57
1439.42
1678.94
1211.26
1408.01
1407.18
1452.81
1462.69
1536.94
1382.03
1130.18
1351.55
1356.64
1309.83
1313.99
1401.33
1068.01
1196.06
1339.11
1358.5
1411.05
1272.36
1381.49
1693.83
1457.58
1479.02
1219.77
1428.91
1446.8
1691.66
287.926
288.274
287.926
287.926
287.93
287.926
287.927
287.926
287.926
287.926
287.928
287.926
287.926
288.483
287.926
287.926
287.926
287.934
287.937
287.947
287.926
287.926
287.926
287.931
287.926
287.926
287.926
287.932
287.926
287.926
287.93
287.926
287.926
287.926
287.926
287.926
287.928
287.926
287.926
287.926
287.926
287.926
287.926
287.926
287.926
287.926
287.926
287.926
287.926
287.926
287.926
287.926
287.926
290.074
293.926
287.926
1885.93
1206.48
1715.24
527.591
1155.58
291.057
1105.44
287.928
410.855
298.025
287.926
287.926
287.926
288.503
1345.94
287.928
289.417
288.137
292.732
288.069
1331.37
1215.39
1406.04
1279.8
1286.92
1396.02
1370.68
1398.96
1308.46
1415.01
1361.84
1398.06
1411.07
1305.96
1344.02
1331.99
1289.01
1237.91
1384.25
1382.64
1136.25
1163.98
1391.18
1319.6
1330.21
1424.22
1431.28
1411.8
1338.47
1417.31
1419.96
1419.38
1411.24
1471.26
1462.48
1435.87
1428.61
1437.92
1326.3
1281.64
1473.59
1441.67
1252.9
888.156
1222.76
1308.97
1412.59
1275.51
1376.27
1388.9
1094.59
1401.94
893.657
1430.48
1345.16
1264.32
1768.24
1523.41
1292.18
1794.31
1542.58
1679.17
1523.1
1006.64
1295.75
1295.43
1432.01
1333.93
1391.47
962.802
1337.87
1382.87
1417.19
1364.94
1436.85
1406.39
1192.68
2095.41
2018.24
1928.1
1938.27
1919.01
1733.13
1722.58
1760.18
1193.62
1441.88
1783.25
1680.38
1497.25
1523.24
1206.24
1170.9
793.531
1262.38
1370.55
1385.74
1240.25
1924.14
1914.92
2031.42
1914.65
1678.98
1684.98
1923.71
692.191
1227.32
1340.28
981.085
1184.89
1349.1
955.95
1266.02
1283.03
1403
883.292
1382.46
939.623
1265.83
2015.24
1942.98
1827.52
2078.56
1912.73
2061.16
1945.71
1692.77
1346.47
1459.25
1442.37
1624.44
870.282
1186.45
1331.27
1127.68
1300.92
658.834
995.627
631.716
967.313
1275.42
1048.27
856.243
1291.15
596.847
936.943
510.656
287.926
287.926
287.926
287.926
287.926
287.926
287.926
287.926
287.926
287.926
287.926
287.926
287.926
287.926
287.926
287.926
287.926
287.926
287.926
287.926
287.926
287.926
287.926
287.926
287.926
287.926
287.926
287.926
287.926
287.926
287.926
287.926
287.926
287.926
287.926
287.926
287.926
287.926
287.926
287.926
287.926
287.926
287.926
287.926
287.926
287.926
287.926
287.926
287.926
287.926
287.926
287.926
287.926
287.926
287.926
287.926
287.926
287.926
287.926
287.926
287.926
287.926
287.926
287.926
287.926
287.926
287.926
287.926
287.926
287.926
287.926
287.926
287.926
287.926
287.926
287.926
287.926
287.926
287.926
287.944
287.926
287.926
287.926
287.926
287.926
287.926
287.926
287.926
287.926
287.926
287.926
287.926
287.926
287.926
287.926
287.926
287.926
287.926
287.926
287.926
287.926
287.926
287.926
287.926
287.926
287.926
287.926
287.926
287.926
287.926
287.926
287.926
287.926
287.926
287.926
287.926
287.926
287.926
287.926
287.926
287.926
287.926
287.926
287.926
287.926
287.926
287.926
287.926
287.926
287.926
287.926
287.926
287.926
287.926
287.926
287.926
287.926
287.926
287.926
287.926
287.926
287.926
287.926
287.926
287.926
287.926
287.926
287.926
287.926
287.926
287.926
287.926
287.926
287.926
287.926
287.926
287.926
287.926
287.926
287.926
287.926
287.926
287.926
287.926
287.926
287.926
287.926
287.926
287.926
287.926
287.926
287.926
287.926
287.926
287.926
287.926
287.926
287.926
287.926
287.926
287.926
287.926
287.926
287.926
287.926
287.926
287.926
287.926
287.926
287.926
287.926
287.926
287.926
287.926
287.926
287.926
287.926
287.926
287.926
287.926
287.926
287.926
287.926
287.926
287.926
287.926
287.926
287.926
287.926
287.926
287.926
287.926
287.926
287.926
287.926
287.926
287.926
287.926
287.926
287.926
287.926
287.926
287.926
287.926
287.926
287.926
287.926
287.926
287.926
287.926
287.926
287.926
287.926
287.926
287.926
287.926
287.926
287.926
287.926
287.926
287.926
287.926
287.926
287.926
287.926
287.926
287.926
287.926
287.926
287.926
287.926
287.926
287.926
287.926
287.926
287.926
287.926
287.926
287.926
287.926
287.926
287.926
287.926
287.926
287.926
287.926
287.926
287.926
287.926
287.926
287.926
287.926
287.926
287.926
287.926
287.926
287.926
287.926
287.926
287.926
287.926
287.926
287.926
287.926
287.926
287.926
287.926
287.926
287.926
287.926
287.926
287.926
287.926
287.926
287.926
287.926
287.926
287.926
287.926
287.926
287.926
287.926
287.926
287.926
287.926
287.926
287.926
287.926
287.926
287.926
287.926
287.926
287.926
287.926
287.926
287.926
287.926
287.926
287.926
287.926
287.926
287.926
287.926
287.926
287.926
287.926
287.926
287.926
287.926
287.926
287.926
287.926
287.926
287.926
287.926
287.926
287.926
287.926
287.926
287.926
287.926
287.926
287.926
287.926
287.926
287.926
287.926
287.926
287.926
287.926
287.926
287.926
287.926
287.926
287.926
287.926
287.926
287.926
287.926
287.926
287.926
287.926
287.926
287.926
287.926
287.926
287.926
287.926
287.926
287.926
287.926
287.926
287.926
287.926
287.926
287.926
287.926
287.926
287.926
287.926
287.926
287.926
287.926
287.926
287.926
287.926
287.926
287.926
287.926
287.926
287.926
287.926
287.926
287.926
287.926
287.926
287.926
287.926
287.926
287.926
287.926
287.926
287.926
287.926
287.926
287.926
287.926
287.926
287.926
287.926
287.926
287.926
287.926
287.926
287.926
287.926
287.926
287.926
287.926
287.926
287.926
287.926
287.926
287.926
287.926
287.926
287.926
287.926
287.926
287.926
287.926
287.926
287.926
287.926
287.926
287.926
287.926
287.926
287.926
287.926
287.926
287.926
287.926
287.926
287.926
287.926
287.926
287.926
287.926
287.926
287.926
287.926
287.926
287.926
287.926
287.926
287.926
287.926
287.926
287.926
287.926
287.926
287.926
287.926
287.926
287.926
287.926
287.926
287.926
287.926
287.926
287.926
287.926
287.926
287.926
287.926
287.926
287.926
287.926
287.926
287.926
287.926
287.926
287.926
287.926
287.926
287.926
287.926
287.926
287.926
287.926
287.926
287.926
287.926
287.926
287.926
287.926
287.926
287.926
287.926
287.926
287.926
287.926
287.926
287.926
287.926
287.926
287.926
287.926
287.926
287.926
287.926
287.926
287.926
287.926
287.926
287.926
287.926
287.926
287.926
287.926
287.926
287.926
287.926
287.926
287.926
287.926
287.926
287.926
287.926
287.926
287.926
287.926
287.926
287.926
287.926
287.926
287.926
287.926
287.926
287.926
287.926
287.926
287.926
287.926
287.926
287.926
287.926
287.926
287.926
287.926
287.926
287.926
287.926
287.926
287.926
287.926
287.926
287.926
287.926
287.926
287.926
287.926
287.926
287.926
287.926
287.926
287.926
287.926
287.926
287.926
287.926
287.926
287.926
287.926
287.926
287.926
287.926
287.926
287.926
287.926
287.926
287.926
287.926
287.926
287.926
287.926
287.926
287.926
287.926
287.926
287.926
287.926
287.926
287.926
287.926
287.926
287.926
287.926
287.926
287.926
287.926
287.926
287.926
287.926
287.926
287.926
287.926
287.926
287.926
287.926
287.926
287.926
287.926
287.926
287.926
287.926
287.926
287.926
287.926
287.926
287.926
287.926
287.926
287.926
287.926
287.926
287.926
287.926
287.926
287.926
287.926
287.926
287.926
287.926
287.926
287.926
287.926
287.926
287.926
287.926
287.926
287.926
287.926
287.926
287.926
287.926
287.926
287.926
287.926
287.926
287.926
287.926
287.926
287.926
287.926
287.926
287.926
287.926
287.926
287.926
287.926
287.926
287.926
287.926
287.926
287.926
287.926
287.926
287.926
287.926
287.926
287.926
287.926
287.926
287.926
287.926
287.926
287.926
287.926
287.926
287.926
287.926
287.926
287.926
287.926
287.926
287.926
287.926
287.926
287.926
287.926
287.926
287.926
287.926
287.926
287.926
287.926
287.926
287.926
287.926
287.926
287.926
287.926
287.926
287.926
287.926
287.926
287.926
287.926
287.926
287.926
287.926
287.926
287.926
287.926
287.926
287.926
287.926
287.926
287.926
287.926
287.926
287.926
287.926
287.926
287.926
287.926
287.926
287.926
287.926
287.926
287.926
287.926
287.926
287.926
287.926
287.926
287.926
287.926
287.926
287.926
287.926
287.926
287.926
287.926
287.926
287.926
287.926
287.926
287.926
287.926
287.926
287.926
287.926
287.926
287.926
287.926
287.926
287.926
287.926
287.926
287.926
287.926
287.926
287.926
287.926
287.926
287.926
287.926
287.926
287.926
287.926
287.926
287.926
287.926
287.926
287.926
287.926
287.926
287.926
287.926
287.926
287.926
287.926
287.926
287.926
287.926
287.926
287.926
287.926
287.926
287.926
287.926
287.926
287.926
287.926
287.926
287.926
287.926
287.926
287.926
287.926
287.926
287.926
287.926
287.926
287.926
287.926
287.926
287.926
287.926
287.926
287.926
287.926
287.926
287.926
287.926
287.926
287.926
287.926
287.926
287.926
287.926
287.926
287.926
287.926
287.926
287.926
287.926
287.926
287.926
287.926
287.926
287.926
287.926
287.926
287.926
287.926
287.926
287.926
287.926
287.926
287.926
287.926
287.926
287.926
287.926
287.926
287.926
287.926
287.926
287.926
287.926
287.926
287.926
287.926
287.926
287.926
287.926
287.926
287.926
287.926
287.926
287.926
287.926
287.926
287.926
287.926
287.926
287.926
287.926
287.926
287.926
287.926
287.926
287.926
287.926
287.926
287.926
287.926
287.926
287.926
287.926
287.926
287.926
287.926
287.926
287.926
287.926
287.926
287.926
287.926
287.926
287.926
287.926
287.926
287.926
287.926
287.926
287.926
287.926
287.926
287.926
287.926
287.926
287.926
287.926
287.926
287.926
287.926
287.926
287.926
287.926
287.926
287.926
287.926
287.926
287.926
287.926
287.926
287.926
287.926
287.926
287.926
287.926
287.926
287.926
287.926
287.926
287.926
287.926
287.926
287.926
287.926
287.926
287.926
287.926
287.926
287.926
287.926
287.926
287.926
287.926
287.926
287.926
287.926
287.926
287.926
287.926
287.926
287.926
287.926
287.926
287.926
287.926
287.926
287.926
287.926
287.926
287.926
287.926
287.926
287.926
287.926
287.926
287.926
287.926
287.926
287.926
287.926
287.926
287.926
287.926
287.926
287.926
287.926
287.926
287.926
287.926
287.926
287.926
287.926
287.926
287.926
287.926
287.926
287.926
287.926
287.926
287.926
287.926
287.926
287.926
287.926
287.926
287.926
287.926
287.926
287.926
287.926
287.926
287.926
287.926
287.926
287.926
287.926
287.926
287.926
287.926
287.926
287.926
287.926
287.926
287.926
287.926
287.926
287.926
287.926
287.926
287.926
287.926
287.926
287.926
287.926
287.926
287.926
287.926
287.926
287.926
287.926
287.926
287.926
287.926
287.926
287.926
287.926
287.926
287.926
287.926
287.926
287.926
287.926
287.926
287.926
287.926
287.926
287.926
287.926
287.926
287.926
287.926
287.926
287.926
287.926
287.926
287.926
287.926
287.926
287.926
287.926
287.926
287.926
287.926
287.926
287.926
287.926
287.926
287.926
287.926
287.926
287.926
287.926
287.926
287.926
287.926
287.926
287.926
287.926
287.926
287.926
287.926
287.926
287.926
287.926
287.926
287.926
287.926
287.926
287.926
287.926
287.926
287.926
287.926
287.926
287.926
287.926
287.926
287.926
287.926
287.926
287.926
287.926
287.926
287.926
287.926
287.926
287.926
287.926
287.926
287.926
287.926
287.926
287.926
287.926
287.926
287.926
287.926
287.926
287.926
287.926
287.926
287.926
287.926
287.926
287.926
287.926
287.926
287.926
287.926
287.926
287.926
287.926
287.926
287.926
287.926
287.926
287.926
287.926
287.926
287.926
287.926
287.926
287.926
287.926
287.926
287.926
287.926
287.926
287.926
287.926
287.926
287.926
287.926
287.926
287.926
287.926
287.926
287.926
287.926
287.926
287.926
287.926
287.926
287.926
287.926
287.926
287.926
287.926
287.926
287.926
287.926
287.926
287.926
287.926
287.926
287.926
287.926
287.926
287.926
287.926
287.926
287.926
287.926
287.926
287.926
287.926
287.926
287.926
287.926
287.926
287.926
287.926
287.926
287.926
287.926
287.926
287.926
287.926
287.926
287.926
287.926
287.926
287.926
287.926
287.926
287.926
287.926
287.926
287.926
287.926
287.926
287.926
287.926
287.926
287.926
287.926
287.926
287.926
287.926
287.926
287.926
287.926
287.926
287.926
287.926
287.926
287.926
287.926
287.926
287.926
287.926
287.926
287.926
287.926
287.926
287.926
287.926
287.926
287.926
287.926
287.926
287.926
287.926
287.926
287.926
287.926
287.926
287.926
287.926
287.926
287.926
287.926
287.926
287.926
287.926
287.926
287.926
287.926
287.926
287.926
287.926
287.926
287.926
287.926
287.926
287.926
287.926
287.926
287.926
287.926
287.926
287.926
287.926
287.926
287.926
287.926
287.926
287.926
287.926
287.926
287.926
287.926
287.926
287.926
287.926
287.926
287.926
287.926
287.926
287.926
287.926
287.926
287.926
287.926
287.926
287.926
287.926
287.926
287.926
287.926
287.926
287.926
287.926
287.926
287.926
287.926
287.926
287.926
287.926
287.926
287.926
287.926
287.926
287.926
287.926
287.926
287.926
287.926
287.926
287.926
287.926
287.926
287.926
287.926
287.926
287.926
287.926
287.926
287.926
287.926
287.926
287.926
287.926
287.926
287.926
287.926
287.926
287.926
287.926
287.926
287.926
287.926
287.926
287.926
287.926
287.926
287.926
287.926
287.926
287.926
287.926
287.926
287.926
287.926
287.926
287.926
287.926
287.926
287.926
287.926
287.926
287.926
287.926
287.926
287.926
287.926
287.926
287.926
287.926
287.926
287.926
287.926
287.926
287.926
287.926
287.926
287.926
287.926
287.926
287.926
287.926
287.926
287.926
287.926
287.926
287.926
287.926
287.926
287.926
287.926
287.926
287.926
287.926
287.926
287.926
287.926
287.926
287.926
287.926
287.926
287.926
287.926
287.926
287.926
287.926
287.926
287.926
287.926
287.926
287.926
287.926
287.926
287.926
287.926
287.926
287.926
287.926
287.926
287.926
287.926
287.926
287.926
287.926
287.926
287.926
287.926
287.926
287.926
287.926
287.926
287.926
287.926
287.926
287.926
287.926
287.926
287.926
287.926
287.926
287.926
287.926
287.926
287.926
287.926
287.926
287.926
287.926
287.926
287.926
287.926
287.926
287.926
287.926
287.926
287.926
287.926
287.926
287.926
287.926
287.926
287.926
287.926
287.926
287.926
287.926
287.926
287.926
287.926
287.926
287.926
287.926
287.926
287.926
287.926
287.926
287.926
287.926
287.926
287.926
287.926
287.926
287.926
287.926
287.926
287.926
287.926
287.926
287.926
287.926
287.926
287.926
287.926
287.926
287.926
287.926
287.926
287.926
287.926
287.926
287.926
287.926
287.926
287.926
287.926
287.926
287.926
287.926
287.926
287.926
287.926
287.926
287.926
287.926
287.926
287.926
287.926
287.926
287.926
287.926
287.926
287.926
287.926
287.926
287.926
287.926
287.926
287.926
287.926
287.926
287.926
287.926
287.926
287.926
287.926
287.926
287.926
287.926
287.926
287.926
287.926
287.926
287.926
287.926
287.926
287.926
287.926
287.926
287.926
287.926
287.926
287.926
287.926
287.926
287.926
287.926
287.926
287.926
287.926
287.926
287.926
287.926
287.926
287.926
287.926
287.926
287.926
287.926
287.926
287.926
287.926
287.926
287.926
287.926
287.926
287.926
287.926
287.926
287.926
287.926
287.926
287.926
287.926
287.926
287.926
287.926
287.926
287.926
287.926
287.926
287.926
287.926
287.926
287.926
287.926
287.926
287.926
287.926
287.926
287.926
287.926
287.926
287.926
287.926
287.926
287.926
287.926
287.926
287.926
287.926
287.926
287.926
287.926
287.926
287.926
287.926
287.926
287.926
287.926
287.926
287.926
287.926
287.926
287.926
287.926
287.926
287.926
287.926
287.926
287.926
287.926
287.926
287.926
287.926
287.926
287.926
287.926
287.926
287.926
287.926
287.926
287.926
287.926
287.926
287.926
287.926
287.926
287.926
287.926
287.926
287.926
287.926
287.926
287.926
287.926
287.926
287.926
287.926
287.926
287.926
287.926
287.926
287.926
287.926
287.926
287.926
287.926
287.926
287.926
287.926
287.926
287.926
287.926
287.926
287.926
287.926
287.926
287.926
287.926
287.926
287.926
287.926
287.926
287.926
287.926
287.926
287.926
287.926
287.926
287.926
287.926
287.926
287.926
287.926
287.926
287.926
287.926
287.926
287.926
287.926
287.926
287.926
287.926
287.926
287.926
287.926
287.926
287.926
287.926
287.926
287.926
287.926
287.926
287.926
287.926
287.926
287.926
287.926
287.926
287.926
287.926
287.926
287.926
287.926
287.926
287.926
287.926
287.926
287.926
287.926
287.926
287.926
287.926
287.926
287.926
287.926
287.926
287.926
287.926
287.926
287.926
287.926
287.926
287.926
287.926
287.926
287.926
287.926
287.926
287.926
287.926
287.926
287.926
287.926
287.926
287.926
287.926
287.926
287.926
287.926
287.926
287.926
287.926
287.926
287.926
287.926
287.926
287.926
287.926
287.926
287.926
287.926
287.926
287.926
287.926
287.926
287.926
287.926
287.926
287.926
287.926
287.926
287.926
287.926
287.926
287.926
287.926
287.926
287.926
287.926
287.926
287.926
287.926
287.926
287.926
287.926
287.926
287.926
287.926
287.926
287.926
287.926
287.926
287.926
287.926
287.926
287.926
287.926
287.926
287.926
287.926
287.926
287.926
287.926
287.926
287.926
287.926
287.926
287.926
287.926
287.926
287.926
287.926
287.926
287.926
287.926
287.926
287.926
287.926
287.926
287.926
287.926
287.926
287.926
287.926
287.926
287.926
287.926
287.926
287.926
287.926
287.926
287.926
287.926
287.926
287.926
287.926
287.926
287.926
287.926
287.926
287.926
287.926
287.926
287.926
287.926
287.926
287.926
287.926
287.926
287.926
287.926
287.926
287.926
287.926
287.926
287.926
287.926
287.926
287.926
287.926
287.926
287.926
287.926
287.926
287.926
287.926
287.926
287.926
287.926
287.926
287.926
287.926
287.926
287.926
287.926
287.926
287.926
287.926
287.926
287.926
287.926
287.926
287.926
287.926
287.926
287.926
287.926
287.926
287.926
287.926
287.926
287.926
287.926
287.926
287.926
287.926
287.926
287.926
287.926
287.926
287.926
287.926
287.926
287.926
287.926
287.926
287.926
287.926
287.926
287.926
287.926
287.926
287.926
287.926
287.926
287.926
287.926
287.926
287.926
287.926
287.926
287.926
287.926
287.926
287.926
287.926
287.926
287.926
287.926
287.926
287.926
287.926
287.926
287.926
287.926
287.926
287.926
287.926
287.926
287.926
287.926
287.926
287.926
287.926
287.926
287.926
287.926
287.926
287.926
287.926
287.926
287.926
287.926
287.926
287.926
287.926
287.926
287.926
287.926
287.926
287.926
287.926
287.926
287.926
287.926
287.926
287.926
287.926
287.926
287.926
287.926
287.926
287.926
287.926
287.926
287.926
287.926
287.926
287.926
287.926
287.926
287.926
287.926
287.926
287.926
287.926
287.926
287.926
287.926
287.926
287.926
287.926
287.926
287.926
287.926
287.926
287.926
287.926
287.926
287.926
287.926
287.926
287.926
287.926
287.926
287.926
287.926
287.926
287.926
287.926
287.926
287.926
287.926
287.926
287.926
287.926
287.926
287.926
287.926
287.926
287.926
287.926
287.926
287.926
287.926
287.926
287.926
287.926
287.926
287.926
287.926
287.926
287.926
287.926
287.926
287.926
287.926
287.926
287.926
287.926
287.926
287.926
287.926
287.926
287.926
287.926
287.926
287.926
287.926
287.926
287.926
287.926
287.926
287.926
287.926
287.926
287.926
287.926
287.926
287.926
287.926
287.926
287.926
287.926
287.926
287.926
287.926
287.926
287.926
287.926
287.926
287.926
287.926
287.926
287.926
287.926
287.926
287.926
287.926
287.926
287.926
287.926
287.926
287.926
287.926
287.926
287.926
287.926
287.926
287.926
287.926
287.926
287.926
287.926
287.926
287.926
287.926
287.926
287.926
287.926
287.926
287.926
287.926
287.926
287.926
287.926
287.926
287.926
287.926
287.926
287.926
287.926
287.926
287.926
287.926
287.926
287.926
287.926
287.926
287.926
287.926
287.926
287.926
287.926
287.926
287.926
287.926
287.926
287.926
287.926
287.926
287.926
287.926
287.926
287.926
287.926
287.926
287.926
287.926
287.926
287.926
287.926
287.926
287.926
287.926
287.926
287.926
287.926
287.926
287.926
287.926
287.926
287.926
287.926
287.926
287.926
287.926
287.926
287.926
287.926
287.926
287.926
287.926
287.926
287.926
287.926
287.926
287.926
287.926
287.926
287.926
287.926
287.926
287.926
287.926
287.926
287.926
287.926
287.926
287.926
287.926
287.926
287.926
287.926
287.926
287.926
287.926
287.926
287.926
287.926
287.926
287.926
287.926
287.926
287.926
287.926
287.926
287.926
287.926
287.926
287.926
287.926
287.926
287.926
287.926
287.926
287.926
287.926
287.926
287.926
287.926
287.926
287.926
287.926
287.926
287.926
287.926
287.926
287.926
287.926
287.926
287.926
287.926
287.926
287.926
287.926
287.926
287.926
287.926
287.926
287.926
287.926
287.926
287.926
287.926
287.926
287.926
287.926
287.926
287.926
287.926
287.926
287.926
287.926
287.926
287.926
287.926
287.926
287.926
287.926
287.926
287.926
287.926
287.926
287.926
287.926
287.926
287.926
287.926
287.926
287.926
287.926
287.926
287.926
287.926
287.926
287.926
287.926
287.926
287.926
287.926
287.926
287.926
287.926
287.926
287.926
287.926
287.926
287.926
287.926
287.926
287.926
287.926
287.926
287.926
287.926
287.926
287.926
287.926
287.926
287.926
287.926
287.926
287.926
287.926
287.926
287.926
287.926
287.926
287.926
287.926
287.926
287.926
287.926
287.926
287.926
287.926
287.926
287.926
287.926
287.926
287.926
287.926
287.926
287.926
287.926
287.926
287.926
287.926
287.926
287.926
287.926
287.926
287.926
287.926
287.926
287.926
287.926
287.926
287.926
287.926
287.926
287.926
287.926
287.926
287.926
287.926
287.926
287.926
287.926
287.926
287.926
287.926
287.926
287.926
287.926
287.926
287.926
287.926
287.926
287.926
287.926
287.926
287.926
287.926
287.926
287.926
287.926
287.926
287.926
287.926
287.926
287.926
287.926
287.926
287.926
287.926
287.926
287.926
287.926
287.926
287.926
287.926
287.926
287.926
287.926
287.926
287.926
287.926
287.926
287.926
287.926
287.926
287.926
287.926
287.926
287.926
287.926
287.926
287.926
287.926
287.926
287.926
287.926
287.926
287.926
287.926
287.926
287.926
287.926
287.926
287.926
287.926
287.926
287.926
287.926
287.926
287.926
287.926
287.926
287.926
287.926
287.926
287.926
287.926
287.926
287.926
287.926
287.926
287.926
287.926
287.926
287.926
287.926
287.926
287.926
287.926
287.926
287.926
287.926
287.926
287.926
287.926
287.926
287.926
287.926
287.926
287.926
287.926
287.926
287.926
287.926
287.926
287.926
287.926
287.926
287.926
287.926
287.926
287.926
287.926
287.926
287.926
287.926
287.926
287.926
287.926
287.926
287.926
287.926
287.926
287.926
287.926
287.926
287.926
287.926
287.926
287.926
287.926
287.926
287.926
287.926
287.926
287.926
287.926
287.926
287.926
287.926
287.926
287.926
287.926
287.926
287.926
287.926
287.926
287.926
287.926
287.926
287.926
287.926
287.926
287.926
287.926
287.926
287.926
287.926
287.926
287.926
287.926
287.926
287.926
287.926
287.926
287.926
287.926
287.926
287.926
287.926
287.926
287.926
287.926
287.926
287.926
287.926
287.926
287.926
287.926
287.926
287.926
287.926
287.926
287.926
287.926
287.926
287.926
287.926
287.926
287.926
287.926
287.926
287.926
287.926
287.926
287.926
287.926
287.926
287.926
287.926
287.926
287.926
287.926
287.926
287.926
287.926
287.926
287.926
287.926
287.926
287.926
287.926
287.926
287.926
287.926
287.926
287.926
287.926
287.926
287.926
287.926
287.926
287.926
287.926
287.926
287.926
287.926
287.926
287.926
287.926
287.926
287.926
287.926
287.926
287.926
287.926
287.926
287.926
287.926
287.926
287.926
287.926
287.926
287.926
287.926
287.926
287.926
287.926
287.926
287.926
287.926
287.926
287.926
287.926
287.926
287.926
287.926
287.926
287.926
287.926
287.926
287.926
287.926
287.926
287.926
287.926
287.926
287.926
287.926
287.926
287.926
287.926
287.926
287.926
287.926
287.926
287.926
287.926
287.926
287.926
287.926
287.926
287.926
287.926
287.926
287.926
287.926
287.926
287.926
287.926
287.926
287.926
287.926
287.926
287.926
287.926
287.926
287.926
287.926
287.926
287.926
287.926
287.926
287.926
287.926
287.926
287.926
287.926
287.926
287.926
287.926
287.926
287.926
287.926
287.926
287.926
287.926
287.926
287.926
287.926
287.926
287.926
287.926
287.926
287.926
287.926
287.926
287.926
287.926
287.926
287.926
287.926
287.926
287.926
287.926
287.926
287.926
287.926
287.926
287.926
287.926
287.926
287.926
287.926
287.926
287.926
287.926
287.926
287.926
287.926
287.926
287.926
287.926
287.926
287.926
287.926
287.926
287.926
287.926
298.004
287.926
287.928
287.926
287.926
287.926
287.926
287.926
287.926
287.926
287.926
287.926
287.926
287.926
287.926
287.926
287.926
287.926
287.926
287.926
287.926
287.926
287.926
287.926
287.926
287.926
287.926
287.926
287.926
287.926
287.926
287.926
287.926
287.926
287.926
287.926
287.926
287.926
287.926
287.926
287.926
287.926
287.926
287.926
287.926
287.926
287.926
287.926
287.926
287.926
287.926
287.926
287.926
287.926
287.926
287.926
287.926
287.926
287.926
287.926
287.926
287.926
287.926
287.926
287.926
287.926
287.926
287.926
287.926
287.926
287.926
287.926
287.926
287.926
287.926
287.926
287.926
287.926
287.926
287.926
287.926
287.926
287.926
287.926
287.926
287.926
287.926
287.926
287.926
287.926
287.926
287.926
287.926
287.926
287.926
287.926
287.926
287.926
287.926
287.926
287.926
287.926
287.926
287.926
287.926
287.926
287.926
287.926
287.926
287.926
287.926
287.926
287.926
287.926
287.926
287.926
287.926
287.926
287.926
287.926
287.926
287.926
287.926
287.926
287.926
287.926
287.926
287.926
287.926
287.926
287.926
287.926
287.926
287.926
287.926
287.926
287.926
287.926
287.926
287.926
287.926
287.926
287.926
287.926
287.926
287.926
287.926
287.926
287.926
287.926
287.926
287.926
287.926
287.926
287.926
287.926
287.926
287.926
287.926
287.926
287.926
287.926
287.926
287.926
287.926
287.926
287.926
287.926
287.926
287.926
287.926
287.926
287.926
287.926
287.926
287.926
287.926
287.926
287.926
287.926
287.926
287.926
287.926
287.926
287.926
287.926
287.926
287.926
287.926
287.926
287.926
287.926
287.926
287.926
287.926
287.926
287.926
287.926
287.926
287.926
287.926
287.926
287.926
287.926
287.926
287.926
287.926
287.926
287.926
287.926
287.926
287.926
287.926
287.926
287.926
287.926
287.926
287.926
287.926
287.926
287.926
287.926
287.926
287.926
287.926
287.926
287.926
287.926
287.926
287.926
287.926
287.926
287.926
287.926
287.926
287.926
287.926
287.926
287.926
287.926
287.926
287.926
287.926
287.926
287.926
287.926
287.926
287.926
287.926
287.926
287.926
287.926
287.926
287.926
287.926
287.926
287.926
287.926
287.926
287.926
287.926
287.926
287.926
287.926
287.926
287.926
287.926
287.926
287.926
287.926
287.926
287.926
287.926
287.926
287.926
287.926
287.926
287.926
287.926
287.926
287.926
287.926
287.926
287.926
287.926
287.926
287.926
287.926
287.926
287.926
287.926
287.926
287.926
287.926
287.926
287.926
287.926
287.926
287.926
287.926
287.926
287.926
287.926
287.926
287.926
287.926
287.926
287.926
287.926
287.926
287.926
287.926
287.926
287.926
287.926
287.926
287.926
287.926
287.926
287.926
287.926
287.926
287.926
287.926
287.926
287.926
287.926
287.926
287.926
287.926
287.926
287.926
287.926
287.926
287.926
287.926
287.926
287.926
287.926
287.926
287.926
287.926
287.926
287.926
287.926
287.926
287.926
287.926
287.926
287.926
287.926
287.926
287.926
287.926
287.926
287.926
287.926
287.926
287.926
287.926
287.926
287.926
287.926
287.926
287.926
287.926
287.926
287.926
287.926
287.926
287.926
287.926
287.926
287.926
287.926
287.926
287.926
287.926
287.926
287.926
287.926
287.926
287.926
287.926
287.926
287.926
287.926
287.926
287.926
287.926
287.926
287.926
287.926
287.926
287.926
287.926
287.926
287.926
287.926
287.926
287.926
287.926
287.926
287.926
287.926
287.926
287.926
287.926
287.926
287.926
287.926
287.926
287.926
287.926
287.926
287.926
287.926
287.926
287.926
287.926
287.926
287.926
287.926
287.926
287.926
287.926
287.926
287.926
287.926
287.926
2062.3
1424.81
288.489
287.926
746.642
287.969
287.926
287.926
391.183
287.926
287.926
287.926
287.926
287.926
287.926
287.926
287.931
287.926
287.926
287.926
287.926
287.926
287.926
287.926
287.926
287.926
287.926
287.926
287.926
287.926
287.926
287.926
287.926
287.926
287.926
287.926
287.926
287.926
287.926
287.926
287.926
287.926
287.939
287.926
287.926
287.928
287.926
287.926
287.926
287.926
287.926
287.926
287.926
287.926
287.926
287.926
287.926
287.926
287.926
287.926
287.926
287.926
287.926
287.926
287.926
287.926
287.926
287.926
287.926
287.926
287.926
287.926
287.926
287.926
287.926
287.926
287.926
287.926
287.926
287.926
287.926
287.926
287.926
287.926
287.926
287.926
287.926
287.926
287.926
287.926
287.926
287.926
287.926
287.926
287.926
287.926
287.926
287.926
287.926
287.926
287.926
287.926
287.926
287.926
287.926
287.926
287.926
287.926
287.926
287.926
287.926
287.926
287.926
287.926
287.926
287.926
287.926
287.926
287.926
287.926
287.926
287.926
287.926
287.926
287.926
287.926
287.926
287.926
287.926
287.926
287.926
287.926
287.926
287.926
287.926
287.926
287.926
287.926
287.926
287.926
287.926
287.926
287.926
287.926
287.926
287.926
287.926
287.926
287.926
287.926
287.926
287.926
287.926
287.926
287.926
287.926
287.926
287.926
287.926
287.926
287.926
287.926
287.926
287.926
287.926
287.926
287.926
287.926
287.926
287.926
287.926
287.926
287.926
287.926
287.926
287.926
287.926
287.926
287.926
287.926
287.926
287.926
287.926
287.926
287.926
287.926
287.926
287.926
287.926
287.926
287.926
287.926
287.926
287.926
288.142
375.966
287.927
762.27
287.929
292.339
287.926
307.214
287.927
287.986
287.926
301.196
287.927
287.926
288.032
290.471
287.926
287.926
288.103
287.926
287.926
287.926
287.926
287.926
287.926
287.926
287.926
287.926
287.926
287.926
287.926
287.926
287.926
287.926
287.926
287.926
287.926
287.926
287.926
287.926
287.926
287.926
287.926
287.926
287.926
287.926
287.926
287.926
287.926
287.926
287.926
287.926
287.926
287.926
287.926
287.926
287.926
287.926
287.926
287.926
287.926
287.926
287.926
287.926
287.926
287.926
287.926
287.926
287.926
287.926
287.926
287.926
287.926
287.926
287.926
287.926
287.926
287.926
287.926
287.926
287.926
287.926
287.926
287.926
287.926
287.926
287.926
287.926
287.926
287.926
287.926
287.926
287.926
287.926
2044.51
1434.01
1638.67
304.046
712.721
289.173
288.157
1129.77
822.509
1071.19
288.497
287.937
296.887
287.933
703.009
296.44
288.294
287.927
287.926
287.926
292.024
1667.87
1287.79
1366.9
915.229
1405.99
1273.57
758.895
1222.9
1101.45
1196.01
732.934
694.621
553.681
588.684
1918.26
2029.41
1909.35
2073.74
1862.59
1781.68
2026.23
1170.51
1006.24
1120.29
557.704
648.773
512.829
437.484
917.292
765.465
358.245
1009.54
1340.43
1270
871.494
1289.96
926.622
1008.98
880.604
803.85
443.132
361.559
782.622
1053.39
621.603
1281.86
1384.26
903.96
1150.02
375.214
1142.71
800.462
1202.45
1430.84
888.083
1296.01
440.155
1041.66
642.414
755.736
522.306
1122.2
314.36
1189.03
959.99
1417.19
724.829
1188.84
1353.11
451.347
1055.24
1492.56
1086.46
1022.03
1411.26
1378.46
572.082
614.438
1419.83
874.234
761.937
1181.84
1076
355.995
1881.17
2063.51
1919.72
1760.67
1390.97
1637.53
1936.95
709.944
976.741
941.134
319.926
314.115
402.28
427.734
924.318
1573.79
1149.27
363.671
768.566
1066.31
551.894
308.516
985.319
407.777
554.221
845.12
338.643
296.019
673.634
371.885
300.061
971.564
605.917
1199.22
895.445
577.052
668.667
904.207
298.421
307.825
375.783
336.274
1944.68
1534.49
1879.29
2120.02
2089.63
2029.49
1976.3
307.322
292.65
355.066
905.683
492.243
353.232
709.46
307.217
363.426
291.483
434.741
893.278
1130.34
667.033
1633.16
1700.52
1991.03
2095.19
2074.04
1861.75
1986.97
459.308
1179.77
422.723
984.437
688.589
624.841
310.77
743.02
826.221
331.057
1752.76
1476.83
1267.73
806.43
296.98
454.734
295.43
986.887
516.78
945.772
486.313
294.072
291.235
378.547
922.543
862.892
404.049
462.662
329.239
309.774
289.024
379.454
753.597
671.571
340.227
1065.77
299.924
466.13
1281.54
1609.11
621.36
1064.11
348.174
290.624
339.799
416.774
817.804
398.197
783.846
287.926
287.926
287.948
288.111
287.929
287.926
287.926
1808.19
2006.42
1743.14
524.208
1431.77
1006.88
907.359
640.324
308.163
418.635
290.694
288.284
302.412
289.935
438.577
1670.22
1306.4
1107.77
508.679
349.731
1490.24
287.938
287.926
287.929
287.926
287.926
287.926
287.926
304.907
459.821
441.774
288.251
292.294
288.286
291.709
301.761
355.89
713.99
536.845
288.376
293.009
314.554
288.396
316.38
310.806
297.197
288.139
288.105
299.266
288.184
540.976
481.372
412.492
301.033
295.942
293.189
563.542
306.275
563.31
603.324
1082.96
301.732
306.247
342.777
1169.74
608.635
304.237
298.577
436.399
288.838
356.604
294.687
412.664
288.178
289.271
290.761
288.048
288.091
288.262
304.773
294.76
287.989
288.055
291.398
288.191
293.935
414.778
484.898
962.755
508.847
300.645
287.983
316.616
290.534
310.849
693.049
386.733
290.155
291.643
288.791
315.629
431.592
699.773
325.414
293.082
288.664
287.962
289.857
288.21
327.561
499.297
303.003
288.349
287.962
288.75
309.923
289.814
577.345
332.018
288.584
287.988
287.952
369.571
326.171
291.525
289.382
294.114
290.166
287.98
478.309
378.411
293.776
290.146
287.926
287.926
287.926
287.926
287.929
287.938
287.926
291.404
843.004
501.338
826.35
360.709
305.631
1217.72
1539.78
1492.15
1348.01
1235.89
1192.71
1164.26
1316.86
1348.62
1360.18
1384.01
1326.02
1283.48
1413.19
1232.11
1685.3
1431.67
1540.93
1500.89
1502.81
1399.58
1317.47
1767.34
1627.67
1582.31
1796.75
1174.98
1317.96
1358.93
1342.18
1359.08
1326.21
1348.75
296.518
514.809
909.055
1802.51
1418.83
659.315
1098.52
288.375
288.111
291.746
299.526
316.128
469.386
289.143
287.948
289.249
305.48
374.468
288.043
289.167
295.349
288.002
370.047
289.535
319.643
289.369
288.503
287.953
638.018
892.739
1339.33
294.217
289.03
309.895
397.01
287.936
288.521
288.435
290.463
287.983
287.974
291.105
287.929
288.116
288.309
289.774
287.943
287.961
288.847
300.445
287.94
288.379
705.798
314.493
312.856
288.748
287.94
287.929
288.032
288.043
293.162
314.464
288.528
287.934
287.973
287.927
288.014
290.759
300.705
288.353
287.926
287.926
287.926
287.926
287.926
287.926
287.926
306.689
289.575
288.139
287.93
288.262
287.956
287.97
288.047
287.93
288.033
294.061
288.119
293.087
288.094
287.929
288.013
287.971
292.094
288.064
287.999
290.113
287.927
289.06
287.999
287.944
288.233
287.926
287.931
287.926
287.926
287.926
287.926
287.926
287.926
287.926
287.97
290.145
288.382
291.771
451.827
325.496
307.496
288.291
289.384
287.992
287.927
287.952
288.072
287.933
290.422
287.933
287.971
287.943
288.857
288.063
287.928
287.934
287.93
288.087
295.204
288.072
287.933
288.256
287.933
288.165
287.936
287.939
299.582
288.364
288.251
287.936
287.94
288.397
287.936
303.862
288.396
288.238
287.928
287.927
287.963
287.931
290.296
288.059
288.015
287.926
287.977
287.928
288.055
287.931
288.041
290.757
290.234
291.448
288.736
288.044
287.955
287.936
287.968
368.387
288.114
291.81
287.929
287.98
289.009
287.986
289.137
287.98
289.001
287.927
287.927
287.947
287.949
287.926
287.926
287.926
287.938
287.927
288.338
287.966
287.926
287.926
287.927
287.998
287.937
287.945
288.496
287.926
287.939
287.927
287.941
287.927
288.563
287.981
288.029
291.57
308.211
287.927
288.153
287.968
287.933
288.771
288.348
287.948
287.926
287.927
287.943
287.934
287.956
287.929
287.926
288.134
288.092
290.233
287.941
287.926
287.926
287.926
287.926
287.926
287.926
287.926
287.926
287.974
287.932
287.93
288.18
287.961
287.926
287.926
288.151
287.929
287.926
341.478
300.628
320.999
288.042
1692.89
1678.99
1427.34
1382.17
1462.66
1022.53
481.904
287.928
1463.4
1537.05
1406.5
1210.72
1188.79
1407.61
1452.52
1344.66
1389.31
1314.53
1154.84
1125.06
1346.04
1314.1
1313.73
1356.65
1401.54
1129.67
1187.52
1351.48
1309.66
1694.54
1484.36
1453.01
1313.87
1221.07
1458.61
1429.22
1265.58
1026.08
1317.31
1106.95
804.148
1610.04
1821.15
1744.67
1676.71
541.94
959.62
598.725
1307.54
1346.6
1213.77
1167.88
536.978
680.318
671.369
902.094
883.783
973.764
998.548
694.999
578.701
716.64
1027.29
940.963
1107.29
1034.12
1014.21
1266.08
970.734
1185.82
1366.41
1226.31
1374.8
740.555
845.398
728.96
926.613
1006.83
1002.03
1071.07
856.79
836.911
998.349
1251.57
1222.33
1087.43
1115.55
950.91
1055.82
890.75
1297.24
1369.02
1218.94
1151.81
1564.99
1440.33
1422.93
1306.46
1215.48
1377.24
1287.2
875.94
1085.3
1018.92
1285.4
1232.72
1106.11
1171.68
1342.33
1309.47
1301.54
1167.88
1139.32
1204.93
1235.39
1182.48
1278.19
1084.67
1495.05
1417.13
1300.02
1412.4
1733.99
1775.81
1682.73
1414.14
1527.43
1463.16
1558.56
1303.69
1315.89
1325.68
1155.74
1216.76
1217.29
1270.85
1658.45
1363.2
1433.87
1453.24
1602.92
1485.1
1379.86
1317.65
1188.66
1288.41
1365.98
1328.5
1283.73
1318.36
1279.8
1118.7
1261.69
1345.22
1328.44
1289.23
1328.05
1687.71
1991.18
1895.97
1899.78
1813.22
1556.22
1630.09
1420.07
1338.7
1411.44
1289.87
1417.32
1471.3
1419.33
617.13
313.317
448.024
558.263
720.169
296.334
291.366
1378.72
1055.58
572.505
1086.62
1411.34
1492.62
1390.73
288.823
292.336
476.081
298.733
341.445
288.822
288.097
291.976
377.14
300.719
288.134
287.988
289.544
288.47
293.211
288.185
301.07
541.172
295.953
412.764
982.419
287.926
287.926
287.926
289.26
287.926
287.926
287.926
287.926
287.93
287.935
288.408
287.928
288.068
287.981
287.927
289.258
287.928
287.947
296.37
288.739
287.939
288.058
288.042
288.741
287.947
288.058
296.383
287.939
287.928
287.963
287.927
287.926
288.015
287.931
288.059
290.302
287.926
287.926
287.941
287.997
287.927
287.941
287.926
287.926
287.927
287.926
287.932
288.003
287.933
287.995
287.934
287.926
287.941
287.926
287.926
287.929
287.926
288.116
287.934
287.993
287.926
287.929
287.927
287.926
287.967
287.928
287.926
288.837
288.142
287.929
287.937
288.053
287.928
287.972
287.927
287.927
287.926
287.926
287.927
287.926
287.926
287.929
287.926
287.953
287.935
287.926
287.926
287.937
288.071
287.937
287.928
287.926
287.937
287.927
287.926
287.926
287.951
287.926
287.926
287.927
287.926
287.926
287.929
287.927
288.038
287.97
287.933
287.927
287.984
287.926
287.929
287.926
287.926
287.926
287.941
287.929
287.993
287.939
288.182
289.247
287.926
287.926
287.926
287.931
287.951
287.978
287.928
287.939
287.926
287.931
287.926
287.926
287.926
287.928
287.926
287.926
287.929
287.933
287.984
287.927
287.926
288.086
287.926
287.933
287.926
287.926
287.928
287.926
287.927
287.955
287.926
287.936
287.926
287.926
287.926
287.936
287.93
287.929
287.926
287.926
287.926
287.926
287.933
287.927
287.928
287.926
287.926
287.926
287.926
287.926
287.926
287.928
287.926
287.926
287.926
287.926
287.926
287.926
287.926
287.926
287.926
287.928
287.938
287.938
287.926
287.926
287.926
287.926
287.926
287.926
287.926
287.926
287.926
287.926
287.926
287.926
287.926
287.929
287.926
287.926
287.926
287.926
287.926
287.926
287.926
287.951
287.932
287.926
287.926
287.926
287.926
287.926
287.926
287.926
287.926
287.932
287.926
287.927
287.926
287.926
287.926
287.928
287.943
287.926
287.926
287.926
287.926
287.926
287.926
287.926
287.926
287.928
287.926
287.926
287.926
287.926
287.928
287.926
287.926
287.926
287.929
287.926
287.926
287.926
287.926
287.926
287.926
287.926
287.931
287.926
287.926
287.926
287.926
287.926
287.926
287.926
287.926
287.926
287.926
287.929
287.926
287.926
287.926
287.926
287.926
287.926
287.926
287.928
287.926
287.928
287.926
287.926
287.926
287.926
287.926
287.928
287.927
287.926
287.926
287.926
287.926
287.926
287.926
287.926
287.926
287.926
287.94
287.927
287.926
287.926
287.926
287.926
287.931
287.926
287.926
287.926
287.926
287.926
287.928
287.926
287.926
287.926
287.927
287.926
287.926
287.926
287.926
287.926
287.926
287.926
287.926
287.926
287.926
287.926
287.926
287.926
287.926
287.927
287.926
287.926
287.926
287.926
287.926
287.926
287.926
287.926
287.926
287.928
287.926
287.926
287.926
287.926
287.926
287.927
287.927
287.926
287.926
287.926
287.926
287.926
287.926
287.926
287.926
287.926
287.927
287.926
287.926
287.926
287.926
287.926
287.926
287.926
287.926
287.926
287.926
287.926
287.926
287.926
890.529
994.882
545.78
1176.78
130.119
128.757
125.095
448.188
147.851
1159.32
682.831
130.915
330.031
139.354
540.258
148.804
131.509
128.357
158.787
494.732
283.681
178.182
855.579
175.847
889.067
1050.74
134.152
136.174
136.808
131.595
135.72
130.207
128.417
129.903
129.451
139.272
747.623
1396.42
803.823
1323.11
1171.92
525.138
1343.02
1224.1
1233.43
986.706
450.324
149.378
495.777
1163.69
954.357
1033.65
739.946
336.558
516.226
483.902
736.658
597.956
917.377
1141.37
929.21
1111.64
1441.9
1246.76
1022.64
1081.71
1452.17
1182.92
861.188
1307.83
367.33
615.037
1343.33
575.384
288.376
287.972
521.55
638.491
132.436
132.117
126.826
125.922
129.979
133.159
179.904
177.57
141.385
141.082
145.257
175.118
136.979
140.653
136.833
138.283
138.042
142.111
133.07
134.203
468.537
851.779
467.451
866.415
474.076
476.191
872.384
133.223
132.551
135.078
138.436
134.793
131.666
130.808
188.194
1207.08
1226.48
846.013
287.216
1166.27
362.265
180.871
135.73
137.849
176.742
132.459
180.941
134.828
175.186
174.219
136.773
133.012
176.971
175.169
134.142
130.917
132.942
134.215
128.433
128.271
130.202
130.913
134.838
180.985
176.78
180.924
137.867
178.249
135.726
133.428
130.783
134.343
130.277
127.028
130.888
126.839
126.376
770.309
252.71
718.042
420.179
279.003
236.944
130.286
127.007
130.89
130.122
134.347
130.774
133.436
483.604
866.546
473.11
922.275
500.43
483.483
888.861
128.723
129.689
132.36
127.313
129.942
127.342
129.976
130.388
129.747
131.387
128.843
128.678
129.742
129.899
954.415
903.048
491.831
510.705
891.109
486.751
933.961
127.312
127.33
129.95
128.725
129.693
131.607
132.372
486.411
932.846
510.152
491.508
953.322
520.991
902.46
128.021
124.713
128.173
129.411
128.493
125.264
125.627
133.018
184.338
177.931
197.738
136.279
131.255
181.237
197.611
131.254
181.211
177.905
130.91
184.268
133.027
125.262
129.346
125.624
128.025
124.709
128.181
125.088
125.464
138.224
137.1
130.881
131.612
126.38
126.546
126.553
125.443
125.896
131.322
132.093
137.998
139.012
147.407
227.453
192.4
211.567
139.162
188.255
132.531
132.541
132.11
192.307
139.967
211.52
227.253
148.308
129.492
126.738
128.496
133.398
141.976
128.153
127.073
993.38
930.604
505.691
1051.31
586.382
978.165
533.572
141.909
133.341
128.133
127.067
128.501
126.722
128.361
885.318
977.2
1017.88
622.83
516.276
1039.19
1201.78
550.795
1022.78
569.036
1069.57
610.89
637.286
1099.29
127.059
133.078
127.908
146.184
135.629
145.573
165.633
977.892
585.996
533.399
505.42
992.463
545.252
930.133
569.633
1101.51
1023.78
1071.72
612.117
551.238
995.588
127.947
145.075
134.985
165.463
145.503
128.783
127.066
233.516
243.412
160.368
160.259
233.38
135.327
195.04
216.926
147.61
217.61
147.523
127.712
148.73
128.703
130.593
162.154
160.33
238.284
240.667
152.622
151.165
239.24
150.841
152.307
130.48
131.392
160.705
162.284
175.632
266.986
206.898
243.4
363.391
268.919
164.446
267.222
164.073
243
139.224
206.682
266.482
175.724
172.527
427.249
272.266
317.611
397.293
205.472
517.897
157.431
255.014
158.835
358.089
185.935
187.82
359.602
128.096
192.172
141.403
173.619
294.562
180.133
137.388
187.661
249.18
344.777
187.591
158.714
140.724
132.647
720.134
1115.97
645.295
1115.75
1044.49
645.132
580.666
604.085
1140.88
1069.31
1124.4
657.369
1167.35
743.841
152.444
183.75
182.336
225.745
230.834
316.279
419.86
136.259
176.557
224.508
280.176
163.543
196.486
381.283
149.187
196.172
380.531
163.277
136.128
176.408
223.717
743.552
1124.05
656.945
1068.33
603.476
681.767
1138.84
209.474
299.237
170.846
209.058
550.049
416.859
283.84
444.05
724.646
437.042
431.247
706.276
220.921
222.327
445.715
223.002
437.806
221.695
431.852
726.094
707.244
844.516
1202.97
807.307
1143.74
694.794
726.646
1161.99
768.019
524.692
478.39
746.889
469.161
248.46
336.937
337.562
541.527
480.56
469.977
249.406
748.46
768.961
658.898
799.015
578.515
580.101
508.72
415.764
308.09
546.076
541.268
755.509
476.968
473.626
275.675
276.764
479.392
593.491
351.434
610.309
743.539
826.576
256.632
488.757
281.678
505.446
709.272
488.703
283.528
170.271
257.229
351.814
479.788
593.627
826.707
744.074
610.684
190.202
356.796
306.27
516.306
576.158
551.459
757.873
227.949
377.233
677.941
546.977
343.505
637.998
818.702
189.979
305.943
551.294
758.192
336.353
356.304
576.23
821.646
1189.81
921.961
1172.22
810.042
1161.38
725.89
314.343
289.034
1402.24
1294.91
938.667
1178.09
1193.61
810.02
1161.12
726.034
1176.45
821.577
1189.1
921.903
597.031
883.225
795.371
527.686
647.155
322.581
438.479
671.649
592.18
354.084
761.247
452.47
695.344
942.923
848.015
922.95
736.956
573.96
334.85
451.655
687.667
994.872
1213.19
907.373
1187.92
850.383
778.123
1178.46
1037.01
1198.69
1001.62
790.253
1000.87
756.096
979.142
762.941
975.991
750.526
976.576
987.046
1189.42
1205.23
976.723
947.394
1134.86
734.362
719.415
956.619
929.003
725.789
703.219
923.92
954.944
1154.86
924.341
1124.09
900.618
721.589
516.106
762.286
935.806
1075.37
918.344
822.891
937.574
998.979
999.068
937.81
1182.11
1126.1
721.527
747.622
900.591
935.788
762.168
1075.35
918.161
530.457
801.846
952.52
907.257
736.666
1100.58
952.49
865.571
765.625
1028.32
823.394
1148.64
948.428
977.086
941.465
1157.24
1041.37
908.892
1247.35
1037.15
1127.08
1047.95
1186.09
915.326
1223.77
1304.7
1047.86
1210.43
968.931
1142.4
1202.8
757.359
843.929
946.162
1008.81
765.762
1148.69
948.673
865.735
597.984
823.761
1028.56
868.346
996.438
1141.57
800.287
955.323
619.47
824.174
1254.71
1263.06
1107.67
1201.3
945.331
1235.86
1066.11
1112.9
958.822
1005.35
1166.02
1219.71
1306.79
1336.44
1100.94
1259.5
1314.82
1061.49
845.662
914.587
1120.73
1070.85
1434.22
1255.84
1295.58
1089.1
1275.2
1111.64
1292.61
1425.49
1305.39
956.089
1114.17
1264.26
1097.06
1068.4
1102.44
1102.46
1283.39
1250.26
1414.46
1250.23
1070.86
917.476
1255.78
1295.54
1275.17
1089.17
1434.21
1165.08
1339.48
1312.31
1339.48
1165.11
1235.05
1398.26
1284.13
1371.44
1251.91
1353.1
1388.24
1353.58
1193.61
1288.06
1223.91
1144.31
1113.47
1313.86
1275.3
1026.49
1384.64
1439.74
1328.16
1336.51
1128.7
1005.4
1217.05
1353.2
1353.64
1388.42
1081.77
1252.07
1284.19
1371.63
1287.31
1406.44
1331.74
1279.73
1370.86
1369.6
1215.31
1492.88
1421.61
1409.12
1494.39
1421.57
1433.05
1492.9
1082.17
1031.29
1304.32
854.554
1290.72
1264.72
769.648
1172.99
1434.06
1431.63
1397.47
1452.26
1344.48
1374.33
1435.99
1326.65
1473.76
1428.56
1438.02
1281.62
1476.89
1433.99
1172.77
1344.3
1397.4
1431.62
1323.13
1374.26
1051.31
1301.09
1301.13
611.332
1313.79
1192.55
861.099
938.512
638.796
1204.57
474.763
1079.98
1276.37
787.934
893.998
1345.42
1430.71
1264.54
1389.19
1347.07
1094.64
788.127
475.006
1276.49
1080.2
1307.95
1204.69
638.963
1182.25
874.871
356.299
762.409
1420.04
1293.99
1076.38
1017.69
835.754
436.439
835.924
1462.12
1343.43
1202.53
755.519
522.222
1122.08
1041.6
301.09
440.178
642.348
575.189
338.091
295.609
564.379
860.424
1167.11
933.503
367.404
338.206
564.652
1167.25
860.736
933.636
295.625
353.431
307.373
709.784
905.782
292.661
355.158
492.424
287.946
291.759
288.112
299.577
289.149
316.221
469.77
288.623
297.487
288.624
331.874
290.887
331.927
598.622
287.926
287.926
287.926
287.926
287.926
287.926
287.926
287.926
287.926
287.926
287.926
287.926
287.926
287.926
287.926
287.926
287.926
287.926
287.926
287.926
287.926
287.926
287.926
287.926
287.926
287.926
287.926
287.926
287.926
287.926
287.926
287.926
287.926
287.926
287.926
287.926
287.926
287.926
287.926
287.926
287.926
287.926
287.926
287.926
287.926
287.926
287.926
287.926
287.926
287.926
287.926
287.926
287.926
287.926
287.926
287.926
287.926
287.926
287.926
287.926
287.926
287.926
287.926
287.926
287.926
287.926
287.926
287.926
287.926
287.926
287.926
287.926
287.926
287.926
287.926
287.926
287.926
287.926
287.926
287.926
287.926
287.926
287.926
287.926
287.926
287.926
287.926
287.926
287.926
287.926
287.926
287.926
287.926
287.926
287.926
287.926
287.926
287.926
287.926
287.926
287.926
287.926
287.926
287.926
287.926
)
;

boundaryField
{
    ground
    {
        type            zeroGradient;
    }
    outlet
    {
        type            zeroGradient;
    }
    wall
    {
        type            zeroGradient;
    }
    wall2
    {
        type            zeroGradient;
    }
    wall3
    {
        type            zeroGradient;
    }
    internalPatch
    {
        type            internal;
    }
    procBoundary1to2
    {
        type            processor;
        value           nonuniform List<scalar> 
428
(
287.926
287.926
287.926
287.926
287.926
287.926
287.926
287.926
287.926
287.926
287.926
287.926
287.926
287.926
287.926
287.926
287.926
287.926
287.926
287.926
287.926
287.926
287.926
287.926
287.926
287.926
287.926
287.926
287.926
287.926
287.926
287.926
287.926
287.926
287.926
287.926
287.926
287.926
287.926
287.926
287.926
287.926
287.926
287.926
287.926
287.926
287.926
287.926
287.926
287.926
287.926
287.926
287.926
287.926
287.926
287.926
287.926
287.926
287.926
287.926
287.926
287.926
287.926
287.926
287.926
287.926
287.926
287.926
287.926
287.926
287.926
287.926
287.926
287.926
287.926
287.926
287.926
287.926
287.926
287.926
287.926
287.926
287.926
287.926
287.926
287.926
287.926
287.926
287.926
287.926
287.926
287.926
287.926
287.926
287.926
287.926
287.926
287.926
287.926
287.926
287.926
287.926
287.926
287.93
288.133
298.883
577.161
1190.13
1600.29
1805.93
1858.76
1855.96
1850.31
1880.63
1950.27
2163
2517.8
2887.61
3004.97
1898.16
1359.74
1206.55
1130.27
1058.41
984.315
927.258
888.313
486.464
181.375
141.361
137.918
136.771
135.3
133.92
128.892
127.753
127.753
135.704
183.704
360.6
697.698
983.562
1181.41
1195.6
785.04
328.745
288.748
287.942
287.931
287.927
287.926
287.926
287.926
287.926
287.926
287.926
287.926
287.926
287.926
287.926
287.926
287.926
287.926
287.926
287.926
287.926
287.926
287.926
287.926
287.926
287.926
287.926
287.926
287.926
287.926
287.926
287.926
287.926
287.926
287.926
287.926
287.926
287.926
287.926
287.926
287.926
287.926
287.926
287.926
287.926
287.926
287.926
287.926
287.926
287.926
287.926
287.926
287.926
287.926
287.926
287.926
287.926
287.926
287.926
287.926
287.926
287.926
287.926
287.926
287.926
287.926
287.926
287.926
287.926
287.926
287.926
287.926
287.926
287.926
287.926
287.926
287.926
287.926
287.926
287.926
287.926
287.926
287.926
287.928
288.033
294.204
512.273
1070.83
1362.19
1421.6
1353.5
1255.19
1178.26
1137.03
1132.57
1176.18
1265.37
1441.54
1711.06
1061.98
795.463
678.105
600.927
544.396
507.644
183.248
139.36
134.551
133.575
132.632
131.219
127.731
130.491
130.491
157.445
264.299
549.53
864.997
1090.74
1255.71
1156.67
641.844
302.743
288.193
287.984
287.934
287.927
287.926
287.926
287.926
287.926
287.926
287.926
287.926
287.967
290.392
412.606
995.646
1367.55
1384.22
1212.76
1018.67
851.085
680.83
571.854
534.52
555.157
605.01
747.469
382.124
254.323
206.429
188.425
135.734
129.784
129.078
129.018
128.826
139.279
152.563
152.563
225.963
452.57
761.157
1005.25
1219.64
1304.22
1031.14
449.631
291.445
288.412
287.975
287.929
287.929
287.926
287.926
287.933
288.368
288.368
328.113
820.699
1309.18
1389.48
1231.02
1005.52
787.366
516.941
320.401
243
223.667
225.437
250.23
161.309
137.722
130.235
130.63
132.971
139.34
181.903
231.276
231.276
420.14
695.089
942.597
1165.77
1336.23
1264.63
769.581
316.915
290.995
288.138
288.138
288.138
290.995
293.963
575.722
1161.76
1369.33
1265.73
1033.37
799.191
501.771
266.945
179.217
155.884
149.611
149.125
181.903
231.276
420.14
695.089
942.597
1165.77
1336.23
1264.63
769.581
854.541
1290.62
1306.58
1112.65
885.073
592.141
316.528
287.926
287.926
287.926
287.926
287.926
287.926
287.926
287.926
287.926
287.926
287.926
287.926
287.926
287.926
287.926
287.926
287.926
287.926
287.926
287.926
287.926
287.926
287.926
287.926
287.926
287.926
287.926
287.926
287.926
287.926
287.926
287.926
287.926
287.926
287.926
287.926
287.926
287.926
287.926
287.926
)
;
    }
    procBoundary1to3
    {
        type            processor;
        value           nonuniform List<scalar> 
183
(
287.926
287.926
287.926
287.926
287.926
287.926
287.926
287.926
287.926
287.926
287.926
287.926
287.926
287.926
287.926
287.926
287.926
287.926
287.926
287.926
287.926
287.926
287.926
287.926
287.926
287.926
287.926
287.926
287.926
287.926
287.926
287.926
287.926
287.926
287.926
287.926
287.926
287.926
287.926
287.926
287.926
287.926
287.926
287.926
287.926
287.926
287.926
287.926
287.926
287.926
287.926
287.926
287.926
287.926
287.926
287.926
287.927
287.927
287.929
287.937
287.951
287.927
287.926
287.926
287.926
287.926
287.926
287.932
288.165
287.931
287.926
287.926
287.926
287.926
287.926
287.927
287.932
287.939
287.945
287.949
287.969
288.295
292.579
307.281
288.163
287.929
287.926
287.926
287.926
287.926
287.926
287.926
287.926
287.926
287.926
287.926
287.926
287.926
287.926
287.926
287.926
287.926
287.926
287.926
287.926
287.926
287.926
287.926
287.927
287.931
287.984
287.927
287.926
287.926
287.926
287.926
287.926
287.926
287.926
287.926
287.926
287.926
287.926
287.926
287.926
287.926
287.926
287.926
287.926
287.926
287.926
287.926
287.926
287.926
287.926
287.926
287.926
287.926
287.926
287.926
287.926
287.926
287.926
287.926
287.926
287.926
287.926
287.926
287.926
287.926
287.926
287.926
287.926
287.926
287.926
287.926
287.926
287.926
287.926
287.926
287.926
287.926
287.926
287.926
287.926
287.926
287.926
287.926
287.926
287.926
287.926
287.926
287.926
287.926
287.926
287.926
287.926
287.926
287.926
287.926
287.926
287.926
287.926
)
;
    }
    procBoundary1to4
    {
        type            processor;
        value           nonuniform List<scalar> 
384
(
287.937
287.95
289.075
342.428
823.052
1196.36
1154.32
950.148
645.892
321.197
173.234
132.911
128.315
128.315
130.817
130.817
133.233
135.085
136.812
138.047
141.102
177.656
474.248
866.605
872.656
872.656
855.569
846.341
841.685
851.904
866.119
887.804
926.182
983.892
1056.35
1133.68
1201.16
1272.66
1373.23
1521.83
1760.94
2027.99
2100.83
1764.43
864.907
537.639
313.894
290.372
289.011
288.804
288.541
288.224
288.008
287.939
287.927
287.926
287.929
288.071
295.694
528.312
299.216
288.189
287.932
287.926
287.93
288.032
290.391
328.087
288.368
288.138
287.999
287.944
287.944
287.926
287.926
287.926
287.926
287.926
287.926
287.927
287.93
288.151
288.512
318.281
745.205
1189.24
1212.35
1025.33
783.011
461.914
218.671
145.312
127.639
127.639
128.316
128.908
132.555
134.795
131.676
131.676
133.076
134.207
136.996
175.154
476.367
476.367
468.578
464.923
463.97
469.683
475.621
486.121
507.101
544.081
599.801
679.692
789.944
951.604
1170.18
1396.55
1662.69
1908.07
1904.68
1422.21
835.634
406.93
339.267
328.877
317.617
303.401
292.578
288.605
287.981
291.032
427.776
1005.67
1370.21
1086.1
556.669
298.291
288.125
294.145
412.531
820.512
1161.71
575.668
293.961
290.997
289.062
288.234
288.234
287.931
287.926
287.927
287.935
287.982
291.37
300.632
617.199
1144.34
1275.28
1127.04
908.855
637.927
343.4
180.089
137.372
137.372
128.082
127.757
129.063
129.514
135.499
138.414
140.784
136.835
133.076
134.207
136.996
175.154
175.893
179.072
181.97
183.183
181.173
181.27
183.164
188.339
206.472
255.193
381.7
637.281
979.869
1273.55
1542.46
1682.86
1480.27
1011.09
826.349
786.545
740.177
642.246
475.019
324.944
798.684
1286.39
1380.18
1235.84
1387.01
1385.96
1079.33
509.514
995.781
1309.18
1369.5
1292.41
1300.78
900.754
338.704
316.934
300.736
291.985
291.985
287.988
288.471
321.047
448.123
1026.6
1313.91
1247.32
1037.14
818.723
546.898
294.377
173.531
173.531
141.342
130.459
127.718
128.88
130.294
131.798
138.75
141.856
144.325
145.93
142.381
138.285
141.39
145.438
148.448
148.036
144.595
141.325
139.358
135.755
138.085
161.422
240.212
497.715
878.206
1177.39
1408.83
1408.68
1272.65
1243.63
1221.14
1178.31
1063.59
1347.29
1287.86
1082.22
855.516
1024.97
1216.33
1387.95
1369.73
1389.83
1266.02
1088.3
934.111
1159.66
1289.79
1106.71
508.248
449.741
377.233
321.047
1026.6
1313.91
1247.32
1037.14
818.723
546.898
294.377
173.531
141.342
130.459
127.718
135.326
128.808
131.208
133.907
136.007
138.759
141.678
143.917
145.111
141.491
137.912
134.553
129.794
130.437
148.973
216.392
455.244
835.474
1130.1
1333.58
1292.48
1296.64
1325.82
1186.03
970.053
665.59
342.158
547.536
797.087
1008.49
1231.56
1033.56
848.992
617.009
455.633
800.128
1051.69
1231.99
1178.31
1156.8
1113.59
1288.06
1157.18
941.427
677.83
377.025
192.048
157.385
144.6
169.113
265.641
165.385
140.116
133.327
129.009
132.622
135.29
138.266
140.23
136.765
133.568
129.073
130.863
149.827
217.346
452.88
820.738
1102.21
1121.92
873.593
517.497
243.233
157.402
184.155
272.718
503.892
799.284
531.251
304.808
214.439
264.125
549.31
864.852
1090.64
1255.65
)
;
    }
}


// ************************************************************************* //
