/*--------------------------------*- C++ -*----------------------------------*\
  =========                 |
  \\      /  F ield         | OpenFOAM: The Open Source CFD Toolbox
   \\    /   O peration     | Website:  https://openfoam.org
    \\  /    A nd           | Version:  9
     \\/     M anipulation  |
\*---------------------------------------------------------------------------*/
FoamFile
{
    format      ascii;
    class       labelList;
    note        "nPoints:3227  nCells:2273  nFaces:7666  nInternalFaces:6257";
    location    "0.0002/polyMesh";
    object      neighbour;
}
// * * * * * * * * * * * * * * * * * * * * * * * * * * * * * * * * * * * * * //


6257
(
1308
1311
2246
2247
2248
2251
2
4
32
1308
1310
1312
1314
5
33
1309
2238
2239
2242
5
7
35
1315
1317
1319
1321
8
36
1316
1329
1330
1332
2253
2256
2257
8
11
38
1329
1331
1333
1335
12
39
13
1322
1326
2260
2263
2264
2265
11
14
41
1325
1326
1327
1328
1330
1331
1334
1335
12
15
42
16
43
14
17
44
1322
1326
1328
15
18
45
16
19
46
20
47
18
22
48
481
19
23
49
20
24
50
25
51
22
26
52
372
481
23
27
53
24
28
54
25
29
55
30
56
27
57
373
566
28
58
567
29
59
568
30
60
569
61
570
32
34
63
1311
1312
1313
1314
33
35
64
36
65
35
37
67
1318
1319
1320
1321
36
38
68
39
69
38
41
71
1332
1333
1334
1335
39
42
72
43
73
41
44
74
1322
1324
1327
1328
42
45
75
43
46
76
47
77
45
48
78
46
49
79
47
50
80
51
81
49
53
82
482
50
54
83
51
55
84
56
85
53
57
86
377
482
54
58
87
55
59
88
56
60
89
61
90
58
91
378
572
59
92
573
60
93
574
61
94
575
95
576
63
66
96
64
67
97
65
68
98
69
99
67
70
100
68
71
101
69
72
102
73
103
71
74
104
72
75
105
73
76
106
77
107
75
78
108
76
79
109
77
80
110
81
111
79
82
112
483
80
83
113
81
84
114
85
115
83
87
116
484
84
88
117
85
89
118
90
119
87
91
120
383
484
88
92
121
89
93
122
90
94
123
95
124
92
125
384
578
93
126
579
94
127
580
95
128
581
129
582
97
100
241
98
101
242
99
102
243
103
244
101
104
245
102
105
246
103
106
247
107
248
105
108
249
106
109
250
107
110
251
111
252
109
112
130
386
110
113
131
111
114
132
115
133
113
116
134
485
114
117
135
115
118
136
119
137
117
121
138
486
118
122
139
119
123
140
124
141
121
125
142
391
486
122
126
143
123
127
144
124
128
145
129
146
126
147
392
584
127
148
585
128
149
586
129
150
587
151
588
131
134
152
249
400
132
135
153
250
133
136
154
251
137
155
252
135
138
156
487
136
139
157
137
140
158
141
159
139
143
160
488
140
144
161
141
145
162
146
163
143
147
164
406
488
144
148
165
145
149
166
146
150
167
151
168
148
169
407
590
149
170
591
150
171
592
151
172
593
173
594
153
156
174
261
415
154
157
175
262
155
158
176
263
159
177
264
157
160
178
489
158
161
179
159
162
180
163
181
161
165
182
490
162
166
183
163
167
184
168
185
165
169
186
420
490
166
170
187
167
171
188
168
172
189
173
190
170
191
421
596
171
192
597
172
193
598
173
194
599
195
600
175
178
273
289
429
176
179
274
290
177
180
275
291
181
276
292
179
182
293
491
180
183
196
181
184
197
185
198
183
187
199
492
184
188
200
185
189
201
190
202
187
191
203
434
492
188
192
204
189
193
205
190
194
206
195
207
192
208
435
608
193
209
609
194
210
610
195
211
611
212
612
197
200
290
293
311
198
201
291
312
202
292
313
200
204
213
293
493
201
205
214
202
206
215
207
216
204
208
217
449
493
205
209
218
206
210
219
207
211
220
212
221
209
222
450
620
210
223
621
211
224
622
212
225
623
226
624
214
218
227
310
494
215
219
228
311
216
220
229
312
221
230
313
218
222
231
464
494
219
223
232
220
224
233
221
225
234
226
235
223
236
465
632
224
237
633
225
238
634
226
239
635
240
636
228
232
330
495
229
233
331
230
234
332
235
333
232
236
479
495
233
237
234
238
235
239
240
237
480
644
238
645
239
646
240
647
648
242
245
253
394
243
246
254
244
247
255
248
256
246
249
257
396
247
250
258
248
251
259
252
260
250
261
398
251
262
252
263
264
254
257
265
409
255
258
266
256
259
267
260
268
258
261
269
411
259
262
270
260
263
271
264
272
262
273
413
263
274
264
275
276
266
269
277
423
267
270
278
268
271
279
272
280
270
273
281
425
271
274
282
272
275
283
276
284
274
285
427
275
286
276
287
288
278
281
294
437
279
282
295
280
283
296
284
297
282
285
298
439
283
286
299
284
287
300
288
301
286
289
302
441
287
290
303
288
291
304
292
305
290
293
306
443
291
307
292
308
309
310
446
295
298
314
452
296
299
315
297
300
316
301
317
299
302
318
454
300
303
319
301
304
320
305
321
303
306
322
456
304
307
323
305
308
324
309
325
307
310
326
458
308
311
327
309
312
328
313
329
311
330
461
312
331
313
332
333
315
318
467
316
319
317
320
321
319
322
469
320
323
321
324
325
323
326
471
324
327
325
328
329
327
330
473
328
331
329
332
333
331
476
332
333
335
337
520
1137
1165
336
338
1036
1166
339
371
373
1037
338
340
521
1139
1170
339
341
1038
1171
342
376
378
1039
341
343
522
1141
1175
342
344
1040
1176
345
382
384
1041
344
346
523
1143
1180
345
347
1042
1181
348
390
392
1043
347
350
524
1145
1197
348
351
1044
1198
352
405
407
1045
352
353
405
418
420
1215
351
354
525
1147
1214
352
355
1046
1215
356
421
1047
356
357
432
434
1232
355
358
527
1149
1231
356
359
1049
1232
360
435
1050
360
361
447
449
1249
359
362
529
1151
1248
360
363
1052
1249
364
450
1053
364
365
462
464
1266
363
366
531
1153
1265
364
367
1055
1266
368
465
1056
368
477
479
1283
367
533
1155
1282
368
1058
1283
480
1059
371
1164
1336
1337
1340
372
481
2217
2219
2221
372
376
1166
1336
1340
1342
373
377
2217
2221
2223
378
565
375
376
380
1169
1336
1338
1341
1342
377
381
482
2217
2218
2222
2223
377
382
1171
378
383
384
571
381
387
483
1347
381
382
388
1174
1347
383
389
484
383
390
1176
384
391
392
577
386
387
399
1380
400
485
389
402
485
1348
389
390
403
1179
1348
391
404
486
391
405
1181
392
406
407
583
394
395
408
1284
396
409
396
397
410
1285
398
411
398
399
412
1286
400
413
400
402
414
1287
415
487
402
403
416
1193
1287
1348
404
417
487
404
405
418
1196
406
419
488
406
1198
407
420
421
589
409
410
422
1288
411
423
411
412
424
1289
413
425
413
414
426
1290
415
427
415
417
428
1291
429
489
417
418
430
1210
1291
419
431
489
419
432
1213
420
433
490
421
434
435
595
423
424
436
1292
425
437
425
426
438
1293
427
439
427
428
440
1294
429
441
429
431
442
1295
443
491
431
432
444
1227
1295
433
445
491
433
447
1230
434
448
492
435
449
450
607
437
438
451
1296
439
452
439
440
453
1297
441
454
441
442
455
1298
443
456
443
445
457
1299
446
458
445
447
459
1244
1299
446
448
460
461
491
493
448
462
1247
449
463
493
450
464
465
619
452
453
466
1300
454
467
454
455
468
1301
456
469
456
457
470
1302
458
471
458
460
472
1303
461
473
460
462
474
1261
1303
461
463
475
476
494
463
477
1264
464
478
494
465
479
480
631
467
468
1304
469
469
470
1305
471
471
472
1306
473
473
475
1307
476
475
477
1278
1307
476
478
495
478
1281
479
495
480
643
482
2217
2218
2219
484
484
485
486
486
487
488
488
489
490
490
491
492
492
493
494
495
497
506
550
850
1072
498
507
551
853
1073
499
508
552
856
1074
500
509
553
859
1075
501
510
554
862
1076
502
511
555
865
1077
503
512
556
868
1078
504
514
557
871
1079
505
516
558
874
1080
518
559
877
1081
507
885
1066
1082
508
892
1067
1083
509
899
1068
1084
510
906
1069
1085
511
913
1070
1086
512
920
1071
1087
513
514
927
1088
515
928
1071
1089
515
516
934
1090
517
935
1091
517
518
941
1092
519
942
1093
519
948
1094
949
1095
521
535
1036
1096
522
537
1038
1097
523
539
1040
1098
524
541
1042
1099
525
543
1044
1100
526
527
1046
1101
528
543
545
1048
1102
528
529
1049
1103
530
546
1051
1104
530
531
1052
1105
532
547
1054
1106
532
533
1055
1107
534
548
1057
1108
534
1058
1109
549
1060
1110
536
537
1061
1111
538
550
656
1112
538
539
1062
1113
540
551
658
1114
540
541
1063
1115
542
552
660
1116
542
543
1064
1117
544
553
662
1118
544
1065
1119
545
554
664
1120
546
555
665
1121
547
556
666
1122
548
557
667
1123
549
558
668
1124
559
669
1125
551
770
1126
552
771
1127
553
772
1128
554
773
1129
555
774
1130
556
775
1131
557
776
1132
558
777
1133
559
778
1134
779
1135
561
601
663
705
1047
1048
562
613
706
1050
1051
563
625
707
1053
1054
564
637
708
1056
1057
649
709
1059
1060
566
571
670
1037
567
572
671
568
573
672
569
574
673
570
575
674
576
675
572
577
676
1039
573
578
677
574
579
678
575
580
679
576
581
680
582
681
578
583
682
1041
579
584
683
580
585
684
581
586
685
582
587
686
588
687
584
589
688
1043
585
590
689
586
591
690
587
592
691
588
593
692
594
693
590
595
694
1045
591
596
695
592
597
696
593
598
697
594
599
698
600
699
596
601
607
1047
597
602
608
598
603
609
599
604
610
600
605
611
606
612
602
613
694
740
603
614
695
741
604
615
696
742
605
616
697
743
606
617
698
744
618
699
745
608
613
619
1050
609
614
620
610
615
621
611
616
622
612
617
623
618
624
614
625
746
615
626
747
616
627
748
617
628
749
618
629
750
630
751
620
625
631
1053
621
626
632
622
627
633
623
628
634
624
629
635
630
636
626
637
752
627
638
753
628
639
754
629
640
755
630
641
756
642
757
632
637
643
1056
633
638
644
634
639
645
635
640
646
636
641
647
642
648
638
649
758
639
650
759
640
651
760
641
652
761
642
653
762
654
763
644
649
1059
645
650
646
651
647
652
648
653
654
650
764
651
765
652
766
653
767
654
768
769
657
670
700
1037
1061
658
700
770
1061
659
676
701
1039
1062
660
701
771
1062
661
682
702
1041
1063
662
702
772
1063
663
688
703
1043
1064
664
703
773
1064
694
704
1045
1065
665
704
774
1065
666
705
775
1048
667
706
776
1051
668
707
777
1054
669
708
778
1057
709
779
1060
671
676
710
672
677
711
673
678
712
674
679
713
675
680
714
681
715
677
682
716
678
683
717
679
684
718
680
685
719
681
686
720
687
721
683
688
722
684
689
723
685
690
724
686
691
725
687
692
726
693
727
689
694
728
690
695
729
691
696
730
692
697
731
693
698
732
699
733
695
734
696
735
697
736
698
737
699
738
739
701
710
780
702
716
781
703
722
782
704
728
783
705
734
784
706
740
785
707
746
786
708
752
787
709
758
788
764
789
711
716
790
712
717
791
713
718
792
714
719
793
715
720
794
721
795
717
722
796
718
723
797
719
724
798
720
725
799
721
726
800
727
801
723
728
802
724
729
803
725
730
804
726
731
805
727
732
806
733
807
729
734
808
730
735
809
731
736
810
732
737
811
733
738
812
739
813
735
740
814
736
741
815
737
742
816
738
743
817
739
744
818
745
819
741
746
820
742
747
821
743
748
822
744
749
823
745
750
824
751
825
747
752
826
748
753
827
749
754
828
750
755
829
751
756
830
757
831
753
758
832
754
759
833
755
760
834
756
761
835
757
762
836
763
837
759
764
838
760
765
839
761
766
840
762
767
841
763
768
842
769
843
765
844
766
845
767
846
768
847
769
848
849
771
780
850
772
781
853
773
782
856
774
783
859
775
784
862
776
785
865
777
786
868
778
787
871
779
788
874
789
877
781
790
851
782
796
854
783
802
857
784
808
860
785
814
863
786
820
866
787
826
869
788
832
872
789
838
875
844
878
791
796
852
792
797
880
793
798
881
794
799
882
795
800
883
801
884
797
802
855
798
803
887
799
804
888
800
805
889
801
806
890
807
891
803
808
858
804
809
894
805
810
895
806
811
896
807
812
897
813
898
809
814
861
810
815
901
811
816
902
812
817
903
813
818
904
819
905
815
820
864
816
821
908
817
822
909
818
823
910
819
824
911
825
912
821
826
867
822
827
915
823
828
916
824
829
917
825
830
918
831
919
827
832
870
828
833
922
829
834
923
830
835
924
831
836
925
837
926
833
838
873
834
839
929
835
840
930
836
841
931
837
842
932
843
933
839
844
876
840
845
936
841
846
937
842
847
938
843
848
939
849
940
845
879
846
943
847
944
848
945
849
946
947
851
853
885
852
854
950
855
880
951
854
856
892
855
857
961
858
887
962
857
859
899
858
860
972
861
894
973
860
862
906
861
863
980
864
901
981
863
865
913
864
866
988
867
908
989
866
868
920
867
869
996
870
915
997
869
871
927
870
872
1004
873
922
1005
872
874
934
873
875
1009
876
929
1010
875
877
941
876
878
1014
879
936
1015
878
948
879
1019
943
1020
881
887
952
882
888
953
883
889
954
884
890
955
891
956
886
892
950
893
957
1066
888
894
963
889
895
964
890
896
965
891
897
966
898
967
893
899
961
900
968
1067
895
901
974
896
902
975
897
903
976
898
904
977
905
978
900
906
972
907
979
1068
902
908
982
903
909
983
904
910
984
905
911
985
912
986
907
913
980
914
987
1069
909
915
990
910
916
991
911
917
992
912
918
993
919
994
914
920
988
921
995
1070
916
922
998
917
923
999
918
924
1000
919
925
1001
926
1002
921
927
996
928
1003
1071
923
929
1006
924
930
1007
925
931
1024
926
932
1025
933
1026
928
934
1004
935
1008
930
936
1011
931
937
1012
932
938
1027
933
939
1028
940
1029
935
941
1009
942
1013
937
943
1016
938
944
1017
939
945
1030
940
946
1031
947
1032
942
948
1014
949
1018
944
1021
945
1022
946
1033
947
1034
1035
949
1019
1023
951
957
961
952
958
962
953
959
963
954
960
964
955
965
956
966
967
958
968
959
969
960
970
971
962
968
972
963
969
973
964
970
974
965
971
975
966
976
967
977
978
969
979
970
971
973
979
980
974
981
975
982
976
983
977
984
978
985
986
987
981
987
988
982
989
983
990
984
991
985
992
986
993
994
995
989
995
996
990
997
991
998
992
999
993
1000
994
1001
1002
1003
997
1003
1004
998
1005
999
1006
1000
1007
1001
1024
1002
1025
1026
1008
1005
1008
1009
1006
1010
1007
1011
1012
1024
1013
1010
1013
1014
1011
1015
1012
1016
1017
1027
1018
1015
1018
1019
1016
1020
1017
1021
1022
1030
1023
1020
1023
1021
1022
1033
1025
1027
1026
1028
1029
1028
1030
1029
1031
1032
1031
1033
1032
1034
1035
1034
1035
1037
1038
1061
1039
1039
1040
1062
1041
1041
1042
1063
1043
1043
1044
1064
1045
1045
1046
1065
1047
1047
1048
1049
1050
1051
1065
1050
1051
1052
1053
1054
1053
1054
1055
1056
1057
1056
1057
1058
1059
1060
1059
1060
1062
1063
1064
1065
1067
1156
1068
1157
1069
1158
1070
1159
1071
1160
1161
1073
1082
1126
1588
1074
1083
1127
1590
1075
1084
1128
1592
1076
1085
1129
1594
1077
1086
1130
1595
1078
1087
1131
1596
1079
1088
1132
1597
1080
1090
1133
1598
1081
1092
1134
1599
1094
1135
1600
1083
1156
1589
1084
1157
1591
1085
1158
1593
1086
1159
1541
1087
1160
1542
1088
1161
1543
1089
1090
1544
1091
1161
1091
1092
1545
1093
1093
1094
1546
1095
1095
1547
1097
1111
1137
1548
1098
1113
1139
1551
1099
1115
1141
1554
1100
1117
1143
1557
1101
1119
1145
1560
1102
1103
1147
1563
1104
1119
1121
1564
1104
1105
1149
1566
1106
1122
1567
1106
1107
1151
1569
1108
1123
1570
1108
1109
1153
1572
1110
1124
1573
1110
1155
1575
1125
1576
1112
1113
1549
1114
1126
1550
1114
1115
1552
1116
1127
1553
1116
1117
1555
1118
1128
1556
1118
1119
1558
1120
1129
1559
1120
1561
1121
1130
1562
1122
1131
1565
1123
1132
1568
1124
1133
1571
1125
1134
1574
1135
1577
1127
1578
1128
1579
1129
1580
1130
1581
1131
1582
1132
1583
1133
1584
1134
1585
1135
1586
1587
1137
1138
1162
1165
2182
1139
2183
1139
1140
1167
1170
2185
1141
2186
1141
1142
1172
1175
2188
1143
2189
1143
1144
1177
1180
2191
1145
2192
1145
1146
1194
1197
2195
1147
2196
1147
1148
1211
1214
2199
1149
2200
1149
1150
1228
1231
2203
1151
2204
1151
1152
1245
1248
2207
1153
2208
1153
1154
1262
1265
2211
1155
2212
1155
1279
1282
2215
2216
1157
1158
1159
1160
1161
1163
1167
1349
2181
1164
1165
1168
1350
2224
2225
2226
1166
1169
1336
1337
1338
1166
1170
1171
1168
1172
1351
2184
1169
1170
1173
1352
1171
1174
1171
1175
1176
1173
1177
1353
2187
1174
1175
1178
1354
1176
1179
1355
1176
1180
1181
1178
1194
1359
2190
1179
1180
1195
1360
1181
1196
1361
1181
1197
1198
1183
1184
1199
1362
1185
1200
1284
1185
1186
1201
1363
1187
1202
1285
1187
1189
1203
1364
1190
1204
1286
1189
1191
1205
1356
1364
1535
1190
1192
1206
1357
1193
1207
1287
1358
1192
1194
1208
1359
2193
1193
1195
1209
1360
1196
1210
1361
1195
1211
2194
1196
1197
1212
1198
1213
1198
1214
1215
1200
1201
1216
1365
1202
1217
1288
1202
1203
1218
1366
1204
1219
1289
1204
1206
1220
1367
1207
1221
1290
1206
1208
1222
1367
1536
1207
1209
1223
1210
1224
1291
1209
1211
1225
2197
1210
1212
1226
1213
1227
1212
1228
2198
1213
1214
1229
1215
1230
1215
1231
1232
1217
1218
1233
1368
1219
1234
1292
1219
1220
1235
1369
1221
1236
1293
1221
1223
1237
1370
1224
1238
1294
1223
1225
1239
1370
1537
1224
1226
1240
1227
1241
1295
1226
1228
1242
2201
1227
1229
1243
1230
1244
1229
1245
2202
1230
1231
1246
1232
1247
1232
1248
1249
1234
1235
1250
1371
1236
1251
1296
1236
1237
1252
1372
1238
1253
1297
1238
1240
1254
1373
1241
1255
1298
1240
1242
1256
1373
1538
1241
1243
1257
1244
1258
1299
1243
1245
1259
2205
1244
1246
1260
1247
1261
1246
1262
2206
1247
1248
1263
1249
1264
1249
1265
1266
1251
1252
1267
1374
1253
1268
1300
1253
1254
1269
1375
1255
1270
1301
1255
1257
1271
1376
1258
1272
1302
1257
1259
1273
1376
1539
1258
1260
1274
1261
1275
1303
1260
1262
1276
2209
1261
1263
1277
1264
1278
1263
1279
2210
1264
1265
1280
1266
1281
1266
1282
1283
1268
1269
1377
1270
1304
1270
1271
1378
1272
1305
1272
1274
1379
1275
1306
1274
1276
1379
1540
1275
1277
1278
1307
1277
1279
2213
1278
1280
1281
1280
2214
1281
1282
1283
1283
1285
1288
1286
1289
1287
1290
1291
1380
1289
1292
1290
1293
1291
1294
1295
1293
1296
1294
1297
1295
1298
1299
1297
1300
1298
1301
1299
1302
1303
1301
1304
1302
1305
1303
1306
1307
1305
1306
1307
1310
1312
2245
2246
2249
1314
1315
2248
2249
2250
2251
1312
1313
1314
1314
1318
2245
2247
2248
2250
1319
1317
1319
2241
2242
2243
2244
2252
2253
2256
1321
1329
2255
2256
2257
2258
1319
1320
2239
2240
2241
2243
1321
1321
1332
2253
2254
2255
2257
1333
1324
1328
2259
2260
2261
1327
2259
2262
2263
2264
1326
1327
2261
2262
2264
2265
1328
1328
1331
1333
1331
1334
1335
1333
1334
1335
1335
1338
1342
1338
1339
1341
1340
1341
2220
1342
2221
1342
2222
2223
1344
1349
1384
1602
2181
1345
1351
1388
1616
2184
1346
1353
1392
1630
2187
1359
1396
1644
2190
2193
1348
1355
1361
1380
1350
1351
2224
2227
2229
1352
2224
2226
2229
1352
1353
1354
2226
2229
2230
1354
1359
1355
1360
1361
1357
1359
1396
1358
1360
1361
1380
1360
1361
1363
1365
1397
1364
1366
1398
1367
1399
1366
1368
1400
1367
1369
1401
1370
1402
1369
1371
1403
1370
1372
1404
1373
1405
1372
1374
1406
1373
1375
1407
1376
1408
1375
1377
1409
1376
1378
1410
1379
1411
1378
1412
1379
1413
1414
1534
2232
2266
2267
2269
1383
1417
2231
2232
2234
1384
1387
1419
2231
2234
2235
1388
1421
1386
1389
1423
2266
2268
2270
2272
1387
1390
1425
2231
2233
2235
2237
1388
1391
1427
1392
1429
1390
1393
1431
1391
1394
1433
1392
1395
1435
1396
1437
1394
1397
1439
1395
1398
1441
1396
1399
1443
1445
1535
1398
1400
1447
1399
1401
1449
1402
1451
1535
1401
1403
1455
1402
1404
1457
1405
1459
1536
1404
1406
1463
1405
1407
1465
1408
1467
1537
1407
1409
1471
1408
1410
1473
1411
1475
1538
1410
1412
1479
1411
1413
1481
1414
1483
1539
1413
1487
1414
1489
1491
1540
1416
1422
1494
1534
1417
1418
1424
1495
1419
1425
1534
2231
2232
2233
1419
1420
1426
1496
1421
1427
1421
1428
1497
1601
1429
1602
1423
1424
1430
1498
1425
1431
1534
1425
1426
1432
1499
1427
1433
1427
1428
1434
1500
1429
1435
1429
1436
1501
1615
1437
1616
1431
1432
1438
1502
1433
1439
1433
1434
1440
1503
1435
1441
1435
1436
1442
1504
1437
1443
1437
1444
1505
1629
1445
1630
1439
1440
1446
1506
1441
1447
1441
1442
1448
1507
1443
1449
1443
1444
1450
1508
1445
1451
1445
1452
1509
1643
1453
1644
1447
1448
1454
1510
1449
1455
1449
1450
1456
1511
1451
1457
1451
1452
1458
1512
1453
1459
1453
1460
1513
1657
1461
1535
1658
1455
1456
1462
1514
1457
1463
1457
1458
1464
1515
1459
1465
1459
1460
1466
1516
1461
1467
1461
1468
1517
1671
1469
1536
1672
1463
1464
1470
1518
1465
1471
1465
1466
1472
1519
1467
1473
1467
1468
1474
1520
1469
1475
1469
1476
1521
1685
1477
1537
1686
1471
1472
1478
1522
1473
1479
1473
1474
1480
1523
1475
1481
1475
1476
1482
1524
1477
1483
1477
1484
1525
1699
1485
1538
1700
1479
1480
1486
1526
1481
1487
1481
1482
1488
1527
1483
1489
1483
1484
1490
1528
1485
1491
1485
1492
1529
1713
1493
1539
1714
1487
1488
1530
1489
1489
1490
1531
1491
1491
1492
1532
1493
1493
1533
1727
1540
1728
1495
1498
1968
1496
1499
1969
1497
1500
1970
1501
1971
2161
1499
1502
1976
1500
1503
1977
1501
1504
1978
1505
1979
2163
1503
1506
1984
1504
1507
1985
1505
1508
1986
1509
1987
2165
1507
1510
1992
1508
1511
1993
1509
1512
1994
1513
1995
2167
1511
1514
2000
1512
1515
2001
1513
1516
2002
1517
2003
2169
1515
1518
2008
1516
1519
2009
1517
1520
2010
1521
2011
2171
1519
1522
2016
1520
1523
2017
1521
1524
2018
1525
2019
2173
1523
1526
2024
1524
1527
2025
1525
1528
2026
1529
2027
2175
1527
1530
2032
1528
1531
2033
1529
1532
2034
1533
2035
2177
1531
2040
1532
2041
1533
2042
2043
2179
2266
2267
2268
1536
2193
1537
2197
1538
2201
1539
2205
1540
2209
2213
1542
1593
1594
1782
1543
1595
1795
1544
1596
1796
1545
1597
1797
1546
1598
1798
1547
1599
1799
1600
1800
1549
1551
1610
2183
1550
1552
1612
1553
1578
1614
1552
1554
1624
2186
1553
1555
1626
1556
1579
1628
1555
1557
1638
2189
1556
1558
1640
1559
1580
1642
1558
1560
1652
2192
1559
1561
1654
1562
1581
1656
1561
1563
1666
2196
1562
1564
1668
1565
1582
1670
1564
1566
1680
2200
1565
1567
1682
1568
1583
1684
1567
1569
1694
2204
1568
1570
1696
1571
1584
1698
1570
1572
1708
2208
1571
1573
1710
1574
1585
1712
1573
1575
1722
2212
1574
1576
1724
1577
1586
1726
1576
1736
2216
1577
1738
1587
1740
1579
1588
1742
1580
1590
1744
1581
1592
1746
1582
1594
1748
1583
1595
1750
1584
1596
1752
1585
1597
1754
1586
1598
1756
1587
1599
1758
1600
1760
1589
1590
1775
1591
1776
1591
1592
1777
1593
1778
1593
1594
1779
1780
1595
1781
1596
1783
1597
1784
1598
1785
1599
1786
1600
1787
1788
1602
1603
1615
2161
1604
1616
1604
1605
1617
2162
1606
1618
2181
1606
1607
1619
1975
1608
1620
2182
1608
1609
1621
2048
1610
1622
2183
1610
1611
1623
2049
1612
1624
1612
1613
1625
2050
1614
1626
1614
1627
1741
2078
1628
1742
1616
1617
1629
2163
1618
1630
1618
1619
1631
2164
1620
1632
2184
1620
1621
1633
1983
1622
1634
2185
1622
1623
1635
2051
1624
1636
2186
1624
1625
1637
2052
1626
1638
1626
1627
1639
2053
1628
1640
1628
1641
1743
2079
1642
1744
1630
1631
1643
2165
1632
1644
1632
1633
1645
2166
1634
1646
2187
1634
1635
1647
1991
1636
1648
2188
1636
1637
1649
2054
1638
1650
2189
1638
1639
1651
2055
1640
1652
1640
1641
1653
2056
1642
1654
1642
1655
1745
2080
1656
1746
1644
1645
1657
2167
1646
1658
1646
1647
1659
2168
1648
1660
2190
1648
1649
1661
1999
1650
1662
2191
1650
1651
1663
2057
1652
1664
2192
1652
1653
1665
2058
1654
1666
1654
1655
1667
2059
1656
1668
1656
1669
1747
2081
1670
1748
1658
1659
1671
2169
1660
1672
2193
1660
1661
1673
2170
1662
1674
2194
1662
1663
1675
2007
1664
1676
2195
1664
1665
1677
2060
1666
1678
2196
1666
1667
1679
2061
1668
1680
1668
1669
1681
2062
1670
1682
1670
1683
1749
2082
1684
1750
1672
1673
1685
2171
1674
1686
2197
1674
1675
1687
2172
1676
1688
2198
1676
1677
1689
2015
1678
1690
2199
1678
1679
1691
2063
1680
1692
2200
1680
1681
1693
2064
1682
1694
1682
1683
1695
2065
1684
1696
1684
1697
1751
2083
1698
1752
1686
1687
1699
2173
1688
1700
2201
1688
1689
1701
2174
1690
1702
2202
1690
1691
1703
2023
1692
1704
2203
1692
1693
1705
2066
1694
1706
2204
1694
1695
1707
2067
1696
1708
1696
1697
1709
2068
1698
1710
1698
1711
1753
2084
1712
1754
1700
1701
1713
2175
1702
1714
2205
1702
1703
1715
2176
1704
1716
2206
1704
1705
1717
2031
1706
1718
2207
1706
1707
1719
2069
1708
1720
2208
1708
1709
1721
2070
1710
1722
1710
1711
1723
2071
1712
1724
1712
1725
1755
2085
1726
1756
1714
1715
1727
2177
1716
1728
2209
1716
1717
1729
2178
1718
1730
2210
1718
1719
1731
2039
1720
1732
2211
1720
1721
1733
2072
1722
1734
2212
1722
1723
1735
2073
1724
1736
1724
1725
1737
2074
1726
1738
1726
1739
1757
2086
1740
1758
1728
1729
2179
1730
2213
1730
1731
2180
1732
2214
1732
1733
2047
1734
2215
1734
1735
2075
1736
2216
1736
1737
2076
1738
1738
1739
2077
1740
1740
1759
2087
1760
1742
1743
1765
2110
1744
1775
1744
1745
1766
2113
1746
1777
1746
1747
1767
2116
1748
1779
1748
1749
1768
2118
1750
1781
1750
1751
1769
2120
1752
1783
1752
1753
1770
2122
1754
1784
1754
1755
1771
2124
1756
1785
1756
1757
1772
2126
1758
1786
1758
1759
1773
2128
1760
1787
1760
1774
2130
1788
1762
1765
1776
2088
1763
1766
1778
2089
1764
1767
1780
2090
1768
1782
1789
2091
1766
1775
2098
1767
1777
2099
1768
1779
2100
1769
1781
2101
1770
1783
1789
2102
1771
1784
1790
2103
1772
1785
1791
2104
1773
1786
1792
2105
1774
1787
1793
2106
1788
1794
2107
1776
1777
1778
1778
1779
1780
1780
1781
1782
1782
1783
1795
1784
1795
1785
1796
1786
1797
1787
1798
1788
1799
1800
1790
1795
2092
1791
1796
2093
1792
1797
2094
1793
1798
2095
1794
1799
2096
1800
2097
1796
1797
1798
1799
1800
1802
1808
1898
1968
1803
1809
1899
1969
1804
1810
1900
1970
1805
1811
1901
1971
1806
1812
1902
1972
1807
1813
1903
1973
1814
1904
1974
1809
1815
1905
1976
1810
1816
1906
1977
1811
1817
1907
1978
1812
1818
1908
1979
1813
1819
1909
1980
1814
1820
1910
1981
1821
1911
1982
1816
1822
1912
1984
1817
1823
1913
1985
1818
1824
1914
1986
1819
1825
1915
1987
1820
1826
1916
1988
1821
1827
1917
1989
1828
1918
1990
1823
1829
1919
1992
1824
1830
1920
1993
1825
1831
1921
1994
1826
1832
1922
1995
1827
1833
1923
1996
1828
1834
1924
1997
1835
1925
1998
1830
1836
1926
2000
1831
1837
1927
2001
1832
1838
1928
2002
1833
1839
1929
2003
1834
1840
1930
2004
1835
1841
1931
2005
1842
1932
2006
1837
1843
1933
2008
1838
1844
1934
2009
1839
1845
1935
2010
1840
1846
1936
2011
1841
1847
1937
2012
1842
1848
1938
2013
1849
1939
2014
1844
1850
1940
2016
1845
1851
1941
2017
1846
1852
1942
2018
1847
1853
1943
2019
1848
1854
1944
2020
1849
1855
1945
2021
1856
1946
2022
1851
1857
1947
2024
1852
1858
1948
2025
1853
1859
1949
2026
1854
1860
1950
2027
1855
1861
1951
2028
1856
1862
1952
2029
1863
1953
2030
1858
1864
1954
2032
1859
1865
1955
2033
1860
1866
1956
2034
1861
1867
1957
2035
1862
1868
1958
2036
1863
1869
1959
2037
1870
1960
2038
1865
1961
2040
1866
1962
2041
1867
1963
2042
1868
1964
2043
1869
1965
2044
1870
1966
2045
1967
2046
1872
1881
2088
1873
1882
2089
1874
1883
2090
1875
1885
2091
1876
1887
2092
1877
1889
2093
1878
1891
2094
1879
1893
2095
1880
1895
2096
1897
2097
1882
2098
2109
1883
2099
2112
1885
2100
2115
1885
1886
2115
2117
2118
1887
2101
1887
1888
2119
2120
1889
2102
1889
1890
2121
2122
1891
2103
1891
1892
2123
2124
1893
2104
1893
1894
2125
2126
1895
2105
1895
1896
2127
2128
1897
2106
1897
2129
2130
2107
1899
1905
1900
1906
1901
1907
1902
1908
1903
1909
1904
1910
1911
1906
1912
1907
1913
1908
1914
1909
1915
1910
1916
1911
1917
1918
1913
1919
1914
1920
1915
1921
1916
1922
1917
1923
1918
1924
1925
1920
1926
1921
1927
1922
1928
1923
1929
1924
1930
1925
1931
1932
1927
1933
1928
1934
1929
1935
1930
1936
1931
1937
1932
1938
1939
1934
1940
1935
1941
1936
1942
1937
1943
1938
1944
1939
1945
1946
1941
1947
1942
1948
1943
1949
1944
1950
1945
1951
1946
1952
1953
1948
1954
1949
1955
1950
1956
1951
1957
1952
1958
1953
1959
1960
1955
1961
1956
1962
1957
1963
1958
1964
1959
1965
1960
1966
1967
1962
1963
1964
1965
1966
1967
1969
1976
1970
1977
1971
1978
1972
1979
1973
1980
2161
1974
1981
2162
1975
1982
2141
1983
2048
2162
1977
1984
1978
1985
1979
1986
1980
1987
1981
1988
2163
1982
1989
2164
1983
1990
2143
1991
2051
2164
1985
1992
1986
1993
1987
1994
1988
1995
1989
1996
2165
1990
1997
2166
1991
1998
2145
1999
2054
2166
1993
2000
1994
2001
1995
2002
1996
2003
1997
2004
2167
1998
2005
2168
1999
2006
2147
2007
2057
2168
2001
2008
2002
2009
2003
2010
2004
2011
2005
2012
2169
2006
2013
2170
2007
2014
2149
2015
2060
2170
2009
2016
2010
2017
2011
2018
2012
2019
2013
2020
2171
2014
2021
2172
2015
2022
2151
2023
2063
2172
2017
2024
2018
2025
2019
2026
2020
2027
2021
2028
2173
2022
2029
2174
2023
2030
2153
2031
2066
2174
2025
2032
2026
2033
2027
2034
2028
2035
2029
2036
2175
2030
2037
2176
2031
2038
2155
2039
2069
2176
2033
2040
2034
2041
2035
2042
2036
2043
2037
2044
2177
2038
2045
2178
2039
2046
2157
2047
2072
2178
2041
2042
2043
2044
2045
2179
2046
2180
2047
2159
2075
2180
2049
2051
2141
2050
2052
2142
2053
2078
2131
2052
2054
2143
2053
2055
2144
2056
2079
2132
2055
2057
2145
2056
2058
2146
2059
2080
2133
2058
2060
2147
2059
2061
2148
2062
2081
2134
2061
2063
2149
2062
2064
2150
2065
2082
2135
2064
2066
2151
2065
2067
2152
2068
2083
2136
2067
2069
2153
2068
2070
2154
2071
2084
2137
2070
2072
2155
2071
2073
2156
2074
2085
2138
2073
2075
2157
2074
2076
2158
2077
2086
2139
2076
2159
2077
2160
2087
2140
2079
2108
2110
2080
2111
2113
2081
2114
2116
2082
2117
2118
2083
2119
2120
2084
2121
2122
2085
2123
2124
2086
2125
2126
2087
2127
2128
2129
2130
2089
2098
2090
2099
2091
2100
2092
2101
2093
2102
2094
2103
2095
2104
2096
2105
2097
2106
2107
2099
2110
2100
2113
2101
2116
2102
2118
2103
2120
2104
2122
2105
2124
2106
2126
2107
2128
2130
2109
2111
2131
2110
2112
2113
2112
2114
2132
2113
2115
2116
2115
2117
2133
2116
2118
2119
2134
2120
2121
2135
2122
2123
2136
2124
2125
2137
2126
2127
2138
2128
2129
2139
2130
2140
2132
2142
2133
2144
2134
2146
2135
2148
2136
2150
2137
2152
2138
2154
2139
2156
2140
2158
2160
2142
2143
2144
2144
2145
2146
2146
2147
2148
2148
2149
2150
2150
2151
2152
2152
2153
2154
2154
2155
2156
2156
2157
2158
2158
2159
2160
2160
2162
2163
2164
2164
2165
2166
2166
2167
2168
2168
2169
2170
2170
2171
2172
2172
2173
2174
2174
2175
2176
2176
2177
2178
2178
2179
2180
2180
2182
2184
2183
2185
2186
2185
2187
2186
2188
2189
2188
2190
2189
2191
2192
2191
2194
2192
2195
2196
2194
2197
2195
2198
2196
2199
2200
2198
2201
2199
2202
2200
2203
2204
2202
2205
2203
2206
2204
2207
2208
2206
2209
2207
2210
2208
2211
2212
2210
2213
2211
2214
2212
2215
2216
2214
2215
2216
2218
2223
2219
2222
2220
2221
2222
2223
2223
2225
2227
2226
2228
2230
2228
2229
2230
2230
2233
2235
2233
2236
2237
2266
2235
2236
2237
2237
2269
2270
2240
2244
2252
2240
2243
2245
2241
2254
2243
2244
2255
2243
2244
2249
2250
2258
2247
2250
2247
2251
2248
2250
2251
2250
2251
2254
2258
2254
2257
2255
2257
2258
2257
2258
2262
2263
2263
2265
2262
2265
2264
2264
2265
2268
2270
2268
2271
2272
2270
2271
2272
2272
)


// ************************************************************************* //
