/*--------------------------------*- C++ -*----------------------------------*\
  =========                 |
  \\      /  F ield         | OpenFOAM: The Open Source CFD Toolbox
   \\    /   O peration     | Website:  https://openfoam.org
    \\  /    A nd           | Version:  9
     \\/     M anipulation  |
\*---------------------------------------------------------------------------*/
FoamFile
{
    format      ascii;
    class       volScalarField;
    location    "0.0008";
    object      impulseMax;
}
// * * * * * * * * * * * * * * * * * * * * * * * * * * * * * * * * * * * * * //

dimensions      [1 -1 -1 0 0 0 0];

internalField   nonuniform List<scalar> 
7518
(
5.20772e-06
3.14782e-08
1.8989e-06
2.32046e-07
0.000624282
3.69574e-05
0.000217045
1.74226e-06
1.29e-05
7.39251e-05
0.00168886
8.27204e-05
2.229e-07
1.8838e-07
1.08504e-06
1.63985e-06
9.42433e-06
8.51984e-06
2.72519e-08
1.18204e-09
5.8245e-11
3.25339e-14
1.16274e-07
9.06252e-12
9.68629e-10
1.68875e-12
3.01898e-10
7.98114e-10
1.41385e-11
4.006e-09
6.028e-11
2.29207e-10
3.48269e-12
4.32627e-10
4.43522e-13
1.11633e-10
1.6215e-13
1.52861e-11
5.43684e-11
7.97133e-13
4.83817e-10
6.06815e-12
1.94252e-11
2.73264e-13
2.67145e-11
1.78781e-14
1.43648e-13
1.03942e-16
6.9475e-13
2.40252e-12
2.92078e-14
2.25461e-12
2.94157e-14
8.62721e-14
3.11827e-16
4.26163e-15
3.11827e-16
0
0
4.79773e-09
7.49163e-07
2.87497e-09
3.87424e-08
2.53073e-07
1.25343e-09
1.43436e-08
8.87514e-11
4.92603e-12
6.87967e-11
8.4398e-12
1.83416e-12
3.61741e-11
2.63243e-10
6.17197e-10
5.17193e-09
4.1469e-09
6.03344e-11
3.19156e-08
2.10631e-10
9.32961e-11
1.18765e-11
1.85495e-12
8.65839e-14
3.22813e-12
2.74823e-13
7.21733e-12
2.13248e-12
3.73617e-11
1.82555e-09
3.63803e-11
3.56415e-10
4.75385e-11
1.43438e-09
1.97408e-11
9.73627e-13
4.02257e-14
1.43284e-12
4.11507e-13
1.21987e-12
3.37812e-14
9.15939e-13
2.46366e-11
2.17678e-10
4.35857e-10
7.7991e-12
9.552e-10
1.56891e-11
1.08506e-11
6.24485e-13
1.71505e-13
8.31538e-15
3.5964e-13
2.04766e-14
5.89457e-13
2.63598e-13
5.50998e-13
1.22712e-10
1.82044e-12
7.2797e-12
2.92431e-12
2.33615e-11
5.67005e-13
1.13297e-14
1.76702e-15
6.67309e-14
1.60071e-14
6.71467e-14
1.03942e-16
2.81684e-14
5.96629e-14
6.29266e-13
2.0435e-13
1.6111e-14
2.64699e-12
5.92471e-14
4.15769e-15
6.23654e-16
3.11827e-16
0
3.11827e-16
0
1.35125e-15
0
0
1.00824e-14
3.11827e-16
7.27596e-16
0
1.03942e-16
1.03942e-16
0
0
0
0
0
1.03942e-16
0
0
4.24812e-13
0
0
0
0
0
0
0
0
0
6.13259e-15
3.11827e-16
2.75447e-14
1.87096e-14
0
1.19534e-14
8.41932e-15
5.5817e-14
2.91038e-15
0
0
0
0
0
9.31323e-14
0
0
0
0
0
0
0
0
0
0
0
0
0
0
0
8.21144e-15
6.23654e-16
0
0
1.9749e-15
3.63798e-15
1.14336e-15
1.73584e-14
2.73472e-13
4.26163e-14
2.70905e-12
1.55425e-12
7.07847e-14
2.83762e-14
3.11827e-16
3.01433e-15
0
0
0
0
0
1.08611e-11
2.12593e-11
6.40035e-12
8.96502e-12
2.05965e-11
4.62231e-13
6.69596e-13
3.2669e-13
1.13318e-12
2.84404e-07
3.71666e-12
3.11827e-16
1.90422e-13
0
0
0
3.4935e-13
6.14299e-14
2.27737e-13
7.89649e-13
4.54228e-14
1.56953e-14
4.05375e-15
1.02903e-14
7.44227e-14
2.39067e-15
0
0
0
2.39067e-15
9.11574e-14
1.1548e-13
3.33863e-13
3.87705e-14
1.14129e-13
4.6774e-15
1.03942e-16
6.6627e-14
1.76702e-15
2.04766e-14
4.98923e-15
2.09963e-14
1.03942e-16
0
3.11827e-16
4.05375e-15
1.30967e-14
0
3.11827e-16
4.05375e-15
0
4.26163e-15
0
1.14336e-15
0
1.76702e-15
0
0
0
0
0
0
0
0
0
0
0
0
0
0
0
0
0
6.86019e-15
0
1.03942e-16
0
0
0
0
0
0
1.03942e-16
0
0
0
0
0
0
0
0
0
0
0
0
0
0
0
0
0
0
0
0
0
0
0
8.31538e-16
0
4.61504e-14
2.28673e-15
9.04298e-15
1.03942e-16
0
0
1.35125e-15
0
1.03942e-16
0
0
0
0
0
0
0
0
0
2.91038e-15
8.31538e-16
0
2.91038e-15
0
0
0
0
1.03942e-16
0
1.03942e-16
0
0
0
0
0
0
0
0
0
0
0
0
0
0
0
0
0
0
0
0
0
0
0
0
0
0
0
0
0
0
0
0
0
0
0
0
0
0
0
0
0
6.86019e-15
0
0
0
0
0
0
0
0
0
0
0
0
0
0
0
0
0
0
0
0
0
0
0
0
0
0
0
0
0
0
0
0
0
1.03942e-16
0
0
0
0
0
0
0
0
0
86.1895
2.45827
0.0719142
66.9296
26.8342
31.3079
0.699956
12.8084
15.7568
98.5531
2.93958
0.0192331
0.842329
356.325
325.233
0.00294921
0.00837859
5.81753e-07
227.866
1.69405e-05
8.53373e-06
2.11613e-08
1.14718e-09
38.0541
17.6938
0.00498843
2.71906e-08
2.87569e-08
4.97601e-09
149.773
101.184
69.7251
190.376
81.9189
2.46038
25.2213
23.4438
0.0786746
2.26342
0.151638
3.7133
0.291479
1.20676e-06
0.000472955
6.85819e-07
7.05343e-07
1.74621e-05
1.75422e-05
7.92649e-08
3.25652e-07
4.38062e-08
3.38178e-07
1.47029e-08
8.01326e-07
2.0042e-08
3.05583e-07
2.442e-09
6.41139e-10
1.10461e-09
503.496
291.827
137.635
108.188
187.661
51.0058
89.4218
21.2039
4.43154
0.00516219
0.0696743
0.000100505
627.256
834.63
2148.24
1073.53
147.02
300.885
335.261
77.2762
761.259
210.165
0.135556
338.758
290.237
1.38193
477.51
87.4625
0.00972831
193.411
129.131
39.051
0.0675852
1042.38
1107.35
760.381
311.114
468.44
489.117
342.016
453.738
637.235
292.541
380.551
373.491
276.921
71.0923
191.543
23.1119
1352.45
1007.5
543.996
323.321
370.857
23.2218
2.18345
331.069
400.088
261.399
311.653
327.274
332.973
202.434
220.622
200.397
27.5158
298.052
182.979
149.473
11.576
3.68904
54.6602
0.805548
352.581
546.075
221.761
2.90176
121.291
0.639285
0.0282742
317.542
310.948
180.834
306.323
235.585
157.197
50.8868
124.067
129.002
5.82957
196.917
6.15186
19.8651
0.00925732
0.291777
0.00927406
0.000365966
175.703
130.743
10.9304
0.228356
1.47814
0.000291828
1.20064e-05
175.104
86.2734
12.5606
4.17417
0.185961
0.0635234
0.000496635
0.00985411
2.07215
0.000412715
0.00201438
0.000139383
5.16005e-05
6.91888e-08
0.701144
0.00310374
2.03195e-05
1.36634e-05
2.03239e-06
4.32309e-09
1904.46
1821.48
1628.13
802.632
926.787
681.607
94.137
639.649
653.683
541.961
94.4085
162.87
68.4992
0.0634289
0.00246016
382.028
380.986
293.148
28.4328
46.0628
10.5659
0.000367868
0.00179333
6.63509e-05
17.4445
3.86014
1.01412
0.00488853
0.00236794
0.000175399
639.67
980.494
1000.69
851.931
663.873
788.604
899.288
603.613
719.792
882.973
629.091
558.649
712.799
811.105
486.98
655.826
377.128
450.406
489.371
610.51
375.561
470.315
484.169
339.077
400.406
442.847
552.001
361.315
452.15
627.794
516.813
538.277
508.319
441.316
537.242
389.236
366.63
401.502
242.19
318.018
341.663
450.562
364.25
409.192
309.715
206.097
407.766
326.925
269.886
308.538
155.314
144.542
134.738
238.742
239.895
213.816
280.967
149.522
237.074
80.8139
75.8036
159.268
1633.02
1171.42
1406.97
1392.61
872.177
1233.74
850.17
714.6
1049.81
547.219
245.325
448.605
643.505
213.176
439.273
110.604
91.3243
253.953
27.7875
306.598
328.085
364.316
361.799
326.972
313.8
326.926
289.765
288.79
317.055
232.609
312.738
266.11
283.326
301.874
345.995
316.535
295.21
313.983
309.519
298.801
280.717
216.48
245.881
251.146
253.805
265.71
274.595
188.114
255.656
136.415
175.68
210.407
233.78
115.508
128.109
84.301
75.9285
18.5517
150.086
66.4754
60.0825
175.056
162.486
210.175
94.9784
219.973
105.993
163.748
117.925
15.5751
51.134
45.764
59.582
53.8223
106.947
1.77459
29.9215
1.78176
19.9664
0.0690525
1.31921
1.32522
12.6156
0.030828
16.7639
0.0517413
0.80344
500.316
284.728
416.016
596.27
444.94
490.691
253.52
334.11
373.72
25.8151
1.42622
16.5264
143.637
46.91
59.4105
1.0671
9.40536
13.5809
0.0477065
0.00110892
0.00188638
270.783
310.879
272.652
274.985
289.549
293.668
237.34
243.624
233.26
228.944
147.383
263.688
210.74
194.569
240.031
223.533
218.853
124.182
263.752
187.28
192.436
210.523
101.174
116.237
87.5709
172.834
146.004
158.38
115.666
195.115
76.9107
97.4101
145.859
168.516
50.3639
60.5287
36.8873
32.1889
1.38392
88.8084
18.2444
15.021
72.6956
57.1802
69.9436
3.35248
125.079
21.1428
28.9952
27.7145
0.147502
0.282123
0.202666
4.09603
3.03097
5.31523
0.0556908
6.53572
0.0106846
0.0556857
1.61253
0.00197039
0.00574862
0.0057451
0.0107029
1.31959e-05
0.171996
0.000201441
0.000367201
278.351
112.881
199.9
257.504
79.8954
182.835
49.6583
37.1443
109.62
4.14896
0.0432278
0.882768
13.9124
0.108355
1.6329
0.00451356
0.00616777
0.0956799
0.000183937
4.57688e-07
6.7414e-06
54.928
154.786
60.3911
28.302
125.713
79.0876
14.2637
30.4333
54.0047
34.0957
0.687401
90.9404
10.965
4.45491
9.46828
2.47926
1.05625
0.0171441
19.9528
0.684388
0.31518
2.77194
0.0190534
0.0107195
0.00347685
0.435618
0.136368
0.0694674
0.14161
22.0357
0.154869
0.069085
4.08745
1.79579
0.00514445
0.00836501
0.0119454
0.00877725
1.505e-05
0.260163
0.000406092
0.000303443
0.00382846
0.00194848
0.00118882
4.12837e-06
0.0477501
0.000150596
9.85782e-05
0.000238453
5.36633e-07
9.98123e-07
3.18928e-07
1.27641e-05
9.28494e-06
6.94203e-06
4.85583
0.0244929
0.187904
0.11878
0.000787114
0.0294866
0.000735993
0.000150569
0.00553094
0.000282512
5.35496e-07
1.04293e-05
7.24249e-05
1.63692e-07
5.49565e-06
2.26717e-08
1.48941e-08
3.40997e-07
291.484
307.8
311.134
301.488
300.261
312.136
321.014
389.637
430.849
340.337
336.049
431.192
460.3
362.342
293.901
125.67
290.941
251.058
56.0084
213.497
68.8686
325.88
319.519
323.027
309.703
315.639
332.844
321.778
1217.6
1137.9
644.492
634.959
1073.45
634.345
992.993
371.536
386.171
472.787
486.067
366.39
465.639
373.045
323.09
343.458
312.94
322.714
325.202
331.04
300.905
346.465
331.226
325.93
309.476
343.351
321.387
341.239
322.154
310.043
322.231
334.788
287.246
292.168
308.865
318.255
307.659
319.781
298.071
285.084
278.51
264.243
648.52
938.595
620.152
812.856
635.16
591.964
904.427
245.822
311.135
301.322
312.109
268.576
287.082
278.772
288.171
336.546
278.837
303.641
302.893
326.1
261.818
335.868
304.284
268.255
285.234
288.031
321.692
246.549
415.033
479.51
361.004
349.458
456.4
445.209
322.753
231.05
302.6
265.896
258.874
273.158
266.114
221.474
306.624
286.595
269.315
241.984
219.301
265.971
244.454
509.407
734.381
721.702
605.154
564.274
554.222
631.025
4.69639e-05
17.6625
0.00190356
5.7993e-05
0.088047
0.000144409
0.0193301
3.53423e-05
5.08728e-06
1.35169e-06
0.0421422
1.13022e-05
4.19164e-07
23.5836
0.0509925
0.0563153
0.076691
1.62517
2.21381
2.13096
0.00138892
0.00223536
0.0609183
0.0615151
0.00382735
0.00486436
7.85323e-05
0.132639
0.00195336
0.00238907
0.046176
6.11212e-05
0.000875427
0.00107654
0.0014977
0.00182989
0.0274159
0.000164667
3.00693e-06
8.83687e-05
2.37007e-06
3.98919e-05
6.88623e-05
0.00174764
0.000289045
0.000357719
2.05142e-06
0.00946499
5.2692e-05
6.46068e-05
1.27452e-05
7.74661e-08
2.25932e-06
7.60404
14.3978
4.05401e-06
532.581
188.653
311.629
114.581
169.86
14.2219
139.867
0.0404009
49.8266
20.1895
7.47382e-05
0.00591502
0.000147007
3.52976
194.186
0.0179259
4.55871
1.05778
14.199
0.911773
253.653
281.067
239.497
196.755
246.493
231.341
179.799
235.277
188.592
170.646
156.687
224.989
208.483
138.213
147.471
212.974
176.603
262.418
243.507
211.415
233.551
181.878
255.299
247.953
273.836
207.34
235.57
227.538
261.645
277.318
264.927
182.43
302.327
231.704
218.801
194.26
117.793
173.717
211.433
256.115
189.048
234.676
259.955
139.363
214.816
112.086
238.709
188.936
168.394
314.986
281.859
220.29
372.875
328.986
421.493
281.649
154.944
196.813
196.753
273.533
220.532
249.86
131.864
182.055
263.15
219.634
193.152
240.186
210.104
156.158
430.44
370.862
423.096
528.393
445.297
609.599
493.103
341.067
198.171
250.607
362.295
400.606
270.72
308.47
161.349
149.538
97.0945
175.885
220.854
211.102
164.437
540.199
456.77
393.432
456.417
636.11
515.248
540.784
82.4196
155.545
185.318
114.707
146.012
185.462
113.065
171.457
182.933
224.806
110.445
234.483
121.468
171.416
467.939
392.284
434.194
362.6
306.454
420.899
352.729
349.26
222.602
261.458
226.962
273.332
139.34
186.05
213.195
151.355
193.978
91.1852
137.457
77.4423
121.523
169.231
127.538
98.7277
181.099
69.696
111.296
59.0389
7.87466e-13
1.28119e-12
3.41866e-13
1.45519e-15
0
2.5364e-12
5.70539e-12
1.50373e-12
3.20994e-12
1.77679e-12
2.39379e-13
6.04944e-14
1.14025e-13
1.07476e-13
1.47197e-07
6.76778e-10
5.84908e-11
1.28674e-11
7.5275e-13
1.92397e-13
4.78134e-15
0
0
6.60883e-09
1.62007e-07
4.98018e-09
5.96664e-10
8.11092e-11
9.66653e-12
1.34605e-12
1.31591e-13
1.21612e-14
0
1.97514e-07
7.96687e-11
2.07251e-11
4.1788e-11
2.93627e-11
4.72318e-11
2.2829e-09
1.14443e-09
1.10811e-09
8.80681e-10
6.63567e-13
3.14966e-12
2.70977e-13
1.01915e-12
2.94468e-13
1.53877e-11
7.10123e-12
2.55171e-11
4.75702e-12
2.3541e-10
1.09757e-09
1.40071e-10
2.65551e-10
7.42978e-10
2.51064e-09
3.03927e-08
9.05411e-09
4.86586e-09
6.43145e-11
3.03208e-10
8.20853e-12
3.08582e-11
3.9418e-11
8.88254e-11
4.79234e-11
1.40914e-09
1.19702e-09
2.56584e-09
8.84573e-10
3.13417e-12
1.08512e-11
5.50031e-12
7.76112e-11
2.64625e-10
1.53297e-10
2.00095e-10
0.0746263
1.92073e-05
7.76255e-05
1.38482e-07
8.03372e-07
6.34484e-08
1.50419e-08
3.23897e-09
1.79909e-09
1.57262e-10
0.00130417
0.000604129
8.78116e-05
1.79519e-05
3.06232e-05
2.52348e-06
5.03174e-07
5.10786e-05
2.07695e-06
1.3539e-07
1.08504e-06
8.82742e-08
4.94789e-08
5.66829e-09
2.39023e-09
8.99633e-08
6.02862e-09
9.97251e-08
4.02004e-09
6.81676e-08
4.99616e-09
4.26485e-10
1.28356e-08
1.56067e-10
3.44161e-09
6.1089e-10
1.17515e-08
1.17635e-10
4.88663e-08
2.00037e-05
1.34352e-06
2.252e-06
3.61617e-07
8.46048e-07
1.11229e-07
2.88507e-08
4.06475e-06
2.82885e-08
3.36506e-07
8.48537e-08
4.6328e-07
1.95924e-08
0
0
0
0
0
0
0
0
0
0
0
0
0
0
0
0
0
0
0
0
0
0
0
0
0
0
0
0
0
0
0
0
0
0
0
0
0
0
0
0
0
1.39283e-14
0
0
0
0
0
0
0
0
0
0
0
0
0
8.31538e-16
0
0
0
0
0
1.64229e-14
0
0
0
0
0
0
0
0
0
0
0
0
0
0
0
0
0
0
0
0
0
0
0
0
0
0
0
0
0
0
0
0
0
0
0
0
0
0
0
0
0
0
0
0
0
2.26594e-14
6.38205e-14
0
0
0
4.57346e-15
0
0
0
7.06298e-12
7.94119e-14
0
6.23654e-16
0
0
0
0
0
0
0
0
0
0
0
0
0
0
0
0
0
0
0
0
0
0
0
0
0
0
0
0
0
0
0
0
0
0
0
0
0
0
0
0
0
0
0
0
0
0
0
0
0
0
0
0
0
0
0
0
0
0
0
0
0
0
0
0
0
0
0
0
0
0
0
0
0
0
0
0
0
0
0
0
0
0
0
0
0
0
0
0
0
0
0
0
0
0
0
0
0
0
0
0
0
0
0
0
0
0
0
0
0
0
0
0
0
0
0
0
0
1.10179e-14
3.4197e-14
8.31538e-15
1.14336e-15
0
1.03942e-16
0
0
0
0
0
0
0
0
0
0
0
0
0
0
0
0
4.15769e-16
1.64956e-13
8.67918e-14
5.2283e-14
9.30283e-14
1.14336e-15
1.03942e-16
0
1.14336e-15
0
4.26163e-15
4.78134e-15
1.14336e-15
0
0
0
0
0
0
0
0
0
0
0
0
0
0
0
1.88135e-13
2.93949e-13
3.46232e-13
1.86992e-13
9.85445e-12
8.50591e-12
7.1874e-12
0
0
0
0
0
0
0
0
0
0
0
0
0
0
0
0
0
0
0
0
0
0
0
0
0
0
0
0
0
0
0
0
0
0
0
0
0
0
0
0
0
0
0
0
0
0
0
0
0
0
0
0
0
0
0
0
0
0
0
0
0
0
0
0
0
0
0
0
0
0
0
0
0
0
0
0
0
0
0
0
0
0
0
0
0
0
0
0
0
0
0
0
0
0
0
0
0
0
0
0
0
0
0
0
0
0
0
0
0
0
0
0
0
0
0
0
0
0
0
0
0
0
0
0
0
0
0
0
0
0
0
0
0
0
0
0
0
0
0
0
0
0
0
0
0
0
0
0
0
0
0
0
0
0
0
0
0
0
0
0
0
0
0
0
0
0
0
0
0
0
0
0
0
0
0
0
0
0
0
0
0
0
0
0
0
0
0
0
0
0
0
0
0
0
0
0
0
0
0
0
0
0
0
0
0
0
0
0
0
0
0
0
0
0
0
0
0
0
0
0
0
0
0
0
0
0
0
0
0
0
0
0
0
0
0
0
0
0
0
0
0
0
0
0
0
0
0
0
0
0
0
0
0
0
0
0
0
0
0
0
0
0
0
0
0
0
0
0
0
0
0
0
0
0
0
0
0
0
0
0
0
0
0
0
0
0
0
0
0
0
0
0
0
0
0
0
0
0
0
0
0
0
0
0
0
0
0
0
0
0
0
0
0
0
0
0
0
0
0
0
0
0
0
0
0
0
0
0
0
0
0
0
0
0
0
0
0
0
0
0
0
0
0
0
0
0
0
0
0
0
0
0
0
0
0
0
0
0
0
0
0
0
0
0
0
0
0
0
0
0
0
0
0
0
0
0
0
0
0
0
0
0
0
0
0
0
0
0
0
0
0
0
0
0
0
0
0
0
0
0
0
0
0
0
0
0
0
0
0
0
0
0
0
0
0
0
0
0
0
0
0
0
0
0
0
0
0
0
0
0
0
0
0
0
0
0
0
0
0
0
0
0
0
0
0
0
0
0
0
0
0
0
0
0
0
0
0
0
0
0
0
0
0
0
0
0
0
0
0
0
0
0
0
0
0
0
0
0
0
0
0
0
0
0
0
0
0
0
0
0
0
0
0
0
0
0
0
0
0
0
0
0
0
0
0
0
0
0
0
0
0
0
0
0
0
0
0
0
0
0
0
0
0
0
0
0
0
0
0
0
0
0
0
0
0
0
0
0
0
0
0
0
0
0
0
0
0
0
0
0
0
0
0
0
0
0
0
0
0
0
0
0
0
0
0
0
0
0
0
0
0
0
0
0
0
0
0
0
0
0
0
0
0
0
0
0
0
0
0
0
0
0
0
0
0
0
0
0
0
0
0
0
0
0
0
0
0
0
0
0
0
0
0
0
0
0
0
0
0
0
0
0
0
0
0
0
0
0
0
0
0
0
0
0
0
0
0
0
0
0
0
0
0
0
0
0
0
0
0
0
0
0
0
0
0
0
0
0
0
0
0
0
0
0
0
0
0
0
0
0
0
0
0
0
0
0
0
0
0
0
0
0
0
0
0
0
0
0
0
0
0
0
0
0
0
3.43009e-13
0
0
0
0
0
1.03942e-16
0
0
0
0
0
0
0
0
0
0
0
0
0
0
0
0
0
0
0
0
0
0
0
0
0
0
0
0
0
0
0
0
0
0
0
0
0
0
0
0
0
0
0
0
0
0
0
0
0
0
0
0
0
0
0
0
0
0
0
0
0
6.23654e-16
0
0
8.21144e-15
0
0
0
0
0
0
0
0
0
0
0
0
0
0
0
0
0
0
0
0
0
0
0
0
0
0
0
0
0
0
0
0
0
0
0
0
0
0
0
0
0
0
0
0
0
0
0
0
0
0
0
0
0
0
0
0
0
0
0
0
0
0
0
0
0
0
0
0
0
0
0
0
0
0
0
0
0
0
0
0
0
0
0
0
0
0
0
0
0
0
0
0
0
0
0
0
0
0
0
0
0
0
0
0
0
0
0
0
0
0
0
0
0
0
0
0
0
0
0
0
0
0
0
0
0
0
0
0
0
0
0
0
0
0
0
0
0
0
0
0
0
0
0
0
0
0
0
0
0
0
0
0
0
0
0
0
0
0
0
0
0
0
0
0
0
0
0
0
0
0
0
0
0
0
0
0
0
0
0
0
0
0
0
0
0
0
0
0
0
0
0
0
0
0
0
0
0
0
0
0
0
0
0
0
0
0
0
0
0
0
0
0
0
0
0
0
0
0
0
0
0
0
0
0
0
0
0
0
0
0
0
0
0
0
0
0
0
0
0
0
0
0
0
0
0
0
0
0
0
0
0
0
0
0
0
0
0
0
0
0
0
0
0
0
0
0
0
0
0
0
0
0
0
0
0
0
0
0
0
0
0
0
0
0
0
0
0
0
0
0
0
0
0
0
0
0
0
0
0
0
0
0
0
0
0
0
0
0
0
0
0
0
0
0
0
0
0
0
0
0
0
0
0
0
0
0
0
0
0
0
0
0
0
0
0
0
0
0
0
0
0
0
0
0
0
0
0
0
0
0
0
0
0
0
0
0
0
0
0
0
0
0
0
0
0
0
0
0
0
0
0
0
0
0
0
0
0
0
0
0
0
0
0
0
0
0
0
0
0
0
0
0
0
0
0
0
0
0
0
0
0
0
0
0
0
0
0
0
0
0
0
0
0
0
0
0
0
0
0
0
0
0
0
0
0
0
0
0
0
0
0
0
0
0
0
0
0
0
0
0
0
0
0
0
0
0
0
0
0
0
0
0
0
0
0
0
0
0
0
0
0
0
0
0
0
0
0
6.23654e-16
4.05375e-15
1.03942e-16
6.52757e-14
4.26163e-15
0
0
0
0
0
0
0
0
0
0
0
0
0
0
0
0
0
0
0
0
0
0
0
0
0
0
0
0
0
0
0
0
0
0
0
0
0
0
0
0
0
0
0
0
0
0
0
0
0
0
0
0
0
0
0
0
0
0
0
0
0
0
0
0
0
0
0
0
0
0
0
0
0
0
0
0
0
0
0
0
4.15769e-16
0
1.03942e-16
0
0
0
2.7025e-15
0
3.53404e-15
0
0
0
0
0
0
0
0
0
0
0
0
0
0
0
0
0
0
0
0
0
0
0
0
0
0
0
0
0
0
0
0
0
0
0
0
0
0
0
0
0
0
0
0
0
0
0
0
0
0
0
0
0
0
0
0
0
0
0
0
0
0
0
0
0
0
0
0
0
0
0
0
0
0
0
0
1.081e-14
0
0
0
0
0
0
0
0
0
0
0
0
0
0
0
0
0
0
0
0
0
0
0
0
0
0
0
0
0
0
0
0
0
0
0
0
0
0
0
0
0
0
0
5.405e-15
1.02903e-14
4.26163e-15
1.2681e-14
0
0
0
0
0
0
0
0
0
0
0
0
0
0
0
0
0
0
0
0
0
0
0
0
0
0
0
0
0
0
0
0
0
0
0
0
0
0
0
0
0
0
0
0
0
0
0
0
0
0
0
0
0
0
0
0
0
0
0
0
0
0
0
0
0
0
0
0
0
0
0
0
0
0
0
0
0
0
0
0
0
0
0
0
0
0
0
0
0
0
0
0
0
0
0
0
0
0
0
0
0
0
0
0
0
0
0
0
0
0
0
0
0
0
0
0
0
0
0
0
0
0
0
0
0
0
0
0
0
0
0
0
0
0
0
0
0
0
0
0
0
0
0
0
0
0
0
0
0
0
0
0
0
0
0
0
0
0
0
0
0
0
0
0
0
0
0
0
0
0
0
0
0
0
0
0
0
0
0
0
0
0
8.93903e-15
8.31538e-15
2.18279e-15
2.18279e-15
2.06014e-13
3.42905e-13
2.10067e-13
0
0
0
5.405e-15
2.18279e-15
5.405e-15
2.18279e-15
0
0
0
0
0
0
0
0
0
0
0
0
0
0
0
0
0
0
0
0
0
0
0
0
0
0
0
0
0
0
0
0
0
0
0
0
0
0
0
0
0
0
0
0
0
0
0
0
0
0
0
0
0
0
0
0
0
0
0
0
0
0
0
0
0
0
0
0
0
0
0
0
0
0
0
0
0
0
0
0
0
0
0
0
0
0
0
0
0
0
0
0
0
0
0
0
0
0
0
0
0
0
0
0
0
0
0
0
0
0
0
0
0
0
0
0
0
0
0
0
0
0
0
0
0
0
0
0
0
0
0
0
0
0
0
8.19241e-10
1.20215e-10
6.39869e-13
6.86019e-15
1.25822e-12
3.0663e-14
0
0
0
1.21153e-09
1.10255e-10
5.55883e-13
3.53404e-15
3.69203e-13
2.57777e-14
0
0
0
1.29475e-08
2.04805e-10
2.44416e-11
1.29408e-13
0
5.08278e-14
4.05375e-15
0
0
0
1.15986e-09
1.76949e-11
1.03996e-10
1.90422e-12
4.15769e-15
0
3.72841e-13
1.03942e-16
0
0
0
0
3.13261e-12
4.24084e-14
0
0
1.40684e-11
3.0268e-13
1.45519e-15
0
0
9.77057e-14
5.19711e-14
0
0
0
1.02383e-13
0
0
0
0
0
0
0
0
0
0
0
0
0
0
0
0
0
0
3.48207e-14
7.89961e-15
6.57954e-14
1.45519e-15
0
4.3188e-13
4.58385e-14
0
0
1.03942e-16
0
0
0
0
0
1.37204e-14
4.78134e-15
0
0
0
0
0
0
1.50041e-12
3.11827e-16
5.25033e-12
3.06006e-13
1.16415e-14
0
6.75625e-15
0
0
1.35125e-14
2.7025e-15
0
0
0
0
0
0
0
1.32676e-11
2.13082e-14
1.7809e-11
1.69135e-12
7.17202e-14
8.93903e-15
4.83331e-14
3.11827e-16
0
1.12777e-13
2.71289e-14
0
0
0
0
0
0
0
0
0
0
4.78134e-15
0
0
0
0
0
8.12517e-13
1.4396e-13
3.53404e-15
0
0
0
3.83547e-14
6.23654e-16
0
1.97075e-13
3.10787e-14
0
0
0
0
0
0
0
0
0
0
0
0
0
0
8.38532e-12
6.21679e-13
2.13082e-13
1.4046e-11
3.04333e-12
4.64726e-13
8.31538e-14
1.24939e-13
1.13297e-14
3.11827e-16
1.77533e-13
3.43009e-14
1.76702e-15
0
0
0
0
1.03942e-16
0
0
0
4.59425e-14
1.00408e-13
1.04826e-12
1.72544e-14
6.37478e-13
6.34048e-15
2.32103e-13
2.05078e-13
2.28673e-14
6.02865e-14
0
1.45519e-15
7.22399e-14
0
1.60071e-14
1.74623e-14
1.03942e-16
2.3387e-14
0
3.21182e-14
0
5.71682e-15
0
0
0
0
0
0
0
0
0
0
0
0
4.49758e-13
1.00824e-14
2.742e-13
4.05375e-15
2.00401e-13
1.23379e-13
0
0
0
0
0
0
0
0
0
0
0
0
1.23795e-13
4.42794e-14
2.80644e-15
0
1.29304e-13
2.89999e-14
2.59856e-15
3.52676e-13
1.99569e-14
3.82611e-13
3.11827e-15
4.95285e-13
1.02903e-14
1.14856e-13
4.07454e-14
0
4.78134e-15
0
1.2681e-14
4.15769e-16
2.74408e-14
0
8.31538e-16
0
0
0
1.03942e-15
0
0
0
0
0
1.03942e-16
0
0
0
0
0
0
0
0
0
0
0
0
0
0
0
0
0
0
0
0
0
9.11677e-13
5.65966e-13
4.5007e-14
8.31538e-15
1.05294e-12
2.42497e-13
2.96235e-14
1.09441e-12
1.11967e-12
1.83978e-14
4.09532e-14
3.375e-13
2.33454e-13
1.14336e-15
6.58994e-14
1.33046e-14
7.81646e-14
1.00824e-14
1.9011e-13
7.06807e-15
2.50501e-14
0
0
5.71682e-15
1.6111e-14
0
1.76702e-15
1.03942e-16
0
0
3.01433e-15
0
0
8.93903e-15
0
4.26163e-15
0
1.13297e-14
0
1.45519e-15
1.45519e-15
0
0
0
0
0
8.31538e-16
0
0
0
0
0
0
0
0
0
0
0
0
0
0
3.11827e-16
0
0
1.03942e-16
1.03942e-16
0
0
0
0
0
0
0
0
0
0
0
0
0
0
0
4.98923e-14
9.08351e-13
3.53404e-14
8.32473e-13
4.47991e-14
9.25814e-13
4.09532e-14
2.7025e-15
0
0
0
0
0
0
0
0
0
0
0
0
0
0
4.40519e-11
8.04399e-12
1.54084e-12
7.80883e-11
4.27072e-11
3.96477e-12
1.44417e-12
2.71289e-14
0
0
2.71289e-14
2.01648e-14
0
0
2.5258e-14
0
0
2.43225e-14
1.49677e-14
0
0
5.5424e-10
2.04142e-11
8.23982e-10
1.75293e-10
4.57583e-11
6.46261e-12
9.43389e-12
1.11374e-12
3.26379e-13
1.34525e-11
8.65328e-12
5.26052e-13
2.64741e-13
2.7025e-15
0
0
3.01433e-15
8.31538e-16
0
0
4.78679e-11
5.08194e-12
1.36726e-12
9.36066e-11
3.92057e-11
3.25682e-12
1.08588e-12
7.45578e-13
6.82901e-14
2.20358e-14
1.51995e-12
6.34256e-13
5.02041e-14
1.29928e-14
0
0
0
0
0
0
0
4.36557e-14
0
4.15769e-16
2.66092e-14
3.66916e-14
0
6.34048e-15
0
2.07885e-14
0
1.81899e-14
0
1.06021e-14
2.59856e-15
4.45769e-11
4.3055e-12
1.28088e-12
7.21802e-11
4.24148e-11
2.71923e-12
1.19419e-12
0
0
0
0
0
0
0
6.43382e-12
1.36102e-12
3.59027e-12
2.30066e-12
4.26257e-12
2.25424e-10
1.79313e-10
1.14183e-10
9.60464e-11
1.12023e-10
1.66318e-12
1.7982e-14
0
0
30.464
1.1184e-05
0.1154
1.44152e-07
1.73293e-09
1.12881e-13
8.67387e-06
6.10763e-08
0.000309394
1.28393e-08
1.49047e-07
1.57231e-10
2.09963e-14
2.58643e-07
2.17221e-05
2.51132e-09
2.29842e-08
2.64383e-11
3.53404e-15
3.24922e-08
2.34799e-08
2.86579e-10
2.0478e-10
2.91277e-12
4.11435e-12
4.09532e-14
6.46521e-14
0
0
0
0
0
0
0
0
0
0
0
0
0
0
0
0
0
0
0
0
0
0
0
0
0
0
0
0
8.50191e-08
6.11491e-11
5.23766e-07
2.08604e-08
9.17488e-12
5.15365e-11
3.25578e-12
4.96502e-10
1.01828e-11
9.03674e-13
1.81857e-12
3.26171e-13
3.18063e-14
7.33865e-09
7.47948e-12
9.21736e-08
4.12347e-09
3.26628e-12
6.24319e-12
5.18776e-13
9.84726e-11
3.26368e-12
2.73784e-13
2.86881e-13
1.32111e-13
9.14692e-15
1.222e-09
1.66651e-12
4.3386e-09
2.01476e-10
9.65624e-14
1.05917e-13
6.19496e-14
2.28673e-15
1.8086e-14
1.28161e-13
2.8792e-14
8.72481e-12
1.14885e-11
1.9749e-15
2.08924e-14
2.80644e-15
1.68397e-12
1.4028e-12
0
1.14336e-15
0
7.3799e-15
1.76702e-15
6.02979e-12
1.00715e-08
1.95505e-09
3.03622e-10
4.98161e-11
1.47874e-09
3.68786e-10
8.93082e-09
3.06073e-08
7.53107e-10
1.05798e-09
2.58115e-08
1.45795e-09
1.12866e-11
2.63761e-10
5.08993e-11
2.97201e-10
6.90485e-11
1.17475e-09
3.68021e-11
8.16694e-11
6.73234e-13
3.87102e-12
1.09873e-10
1.06031e-12
2.16249e-11
1.93489e-12
7.88922e-14
6.40284e-14
2.61436e-12
1.70701e-11
1.21612e-12
2.52358e-11
2.08612e-13
3.15826e-11
5.18984e-13
6.70729e-12
6.25524e-13
1.27849e-14
2.42185e-14
3.67228e-13
9.13424e-12
1.56745e-12
1.16803e-11
2.27046e-11
3.59512e-11
4.15353e-13
1.97833e-12
2.82027e-12
1.14336e-15
1.45519e-15
4.23045e-14
4.88529e-15
1.30967e-14
0
1.03942e-16
6.70274e-09
2.09011e-10
4.54954e-09
2.83964e-10
6.19508e-10
2.00546e-10
2.78573e-11
5.47682e-12
5.87535e-10
1.29201e-10
3.17817e-11
5.45635e-09
1.44939e-10
2.17181e-10
3.17429e-09
3.20074e-10
3.14082e-12
7.60822e-11
1.86734e-11
7.01148e-11
1.85043e-11
3.187e-10
2.95123e-12
9.998e-12
1.06541e-13
5.05263e-13
2.57018e-12
9.45874e-12
1.35437e-13
2.33558e-13
1.56953e-14
4.41027e-13
1.10179e-14
3.32179e-12
3.71178e-13
5.62795e-12
6.4756e-14
8.05085e-12
1.41465e-13
1.64873e-12
1.71193e-13
5.92471e-15
8.31538e-15
1.73272e-13
1.21165e-12
2.2306e-13
1.36715e-12
6.07293e-12
8.68146e-12
1.36372e-13
8.47441e-13
8.87875e-13
0
0
1.33046e-14
6.23654e-16
2.80644e-15
0
0
1.34276e-09
4.70262e-11
1.23885e-09
4.45451e-11
1.15859e-10
4.19319e-11
5.4815e-12
8.92864e-13
1.17165e-10
2.29203e-11
4.73914e-12
2.60261e-10
2.34411e-12
9.44305e-12
7.10302e-11
1.83082e-11
1.85329e-13
2.80977e-12
3.23468e-13
4.91117e-12
9.05753e-13
8.5399e-12
4.20758e-13
1.893e-12
1.56953e-14
5.87274e-14
4.32816e-13
1.28753e-12
1.49677e-14
2.26178e-13
2.94157e-14
1.68283e-13
7.72291e-14
3.26794e-13
4.57346e-15
9.14692e-15
3.38852e-14
3.46855e-12
2.05286e-13
4.833e-12
1.13817e-13
7.05208e-06
2.42236e-05
9.50001e-07
0.00319051
1.13308e-06
2.72336e-06
1.46332e-07
3.57165e-09
1.88809e-08
3.34731e-10
3.00887e-08
1.28932e-09
3.10488e-09
9.1051e-11
4.59272e-07
2.02188e-06
4.83495e-08
0.000166169
2.60503e-07
1.18581e-06
2.73375e-08
2.78733e-09
1.12599e-09
9.24959e-11
8.57424e-09
1.44133e-09
7.14603e-10
4.74283e-11
1.07189e-07
4.09767e-07
9.81039e-09
4.10269e-07
1.24955e-08
4.80885e-08
1.09174e-09
2.26611e-10
1.85598e-09
2.31968e-09
9.83638e-11
2.20753e-09
1.39714e-09
1.38351e-10
4.5566e-11
3.11167e-09
4.69586e-11
2.2358e-12
7.35287e-13
2.80644e-14
4.46952e-15
0
0
0
1.42537e-10
3.10164e-13
5.46217e-13
5.73761e-14
5.50894e-15
3.15465e-13
1.08412e-13
1.16415e-13
4.16289e-13
1.88135e-13
6.44442e-15
1.38243e-14
4.26163e-15
2.32831e-14
1.74623e-14
5.32184e-14
2.91038e-14
4.456e-13
1.44792e-12
9.4338e-13
1.24835e-12
1.14336e-15
4.57346e-15
1.45519e-15
7.77488e-14
7.33832e-14
1.47806e-13
6.4756e-14
7.22399e-14
1.49032e-12
1.14336e-15
3.69151e-12
4.51941e-13
2.58712e-13
4.08223e-12
2.59024e-13
1.52068e-13
2.92961e-12
1.41258e-13
2.9715e-12
1.4269e-06
3.86005e-10
2.51915e-11
5.14493e-12
4.64622e-14
1.01077e-08
1.23289e-09
4.91999e-11
4.84665e-10
2.20665e-10
1.12385e-11
9.50664e-11
5.64843e-12
2.31999e-13
1.47975e-08
1.9125e-11
4.44703e-10
5.15242e-13
1.07819e-12
6.54005e-13
4.52149e-14
8.77684e-11
3.09383e-10
1.30042e-10
2.56721e-11
3.66282e-12
1.60071e-14
2.823e-10
7.14967e-12
2.56724e-10
1.07242e-07
2.43112e-07
3.04697e-09
7.35837e-09
1.54382e-07
4.06467e-09
8.6618e-08
2.2936e-09
2.87696e-08
4.68094e-08
1.01597e-10
9.5544e-09
4.91602e-10
9.95119e-09
4.71545e-10
4.49552e-09
1.13679e-08
2.11487e-11
1.51621e-09
7.67264e-11
1.45639e-09
1.66218e-11
1.28966e-10
3.48837e-10
7.66574e-13
9.23389e-10
5.68492e-10
4.44332e-11
7.7676e-12
1.08815e-09
2.36908e-10
3.19521e-11
4.8906e-11
5.64718e-13
6.07147e-12
1.05616e-12
1.11984e-11
3.07305e-12
1.58102e-11
2.12318e-11
4.62959e-13
1.06264e-11
1.86659e-12
2.5944e-13
1.13806e-12
2.29712e-14
7.93079e-14
1.44272e-13
361.702
209.138
18.6948
0.00151082
96.6489
0.293571
0.0023797
1.56441e-07
43.9218
0.00109853
6.83043e-06
1.42987e-07
6.40288e-09
0.00441781
0.0521361
3.88066e-07
0.826053
0.000102545
4.46712e-05
1.23582e-08
1.30599e-08
1.41427e-06
5.24974e-10
4.13857e-06
4.16959e-06
7.68047e-09
3.34177e-06
3.57517e-09
3.17273e-10
1.38836e-10
9.97536e-07
1.4095e-09
1.52616e-07
8.47583e-11
6.36756e-11
3.01661e-12
3.0986e-05
0.000413359
8.55098e-06
9.99284e-09
9.85204e-09
0.00818589
1.56426
0.00101496
0.0141394
0.434896
0.000280756
0.0296166
0.000154269
1.04451e-05
1.95427e-05
1.26519e-07
3.16755e-06
5.4485e-06
0.000551996
0.000620725
0.00104353
0.00127094
1.0514e-06
0.032322
2.11297e-05
2.83207e-05
1.20712e-05
2.35641e-08
2.34439e-07
4.1201e-08
4.71038e-07
4.33586e-07
8.55448e-07
6.15189e-07
4.68299e-09
1.72072e-07
3.04669e-05
3.63732e-08
6.47136e-07
1.02688e-09
1.88986e-09
1.43417e-08
2.80493e-06
0.000105916
1.94925e-07
3.73752e-06
1.69836e-07
4.1979e-07
1.98487e-07
2.55008e-08
6.86921e-09
4.2867e-07
1.8554e-07
2.63262e-08
3.06204e-07
6.55757e-09
1.12565e-07
1.32535e-08
1.99272e-07
1.81122e-08
2.63259e-07
1.39564e-09
2.87541e-10
1.52723e-09
2.36239e-10
6.69319e-10
1.04143e-09
9.75914e-08
3.10756e-08
5.11029e-09
1.01192e-09
9.59016e-08
2.28897e-08
5.2802e-09
2.07301e-08
1.72674e-10
2.46133e-09
4.01625e-10
3.63266e-09
1.23353e-09
1.08283e-08
2.57293e-10
4.47786e-11
2.64905e-10
8.01093e-12
1.55672e-11
6.19598e-11
3.61629e-05
1.46142e-08
2.57552e-07
8.40162e-11
6.39568e-10
0.00057967
1.14558e-06
4.7005e-08
3.58755e-07
6.26858e-06
1.14315e-08
5.78288e-10
1.54299e-09
1.45368e-08
3.28911e-11
1.41361e-12
1.04678e-07
1.66085e-09
4.22309e-09
1.46737e-09
1.44462e-11
3.18137e-11
6.80105e-12
3.26869e-11
2.6192e-10
1.09346e-11
2.54959e-06
6.04696e-05
2.09879e-06
1.998e-06
2.70497e-05
7.86562e-08
1.2523e-07
1.32076e-06
8.22891e-08
4.34719e-09
7.18005e-09
3.73363e-07
8.61874e-06
3.13648e-08
8.57835e-08
5.22727e-07
1.79163e-06
2.59493e-08
2.18108e-07
2.02474e-08
2.02227e-07
5.08983e-09
3.51771e-07
1.10718e-08
1.41167e-07
1.12461e-09
1.7507e-10
5.08693e-10
5.25982e-09
2.30668e-08
3.4147e-10
7.85698e-10
8.03187e-09
1.89578e-08
1.84505e-10
9.09786e-10
7.07338e-11
8.85849e-10
9.00265e-12
1.45175e-09
3.25093e-11
2.45647e-10
3.39132e-12
3.99866e-13
1.19211e-12
5.49154
93.1244
0.0654529
133.372
0.169971
39.7362
0.00156698
27.8127
0.0123799
0.702624
1.98343e-05
17.9033
0.00637934
8.66921e-05
0.732321
8.47259
0.00110706
1.78945e-05
1.30473
2.56247e-05
1.73099e-06
3.53889e-06
0.000181944
1.13142e-06
1.02299e-07
1.07045e-06
4.15909e-08
3.81259e-09
0.000175471
5.84218e-08
3.34773e-09
1.05058e-05
1.50303e-08
7.4914e-10
0.000179737
2.54279e-07
9.02544e-07
4.94646e-07
5.89095e-06
6.6025e-06
1.22995e-05
1.11444e-08
2.0265e-08
2.3217e-07
3.17065e-07
2.71395e-07
4.41936e-08
9.75142e-09
8.47277e-07
2.37402e-07
1.95932e-08
2.33332e-09
3.71078e-10
1.10056e-09
3.24718e-07
2.40962e-10
1.06102e-11
3.89259e-11
3.31461e-12
1.50277e-08
4.7298e-10
1.29884e-09
7.32912e-11
4.51919e-08
8.11191e-10
6.02626e-09
1.65249e-09
1.75389e-08
3.10351e-09
2.97531e-08
3.52444e-11
7.32114e-11
1.79387e-10
1.4e-12
6.02344e-11
1.73729e-12
2.70568e-11
3.34788e-12
2.23946e-11
1.27007e-12
4.43951e-07
2.39948e-07
8.68839e-10
1.31927e-11
9.8903e-09
6.06448e-09
3.25745e-10
1.18475e-11
7.71661e-10
3.57532e-11
8.55008e-10
2.74362e-11
3.17099e-10
3.28208e-11
441.089
223.836
289.011
42.8127
116.778
7.52468
5.24559
159.057
91.994
130.528
1.7857
0.0692519
11.3342
0.0331733
80.1439
16.4132
1.39099
0.00628745
0.00036963
0.000143936
11.0001
311.539
205.192
228.03
134.473
215.605
192.463
113.119
181.314
142.682
163.739
92.6363
79.5519
62.4449
73.9543
367.094
469.137
389.678
348.73
292.032
268.972
323.488
149.98
116.468
135.042
59.1713
70.7078
55.0091
45.1355
110.245
92.1563
42.107
126.211
184.757
166.858
108.322
177.911
115.551
127.737
110.726
99.9721
55.4775
43.047
99.3521
130.419
78.5261
169.035
195.992
115.847
146.273
51.5402
146.156
103.088
158.745
211.154
116.391
173.329
153.98
124.042
210.98
92.2895
153.95
185.98
63.7451
139.173
244.435
145.158
135.433
200.865
191.87
82.2307
79.8633
211.182
114.368
97.9216
155.423
136.332
46.2057
302.202
404.811
337.892
250.07
201.316
238.749
290.41
83.3337
130.343
115.203
29.8055
23.4148
42.715
52.1127
139.885
259.786
175.521
58.7404
127.504
162.712
87.0552
21.5239
112.599
42.1677
63.8353
94.6814
30.4091
13.5358
78.3225
42.1946
21.4143
118.402
76.4341
149.94
107.364
63.6241
75.0172
104.985
13.9574
19.4156
36.8565
28.9421
307.494
232.484
276.974
367.202
448.146
388.02
318.902
21.1363
9.88899
34.7456
109.064
59.4888
39.6409
85.0351
26.1828
43.327
11.9049
57.2626
110.678
142.13
84.6222
233.547
251.661
300.571
401.511
333.451
284.593
343.365
61.3805
155.221
54.9992
125.971
88.0086
79.2335
28.3116
134.695
154.323
71.9303
309.322
239.612
214.634
144.874
27.7783
61.1416
18.5851
150.555
84.4491
128.49
66.5782
15.5733
11.5619
46.2907
118.241
107.188
51.1842
59.66
31.7934
24.7553
5.03031
44.8275
91.5873
80.402
36.8378
173.028
44.4642
89.8222
205.211
264.006
115.622
172.611
46.6741
9.46683
36.6958
64.0448
117.448
50.698
100.419
0.000677133
6.85704e-06
0.231747
3.38067
0.11859
2.77402e-05
2.46693e-06
257.522
312.489
259.544
109.13
202.786
157.329
149.326
71.5908
23.9112
45.8963
6.96143
1.7597
17.4818
6.19565
82.5231
231.311
185.146
162.467
95.5383
64.6934
207.181
0.0500186
4.11595e-06
0.0136882
0.00178068
0.000909976
1.48504e-06
2.73985e-06
21.449
60.5658
50.2984
1.47841
11.5495
2.29678
8.43156
36.3708
51.652
115.389
95.5064
3.91217
25.0523
37.8373
1.15699
25.4183
19.666
12.1852
0.805677
0.521316
16.348
3.09991
77.8674
69.4456
57.0835
29.3567
22.2539
17.9314
80.4523
34.3152
80.4329
86.4067
143.686
30.0711
34.3019
60.4285
181.155
100.19
51.4463
31.7004
89.0931
11.4145
35.2918
12.7456
44.1402
1.07917
4.12946
6.59849
0.596444
0.477963
0.829913
16.0559
9.62092
0.220595
0.374947
6.49014
3.34884
19.9044
58.0477
70.0014
125.269
72.7549
29.0207
0.685913
34.3016
12.5558
30.4701
91.0665
54.0559
10.9848
15.0472
5.8139
32.3571
60.5748
88.9343
36.9116
18.2521
4.70022
0.400593
9.81205
2.03091
36.8636
62.0782
24.0981
3.16629
0.423377
5.31711
30.3251
10.0861
74.5892
39.2452
2.58868
0.336482
0.168905
41.339
31.4593
9.61806
5.71295
14.4439
8.53045
0.41124
60.8726
47.0805
13.7983
8.33403
1.63323e-05
7.66895e-07
2.63239e-05
2.7427e-07
0.0314294
0.114249
4.32348e-06
24.012
137.169
99.0082
133.165
69.711
43.9613
175.427
689.828
429.036
287.437
272.635
309.416
287.67
265.76
217.252
269.718
237.693
248.552
450.587
334.145
352.753
377.982
315.051
407.473
287.708
534.056
767.923
569.225
467.348
647.38
506.565
576.723
278.659
253.389
245.66
203.889
227.345
236.358
193.384
56.2103
120.623
160.477
260.795
215.805
140.237
181.027
2.40153
1.08236
9.32728
20.4142
30.5323
57.6195
6.51668
0.355075
10.3023
45.7723
71.3666
1.41324
13.7076
22.976
0.470807
41.4244
5.45886
29.3403
6.04915
2.65742
0.203056
130.601
152.444
196.499
42.2
22.5532
61.2313
93.2744
0.0460619
2.52378
1.65838
5.61737
0.274387
0.181207
7.98362
0.0184572
0.662628
1.18308
4.22407
0.0744529
0.130575
2.59636
58.9711
1.29757
12.8243
138.915
60.7247
73.9799
19.3759
0.137031
0.0329165
0.901589
0.971625
15.2375
30.771
3.59409
0.0627721
0.315917
0.0170903
0.675908
9.48327
19.9786
2.42467
5.94759e-06
7.60147e-05
4.59586e-07
1.04174e-05
2.39265e-07
1.63574e-06
5.47989e-08
22.1144
6.15266
1.47163
0.0391514
1.5529
0.202411
0.303116
1.63137
0.0436085
0.834087
21.9421
2.83479
14.6849
1.38434
0.0328945
0.621316
0.366175
12.1482
1.03033
0.618493
8.66199
0.00774427
2.99027
0.32107
0.106085
1.09958
0.0024817
0.0260144
1.25673e-05
1.66707e-06
0.00101358
0.000163731
4.22665e-06
4.90302e-07
1.13236e-07
1.84532
19.7104
9.06196
30.4086
94.8334
62.9985
53.0207
2.24732
6.24586
0.530904
0.0145411
0.200688
0.859046
0.0631608
5.57881
0.0378327
0.179756
0.0806872
2.84
0.60836
0.0164097
0.155128
0.0692099
2.06807
22.0627
1.80063
0.141972
4.09516
0.147595
3.02814
0.20292
0.282353
27.7331
5.32175
4.09823
0.203355
0.310374
5.60841
0.203157
32.0776
5.6041
3.6814
0.0328983
0.0226242
0.331552
0.0833492
10.0757
1.42154
0.959299
0.00295434
0.592463
0.0440111
1.59921
0.105842
1.44515
12.7048
16.1297
19.7242
9.47965
1.70895
0.578618
0.253594
0.751266
84.0558
6.30435
26.5545
0.184951
4.11087
20.7022
2.05203
6.99364
0.393166
4.59214
0.0112598
0.0186223
0.146719
0.23655
0.0034806
0.000500071
0.0107575
0.13606
0.019086
2.77852
0.43698
0.00122116
0.00658897
0.0243543
0.863425
0.128979
0.22175
3.99835
0.000758767
0.160177
0.0202808
0.181025
0.0237836
4.63553
0.682907
8.03226
40.07
66.2155
0.200937
9.82537
3.57463
0.720379
3.53261
2.10454
0.169301
0.0047985
0.00851684
0.109128
0.0606519
1.18323
0.0672327
0.00931091
6.99695
2.81231
22.6161
0.425701
0.00164985
1.09795e-06
3.16213e-08
2.2962e-05
1.36651e-07
7.73281e-08
1.11045e-08
0.00122389
0.233633
0.0466863
0.0257445
0.954796
0.197331
0.00523205
0.000120569
0.330141
0.0109703
0.000292093
26.0976
9.41046
21.3481
0.531975
630.056
416.063
268.785
231.145
227.556
135.468
69.4821
0.0329283
446.399
323.278
350.475
479.968
380.574
361.021
456.684
301.891
245.943
279.2
335.225
312.111
311.119
287.086
266.48
259.151
221.543
302.644
298.065
265.9
273.17
509.825
719.756
554.234
835.694
606.263
735.201
565.015
975.539
320.907
843.753
462.525
443.337
369.53
564.227
592.516
311.605
293.685
310.924
303.261
204.788
238.8
178.358
149.158
294.32
305.388
300.699
314.086
301.436
298.88
315.863
425.771
328.615
345.031
457.398
357.523
458.138
359.57
622.174
1021.86
623.799
604.053
869.288
590.817
827.779
317.245
317.208
307.15
302.512
305.014
296.513
294.932
317.952
305.901
301.867
294.039
272.424
289.775
310.242
459.229
363.764
360.28
337.084
431.924
449.987
353.312
389.464
284.247
303.667
443.333
349.739
429.075
336.954
307.353
295.072
297.849
255.064
262.665
283.395
277.91
258.339
218.777
237.148
305.191
284.259
271.407
292.909
596.983
914.455
614.592
713.44
540.796
569.536
774.429
454.91
595.786
477.119
551.468
727.697
531.373
692.005
222.689
191.287
208.87
275.323
266.518
261.085
251.342
343.26
225.73
258.2
292.095
380.657
407.609
317.402
212.013
161.126
193.559
247.138
226.915
252.339
273.596
180.346
136.027
167.118
203.246
214.223
240.583
230.356
471.438
475.033
392.13
523.465
426.086
504.258
646.032
248.089
181.899
207.369
290.227
255.3
235.573
273.823
59.2258
14.0323
40.4442
53.0718
72.214
7.40023
4.19748
191.872
139.209
82.2624
145.175
200.877
244.429
196.927
1.68906
4.90609
43.3777
12.4892
26.0921
1.68829
0.449657
7.01806
32.1432
13.491
0.513301
0.20306
2.55648
1.13381
17.9541
3.10506
29.3791
77.8823
22.2629
57.1063
129.154
3.57469e-06
0.00437544
5.41128e-05
3.60383
4.95179e-05
0.000214276
1.00395e-06
5.84865e-06
0.00902202
0.0167804
0.592226
0.00632997
0.237408
0.117313
0.00298725
3.60196
0.0124731
0.0897228
10.9063
2.47569
0.0593335
0.368582
0.532667
2.47888
0.0897798
0.368941
10.913
0.0594258
0.0124905
0.332081
0.0226819
0.00201828
0.961684
0.0835042
1.42275
10.0859
0.000269913
0.00104096
0.0421189
0.141858
0.00363732
0.0420981
0.00104019
0.00160404
0.00862781
0.00113067
0.041328
0.468268
0.0624437
0.309544
0.0927841
0.0116195
0.165688
0.00437899
0.00250291
0.0345717
0.000313271
3.12302
0.100903
1.43389
0.00539629
0.0675928
0.0285601
0.0022842
1.13703
0.0675516
0.0214188
9.87677
4.03755
0.0847973
0.256529
0.818087
0.0246275
0.356834
0.0137134
0.0105169
0.00100259
0.000428347
0.00496656
0.000696249
0.000318906
0.0128375
0.00165496
0.0662779
0.0281959
0.00925708
0.00191831
0.0834924
0.654571
0.0835587
0.0153036
0.00191994
0.00847416
0.000366868
0.000801919
0.0280371
0.0126729
0.669117
0.316814
0.0562141
0.00678879
0.289026
0.0043625
0.025103
0.000587676
0.000104337
0.0184592
0.733259
0.214739
3.44902
1.0378
8.7294
19.7783
0.00084979
0.00347848
0.000461414
0.0305054
0.126723
0.226901
0.0166963
0.143646
0.0109166
0.0574952
0.000295714
0.00155936
0.00382529
0.0199258
0.00010494
0.00059031
0.0251696
0.0563318
0.289581
0.00680956
0.00130472
10.2462
0.0301655
0.564422
0.0152267
0.0123243
0.302597
0.000653719
0.0131993
0.172667
0.00465958
0.0741028
0.000157159
0.00195756
0.00557497
0.0333728
0.0218204
0.0147996
0.00136026
0.0009591
0.000590071
0.000423598
0.0241287
0.00615178
0.0107537
0.000383344
0.000690628
0.000303984
0.000171252
0.00436143
0.00103234
0.0265221
0.000759554
3.34985e-05
0.0032473
0.000133366
0.00076324
0.000124489
3.53349e-05
0.00419211
0.00103104
0.0281873
0.111365
0.2606
0.000306647
1.77546e-05
0.000416091
0.00879359
0.000408081
0.0119567
2.85098e-08
1.17548e-07
1.70909e-06
4.02638e-08
1.46053e-08
1.13455e-08
1.46938e-08
0.02535
0.00154952
3.92407e-05
0.000422485
0.00754223
1.25047e-05
0.000181399
0.0342917
0.727969
0.228992
0.000637315
0.0135438
0.00427535
0.00211578
0.000146514
0.000218295
3.08749e-05
0.00103148
0.0419844
0.00545179
0.00811753
0.00791751
0.000180084
0.00227543
0.032377
0.47095
0.00914175
0.000727203
9.28628e-06
3.4178e-05
0.0013901
5.4035e-05
0.000215747
0.00212122
0.00902375
9.346e-06
3.47149e-05
0.000216334
0.00212274
0.00903304
0.00139253
0.000292822
0.00119258
0.0478939
0.00383818
5.3997e-05
6.45177e-06
0.000153132
0.00195383
0.00239917
0.0053805
0.100311
1.14826e-05
0.000139496
0.0002816
0.00537725
0.0019217
0.000142724
8.0739e-06
0.000173606
0.00477274
0.00230721
0.0658723
3.88055e-07
5.14796e-08
2.20818e-08
1.60479e-08
2.52733e-08
7.89057e-07
1.38726e-07
0.0453419
0.00130645
0.024695
0.00070985
4.38846e-05
0.00118457
6.83969e-05
0.00100271
0.0186961
0.0108035
0.00030859
0.00054345
2.04531e-05
3.33875e-05
0.0184696
8.82436e-05
0.000998895
0.00395107
0.0856316
1.01488
0.0469241
0.00028845
0.00440802
0.000130025
0.00259381
0.0934508
0.0060256
1.19995e-05
1.56409e-05
0.000392989
0.00531573
0.0227566
5.23801e-05
0.00059071
0.00169526
0.0343176
0.000228548
0.0114936
0.00494167
0.000286842
9.71179e-05
0.0146781
0.000761227
0.000175628
0.00767351
4.94862e-05
0.000531881
3.13426e-06
1.42107e-05
8.2784e-05
0.0157951
0.00117923
4.78967e-06
3.3389e-05
0.000413554
3.31576e-05
0.00125278
6.90502e-05
0.000238463
0.0036497
0.247642
0.0700513
0.0129463
0.00124723
5.80054e-05
4.56841e-05
0.00725544
0.00497035
0.000195759
0.000143279
0.000501651
1.94927e-05
3.13119e-05
0.00200974
0.00359747
0.000101742
5.85671e-05
0.00487675
0.00213227
0.000436487
0.00013275
6.10223e-05
3.4058e-05
1.81041e-05
3.15e-06
1.92204e-05
0.000761944
0.000532651
1.42498e-05
0.00768633
0.000175812
1613.74
1503.59
557.808
1192.3
300.129
321.718
308.177
316.457
348.787
1346.64
606.404
285.486
402.593
286.76
436.547
318.283
304.111
346.16
332.688
329.312
356.193
320.76
1695.16
368.344
1645.19
1511.31
301.012
295.537
358.301
342.107
377.796
326.855
298.174
353.249
340.314
330.85
361.078
247.755
329.434
283.818
1219.71
441.699
809.428
960.337
467.108
494.5
316.559
334.741
329.432
323.719
351.809
309.619
339.334
349.076
356.668
336.821
363.78
351.935
356.763
303.567
350.692
328.385
218.766
317.059
322.804
316.422
223.816
161.085
94.8621
193.179
37.6846
79.8925
185.042
62.8811
2.4059
0.402211
411.184
352.076
353.565
332.287
406.211
335.558
312.903
423.218
376.443
366.893
344.783
420.88
339.126
324.731
529.045
1709.21
548.841
1663.3
520.92
518.604
1657.55
358.017
368.801
366.367
408.833
380.957
354.872
356.172
305.858
1130.01
986.746
461.548
296.241
1288.18
392.83
307.034
276.454
294.7
319.64
279.92
314.876
291.084
327.666
341.352
320.683
295.249
328.447
328.16
301.63
311.816
346.069
333.18
304.069
319.779
327.202
312.274
321.009
285.211
305.427
317.096
288.464
301.424
304.106
289.275
322.417
279.737
324.281
314.985
322.184
300.381
526.315
1674.55
521.811
1618.88
542.239
526.486
1644.39
329.79
318.311
337.328
335.373
335.883
322.69
344.77
360.384
346.124
361.226
350.613
339.458
346.312
353.315
510.503
1562.68
515.492
521.369
1560.53
532.939
1612.79
314.931
292.456
299.328
313.163
297.934
299.612
315.406
290.167
327.826
324.042
347.725
295.307
292.922
334.97
347.808
293.207
335.14
324.51
286.024
328.159
290.849
299.839
313.283
315.534
315.238
292.829
299.793
308.41
275.9
282.122
296.552
273.169
285.181
280.054
293.042
268.824
275.845
319.297
269.271
316.409
333.557
278.895
340.302
326.246
334.597
329.803
344.754
347.672
333.939
1549.54
1604.69
539.666
1513.18
587.711
1577.71
563.347
344.729
329.844
347.652
334.001
334.783
326.353
346.195
342.278
341.871
326.705
329.085
356.601
328.059
304.839
530.573
1493.05
551.345
1423.11
555.304
577.114
1399.58
306.676
328.107
313.322
316.777
300.884
307.697
322.71
1576.79
587.393
563.262
539.671
1546.88
557.581
1602.97
372.681
328.563
309.336
309.408
372.668
298.882
351.318
311.286
304.164
322.579
304.251
301.656
318.326
317.049
289.562
301.699
288.839
300.309
310.967
311.788
297.975
310.943
298.114
311.803
289.842
304.27
289.023
301.813
294.63
358.954
339.373
366.629
393.056
317.887
303.177
317.775
303.291
366.542
287.139
339.5
358.934
294.802
277.715
375.884
338.444
358.842
312.53
290.147
400.094
274.58
287.93
285.159
287.512
281.049
292.067
294.05
350.336
349.471
347.815
352.483
355.975
354.726
353.563
347.132
334.06
348.279
347.119
332.68
348.011
333.67
647.607
1446.24
619.411
1445.3
1526.35
619.189
590.537
580.459
1359.58
1469.66
1417.37
613.633
1290.23
635.878
337.296
336.152
328.485
342.051
334.097
337.095
342.167
319.835
314.912
329.498
322.261
326.019
340.614
336.354
334.702
340.56
336.272
325.996
319.874
314.895
329.448
635.507
1415.47
613.187
1467.17
580.059
605.88
1357.09
314.45
299.704
298.877
304.439
319.178
304.317
319.517
320.603
339.998
322.45
326.515
331.799
308.354
319.347
320.725
319.381
322.556
308.348
326.58
340.216
331.911
624.239
1175.16
614.229
1313.12
586.926
605.538
1276.6
477.172
441.546
347.948
381.272
354.582
325.459
399.776
399.931
436.821
348.274
354.692
325.555
381.499
477.381
432.171
363.723
338.088
431.202
340.373
389.863
311.101
302.276
303.101
313.436
307.841
311.073
291.557
300.856
335.427
349.246
345.531
342.99
336.148
344.422
331.207
361.701
358.643
359.702
366.328
361.658
356.16
355.24
331.256
345.585
335.483
349.286
344.472
336.227
343.085
344.041
340.848
350.485
356.695
349.166
348.307
356.329
343.405
348.352
345.362
356.542
351.517
345.637
350.319
343.956
350.41
348.205
356.235
349.004
340.763
349.035
656.853
1079.33
661.78
1219.19
664.442
1331.92
644.141
23.354
4.17994
214.834
219.039
106.174
286.082
302.608
664.604
1333.11
644.496
1193.46
657.035
1079.91
661.826
311.153
322.653
316.668
319.478
332.961
311.561
325.805
339.937
343.001
338.456
344.642
344.282
348.208
340.381
338.053
335.796
332.781
338.631
327.835
332.518
343.562
632.911
1065.91
632.933
1138.94
644.732
627.269
1218.73
474.471
367.829
374.501
468.715
486.493
371.634
386.24
480.6
395.634
386.183
395.732
494.588
386.231
484.88
332.027
313.659
301.656
331.129
323.179
343.447
325.226
343.758
334.761
332.401
351.892
339.863
332.433
316.019
360.01
363.926
356.609
354.434
347.041
337.196
353.44
347.807
329.053
328.821
328.838
329.072
301.4
305.936
363.994
361.113
360.034
347.073
354.494
337.237
353.5
358.54
351.478
346.31
359.998
363.752
331.654
346.329
346.871
359.023
333.353
352.034
319.879
348.039
341.937
329.199
285.937
299.461
330.334
271.623
321.5
289.425
645.709
1091.33
666.358
960.484
844.319
645.661
611.286
310.72
292.822
287.854
327.338
334.86
322.271
322.187
358.946
319.808
347.952
346.786
351.827
351.919
333.264
332.182
322.219
310.12
343.477
341.279
338.88
346.577
591.433
899.432
619.117
1043.51
649.371
939.805
636.29
313.968
328.38
324.72
305.717
277.394
260.979
250.186
319.188
297.131
285.219
327.855
344.642
343.221
319.505
341.731
276.464
313.635
301.002
334.418
307.976
328.419
288.605
261.99
279.268
336.594
317.548
303.619
326.089
340.799
324.804
324.819
293.767
311.419
277.619
311.405
341.71
356.723
313.601
300.956
307.962
334.361
276.434
306.969
252.297
286.548
252.294
306.983
273.75
227.28
264.53
234.616
293.084
275.541
213.666
247.019
302.649
221.239
241.68
144.411
137.027
203.622
226.985
118.518
268.443
246.589
285.586
287.968
321.647
335.858
306.267
275.494
247.013
213.655
316.374
293.03
264.525
234.601
286.937
234.111
275.777
175.827
225.187
212.114
160.608
244.516
285.174
201.654
248.408
285.161
280.513
244.507
131.759
121.231
208.43
96.1439
185.767
173.46
85.1765
150.757
252.927
259.752
224.15
223.805
186.211
194.379
261.764
182.424
231.699
277.288
264.879
302.275
235.565
252.96
150.746
186.208
224.155
259.761
283.845
194.379
122.519
180.359
180.365
66.7981
206.901
150.164
94.8536
106.15
70.0204
155.841
51.5402
132.462
172.667
86.4573
112.095
188.931
238.672
168.391
259.903
193.396
139.356
86.4751
51.5573
172.679
132.477
193.196
155.851
70.0351
155.435
114.402
46.2409
97.9489
211.163
175.111
136.351
134.196
107.234
60.9083
107.244
228.127
185.046
155.413
90.1261
57.1773
141.746
128.068
16.921
47.3564
76.8973
62.8663
31.6507
13.9804
69.5077
103.149
145.887
112.242
37.6923
31.667
69.5266
145.9
103.168
112.25
13.9904
39.6568
21.1495
85.0506
109.065
9.89312
34.7533
59.4852
0.186466
9.33818
1.08502
20.4359
6.52922
30.5548
57.6436
3.45593
15.821
3.45825
36.3374
11.5112
36.3474
73.612
8.32009e-06
0.000188231
2.68204e-05
3.44618e-06
2.21892e-05
0.0053347
0.00071538
5.50536e-07
1.51572e-08
6.76448e-08
2.49145e-08
1.40852e-08
2.32925e-08
1.76066e-08
0.000611646
4.48739e-05
0.00177774
8.14372e-06
0.000183515
5.28977e-06
6.07954e-05
0.0222587
0.00146088
0.000201788
6.43204e-05
3.61165e-05
0.000421931
7.88904e-06
0.000189128
0.000670029
0.00359897
2.09533e-05
9.84752e-05
3.20051e-06
7.46289e-06
0.00016084
0.000115027
1.62327e-05
0.00031627
0.0004823
0.00404802
0.00614286
1.17658e-05
4.92097e-05
8.69633e-06
0.000135088
0.000240921
0.00304014
0.00166526
2.48044e-05
0.0046194
0.000579473
2.95897e-06
0.000129237
1.83738e-05
7.57673e-06
0.000233218
0.000449151
0.000161473
9.36919e-06
1.73117e-05
1.12484e-05
6.48575e-06
1.49678e-05
0.000258492
0.00164444
3.05386e-06
4.89889e-06
4.07328e-05
8.73378e-06
9.4733e-06
0.00116617
0.000337695
0.0131717
0.00389576
7.37757e-05
0.000242676
0.00126329
1.14723e-05
0.000408046
0.00161104
9.59099e-05
3.37655e-05
0.00491217
3.31341e-05
0.00102276
0.000447685
4.15241e-06
3.66888e-05
1.74217e-05
3.53298e-06
0.000259342
8.92825e-06
4.09867e-05
8.76414e-05
1.50773e-05
4.98723e-06
3.20127e-06
4.35663e-05
1.33736e-06
2.23769e-06
9.25698e-06
2.24122e-06
0.000353028
4.36154e-05
7.53504e-06
8.33888e-06
2.59905e-06
0.000286387
0.000261335
0.00552319
1.59186e-05
6.30221e-06
5.39494e-06
3.61815e-06
0.000113851
6.76427e-05
0.000895282
1.11892e-05
2.96534e-05
0.000124337
0.00134526
0.000563082
5.16139e-06
1.45355e-05
5.36282e-05
3.60322e-05
9.82998e-06
6.46347e-06
0.000665882
0.000136439
2.21042e-05
9.13751e-06
1.38346e-06
1.44232e-05
1.79915e-06
2.01643e-06
4.86475e-06
0.000154254
2.99862e-05
4.45158e-05
0.000225057
3.4337e-05
7.36457e-06
1.4118e-05
7.55756e-06
1.2293e-05
3.31115e-08
4.43535e-08
4.86335e-08
5.6447e-07
3.79346e-08
2.00893e-07
3.60986e-08
2.49889e-05
9.04394e-05
1.51453e-05
4.60741e-06
6.20179e-06
8.14137e-06
4.20008e-06
6.27212e-06
7.71729e-06
5.36302e-06
1.2603e-05
4.40766e-05
0.000100407
0.000516528
0.000691626
1.58904e-05
0.000292433
8.88063e-06
3.61761e-05
1.9817e-05
8.49104e-06
0.000229738
2.95033e-06
1.12288e-05
3.17031e-06
2.71278e-06
3.06708e-06
1.41194e-05
4.79284e-06
7.1857e-06
0.000144782
4.50098e-06
4.236e-06
1.60965e-05
6.17891e-06
1.38837e-05
0.000248722
3.43072e-06
4.11728e-06
7.95933e-05
2.90127e-06
3.96833e-05
2.99846e-05
0.000337617
3.87138e-06
2.21454e-05
2.24611e-06
8.21411e-06
2.74084e-06
3.97223e-06
3.01386e-06
0.000135367
3.45297e-05
3.98664e-06
6.98581e-06
3.14556e-06
3.28331e-06
1.24132e-05
3.44691e-06
1.54757e-05
0.000266015
2.98263e-06
3.41116e-06
3.17503e-06
5.92463e-06
4.38777e-05
0.000173902
2.78109e-06
5.53927e-06
1.7298e-05
2.58544e-05
2.58992e-05
7.96916e-05
5.75573e-06
6.90811e-06
5.6702e-06
5.25928e-06
0.000114046
7.57157e-06
4.91133e-05
4.33476e-06
6.69178e-06
5.17648e-06
4.1165e-06
2.19335e-06
3.75776e-06
2.23392e-06
2.27041e-06
2.12195e-06
6.72536e-06
6.41539e-05
4.7223e-06
1.99147e-06
2.97178e-06
2.09314e-06
4.72391e-06
1.92821e-06
1.98946e-06
1.05313e-06
3.03885e-06
2.59725e-05
1.03379e-06
9.75123e-07
1.03389e-06
1.54514e-06
2.59514e-06
1.72945e-06
1.3493e-06
7.56293e-05
2.24655e-05
2.44816e-06
5.26912e-06
5.14336e-06
6.40712e-05
2.25532e-06
2.13555e-06
2.34351e-06
3.65495e-06
2.23594e-06
4.94504e-05
5.13563e-06
1.84533e-06
1.71876e-06
1.82349e-06
1.78403e-06
2.96266e-06
3.83982e-06
2.12108e-05
4.50274e-06
5.80662e-06
7.96638e-05
6.94688e-06
4.04945e-06
1.60027e-05
9.35622e-06
3.3285e-05
4.09579e-06
4.61343e-06
4.2288e-06
3.95834e-06
5.17944e-13
3.53404e-15
4.4368e-08
3.24904e-10
4.77843e-12
5.69604e-14
0
8.5174e-10
1.39749e-11
1.90422e-13
0
0
2.48616e-11
3.83547e-13
2.18279e-15
0
0
0
0
0
1.5791e-11
2.5601e-13
1.59712e-11
2.15368e-13
3.35235e-12
4.64622e-14
2.38963e-13
3.11827e-16
2.75815e-11
4.6431e-13
2.59856e-15
0
5.82077e-15
0
0
0
0
0
1.35985e-09
0
0
0
0
0
0
0
0
0
5.05614e-07
0.122519
1.72712e-06
1.17054e-06
0.000180883
7.1217e-05
1.46144e-05
1.28963e-07
3.25253e-07
0.00297807
0.0642197
0.00154416
0.00844291
0.00417948
0.0002112
0.000104729
0.00756202
0.0253929
0.00060838
0.00154108
0.000424116
3.98056e-05
1.29569e-05
3.0041e-08
1.9423e-08
3.60289e-08
2.20696e-08
1.8022e-08
1.99227e-07
2.40085e-08
0.000456201
4.32882e-06
2.40101e-05
0.000215434
1.27236e-05
8.58382e-06
3.64005e-06
8.63797e-08
1.61186e-08
1.26653e-08
1.27365e-08
1.11692e-08
1.15603e-08
1.07397e-08
2.54132e-06
1.81409e-06
3.26404e-06
6.28921e-06
6.87014e-05
3.593e-05
3.93522e-06
1.98086e-05
4.86598e-06
2.76407e-06
3.65097e-06
2.00371e-06
2.44802e-06
2.11642e-06
1.05999e-06
1.09004e-06
1.34105e-06
4.41408e-06
1.25744e-05
1.76392e-06
1.26779e-06
289.665
179.38
321.065
338.637
331.076
314.222
339.503
351.488
354.702
347.305
343.232
330.903
350.311
348.491
328.171
337.312
345.481
351.71
351.738
351.493
353.383
351.764
345.503
301.471
301.38
313.943
306.098
315.585
325.888
315.677
199.315
299.328
301.327
306.917
160.461
137.056
330.323
334.443
341.52
345.044
334.94
332.504
340.872
342.318
319.904
333.214
325.815
334.449
337.581
340.166
327.855
326.253
326.441
336.224
344.839
336.546
336.241
326.448
355.917
347.796
352.422
353.534
350.354
348.793
349.42
287.79
301.201
285.329
295.04
309.45
294.713
302.905
345.615
350.266
356.488
343.389
345.297
348.298
336.801
319.699
304.196
328.625
300.379
319.697
301.396
304.196
305.448
328.081
316.38
330.514
323.162
304.313
295.572
211.232
268.788
271.499
204.345
270.125
264.287
191.126
321.475
271.622
289.426
329.169
329.416
299.465
285.938
255.905
164.372
243.942
193.765
265.403
255.912
179.394
150.756
182.542
243.172
259.594
252.346
173.549
234.142
118.535
144.423
203.633
226.994
241.696
161.109
221.26
4.64025e-06
5.37719e-06
2.65848e-06
1.52192e-06
1.42868e-06
1.32384e-06
1.38706e-06
3.01925e-05
8.54839e-06
2.34019e-05
8.47665e-06
1.7479e-05
1.46736e-05
8.43119e-06
1.8703e-07
6.17922e-08
1.20711e-07
5.99626e-08
5.98449e-08
6.99339e-08
8.35017e-08
5.29949e-06
6.53906e-06
3.40002e-06
2.94751e-06
3.36267e-06
3.01682e-06
3.0644e-06
3.63489e-06
3.98102e-06
3.65731e-06
1.70735e-05
4.32436e-06
2.60573e-05
4.75566e-06
4.2825e-06
9.95363e-06
1.50016e-05
8.60013e-06
4.01087e-06
4.16785e-06
6.48248e-06
3.74461e-06
2.06057e-06
2.465e-06
2.91785e-06
2.09638e-06
2.03462e-06
2.05999e-06
2.6186e-06
8.27847e-06
2.84634e-06
2.54878e-06
2.51542e-06
2.60769e-06
4.20973e-06
8.02222e-07
7.39528e-07
7.32413e-07
1.48523e-06
7.76943e-07
7.5328e-07
3.24651e-06
1.76874e-06
1.19e-06
1.47919e-06
1.11742e-06
5.66706e-06
1.1322e-06
1.17195e-06
6.59312e-09
6.53878e-09
1.84516e-08
7.30842e-09
6.38077e-09
6.38288e-09
6.38086e-09
3.21368e-06
3.27828e-06
3.19618e-06
6.86918e-06
9.80128e-06
3.37006e-06
3.52127e-06
1.62303e-06
1.63643e-06
1.64002e-06
1.6417e-06
1.98766e-06
6.61652e-06
1.98883e-06
1.14215e-06
3.9293e-06
1.41998e-06
1.06775e-06
1.06777e-06
1.13681e-06
1.05795e-06
2.86245e-06
2.7468e-06
2.7877e-06
3.25904e-06
9.16121e-06
2.87747e-06
2.76565e-06
1.90273e-06
1.90199e-06
1.91746e-06
1.92459e-06
1.90512e-06
3.01737e-06
2.28779e-06
4.53608e-09
4.46101e-09
4.45907e-09
4.46063e-09
4.50371e-09
4.4598e-09
4.4732e-09
1.51702e-06
1.03883e-06
1.04739e-06
1.04179e-06
1.0392e-06
1.04088e-06
1.07188e-06
5.18544e-07
9.23105e-07
5.38022e-07
5.42018e-07
5.1931e-07
5.19343e-07
5.1792e-07
2.49805e-06
2.31225e-06
2.00954e-06
1.98295e-06
1.98371e-06
1.99175e-06
1.99347e-06
2.86434e-06
2.74087e-06
2.82583e-06
2.75201e-06
3.25543e-06
3.0842e-06
2.75268e-06
1.6875e-06
1.72942e-06
2.07792e-06
1.63022e-06
1.62028e-06
1.62352e-06
1.62338e-06
1.0893e-06
1.58352e-06
1.10474e-06
1.08983e-06
1.15531e-06
1.08962e-06
1.08857e-06
1.04801e-06
1.03342e-06
1.00187e-06
1.00222e-06
1.00213e-06
1.0088e-06
1.48079e-06
1.6153e-06
1.66742e-06
2.05835e-06
1.61009e-06
1.60309e-06
1.60302e-06
1.59975e-06
7.18287e-07
7.40444e-07
7.16788e-07
9.99177e-07
8.10561e-07
7.18795e-07
7.21253e-07
)
;

boundaryField
{
    ground
    {
        type            calculated;
        value           nonuniform List<scalar> 
474
(
5.20772e-06
1.91746e-06
3.69574e-05
0.00168886
0.000217045
2.72519e-08
1.16274e-07
9.06252e-12
7.98114e-10
1.41385e-11
3.01898e-10
2.87497e-09
1.43436e-08
7.49163e-07
4.92603e-12
2.63243e-10
6.87967e-11
3.71666e-12
3.11827e-16
3.4935e-13
2.27737e-13
1.1548e-13
4.6774e-15
9.11574e-14
0
0
0
0
8.31538e-16
2.28673e-15
4.61504e-14
0
0
2.91038e-15
2.45827
160.477
0.0719142
26.8342
98.5531
31.3079
2.93958
448.146
38.0541
101.184
190.376
528.393
1217.6
2148.24
834.63
1073.53
147.02
1107.35
760.381
938.595
1352.45
637.235
292.541
540.199
323.321
191.543
1904.46
802.632
1000.69
899.288
980.494
719.792
811.105
882.973
1633.02
516.813
537.242
627.794
366.63
450.562
401.502
547.219
280.967
1073.45
992.993
1137.9
1042.38
904.427
812.856
721.702
631.025
734.381
233.547
420.899
430.44
503.496
609.599
636.11
540.784
453.738
532.581
467.939
362.6
0
0
0
0
0
0
0
0
0
0
0
0
0
0
0
0
0
0
0
0
0
0
0
0
0
0
0
0
0
0
0
0
0
0
0
0
0
0
0
0
0
0
0
0
0
0
0
0
0
0
0
0
0
0
0
0
0
0
0
0
0
0
0
0
0
0
0
0
0
0
0
0
0
0
0
0
0
0
0
0
0
0
0
0
0
0
0
0
0
0
0
0
0
0
0
0
0
0
0
0
0
0
0
0
0
0
0
0
0
0
0
0
0
0
0
0
0
0
0
0
0
0
0
0
8.19241e-10
1.20215e-10
1.25822e-12
0
6.39869e-13
3.0663e-14
0
6.86019e-15
0
3.48207e-14
1.03942e-16
1.45519e-15
0
6.57954e-14
0
0
1.04826e-12
0
1.60071e-14
6.02865e-14
0
0
0
8.04399e-12
1.54084e-12
4.40519e-11
0
0
2.71289e-14
30.464
0.727969
1.1184e-05
1.44152e-07
1.73293e-09
1.12881e-13
6.11491e-11
8.50191e-08
1.81857e-12
3.25578e-12
5.15365e-11
1.8086e-14
1.95505e-09
8.93082e-09
3.03622e-10
9.13424e-12
6.73234e-13
2.16249e-11
8.16694e-11
2.61436e-12
7.88922e-14
1.14336e-15
0.00116617
7.39528e-07
7.05208e-06
1.88809e-08
3.34731e-10
3.57165e-09
7.56293e-05
3.86005e-10
1.01077e-08
8.77684e-11
3.04697e-09
8.6618e-08
2.43112e-07
469.137
312.489
66.2155
0.00151082
0.0521361
3.88066e-07
0.00441781
1.30599e-08
3.0986e-05
0.00101496
0.0296166
1.56426
1.04451e-05
0.000551996
1.95427e-05
6.15189e-07
130.601
0.0654529
19.7104
361.702
42.8127
116.778
441.089
323.488
348.73
250.07
290.41
404.811
367.202
276.974
356.325
300.571
401.511
333.451
3.38067
2.77402e-05
0.000677133
257.522
149.326
202.786
231.311
207.181
95.5383
69.711
175.427
137.169
767.923
689.828
576.723
647.38
260.795
181.027
86.1895
42.2
93.2744
196.499
94.8334
53.0207
5.49154
19.7242
0.751266
1.70895
18.6948
0.720379
9.82537
630.056
719.756
835.694
735.201
1021.86
843.753
475.033
595.786
975.539
827.779
869.288
713.44
774.429
914.455
727.697
692.005
564.227
523.465
646.032
592.516
0.0675516
0.256529
9.87677
0.733259
19.7783
3.44902
0.1154
0.00211578
0.0135438
7.89057e-07
2.52733e-08
5.14796e-08
0.0343176
0.0146781
0.000286842
0.247642
0.0129463
0.000238463
1709.21
1604.69
1503.59
1331.92
1359.58
1445.3
1645.19
1511.31
1562.68
1079.91
960.484
899.432
1695.16
1657.55
1663.3
1415.47
986.746
1175.16
1618.88
1644.39
1674.55
1613.74
1612.79
1560.53
1549.54
1513.18
1577.71
1493.05
1399.58
1423.11
1546.88
1602.97
1576.79
1290.23
1417.37
1469.66
1526.35
1446.24
1346.64
1288.18
1357.09
1467.17
1313.12
1276.6
1130.01
1219.19
1079.33
1192.3
1219.71
1333.11
1193.46
1065.91
1218.73
1138.94
844.319
960.337
1091.33
1043.51
939.805
809.428
2.42236e-05
0.000242676
0.0131717
9.59099e-05
0.00491217
0.00126329
0.000248722
3.96833e-05
3.43072e-06
5.26912e-06
1.4269e-06
2.59514e-06
1.5791e-11
2.5601e-13
5.37719e-06
1.38706e-06
1.52192e-06
7.76943e-07
3.24651e-06
9.50001e-07
3.01737e-06
1.92459e-06
1.90273e-06
7.18287e-07
7.21253e-07
9.99177e-07
)
;
    }
    outlet
    {
        type            calculated;
        value           nonuniform List<scalar> 
300
(
0
0
0
0
0
0
0
0
0
0
1.21612e-14
0
0
0
0
0
0
0
0
0
0
0
0
0
0
0
0
0
0
0
0
0
0
0
0
0
0
0
0
0
0
0
0
0
0
0
0
0
0
0
0
0
0
0
0
0
0
0
0
0
0
0
0
0
0
0
0
0
0
0
0
0
0
0
0
0
0
0
0
0
0
0
0
0
0
0
0
0
0
0
0
0
0
0
0
0
0
0
0
0
0
0
0
0
0
0
0
0
0
0
0
0
0
0
0
0
0
0
0
0
0
0
0
0
0
0
0
0
0
0
0
0
0
0
0
0
0
0
0
0
0
0
0
0
0
0
0
0
0
0
0
0
0
0
0
0
0
0
0
0
0
0
0
0
0
0
0
0
0
0
0
0
0
0
0
0
0
0
0
0
0
0
0
0
0
0
0
0
0
0
0
0
0
0
0
0
0
0
0
0
0
0
0
0
0
0
0
0
0
0
0
0
0
0
0
0
0
0
0
0
0
0
0
0
0
0
0
0
0
0
0
0
0
0
0
0
0
0
0
0
0
0
0
0
0
0
0
0
0
6.86019e-15
0
3.53404e-15
0
0
0
0
0
0
0
0
0
0
0
0
0
0
0
0
0
0
0
0
0
0
0
0
0
0
0
0
0
0
0
0
0
0
0
2.5601e-13
2.15368e-13
4.64622e-14
3.11827e-16
0
0
0
0
0
0
0
0
0
)
;
    }
    wall
    {
        type            calculated;
        value           nonuniform List<scalar> 0();
    }
    wall2
    {
        type            calculated;
        value           nonuniform List<scalar> 
1050
(
0.000624282
3.69574e-05
1.29e-05
0.00168886
8.27204e-05
1.8838e-07
1.63985e-06
8.51984e-06
4.79773e-09
7.49163e-07
2.53073e-07
1.43436e-08
3.73617e-11
1.82555e-09
4.75385e-11
1.43438e-09
5.50998e-13
1.22712e-10
2.92431e-12
2.33615e-11
0
1.00824e-14
0
1.03942e-16
8.87514e-11
4.92603e-12
1.83416e-12
2.63243e-10
6.17197e-10
4.1469e-09
3.19156e-08
9.32961e-11
1.18765e-11
8.65839e-14
2.74823e-13
2.13248e-12
9.73627e-13
4.02257e-14
1.21987e-12
3.37812e-14
2.46366e-11
4.35857e-10
9.552e-10
1.08506e-11
6.24485e-13
8.31538e-15
2.04766e-14
2.63598e-13
1.13297e-14
1.76702e-15
6.71467e-14
1.03942e-16
5.96629e-14
2.0435e-13
2.64699e-12
4.15769e-15
6.23654e-16
0
0
0
0
0
0
0
0
0
0
0
0
0
0
0
2.05965e-11
6.69596e-13
3.2669e-13
8.96502e-12
2.39067e-15
9.11574e-14
3.87705e-14
4.6774e-15
0
3.11827e-16
0
3.11827e-16
1.03942e-16
1.76702e-15
4.98923e-15
1.03942e-16
0
0
0
0
0
0
0
0
0
0
0
0
0
0
0
0
0
0
0
0
0
0
0
0
0
0
0
0
0
0
0
0
0
0
0
0
0
0
0
0
0
0
0
0
0
0
0
0
0
0
0
0
0.0719142
2.93958
0.0192331
0.842329
5.81753e-07
1.14718e-09
38.0541
0.00498843
2.71906e-08
2.87569e-08
0.0786746
2.442e-09
6.41139e-10
17.6938
4.97601e-09
2.26342
1.10461e-09
2148.24
1073.53
147.02
761.259
210.165
0.135556
477.51
87.4625
0.00972831
39.051
0.0675852
1352.45
1007.5
543.996
323.321
370.857
23.2218
2.18345
352.581
546.075
221.761
2.90176
121.291
0.639285
0.0282742
175.703
130.743
10.9304
0.228356
1.47814
0.000291828
1.20064e-05
0.701144
0.00310374
2.03195e-05
1.36634e-05
2.03239e-06
4.32309e-09
1904.46
1821.48
802.632
926.787
94.137
639.649
653.683
94.4085
162.87
0.0634289
382.028
380.986
28.4328
46.0628
0.000367868
0.00179333
17.4445
3.86014
0.00488853
0.00236794
1633.02
1171.42
1392.61
872.177
850.17
714.6
547.219
245.325
643.505
213.176
110.604
91.3243
27.7875
500.316
284.728
596.27
444.94
253.52
334.11
25.8151
1.42622
143.637
46.91
1.0671
9.40536
0.0477065
0.00110892
278.351
112.881
257.504
79.8954
49.6583
37.1443
4.14896
0.0432278
13.9124
0.108355
0.00451356
0.00616777
0.000183937
4.57688e-07
4.85583
0.0244929
0.11878
0.000787114
0.000735993
0.000150569
0.000282512
5.35496e-07
7.24249e-05
1.63692e-07
2.26717e-08
1.48941e-08
1628.13
681.607
541.961
68.4992
0.00246016
293.148
10.5659
6.63509e-05
1.01412
0.000175399
1406.97
1233.74
1049.81
448.605
439.273
253.953
416.016
490.691
373.72
16.5264
59.4105
13.5809
0.00188638
199.9
182.835
109.62
0.882768
1.6329
0.0956799
6.7414e-06
0.187904
0.0294866
0.00553094
1.04293e-05
5.49565e-06
3.40997e-07
5.7993e-05
5.08728e-06
1.35169e-06
4.19164e-07
0.00138892
0.00223536
0.000164667
3.00693e-06
2.37007e-06
3.98919e-05
1.27452e-05
7.74661e-08
0.0609183
8.83687e-05
6.88623e-05
2.25932e-06
3.20994e-12
1.77679e-12
6.04944e-14
1.14025e-13
1.01915e-12
2.94468e-13
7.10123e-12
2.55171e-11
2.65551e-10
7.42978e-10
3.03927e-08
9.05411e-09
8.88254e-11
1.08512e-11
4.79234e-11
1.19702e-09
2.56584e-09
5.50031e-12
2.64625e-10
1.53297e-10
6.02862e-09
4.02004e-09
1.34352e-06
3.61617e-07
2.82885e-08
8.48537e-08
1.56067e-10
6.1089e-10
0
0
0
3.4197e-14
6.23654e-16
0
0
0
0
0
0
0
0
0
0
0
0
0
0
0
0
0
0
0
0
0
0
0
0
0
0
0
0
0
0
0
0
0
0
0
0
0
0
0
0
0
0
0
0
0
0
0
0
0
0
0
0
0
8.31538e-15
0
1.03942e-16
0
0
0
0
0
0
0
0
0
0
0
0
0
0
0
0
0
0
0
0
0
0
0
0
0
0
0
0
0
0
0
0
4.05375e-15
1.03942e-16
0
0
0
0
0
0
0
0
0
0
0
0
0
0
0
0
0
0
0
0
0
0
0
0
0
0
0
0
0
0
0
0
0
0
0
0
0
0
0
0
0
0
0
0
0
0
0
0
0
0
0
0
0
0
0
0
0
0
0
0
0
0
0
0
0
0
0
0
0
0
0
0
0
0
0
0
0
0
0
0
0
0
0
0
0
0
0
0
0
0
0
0
0
0
0
0
0
0
0
0
0
0
0
0
0
0
0
0
0
0
0
0
0
0
0
0
0
0
0
0
0
0
0
0
0
0
0
0
0
0
0
0
0
0
0
0
0
0
0
0
0
0
0
0
0
0
0
0
0
0
0
0
0
0
0
0
0
0
0
0
0
0
0
0
0
0
0
0
0
0
0
0
0
0
0
0
0
0
0
0
0
0
0
0
0
0
0
0
0
0
0
0
0
0
0
0
0
0
0
0
0
0
0
0
0
0
0
0
0
0
0
0
0
0
0
0
0
0
0
0
0
0
0
0
0
0
0
0
0
0
0
0
0
0
0
0
0
0
0
0
0
0
0
0
0
0
0
0
0
0
0
0
0
0
0
0
0
0
0
0
0
0
0
0
0
0
0
0
0
0
0
0
0
0
0
0
0
0
0
0
0
0
0
1.03942e-16
0
0
0
0
0
0
0
0
0
0
0
0
0
0
0
0
0
0
0
0
0
0
0
0
0
0
0
0
0
0
0
0
0
0
0
0
0
0
0
0
0
0
0
0
0
0
0
0
0
0
0
0
0
0
0
1.02903e-14
4.26163e-15
0
0
0
0
0
1.03942e-16
0
0
0
0
0
0
0
0
0
0
4.78134e-15
0
0
0
0
0
0
0
0
0
0
0
0
0
0
0
0
0
0
0
0
0
0
0
0
0
0
0
0
0
0
0
3.11827e-16
0
1.03942e-16
0
0
0
0
0
0
0
0
0
0
0
0
0
0
0
0
0
0
0
0
0
0
0
0
0
0
0
0
0
0
0
3.53404e-14
4.47991e-14
0
1.03942e-16
0
0
0
0
0
1.12881e-13
2.09963e-14
3.53404e-15
1.81857e-12
3.26171e-13
3.18063e-14
2.86881e-13
1.32111e-13
9.14692e-15
6.19496e-14
2.28673e-15
1.8086e-14
1.28161e-13
8.72481e-12
1.9749e-15
2.08924e-14
1.68397e-12
0
1.14336e-15
7.3799e-15
9.13424e-12
1.56745e-12
2.27046e-11
4.15353e-13
1.97833e-12
1.14336e-15
4.23045e-14
4.88529e-15
0
1.21165e-12
2.2306e-13
6.07293e-12
1.36372e-13
8.47441e-13
0
1.33046e-14
6.23654e-16
0
2.26178e-13
2.94157e-14
7.72291e-14
4.57346e-15
9.14692e-15
2.8792e-14
1.14885e-11
2.80644e-15
1.4028e-12
0
1.76702e-15
1.16803e-11
3.59512e-11
2.82027e-12
1.45519e-15
1.30967e-14
1.03942e-16
1.36715e-12
8.68146e-12
8.87875e-13
0
2.80644e-15
0
1.68283e-13
3.26794e-13
3.38852e-14
1.88135e-13
1.38243e-14
4.26163e-15
4.16289e-13
5.32184e-14
4.57346e-15
2.91038e-14
1.44792e-12
9.4338e-13
1.45519e-15
7.33832e-14
1.47806e-13
1.14336e-15
2.59024e-13
1.41258e-13
3.86005e-10
2.51915e-11
5.14493e-12
4.64622e-14
4.91999e-11
1.12385e-11
2.31999e-13
6.54005e-13
4.52149e-14
8.77684e-11
3.09383e-10
2.56721e-11
3.66282e-12
1.60071e-14
1.01597e-10
2.11487e-11
7.66574e-13
1.86659e-12
2.5944e-13
2.29712e-14
7.93079e-14
0.00151082
1.56441e-07
1.30599e-08
1.41427e-06
5.24974e-10
3.17273e-10
1.38836e-10
6.36756e-11
3.01661e-12
3.0986e-05
0.000413359
9.99284e-09
6.15189e-07
4.68299e-09
3.04669e-05
3.63732e-08
1.02688e-09
1.88986e-09
1.39564e-09
2.87541e-10
2.36239e-10
6.69319e-10
2.57293e-10
4.47786e-11
8.01093e-12
1.55672e-11
1.46142e-08
8.40162e-11
4.7005e-08
5.78288e-10
1.41361e-12
1.04678e-07
1.66085e-09
4.22309e-09
1.44462e-11
3.18137e-11
8.22891e-08
4.34719e-09
1.12461e-09
1.7507e-10
3.39132e-12
3.99866e-13
3.34773e-09
7.4914e-10
1.11444e-08
2.0265e-08
2.33332e-09
3.71078e-10
1.30042e-10
1.13806e-12
1.44272e-13
8.55098e-06
9.85204e-09
1.72072e-07
6.47136e-07
1.43417e-08
1.52723e-09
1.04143e-09
2.64905e-10
6.19598e-11
1.46737e-09
6.80105e-12
7.18005e-09
5.08693e-10
1.19211e-12
2.3217e-07
1.10056e-09
1.06102e-11
3.52444e-11
7.32114e-11
1.79387e-10
1.73729e-12
3.34788e-12
3.57532e-11
2.74362e-11
)
;
    }
    wall3
    {
        type            calculated;
        value           nonuniform List<scalar> 0();
    }
    internalPatch
    {
        type            internal;
    }
    procBoundary2to1
    {
        type            processor;
        value           nonuniform List<scalar> 
473
(
1.10179e-14
1.11738e-12
2.18279e-14
0
0
0
0
0
1.45519e-15
1.62566e-13
4.73187e-12
1.16649e-10
6.24074e-11
1.34792e-12
1.71505e-14
0
0
0
0
0
0
0
0
0
0
0
0
1.76702e-15
1.96971e-13
6.88129e-12
2.14506e-10
6.28818e-09
2.18577e-09
2.20375e-08
1.55728e-09
3.08032e-11
5.07966e-13
1.45519e-15
0
0
0
0
0
0
0
0
0
0
0
0
0
0
0
0
0
1.9749e-15
2.47383e-14
1.47338e-12
7.39331e-11
3.67431e-09
1.97818e-07
2.83212e-06
1.54202e-07
1.85207e-06
5.37787e-08
9.82763e-05
0.00064403
0.00307546
0.0105603
0.0259291
0.893591
18.0888
82.3064
173.51
191.1
204.335
213.362
218.601
269.98
275.659
270.121
271.82
283.288
308.219
347.67
401.583
467.393
534.573
560.795
545.947
509.635
596.73
1750.23
1725.24
1695.46
1658.74
1614.78
1563.28
1495.53
1402.28
1275.8
1137.94
1048.21
1193.56
2334.26
1961.34
1507.29
1106.9
853.676
742.323
681.938
628.563
556.398
454.97
323.101
179.619
65.1496
9.58076
0.347853
0.00909888
0.000226464
3.91311e-06
8.83156e-08
2.08692e-09
5.44684e-11
1.68449e-12
4.94765e-14
0
3.11827e-16
2.21397e-14
5.1545e-13
9.05535e-12
1.15716e-10
1.00569e-09
5.18003e-09
1.76694e-08
3.73669e-08
5.52479e-08
7.17855e-08
7.17855e-08
2.79741e-06
0.000381329
0.00408457
0.0283974
0.07113
0.00824049
0.000272254
1.00531e-05
3.10823e-08
3.10823e-08
3.10823e-08
1.57995e-11
3.41762e-13
3.41762e-13
6.23654e-15
0
0
0
0
0
0
0
0
0
0
0
0
0
0
0
0
0
0
0
0
0
0
0
0
0
0
0
0
0
0
0
0
3.11827e-16
4.89568e-14
4.15769e-16
1.14336e-15
5.05159e-14
1.74831e-13
3.33665e-12
2.60055e-11
5.62249e-10
1.16252e-08
1.16252e-08
1.97818e-07
6.09956e-06
6.09956e-06
0.000104858
4.88019e-06
3.48087e-05
3.54374e-06
1.54613e-05
0.00043737
0.00394123
0.025589
0.120652
0.383517
10.5345
63.0922
150.714
234.111
252.32
264.271
270.118
271.316
284.461
281.281
285.672
298.735
320.571
349.756
383.021
417.545
437.195
439.082
424.474
422.94
553.551
528.39
517.997
521.051
532.984
551.508
577.467
605.439
626.884
676.595
895.363
682.486
511.809
421.294
384.697
371.726
361.455
341.112
305.646
253.366
184.722
108.857
42.7089
5.8279
0.171656
0.00422213
0.0641817
0.00154011
0.018077
0.160763
1.0195
4.3166
41.3836
121.2
208.405
277.396
295.565
304.306
302.896
294.697
295.002
301.317
313.857
330.756
350.085
368.616
380.462
375.309
365.259
351.51
366.888
334.204
318.741
314.35
319.027
333.387
358.697
399.06
477.958
365.629
318.107
310.363
315.539
324.573
325.354
311.275
282.395
238.867
177.2
99.7365
31.4175
2.58728
16.9232
0.743606
5.76379
20.2379
85.1626
173.449
250.195
305.777
324.77
330.55
323.172
309.424
315.626
325.813
337.194
348.288
355.94
354.353
338.202
323.643
311.304
290.017
279.259
275.434
278.628
290.018
310.691
286.302
293.086
303.352
317.866
331.508
334.846
318.557
284.9
234.07
160.621
76.9182
128.075
47.3576
212.133
275.827
319.534
340.487
344.73
337.643
327.858
334.437
340.828
344.929
344.63
335.55
316.521
300.756
288.04
281.797
279.842
280.889
292.03
304.517
319.622
332.591
343.425
343.17
348.328
344.378
340.226
342.358
341.51
335.331
322.512
303.716
296.293
292.931
307.726
322.776
334.2
342.298
342.138
337.365
328.144
313.24
3.91311e-06
5.55018e-07
1.35125e-15
4.35518e-14
1.55705e-13
3.54952e-12
2.11792e-11
2.13591e-10
9.08336e-10
3.42084e-09
6.94787e-09
1.07667e-08
1.3516e-08
1.3516e-08
4.1605e-07
3.88989e-05
0.000374955
0.0029141
9.35659e-05
4.91188e-06
3.10823e-08
3.10823e-08
8.99516e-09
8.99516e-09
3.9311e-12
6.94334e-14
6.94334e-14
6.23654e-16
0
0
0
0
0
0
0
0
0
0
0
0
0
0
0
0
0
0
0
0
0
0
0
0
0
0
0
0
0
0
0
4.96844e-14
2.13944e-12
1.87198e-10
4.85733e-09
3.83237e-08
8.98738e-08
8.98738e-08
4.73257e-06
1.41861e-05
3.87982e-06
3.62218e-06
2.45492e-09
8.91305e-13
1.54874e-14
1.54874e-14
4.05375e-15
0
0
1.03942e-16
0
0
6.23654e-16
3.91821e-12
1.14663e-10
8.30231e-10
2.99769e-13
4.05375e-15
1.03942e-16
3.5964e-14
)
;
    }
    procBoundary2to3
    {
        type            processor;
        value           nonuniform List<scalar> 
155
(
8.00355e-15
8.4609e-14
5.24908e-14
4.42611e-12
2.88608e-10
1.98285e-08
3.22251e-07
5.73283e-06
1.92436e-05
7.34136e-05
0.00028378
0.000721174
0.000964965
0.000543275
0.00023242
7.81143e-05
1.63924e-05
6.31996e-06
6.60844e-07
6.60844e-07
1.87009e-06
1.58264e-07
3.53608e-08
2.03469e-09
6.69636e-08
1.20688e-06
5.44239e-05
0.00170708
0.0525884
1.36333
0.0418429
0.00121627
3.66894e-05
7.3719e-07
2.08473e-05
0.000204961
0.00171727
0.0080637
0.000221937
5.41486e-06
2.053e-06
5.07606e-08
2.47715e-07
3.10894e-07
7.29608e-07
9.45976e-06
2.08533e-05
4.00682e-06
1.36484e-07
2.34349e-09
4.4082e-11
7.55764e-13
6.37998e-13
9.48993e-14
3.01433e-15
0
0
0
0
0
0
0
0
0
0
0
0
8.00355e-15
1.01209e-12
1.01209e-12
6.58754e-12
4.44264e-10
2.96194e-08
3.05623e-08
1.76846e-06
1.24785e-06
2.15816e-05
7.28604e-06
3.38152e-05
4.38203e-05
3.1423e-05
1.3964e-05
9.65542e-06
4.61107e-06
4.30001e-06
1.87844e-07
4.6955e-08
4.6955e-08
6.90158e-08
2.60192e-08
2.29749e-08
7.14519e-10
3.37436e-11
9.44211e-13
5.60571e-11
2.56933e-09
4.13635e-08
7.40749e-08
1.26827e-06
5.90466e-06
6.14495e-05
0.00169853
5.39121e-05
4.6873e-06
5.65688e-08
2.81192e-08
4.3773e-08
4.00387e-07
5.8262e-06
1.0334e-05
5.43781e-05
2.7037e-06
1.96233e-06
2.48259e-08
2.2062e-08
2.27133e-08
9.43638e-08
9.61157e-08
4.66547e-08
2.73768e-09
4.42219e-11
6.81175e-12
4.61919e-13
1.13297e-14
0
0
0
0
0
0
0
1.66308e-15
1.30344e-13
1.03347e-11
6.45987e-11
6.45987e-11
3.78716e-09
2.95631e-08
2.98193e-08
5.97516e-07
3.78716e-09
4.62543e-13
8.93903e-15
0
1.40322e-14
1.21758e-12
5.53412e-11
1.45086e-09
2.80604e-11
4.7761e-10
9.98261e-13
1.41361e-14
0
0
3.78204e-06
)
;
    }
    procBoundary2to5
    {
        type            processor;
        value           nonuniform List<scalar> 
365
(
7.23289e-07
2.5859e-06
4.87043e-06
2.4569e-05
1.59405e-05
8.748e-06
5.72982e-06
5.72982e-06
1.86648e-05
0.000125046
0.000701092
0.00299245
0.00902496
0.0195523
0.033723
1.14158
20.7982
88.166
88.166
101.342
111.897
119.547
215.082
271.292
282.686
278.951
281.854
292.214
312.093
342.17
381.847
435.132
481.316
484.865
475.813
466.32
576.127
1707.19
1656.1
1606.59
1558.04
1504.3
1432.37
1331.5
1200.64
1050.56
896.348
751.26
616.826
488.331
366.055
247.254
131.043
38.7005
2.82349
0.0593407
0.00117886
0.00039868
4.96065e-05
8.55805e-06
7.3806e-06
7.08065e-06
5.36681e-06
4.98679e-06
1.8986e-05
0.000636723
0.0223205
0.772573
0.290609
0.0638374
0.00795475
0.000626728
0.0225206
0.797261
15.2082
65.5533
19.1977
1.47964
0.0457122
0.00129979
4.15632e-05
9.3412e-06
2.59618e-05
0.00032824
9.83388e-06
0.000105023
0.000798904
0.000438781
0.000185142
6.10854e-05
6.10854e-05
0.000614748
0.00497825
0.0282259
0.117402
0.330276
0.683084
15.3191
75.3022
75.3022
88.1821
98.5049
106.303
204.292
270.799
296.015
295.72
299.753
308.177
320.304
336.558
355.266
373.298
376.369
367.597
359.21
373.166
525.514
503.828
503.94
517.603
541.531
574.907
606.862
623.468
611.432
564.451
492.082
405.316
307.71
200.336
94.982
21.7282
0.98191
0.0198272
0.00236877
0.000217709
6.31349e-05
4.70068e-05
3.18463e-05
0.00116206
0.0400512
1.36154
21.2491
15.3586
8.07801
2.28622
0.290012
8.11968
50.049
122.036
196.222
137.787
70.1874
18.1154
1.05512
0.028271
0.000723065
0.0128697
0.179213
0.00441305
0.0326974
0.0180835
0.00775911
0.00249254
0.00249254
0.0260667
0.203335
1.13502
4.20023
9.41352
59.2352
59.2352
72.2378
82.3497
89.8636
188.346
263.795
304.884
311.746
314.704
319.876
325.55
331.605
336.378
335.794
322.517
308.952
301.844
324.394
303.132
298.494
306.554
326.627
361.465
413.281
453.677
450.809
402.398
326.843
231.346
129.172
44.9372
4.92667
0.116717
0.00930985
0.00232705
0.00162266
0.0559887
1.89646
25.6576
91.6556
81.7039
68.8855
50.4734
27.6606
91.0731
168.558
235.557
287.192
256.106
207.598
138.646
63.8291
12.7496
0.510009
6.21953
27.8176
1.33762
1.33762
0.74377
0.321406
0.106298
0.106298
1.10126
7.02442
21.3589
40.4564
40.4564
53.0938
63.1283
70.4635
166.712
248.916
304.12
325.378
326.832
328.456
329.196
328.017
323.691
313.422
295.567
283.068
276.216
265.838
264.6
271.098
286.813
316.525
352.764
355.772
316.01
243.453
149.36
61.8246
10.868
0.392709
0.084596
2.88407
32.5506
105.851
196.246
177.732
163.012
147.316
124.4
200.236
260.91
304.769
325.652
323.112
301.592
262.786
204.568
125.477
47.9862
98.5418
150.288
63.4715
8.61432
5.76479
0.74377
0.321406
0.106298
1.10126
7.02442
21.3589
32.1583
41.4053
48.3252
138.356
225.823
291.242
329.582
336.337
334.747
331.659
325.689
316.265
301.432
283.459
271.914
268.939
270.546
275.139
286.541
309.666
310.659
270.447
248.672
234.14
220.291
275.621
308.853
314.296
311.406
325.819
337.108
332.265
304.406
256.467
185.502
233.52
267.889
193.56
102.976
25.8296
20.246
13.4987
2.99259
318.503
341.907
339.713
333.566
324.288
312.436
295.958
279.343
280.088
283.277
289.545
299.892
290.615
283.04
303.367
299.661
295.94
294.771
310.799
324.353
335.396
343.672
332.041
293.786
)
;
    }
}


// ************************************************************************* //
