/*--------------------------------*- C++ -*----------------------------------*\
  =========                 |
  \\      /  F ield         | OpenFOAM: The Open Source CFD Toolbox
   \\    /   O peration     | Website:  https://openfoam.org
    \\  /    A nd           | Version:  9
     \\/     M anipulation  |
\*---------------------------------------------------------------------------*/
FoamFile
{
    format      ascii;
    class       volScalarField;
    location    "0.0007";
    object      T;
}
// * * * * * * * * * * * * * * * * * * * * * * * * * * * * * * * * * * * * * //

dimensions      [0 0 0 1 0 0 0];

internalField   nonuniform List<scalar> 
6956
(
291.574
287.926
287.926
287.926
288.203
302.54
299.829
288.269
287.932
287.926
287.933
287.926
288.644
287.926
287.926
287.926
287.926
287.926
287.926
287.926
287.926
287.926
287.926
287.926
287.926
287.926
287.926
287.926
287.926
287.926
287.926
287.926
287.926
287.926
287.926
287.926
287.926
287.926
287.926
287.926
287.926
287.926
287.926
287.926
287.926
287.926
287.926
287.926
287.926
287.926
287.926
287.926
287.926
287.926
287.993
591.963
287.926
287.931
832.967
1104.74
288.716
290.511
563.461
301.085
298.808
288.182
287.93
288.135
1385.16
1314.27
459.501
329.845
1318.98
1395.82
1390.72
1263.18
1371.21
1272.55
1375.12
1237.64
1343.06
1420.94
1291.6
1406.32
1297.02
1380.88
540.7
1020.92
1377.78
1002.05
1374.99
1085.56
516.06
375.885
911.416
1311.95
942.495
1357.7
1025.32
456.327
303.413
316.97
535.17
668.697
1065.33
770.703
1134.72
582.438
336.072
599.853
1175.1
845.3
826.799
1167
288.038
288.06
290.995
295.758
434.329
417.074
294.456
288.088
290.737
294.969
290.678
396.508
493.793
294.538
289.584
287.957
287.995
333.514
289.704
377.539
291.969
1633.34
1382.48
1307.86
2200.7
1445.21
1593.37
1465.65
1326.51
1428.59
1471.34
800.887
1122.38
1358.87
995.533
1192.98
538.5
1033.46
471.098
1016.87
676.145
1124.37
1029.05
1428.97
1393.59
1369.74
1219.52
1503.66
1414.18
1413.53
1182.65
1457.33
1890.89
1721.2
2205.1
2070.07
1603.12
2082.53
2000.63
1705.17
1820.88
1292.76
1627.27
1436.01
1858.1
1514.17
1361.62
1402.85
1244.21
1444.11
1191.17
1441.75
1374.15
1305.15
1331.95
1431.58
1489.65
1381.17
1406.74
1341.57
1018.73
1418.26
1091.57
570.638
1379.7
1056.69
536.299
685.268
656.822
506.635
979.962
1118.57
933.728
1048.15
482.792
446.026
457.284
917.466
880.324
892.051
857.919
1307.26
1307.03
983.079
1573.53
1442.24
1363.42
1246.73
924.46
1089.31
796.276
640.245
782.62
993.113
1104.5
998.95
733.883
709.557
567.042
583.22
936.282
909.103
531.16
638.592
499.647
1005.81
927.127
986.238
899.453
1458.23
1327.95
1142.02
1057.19
1326.96
1430.48
1269.4
1077.22
753.443
856.925
753.478
619.87
1014.98
941.823
457.192
277.458
1128.84
1237.63
962.711
386.52
826.965
463.793
257.157
224.281
290.017
187.048
416.723
374.816
256.59
236.688
162.331
169.506
275.404
226.327
211.184
212.149
149.527
149.749
153.968
153.883
270.333
399.985
275.416
203.052
199.952
167.164
166.396
1230.22
1211.45
796.137
1143.45
685.458
1168.67
712.775
327.275
623.321
499.547
390.277
234.881
189.26
314.821
345.465
248.043
175.848
305.043
230.283
155.226
160.68
881.555
1299.49
1263.83
1251.5
821.315
1205.94
757.176
214.938
560.987
429.938
434.701
310.161
218.011
176.968
552.646
251.232
506.714
479.806
776.742
803.341
511.283
341.838
743.985
631.525
694.898
929.846
855.714
583.109
1013.76
1225.82
999.04
1026.83
784.07
1039.39
806.67
1012.33
861.214
835.495
1113.19
1096.84
1254.14
1245.06
1265.22
1335.81
1224.8
1377.35
1330.18
1205.87
1168.11
1681.17
1490.97
1333.67
1646.41
1474.63
1269.66
1387.6
1324.06
922.86
1107.7
1267.88
1046.48
1069.69
854.832
1549.51
1899.53
1822.75
1886.37
1793.35
1620.02
1514.76
1228.23
1332.52
1278.8
1324.42
1341.89
1232.37
1176.05
1062.67
981.951
912.475
1183.97
1328.45
1120.96
1272.23
1316.01
1408.18
1255.17
1424.66
1328.25
1373.6
1406.43
1221.32
1386.43
1207.39
1393.99
1391.75
1391.08
1392.54
1353
1163.69
1396.29
1345.03
1252.82
1322.03
1392.82
1293.65
374.057
904.48
936.725
465.187
1026.18
1350.99
297.158
288.759
298.336
288.099
287.94
287.938
288.077
288.178
288.413
294.567
287.984
287.93
287.934
288.032
239.835
511.158
1328.02
350.485
1128.96
724.198
919.629
1524.26
1244.3
1414.11
720.553
288.517
655.716
289.237
295.168
287.926
287.926
234.58
446.526
465.468
467.887
484.451
731.057
760.195
262.298
586.779
483.991
613.007
507.683
757.011
828.474
756.935
984.964
943.445
1174.04
1135.28
944.307
984.713
718.1
898.088
739.059
922.125
762.605
1074.16
935.303
996.624
1176.72
946.727
821.142
749.794
948.095
998.538
1112.09
1273.28
1069.66
1296.18
1091.31
1253.49
1442.82
1095.87
1419.09
1277.12
1063.65
924.168
1245.89
1097.85
1399.27
1425.89
1259.03
1420.66
1446.84
1455.66
1491.74
1423.2
1525.63
1479.65
1438.35
1242.58
1423.93
1525.75
941.814
1135.6
530.03
947.806
1282.51
1498.47
1417.31
419.07
1169.91
875.194
1466.64
1268.83
992.612
1373.46
417.115
375.365
301.852
955.455
1233.84
659.892
1023.62
287.926
287.926
287.926
301.841
287.926
287.926
288.035
665.688
305.357
317.998
299.538
501.606
596.626
1102.21
304.673
368.346
294.069
288.018
289.292
371.419
691.389
288.285
287.967
288.811
310.209
290.501
555.419
343.097
287.926
287.926
287.926
287.926
287.926
287.926
287.926
287.926
287.926
287.926
287.926
287.926
287.926
287.926
287.926
287.926
287.926
287.926
287.926
287.926
287.926
287.926
287.926
287.926
287.926
287.926
287.926
287.926
287.926
287.926
287.926
287.926
287.926
287.926
287.926
287.926
287.926
287.926
287.926
287.926
287.926
287.926
287.926
287.926
287.926
287.926
287.926
287.926
287.926
287.926
287.926
287.926
287.926
287.926
287.926
287.926
287.926
287.926
287.926
287.926
287.926
287.926
287.926
287.926
287.926
287.926
287.926
287.926
287.926
287.926
287.926
287.926
287.926
287.926
287.926
287.926
287.926
287.926
287.926
287.926
287.926
287.926
287.926
287.926
287.926
287.926
287.926
287.926
287.926
287.926
287.926
287.926
287.926
287.926
287.926
287.926
287.926
287.926
287.926
287.926
287.926
287.926
287.926
287.926
287.926
287.926
287.926
287.926
287.926
287.926
287.926
287.926
287.926
287.926
287.926
287.926
287.926
287.926
287.926
287.926
287.926
287.926
287.926
287.926
287.926
287.926
287.926
287.926
287.926
287.926
287.926
287.926
287.926
287.926
287.926
287.926
287.926
287.926
287.926
287.926
287.926
287.926
287.926
287.926
287.926
287.926
287.926
287.926
287.926
287.926
287.926
287.926
287.926
287.926
287.926
287.926
287.926
287.926
287.926
287.926
287.926
287.926
287.926
287.926
287.926
287.926
287.926
287.926
287.926
287.926
287.926
287.926
287.926
287.926
287.926
287.926
287.926
287.926
287.926
287.926
287.926
287.926
287.926
287.926
287.926
287.926
287.926
287.926
287.926
287.926
287.926
287.926
287.926
287.926
287.926
287.926
287.926
287.926
287.926
287.926
287.926
287.926
287.926
287.926
287.926
287.926
287.926
287.926
287.926
287.926
287.926
287.926
287.926
287.926
287.926
287.926
287.926
287.926
287.926
287.926
287.926
287.926
287.926
287.926
287.926
287.926
287.926
287.926
287.926
287.926
287.926
287.926
287.926
287.926
287.926
287.926
287.926
287.926
287.926
287.926
287.926
287.926
287.926
287.926
287.926
287.926
287.926
287.926
287.926
287.926
287.926
287.926
287.926
287.926
287.926
287.926
287.926
287.926
287.926
287.926
287.926
287.926
287.926
287.926
287.926
287.926
287.926
287.926
287.926
287.926
287.926
287.926
287.926
287.926
287.926
287.926
287.926
287.926
287.926
287.926
287.926
287.926
287.926
287.926
287.926
287.926
287.926
287.926
287.926
287.926
287.926
287.926
287.926
287.926
287.926
287.926
287.926
287.926
287.95
287.926
287.926
287.926
287.926
287.926
287.926
287.926
287.926
287.926
287.926
287.926
287.926
287.926
287.926
287.926
287.928
288.548
287.926
287.932
288.069
287.926
287.933
287.926
287.926
287.927
287.926
287.938
287.926
287.926
287.926
287.927
287.926
287.926
287.926
287.926
287.926
287.926
287.926
287.926
287.926
287.926
287.926
287.926
287.926
287.926
287.926
287.926
287.926
287.926
287.926
287.926
287.926
287.926
287.926
287.926
287.926
287.926
287.926
287.926
287.926
287.926
287.926
287.926
287.926
287.926
287.926
287.926
287.926
287.926
287.926
287.926
287.926
287.926
287.926
287.926
287.926
287.926
287.926
287.926
287.926
287.926
287.926
287.926
287.926
287.926
287.926
287.926
287.926
287.926
287.926
287.926
287.926
287.926
287.926
287.926
287.926
287.926
287.926
287.926
287.926
287.926
287.926
287.926
287.926
287.926
287.926
287.926
287.926
287.926
287.926
287.926
287.926
287.926
287.926
287.926
287.926
287.926
287.926
287.926
287.926
287.926
287.926
287.926
287.926
287.926
287.926
287.926
287.926
287.926
287.926
287.926
287.926
287.926
287.926
287.926
287.926
287.926
287.926
287.926
287.926
287.926
287.926
287.926
287.926
287.926
287.926
287.926
287.926
287.926
287.926
287.926
287.926
287.926
287.926
287.926
287.926
287.926
287.926
287.926
287.926
287.926
287.926
287.926
287.926
287.926
287.926
287.926
287.926
287.926
287.926
287.926
287.926
287.926
287.926
287.926
287.926
287.926
287.926
287.926
287.926
287.926
287.926
287.926
287.926
287.926
287.926
287.926
287.926
287.926
287.926
287.926
287.926
287.926
287.926
287.926
287.926
287.926
287.926
287.926
287.926
287.926
287.926
287.926
287.926
287.926
287.926
287.926
287.926
287.926
287.926
287.926
287.926
287.926
287.926
287.926
287.926
287.926
287.926
287.926
287.926
287.926
287.926
287.926
287.926
287.926
287.926
287.926
287.926
287.926
287.926
287.926
287.926
287.926
287.926
287.926
287.926
287.926
287.926
287.926
287.926
287.926
287.926
287.926
287.926
287.926
287.926
287.926
287.926
287.926
287.926
287.926
287.926
287.926
287.926
287.926
287.926
287.926
287.926
287.926
287.926
287.926
287.926
287.926
287.926
287.926
287.926
287.926
287.926
287.926
287.926
287.926
287.926
287.926
287.926
287.926
287.926
287.926
287.926
287.926
287.926
287.926
287.926
287.926
287.926
287.926
287.926
287.926
287.926
287.926
287.926
287.926
287.926
287.926
287.926
287.926
287.926
287.926
287.926
287.926
287.926
287.926
287.926
287.926
287.926
287.926
287.926
287.926
287.926
287.926
287.926
287.926
287.926
287.926
287.926
287.926
287.926
287.926
287.926
287.926
287.926
287.926
287.926
287.926
287.926
287.926
287.926
287.926
287.926
287.926
287.926
287.926
287.926
287.926
287.926
287.926
287.926
287.926
287.926
287.926
287.926
287.926
287.926
287.926
287.926
287.926
287.926
287.926
287.926
287.926
287.926
287.926
287.926
287.926
287.926
287.926
287.926
287.926
287.926
287.926
287.926
287.926
287.926
287.926
287.926
287.926
287.926
287.926
287.926
287.926
287.926
287.926
287.926
287.926
287.926
287.926
287.926
287.926
287.926
287.926
287.926
287.926
287.926
287.926
287.926
287.926
287.926
287.926
287.926
287.926
287.926
287.926
287.926
287.926
287.926
287.926
287.926
287.926
287.926
287.926
287.926
287.926
287.926
287.926
287.926
287.926
287.926
287.926
287.926
287.926
287.926
287.926
287.926
287.926
287.926
287.926
287.926
287.926
287.926
287.926
287.926
287.926
287.926
287.926
287.926
287.926
287.926
287.926
287.926
287.926
287.926
287.926
287.926
287.926
287.926
287.926
287.926
287.926
287.926
287.926
287.926
287.926
287.926
287.926
287.926
287.926
287.926
287.926
287.926
287.926
287.926
287.926
287.926
287.926
287.926
287.926
287.926
287.926
287.926
287.926
287.926
287.926
287.926
287.926
287.926
287.926
287.926
287.926
287.926
287.926
287.926
287.926
287.926
287.926
287.926
287.926
287.926
287.926
287.926
287.926
287.926
287.93
287.926
287.926
287.926
287.926
287.926
287.926
287.926
287.926
287.926
287.926
287.926
287.926
287.926
287.926
287.926
287.926
287.926
287.926
287.926
287.926
287.926
287.933
287.931
287.933
288.242
288.179
287.934
287.926
287.926
287.926
287.926
287.926
287.926
287.926
287.926
287.926
287.926
287.926
287.926
287.926
287.926
287.926
287.926
287.926
287.926
287.926
287.926
287.926
287.926
287.926
287.926
287.926
287.926
287.926
287.926
287.926
287.926
287.926
287.926
287.926
287.926
287.926
287.926
287.926
287.926
287.926
287.926
287.926
287.926
287.926
287.926
287.926
287.926
287.926
287.926
287.926
287.926
287.926
287.926
287.926
287.926
287.926
287.926
287.926
287.926
287.926
287.926
287.926
287.926
287.926
287.926
287.926
287.926
287.926
287.926
287.926
287.926
287.926
287.926
372.553
289.396
287.926
287.946
287.926
298.401
1307.06
668.864
288.205
287.926
287.926
287.926
287.926
287.93
287.926
287.926
287.926
287.926
2081.5
1562.92
1370.09
1181.23
767.451
314.395
793.846
1330.56
1395.6
1305.57
617.516
599.727
1148.88
968.098
1222.78
827.77
1222.83
1051.62
287.926
287.926
287.926
287.926
287.926
287.926
287.926
287.926
287.926
287.926
287.926
287.926
287.926
287.926
287.926
287.926
287.926
287.926
287.926
287.926
287.926
287.926
287.926
287.926
287.926
287.926
287.926
287.926
287.926
287.926
287.926
287.926
287.926
287.926
287.926
287.926
287.926
287.926
287.926
287.926
287.926
287.926
287.926
287.926
287.926
287.926
287.926
287.926
287.926
287.927
287.926
287.926
287.926
287.926
287.926
287.926
287.926
287.926
287.926
287.926
287.926
287.926
287.926
287.926
287.926
287.926
287.926
287.926
287.926
287.926
287.926
287.926
287.926
287.926
287.926
287.926
287.926
287.926
287.926
287.926
287.926
287.926
287.926
287.926
287.926
287.926
287.926
287.926
287.927
287.926
287.926
287.926
287.926
287.93
287.926
287.926
287.926
287.926
287.926
287.926
287.926
287.926
287.926
287.926
287.928
287.926
287.926
287.926
287.926
287.926
287.926
287.926
287.926
287.926
287.926
287.926
287.926
287.926
287.926
287.926
287.926
287.926
287.926
287.926
287.926
287.926
287.926
287.926
287.926
287.926
287.926
287.926
287.926
287.926
287.93
287.926
287.927
287.927
287.926
287.926
287.926
287.926
287.926
287.926
287.926
287.926
287.926
287.926
287.926
287.926
287.926
287.926
287.926
287.926
287.926
287.926
287.926
287.926
287.926
287.926
287.926
287.926
287.926
287.926
287.926
287.926
287.926
287.926
287.926
287.926
287.926
287.926
287.926
287.926
287.926
287.926
287.926
287.926
287.926
287.926
287.926
287.926
287.926
287.926
287.926
287.926
287.926
287.926
287.926
287.926
287.926
287.926
287.926
287.926
287.926
287.926
287.926
287.926
287.926
287.926
287.926
287.926
287.926
287.926
287.926
287.926
287.926
287.926
287.926
287.926
287.926
287.926
287.926
287.926
287.926
287.926
287.926
287.926
287.926
287.926
287.926
287.926
287.926
287.926
287.926
287.926
287.926
287.926
287.926
287.926
287.926
287.926
287.926
287.926
287.926
287.926
287.926
287.926
287.926
287.926
287.926
287.926
287.926
287.926
287.926
287.926
287.926
287.926
287.926
287.926
287.926
287.926
287.926
287.926
287.926
287.926
287.926
287.926
287.926
287.926
287.926
287.926
287.926
287.926
287.926
287.926
968.316
448.123
293.667
290.772
288.289
287.994
288.043
287.931
287.927
287.926
287.926
287.926
287.926
1191.74
300.611
288.287
330.997
287.927
287.926
287.926
287.926
287.926
588.491
916.955
598.072
920.554
322.344
291.767
327.111
291.044
288.932
289.622
289.208
289.269
288.62
288.833
287.927
294.132
316.328
288.241
288.013
294.927
288.002
313.588
288.41
287.934
287.99
287.927
288.488
287.933
287.978
287.947
287.959
287.926
287.926
287.952
287.953
287.926
287.94
287.926
287.934
287.926
287.944
287.926
287.932
287.926
287.928
287.926
287.926
287.927
287.926
287.926
287.926
287.926
287.926
287.926
287.926
287.926
287.926
287.926
287.926
287.926
287.926
287.926
287.926
287.926
287.926
287.926
287.926
287.926
287.926
287.926
287.926
287.926
287.926
287.926
287.926
287.926
287.926
287.926
287.926
287.926
287.926
287.926
287.926
287.926
287.926
287.926
287.926
287.926
287.926
287.926
287.926
287.926
287.926
287.926
287.926
287.926
287.926
287.926
287.926
287.926
287.926
287.926
287.926
287.926
287.926
287.926
287.926
287.926
287.926
287.926
287.926
287.926
287.926
287.926
287.926
287.926
287.926
287.926
287.926
287.926
287.926
287.926
287.926
287.926
287.926
287.994
287.947
287.927
287.962
287.926
287.926
287.926
287.926
287.926
287.926
287.926
287.926
287.926
287.926
287.926
287.926
287.926
287.926
287.926
287.926
287.926
287.926
287.926
287.926
287.926
287.926
287.926
287.926
287.926
287.926
287.926
287.926
287.926
287.926
287.926
287.926
287.926
287.926
287.926
287.926
287.926
287.926
287.926
287.926
287.926
287.926
287.926
287.926
287.926
287.926
287.926
287.926
287.926
287.926
287.926
287.926
287.926
287.926
287.926
287.926
287.926
287.926
287.926
287.926
287.926
287.926
287.926
287.926
287.926
287.926
287.926
287.926
287.926
287.926
287.926
287.926
287.926
287.926
287.926
287.926
287.926
287.926
287.926
287.926
287.926
287.926
287.926
287.926
287.926
287.926
287.926
287.926
287.926
287.926
287.926
287.926
287.926
287.926
287.926
287.926
287.926
287.926
287.926
287.926
287.926
287.926
287.926
287.926
287.926
287.926
287.926
287.926
287.926
287.926
287.926
287.926
287.926
287.926
287.926
287.926
287.926
287.926
287.926
287.926
287.926
287.926
287.926
287.926
287.926
287.926
287.926
287.926
287.926
287.926
287.926
287.926
287.926
287.926
287.926
287.926
287.926
287.926
287.926
287.926
287.926
287.926
287.926
287.926
287.926
287.926
287.926
287.926
287.926
287.926
287.926
287.926
287.926
287.926
287.926
287.926
287.926
287.926
287.926
287.926
287.926
287.926
287.926
287.926
287.926
287.926
287.926
287.926
287.926
287.926
287.926
287.926
287.926
287.926
287.926
287.926
287.926
287.926
287.926
287.926
287.926
287.926
287.926
287.926
287.926
287.926
287.926
287.926
287.926
287.926
287.926
287.926
287.926
287.926
287.926
287.926
287.926
287.926
287.926
287.926
287.926
287.926
287.926
287.926
287.926
287.926
287.926
287.926
287.926
287.926
287.926
287.926
287.926
287.926
287.926
287.926
287.926
287.926
287.926
287.926
287.926
287.926
287.926
287.926
287.926
287.926
287.926
287.926
287.926
287.926
287.926
287.926
287.926
287.926
287.926
287.926
287.926
287.926
287.926
287.926
287.926
287.926
287.926
287.926
287.926
287.926
287.926
287.926
287.926
287.926
287.926
287.926
287.926
287.926
287.926
287.926
287.926
287.926
287.926
287.926
287.926
287.926
287.926
287.926
287.926
287.926
287.926
287.926
287.926
287.926
287.926
287.926
287.926
287.926
287.926
287.926
287.926
287.926
287.926
287.926
287.926
287.926
287.926
287.926
287.926
287.926
287.926
287.926
287.926
287.926
287.926
287.926
287.926
287.926
287.926
287.926
287.926
287.926
287.926
287.926
287.926
287.926
287.926
287.926
287.926
287.926
287.926
287.926
287.926
287.926
287.926
287.926
287.926
287.926
287.926
287.926
287.926
287.926
287.926
287.926
287.926
287.926
287.926
287.926
287.926
287.926
287.926
287.926
287.926
287.926
287.926
287.926
287.926
287.926
287.926
287.926
287.926
287.926
287.926
287.926
287.926
287.926
287.926
287.926
287.926
287.926
287.926
287.926
287.926
287.926
287.926
287.926
287.926
287.926
287.926
287.926
287.926
287.926
287.926
287.926
287.926
287.926
287.926
287.926
287.926
287.926
287.926
287.926
287.926
287.926
287.926
287.926
287.926
287.926
287.926
287.926
287.926
287.926
287.926
287.926
287.926
287.926
287.926
287.926
287.926
287.926
287.926
287.926
287.926
287.926
287.926
287.926
287.926
287.926
287.926
287.926
287.926
287.926
287.926
287.926
287.926
287.926
287.926
287.926
287.926
287.926
287.926
287.926
287.926
287.926
287.926
287.926
287.926
287.926
287.926
287.926
287.926
287.926
287.926
287.926
287.926
287.926
287.926
287.926
287.926
287.926
287.926
287.926
287.926
287.926
287.926
287.926
287.926
287.926
287.926
287.926
287.926
287.926
287.926
287.926
287.926
287.926
287.926
287.926
287.926
287.926
287.926
287.926
287.926
287.926
287.926
287.926
287.926
287.926
287.926
287.926
287.926
287.926
287.926
287.926
287.926
287.926
287.926
287.926
287.926
287.926
287.926
287.926
287.926
287.926
287.926
287.926
287.926
287.926
287.926
287.926
287.926
287.926
287.926
287.926
287.926
287.926
287.926
287.926
287.926
287.926
287.926
287.926
287.926
287.926
287.926
287.926
287.926
287.926
287.926
287.926
287.926
287.926
287.926
287.926
287.926
287.926
287.926
287.926
287.926
287.926
287.926
287.926
287.926
287.926
287.926
287.926
287.926
287.926
287.926
287.926
287.926
287.926
287.926
287.926
287.926
287.926
287.926
287.926
287.926
287.926
287.926
287.926
287.926
287.926
287.926
287.926
287.926
287.926
287.926
287.926
287.926
287.926
287.926
287.926
287.926
287.926
287.926
287.926
287.926
287.926
287.926
287.926
287.926
287.926
287.926
287.926
287.926
287.926
287.926
287.926
287.926
287.926
287.926
287.926
287.926
287.926
287.926
287.926
287.926
287.926
287.926
287.926
287.926
287.926
287.926
287.926
287.926
287.926
287.926
287.926
287.926
287.926
287.926
287.926
287.926
287.926
287.926
287.926
287.926
287.926
287.926
287.926
287.926
287.926
287.926
287.926
287.926
287.926
287.926
287.926
287.926
287.926
287.926
287.926
287.926
287.926
287.926
287.926
287.926
287.926
287.926
287.926
287.926
287.926
287.926
287.926
287.926
287.926
287.926
287.926
287.926
287.926
287.926
287.926
287.926
287.926
287.926
287.926
287.926
287.926
287.926
287.926
287.926
287.926
287.926
287.926
287.926
287.926
287.926
287.926
287.926
287.926
287.926
287.926
287.926
287.926
287.926
287.926
287.926
287.926
287.926
287.926
287.926
287.926
287.926
287.926
287.926
287.926
287.926
287.926
287.926
287.926
287.926
287.926
287.926
287.926
287.926
287.926
287.926
287.926
287.926
287.926
287.926
287.926
287.926
287.926
287.926
287.926
287.926
287.926
287.926
287.926
287.926
287.926
287.926
287.926
287.926
287.926
287.926
287.926
287.926
287.926
287.926
287.926
287.926
287.926
287.926
287.926
287.926
287.926
287.926
287.926
287.926
287.926
287.926
287.926
287.926
287.926
287.926
287.926
287.926
287.926
287.926
287.926
287.926
287.926
287.926
287.926
287.926
287.926
287.926
287.926
287.926
287.926
287.926
287.926
287.926
287.926
287.926
287.926
287.926
287.926
287.926
287.926
287.926
287.926
287.926
287.926
287.926
287.926
287.926
287.926
287.926
287.926
287.926
287.926
287.926
287.926
287.926
287.926
287.926
287.926
287.926
287.926
287.926
287.926
287.926
287.926
287.926
287.926
287.926
287.926
287.926
287.926
287.926
287.926
287.926
287.926
287.926
287.926
287.926
287.926
287.926
287.926
287.926
287.926
287.926
287.926
287.926
287.926
287.926
287.926
287.926
287.926
287.926
287.926
287.926
287.926
287.926
287.926
287.926
287.926
287.926
287.926
287.926
287.926
287.926
287.926
287.926
287.926
287.926
287.926
287.926
287.926
287.926
287.926
287.926
287.926
287.926
287.926
287.926
287.926
287.926
287.926
287.926
287.926
287.926
287.926
287.926
287.926
287.926
287.926
287.926
287.926
287.926
287.926
287.926
287.926
287.926
287.926
287.926
287.926
287.926
287.926
287.926
287.926
287.926
287.926
287.926
287.926
287.926
287.926
287.926
287.926
287.926
287.926
287.926
287.926
287.926
287.926
287.926
287.926
287.926
287.926
287.926
287.926
287.926
287.926
287.926
287.926
287.926
287.926
287.926
287.926
287.926
287.926
287.926
287.926
287.926
287.926
287.926
287.926
287.926
287.926
287.926
287.926
287.926
287.926
287.926
287.926
287.926
287.926
287.926
287.926
287.926
287.926
287.926
287.926
287.926
287.926
287.926
287.926
287.926
287.926
287.926
287.926
287.926
287.926
287.926
287.926
287.926
287.926
287.926
287.926
287.926
287.926
287.926
287.926
287.926
287.926
287.926
287.926
287.926
287.926
287.926
287.926
287.926
287.926
287.926
287.926
287.926
287.926
287.926
287.926
287.926
287.926
287.926
287.926
287.926
287.926
287.926
287.926
287.926
287.926
287.926
287.926
287.926
287.926
287.926
287.926
287.926
287.926
287.926
287.926
287.926
287.926
287.926
287.926
287.926
287.926
287.926
287.926
287.926
287.926
287.926
287.926
287.926
287.926
287.926
287.926
287.926
287.926
287.926
287.926
287.926
287.926
287.926
287.926
287.926
287.926
287.926
287.926
287.926
287.926
287.926
287.926
287.926
287.926
287.926
287.926
287.926
287.926
287.926
287.926
287.926
287.926
287.926
287.926
287.926
287.926
287.926
287.926
287.926
287.926
287.926
287.926
287.926
287.926
287.926
287.926
287.926
287.926
287.926
287.926
287.926
287.926
287.926
287.926
287.926
287.926
287.926
287.926
287.926
287.926
287.926
287.926
287.926
287.926
287.926
287.926
287.926
287.926
287.926
287.926
287.926
287.926
287.926
287.926
287.926
287.926
287.926
287.926
287.926
287.926
287.926
287.926
287.926
287.926
287.926
287.926
287.926
287.926
287.926
287.926
287.926
287.926
287.926
287.926
287.926
287.926
287.926
287.926
287.926
287.926
287.926
287.926
287.926
287.926
287.926
287.926
287.926
287.926
287.926
287.926
287.926
287.926
287.926
287.926
287.926
287.926
287.926
287.926
287.926
287.926
287.926
287.926
287.926
287.926
287.926
287.926
287.926
287.926
287.926
287.926
287.926
287.926
287.926
287.926
287.926
287.926
287.926
287.926
287.926
287.926
287.926
287.926
287.926
287.926
287.926
287.926
287.926
287.926
287.926
287.926
287.926
287.926
287.926
287.926
287.926
287.926
287.926
287.926
287.926
287.926
287.926
287.926
287.926
287.926
287.926
287.926
287.926
287.926
287.926
287.926
287.926
287.926
287.926
287.926
287.926
287.926
287.926
287.926
287.926
287.926
287.926
287.926
287.926
287.926
287.926
287.926
287.926
287.926
287.926
287.926
287.926
287.926
287.926
287.926
287.926
287.926
287.926
287.926
287.926
287.926
287.926
287.926
287.926
287.926
287.926
287.926
287.926
287.926
287.926
287.926
287.926
287.926
287.926
287.926
287.926
287.926
287.926
287.926
287.926
287.926
287.926
287.926
287.926
287.926
287.926
287.926
287.926
287.926
287.926
287.926
287.926
287.926
287.926
287.926
287.926
287.926
287.926
287.926
287.926
287.926
287.926
287.926
287.926
287.926
287.926
287.926
287.926
287.926
287.926
287.926
287.926
287.926
287.926
287.926
287.926
287.926
287.926
287.926
287.926
287.926
287.926
287.926
287.926
287.926
287.926
287.926
287.926
287.926
287.926
287.926
287.926
287.926
287.926
287.926
287.926
287.926
287.926
287.926
287.926
287.926
287.926
287.926
287.926
287.926
287.926
287.926
287.926
287.926
287.926
287.926
287.926
287.926
287.926
287.926
287.926
287.926
287.926
287.926
287.926
287.926
287.926
287.926
287.926
287.926
287.926
342.424
287.947
287.927
287.926
287.926
287.926
288.007
287.926
287.926
287.926
287.926
287.926
296.009
287.926
287.926
287.926
287.926
287.926
287.926
287.972
287.926
287.926
287.926
287.926
287.926
287.926
287.926
287.926
287.926
287.926
287.926
287.926
287.926
287.926
287.926
287.926
287.926
287.926
287.926
287.926
287.926
287.926
287.926
287.926
287.926
287.926
287.926
287.926
287.926
287.926
287.926
287.926
288.283
293.137
289.087
287.927
287.986
287.94
287.93
287.926
287.926
287.926
287.926
287.926
287.926
287.926
287.931
288.005
287.931
287.926
287.926
287.927
287.926
287.926
287.926
287.926
287.926
287.926
287.926
287.926
287.926
287.927
287.927
287.926
287.926
287.926
287.926
287.926
287.926
287.926
287.926
287.926
287.926
287.926
287.926
287.926
287.927
287.926
287.926
287.926
287.926
287.926
287.926
287.926
287.926
287.926
287.926
287.926
287.926
287.926
287.926
287.926
287.926
287.926
287.926
287.926
287.926
287.926
287.926
287.926
287.926
287.926
287.926
287.926
287.926
287.926
287.926
287.926
287.926
287.926
287.926
287.926
287.926
287.926
287.926
287.926
287.926
287.926
287.926
287.926
287.926
287.926
287.926
287.926
287.926
287.926
287.926
287.926
287.926
287.926
287.926
287.926
287.926
287.926
287.926
287.926
287.926
287.926
287.926
287.926
287.926
287.926
287.926
287.926
287.926
287.926
287.926
287.926
287.926
287.926
287.926
287.926
287.926
287.926
287.926
287.926
287.926
287.926
287.926
287.926
287.926
287.926
287.926
287.926
287.926
287.926
287.926
287.926
287.926
287.926
287.926
287.926
287.926
287.926
287.926
287.926
287.926
287.926
287.926
287.926
287.926
287.926
287.926
287.926
287.926
287.926
287.926
287.926
287.926
287.926
287.926
287.926
287.926
287.926
287.926
287.926
287.926
287.926
287.926
287.926
287.926
287.926
287.926
287.926
287.926
287.926
287.926
287.926
287.926
287.926
287.926
287.926
287.926
287.926
287.926
287.926
287.926
287.926
287.926
287.926
287.926
287.926
287.926
287.926
287.926
287.926
287.926
287.926
287.926
287.926
287.926
287.926
287.926
287.926
287.926
287.926
287.926
287.926
287.926
287.926
287.926
287.926
287.926
287.926
287.926
287.926
287.926
287.926
287.926
287.926
287.926
287.926
287.926
287.926
287.926
287.926
287.926
287.926
287.926
287.926
287.926
287.926
287.926
287.926
287.926
287.926
287.926
287.926
287.926
287.926
287.926
287.926
287.926
287.926
287.926
287.926
287.926
287.926
287.926
287.926
287.926
287.926
287.926
287.926
287.926
287.926
287.926
287.926
287.926
287.926
287.926
287.926
287.926
287.926
287.926
287.926
287.926
287.926
287.926
287.926
287.926
287.926
287.926
287.926
287.926
287.926
287.926
287.926
287.926
287.926
287.926
287.926
287.926
287.926
287.926
287.926
287.926
287.926
287.926
287.926
287.926
287.926
287.926
287.926
287.926
287.926
287.926
287.926
287.926
287.926
287.926
287.926
287.926
287.926
287.926
287.926
287.926
287.926
287.926
287.926
287.926
287.926
287.926
287.926
287.926
287.926
287.926
287.926
287.926
287.926
287.926
287.926
287.926
287.926
287.926
287.926
287.926
287.926
287.926
287.926
287.926
287.926
287.926
287.926
287.926
287.926
287.926
287.926
287.926
287.926
287.926
287.926
287.926
287.926
287.926
287.926
287.926
287.926
287.926
287.926
287.926
287.926
287.926
287.926
287.926
287.926
287.926
287.926
287.926
287.926
287.926
287.926
287.93
287.927
331.789
302.046
287.926
287.926
288.347
287.927
287.926
287.926
287.931
287.989
288.012
288.115
292.845
288.197
291.337
287.928
287.945
287.969
288.054
288.925
290.202
287.982
287.926
287.926
287.93
287.927
288.164
287.939
287.955
287.926
287.926
287.926
287.926
287.926
287.928
287.926
287.926
287.926
287.926
287.926
287.926
287.926
287.926
287.926
287.926
288.433
287.926
287.926
287.926
1809.29
941.564
354.83
650.206
319.663
287.926
287.926
287.926
287.926
287.926
287.926
287.926
287.926
287.926
287.926
287.926
287.926
287.926
287.926
287.926
287.926
287.926
287.926
287.926
287.926
287.926
287.926
287.926
287.926
287.926
287.926
287.926
287.926
287.926
287.926
287.926
287.926
1009.61
339.719
289.752
288.121
329.112
516.3
491.542
820.066
1094.37
853.078
288.08
292.233
291.3
437.409
298.32
465.664
296.207
290.926
1781.96
895.486
349.812
292.571
309.715
288.864
287.926
287.93
1468.33
1733.17
1434.42
893.085
434.433
452.573
366.434
350.778
335.519
305.448
332.252
321.818
288.345
288.26
288.674
294.532
293.181
287.94
288.04
288.017
287.943
287.929
288.001
287.986
287.927
287.926
287.926
659.797
984.945
526.893
713.449
881.176
363.243
582.256
577.333
822.239
788.38
307.964
523.573
297.447
501.329
1059.47
1292.33
1318.62
1361.44
1164.41
904.959
1009.56
725.133
814.608
887.949
647.06
442.207
333.987
540.767
1075.51
1205.42
968.76
1452.84
1215.38
1352.19
1119.57
1111.08
908.008
872.358
1287
1247.1
1065.12
1026.16
287.926
1022.34
620.179
872.349
997.538
1141.69
956.402
797.367
1233.85
1512.89
1413.72
1448.01
1600.65
1533.92
1331.02
897.577
1119.54
1176.17
1247.59
1294.46
1034.17
1088.16
1396.53
1011.05
1205.65
1458.35
1331.37
1341.62
1129.82
1071.53
1278.14
1393.37
1371.16
1434.18
1195.13
1343.51
304.017
287.93
288.106
287.926
287.93
294.357
290.163
1741.27
1502.97
1437.02
1465.39
1778.45
1693.85
1528.67
1356.96
1329.62
1313.24
1257.2
1296.45
1422.38
1372.76
1783.53
2138.19
1518.26
1453.34
1369.8
1076.31
1448.89
950.61
1424.24
475.102
1460.13
288.536
2159.05
778.253
311.862
2193.87
1312.04
1756.23
1021.63
812.424
620.287
619.351
288.171
287.995
2198.96
2113.18
2056.1
1797.8
951.553
1586.72
619.185
954.706
550.776
906.292
416.571
500.73
324.611
373.375
292.743
294.256
287.938
287.931
288.227
287.926
1154.19
771.734
1279.75
1386.8
1532.28
1624.21
1014.79
1409.52
1353.83
1094.24
1413.75
769.46
287.928
287.926
287.997
287.926
287.926
287.933
287.926
287.926
287.926
287.926
287.926
287.926
287.926
287.926
287.926
287.926
287.926
287.926
287.926
287.926
287.926
287.926
287.926
287.926
287.962
1147.05
288.033
287.927
1094.07
287.933
287.926
287.926
287.926
287.926
287.926
287.926
287.926
287.926
287.926
287.926
287.926
287.926
287.926
287.926
287.926
287.926
287.926
287.926
287.926
295.188
287.946
1111.09
622.349
319.186
578.47
376.744
647.012
1522.96
1186.43
1017.93
288.331
294.368
288.249
320.638
309.179
589.588
289.272
1582.38
2084.13
1880.68
1908.43
920.116
731.722
1351.41
368.497
297.837
474.768
302.709
429.522
294.674
339.526
392.015
290.942
288.011
301.384
288.628
289.578
287.932
288.036
926.334
1066.99
831.308
1114.88
1326.65
1247.49
1039.14
975.542
778.929
747.37
1189.17
1149.92
991.269
950.497
881.181
1451.28
175.242
951.627
1100.51
287.949
287.926
287.926
287.926
287.926
287.926
287.926
287.926
287.927
287.926
287.926
287.954
287.926
377.873
191.731
160.785
484.829
603.497
138.85
135.927
137.724
135.499
137.572
136.739
134.62
139.127
139.775
755.785
1087.79
955.015
279.633
916.104
485.56
133.893
135.838
137.087
135.704
136.799
134.986
141.476
148.422
261.755
173.231
253.365
140.856
140.231
162.615
164.224
159.47
227.586
233.644
139.92
139.442
158.973
160.593
143.105
152.596
146.644
184.077
177.323
196.039
292.64
226.792
184.328
285.539
154.727
143.512
170.837
199.463
166.708
338.197
251.816
147.569
141.671
166.207
191.025
463.092
445.458
466.002
760.74
728.389
232.878
239.996
483.305
700.833
494.665
173.921
279.779
278.273
481.902
1207.24
300.682
517.63
1362.37
1387.17
1025.89
808.324
500.526
583.957
482.011
753.089
823.825
259.45
345.906
544.837
577.656
356.217
193.624
302.231
337.696
512.12
230.936
638.53
342.504
683.111
379.284
545.832
822.311
1092.09
805.448
1028.39
1227.89
1287.05
1085.8
1025.65
734.305
1099.62
906.679
803.06
527.509
734.136
954.762
753.732
896.185
736.282
930.727
1070.34
505.892
714.19
1352.98
1374.28
1211.45
1332.01
1080.97
1204.27
1369.61
843.732
1007.65
956.142
981.937
1034.37
1147.56
1198.52
1234.37
1343.86
1119.54
1408.49
1273.12
1490.22
1402.84
1151.08
1035.16
829.936
873.06
601.79
766.703
981.418
913.357
948.491
1047.74
1041.99
1133.59
1165.98
1256.69
1745.41
1299.55
1444.04
1621.48
1232.27
1534.64
1448.78
1505.75
1455.74
1331.96
1175.86
1136.97
1371.59
1334.05
1374.59
1498.86
1284.2
1568.07
1778.98
1598.18
1465.63
1365.53
1222.74
1183.88
1467.27
1383.61
1414.1
1343.96
1258.6
952.949
1108.14
1137.41
1290.75
1301.51
1434.18
1295.35
1441.01
1251.17
1272.55
1068.46
917.54
1111.4
1412.8
1388.43
1260.11
1088.83
1198.04
1295.48
1368.66
1166
1353.4
1422.86
1315.63
1167.07
1243.18
1352.81
1588.14
1546.79
1777.59
1464.25
1369.82
1613.55
1573.87
1433.06
1319.33
1181.13
1359.75
1132.54
1325.19
1366.82
1730.93
1690.71
1455.1
1658.28
1619.5
1896.13
1868.07
1382.98
1184.13
1236.53
1396.79
1336.4
1401.42
1374.7
1235.8
1178.75
1292.04
1141.62
1303.88
1335.99
1067.62
2000.66
1839.04
1792.7
1712.81
1652
1979.94
1908.74
1229.72
1375.85
1363.03
1313.67
1308.88
1294.65
1343.26
1476.69
1451.79
1448
1508.35
1432.47
1397.11
1506.4
1372.09
954.539
1385.21
1451.66
1403.25
1133.51
1424.79
1404.69
1381.25
1455.88
1439.15
1393.3
1428.94
1232.28
1152.2
1464.68
1400.78
1402.67
1491.9
1344.71
1441.87
1427.59
1468.84
1283.55
1508.33
1435.46
1439.26
1501.4
1441.62
1421.32
1334.31
1385.77
1435.29
1258.31
1472.3
921.625
932.391
685.681
1340.38
1250.97
1338.21
1335.73
1451.38
1487.01
1248.31
1417
1445.38
1328.04
1421.35
2189.57
2014.55
2007.61
1825.84
1812.53
2060.43
2031.02
1891.01
1899.41
1658.06
1758.57
1881.94
1602.73
1611.71
2058.75
1986.34
1940.2
2175.56
2043.45
2116.75
2058.13
1051.1
1281.18
1376.44
1224.38
1384.64
1007.15
1376.57
1031.42
1349.53
1373.88
1317.21
1422.53
1280.25
1435.27
836.74
1125.01
1076.7
1417.46
1370.08
1297.68
1247.54
1798.12
1097.71
1341.38
1563.63
1635.19
1845.26
1506.29
973.257
837.628
676.416
1127.81
1234.03
1328.41
1308.71
725.953
954.106
1038.09
1335.83
1351.03
1213.95
1156.09
1083.65
1292.16
280.14
1246.8
333.206
179.841
1239.02
1316.04
666.947
1025.36
146.618
146.651
203.675
144.586
212.772
214.565
237.679
151.415
1084.23
1093.75
573.065
611.676
619.862
674.985
1162.85
468.616
200.575
312.773
154.316
247.277
304.742
185.751
289.318
421.827
274.934
151.299
234.832
290.993
180.267
1292.4
785.709
875.043
1173.74
690.047
764.502
1243.24
752.373
1294.05
853.537
1158.51
669.482
753.731
1239.6
426.795
637.04
516.823
648.71
529.601
880.979
802.383
539.866
643.121
894.915
520.609
809.716
436.128
284.64
854.325
1313.44
961.169
1310.17
966.157
1080.54
1329.92
981.228
1315.38
966.137
1335.82
1093.34
859.795
1293.55
590.709
756.093
319.677
304.745
662.506
484.122
292.655
1513.24
2138.84
1976
2134.48
1999.95
1713.31
1968.99
1558.17
453.412
1064.71
1658.86
1240.54
659.621
1180.76
857.4
804.511
1047.69
1002.73
452.544
492.908
335.764
1523.48
703.006
1184.84
1484.16
1206.64
1137.83
1452.42
752.549
961.595
879.105
357.504
413.376
304.565
321.132
769.479
1046.19
1272.57
1175.28
1443.31
914.26
1373
1272.41
1221.48
1467.82
994.078
440.782
911.671
1373.08
693.11
1250.87
1456.63
1363.73
857.912
976.365
405.954
881.751
588.5
298.166
352.529
311.898
426.29
727.787
443.255
479.335
771.453
1062.29
1270.61
1010.04
717.687
363.363
636.987
411.334
931.07
645.783
1015.56
1219.92
294.098
527.695
944.961
289.534
315.094
765.986
379.915
318.387
736.53
1217.94
295.219
468.701
513.518
1046.78
717.491
487.802
293.549
400.486
963.992
606.124
1174.77
1537.24
1708.46
1380.19
588.029
383.358
492.897
795.613
522.984
289.363
288.197
365.622
370.691
304.852
289.271
1537.02
1201.2
766.745
2080.7
1870.51
1903.1
1625.05
474.459
695.781
425.911
290.831
308.296
288.49
292.512
356.815
1360.12
477.694
292.005
321.767
800.923
1035
304.405
288.173
316.619
288.509
324.709
288.24
288.658
627.929
796.939
382.342
296.701
288.667
289.7
308.485
348.914
289.074
299.254
587.191
540.113
296.417
288.77
318.021
408.829
493.148
290.532
293.785
288.183
288.499
288.189
290.003
397.415
293.596
333.134
288.013
288.678
304.107
316.787
637.603
593.859
300.773
510.778
1086.26
493.189
288.49
316.768
661.854
304.893
585.618
298.65
645.844
943.049
1289.88
405.506
320.166
319.109
296.123
297.033
288.009
288.099
308.409
288.333
288.125
298.671
289.568
325.714
288.662
305.424
665.113
291.696
372.487
288.712
288.224
293.984
530.538
306.536
337.158
290.177
288.986
325.758
336.357
777.82
454.109
293.053
292.195
287.926
287.926
287.926
287.926
287.926
287.926
287.926
287.926
287.926
287.926
287.926
287.926
287.926
287.926
287.926
287.926
287.926
287.926
287.926
287.926
287.926
287.926
287.926
287.926
287.926
287.926
287.926
287.926
287.926
287.926
287.926
287.926
287.926
287.926
287.926
287.926
287.926
287.926
287.926
287.926
287.926
287.926
287.926
287.926
287.926
287.926
287.926
287.926
287.926
287.926
287.926
287.926
287.926
287.926
287.926
287.926
287.926
287.926
287.926
287.926
287.926
287.926
287.926
287.926
287.926
287.926
287.926
287.926
287.926
287.926
287.926
287.926
287.926
287.926
287.926
287.926
287.926
287.926
287.926
287.926
287.926
287.926
287.926
287.926
287.926
287.926
287.926
287.926
287.926
287.926
287.926
287.926
287.926
287.926
287.926
287.926
287.926
287.926
287.926
287.926
287.926
287.926
287.926
287.926
2113.22
2177.09
1705.12
1544.44
1175.01
864.136
1106.56
684.916
1984.45
2140.31
1954.81
2069.66
2232.46
2104.21
2200.75
1520.26
1060.72
1055.34
1791.95
1487.08
1814.64
1475.22
869.513
828.334
814.528
1279.04
1325.19
1319.64
1279.86
663.731
780.421
763.842
1250.13
1202.21
1248.64
1203.78
1347.9
839.445
1353.32
1476.26
978.882
1737.88
1418.6
1140.32
601.417
645.617
737.265
780.457
1260.79
1226.93
1993.55
1840.95
2061.32
2128.31
1928.82
2124.88
2002.99
1039.57
469.804
553.188
684.207
586.6
1198.12
1143.23
292.648
287.96
288.013
327.675
288.658
289.8
381.205
290.297
287.962
288.147
289.408
288.139
287.949
287.929
302.663
332.383
291.412
290.629
288.533
288.164
287.98
292.089
289.202
288.003
288.858
288.028
287.949
287.944
291.444
292.628
321.931
288.005
288.535
287.933
287.986
289.139
288.103
287.929
287.948
287.979
287.934
288.358
287.96
287.929
288.121
289.181
300.338
287.946
288.122
288.72
288.745
323.874
288.103
296.007
287.93
288.09
287.936
304.671
288.499
287.994
287.928
288.057
292.155
289.286
287.951
287.979
288.233
288.568
287.938
287.932
293.657
289.269
287.943
288.102
287.969
291.396
302.765
591.3
385.325
301.827
293.708
289.26
288.607
288.092
287.936
288.028
290.248
299.726
288.132
287.928
287.967
287.929
288.533
287.938
287.931
288.228
287.927
288.002
288.022
287.95
287.927
287.951
288.36
287.926
287.933
289.055
288.633
324.294
287.926
287.949
289.035
287.96
287.937
287.931
288.213
287.929
288.002
288.119
292.981
288.846
287.987
288.467
288.029
287.935
287.938
287.927
287.93
288.205
292.651
287.926
287.929
287.936
288.104
287.926
287.943
287.942
288.667
303.017
288.265
288.227
287.975
287.927
287.932
287.936
288.004
287.927
287.926
287.927
287.939
287.926
287.93
287.926
287.956
288.208
289.584
288.343
287.931
288.316
288.025
287.931
287.927
288.128
288.08
287.942
287.929
287.929
287.926
287.926
287.949
287.926
287.926
287.928
288.03
287.926
287.948
287.952
287.926
287.928
289.025
287.926
287.949
288.031
287.926
287.938
287.926
287.928
287.946
288.606
288
812.393
322.01
868.892
361.142
287.926
288.241
287.926
287.961
745.623
319.044
366.588
740.87
866.869
363.287
317.324
667.468
716.267
848.501
336.162
352.055
312.249
305.291
368.145
561.892
296.698
289.403
552.849
289.247
296.066
343.903
288.499
292.109
469.104
522.298
288.898
294.371
287.932
288.904
287.945
287.954
287.935
289.301
288.384
287.937
288.535
289.713
287.938
287.963
289.607
288.494
287.952
288.08
287.929
287.928
287.926
287.949
288.067
287.936
287.995
287.927
287.928
287.926
287.943
288.035
287.929
287.926
287.927
287.927
287.98
287.928
288.052
288.183
287.93
287.926
287.946
287.927
287.947
287.926
287.932
287.926
287.94
287.926
287.927
287.926
287.926
288.071
287.927
287.984
287.927
287.929
287.926
287.926
287.938
287.932
287.926
287.926
287.926
287.926
287.941
288.031
287.931
287.937
287.928
287.927
287.926
287.926
287.955
287.94
288.236
287.926
287.931
287.926
287.926
287.926
287.926
287.96
287.926
287.926
287.927
287.938
287.939
287.926
287.926
287.926
287.926
287.954
287.927
287.926
287.969
287.928
287.928
287.977
287.926
287.927
287.938
287.926
287.926
287.931
288.017
287.926
287.927
287.929
287.934
287.93
287.926
287.926
287.926
287.926
287.926
287.934
287.93
287.926
287.927
287.926
287.926
287.926
287.926
287.943
287.926
287.929
287.926
287.926
287.943
287.926
287.934
287.928
287.926
287.927
287.926
287.942
287.926
287.926
287.926
287.929
287.926
287.926
287.927
287.926
287.926
287.939
287.926
287.926
287.96
287.926
287.928
287.929
287.926
287.926
287.926
287.926
287.926
287.926
287.926
287.926
287.929
287.926
287.926
287.926
287.926
287.926
287.926
287.926
287.926
287.926
287.928
287.927
287.926
287.926
287.926
287.926
287.926
287.926
287.926
287.926
287.927
287.926
287.926
287.926
287.928
287.926
287.926
287.926
287.926
287.926
287.926
287.927
287.926
287.926
287.926
287.926
287.926
287.926
287.937
287.926
287.927
287.926
287.926
287.926
287.926
287.926
287.926
287.926
287.926
287.926
287.926
287.929
287.926
287.927
287.926
287.926
287.926
287.926
287.926
287.926
287.926
287.926
287.926
287.926
287.926
287.926
287.926
287.929
287.926
287.926
287.926
287.926
287.926
287.926
287.926
287.938
287.926
287.926
287.926
287.926
287.926
287.926
287.926
287.926
287.926
287.926
287.931
287.926
287.926
287.926
287.926
287.927
287.926
287.926
287.926
287.927
287.926
287.926
287.926
287.926
287.926
287.926
287.926
287.926
287.926
287.926
287.926
287.926
287.926
287.926
287.926
287.926
287.926
287.926
287.926
287.926
287.926
287.926
287.926
287.926
287.926
287.926
287.926
287.926
287.926
287.926
287.926
287.926
287.926
287.926
287.926
287.926
287.926
287.926
287.926
287.926
287.926
287.926
287.926
287.926
287.926
287.926
287.926
287.926
287.926
287.926
287.926
287.926
287.926
287.926
287.926
287.926
287.926
287.926
287.926
287.926
287.926
287.926
287.926
287.926
287.926
287.926
287.926
287.926
287.926
287.926
287.926
287.926
287.926
287.926
287.926
287.926
287.926
287.926
287.926
287.926
287.926
287.926
287.926
287.926
287.926
287.926
287.926
287.926
287.926
287.926
287.926
287.926
287.926
287.926
287.926
287.926
287.926
287.926
287.926
287.926
287.926
287.926
287.926
287.926
287.926
287.926
287.926
287.926
287.926
287.926
287.926
287.926
287.926
287.926
287.926
287.926
287.926
287.926
287.926
287.926
287.926
287.926
287.926
287.926
287.926
287.926
287.926
287.926
287.926
287.926
287.926
287.926
287.926
287.926
287.926
287.926
287.926
287.926
287.926
287.926
287.926
287.926
287.926
287.926
287.926
287.926
287.926
287.926
287.926
287.926
287.926
287.926
287.926
287.926
287.926
287.926
287.926
287.926
287.926
287.926
287.926
287.926
287.926
287.926
287.926
287.926
287.926
287.926
287.926
287.926
287.926
287.926
287.926
287.926
287.926
287.926
287.926
287.926
287.926
287.926
287.926
287.926
287.926
287.926
287.926
287.926
287.926
287.926
287.926
287.926
287.926
287.926
287.926
287.926
287.926
287.926
287.926
287.926
287.926
287.926
287.926
287.926
287.926
287.926
287.926
287.926
287.926
287.926
287.926
287.926
287.926
287.926
287.926
287.926
287.926
287.926
287.926
287.926
287.926
287.926
287.926
287.926
287.926
287.926
287.926
287.926
287.926
287.926
287.926
287.926
287.926
287.926
287.926
287.926
287.926
287.926
287.926
287.926
287.926
287.926
287.926
287.926
287.926
287.926
287.926
287.926
287.926
287.926
287.926
287.926
287.926
287.926
287.926
287.926
287.926
287.926
287.926
287.926
287.926
287.926
287.926
287.926
287.926
287.926
287.926
287.926
287.926
287.926
287.926
287.926
287.926
287.926
287.926
287.926
287.926
287.926
287.926
287.926
287.926
287.926
287.926
287.926
287.926
287.926
287.926
287.926
287.926
287.926
287.926
287.926
287.926
287.926
287.926
287.926
287.926
287.926
287.926
287.926
287.926
287.926
287.926
287.926
287.926
287.926
287.926
287.926
287.926
287.926
287.926
287.926
287.926
287.926
287.926
287.926
287.926
287.926
287.926
287.926
287.926
287.926
287.926
287.926
287.926
287.926
287.926
287.926
287.926
287.926
287.926
287.926
287.926
287.926
287.926
287.926
287.926
287.926
287.926
287.926
287.926
287.926
287.926
287.926
287.926
287.926
287.926
287.926
287.926
287.926
287.926
287.926
287.926
287.926
287.926
287.926
287.926
287.926
287.926
287.926
287.926
287.926
287.926
287.926
287.926
287.926
287.926
287.926
287.926
287.926
287.926
287.926
287.926
287.926
287.926
287.926
287.926
287.926
287.926
287.926
287.926
287.926
287.926
287.926
287.926
287.926
287.926
287.926
287.926
287.926
287.926
287.926
287.926
287.926
287.926
287.926
287.926
287.926
287.926
287.926
287.926
287.926
287.926
287.926
287.926
287.926
287.926
287.926
287.926
287.926
287.926
287.926
287.926
287.926
287.926
287.926
287.926
287.926
287.926
287.926
287.926
287.926
287.926
287.926
287.926
287.926
287.926
287.926
287.926
287.926
287.926
287.926
287.926
287.926
287.926
287.926
287.926
287.926
287.926
287.926
287.926
287.926
287.926
287.926
287.926
287.926
287.926
287.926
287.926
287.926
287.926
287.926
287.926
287.926
287.926
287.926
287.926
287.926
287.926
287.926
287.926
287.926
287.926
287.926
287.926
287.926
287.926
287.926
287.926
287.926
287.926
287.926
287.926
287.926
287.926
287.926
287.926
287.926
287.926
287.926
287.926
287.926
287.926
287.926
287.926
287.926
287.926
287.926
287.926
287.926
287.926
287.926
287.926
287.926
287.926
287.926
287.926
287.926
287.926
287.926
287.926
287.926
287.926
287.926
287.926
287.926
287.926
287.926
287.926
287.926
287.926
287.926
287.926
287.926
287.926
287.926
287.926
287.926
287.926
287.926
287.926
287.926
287.926
287.926
287.926
287.926
287.926
287.926
287.926
287.926
287.926
287.926
287.926
287.926
287.926
287.926
287.926
287.926
287.926
287.926
287.926
287.926
287.926
287.926
287.926
287.926
287.926
287.926
287.926
287.926
287.926
287.926
287.926
287.926
287.926
287.926
287.926
287.926
287.926
287.926
287.926
287.926
287.926
287.926
287.926
287.926
287.926
287.926
287.926
287.926
287.926
287.926
287.926
287.926
287.926
287.926
287.926
287.926
287.926
287.926
287.926
287.926
287.926
287.926
287.926
287.926
287.926
287.926
287.926
287.926
287.926
287.926
287.926
287.926
287.926
287.926
287.926
287.926
287.926
287.926
287.926
287.926
287.926
287.926
287.926
287.926
287.926
287.926
287.926
287.926
287.926
287.926
287.926
287.926
287.926
287.926
287.926
287.926
287.926
287.926
287.926
287.926
287.926
287.926
287.926
287.926
287.926
287.926
287.926
287.926
287.926
287.926
287.926
287.926
287.926
287.926
287.926
287.926
287.926
287.926
287.926
287.926
287.926
287.926
287.926
287.926
287.926
287.926
287.926
287.926
287.926
287.926
287.926
287.926
287.926
287.926
287.926
287.926
287.926
287.926
287.926
287.926
287.926
287.926
287.926
287.926
287.926
287.926
287.926
287.926
287.926
287.926
287.926
287.926
287.926
287.926
287.926
287.926
287.926
287.926
287.926
287.926
287.926
287.926
287.926
287.926
287.926
287.926
287.926
287.926
287.926
287.926
287.926
287.926
287.926
287.926
287.926
287.926
287.926
287.926
287.926
287.926
287.926
287.926
287.926
287.926
287.926
287.926
287.926
287.926
287.926
287.926
287.926
287.926
287.926
296.752
287.926
287.926
287.975
287.928
287.926
287.926
287.926
287.926
287.926
287.926
287.926
287.926
287.926
287.926
1260.47
615.841
1094.71
597.65
288.059
287.931
577.161
301.75
298.883
995.646
1374.72
1070.83
541.973
1367.55
1019.59
512.273
412.606
295.738
290.957
288.033
433.057
294.204
290.392
288.19
287.93
288.133
1309.18
1265.73
1388.23
1369.08
1389.48
1369.33
1317.59
1173.67
843.742
335.466
820.699
575.722
1161.76
328.113
287.926
287.926
287.926
287.926
1210.02
2895.39
149.125
1910.17
266.945
1827.71
1827.79
368.628
1210.94
2104.6
1125.06
155.884
1139.02
1815.07
1224.17
1024.52
1373.75
1217.21
3004.97
2773.54
2887.61
1950.27
1834.38
1880.63
1858.76
1789.9
1805.93
1061.98
1348.61
1898.16
1642.3
1040.28
1711.06
1359.74
747.469
1378.33
566.723
1265.37
714.338
1441.54
605.01
2432.26
2163
2517.8
534.52
516.283
1176.18
1079.34
555.157
496.505
1132.57
571.854
1089.35
651.824
1178.26
536.04
1137.03
680.83
1805.73
1855.96
1850.31
1018.67
831.825
1255.19
1333.99
851.085
1007.22
1353.5
1212.76
1418.98
1381.17
1362.19
1203.63
1421.6
1384.22
1607.23
1190.13
1600.29
149.611
214.306
215.893
148.294
148.592
223.667
225.437
249.804
254.323
161.309
239.885
160.182
382.124
250.23
179.217
172.885
296.657
231.18
153.816
243
320.401
789.491
1131.28
674.469
1130.27
678.105
795.463
1206.55
246.585
486.896
787.366
475.374
516.941
501.771
766.352
1005.52
781.019
1033.37
1222.87
799.191
994.553
1231.02
288.613
288.748
298.181
288.096
287.94
287.938
288.071
287.929
290.995
288.138
293.963
288.368
287.933
288.023
287.959
287.926
287.942
287.926
864.567
828.891
449.631
366.605
741.601
318.229
364.396
855.213
729.988
358.043
315.383
785.04
641.844
698.142
328.745
344.992
309.676
302.743
558.483
543.969
357.405
296.496
289.372
289.174
295.574
316.915
508.083
338.69
288.412
288.802
293.713
291.445
289.484
287.963
289.66
288.52
287.938
288.457
287.936
288.748
287.951
289.141
288.335
287.931
287.934
288.193
287.926
287.934
287.941
288.024
287.927
287.928
287.984
287.951
288.076
287.929
287.926
287.948
288.058
287.928
287.967
287.928
287.976
287.926
287.927
287.926
287.926
287.926
287.926
287.926
287.926
287.926
287.926
287.926
287.926
287.928
287.929
287.926
287.926
287.926
287.926
287.927
287.926
287.927
287.926
287.926
287.926
287.926
364.247
1212.75
266.447
139.969
157.037
134.283
137.951
951.974
599.727
133.075
130.719
134.032
140.868
133.384
130.828
142.792
135.602
132.787
132.627
135.157
131.473
148.327
161.945
1195.26
701.701
566.401
1349.13
1053.27
1157.18
1115.69
255
162.92
385.796
160.341
192.775
199.826
408.651
168.499
166.596
136.042
161.815
251.016
270.901
172.284
296.844
187.681
170.043
219.072
556.588
462.872
268.934
143.232
234.87
186.912
425.529
323.433
188.411
230.287
290.433
837.11
512.479
855.725
539.176
310.501
624.183
545.947
911.664
1029.01
739.794
760.751
923.552
1037.16
704.375
894.409
602.246
361.897
770.629
681.404
459.33
617.172
872.622
807.238
989.04
948.985
1057.93
1098.86
926.529
1083.27
1291.51
1093.84
1298.5
938.953
1164.93
1205.95
1193.36
1202.05
1135.98
1219.53
1142.63
1225.38
1175.38
1121.33
1316.49
1013.87
966.402
1186.55
1229.88
1175.7
1190.62
1209.93
1189.75
1159.43
1240.23
1267.32
164.742
225.963
304.901
452.57
934.123
1005.25
1200.02
1198.94
1289.73
1304.22
1188.28
893.849
139.134
140.805
141.886
128.298
1177.83
545.196
1057.45
144.461
206.049
130.235
131.219
132.971
135.704
254.16
360.6
697.698
983.387
145.594
267.804
908.336
1067.18
145.979
210.916
148.059
135.951
138.262
142.053
133.04
136.474
131.512
164.797
129.429
174.219
131.87
128.471
202.478
202.301
131.458
135.087
140.058
139.253
133.549
137.294
133.023
183.248
184.696
141.361
142.392
181.375
186.303
139.36
188.209
144.185
189.977
193.576
145.857
190.949
144.395
138.723
140.396
137.273
136.821
141.361
138.269
139.787
133.575
137.918
137.392
139.297
134.551
136.771
136.111
197.885
197.764
144.225
145.567
193.716
144.327
204.112
134.399
128.224
131.36
129.436
137.402
131.358
134.405
507.644
888.313
930.694
491.713
486.464
511.09
927.258
135.852
136.273
137.658
140.225
137.336
138.663
134.916
135.884
133.359
132.632
137.538
133.92
135.3
134.901
944.619
501.388
520.925
535.737
928.229
513.359
967.618
133.921
136.808
134.349
138.533
135.979
135.614
138.061
134.387
132.54
130.569
130.403
136.573
134.596
131.868
1103.63
1184.6
1134.28
305.369
414.814
408.254
254.058
138.242
138.709
165.036
169.422
137.745
139.052
170.267
206.429
137.722
139.256
188.425
138.93
190.577
135.734
130.63
131.602
131.779
129.078
132.756
129.784
131.706
141.482
143.924
220.589
140.826
194.455
199.842
141.079
133.074
134.377
134.331
134.196
132.932
132.544
133.767
555.988
1039.37
546.966
952.605
528.076
998.882
582.768
130.055
129.07
129.522
130.312
129.595
128.87
131.813
135.932
133.256
133.202
134.877
136.729
137.173
134.532
138.159
183.441
139.576
138.162
167.43
137.317
174.219
140.33
133.236
139.977
132.547
129.938
130.789
132.126
163.928
149.795
237.266
207.659
143.707
141.299
220.869
598.906
1058.41
600.927
544.396
985.002
545.066
984.315
139.34
128.826
130.399
138.665
133.555
129.018
131.284
607.835
1094.04
629.894
997.956
554.727
572.931
1024.39
147.271
138.013
137.878
132.129
133.935
133.159
133.341
142.859
131.378
139.983
134.768
136.394
132.416
132.183
146.447
206.144
146.413
140.607
180.302
141.182
182.123
259.039
276.904
284.316
526.55
537.334
588.704
574.113
127.753
157.445
130.491
127.731
144.625
128.892
132.236
143.902
247.619
155.628
217.751
148.501
141.043
188.22
715.53
1135.23
665.077
599.621
1110.48
1061.98
636.473
132.891
170.958
150.534
152.372
140.734
132.221
134.418
196.687
403.116
383.957
159.529
191.658
263.939
160.707
345.498
273.233
305.376
625.587
566.906
625.619
692.571
135.306
169.137
165.445
135.076
160.329
248.939
265.517
782.368
798.477
422.175
324.349
335.209
678.678
661.192
152.563
231.276
181.903
139.279
183.829
420.14
316.528
183.704
264.299
214.513
549.53
455.848
293.262
166.662
530.203
888.906
835.161
458.381
362.326
719.834
786.131
908.921
1099.98
901.924
944.35
1120.82
1124.15
936.569
617.067
597.146
288.367
834.658
509.503
848.95
531.345
911.363
756.179
1033.88
921.74
1028.11
738.323
563.695
1115.25
964.911
928.714
965.023
1151.02
1134.38
1000.28
354.194
761.157
671.632
942.597
695.089
885.073
592.141
1179.68
1056.8
1062.97
997.038
1148.23
1150.94
989.672
864.997
800.343
1090.74
1051.83
983.562
945.175
613.331
1191.42
1109.92
1079.7
1016.04
1172.41
1159.01
1049.04
1159.63
1155.49
924.768
1081.18
1088.14
1289.18
1292.25
1199.87
1135.34
1220.97
1139.81
1218.2
1190.95
1188.25
958.751
1219.64
1178.03
1336.23
1165.77
1112.65
1306.58
1195.6
1255.71
1232.1
1181.41
1153.9
1156.67
1178.13
1288.21
915.85
1303.08
900.671
1300.66
1113.22
1106.48
1290.02
918.158
1304.89
1113.55
907.876
1306.12
1295.11
1095.29
794.941
869.169
1282.55
1301.12
1304.36
1318.44
1294.83
1031.14
769.581
1264.63
854.541
1290.62
1081.99
287.926
287.926
287.926
287.926
287.926
287.926
287.926
287.926
287.926
287.926
287.926
287.926
287.926
287.926
287.926
287.926
287.926
287.926
287.926
287.926
287.926
287.926
287.926
287.926
287.926
287.926
287.926
287.926
287.926
287.926
287.926
287.926
287.926
287.926
287.926
287.926
287.926
287.926
287.926
287.926
287.926
287.926
287.926
287.926
287.926
287.926
287.926
287.926
287.926
287.926
287.926
287.926
287.926
287.926
287.926
287.926
287.926
287.926
287.926
287.926
287.926
287.926
287.926
)
;

boundaryField
{
    ground
    {
        type            zeroGradient;
    }
    outlet
    {
        type            zeroGradient;
    }
    wall
    {
        type            zeroGradient;
    }
    wall2
    {
        type            zeroGradient;
    }
    wall3
    {
        type            zeroGradient;
    }
    internalPatch
    {
        type            internal;
    }
    procBoundary2to0
    {
        type            processor;
        value           nonuniform List<scalar> 
369
(
287.926
287.926
287.926
287.926
287.926
287.926
287.926
287.926
287.926
287.926
287.926
287.926
287.926
287.926
287.926
287.926
287.926
287.926
287.926
287.926
287.926
287.926
287.926
287.926
287.926
287.926
287.926
287.926
287.926
287.94
288.746
332.994
802.361
1485.39
1456.26
1456.26
1283.93
1102
962.174
853.555
780.115
753.118
779.302
818.602
899.58
1093.74
1331.06
1372.85
1451.41
1580.27
1765.2
1989.47
2177.56
2218.02
2140.4
1856.42
1183.5
480.787
320.631
308.484
302.003
294.576
289.468
288.111
287.938
287.926
287.926
287.926
287.926
287.926
287.926
287.926
287.926
287.926
287.926
287.926
287.926
287.926
287.926
287.926
287.926
287.926
287.926
287.926
287.926
287.926
287.926
287.926
287.926
287.926
287.926
287.926
287.926
287.926
287.926
287.926
287.926
287.926
287.926
287.926
287.926
287.926
287.926
287.926
287.926
287.926
287.926
287.926
287.926
287.926
287.926
287.926
287.926
287.926
287.926
287.926
287.926
287.926
287.926
287.926
287.926
287.926
287.926
287.926
287.926
287.926
287.926
287.926
287.926
287.926
287.926
287.926
287.926
287.926
287.926
287.926
287.926
287.926
287.926
287.926
287.926
287.926
287.926
287.926
287.926
287.926
287.926
287.926
287.926
287.926
287.926
287.926
287.926
287.926
287.926
287.926
287.926
287.927
288.011
292.817
468.9
1405.59
1513.22
1513.22
1435.26
1263.74
1114.65
1014
961.053
953.556
990.747
1031.69
1096.88
1212.94
1353.85
1538.08
1760.74
1993.69
2145.05
2102.62
1705.61
1103.64
732.506
646.178
591.501
496.991
360.097
297.685
288.518
287.949
287.949
287.926
287.926
287.926
287.926
287.926
287.926
287.926
287.926
287.926
287.926
287.926
287.926
287.932
288.256
304.308
1145.22
1463.7
1463.7
1525.23
1426.24
1286.83
1184.88
1135.69
1138.96
1175.43
1227.95
1287.24
1512.51
1738.79
1909.03
1939.07
1535.91
1229.77
1144.5
1100.81
1028.66
860.806
556.817
316.591
288.989
288.989
287.958
287.926
287.926
287.926
287.926
287.926
287.926
287.943
288.708
708.018
1208.82
1208.82
1484.92
1508.81
1436.43
1361.02
1320.59
1332.78
1369.56
1442.43
1625.26
1685.02
1494.03
1425.29
1395.2
1374.69
1310.41
1106.62
706.983
331.795
331.795
289.218
287.927
287.926
287.926
287.955
332.441
741.594
741.594
1213.48
1442.3
1473.08
1449.12
1433.94
1459.76
1510.86
287.926
287.926
287.926
287.926
287.926
287.926
287.926
287.926
287.926
287.926
287.926
287.926
287.926
287.926
287.926
287.926
287.926
287.926
287.926
287.926
287.926
287.926
287.926
287.926
287.926
287.926
287.926
287.926
287.926
287.926
287.926
287.926
287.926
287.926
287.926
287.926
287.926
287.926
287.926
287.926
287.926
287.926
287.926
287.926
287.926
287.926
287.926
287.926
287.926
287.926
287.926
287.926
287.926
287.926
287.926
287.926
287.926
287.926
287.926
287.926
287.926
287.926
287.926
287.926
287.926
287.926
287.926
287.926
287.926
287.926
287.926
287.926
287.926
287.926
287.926
287.926
287.926
287.926
287.926
287.926
287.926
287.926
287.926
287.926
287.926
287.926
287.926
287.926
287.926
287.926
287.926
)
;
    }
    procBoundary2to1
    {
        type            processor;
        value           nonuniform List<scalar> 
428
(
287.926
287.926
287.926
287.926
287.926
287.926
287.926
287.926
287.926
287.926
287.926
287.926
287.926
287.926
287.926
287.926
287.926
287.926
287.926
287.926
287.926
287.926
287.926
287.926
287.926
287.926
287.926
287.926
287.926
287.926
287.926
287.926
287.926
287.926
287.926
287.926
287.926
287.926
287.926
287.926
287.926
287.926
287.926
287.926
287.926
287.926
287.926
287.926
287.926
287.926
287.926
287.926
287.926
287.926
287.926
287.926
287.926
287.926
287.926
287.926
287.926
287.926
287.926
287.926
287.926
287.926
287.926
287.926
287.926
287.926
287.926
287.926
287.926
287.926
287.926
287.926
287.926
287.926
287.926
287.926
287.926
287.926
287.926
287.926
287.926
287.926
287.926
287.926
287.926
287.926
287.926
287.926
287.926
287.926
287.926
287.926
287.926
287.926
287.926
287.926
287.926
287.926
287.926
287.928
288.042
294.041
488.835
1098.58
1544.86
1782.54
1859.08
1871.26
1873.78
1907.88
1980.21
2207.25
2583.84
2969.55
3086.91
1930.42
1360.95
1209.05
1139.91
1071.72
995.588
933.961
891.109
486.751
178.249
137.867
134.347
133.436
132.372
131.607
131.607
129.979
128.096
147.851
227.949
483.902
803.823
1041.37
1223.91
1182.92
720.169
313.317
288.408
287.935
287.928
287.926
287.926
287.926
287.926
287.926
287.926
287.926
287.926
287.926
287.926
287.926
287.926
287.926
287.926
287.926
287.926
287.926
287.926
287.926
287.926
287.926
287.926
287.926
287.926
287.926
287.926
287.926
287.926
287.926
287.926
287.926
287.926
287.926
287.926
287.926
287.926
287.926
287.926
287.926
287.926
287.926
287.926
287.926
287.926
287.926
287.926
287.926
287.926
287.926
287.926
287.926
287.926
287.926
287.926
287.926
287.926
287.926
287.926
287.926
287.926
287.926
287.926
287.926
287.926
287.926
287.926
287.926
287.926
287.926
287.926
287.926
287.926
287.926
287.926
287.926
287.926
287.926
287.926
287.926
287.927
287.988
291.556
445.608
1004.99
1336.23
1420.04
1370.8
1283.16
1209.14
1166.78
1164.45
1207.01
1301.87
1488.96
1754.51
1080.14
811.706
692.913
612.117
551.238
510.705
180.924
135.726
130.774
130.122
129.693
128.725
128.725
127.312
141.403
192.172
377.233
677.941
941.465
1157.24
1288.06
1113.47
558.263
296.334
288.068
287.953
287.929
287.926
287.926
287.926
287.926
287.926
287.926
287.926
287.926
287.951
289.417
369.624
926.521
1343.92
1395.54
1243.28
1052.9
898.603
742.364
630.864
590.859
609.067
656.909
786.174
418.218
270.683
211.567
188.255
132.531
126.546
126.38
127.066
128.783
128.783
133.159
190.202
336.558
597.956
865.571
1081.71
1284.13
1307.83
938.512
377.14
289.544
288.134
287.944
287.927
287.926
287.926
287.926
287.926
287.951
314.36
314.36
755.736
1279.8
1396.02
1258.93
1036.82
840.603
599.987
391.196
281.535
249.748
250.353
278.429
169.269
139.162
130.881
131.612
134.985
145.503
145.503
165.463
356.796
576.158
823.394
1028.32
1251.91
1371.44
1204.57
638.796
300.719
289.06
287.999
287.937
301.085
440.155
522.306
522.306
1122.2
1370.68
1286.92
1061.14
845.329
571.877
330.241
204.151
166.763
156.348
155.302
330.241
449.675
686.186
914.213
1120.37
1331.37
1369.4
1041.66
440.155
522.306
1122.2
1370.68
1286.92
1061.14
845.329
571.877
287.926
287.926
287.926
287.926
287.926
287.926
287.926
287.926
287.926
287.926
287.926
287.926
287.926
287.926
287.926
287.926
287.926
287.926
287.926
287.926
287.926
287.926
287.926
287.926
287.926
287.926
287.926
287.926
287.926
287.926
287.926
287.926
287.926
287.926
287.926
287.926
287.926
287.926
287.926
287.926
)
;
    }
    procBoundary2to3
    {
        type            processor;
        value           nonuniform List<scalar> 
97
(
287.926
287.926
287.926
287.926
287.926
287.926
287.926
287.926
287.926
287.926
287.926
287.926
287.926
287.926
287.926
287.926
287.926
287.926
287.926
287.926
287.926
287.926
287.926
287.926
287.926
287.926
287.926
287.926
287.926
287.926
287.926
287.926
287.926
287.926
287.926
287.926
287.926
287.926
287.926
287.926
287.926
287.926
287.926
287.926
287.926
287.926
287.926
287.926
287.926
287.926
287.926
287.926
287.926
287.926
287.926
287.926
287.926
287.926
287.926
287.926
287.926
287.926
287.926
287.926
287.926
287.926
287.926
287.926
287.926
287.926
287.926
287.926
287.926
287.926
287.926
287.926
287.926
287.926
287.926
287.926
287.926
287.926
287.926
287.926
287.926
287.926
287.926
287.926
287.926
287.926
287.926
287.926
287.926
287.926
287.926
287.926
287.926
)
;
    }
    procBoundary2to4
    {
        type            processor;
        value           nonuniform List<scalar> 
144
(
421.774
431.359
291.922
291.525
290.746
400.453
916.409
937.653
945.141
945.141
989.095
1009.43
1012.81
1088.85
885.739
506.262
244.836
163.654
139.704
137.123
144.044
146.487
143.903
140.946
138.115
138.115
140.586
142.763
144.289
147.423
148.642
148.786
147.936
146.246
194.466
525.456
945.812
923.64
903.938
885.422
871.466
866.096
475.769
181.343
144.638
141.499
140.232
138.271
136.016
136.016
133.233
130.817
128.315
132.911
173.234
321.197
645.892
950.148
1154.32
1196.36
877.607
877.607
371.066
289.838
287.966
287.986
288.004
288.013
916.409
937.653
983.393
1005.74
1011.93
1091.92
891.273
513.956
248.242
163.527
138.646
135.665
142.451
144.453
141.737
138.766
135.726
132.555
128.908
129.431
152.462
235.806
504.974
868.686
1095
1187.35
939.898
968.83
996.659
1009.11
1103.64
908.93
537.347
259.036
165.034
137.741
133.544
140.052
141.753
138.754
135.499
129.514
128.466
143.898
202.289
414.751
785.943
1048.86
1172.28
976.534
996.672
1124.07
944.26
588.697
284.319
170.265
138.237
131.447
137.284
138.75
131.798
128.857
141.038
188.216
362.284
719.603
1015.74
1158.79
185.003
188.092
190.325
192.177
512.147
500.807
490.426
481.56
)
;
    }
    procBoundary2to5
    {
        type            processor;
        value           nonuniform List<scalar> 
232
(
291.838
292.056
434.861
430.652
413.541
291.158
287.994
288.01
288.015
287.974
287.956
287.941
287.932
287.927
287.926
287.926
287.926
287.926
287.926
287.926
287.959
290.021
403.282
991.188
1403.51
1461.49
1363.64
1150.95
955.575
764.715
556.999
389.089
292.864
258.108
262.229
304.033
451.01
863.321
1288.71
1241.84
1161.75
1083.65
1020.3
975.769
543.233
198.247
146.12
140.282
141.665
143.487
144.763
145.479
143.813
141.494
138.952
135.171
135.171
137.27
139.849
142.352
135.561
139.315
165.441
255.085
527.954
903.729
1102.1
1122.36
1149.41
1179.23
1179.23
949.257
948.9
935.927
906.241
386.115
290.238
289.392
288.719
288.25
288.013
287.941
287.928
287.926
287.935
288.479
322.498
804.791
1331.38
1424.09
1371.5
1195.12
981.292
767.83
516.842
308.032
203.274
173.643
164.892
165.586
185.078
299.464
760.123
673.554
611.524
570.013
204.271
147.629
140.016
138.747
138.777
139.862
141.706
143.084
140.842
138.403
134.728
132.586
132.598
132.598
132.537
133.615
139.676
170.008
277.386
573.928
937.356
989.844
1056.85
1056.85
1064.54
1184.54
1193.64
1205.83
1217.31
860.469
356.2
328.578
305.961
293.353
288.836
288.035
295.005
549.982
1158.53
1325.09
1342.22
1255.44
1039.69
820.433
544.858
293.899
178.471
149.752
143.172
140.732
141.229
152.455
237.344
213.271
147.454
138.509
137.476
137.478
138.12
137.719
138.011
139.602
137.391
133.98
132.74
151.411
148.296
147.141
147.141
141.828
180.819
324.351
660.325
781.96
781.96
798.356
835.797
1083.29
1115.76
1162.61
1224.12
1219.11
792.066
674.353
501.674
342.336
868.218
1086.08
1186.3
1293.22
1131.81
911.674
635.914
341.092
184.17
143.556
136.501
137.288
136.921
136.581
133.884
134.016
159.111
249.243
220.011
207.708
203.038
203.038
408.226
408.226
422.707
459.044
530.059
890.978
954.157
1029.9
783.404
458.416
220.734
150.474
134.383
134.321
137.852
176.829
320.538
644.611
)
;
    }
}


// ************************************************************************* //
