/*--------------------------------*- C++ -*----------------------------------*\
  =========                 |
  \\      /  F ield         | OpenFOAM: The Open Source CFD Toolbox
   \\    /   O peration     | Website:  https://openfoam.org
    \\  /    A nd           | Version:  9
     \\/     M anipulation  |
\*---------------------------------------------------------------------------*/
FoamFile
{
    format      ascii;
    class       volScalarField;
    location    "0.0008";
    object      rho;
}
// * * * * * * * * * * * * * * * * * * * * * * * * * * * * * * * * * * * * * //

dimensions      [1 -3 0 0 0 0 0];

internalField   nonuniform List<scalar> 
7331
(
1.74723
0.226798
1.69666
0.326589
1.72073
0.236283
1.78495
0.244388
0.713678
0.795837
1.73772
1.75305
0.755651
0.733129
1.73642
0.329821
0.381113
0.225178
0.225001
0.333888
0.333407
0.239643
0.2433
0.328247
0.23957
0.243838
0.329191
0.244917
0.326196
0.327886
0.328042
0.240951
0.242986
0.329965
0.325442
0.245057
0.230844
0.222285
0.227905
0.22494
0.228148
0.226818
0.223917
0.273977
0.261256
0.39048
0.403865
0.408205
0.267993
0.26845
0.24114
0.226301
0.240282
0.221251
0.224939
0.240341
0.236468
0.23724
0.222705
0.239407
0.221407
0.225766
0.234571
0.230499
0.692381
0.696335
1.70707
1.70323
0.710829
1.71202
0.688752
0.326245
0.242827
0.319532
0.240686
0.322909
0.244772
0.323189
0.711278
0.70314
1.76695
1.7528
0.715784
0.700507
1.74161
0.692871
1.71088
0.691576
1.73313
0.694072
1.72085
0.688036
1.22504
3.17885
1.71337
1.28847
1.225
3.4297
3.2155
1.47529
1.57448
1.225
1.26779
1.22501
1.225
2.51184
2.3905
2.76173
3.00873
2.2331
2.58363
3.1625
1.36889
2.85534
2.51058
2.8372
1.55678
2.51102
1.37431
1.225
2.30471
2.44945
2.84604
3.12279
1.36721
2.53204
3.65402
1.32178
2.95612
2.5769
1.23055
1.24914
3.37164
2.81931
1.22527
1.22528
2.63584
2.47543
1.41657
2.59764
1.24362
1.22516
2.67506
2.31162
1.225
1.22709
2.78987
1.35557
3.04575
2.9955
2.71497
3.1901
3.5139
3.50398
3.22208
2.70761
2.98817
2.70083
3.17964
3.49466
3.17607
3.50284
2.64545
2.8083
2.61268
2.95439
3.25244
3.2607
2.93962
2.8077
2.63812
2.61445
2.95422
3.25754
2.93629
3.26606
2.30318
2.26731
2.35281
2.67393
2.48079
2.71202
2.44554
2.33274
2.24381
2.33574
2.65851
2.42103
2.65586
2.42813
2.51346
2.50003
2.4883
2.81475
2.74781
2.76467
2.80078
2.50716
2.50165
2.49101
2.81293
2.74262
2.79509
2.76208
3.14687
3.29597
2.96667
3.55315
3.28984
3.38673
3.60251
2.34556
2.3904
2.52384
2.54004
2.78061
2.87964
2.62582
2.72404
3.0936
2.83741
3.26537
2.93531
2.92664
3.27372
2.50782
1.26592
1.2251
2.78427
1.2613
2.67383
3.75411
1.22501
1.225
1.26624
1.22617
1.23025
3.40046
2.75069
2.56798
2.66465
2.68318
2.73119
2.79683
2.79026
2.7033
1.225
1.2268
1.27023
2.24284
1.28178
1.225
1.22513
2.44688
2.75722
2.62163
3.00922
2.90556
3.16993
2.7454
3.47879
3.31556
3.12704
3.48931
3.56519
3.56008
3.6203
3.2469
3.01632
2.95279
2.86984
3.05104
3.22704
2.6731
2.62877
2.80136
2.80538
2.71627
2.74061
2.63972
2.59415
2.71429
2.79809
2.63235
2.62857
2.8039
2.73811
2.6391
3.06107
3.24497
2.82194
3.17446
3.2584
3.08626
2.79152
1.24061
1.225
1.22503
1.225
1.2254
2.59295
1.25236
3.24096
2.7781
3.04741
3.05225
3.17308
3.2605
2.78189
2.76743
2.8724
2.80301
2.71947
2.31751
2.50056
2.60064
2.74131
2.8132
2.82966
2.6747
2.59721
2.50046
2.30557
3.4469
3.19743
3.43254
2.61788
3.24449
3.4707
3.44657
3.45227
3.22083
3.42861
3.44541
2.64414
3.2548
3.48038
1.225
1.22501
1.225
1.22567
1.24765
1.24125
1.22501
2.66294
1.53732
2.95016
1.7865
1.58605
3.0136
2.60382
3.24024
2.89611
3.14744
3.23891
3.2583
3.21583
3.0174
2.62724
1.75275
2.98835
2.66882
1.79977
1.59225
3.02605
2.93888
2.89138
3.16642
3.11826
3.33664
3.4388
3.33009
3.11836
3.37859
3.46095
3.47018
1.99201
2.96647
3.27627
2.79899
2.63772
2.80108
1.99542
2.40784
1.95931
1.5502
1.44221
2.8296
2.48605
2.26611
1.41475
1.3379
2.60167
1.22503
1.22502
1.24073
1.22502
1.53661
1.22503
1.225
2.49389
1.45714
2.27361
1.39433
1.49582
2.33478
2.43858
2.28589
1.46924
2.45375
2.49654
1.39603
1.49968
2.3372
3.49601
3.70285
3.61235
3.35248
3.55904
3.43915
2.77945
1.42949
1.22502
1.225
1.225
1.225
1.23425
1.225
3.32802
3.24998
2.88587
3.30374
3.12078
3.37346
3.1683
1.38186
2.13941
2.31914
2.09908
1.27511
1.30507
1.91462
2.85234
2.5519
2.87661
2.17566
1.41216
2.0941
1.45138
2.48567
2.10285
2.85321
2.55322
2.87528
2.17664
1.45215
3.0036
3.18669
2.74572
2.53947
2.16707
1.526
1.75079
2.85119
2.34405
2.55342
1.78975
1.99618
1.44125
1.35143
1.99824
1.30027
2.06588
1.65191
1.24325
1.247
1.59611
3.50851
3.1765
3.39916
3.39307
3.28808
3.0399
3.43174
3.43621
1.62893
2.16993
2.59507
2.65948
3.31923
3.05284
1.60252
1.29006
2.00827
1.30077
2.0683
1.6532
1.24708
2.80998
2.02795
2.72053
1.34474
1.9247
1.67609
1.28209
1.62039
2.29413
1.66758
1.34045
1.32584
1.24223
1.24502
1.85697
1.24711
1.64777
1.23656
1.48484
1.35771
1.23039
1.77992
1.24516
1.2347
1.36124
1.25768
1.45193
1.6229
1.91656
1.30192
1.23894
1.71907
1.27009
2.2114
1.5355
2.38925
3.36473
3.32108
3.08602
2.13357
1.74644
3.2784
1.95943
1.40815
2.13628
1.52874
1.29935
1.23713
1.23173
2.14128
1.9752
1.51098
1.50443
1.2964
1.27332
1.23648
1.65473
2.01916
2.49659
1.41639
1.23012
1.27735
1.24555
3.41765
3.37726
3.60771
3.07587
1.33807
2.21912
1.88008
1.71551
1.30978
1.459
1.25583
1.2335
1.22792
1.22597
1.225
1.22754
1.225
1.225
1.225
1.225
1.225
1.32823
2.37002
1.9305
1.26659
1.23509
1.22908
1.3135
1.23291
1.27979
1.41494
1.2743
1.22546
1.22686
1.23894
1.62695
1.93307
3.0303
2.4043
1.23192
1.31872
1.41826
1.31257
1.22789
1.22534
1.23309
1.22854
1.29688
1.23499
1.23329
1.22794
1.29834
1.3128
1.22534
1.22854
1.23502
2.46139
2.00896
1.24042
1.49482
1.62695
1.33443
2.88417
1.29586
1.59135
1.77688
1.25421
1.22654
1.22778
1.24166
1.22794
1.36113
1.30021
1.23813
1.22582
1.22543
1.25026
1.54631
1.2455
1.59817
1.24395
1.24944
1.22599
1.22582
1.5957
1.24022
1.24465
1.24382
1.24919
1.22598
1.22578
1.22678
1.22994
1.27125
1.24762
1.22507
1.22578
1.2272
1.22708
1.25663
1.27826
1.2341
1.22516
1.2253
1.23005
1.29173
1.23049
1.23159
1.22699
1.2252
1.22516
1.22736
1.32387
1.23428
1.23709
1.23045
1.22914
1.22547
1.2252
1.24699
1.26462
1.2286
1.22634
1.22505
1.2251
1.22569
1.22511
1.22932
1.22876
1.22554
1.22502
1.22501
1.22564
1.37624
1.22837
1.26106
1.22552
1.23093
1.22628
1.2251
1.49104
1.22893
1.26793
1.22596
1.23588
1.22654
1.22512
1.29561
1.22654
1.23311
1.22548
1.22733
1.22523
1.22504
1.22658
1.22508
1.22771
1.22537
1.22501
1.22501
1.2252
1.63627
1.22881
1.22679
1.22597
1.286
1.24063
1.25728
1.23719
1.22508
1.22771
1.22505
1.22679
1.22537
1.22501
1.26085
1.22544
1.22682
1.22532
1.22635
1.22506
1.22501
1.23275
1.22502
1.22506
1.22516
1.22524
1.22693
1.2257
1.23412
1.22518
1.22782
1.22502
1.22527
1.22508
1.225
1.22652
1.22531
1.225
1.22509
1.22513
1.22505
1.22824
1.22605
1.225
1.22505
1.22502
1.22509
1.22503
1.22557
1.22502
1.22572
1.22525
1.225
1.22508
1.22502
1.225
1.2252
1.22528
1.22507
1.22502
1.22501
1.22501
1.225
1.22542
1.22541
1.22999
1.22515
1.225
1.22501
1.22501
1.225
1.22585
1.22503
1.22603
1.22504
1.22503
1.225
1.22557
1.22502
1.22569
1.22503
1.225
1.22503
1.225
1.22502
1.22555
1.22569
1.22503
1.225
1.22503
1.225
1.22503
1.22581
1.22601
1.22504
1.225
1.22503
1.225
1.22501
1.22501
1.22519
1.22504
1.225
1.225
1.225
1.22532
1.225
1.22514
1.225
1.22502
1.22501
1.225
1.22501
1.22503
1.22535
1.22504
1.225
1.225
1.225
1.2251
1.22504
1.22564
1.22502
1.225
1.225
1.225
1.22549
1.22501
1.22521
1.225
1.22502
1.22501
1.225
1.225
1.22501
1.22506
1.22501
1.225
1.225
1.225
1.22506
1.225
1.22501
1.225
1.225
1.225
1.22507
1.22504
1.225
1.225
1.225
1.225
1.225
1.22502
1.225
1.22501
1.22504
1.225
1.225
1.225
1.225
1.225
1.22502
1.22507
1.225
1.225
1.225
1.225
1.225
1.225
1.22501
1.225
1.225
1.225
1.225
1.22502
1.225
1.225
1.225
1.225
1.225
1.225
1.22574
1.27432
1.49045
1.225
1.22799
1.30624
2.64436
1.52651
1.91111
1.56375
2.54615
2.61691
2.47578
1.80713
1.47321
2.48055
2.09207
2.5717
2.34349
1.6643
1.3678
1.28914
2.1658
1.55447
1.23849
1.43985
2.00874
1.27714
1.23302
1.24004
1.22689
1.22548
1.2263
1.26074
1.23491
1.22531
1.26704
1.33249
1.78291
1.2528
1.22637
1.22877
1.23652
1.22532
1.23564
1.24709
1.2303
1.22506
1.22516
1.22727
1.22501
1.22542
1.22509
1.22685
1.22501
1.22505
1.22524
1.22591
1.22501
1.225
1.22504
1.22502
1.22511
1.22534
0.188736
0.8215
0.151798
0.241131
0.305039
0.17405
0.172658
0.395236
0.556689
0.184252
0.160595
0.163087
0.178986
0.175269
0.15767
0.160363
1.43041
0.487159
0.158824
0.700622
0.209529
1.42565
0.998399
0.170244
0.179805
0.157251
0.156239
0.168956
0.158523
0.161105
0.167686
0.212135
0.225341
0.162615
0.160412
0.171271
0.176009
0.169279
0.172574
0.228559
0.184603
0.322253
0.191278
0.297356
0.168945
0.266195
0.222707
0.154544
0.158293
0.174553
0.187972
0.144837
0.156738
0.146514
0.175315
0.18115
0.21507
0.279739
0.181686
0.170867
0.24397
0.192223
0.441168
0.220889
0.328008
0.441494
0.859048
0.769598
0.237197
0.536478
0.253602
0.481718
0.431092
0.901546
0.793498
0.254466
0.662727
0.324908
0.52605
0.370919
0.696527
0.414804
0.162543
0.225862
0.242123
0.448515
0.51009
0.231377
0.65539
0.298552
0.427987
0.579572
0.971203
0.231983
0.658979
0.318142
0.786351
0.420443
0.582795
0.946979
1.04198
0.846163
0.460866
1.22893
0.99613
0.785086
1.11873
0.760308
1.21321
1.05802
0.86811
0.510661
0.793454
1.1018
1.15147
1.12248
0.766907
0.926901
1.49867
1.24208
1.2241
1.19602
1.73748
1.40265
1.08476
1.58887
1.32973
1.31095
2.82322
2.56914
1.85007
1.09554
2.73023
2.65117
1.33085
2.90857
0.967491
1.24683
1.43586
1.32989
1.51735
1.68329
1.75982
1.225
2.0357
1.71687
1.5114
1.41304
1.60474
1.86801
1.50112
1.94969
1.57261
2.52251
2.03825
2.13668
2.6201
2.00691
2.60723
2.07368
2.74878
2.30188
2.3784
2.77042
2.80312
2.65941
2.31319
2.66361
2.16871
2.49783
2.79552
2.49855
1.82848
2.36086
2.1118
1.67005
2.28648
2.75334
2.66122
2.91645
2.66747
2.7341
2.55398
2.80772
2.93971
1.97592
2.92159
2.91436
2.82368
2.33604
2.76725
2.95227
1.87865
1.28978
1.87536
2.5061
1.22508
1.22566
1.34274
1.37975
2.64693
2.66013
2.87526
2.87431
2.06918
1.22563
1.22502
2.25305
1.22538
2.18945
1.22794
1.22526
1.63422
2.91558
1.92357
1.22538
1.43882
2.96674
1.22501
1.30892
2.8737
2.32029
2.29507
2.82366
2.8181
3.03483
3.01908
2.87808
2.2958
2.33237
2.82564
2.81628
3.03358
3.01591
2.42479
2.57038
2.87536
2.96531
2.98499
2.99987
2.96392
1.22504
1.22505
1.225
1.2704
3.11732
1.225
1.24622
1.95582
2.655
2.64235
2.63822
2.03428
2.60884
1.7613
1.26099
1.35602
1.22999
1.225
1.22506
1.27616
1.2251
1.225
1.24758
1.74495
1.2252
1.225
1.23312
1.22501
2.7587
3.09116
3.0512
3.05802
3.04607
2.85
2.53718
2.52292
1.5263
2.61261
1.80549
2.523
1.52615
1.32433
2.09461
2.47721
2.93543
2.14993
2.95594
2.53387
1.4021
2.71355
3.02332
3.03805
2.70805
1.57266
2.6418
1.63559
1.58685
2.65895
3.02617
2.71642
3.03885
2.71266
1.63972
2.14145
2.9539
2.92996
2.52658
1.37095
2.45361
1.39882
2.58028
1.34551
2.30428
2.01416
2.46873
1.45252
1.27562
3.01462
2.23588
2.98896
1.45812
2.50344
2.24123
1.34089
2.89385
1.71
2.82596
1.32353
2.30075
2.04287
1.27707
3.13596
2.97776
2.9158
2.48638
2.39929
1.9242
1.38699
1.79224
2.86852
1.62049
2.93724
2.74078
1.28271
2.78436
2.63427
2.09884
2.194
1.50414
1.95707
1.26791
3.03032
2.79913
1.27756
1.57495
1.82524
1.86146
2.1021
2.13186
2.42188
2.39852
1.69482
2.06169
1.93649
2.32498
2.20434
2.49219
2.61944
1.94334
2.2595
2.50671
2.54499
2.78118
2.72891
2.90576
2.77938
2.98911
2.24897
2.78945
2.28251
2.79226
2.97209
2.62727
2.71662
2.74103
2.59613
2.64138
2.80484
2.80077
2.51926
2.84166
2.37016
2.83706
2.91501
2.95531
2.9098
2.67376
2.59789
2.67505
2.30848
2.50263
2.8127
2.82973
2.54017
3.01628
2.84921
2.86755
2.88421
2.917
2.66593
2.72269
3.04974
2.93266
2.78
2.95895
2.91902
2.40375
2.40872
1.96165
2.80185
1.99567
2.79001
2.63852
1.55103
2.17974
2.87741
1.41448
1.45372
2.55521
2.85339
2.4798
2.9267
2.44371
2.98684
2.73789
2.26126
1.57612
1.31305
1.67951
2.03234
1.3463
1.92919
2.31635
2.81129
2.72243
1.32723
2.97214
2.33159
1.76502
2.90271
3.04612
2.66272
1.22606
1.23035
1.35065
1.22719
1.28158
1.29875
1.25531
1.23647
1.27319
1.97392
1.29644
1.51058
2.59252
2.14151
1.74473
1.63831
2.19626
1.30852
1.22895
1.24841
1.24204
1.83355
2.57506
2.88308
1.85147
1.23652
1.45687
1.26799
1.47269
2.28232
2.66234
1.69858
1.23119
1.39402
1.24634
2.1965
1.30862
1.63868
1.34288
1.24842
1.24206
1.22896
1.23015
1.35614
1.24571
1.41776
1.65724
2.49915
2.02096
1.22509
1.2251
1.225
1.225
1.22501
1.225
1.225
2.82963
1.26351
1.26635
1.62017
1.58077
1.24563
1.22679
1.2251
1.22626
1.22538
1.23738
1.25995
1.23737
1.22844
1.24368
1.23712
1.5108
1.55275
1.22579
1.23918
1.24707
1.54783
1.22578
1.24273
1.23644
1.49689
1.23895
1.24676
1.22505
1.22513
1.22563
1.24452
1.22941
1.23372
1.22675
1.94136
1.23175
1.38498
1.22723
1.27615
1.23291
1.2253
1.72152
1.22868
1.33201
1.22633
1.26441
1.2314
1.2252
1.23723
2.44346
1.51369
1.25379
1.5256
1.23765
1.22602
1.23607
1.23229
1.40699
1.3174
1.22517
1.23013
1.22851
1.22628
1.23091
1.37573
1.22552
1.24056
1.22836
1.2251
1.80633
1.2366
1.39652
1.22702
1.25684
1.23202
1.22541
1.36467
1.228
1.2476
1.22568
1.22974
1.22568
1.22508
1.22893
1.22512
1.22654
1.23589
1.22596
1.2524
1.4914
1.2957
1.22654
1.24127
1.22523
1.22734
1.22548
1.22504
1.22502
1.22791
1.22574
1.22501
1.22551
1.22511
1.225
1.225
1.22508
1.22501
1.22791
1.22511
1.22574
1.22551
1.26097
1.22506
1.22544
1.22532
1.23501
1.22676
1.22625
1.22779
1.2279
1.22884
1.22515
1.22515
1.22511
1.22501
1.22635
1.22544
1.23959
1.22572
1.225
1.22506
1.22502
1.22665
1.22571
1.24456
1.22585
1.225
1.22507
1.22503
1.2254
1.22501
1.22515
1.22541
1.225
1.22503
1.22501
1.22699
1.22643
1.24982
1.22587
1.225
1.22505
1.22506
2.58751
2.56677
1.78566
1.74564
2.58851
2.62626
1.27231
1.26624
2.59911
2.564
2.59543
2.57385
2.58445
2.60143
2.57241
2.56399
2.55866
2.56542
2.60443
2.57704
2.59919
2.58007
2.56409
2.6169
2.58821
2.62065
2.62064
2.60931
2.63151
2.617
2.62355
2.64571
2.64548
2.61913
2.62443
2.63055
1.82644
1.27314
1.82619
1.27169
1.82814
1.82784
1.27234
1.26695
1.26593
1.77854
1.81908
1.27137
1.81703
1.27155
1.77139
1.26515
1.26194
1.26571
1.77834
1.80435
1.26923
1.26643
1.7869
1.78722
1.81345
1.26952
1.81545
1.26984
1.26354
1.2427
1.2573
1.23726
2.60737
2.6192
2.65956
2.66789
2.59054
2.59472
2.62829
2.62245
2.62061
2.55232
2.55666
2.60733
2.544
2.57439
2.63078
2.62229
2.53719
2.50877
2.64301
2.66326
2.64095
2.50522
2.445
2.51126
2.43582
2.65066
2.6602
2.64383
2.48583
2.36662
2.40926
2.45348
1.12405
2.21826
2.13872
1.84948
0.418646
0.335015
0.26688
0.249225
0.248315
0.259253
0.261799
0.477632
0.484428
0.517652
0.529371
0.253996
0.287931
0.270086
0.55059
0.505532
0.559656
0.616177
0.324999
0.71267
0.281216
0.286283
0.589418
0.607774
0.740295
0.999935
1.84312
0.985048
1.90787
1.06708
1.0891
1.92172
0.361159
0.327946
0.299719
0.650002
0.898605
0.800449
0.726352
1.93255
1.87637
1.04358
1.14194
2.01649
1.95686
1.22877
1.36336
2.01045
1.19194
1.22022
2.15034
2.02587
1.39327
1.27959
2.11648
2.17794
1.53565
2.06211
1.45095
1.37058
1.26322
1.75834
1.7611
1.71023
1.2586
1.25789
1.7166
1.70529
1.26156
1.74356
1.25108
1.68771
1.25548
1.64484
1.54904
1.24211
1.63604
1.25104
1.25032
1.64373
1.54103
1.24408
1.24021
1.61124
1.47356
1.24798
1.5157
1.5665
2.6581
1.34542
1.64088
2.63912
1.23036
2.02723
1.23934
2.64857
2.62243
2.50132
2.64136
2.64632
2.4627
2.43659
2.38728
2.29699
2.18956
2.62929
2.65106
2.64256
2.39712
2.30866
2.65253
2.64315
2.64749
2.17724
2.33727
2.27425
2.09128
0.379315
2.13369
2.11279
0.528515
1.9656
0.805135
2.13385
0.37807
1.91846
2.9488
2.0512
2.63568
0.943789
2.96593
2.20598
2.64629
2.26721
0.491232
2.02125
2.98112
1.33072
2.58402
1.24614
1.94592
2.03312
0.990443
2.34302
2.16713
3.14227
1.58408
0.348808
0.334854
0.310975
0.837375
0.755245
0.685576
0.762817
2.97176
2.97416
1.711
1.20255
1.37987
0.763992
2.13006
0.837539
0.755712
0.344628
0.335793
0.31096
0.756175
0.685197
0.390982
0.463646
0.341595
0.739836
0.968902
0.810619
0.898234
0.968321
0.517404
0.382216
0.461954
0.340532
0.739795
0.901402
2.95489
1.30738
1.45197
2.72897
1.34134
2.40177
2.41544
0.99506
0.899244
0.444243
0.708701
0.642493
1.11342
1.23545
1.54627
0.671231
1.2639
0.92913
1.23379
1.51995
1.75684
1.34121
1.67268
2.09067
2.09759
1.47957
1.79491
2.13201
1.10246
0.652976
0.493303
0.840885
0.692845
1.13546
1.25159
1.25319
2.4317
1.23514
2.60859
1.22719
2.18178
1.23596
1.44641
2.05735
1.36503
1.24894
1.97542
1.32576
1.92141
1.98467
1.45489
1.32569
2.06141
1.36761
1.24934
1.92166
2.19498
3.02312
3.68758
2.39893
2.19008
3.50666
1.80564
3.01059
2.93879
1.90817
3.31972
1.59009
2.81561
1.39939
0.759939
1.07241
0.700414
1.01492
1.14055
1.40366
1.44776
0.6998
1.06629
1.01233
1.19452
1.13845
1.40074
1.43506
1.01194
1.20175
0.916719
1.35308
1.7262
1.50236
1.57009
1.26136
1.80146
1.53231
1.95352
1.7735
1.9517
2.0738
1.26583
1.91108
1.43984
1.9334
1.32996
1.86777
1.39031
1.97245
1.3336
1.44963
1.26733
1.93271
1.86723
1.39239
1.06223
1.18871
0.945002
1.33046
1.52775
1.49902
1.38733
0.896456
1.18239
1.06557
1.29452
1.40683
1.51783
1.59478
2.10511
1.61023
1.46489
1.63233
2.44366
1.7929
2.26479
2.4063
2.47746
1.89935
2.62032
2.05488
2.14982
2.49245
2.1366
1.81351
1.65204
1.91052
2.19398
2.00766
2.16735
2.78101
1.57713
1.22602
2.88425
1.49143
1.76434
2.79009
2.05684
1.45453
1.54517
1.58839
2.17705
2.15544
1.65076
2.13029
2.18799
2.22069
2.03333
2.26372
2.25652
2.17369
1.6213
2.10389
1.57585
1.82676
2.42459
2.40108
1.86314
1.68551
1.36822
1.33256
1.69876
2.24681
1.72517
2.21733
1.72314
1.68777
1.33584
1.70082
2.25511
1.73642
2.21688
1.60894
2.10534
1.57408
1.8259
2.42399
1.85388
2.40318
1.22321
1.49928
1.38744
1.65058
1.50364
1.70953
1.92431
1.96006
2.01824
2.06065
2.15688
2.1675
2.32575
2.5128
1.44884
1.86105
1.71907
1.987
1.83361
2.26431
2.41977
2.61866
2.6451
2.65913
2.52121
2.4902
2.45552
2.41115
1.8222
2.67686
2.24831
2.73444
1.98525
2.08201
2.47084
1.79664
1.9157
1.52703
2.35271
1.80727
1.92243
2.50875
1.9332
2.2009
2.01502
2.20878
2.08226
2.14704
2.21431
1.38389
1.63048
1.61645
1.75823
1.72955
2.13366
2.16455
2.67298
1.36716
1.68249
2.63249
2.59837
1.71844
2.23704
1.23894
2.60548
2.52483
2.59598
2.63132
2.53726
2.48549
2.46833
2.59255
2.63514
2.63236
2.54078
2.54625
2.49378
2.4831
1.74383
2.34719
2.57754
2.00841
1.96981
2.33282
1.78634
2.113
2.30253
2.23639
2.40886
2.18211
2.32695
2.20867
2.83428
2.41173
2.20433
2.24379
2.78935
2.34084
2.60874
1.69559
2.32624
1.79308
2.49464
1.93829
2.06347
2.62111
2.33528
2.65911
2.66028
2.65109
2.21813
2.66027
2.33534
2.65675
2.68396
2.66294
2.39995
2.23183
2.37904
2.25717
2.68064
2.39035
2.66365
2.68789
2.66606
2.40626
2.26048
2.17331
2.19424
2.08218
2.24018
2.31075
2.41114
2.23266
2.82638
2.2987
2.1597
2.85742
3.65019
3.26557
3.07779
1.70829
1.76819
1.92718
2.08845
2.2881
2.36936
2.73907
2.49202
2.37968
2.22111
2.59493
3.67736
2.98135
3.0669
2.25167
2.79413
2.98918
2.79163
2.78615
2.28562
2.7815
2.25371
2.98934
2.79146
2.79398
2.28243
2.78741
2.78349
2.50733
2.19412
1.94402
2.2607
2.90545
2.54526
2.78172
2.11057
1.81725
1.629
2.12009
2.9426
2.4289
2.71567
2.66966
2.35107
2.66255
2.66078
2.66443
2.28961
2.09242
2.26175
2.53086
2.25205
2.35609
2.50717
2.71887
2.30245
2.76799
3.04659
2.50918
2.77933
3.79
3.3349
3.27239
2.66001
2.9978
2.4685
2.92123
3.54885
3.19424
3.14114
2.65445
2.05249
2.03249
2.68651
2.9918
3.05567
2.67647
2.83405
2.3473
2.32359
2.74764
2.9124
2.97562
2.73947
1.20929
0.829573
2.34075
2.10142
2.00569
1.87487
1.9141
0.838156
0.51994
0.457909
0.759291
1.27446
1.08604
1.35353
0.998618
1.37684
0.522551
1.08669
0.459768
0.76278
1.28057
0.998979
1.92473
1.94121
1.17853
1.49739
1.96273
1.52601
1.9825
1.2429
1.57409
2.04764
1.96749
1.18867
1.51229
2.01052
1.81827
1.73985
2.28254
2.29747
1.87548
2.26258
1.65906
2.33047
2.36937
1.7504
1.82972
2.30444
2.27621
1.66179
1.80902
2.00019
2.07235
2.1152
1.82039
2.07143
2.01869
2.08485
2.12868
2.17626
1.82521
2.14048
2.08818
2.04686
2.61124
1.78382
2.58705
2.62043
2.63254
2.17484
1.96386
2.83858
2.84347
2.37309
2.52136
2.91382
2.9103
2.93803
1.76144
2.63811
2.03434
2.64227
2.65503
2.1895
1.95582
2.1525
3.08659
2.64308
3.10402
2.79618
3.06309
3.10692
1.25483
1.24619
1.59329
1.70662
1.25732
1.2479
1.61453
1.25845
1.24846
1.25711
1.24724
1.70624
1.60757
1.62193
1.25066
1.24298
1.55389
1.24523
1.23882
1.58088
1.4983
1.24411
1.66986
1.57037
1.23972
1.24741
1.61097
1.51382
2.5351
2.58168
3.29801
2.70925
2.82544
2.98414
2.39298
2.24709
3.03282
2.63517
3.03867
2.8209
3.03759
3.05688
2.53998
2.91678
2.84898
2.86815
2.86865
3.01627
2.66631
2.72346
2.77798
2.91815
3.04886
2.9323
2.95839
3.02993
3.14052
3.94849
3.67178
3.8686
3.49623
3.57162
3.74558
3.21827
3.7201
2.36151
3.52868
3.23493
3.61392
3.06655
1.23394
1.23452
1.23077
1.41766
1.35687
1.50526
1.42902
1.24109
1.53303
1.23107
1.23514
1.44277
1.3651
1.44285
3.03066
2.90853
2.14856
2.71658
3.02934
2.86688
2.97356
1.23773
1.48337
1.23119
1.23875
1.23168
1.49989
1.37743
1.23806
1.2317
1.23121
1.36787
1.48949
1.50341
1.37802
1.23566
1.44985
1.23014
1.233
1.22875
1.40173
1.31573
1.23009
1.34515
1.45656
1.22862
1.23316
1.40631
1.31378
3.17745
3.19204
3.04548
3.11047
1.77598
2.76531
2.75509
2.66207
2.90194
3.04559
2.97198
1.32723
1.95716
2.33152
0.229251
0.21872
0.216037
0.216887
0.206224
0.196085
0.216812
0.203453
0.224187
0.228988
0.228859
0.226897
0.227785
0.223052
0.224526
0.219788
0.221041
0.223637
0.21619
0.224696
0.220314
0.216115
0.219481
0.2232
0.215769
0.21473
0.222506
0.220612
0.21324
0.216443
0.219206
0.220181
0.214604
0.219076
0.221381
0.213092
0.237183
0.230285
0.230302
0.22798
0.232901
0.230957
0.231491
0.228713
0.229876
0.23055
0.223164
0.233406
0.228209
0.216533
0.228491
0.229867
0.22772
0.222803
0.231486
0.215304
0.229085
0.22969
0.225031
0.221373
0.220865
0.226867
0.214973
0.227359
0.21026
0.217051
0.213831
0.207345
0.220325
0.211127
0.21255
0.215719
0.212102
0.203213
0.211309
0.216454
0.208853
0.210619
0.206388
0.211773
0.214797
0.21134
0.217015
0.208268
0.209199
0.200399
0.211622
0.20231
0.199279
0.204349
0.20649
0.206782
0.231104
0.189778
0.204815
1.68799
1.71301
1.7114
0.228637
0.241974
1.69093
0.154245
0.19628
0.168705
0.198144
0.190511
0.197737
0.213607
0.237608
0.317209
0.241695
0.32385
0.234528
0.319614
0.322158
0.207734
0.213535
0.205958
0.201402
0.210761
0.204013
0.209555
0.684337
1.68789
1.69598
0.686157
1.69191
0.683086
0.684545
0.209792
0.201782
0.204731
0.197552
0.201349
0.194283
0.205862
0.23125
0.316604
0.316347
0.227964
0.313574
0.228386
0.317478
0.316814
0.226855
0.317914
0.237216
0.227536
0.318283
0.318021
0.193523
0.200931
0.198456
0.194387
0.192795
0.189272
0.196674
0.194381
0.193599
0.195344
0.205896
0.197113
0.190853
0.203462
0.185782
0.191869
0.194768
0.191144
0.18005
0.185003
0.188532
0.688191
0.688133
1.69187
1.68657
0.690849
1.69003
0.685098
0.689382
1.70323
0.692831
1.70255
0.694557
1.69808
0.686296
0.191292
0.186712
0.192301
0.195782
0.189547
0.188702
0.199619
0.307475
0.316607
0.221298
0.22493
0.307806
0.226953
0.31002
0.1667
0.190311
0.186636
0.189524
0.182577
0.193062
0.185707
0.214623
0.215042
0.206469
0.207626
0.199978
0.194266
0.194045
0.197561
0.216889
0.214603
0.215684
0.211244
0.209908
0.210895
0.20932
0.214865
0.215997
0.216966
0.211167
0.20992
0.211043
0.20915
1.73487
0.179009
0.200032
0.205034
0.21185
0.207628
0.212977
0.206902
0.201665
0.206643
0.200024
0.211975
0.204785
0.21297
0.206768
0.201616
0.198308
0.198483
0.196349
0.203655
0.201552
0.203869
0.205593
0.202074
0.199836
0.204018
0.200325
0.198702
0.204003
0.205484
0.316148
1.93903
0.280233
0.232248
0.692237
0.787993
0.33743
0.191007
0.247324
0.21182
0.195888
0.15304
0.210075
0.250939
0.190328
0.192488
0.188886
0.193945
0.197235
0.199249
0.19539
0.189491
0.193454
0.197704
0.194597
0.190456
0.199453
0.195399
0.195433
0.196593
0.19242
0.174935
0.173945
0.170698
0.178927
0.231815
0.233222
0.316492
0.308224
0.210124
0.310552
0.213375
0.229493
0.312493
0.314828
0.306479
0.207159
0.212174
0.306836
0.191623
0.193232
0.188796
0.173794
0.170832
0.177798
0.167687
1.6709
1.68766
0.322481
0.323313
1.68559
0.232037
0.233554
1.70921
0.323198
0.235106
0.240396
0.320753
0.238301
0.319697
0.23825
0.323713
0.240852
0.235234
0.32077
0.238339
0.23827
0.32051
0.691779
1.68623
0.68943
0.685122
1.68356
1.67498
0.684097
0.689508
1.6716
0.692114
0.685968
1.69283
0.685654
1.67854
0.31963
0.232817
0.319722
0.232476
0.233744
0.321831
0.318865
0.320169
0.233351
0.232961
0.322862
0.319522
0.233863
0.323318
0.684375
1.68356
0.686878
1.68458
0.686881
1.68005
0.684173
0.68598
1.70022
1.69264
0.692756
0.68782
0.68928
1.68607
1.71242
0.700665
0.694596
0.71789
1.78207
0.72949
1.75324
0.186169
0.18766
0.180847
0.168132
0.154358
0.165056
0.156871
1.70135
1.70167
0.691424
0.717743
1.7363
0.713808
1.73887
0.177795
0.184319
0.16255
0.186987
0.180471
0.167143
0.156211
0.714608
0.69211
1.7012
1.70363
0.696788
0.696251
1.69408
0.163573
0.187637
0.170268
0.177134
0.179131
0.185066
0.182904
0.332305
0.213372
0.465927
0.260431
0.341098
0.209824
0.435683
0.462395
0.277205
0.210564
0.330667
0.259171
0.208614
0.433708
0.162813
0.169485
0.202699
0.198815
0.166376
0.164327
0.192662
0.164672
0.167039
0.202114
0.162181
0.197855
0.163386
0.192106
1.79301
0.947091
1.86761
0.778236
1.8773
0.925944
1.79832
0.165084
0.169274
0.211977
0.229991
0.167805
0.166677
0.200657
0.169345
0.166876
0.213001
0.164705
0.230717
0.166597
0.200597
0.783928
1.85226
0.970509
1.90041
0.804608
0.933657
1.81717
1.37832
1.7664
1.11156
0.172787
2.00791
1.86083
0.314985
0.312054
1.98622
0.323637
2.1363
1.10139
0.180199
0.183048
0.187717
0.300444
0.243404
0.884531
0.955679
0.314713
0.218826
0.22842
0.206553
0.314236
0.326533
0.209284
0.180452
0.184712
0.192548
0.167698
0.164823
0.165872
0.162387
1.77567
0.285752
0.390668
0.986175
2.11829
0.704251
2.40142
1.81041
0.727394
0.710663
1.8219
0.749292
0.782391
1.87147
0.158867
0.182694
0.17336
0.152817
0.160585
0.161966
0.163
2.32706
2.1856
2.18506
1.97125
0.435737
2.17067
1.46676
2.00714
1.17887
2.26166
0.225034
0.265462
1.23473
1.16737
0.175359
0.166289
0.169495
0.233123
0.182885
0.177566
0.223051
0.3426
0.222327
0.209251
0.362979
0.301976
0.468668
0.228763
0.176841
0.229771
0.172642
0.32315
0.196029
0.189164
0.299905
0.220335
0.541088
0.360961
0.413543
0.438876
0.711414
0.252889
0.755334
1.91152
0.806241
0.842036
1.98692
0.960132
1.92535
0.176549
0.158954
0.162995
0.180489
0.286099
0.235449
0.194292
0.181485
0.243232
0.17306
0.19535
0.442436
0.328445
0.222579
1.89837
1.03925
0.843251
0.912645
2.03717
1.15207
1.95121
0.317481
0.340558
0.618687
0.40811
0.710002
0.766591
0.88395
0.547232
0.593586
0.718277
1.3714
0.854702
1.00926
0.343226
0.446327
0.536518
0.258374
0.244422
0.806069
0.413611
0.491128
0.286751
0.502633
0.529539
0.716166
0.759816
1.19661
0.948959
0.216155
0.379104
0.401112
0.354872
0.374746
0.701506
0.75648
0.262502
0.597922
0.689674
0.841034
0.458504
0.54207
0.337169
0.226114
0.519344
0.394058
0.544338
0.41465
0.739207
0.862889
1.03451
2.0765
2.08792
1.54187
1.22218
1.32982
2.01036
0.543218
0.748614
0.542903
1.05528
0.856717
1.05504
1.24177
0.918169
2.05469
2.06308
1.12931
1.15952
1.43033
2.13864
0.471047
0.846003
0.592871
1.22539
0.974173
1.11183
1.34054
1.23388
2.08806
1.34727
2.12408
1.40516
1.51395
2.19092
1.59686
0.932161
1.17322
1.59686
1.66205
1.8154
1.37787
1.00457
1.69397
1.26421
1.62667
1.72028
1.88454
1.39929
1.07072
0.74317
0.689344
1.07049
1.48261
1.36071
1.17855
0.80127
1.12201
0.738702
1.0784
1.52045
1.18463
1.3887
1.9243
0.771581
1.18393
2.60083
1.70356
2.41042
1.57601
2.82691
1.40029
1.12462
0.949775
0.862696
0.555696
2.13836
1.9067
0.334438
1.92323
0.363426
1.75971
0.324074
0.75678
0.181237
0.179773
0.194156
0.182937
0.198241
0.178416
0.319572
0.232236
0.233016
0.228914
0.316442
0.312354
0.213749
0.195691
0.194608
0.191172
0.192681
0.187798
0.172606
0.176161
0.811104
1.35794
0.978617
0.214742
0.82545
0.253671
0.151023
1.80055
0.707544
0.718522
1.80224
0.719681
0.74344
1.8562
0.18679
0.190647
0.186703
0.171762
0.182989
0.168179
0.158772
2.19274
2.00923
0.548738
2.16743
2.07503
2.32731
2.1474
1.18539
0.33681
0.258622
1.72916
1.49995
1.63108
1.72122
0.221417
0.310975
0.215665
0.334577
0.2836
0.221415
0.42653
0.228879
0.209198
0.315176
0.342943
0.302424
0.469622
0.222354
0.176513
0.178531
0.174775
0.176484
0.22262
0.181205
0.214225
0.177573
0.169471
0.166292
0.175339
0.233196
0.223016
0.180182
0.147442
0.172723
0.147824
0.162517
0.163098
0.166625
0.219109
0.791419
1.85782
0.741
0.791349
1.96602
0.905297
1.90607
0.841948
1.85802
0.754695
0.806073
1.98581
0.960755
1.90984
0.177233
0.158581
0.170072
0.1772
0.2603
0.179757
0.223333
0.18044
0.15888
0.162983
0.176505
0.285883
0.23533
0.182966
0.32031
0.187975
0.182745
1.73583
1.69598
0.237556
0.320468
1.73119
1.805
0.316379
0.200462
0.206379
0.204417
0.19231
0.195919
0.176207
0.158822
0.241394
0.322349
0.319059
0.240575
0.32161
0.319457
0.235309
0.21327
0.208045
0.21318
0.202212
0.210304
0.20939
0.204793
0.2043
0.828834
0.184556
0.186528
0.309297
0.163132
0.175737
0.686236
0.689964
1.70627
1.70507
0.685819
0.686167
1.71831
0.197825
0.202173
0.209644
0.198075
0.200966
0.205768
0.194299
0.325154
0.230703
0.231173
0.320158
0.237036
0.319688
0.230713
0.321899
0.233444
0.234416
0.23286
0.320565
0.319575
0.231676
0.19848
0.196981
0.194941
0.197019
0.205706
0.203456
0.200519
0.193332
0.199758
0.197368
0.199057
0.202449
0.196722
0.199982
1.76242
0.697976
0.708314
0.698126
1.71773
0.689557
1.73698
1.76146
0.70748
0.698666
0.698459
1.71582
0.691605
1.73523
0.187017
0.181812
0.191747
0.188447
0.195698
0.192646
0.189322
0.198409
0.192667
0.194824
0.179646
0.189241
0.176599
0.169501
0.189963
0.192614
0.191269
0.192637
0.194928
0.199426
0.189976
0.312219
0.213822
0.229039
0.319545
0.23307
0.323902
0.232276
0.172623
0.187813
0.192712
0.195705
0.191182
0.194645
0.198285
0.188367
0.15787
0.157074
0.192764
0.156352
0.157681
0.208466
0.720308
1.85784
0.743805
1.80151
0.718733
0.707936
1.76187
0.168195
0.171779
0.182996
0.178426
0.186707
0.190672
0.186809
0.17458
0.161011
0.181391
0.144064
0.161747
0.151063
0.149751
0.157025
0.184674
0.189957
0.171755
0.18469
0.157056
0.147431
0.247307
0.164516
0.157681
0.164482
0.341707
0.185693
0.247196
0.224953
0.175635
0.159431
0.167144
0.408875
0.200699
0.263401
0.147869
0.151043
0.172769
0.14741
0.219074
0.162504
0.166616
0.436238
1.19734
0.503043
0.530643
0.761307
0.286933
0.716686
0.216103
0.701578
0.379175
0.401351
0.374684
0.225033
0.35482
0.244441
0.446833
0.413649
0.537361
0.491272
0.806352
0.885444
0.343973
0.595379
0.856882
0.720467
1.01159
1.37339
1.10356
0.226039
0.739115
0.519231
0.544002
0.414429
0.265357
0.393967
0.249179
0.188535
0.356672
0.594323
0.265641
0.444118
0.829006
0.388082
0.16322
0.216726
0.402506
0.216719
0.388125
0.694278
0.168032
0.454703
0.225373
0.479313
0.239184
0.412759
0.747967
0.918505
1.43097
2.05455
2.06268
1.16047
1.12966
1.97061
1.03532
2.07589
1.22352
2.08736
1.33148
1.5435
2.13585
0.262362
0.597425
0.458226
0.689012
0.541758
0.840814
0.955157
0.555456
0.249077
0.443852
0.188434
0.593819
0.265405
0.356267
1.62693
1.00616
1.26565
1.69478
1.72156
1.46841
1.88443
1.07888
0.801861
0.738882
1.12278
1.5221
1.23593
1.38991
1.05072
1.21225
0.984922
0.723253
1.05067
0.428613
0.723274
0.854873
1.06543
0.728932
1.06532
1.30327
1.29436
1.11159
1.20312
0.771166
1.03083
1.56944
1.41122
1.26696
1.45598
1.67931
2.1401
1.41958
1.67914
2.20104
1.84473
2.18578
2.13643
1.74036
1.46873
1.69723
2.19317
1.88196
2.17846
0.89571
1.11361
0.778196
1.07318
1.33488
1.32668
1.12465
0.986291
1.20306
1.03104
1.41122
1.2671
1.45591
1.56946
1.1528
1.0182
0.729825
0.996621
0.755189
0.413799
0.704022
1.04077
1.27324
1.15533
1.08514
0.88723
0.496723
0.752337
1.95367
1.95638
1.77643
1.26382
1.53459
1.8029
1.58642
1.57202
1.50462
1.3541
1.01323
0.91703
1.20251
1.33241
2.35252
1.64183
2.26323
1.48828
2.17202
1.64175
2.26307
1.33516
1.32734
1.07334
0.89528
1.16723
0.777976
1.11372
1.88222
2.17803
1.69778
2.13598
1.46992
1.74137
2.17024
1.5281
1.24603
1.33061
1.3871
1.06161
0.944803
1.18895
2.24827
1.80168
1.59569
1.69194
2.45761
1.88591
2.30671
2.19402
2.00867
1.91217
2.13633
1.65399
1.81492
2.16685
1.83372
1.92731
2.17018
1.9496
1.96863
1.99777
1.67811
1.36625
2.12894
1.79882
1.8088
1.66725
1.49401
1.67283
1.3355
1.47209
1.33546
1.95902
1.71588
1.54424
1.71606
2.47164
1.80267
2.37846
2.53438
1.98585
2.11883
2.63357
1.45647
1.37271
1.26106
1.93928
1.65122
1.7847
2.14047
1.15821
1.59134
1.3178
1.18109
1.39689
1.22683
0.997589
2.06097
2.51698
2.02049
2.16857
2.16024
1.96045
1.80762
2.26768
2.42463
1.86391
1.99088
1.83645
1.45048
1.59243
1.92421
2.63294
2.47134
1.80263
2.53392
1.98562
2.37817
1.85281
2.04647
2.19961
2.19884
1.95318
1.97319
2.19866
1.30272
1.56425
1.99899
1.5774
1.56249
1.57116
1.30826
2.21423
2.20056
2.01514
2.20873
2.08275
1.93382
2.18977
1.61769
2.16544
2.13561
1.73119
1.75902
1.39976
1.3847
2.1121
1.77483
1.49537
2.80577
2.33863
2.00292
2.43659
2.31623
2.08153
2.82497
2.74506
2.60127
2.31673
2.74543
2.7132
2.57792
2.23395
2.40434
2.82412
2.75283
2.78352
1.05564
1.84731
0.250772
0.251394
1.75012
0.238982
1.81182
0.244561
0.239993
0.242013
0.239994
0.446148
0.44617
0.447457
0.447209
0.244461
0.244068
0.242935
0.455415
0.460063
0.454498
0.46343
0.24862
0.241306
0.2412
0.457088
0.499917
0.462193
0.488734
0.256049
0.246778
0.244149
0.465616
0.513234
0.496005
0.477361
0.911305
1.74776
0.911424
1.76391
0.920082
1.74981
0.90619
0.928305
1.80649
1.80152
0.940937
1.78234
0.922787
0.950042
1.87393
1.82323
0.98355
0.955522
1.84012
1.79143
1.02061
0.941824
1.82544
1.03748
1.78068
0.95815
1.76938
1.01099
0.203922
0.210763
0.16112
0.182999
0.214013
0.169484
0.181293
0.195625
0.194228
0.209433
0.199121
0.208582
0.197396
0.206893
0.196315
0.190793
0.191246
0.207404
0.200822
0.194889
0.204666
0.18612
0.19773
0.183992
0.200075
0.188883
0.204894
0.202755
0.191291
0.164489
0.170369
0.181707
0.183365
0.168237
0.166641
0.182425
0.181266
0.161585
0.180542
0.18495
0.164882
0.182376
0.159308
0.176698
0.1907
0.194933
0.185179
0.195922
0.200145
0.179368
0.194901
0.211669
0.180487
0.183963
0.193253
0.178618
0.210043
0.180285
0.19987
0.210783
0.200284
0.210286
0.211063
0.200191
0.199134
0.19884
0.210856
0.199887
0.199876
0.210111
0.210841
0.200208
0.20639
0.193353
0.205487
0.198288
0.208774
0.209458
0.196983
0.20506
0.19491
0.206266
0.208157
0.196754
0.198311
0.209272
0.172615
0.172843
0.182591
0.18525
0.174513
0.183327
0.17106
0.182128
0.171353
0.172981
0.172982
0.184581
0.174608
0.18213
0.165709
0.180443
0.163861
0.169992
0.180864
0.181394
0.168085
0.163763
0.179525
0.165704
0.178666
0.168218
0.170204
0.180091
0.194455
0.160643
0.161999
0.161829
0.18634
0.16353
0.186178
0.200738
0.161205
0.160001
0.159962
0.193112
0.187805
0.15917
0.224141
0.184994
0.16115
0.184067
0.780969
0.156589
0.246246
0.185573
0.192583
0.198787
0.195229
0.189072
0.178777
0.175728
0.16895
0.180723
0.187691
0.189021
0.268658
0.182377
0.189334
0.209745
0.167235
0.200566
0.194731
0.189413
0.201951
0.196148
0.181942
0.180263
0.202019
0.187429
0.200807
0.194794
0.196174
0.181727
0.179702
0.159502
0.180657
0.160895
0.157795
0.187142
0.156883
0.185665
0.179119
0.180929
0.190243
0.17053
0.147298
0.168003
0.149904
0.188758
0.157636
0.159984
0.181461
0.161069
0.158155
0.186494
0.178409
0.146609
0.18882
0.18071
0.190198
0.170151
0.149637
0.17607
0.158826
0.190396
0.184666
0.171436
0.158386
0.146318
0.194544
0.157399
0.158642
0.191404
0.158473
0.159085
0.208737
0.173443
0.143109
0.186093
0.160266
0.180846
0.151081
0.147223
0.156808
0.208735
0.167545
0.253633
0.157047
0.203207
0.165509
0.157809
0.267881
0.167526
0.157287
0.253999
0.204027
0.165769
0.203326
0.145333
0.149812
0.172629
0.144898
0.161067
0.156905
0.166101
0.206553
0.159912
0.164406
0.324008
0.242741
0.181488
0.159829
0.303378
0.174132
0.166308
0.389477
0.195139
0.257338
0.400096
0.182931
0.556697
0.514827
0.248652
0.335176
0.232454
0.763477
0.960301
2.57315
2.38243
2.26405
2.12448
0.951819
0.53368
2.07874
1.94967
0.270909
0.562331
0.268192
2.36032
2.36755
0.879061
0.265758
0.311377
0.300654
0.569324
0.549719
0.658617
0.691515
0.275554
0.314898
0.302737
0.579328
0.555337
0.66176
0.695277
0.628392
0.29137
0.342573
0.32265
0.40332
0.714187
0.873647
0.607941
0.408682
0.383335
0.839569
1.13423
0.882949
1.0842
0.603949
1.12526
0.409319
0.561537
0.384999
0.839034
1.08156
0.391147
0.724957
0.524679
1.04943
0.854358
1.03617
1.22399
1.96239
1.32816
1.16937
1.9313
1.12983
1.28755
2.05456
1.92365
1.15926
1.12412
1.28525
2.07445
1.3263
2.05065
0.690104
1.20749
0.464805
0.819436
0.573391
1.08984
1.313
2.01951
1.40227
1.24368
2.09611
1.35258
1.50398
2.18413
0.742988
1.16615
0.995909
1.52848
1.24096
1.42231
1.38323
2.20917
1.51631
1.72348
1.48056
2.35378
2.19486
1.6949
1.48057
2.21104
1.73378
2.35423
1.52093
2.1932
1.6969
2.17851
1.64047
1.48879
1.62547
2.32885
2.24754
1.75811
2.24057
1.58179
1.77947
1.67036
2.42383
2.28522
1.85371
2.05613
1.77398
2.48587
2.42623
2.34449
1.94155
1.88747
1.99774
1.3084
2.52862
1.22694
1.08529
1.49523
2.55627
0.146075
0.434731
0.225432
1.14396
0.483281
1.11102
1.82959
0.148863
0.157847
0.159408
0.179251
0.183957
0.216532
0.289023
1.56602
3.22722
1.14382
2.18447
0.97871
1.25203
2.15324
0.168095
0.41264
0.239135
0.454897
0.253833
0.479297
0.748122
1.12516
1.37283
2.40319
2.59357
2.82947
2.49092
1.85561
0.838923
0.523371
0.235539
0.681764
0.313663
0.60205
1.00113
0.796955
0.230593
0.42186
0.6727
0.322187
0.599755
0.972666
2.90289
2.19843
2.17977
2.59701
2.24086
2.85787
3.91997
2.62122
1.67413
2.9925
2.05301
2.16199
3.49782
2.36891
1.99808
1.32606
1.1217
0.831077
2.71524
1.65038
3.06359
1.76851
0.752297
0.88711
0.496462
0.825511
1.27346
1.04096
1.15563
0.811585
0.904565
0.535989
0.831482
1.26086
1.04745
1.14237
0.704093
0.729935
0.413873
0.75551
0.99687
1.01839
1.15298
1.04703
0.811074
0.535523
1.11046
0.903805
1.1417
1.2604
1.45478
0.78021
1.17248
0.954309
1.53542
1.256
1.27308
0.987529
1.27012
1.46129
1.36273
1.55266
1.71529
1.80784
1.83353
1.95098
1.67877
1.92781
1.96859
2.17055
2.32854
1.5539
2.24736
3.11048
3.05358
2.16891
1.97906
1.22797
1.3579
1.15828
0.997733
1.39683
1.18129
1.31781
1.59103
2.77176
1.75664
2.78715
2.98214
1.22572
2.82716
1.45893
1.30643
1.18714
1.01411
1.37456
1.1872
1.30645
1.54413
1.04525
1.3834
1.18791
1.41202
1.20515
1.3261
1.59898
1.36689
1.81062
1.49494
1.79946
1.66771
2.13006
2.2634
1.20499
1.41211
1.18762
1.04485
1.2518
1.59918
1.38327
1.24042
1.48558
1.37071
1.64375
1.34983
1.45961
1.82981
1.57775
1.57193
1.30307
1.56433
1.56274
1.99955
2.00731
1.12213
1.48562
1.64425
1.4599
1.24075
1.35047
1.37115
1.26124
1.78428
1.57584
1.45677
1.65127
1.93896
2.13939
1.97311
2.19833
1.85286
2.19942
1.95312
2.04644
2.1848
1.34099
1.50308
1.22251
1.70858
1.38669
1.49888
1.92387
0.716568
1.37291
0.38049
0.152729
0.152851
0.669269
1.0378
0.372596
0.151429
0.151284
0.156376
0.149544
0.150456
0.181145
0.189812
0.157053
0.151435
0.14935
0.152341
0.150174
0.180848
0.189402
2.71993
0.426779
0.666071
0.391392
0.205877
0.197346
0.309062
0.343646
0.199565
0.334075
0.188135
0.292786
0.669369
0.330072
0.610118
0.392027
0.343143
0.721331
0.429694
0.206604
0.197267
0.308867
0.666941
0.197684
0.326116
0.332441
0.187611
0.291934
0.611804
2.55324
1.79027
0.871891
1.80551
0.825594
2.56412
2.84066
0.822124
1.17139
1.37391
1.12862
1.34012
1.60621
1.6316
0.879948
1.13269
1.18208
1.38684
1.344
1.61048
1.64783
1.066
1.34102
1.01521
0.601986
1.03124
0.656802
0.977869
1.38468
1.34472
1.01877
0.657368
1.07481
0.604051
0.980627
1.446
1.76532
1.41736
1.95812
2.46924
1.97989
2.4532
1.76855
1.42135
1.45972
1.96185
2.48283
1.99805
2.45455
2.07671
1.88356
1.52855
2.00745
1.61481
2.19965
2.67416
1.96134
2.55269
1.94221
2.25071
2.74437
2.26263
2.74979
2.75406
2.27874
1.9753
2.55498
1.94532
2.25357
2.75243
2.76948
2.33751
2.03627
2.64655
2.11892
2.43643
2.79991
1.7033
2.33806
2.00216
1.77416
2.11125
2.43516
2.80476
1.3044
1.93054
1.52659
1.52651
2.49313
1.87917
1.93024
1.67214
1.69451
1.38068
1.55381
2.57154
1.94087
1.98103
1.67166
1.64794
1.36454
1.56138
2.63381
1.9809
1.99725
1.56161
1.36451
1.67213
1.98153
2.63505
1.64817
2.15423
2.36971
1.92742
1.49147
2.73946
2.08892
1.70837
2.28833
1.3807
1.69469
1.98136
1.67217
1.94096
2.18452
2.57169
2.31562
2.4487
2.15586
2.44912
3.61083
2.86408
2.90385
2.1432
2.18272
2.03513
2.14329
2.24732
2.3237
2.17972
2.22194
3.07129
2.3825
2.49324
3.68011
2.98361
2.9516
2.23283
2.19395
2.08226
2.17363
2.31139
2.4123
2.19495
2.82389
2.25778
2.12821
2.82442
3.67856
2.99357
3.3119
2.85973
3.08224
2.30208
2.8279
3.65222
3.01363
3.26589
2.10981
2.1189
1.6282
1.81704
2.9433
2.42876
2.41584
2.78276
2.71262
2.23328
2.57705
2.82357
2.75151
2.82641
1.93028
2.20327
1.73469
2.37715
2.98257
2.61782
2.82561
1.99844
2.64896
1.99583
2.64909
3.00034
3.08389
2.62114
2.03377
2.67664
2.68758
2.65498
2.99129
3.05555
2.6356
2.74865
2.91461
2.90879
2.63241
2.83861
2.63631
2.8513
2.70986
2.74544
2.91492
2.91361
2.64937
2.63409
2.85191
1.90028
2.52354
3.06504
3.04746
2.466
3.03121
3.22735
2.64206
2.93155
2.69831
2.78173
2.51286
2.95936
2.81343
2.76329
3.03028
2.55359
3.06507
2.76321
3.03024
3.13872
3.07213
2.06799
2.62581
3.06794
2.62528
3.07183
3.13303
2.25166
3.09565
2.69904
3.08908
2.8859
3.08185
3.06519
1.89993
3.04723
3.03099
3.06445
2.46575
2.52287
2.52784
3.10734
2.64394
3.08743
2.15301
3.10485
2.79685
2.79123
2.82076
3.03756
2.63551
3.03815
2.78084
3.03277
3.05648
2.78727
2.88348
3.00616
2.64298
2.74382
2.91871
2.82914
2.34472
2.46467
2.5021
3.15255
2.71633
2.664
2.26217
2.88304
2.82865
2.6419
2.74351
2.91771
3.00568
2.4107
2.88067
2.60401
2.25205
2.91062
2.96329
2.96514
2.76066
2.89218
4.00645
3.99079
3.69485
3.43068
3.39321
3.62928
3.29899
3.87883
3.82918
2.86357
3.67294
3.33479
3.3857
3.0743
3.05329
3.00833
2.60974
3.11789
3.16067
2.99777
2.7549
3.0459
3.19229
3.1774
1.77559
2.76486
2.96577
3.23718
3.20487
3.02587
3.20484
2.06836
2.96607
3.05351
2.95716
2.88954
3.05838
3.11865
1.47997
2.52839
2.65736
3.21654
3.19589
3.07628
3.11988
1.75542
2.82012
2.69726
1.22806
1.22736
1.22621
1.30013
1.2585
1.34911
1.28479
2.73903
2.44522
2.98748
2.92719
1.31324
2.26223
1.8795
2.4743
3.00925
2.9238
2.92374
1.31811
2.38042
1.75685
1.22606
1.23035
1.22795
1.25534
1.29878
1.35069
1.2816
2.20609
2.68597
2.98489
2.86118
1.27342
2.07277
1.64352
2.44393
1.25382
1.23767
1.23724
1.52597
1.35617
1.51394
2.91935
1.27574
1.29276
1.26214
1.71964
1.84457
1.98738
2.30362
1.23493
1.2487
1.23215
1.50874
1.43164
1.30397
2.53694
3.62764
2.97292
2.99809
1.98768
3.07684
1.2268
2.70038
1.93097
2.48646
2.86137
1.2252
2.76117
1.24644
3.05853
1.28457
1.22752
1.22501
1.22893
1.97295
2.24135
1.33034
2.66749
1.22501
1.90212
2.13476
1.22564
2.46857
1.25583
1.22503
3.14341
3.4006
3.37368
1.55019
1.22584
3.31961
3.30478
2.26194
3.37263
3.00951
2.00242
3.29523
1.22754
3.43407
3.21862
1.92501
1.24156
1.22501
1.22505
2.01902
1.35488
3.67182
1.74595
1.30657
1.22513
2.18956
1.22501
1.38951
1.73458
2.37763
2.20315
2.49191
2.61922
2.82616
2.98368
3.05866
1.25693
1.22699
1.225
1.29016
1.225
1.22839
1.6199
2.30329
1.22502
2.03029
1.22585
1.28974
1.22501
2.25301
3.09658
3.08263
2.82861
2.88731
3.09002
3.06563
2.67327
2.58808
2.68426
2.60949
2.0049
1.647
1.61503
1.9765
1.62415
2.58919
2.68084
2.60916
2.00582
1.65076
2.34419
2.50112
2.46439
2.66353
2.71494
3.15168
2.85708
2.39425
2.58342
2.82761
2.7116
2.98662
3.29989
3.02525
2.25309
2.88136
2.60435
2.96419
2.96573
2.91132
1.85588
2.75881
3.09209
2.96774
2.8515
3.0467
3.05207
2.5386
2.6535
2.54215
2.62848
2.46403
1.78901
1.54754
1.44805
2.89096
3.99018
4.00621
3.39262
3.42918
3.69449
3.92022
3.29885
3.82901
3.87873
3.38595
3.3355
2.8653
3.49897
3.07444
3.00912
3.05356
3.16091
3.11861
2.61116
2.36996
3.74845
3.94903
3.49804
3.86867
3.57304
3.67206
3.68587
3.61587
3.71985
3.23381
3.52745
3.06428
2.35625
2.9333
3.03053
2.90728
3.02812
2.7147
2.86489
2.1448
1.9059
1.45275
2.58001
2.0143
2.30399
1.63423
1.34548
1.27566
3.19623
3.12014
3.21666
2.98208
2.82006
2.6971
1.75519
2.91475
3.51969
3.20715
3.52975
3.53522
3.48505
3.37388
2.91315
3.52913
3.20557
3.51916
3.53542
3.48576
3.31872
2.84266
3.51013
3.13614
3.50993
3.57548
3.57651
3.29495
3.11887
2.89024
2.95739
2.6576
2.52909
1.97974
1.48019
2.13108
1.79601
2.15231
2.62778
3.6044
2.04834
1.8321
2.26964
3.1947
3.27464
1.58858
2.70344
1.45717
1.33332
2.81298
2.48846
1.91669
1.75327
1.66396
2.33402
2.30867
2.27973
2.37431
1.36919
1.32619
1.24935
2.06503
2.13834
1.92314
1.98669
1.63372
1.6128
1.46556
2.4491
2.27221
2.10759
2.26773
2.03569
2.05855
1.90267
2.40976
2.62622
2.48279
2.49588
2.08575
1.82694
1.87674
2.13083
2.14206
2.09043
2.17733
1.44903
1.39166
1.26674
1.93194
1.86728
1.91892
1.97187
2.17424
2.03513
1.94773
2.19003
2.2646
2.25836
2.22159
1.65046
1.45437
1.5447
2.02206
2.17708
2.05664
2.15654
2.71993
3.0016
3.50816
2.76655
3.51805
3.22612
3.05219
3.2624
2.61469
2.95536
3.25436
2.86064
2.64785
2.94058
2.44841
2.67737
2.35577
2.39314
2.48318
2.71492
2.30508
2.81517
2.7647
2.49892
2.51109
2.74774
2.80113
2.51251
2.4518
2.39207
2.88163
2.54207
2.78295
2.52606
2.34721
2.8505
3.30163
3.38887
3.5564
3.29299
3.15312
2.97067
3.09845
3.2671
2.9614
2.7268
2.92705
2.93618
2.84034
2.57777
2.79059
2.66471
2.73107
2.79724
2.56744
2.68457
2.35733
2.74901
2.78225
2.20912
2.34303
3.33127
2.77324
2.74741
3.49055
2.92373
2.25343
1.97172
1.74487
1.35069
3.22632
2.71904
2.08557
1.98929
1.82473
2.68261
2.47448
2.73804
2.98666
2.24603
2.41646
2.20847
2.84046
2.61223
2.79285
3.1481
2.23676
2.18309
2.11442
2.3035
2.32854
2.4105
2.34414
2.00915
1.74477
1.78652
2.34768
2.33459
2.57964
2.58478
2.30309
2.26209
2.25294
2.53287
2.50916
2.72128
2.4004
3.27751
2.51168
2.77347
3.04995
3.79207
3.33752
3.51115
3.19897
2.66573
2.47229
2.99982
3.55005
3.14094
3.32356
2.73978
2.34821
2.32584
2.83529
2.91172
2.97538
2.81576
2.44869
3.01107
2.62389
2.75963
2.90782
3.17179
2.53411
3.13043
3.62072
3.48327
3.31821
3.56397
3.56031
3.65672
3.25076
2.86892
2.95512
3.01725
3.04742
2.66995
3.37361
2.80451
2.76777
2.60055
2.87302
2.31639
2.49843
2.81932
2.94136
2.89392
3.4392
3.12047
3.16867
3.33801
2.67629
3.49774
3.70172
3.43763
3.34929
3.613
3.5584
3.75503
3.0029
3.18283
1.52239
2.53208
2.74158
2.1612
3.40032
2.85044
2.34164
1.43913
1.78797
2.55027
1.99242
2.74993
2.97853
3.13647
3.11828
2.91645
1.38692
2.39921
1.92463
1.64313
2.20581
2.98552
2.68624
1.27336
2.0724
1.45877
1.61864
1.66636
2.29328
1.34016
1.24212
1.32533
1.24495
2.25782
1.63519
1.2431
1.67278
2.29886
1.34223
1.24531
3.39187
3.17858
3.43155
3.50868
3.28598
3.0369
3.43047
1.52723
1.40735
1.95833
1.23705
1.29899
1.2701
1.2317
1.47348
1.70026
2.66367
2.28321
1.2312
1.3944
1.30903
1.24395
1.22734
1.22562
1.22753
1.28939
1.2457
1.22569
1.22729
1.28358
1.289
1.24544
1.2256
1.22568
1.24328
1.87501
3.6073
3.07257
3.41599
1.33696
2.50233
2.21447
3.84517
3.65078
3.69012
3.57412
1.79322
3.11135
3.00562
3.84595
3.57477
3.68961
3.65105
1.79564
3.11337
3.3068
3.9416
3.68203
3.69631
3.68212
2.09206
3.31909
3.4346
1.27244
1.22619
1.25826
1.22544
1.23896
1.23371
1.22527
1.26608
2.36259
1.31229
1.32708
1.23496
1.47245
1.22903
3.30319
1.54959
2.67757
1.43062
1.27334
1.7422
1.24028
3.30617
1.43237
2.68106
1.55126
1.27366
2.02206
1.24039
2.19225
1.36505
2.44133
1.44478
1.23066
1.23504
1.35526
3.55797
1.6291
2.92564
1.62976
1.30799
2.19066
1.24923
2.42914
1.49751
2.66576
1.4979
1.23377
1.24047
1.38968
2.91958
1.27578
1.29278
1.84474
1.72002
1.26216
1.22797
1.45906
1.30961
1.71509
1.24763
1.22597
1.23351
1.22792
3.33658
2.58396
1.35161
3.00815
2.56147
2.10136
3.46562
3.55678
3.22465
3.31802
1.59603
3.00373
2.86508
3.56546
1.58955
1.7733
1.25394
1.29527
1.22653
1.26603
1.22776
2.19031
1.44386
2.43856
1.36411
1.23065
1.23499
1.30621
2.82955
1.24561
1.26631
1.87502
1.58052
1.26348
1.22678
1.3039
1.23214
1.23492
1.50863
1.43145
1.24868
1.22572
3.02816
1.27746
1.30049
2.03014
1.82249
1.27744
1.22824
1.22526
1.23373
1.24452
1.22941
1.22505
1.22676
1.22513
1.80737
1.23203
1.3968
1.22703
1.27625
1.23662
1.22541
2.04078
1.23998
1.51537
1.22818
1.2902
1.23999
1.22564
1.78262
0.232343
0.230049
1.66989
0.328454
1.69486
0.333849
1.71967
0.370608
0.220187
0.217512
0.218072
0.221049
0.217435
0.22931
0.226023
0.716703
0.712872
1.76583
1.82568
0.85401
0.854567
1.74073
0.230847
0.232728
0.232705
0.232061
0.229715
0.227963
0.215238
0.368388
0.363307
0.229507
0.231019
0.332608
0.227083
0.40419
0.713047
1.69186
0.703591
0.784418
1.7113
0.749712
1.68381
0.326514
0.237294
0.218241
0.383007
0.224363
0.223147
0.332128
0.747944
1.68725
0.702727
1.66836
0.712992
0.783283
1.67722
0.325495
0.328487
0.218577
0.222466
0.23597
0.383572
0.223209
0.718501
1.72816
0.849559
0.717389
1.805
0.860332
1.72583
0.406544
0.226896
0.227092
0.368982
0.230316
0.334831
0.226937
0.221181
0.222003
0.220918
0.226409
0.228256
0.226169
0.226602
0.217596
0.211555
0.212107
0.221103
0.21499
0.215332
0.221581
0.226396
0.228026
0.217305
0.217929
0.222999
0.217355
0.224776
0.220611
0.226294
0.219242
0.221061
0.225172
0.226339
0.225899
0.212027
0.21693
0.211132
0.220565
0.214291
0.220727
0.215083
0.23057
0.230684
0.213522
0.230669
0.23157
0.229343
0.228171
0.223418
0.216346
0.216949
0.226004
0.218125
0.223259
0.216932
0.230961
0.232839
0.23211
0.231096
0.233311
0.231129
0.230432
0.222218
0.22241
0.230722
0.229416
0.229363
0.221648
0.224264
0.242454
0.383653
0.247008
0.356584
0.253654
0.364192
0.237395
0.225879
0.216254
0.216109
0.219797
0.210775
0.22254
0.223421
0.228749
0.230121
0.229451
0.228558
0.230787
0.228836
0.228089
0.221804
0.226085
0.218643
0.226556
0.211546
0.228086
0.223971
1.12535
0.773299
0.700446
1.04531
0.748051
1.08285
1.09826
1.13579
1.06227
0.768038
0.697289
1.09614
0.746028
1.11392
1.58823
1.89718
1.64883
1.87023
1.5845
1.60796
1.94548
1.21279
0.809533
0.804309
1.37578
0.78474
1.25513
1.2654
0.227327
0.22756
0.228747
0.235428
0.23001
0.231349
0.226187
0.230985
0.231166
0.23033
0.239435
0.234939
0.229088
0.234225
0.228136
0.229496
0.230095
0.23672
0.231224
0.232072
0.227664
0.232695
0.233592
0.232471
0.231037
0.233097
0.231562
0.232637
0.229962
0.229665
0.231265
0.229074
0.230253
0.231872
0.228428
0.227612
0.229429
0.230157
0.226281
0.230942
0.226908
0.227777
0.228511
0.225164
0.227487
0.225843
0.230022
0.229396
0.229363
0.24261
0.354273
0.24677
0.379474
0.360767
0.253908
0.237275
0.242765
0.247735
0.349708
0.376431
0.359092
0.237915
0.254571
0.223566
0.228072
0.227148
0.231906
0.226527
0.227206
0.227866
0.224402
0.232387
0.22274
0.231017
0.231649
0.223038
0.224471
0.233819
0.333336
0.331
0.232661
0.337368
0.231888
0.232586
0.221127
0.219563
0.228844
0.227074
0.228151
0.222584
0.219485
0.258165
0.400288
0.401847
0.27018
0.388833
0.265918
0.266852
0.234495
0.23424
0.215574
0.216351
0.231129
0.226341
0.220712
0.271324
0.402793
0.259134
0.392982
0.266692
0.407519
0.264947
0.239482
0.219122
0.224437
0.239859
0.238688
0.221669
0.235611
0.228043
0.220511
0.218975
0.225177
0.224585
0.219934
0.224851
0.23385
0.234028
0.215468
0.216849
0.230435
0.226367
0.22059
0.237994
0.237415
0.21783
0.223028
0.233589
0.236837
0.220875
0.271265
0.394218
0.403525
0.259174
0.265147
0.408808
0.266595
0.227394
0.220897
0.22456
0.218882
0.219955
0.223733
0.224593
1.11821
1.04164
0.701946
0.776304
1.0756
0.752828
1.09437
1.12018
0.702296
0.775218
1.04482
1.09667
1.07937
0.753168
1.55929
1.85001
1.64237
1.85191
1.57652
1.57288
1.90669
1.20102
0.813906
0.813586
1.37107
1.25162
0.790729
1.24926
0.25564
0.402632
0.268247
0.404945
0.264366
0.26457
0.390429
0.219416
0.219303
0.227763
0.226691
0.221344
0.218978
0.226739
0.220448
0.228801
0.225186
0.225352
0.224574
0.224136
0.224134
0.242249
0.383382
0.355484
0.24653
0.23704
0.253705
0.363948
0.223047
0.230555
0.221976
0.230574
0.222603
0.222548
0.230225
0.23377
0.335962
0.335525
0.232223
0.231814
0.34186
0.231904
0.219386
0.227822
0.219356
0.226733
0.219018
0.22133
0.226785
0.226449
0.216801
0.216182
0.219847
0.211036
0.223139
0.223366
0.225986
0.219804
0.227104
0.225865
0.229535
0.212895
0.225858
0.226707
0.221496
0.228313
0.229843
0.232243
0.225642
0.215141
0.234682
0.22397
0.227393
0.228056
0.230906
0.227976
0.228125
0.222659
0.226925
0.219015
0.226864
0.228868
0.212254
0.224302
0.223189
0.220335
0.228141
0.227972
0.229537
0.225164
0.21317
0.223461
0.213026
0.218575
0.21297
0.221396
0.221627
0.207808
0.230798
0.22511
0.225684
0.222566
0.227455
0.227033
0.227385
0.225746
0.219772
0.227975
0.226868
0.213806
0.224543
0.230617
0.225053
0.219676
0.225369
0.226891
0.225607
0.212387
0.228639
0.233711
0.22378
0.227174
0.22723
0.22729
0.228029
0.229871
0.228659
0.228658
0.236957
0.228682
0.232258
0.227021
0.232232
0.226426
0.227276
0.234664
0.228502
0.229029
0.230596
0.225858
0.226815
0.22541
0.223835
0.223839
0.227796
0.227782
0.227973
0.226413
0.234655
0.227264
0.22848
0.225844
0.22901
0.230584
0.231389
0.231924
0.23193
0.230729
0.231134
0.231579
0.231141
0.228729
0.230143
0.229436
0.228581
0.228082
0.228853
0.230741
0.226487
0.22917
0.229145
0.226287
0.226488
0.229989
0.226502
0.221809
0.226083
0.226545
0.218614
0.223959
0.211542
0.22808
0.222673
0.212633
0.219058
0.212634
0.221063
0.221076
0.207062
0.230189
0.224867
0.224854
0.222929
0.226805
0.226642
0.226819
1.69205
0.593549
1.18184
0.383716
1.36238
2.19297
2.7999
2.55395
0.409116
0.562816
0.608281
0.840027
0.883384
1.13451
1.0846
0.471678
0.846491
0.704789
1.11228
0.974897
1.22573
1.34063
0.320169
1.70163
1.68392
0.327439
1.67365
0.238409
1.66762
0.385262
0.324754
0.236998
0.241871
0.325139
0.241957
0.24201
0.32417
0.323581
0.23842
0.322145
0.235121
0.320789
0.324906
0.240558
0.781974
1.69006
0.746326
0.702605
1.66071
0.713469
1.68216
0.332022
0.223252
0.222586
0.326071
0.219231
0.330191
0.236005
0.271553
0.394758
0.259515
0.405579
0.409825
0.265637
0.266594
0.227481
0.218769
0.224557
0.220724
0.220002
0.224332
0.223721
0.238183
0.237562
0.223183
0.217822
0.233808
0.22078
0.237121
0.233942
0.217457
0.234093
0.216088
0.230552
0.226534
0.221039
0.31943
0.237612
0.235293
0.322944
0.240598
0.241511
0.321816
0.70672
1.68794
0.690505
0.690611
1.6954
0.686647
1.68647
1.68863
0.687123
0.686051
0.689867
1.6648
0.693238
1.68278
1.71598
0.686107
0.689755
0.686299
1.70504
0.685789
1.6932
0.209911
0.166473
0.320213
0.189297
0.263689
0.314409
1.71208
1.81904
1.68294
0.321089
1.75195
0.213392
0.152685
0.202371
0.164857
0.205365
0.19948
0.174989
0.156813
0.320343
0.234022
0.233448
0.32328
0.233075
0.323754
0.233598
0.203948
0.203975
0.202051
0.197551
0.200237
0.199799
0.198669
0.321002
0.232872
0.231654
0.322261
0.233348
0.234372
0.32068
0.199884
0.199722
0.196659
0.195898
0.197324
0.199015
0.193303
0.149931
0.669419
0.203312
1.00101
0.159223
0.151015
0.167937
1.69675
0.686985
0.688134
0.692779
1.69044
0.689863
1.70617
0.197711
0.194051
0.19542
0.193451
0.190438
0.194595
0.189462
0.181246
0.162809
0.172702
1.2372
1.25077
0.756874
0.90007
0.170729
0.178945
0.17397
0.191016
0.196555
0.195423
0.192412
1.81652
1.89654
0.361265
2.13217
1.52277
2.01157
1.00016
0.308269
0.310661
0.21013
0.316357
0.233275
0.316685
0.231817
0.195683
0.192604
0.1923
0.191727
0.181776
0.186984
0.188426
1.73205
0.691353
0.698034
0.698157
1.75772
0.706766
1.72731
0.326795
0.209349
0.206559
0.314874
0.218676
0.228362
0.312138
0.71786
1.77997
0.729178
0.700426
1.7106
0.694771
1.73221
0.165944
0.162427
0.167748
0.187716
0.184684
0.192536
0.180457
0.154264
0.168156
0.16506
0.186165
0.180831
0.187654
0.178978
0.17049
0.188999
0.190242
0.180909
0.179077
0.147243
0.149878
0.748676
1.86862
0.781798
0.709957
1.80679
0.726545
1.76277
0.162877
0.16058
0.161947
0.182685
0.158827
0.172764
0.173378
0.161665
0.181351
0.186495
0.160924
0.174516
0.144004
0.149759
0.166407
0.164443
0.169626
0.202734
0.198979
0.212089
0.192618
0.332359
0.341238
0.213487
0.260709
0.280603
0.466423
0.43589
0.152098
0.157034
0.152779
0.151297
0.180648
0.189145
0.149228
0.208848
0.157071
0.156841
0.167543
0.253776
0.268802
0.165525
0.16906
0.164997
0.167743
0.21181
0.229475
0.246791
0.200445
0.196194
0.189213
0.17699
0.229837
0.323633
0.243746
0.299978
0.783886
1.85089
0.804443
0.970786
1.90034
0.933863
1.93841
0.414226
0.253245
0.220471
0.440127
0.32423
0.542165
0.713379
0.225144
0.167217
0.159469
0.175675
0.409428
0.309622
0.200827
0.183789
0.148779
0.145954
0.15774
0.288909
0.216311
0.179179
0.222311
0.173018
0.19528
0.243061
0.441697
0.299821
0.328192
0.194288
0.188397
0.207986
0.221473
0.209499
0.210836
0.206935
0.225858
0.220744
0.169446
0.19067
0.178826
0.180234
0.185731
0.20818
0.179547
0.217424
0.218715
0.222778
0.2187
0.214455
0.217397
0.214901
0.21566
0.209851
0.211235
0.214589
0.209297
0.214559
0.216877
0.2263
0.226352
0.225172
0.221042
0.221065
0.219236
0.220593
0.220575
0.214315
0.215114
0.216939
0.212076
0.217454
0.211167
0.233742
0.227138
0.227245
0.22367
0.227166
0.22803
0.22991
0.225755
0.226858
0.227982
0.219694
0.224497
0.213803
0.230632
0.225048
0.226904
0.225375
0.219693
0.212384
0.225621
0.228655
0.225844
0.219725
0.216183
0.216202
0.222453
0.210745
0.223364
0.204706
0.206338
0.202152
0.213242
0.210275
0.213143
0.209366
0.21524
0.218912
0.212671
0.21524
0.206324
0.209514
0.211613
0.205046
0.200057
0.201713
0.211858
0.207683
0.213002
0.206505
0.19677
0.209302
0.198334
0.193275
0.206312
0.205095
0.194941
0.202161
0.198045
0.197828
0.209637
0.200967
0.204431
0.205758
0.203192
0.206356
0.194424
0.190677
0.199836
0.203207
0.186177
0.181931
0.194743
0.196177
0.187698
0.201998
0.200598
0.189434
0.178642
0.178679
0.180102
0.168216
0.1702
0.163762
0.165706
0.176552
0.189227
0.192662
0.184549
0.194825
0.198423
0.179635
0.181698
0.160592
0.178841
0.177779
0.164677
0.160592
0.158161
0.187206
0.180694
0.180759
0.156888
0.157815
0.159503
0.160903
0.208592
0.192855
0.182778
0.157709
0.156364
0.157871
0.157076
0.843111
1.9495
0.912868
1.03985
2.03645
1.15321
1.98538
0.460516
1.08845
0.523749
0.839441
1.28211
1.37873
0.763619
0.344676
0.336128
0.838849
0.684667
0.3788
0.755672
0.310773
0.20654
0.308669
0.392214
0.720983
0.342708
0.429713
0.197231
0.381669
0.46045
0.967131
0.738552
0.804386
0.516014
0.339863
0.44433
0.709819
1.11373
0.996471
0.492153
0.899163
0.642633
0.931313
1.26622
0.673062
0.992241
1.75929
1.54852
1.23615
1.24372
1.96804
2.0482
1.51351
1.5755
1.18935
2.00573
0.235563
0.682009
0.83889
0.601981
0.434503
0.523672
0.313891
0.492769
0.839945
1.13512
1.10125
0.943103
0.651726
0.692429
1.34255
2.09742
1.79688
2.091
1.67448
1.48131
2.05108
0.880062
1.13273
0.825988
1.38669
1.61008
1.64735
1.34403
2.21067
1.4809
1.52121
1.73371
2.35343
2.36667
1.69686
2.30679
2.24803
1.59597
1.80167
2.4576
2.40082
1.8859
1.12515
1.27001
0.987798
1.46123
1.80762
1.71488
1.55248
1.94484
2.25267
2.7517
1.9748
2.75296
2.27761
2.56288
2.03595
2.6465
2.4364
2.76868
2.33664
2.59274
2.119
0.187231
0.656528
0.953858
0.230143
2.50696
1.40603
0.758548
2.21447
0.197246
0.291411
0.325316
0.331457
0.371391
0.665817
0.610888
0.32171
0.599287
0.42121
0.671763
0.482103
0.795997
0.971839
1.07432
0.603732
1.01855
1.03694
1.34424
1.38408
0.979831
0.698947
1.20167
1.13944
1.07147
1.40284
1.44704
1.01389
1.27255
0.779692
1.17215
1.14339
1.53461
1.45414
1.25532
1.06452
0.895174
1.30661
1.18158
1.59379
1.51703
1.29369
1.37912
1.68665
2.25208
1.69958
1.73492
1.7218
1.33517
1.45121
1.9143
1.92074
2.34994
1.80558
1.79513
1.52608
1.61428
1.45918
2.81362
1.27744
2.96473
2.84009
2.07226
2.87329
1.42094
1.96103
1.76762
1.80428
1.99695
2.48067
2.45311
1.52801
2.19918
2.0065
1.88228
2.07569
2.55438
2.6735
2.71054
2.85202
2.7463
2.63298
2.91463
2.64766
2.91241
3.03383
2.29386
2.81459
2.82352
2.32981
2.87633
3.01572
2.5141
2.82905
2.64296
2.78156
2.69706
2.93073
2.95935
2.56917
2.87374
2.42249
2.91436
2.96487
3.00011
2.98476
2.14349
2.95467
1.37227
1.39984
2.5289
2.93002
2.45681
1.71196
1.9265
1.32444
2.8942
2.04598
2.30435
2.82693
1.72159
1.2314
1.22867
1.22633
1.33193
1.26443
1.24621
3.27578
1.27516
1.27515
1.29194
2.05259
1.89972
2.01358
2.76237
1.23677
1.24133
1.2531
1.65183
1.52773
1.41524
1.22931
1.22511
1.22502
1.22554
1.22513
1.22874
1.22564
1.22502
1.22557
1.22512
1.22938
1.22502
1.22513
1.22565
1.22508
1.22537
1.2277
1.22657
1.22501
1.2252
1.22504
1.24664
1.22795
1.22883
1.22504
1.29751
1.22601
1.22582
1.23082
1.22511
1.22501
1.2252
1.22536
1.22828
1.2252
1.2337
1.22581
1.22502
1.22674
1.24994
1.22554
1.22529
1.23889
1.22529
1.22502
1.22536
1.22565
1.22553
1.23286
1.24985
1.22587
1.22506
1.22644
1.225
1.22505
1.2251
1.22513
1.22684
1.26747
1.22684
1.22501
1.22507
1.22513
1.22572
1.22544
1.23957
1.22634
1.225
1.22506
1.22504
1.25277
1.22505
1.22684
1.22683
1.225
1.22511
1.22505
1.22789
1.22884
1.22515
1.22779
1.22501
1.22512
1.22515
1.22508
1.22506
1.22702
1.22528
1.225
1.22501
1.22501
1.22615
1.22503
1.225
1.22523
1.225
1.22501
1.22501
1.22755
1.22502
1.22528
1.22507
1.225
1.22501
1.22501
1.225
1.22501
1.22525
1.22572
1.225
1.22508
1.22502
1.225
1.22502
1.22513
1.22502
1.225
1.225
1.225
1.2251
1.22512
1.22784
1.22557
1.225
1.22502
1.22502
1.225
1.225
1.22506
1.22501
1.225
1.225
1.225
1.225
1.225
1.225
1.225
1.225
1.225
1.225
1.22501
1.225
1.225
1.225
1.225
1.225
1.225
1.22517
1.22501
1.225
1.225
1.22501
1.225
1.225
1.225
1.225
1.225
1.22509
1.225
1.225
1.225
1.22503
1.225
1.225
1.225
1.225
1.225
1.225
1.22503
1.225
1.225
1.225
1.225
1.225
1.225
1.225
1.225
1.225
1.22506
1.225
1.225
1.225
1.225
1.225
1.225
1.225
1.225
1.225
1.225
1.22501
1.225
1.225
1.225
1.225
1.225
1.225
1.225
1.225
1.225
1.225
1.225
1.225
1.225
1.225
1.225
1.225
1.225
1.225
1.225
1.225
1.225
1.225
1.225
1.225
1.225
1.225
1.225
1.225
1.225
1.225
1.225
1.225
1.225
1.225
)
;

boundaryField
{
    ground
    {
        type            calculated;
        value           nonuniform List<scalar> 
390
(
1.69666
1.72073
1.78495
1.74723
1.73772
1.73642
1.75305
1.70323
1.71202
1.70707
1.76695
1.74161
1.7528
1.73313
1.72085
1.71088
3.17885
1.26592
3.12279
3.1625
2.2331
2.30318
3.2155
2.34556
2.53204
2.24381
2.42813
2.42103
2.48079
2.44554
2.26731
2.3904
2.62582
2.54004
2.78427
2.67383
3.4297
2.90556
2.7454
2.44688
3.17446
2.79152
2.82194
2.7781
2.78189
3.17308
2.89611
3.0174
3.2583
2.89138
3.33009
3.11826
3.24998
3.1683
3.30374
3.28808
3.43174
3.1765
3.36473
3.2784
2.13357
1.49482
2.88417
2.00896
3.02312
2.34302
2.22069
2.0512
2.16713
2.09759
2.13201
2.09067
2.39893
2.19008
2.19498
2.19398
2.16735
2.1366
2.13029
2.17369
2.26372
2.2009
2.21431
2.20878
2.30253
2.20867
2.23639
2.31075
2.23266
2.19424
2.26175
2.30245
2.50717
2.17626
2.10142
1.92473
2.00569
1.94121
1.9825
1.96273
2.04764
2.01052
1.96749
2.14048
2.04686
2.08485
2.00019
2.01869
2.1152
2.70925
2.39298
2.58168
1.68799
1.71301
1.7114
1.69093
1.68789
1.69191
1.69598
1.69187
1.69003
1.68657
1.70255
1.69808
1.70323
1.93903
1.86761
1.70135
1.73487
1.70921
1.68559
1.68623
1.68766
1.6709
1.67498
1.68356
1.69283
1.67854
1.6716
1.69264
1.68607
1.70022
1.68356
1.68005
1.68458
1.70167
1.73887
1.7363
1.78207
1.75324
1.71242
1.70363
1.69408
1.7012
1.79301
1.79832
1.8773
1.90041
1.81717
1.85226
2.18506
2.1363
1.98622
1.7664
1.91152
1.81041
1.87147
1.8219
2.17067
1.97125
2.1856
1.98692
1.92535
1.86083
1.89837
1.95121
2.03717
2.08792
2.01036
2.0765
2.05469
2.13864
2.06308
2.21423
2.13836
1.9067
1.75971
1.92323
1.80224
1.8562
1.80055
2.17803
2.00923
2.16743
1.85782
1.90607
1.96602
1.98581
1.90984
1.85802
1.85784
1.73119
1.69598
1.73583
1.70627
1.71831
1.70507
1.71582
1.73523
1.76146
1.76242
1.73698
1.71773
1.805
1.76187
1.80151
2.05455
1.97061
2.06268
2.08736
2.13585
2.07589
2.13643
2.17846
2.19317
2.20104
2.18578
2.1401
2.13598
2.17024
2.19274
2.19402
2.16685
2.13633
2.19884
2.19866
2.19961
2.20056
2.18977
2.20873
2.85787
2.17977
2.19833
2.23283
2.19843
2.1848
2.19942
2.18272
2.17972
2.24732
2.31139
2.19495
2.19395
2.46467
2.26217
2.5021
2.00242
1.55019
3.37263
2.26194
3.29523
3.31961
2.39425
3.43155
2.46439
2.85708
2.50112
2.7116
3.02525
2.58342
2.91315
3.31872
3.53542
3.57548
3.29495
2.84266
2.91475
3.37388
3.53522
2.62778
2.17424
2.04834
2.44841
2.14206
2.17733
2.08575
2.13108
2.22159
2.2646
2.48318
2.30508
2.26964
2.39207
2.34721
2.54207
3.33127
2.30309
2.20912
2.74741
2.3035
2.34414
2.23676
2.26209
2.4004
2.50916
2.90782
2.53411
2.44869
2.89392
2.67629
3.12047
3.28598
3.43047
3.17858
3.22465
3.56546
3.31802
3.00815
3.46562
2.58396
1.68725
1.69186
1.78262
1.71967
1.66836
1.67722
1.69486
1.7113
1.68381
1.66989
1.82568
1.74073
1.76583
1.72816
1.72583
1.805
1.87023
1.94548
1.89718
1.85001
1.90669
1.85191
1.71598
1.68794
1.66762
1.67365
1.66071
1.68216
1.69006
1.68392
1.68647
1.6954
1.68863
1.68278
1.6648
1.70504
1.6932
1.70163
2.13217
1.86862
1.73205
1.68294
1.75195
1.69044
1.70617
1.69675
1.9495
1.81652
2.01157
1.71208
1.72731
1.75772
1.77997
1.73221
1.7106
1.80679
1.76277
1.81904
1.90034
1.93841
1.85089
1.89654
1.98538
2.03645
2.0482
2.00573
1.96804
2.09742
2.05108
2.091
)
;
    }
    outlet
    {
        type            calculated;
        value           nonuniform List<scalar> 0();
    }
    wall
    {
        type            calculated;
        value           nonuniform List<scalar> 0();
    }
    wall2
    {
        type            calculated;
        value           nonuniform List<scalar> 0();
    }
    wall3
    {
        type            calculated;
        value           nonuniform List<scalar> 0();
    }
    internalPatch
    {
        type            internal;
    }
    procBoundary4to0
    {
        type            processor;
        value           nonuniform List<scalar> 
176
(
1.22502
1.225
1.22502
1.22552
1.23512
1.22536
1.22501
1.225
1.225
1.225
1.225
1.225
1.22502
1.22555
1.23838
1.44622
2.33814
1.35305
1.23031
1.22517
1.22689
1.23727
1.27031
1.3295
1.39873
1.474
1.63798
2.43128
3.15306
3.22236
3.17205
2.80285
2.42666
2.21972
2.08457
1.97773
1.93508
1.90282
1.28241
0.97748
0.675159
0.494835
0.494835
0.70674
0.989016
1.27626
1.15057
1.13166
1.18782
1.28697
1.44099
1.73121
2.28974
2.88098
3.04326
2.41596
1.3439
1.53725
1.77223
1.96827
1.96827
1.33573
1.23323
1.22543
1.2374
1.48048
2.53764
2.95706
2.83025
2.81417
1.94706
1.27395
1.4993
1.87898
2.16698
2.35158
2.53048
2.89664
3.40015
3.41438
3.0649
2.67127
2.34132
2.08358
1.84339
1.58493
1.50317
1.25853
0.988281
0.899671
0.450186
0.450186
0.639693
0.891744
0.911699
1.02246
1.18018
1.34557
1.57838
2.02985
2.68223
3.01684
2.71831
2.84617
2.90121
2.90121
2.34655
1.42749
2.5411
3.01637
2.83274
2.35677
1.91734
2.48429
2.80514
2.51283
2.67658
2.72627
2.78872
2.92543
3.26003
3.50135
3.19188
2.73654
2.3136
1.95726
1.8678
1.58501
1.45246
1.43444
0.939407
0.500667
0.500667
0.685379
0.824873
1.03822
1.26072
1.49262
1.86735
2.51734
2.95407
2.89776
2.89776
3.00232
2.86057
2.32661
1.78293
1.49156
1.28271
1.66822
2.19142
2.66342
2.55424
2.56016
2.69669
2.90442
3.06183
2.40893
2.21389
2.07496
1.99584
2.0348
1.51714
1.0874
0.65556
0.65556
0.88536
1.1606
1.42731
1.76889
2.39299
2.39299
1.76889
1.42731
1.1606
0.88536
)
;
    }
    procBoundary4to1
    {
        type            processor;
        value           nonuniform List<scalar> 
354
(
1.43195
1.43952
2.34063
2.3285
2.29307
1.41001
1.23353
1.23475
1.23517
1.23173
1.22976
1.22788
1.22637
1.22546
1.22511
1.22502
1.225
1.225
1.22501
1.22536
1.23754
1.56356
2.7724
3.03711
2.68227
2.00082
1.55415
1.31707
1.18908
1.09693
1.04232
1.05903
1.17544
1.09571
0.731029
0.443689
0.321258
0.321258
0.542678
1.00016
1.85481
1.78928
1.73533
1.70297
1.70297
1.70851
1.717
1.72491
1.722
1.71751
1.71314
1.71777
1.73082
1.74559
1.76509
1.80155
1.84013
1.81964
1.80205
1.79191
0.806252
0.38009
0.261679
0.223274
0.228284
0.230074
0.230999
0.230706
0.229684
0.224554
0.218035
0.211798
0.199979
0.170809
0.183424
0.249113
0.479721
0.991342
1.84779
1.91443
2.01712
2.1448
2.27913
2.68546
2.67845
2.66774
2.65764
2.23581
1.37547
1.33635
1.29609
1.26212
1.2397
1.22878
1.22573
1.22509
1.22845
1.32778
2.33997
2.96244
2.76323
2.09464
1.57506
1.30127
1.13535
0.983221
0.828433
0.71898
0.692353
0.777799
0.609195
0.34387
0.249284
0.215906
0.215906
0.357783
0.815957
0.728304
0.695499
0.695499
0.704472
0.725022
0.774457
0.76281
0.71387
0.698816
0.697731
0.698113
0.699806
0.703938
0.713449
0.726495
0.730656
0.746825
0.335498
0.402662
0.26846
0.224807
0.226402
0.228632
0.232246
0.23003
0.224187
0.226508
0.222202
0.216119
0.20985
0.197371
0.167297
0.184093
0.260453
0.520553
1.07389
1.19827
1.36848
1.56276
1.5886
2.28419
2.29945
2.33065
2.37412
2.63678
2.14475
2.01072
1.81364
1.56006
1.33214
1.24822
1.73284
2.75416
2.83528
2.29208
1.67235
1.33516
1.13337
0.941631
0.692799
0.489995
0.378675
0.349767
0.392707
0.300737
0.222589
0.204065
0.20197
0.20197
0.309846
0.309079
0.309079
0.304811
0.311365
0.346308
0.339812
0.307327
0.310531
0.317874
0.319158
0.321606
0.324464
0.327232
0.331713
0.333012
0.243594
0.240486
0.231127
0.224257
0.225649
0.228266
0.222461
0.222663
0.223502
0.21896
0.213056
0.206421
0.192451
0.164348
0.18727
0.282723
0.592791
0.715875
0.900437
0.936586
1.01197
1.6405
1.71435
1.80274
1.9021
2.44008
2.61189
2.58423
2.51751
2.26073
2.78692
2.52962
1.90078
1.43564
1.18244
0.947323
0.644876
0.364956
0.241513
0.21078
0.203398
0.216294
0.215569
0.20201
0.211803
0.224253
0.224253
0.224253
0.211803
0.20201
0.215569
0.214744
0.207059
0.225667
0.229327
0.23185
0.235579
0.238054
0.240292
0.247215
0.219494
0.21885
0.214055
0.208381
0.201654
0.185174
0.162952
0.195523
0.326642
0.424877
0.446081
0.497866
0.601366
1.12603
1.26268
1.39344
1.5125
2.03092
2.54509
2.68333
2.22969
1.65683
1.29742
1.00693
0.666343
0.339671
0.199294
0.1704
0.169095
0.167889
0.173323
0.171357
0.190344
0.195009
0.199477
0.2048
0.208629
0.211957
0.209814
0.205304
0.201364
0.195066
0.171937
0.163721
0.218114
0.222733
0.236553
0.268978
0.345883
0.761362
0.960669
1.15149
0.764094
0.383273
0.198337
0.156802
0.154615
0.16625
0.169707
0.186507
0.192052
0.196932
0.202004
0.20607
0.201782
0.198597
0.192651
0.168488
0.163336
0.165213
0.171247
0.186868
0.234908
0.521029
0.157812
0.150394
0.178121
0.183848
0.189554
0.193864
0.198368
0.195702
0.189259
0.162247
0.153107
0.147251
0.174333
0.187481
0.191592
0.183486
0.227903
0.226387
)
;
    }
    procBoundary4to3
    {
        type            processor;
        value           nonuniform List<scalar> 
1045
(
1.225
1.225
1.225
1.225
1.225
1.225
1.225
1.225
1.225
1.225
1.225
1.225
1.225
1.225
1.225
1.225
1.225
1.225
1.225
1.225
1.22506
1.22675
1.22508
1.225
1.225
1.225
1.225
1.225
1.225
1.225
1.225
1.225
1.225
1.225
1.225
1.225
1.225
1.225
1.225
1.225
1.225
1.225
1.225
1.225
1.225
1.22506
1.22675
1.22675
1.22508
1.225
1.225
1.225
1.225
1.225
1.22501
1.22501
1.22502
1.225
1.225
1.225
1.225
1.225
1.225
1.225
1.225
1.225
1.225
1.22501
1.225
1.22505
1.22502
1.22501
1.225
1.225
1.225
1.225
1.225
1.225
1.22501
1.22523
1.22523
1.22501
1.225
1.225
1.225
1.225
1.225
1.22501
1.22503
1.2251
1.22523
1.22536
1.22545
1.22502
1.22502
1.225
1.225
1.225
1.225
1.225
1.225
1.225
1.225
1.22501
1.22501
1.22511
1.22509
1.22563
1.22539
1.22517
1.22506
1.22501
1.225
1.225
1.225
1.225
1.225
1.225
1.225
1.225
1.22502
1.22502
1.225
1.225
1.225
1.225
1.225
1.225
1.22501
1.22504
1.22518
1.22567
1.22679
1.22857
1.23044
1.23155
1.23167
1.22545
1.22539
1.22502
1.225
1.225
1.225
1.225
1.225
1.225
1.225
1.225
1.22501
1.22509
1.22511
1.22578
1.22578
1.22811
1.2276
1.22667
1.22577
1.22525
1.22506
1.22501
1.225
1.225
1.225
1.225
1.225
1.225
1.225
1.225
1.225
1.225
1.225
1.225
1.225
1.225
1.225
1.225
1.225
1.225
1.22501
1.2251
1.22564
1.22782
1.23409
1.24687
1.26432
1.28135
1.29143
1.29272
1.28474
1.23078
1.28474
1.26899
1.25117
1.23697
1.22908
1.22511
1.225
1.225
1.225
1.225
1.225
1.22501
1.22503
1.2251
1.22519
1.22531
1.22545
1.22558
1.22566
1.22569
1.2261
1.22651
1.22679
1.22694
1.2271
1.22723
1.22728
1.22732
1.22721
1.22689
1.2264
1.22619
1.22589
1.2256
1.22535
1.22517
1.22507
1.22502
1.225
1.225
1.225
1.225
1.225
1.225
1.225
1.225
1.225
1.225
1.225
1.22501
1.22545
1.23905
1.55014
2.71029
3.03784
3.03784
2.71592
1.59892
1.24404
1.23511
1.31353
1.65457
2.06835
2.3358
2.49383
2.66171
3.01142
3.47063
3.44868
3.06352
2.7939
2.82393
2.8977
3.01876
3.16947
3.30417
3.36416
3.27666
2.88019
2.00498
1.35512
1.23695
1.251
1.80346
3.22335
3.56538
3.56538
3.31753
2.08036
1.28079
1.26833
1.8057
3.0108
3.46636
3.46636
2.58816
1.35619
1.22928
1.22621
1.23493
1.28109
1.4652
1.88527
2.34096
2.69178
2.8799
2.9791
3.0369
3.04363
3.00444
2.77594
2.13474
1.38301
1.2542
1.24179
1.23654
1.23162
1.22766
1.22565
1.22813
1.23268
1.23262
1.2314
1.22915
1.22701
1.2257
1.22518
1.22503
1.225
1.225
1.225
1.225
1.225
1.225
1.225
1.225
1.225
1.225
1.225
1.225
1.225
1.225
1.225
1.225
1.225
1.225
1.225
1.225
1.22501
1.2251
1.22564
1.22782
1.23409
1.24687
1.26432
1.28135
1.29143
1.29272
1.22739
1.2271
1.2265
1.22584
1.22535
1.22501
1.225
1.225
1.225
1.225
1.22502
1.22507
1.22518
1.22534
1.22553
1.22575
1.22594
1.22607
1.22647
1.22677
1.22695
1.22713
1.22728
1.22723
1.22695
1.22647
1.22595
1.22589
1.22574
1.22554
1.22535
1.2252
1.22509
1.22503
1.22501
1.225
1.225
1.225
1.225
1.225
1.225
1.225
1.225
1.225
1.225
1.225
1.22501
1.22537
1.23656
1.49948
2.64467
3.02327
3.02327
2.65021
1.54005
1.24043
1.2332
1.29779
1.59923
2.00108
2.27478
2.43831
2.60215
2.94743
3.43226
3.44781
3.08814
3.14869
3.23967
3.32825
3.37314
3.31951
3.08342
2.45675
1.62376
1.27424
1.22908
1.23398
1.47502
2.86316
3.55646
3.55646
3.00312
1.64322
1.24512
1.2404
1.47618
2.56474
3.33817
3.33817
2.10519
1.27464
1.22647
1.2254
1.22856
1.24761
1.32561
1.56824
1.95796
2.32332
2.58394
2.7373
2.81326
2.82643
2.19599
1.40238
1.25788
1.24413
1.23826
1.23809
1.23595
1.23201
1.22835
1.22622
1.22532
1.22506
1.22501
1.225
1.225
1.225
1.22501
1.225
1.225
1.225
1.225
1.225
1.22503
1.22503
1.225
1.225
1.225
1.225
1.225
1.225
1.225
1.225
1.225
1.225
1.225
1.225
1.225
1.225
1.225
1.225
1.22502
1.22508
1.22527
1.22568
1.22632
1.22697
1.22735
1.22507
1.22507
1.22506
1.22504
1.22502
1.225
1.225
1.225
1.22501
1.22504
1.22512
1.22528
1.22551
1.2258
1.2261
1.22634
1.22667
1.2269
1.2271
1.22686
1.22642
1.22592
1.2255
1.22551
1.22547
1.22539
1.22528
1.22517
1.22509
1.22503
1.22501
1.225
1.225
1.225
1.225
1.225
1.225
1.225
1.225
1.225
1.225
1.225
1.225
1.22501
1.22523
1.23237
1.40884
2.50712
3.01478
3.01478
2.51031
1.43197
1.23441
1.23001
1.27181
1.48753
1.85963
2.14045
2.31837
2.48386
2.82579
3.37746
3.46129
3.46974
3.43463
3.31691
3.02659
2.39896
1.63287
1.28543
1.2311
1.22542
1.22593
1.25788
1.89791
3.27483
3.27483
2.05193
1.28264
1.22706
1.22658
1.25804
1.65407
2.76603
2.76603
1.41675
1.23115
1.22515
1.22504
1.2254
1.22792
1.24061
1.28497
1.40804
1.6307
1.8813
2.07137
2.17302
1.39409
1.25696
1.24376
1.24057
1.2349
1.22971
1.22673
1.22546
1.22509
1.22501
1.225
1.225
1.225
1.22501
1.22529
1.2252
1.22511
1.22503
1.22501
1.22523
1.22523
1.22501
1.225
1.225
1.225
1.225
1.225
1.225
1.225
1.225
1.225
1.225
1.225
1.225
1.225
1.225
1.225
1.225
1.225
1.225
1.22501
1.22502
1.22504
1.22505
1.225
1.225
1.225
1.225
1.225
1.225
1.225
1.22501
1.22506
1.22517
1.22538
1.22569
1.22607
1.22643
1.22668
1.22629
1.22584
1.22546
1.22521
1.22522
1.22522
1.22521
1.22517
1.22511
1.22507
1.22503
1.22501
1.225
1.225
1.225
1.225
1.225
1.225
1.225
1.225
1.225
1.225
1.225
1.225
1.225
1.225
1.225
1.225
1.22511
1.22854
1.31818
2.24491
2.98985
2.98985
2.2402
1.32494
1.22919
1.22723
1.24786
1.35895
1.64963
1.91504
2.09746
2.26255
2.59587
3.27371
3.04814
2.58837
1.92704
1.416
1.25693
1.22877
1.22532
1.22502
1.22504
1.22667
1.27496
2.01205
2.01205
1.29184
1.22791
1.22509
1.22507
1.22668
1.25328
1.53
1.53
1.23687
1.22532
1.22501
1.225
1.22502
1.22519
1.22613
1.22999
1.24226
1.26877
1.31207
1.36151
1.25136
1.24179
1.23299
1.22793
1.22579
1.22516
1.22502
1.225
1.225
1.225
1.22502
1.22582
1.25019
1.23379
1.23087
1.22829
1.22615
1.22615
1.22506
1.225
1.225
1.225
1.225
1.225
1.225
1.225
1.225
1.225
1.225
1.225
1.225
1.225
1.225
1.225
1.225
1.225
1.225
1.225
1.225
1.225
1.225
1.225
1.225
1.225
1.225
1.22504
1.22626
1.26117
1.85393
2.88479
2.88479
1.83645
1.26111
1.22636
1.22571
1.23281
1.2746
1.41558
1.62256
1.77765
1.91234
2.2043
1.71324
1.35899
1.24988
1.22819
1.2253
1.22502
1.225
1.225
1.22509
1.22793
1.29727
1.29727
1.22882
1.22515
1.225
1.225
1.22509
1.22676
1.25019
1.23379
1.23087
1.22829
1.2252
1.22501
1.225
1.225
1.225
1.225
1.225
1.22502
1.225
1.22506
1.225
1.225
1.22501
1.2251
1.225
1.22507
1.225
1.22503
1.225
1.225
1.225
1.225
1.22501
1.22532
1.23503
1.4576
2.57684
2.57684
1.43964
1.23429
1.22532
1.22516
1.22694
1.23899
1.27983
1.36079
1.45005
1.53195
1.29916
1.23795
1.2265
1.22513
1.22501
1.225
1.225
1.22503
1.22582
1.24657
1.24657
1.22601
1.22504
1.225
1.225
1.22503
1.22554
1.22536
1.22502
1.225
1.225
1.22502
1.22501
1.225
1.22512
1.22784
1.22557
1.22557
1.22506
1.225
1.22501
1.2251
1.22664
1.22664
1.24455
1.22585
1.23291
1.22528
1.22501
1.22506
1.22703
1.2762
1.94204
1.94204
1.27047
1.22675
1.22505
1.22503
1.22535
1.22771
1.23718
1.25649
1.27777
1.234
1.22604
1.22509
1.225
1.225
1.225
1.22502
1.22553
1.23886
1.23886
1.22565
1.22536
1.23285
1.23285
1.22784
1.2251
1.22502
1.225
1.225
1.225
1.225
1.22505
1.2257
1.24455
1.38495
1.38495
1.23175
1.22523
1.22501
1.225
1.22504
1.22537
1.22678
1.23002
1.22556
1.22505
1.225
1.225
1.225
1.22501
1.22529
1.225
1.225
1.225
1.225
1.225
1.225
1.225
1.22502
1.225
1.225
1.225
1.22504
1.22519
1.22501
1.225
1.225
1.225
1.225
1.225
1.225
1.225
1.225
1.225
1.225
1.225
1.225
1.225
1.225
1.225
1.225
1.225
1.225
1.225
1.225
1.225
1.225
1.225
1.225
1.225
1.225
1.225
1.225
1.225
1.225
1.225
1.225
1.225
1.225
1.225
1.225
1.22502
1.22507
1.22508
1.22508
1.22507
1.22505
1.22503
1.22502
1.22501
1.225
1.225
1.225
1.225
1.225
1.225
1.225
1.225
1.225
1.225
1.225
1.225
1.225
1.225
1.225
1.225
1.225
1.225
1.225
1.225
1.225
1.22502
1.22502
1.22502
1.22501
1.22501
1.225
1.225
1.225
1.225
1.225
1.225
1.225
1.225
1.225
)
;
    }
    procBoundary4to5
    {
        type            processor;
        value           nonuniform List<scalar> 
582
(
1.22568
1.2256
1.24335
1.24547
1.22936
1.22513
1.22502
1.225
1.225
1.22501
1.2252
1.23166
1.40179
2.53265
3.03391
2.81763
2.21674
2.78244
2.9884
2.554
1.45305
2.1784
2.63959
2.73812
2.76216
2.81338
2.95513
3.26734
3.50677
3.1845
2.66243
2.43132
2.24647
2.1172
2.02054
1.98397
1.94221
1.87775
1.79823
1.73836
1.70083
1.68346
1.67774
1.67012
1.66303
1.66042
1.67104
1.731
1.86447
1.82223
1.84722
1.92199
1.8206
1.06816
0.711821
0.362495
0.248138
0.223322
0.231444
0.233224
0.23289
0.230172
0.233346
0.22869
0.221221
0.219065
0.212492
0.200983
0.173227
0.184039
0.244833
0.460749
0.945646
1.81351
2.63749
2.62577
2.62583
2.64715
2.6705
2.43873
1.54118
1.24219
1.25033
1.2578
1.26289
1.26578
1.26817
1.26948
1.26977
1.27144
1.27132
1.2682
1.26189
1.26189
1.25517
1.24739
1.2397
1.23315
1.22862
1.22619
1.22527
1.22527
1.22545
1.23901
1.54836
1.61592
1.64739
1.34173
1.24525
1.22565
1.22507
1.22739
1.29256
2.1485
2.95493
2.87534
2.29528
1.68532
1.33192
1.69813
2.25252
2.7862
2.87504
2.80326
2.62748
2.50091
2.49102
2.61598
2.81161
2.99377
2.70591
2.33911
2.07407
1.81111
1.49873
1.1792
0.926197
0.778339
0.714041
0.691956
0.68784
0.68564
0.686302
0.692703
0.712785
0.780906
1.04134
1.09511
1.25133
1.57799
1.64531
1.65665
1.62147
1.27111
1.11975
0.76621
0.348562
0.238411
0.222777
0.230794
0.232119
0.231124
0.228112
0.230459
0.228471
0.225705
0.228171
0.22248
0.213836
0.210981
0.200769
0.175035
0.185414
0.244051
0.453589
0.923557
1.79978
2.63983
2.62688
2.61146
2.58823
2.55342
2.5069
1.63512
1.70838
1.75355
1.77967
1.8028
1.81506
1.81286
1.81833
1.81662
1.79415
1.74677
1.74677
1.68959
1.61075
1.51362
1.40629
1.31384
1.2583
1.23373
1.23373
1.44846
2.46442
2.54224
2.58803
2.60949
2.29696
1.6715
2.74733
2.91467
2.45412
1.76567
1.3407
0.97695
0.608939
1.01108
1.4
1.82494
2.40159
2.10412
1.93285
1.8677
1.92245
2.06024
2.30118
2.26611
1.82045
1.27568
0.759784
0.433824
0.330724
0.306552
0.315085
0.322279
0.320595
0.322223
0.325071
0.330097
0.404548
0.384419
0.369762
0.717646
0.774568
0.80943
0.853945
1.37398
1.38157
0.849813
0.801682
0.329683
0.233164
0.225694
0.23373
0.234594
0.233613
0.228331
0.230781
0.226135
0.223962
0.223586
0.21973
0.219025
0.217933
0.21028
0.200192
0.174525
0.185245
0.244023
0.454345
0.922603
1.80129
2.64545
2.63039
2.62419
2.6042
2.59899
2.58522
2.56177
2.56177
2.53732
2.49011
2.41093
2.28941
2.09251
1.78935
1.44846
2.46442
2.46442
2.54224
2.58803
2.60949
2.74981
2.85048
2.63338
1.95908
1.41743
1.01486
0.601237
0.292331
0.187795
0.333071
0.698174
1.13719
1.57327
1.38936
1.26498
1.24858
1.36604
1.66075
0.999353
0.458322
0.259343
0.208702
0.212232
0.232328
0.232595
0.233883
0.23836
0.235061
0.234173
0.226391
0.219938
0.265459
0.259552
0.247097
0.23749
0.355377
0.333827
0.332802
0.330998
0.232899
0.223425
0.231735
0.232928
0.232056
0.227169
0.228972
0.227965
0.223002
0.222562
0.218575
0.221396
0.212963
0.217361
0.211076
0.199894
0.172643
0.18332
0.242889
0.455296
0.928308
1.78259
2.61928
2.56602
2.55899
2.56644
2.58561
2.58561
2.61831
2.64643
2.65909
2.6641
2.66046
2.62845
2.62845
2.65296
2.67274
2.68371
2.55328
1.94309
2.25184
1.60668
1.12872
0.665935
0.308999
0.181042
0.150272
0.156128
0.166385
0.230188
0.462123
0.896572
0.738434
0.684789
0.755437
0.334927
0.197946
0.163489
0.177873
0.195866
0.199888
0.205477
0.210991
0.214834
0.221214
0.218888
0.217005
0.220338
0.223159
0.218876
0.219527
0.219443
0.22299
0.231982
0.23267
0.222731
0.231026
0.232056
0.231039
0.226285
0.226919
0.229445
0.225123
0.227041
0.224308
0.219027
0.221115
0.215353
0.209484
0.198323
0.170013
0.181384
0.241227
0.241227
0.457201
0.942145
1.77009
1.78108
1.82565
1.9037
1.9037
1.98797
2.08829
2.1911
2.1911
2.6641
2.66046
2.66878
2.67978
2.6869
2.35468
1.69581
1.08221
1.34054
0.822442
0.39175
0.197422
0.149522
0.156327
0.180448
0.186967
0.167156
0.164572
0.200315
0.3408
0.310613
0.191988
0.162135
0.173852
0.191609
0.198264
0.203844
0.211166
0.216967
0.220918
0.216175
0.22333
0.2198
0.22389
0.22614
0.229693
0.227044
0.227036
0.230986
0.232455
0.231566
0.228433
0.226193
0.228756
0.226924
0.226417
0.230869
0.226423
0.219818
0.225872
0.228114
0.227401
0.229675
0.227571
0.227117
0.229056
0.21761
0.212142
0.20643
0.194939
0.165719
0.18049
0.248689
0.250856
0.241337
0.241337
0.462305
0.958395
1.00989
1.10126
1.10126
1.20443
1.34752
1.51419
1.51419
1.40563
2.12429
2.66173
2.66276
2.66518
2.19606
1.48151
0.839727
0.385535
0.562185
0.254274
0.165855
0.149625
0.180688
0.190314
0.194247
0.199266
0.206793
0.212987
0.207666
0.202062
0.189361
0.161081
0.181487
0.265891
0.271057
0.285906
0.259963
0.246168
0.246168
0.485054
0.533933
0.533933
0.59807
0.710273
0.884397
0.884397
0.767253
0.692091
1.32682
2.07466
2.05103
1.28585
0.65913
0.300877
0.300877
0.186569
0.204193
0.157355
0.170111
0.190203
0.19541
0.201651
0.196203
0.181729
0.158181
0.311634
0.34091
0.408552
0.317612
0.27921
0.259904
0.259904
0.259904
0.27921
0.317612
0.408552
0.408552
0.34091
0.311634
)
;
    }
}


// ************************************************************************* //
