/*--------------------------------*- C++ -*----------------------------------*\
  =========                 |
  \\      /  F ield         | OpenFOAM: The Open Source CFD Toolbox
   \\    /   O peration     | Website:  https://openfoam.org
    \\  /    A nd           | Version:  9
     \\/     M anipulation  |
\*---------------------------------------------------------------------------*/
FoamFile
{
    format      ascii;
    class       labelList;
    note        "nPoints:3318  nCells:2427  nFaces:8100  nInternalFaces:6885";
    location    "0.0003/polyMesh";
    object      neighbour;
}
// * * * * * * * * * * * * * * * * * * * * * * * * * * * * * * * * * * * * * //


6885
(
9
10
11
1839
79
80
81
296
37
38
39
92
1840
23
24
25
94
298
65
66
67
1841
2152
86
87
88
300
2315
30
31
32
97
1842
2162
72
73
74
98
302
2163
12
13
14
15
64
78
13
14
79
12
13
16
45
46
47
1866
1921
1922
1924
12
14
65
1867
19
68
1868
21
83
70
84
19
20
21
22
29
44
45
46
1873
24
51
52
53
109
30
58
59
60
111
1874
33
43
45
47
48
57
59
62
63
1875
1964
1965
1968
27
34
50
52
54
55
57
60
61
63
112
166
167
168
28
43
46
47
49
50
53
55
56
26
27
28
71
78
26
28
80
305
27
28
52
53
55
116
186
187
190
26
27
72
118
307
75
82
308
76
119
83
33
34
35
64
71
33
34
59
60
63
130
200
201
204
1880
1984
1985
1988
33
35
67
1881
2211
34
35
74
131
2212
68
1882
76
133
69
77
2214
40
41
42
43
50
57
41
42
44
1894
40
42
51
137
40
41
58
139
1895
54
61
140
48
62
1896
49
56
47
48
49
48
49
1949
47
48
1950
47
49
1953
54
55
56
54
56
144
54
55
145
55
56
147
61
62
63
61
62
158
1956
62
63
1957
61
63
159
161
1960
68
69
70
85
68
70
1999
69
70
87
2260
68
69
2000
2261
2001
90
2263
91
75
76
77
85
75
76
228
312
75
77
88
313
2281
76
77
229
2282
89
315
231
90
2284
82
83
84
85
83
84
82
83
426
82
84
86
427
89
428
91
89
90
91
89
91
498
90
91
2161
89
90
496
2316
499
2317
137
138
139
97
214
215
216
2162
2171
117
118
185
186
190
191
318
124
125
192
193
197
198
788
221
222
223
326
789
131
132
199
200
204
205
101
228
229
230
328
102
207
208
209
792
103
235
236
237
330
793
249
250
251
459
2163
242
243
244
334
2172
263
264
265
335
362
256
257
258
1214
2166
2173
277
278
279
364
1222
2167
270
271
272
337
1223
2174
284
285
286
338
366
1224
115
122
129
164
165
169
170
171
172
176
177
178
179
182
183
116
144
145
146
123
151
152
153
130
158
159
160
119
133
165
166
167
126
134
172
173
174
121
128
179
180
181
119
120
121
220
227
186
187
188
120
121
221
342
119
120
228
343
165
166
169
185
187
189
190
231
224
232
345
179
180
182
185
188
189
191
226
126
127
128
206
220
193
194
195
127
128
222
797
126
127
207
799
172
173
176
192
194
196
197
210
211
225
800
179
181
183
192
195
196
198
226
133
134
135
206
227
200
201
202
133
135
214
229
134
135
208
215
165
167
170
199
201
203
204
231
172
174
177
199
202
203
205
210
212
217
233
140
141
142
143
150
157
140
142
144
141
142
151
140
141
158
147
161
154
162
149
156
147
148
149
164
178
147
149
147
148
166
187
148
149
180
188
168
169
182
189
184
154
155
156
171
178
154
156
154
155
173
194
155
156
181
195
175
176
183
196
184
161
162
163
164
171
161
162
161
163
167
201
162
163
174
202
168
175
170
177
203
168
169
170
169
170
168
169
168
170
175
176
177
176
177
175
176
175
177
182
183
184
182
183
182
184
183
184
189
190
191
190
191
189
190
189
191
196
197
198
197
198
196
197
196
198
203
204
205
204
205
203
204
203
205
210
211
212
234
210
211
804
210
212
242
211
212
237
243
805
239
807
240
245
217
218
219
241
248
255
217
218
249
2212
217
219
242
2177
218
219
256
2178
2213
245
252
253
259
2216
246
260
2181
224
225
226
234
224
226
369
225
226
811
224
225
235
371
813
238
372
239
814
231
232
233
234
231
232
376
231
233
249
232
233
236
250
378
238
380
240
252
238
239
240
238
239
397
825
238
240
263
398
239
240
264
826
400
828
266
245
246
247
262
269
245
246
2184
245
247
264
389
246
247
270
391
2185
266
273
2187
268
274
393
252
253
254
262
276
252
253
2282
252
254
263
460
253
254
277
461
2283
266
280
2286
267
281
463
259
260
261
269
276
259
260
2226
2295
259
261
278
1250
2297
260
261
271
1251
2227
280
2299
273
2229
275
282
1252
266
267
268
283
266
267
522
266
268
480
267
268
284
482
524
287
526
288
484
273
274
275
283
273
274
557
2254
273
275
1257
2255
274
275
286
558
1258
2256
288
559
289
1259
280
281
282
283
280
281
718
2330
280
282
1285
2332
281
282
285
719
1286
2334
287
720
289
1287
287
288
289
287
288
634
753
287
289
754
1292
288
289
635
1293
755
636
1294
299
600
606
607
609
327
613
614
617
782
349
964
965
968
1184
445
937
1118
1119
1121
365
740
1160
1161
1164
324
1083
1167
1168
1170
1762
425
426
427
447
455
536
537
541
305
306
307
318
411
452
453
455
321
494
496
498
382
494
655
656
661
312
313
314
328
587
446
452
473
543
546
548
308
309
310
311
424
457
308
310
426
309
310
341
453
308
309
312
343
315
428
316
344
454
429
458
315
316
317
497
549
315
316
376
315
317
496
585
316
317
377
547
586
499
379
543
383
495
544
341
342
343
469
620
621
624
795
929
553
874
875
876
1212
1244
662
664
665
2315
377
459
462
465
586
712
469
627
628
631
795
1313
887
1055
1056
1059
1307
403
410
411
416
432
350
369
370
371
431
432
435
572
376
377
378
459
405
410
473
475
478
501
352
362
397
398
399
404
431
501
502
506
641
1133
1134
1135
1657
1736
470
881
882
883
1216
1231
389
390
391
792
471
480
481
482
793
508
509
511
794
1232
557
558
560
1236
472
634
635
638
1237
683
684
687
1234
1238
344
345
346
368
375
415
344
346
413
345
346
369
344
345
376
379
414
372
380
374
416
556
564
566
569
620
791
529
552
690
887
888
893
551
690
691
694
417
418
419
789
530
571
572
577
691
471
487
488
489
793
531
571
641
642
646
888
554
698
699
700
1245
669
670
673
795
929
1313
556
578
580
583
669
791
438
439
441
790
592
593
596
1246
515
516
518
794
1232
704
705
708
1233
1248
475
678
711
714
715
747
471
522
523
524
502
676
746
747
749
915
387
718
719
722
1267
1006
1007
1010
1063
1678
472
753
754
757
1268
468
746
1013
1015
1018
1583
372
373
374
396
434
372
374
373
374
417
435
372
373
397
419
400
401
420
436
437
379
380
381
396
478
379
380
379
381
477
380
381
398
460
474
400
402
462
479
662
936
937
942
384
585
586
591
663
544
760
763
766
936
971
972
975
1601
2165
939
1139
1140
1145
1751
852
853
855
1282
2167
761
1062
1064
1067
1139
1639
392
393
480
805
392
394
508
806
393
394
557
395
483
510
809
395
484
559
395
512
561
485
513
562
400
401
402
504
400
401
487
400
402
522
401
402
488
505
523
490
506
507
525
599
600
605
614
613
767
768
772
957
599
725
726
728
767
449
895
896
897
532
902
903
904
451
679
1021
1022
1023
534
680
1028
1029
1030
412
415
433
599
412
413
600
414
452
473
601
414
416
453
415
454
474
416
434
478
437
420
423
574
421
423
565
812
420
421
487
813
422
490
575
422
491
566
815
423
492
567
576
570
577
428
429
430
497
539
429
430
540
428
429
428
430
498
499
541
500
542
433
436
573
613
433
437
614
434
501
615
436
437
504
436
437
574
506
575
440
444
579
819
440
442
515
820
443
517
580
822
442
444
592
443
519
594
444
520
581
595
584
598
656
943
945
947
606
725
860
861
863
607
774
775
779
1035
1036
1037
908
909
912
1147
1148
1149
1757
1069
1070
1073
1596
454
456
606
454
458
457
543
456
458
607
457
536
548
608
458
539
549
541
460
461
587
462
463
522
463
465
588
718
464
525
715
464
526
720
465
527
716
721
590
717
723
866
1059
1309
1559
1561
1565
642
867
915
918
921
1055
916
1111
1113
1116
1646
922
923
925
1221
1076
1077
1080
1312
1693
648
649
650
950
951
953
1331
474
476
725
477
478
543
476
479
503
726
477
546
711
727
479
547
712
479
504
507
715
483
484
826
483
486
627
649
827
484
486
634
650
485
629
830
485
636
486
630
637
632
639
651
490
491
825
490
493
644
648
491
493
621
649
827
492
645
492
622
829
493
623
646
625
647
652
495
500
662
496
497
655
663
499
664
499
500
660
499
500
661
503
504
767
503
505
643
768
507
747
769
506
507
506
507
644
749
645
750
510
512
833
510
514
628
834
1271
513
629
837
512
514
683
1272
513
685
514
630
686
633
688
1273
517
519
832
517
521
670
834
1271
520
671
836
519
521
705
1274
520
706
521
672
707
674
710
1275
525
526
525
528
648
749
526
528
650
753
527
750
527
755
528
751
756
653
752
758
964
1083
1084
1088
1185
781
782
787
965
781
957
958
962
1084
1041
1042
1045
1154
1155
1156
1700
869
1125
1126
1129
870
1129
1566
1568
1572
538
539
658
774
538
540
775
542
659
776
541
542
660
541
542
661
547
549
545
547
549
655
546
548
657
760
859
547
762
860
763
549
658
861
660
1133
1183
1336
1573
1575
1578
978
979
982
1184
978
1090
1092
1095
1185
1097
1098
1101
1310
1610
985
986
989
1340
556
620
669
929
932
933
732
735
736
559
561
559
563
635
1299
562
636
561
563
684
1300
562
685
563
637
686
640
689
1301
565
568
732
838
566
570
840
567
622
842
569
570
623
693
569
570
694
734
626
695
735
696
573
576
692
781
573
574
782
575
641
783
575
577
576
645
577
646
693
696
579
582
732
838
580
584
841
581
671
843
583
584
672
697
583
584
699
733
675
702
736
703
587
589
664
2281
587
590
763
588
2163
589
590
852
2283
591
666
854
2285
591
765
856
667
766
857
594
598
594
597
704
1320
595
706
597
598
697
707
597
598
700
1321
701
709
1322
703
601
602
615
601
603
604
606
725
604
605
616
728
894
604
605
609
895
610
730
898
619
900
608
610
608
612
611
774
861
610
612
908
611
863
910
612
777
864
911
779
914
615
618
783
615
619
616
767
618
619
770
901
618
619
784
902
772
785
906
907
622
626
845
622
625
847
922
623
849
625
626
890
625
626
891
925
931
892
926
893
932
629
632
847
922
629
633
848
1229
630
851
632
633
880
632
633
881
923
1314
884
924
885
1315
636
639
950
636
640
1376
637
639
640
880
639
640
882
951
1377
884
952
886
1378
643
645
957
643
647
889
958
644
915
959
645
647
917
646
647
890
892
918
652
653
917
651
652
922
651
653
950
654
924
952
654
918
926
654
919
954
920
927
955
657
660
936
657
659
937
658
938
943
659
660
944
661
945
661
663
668
664
667
936
666
2316
666
668
971
2319
667
973
2320
668
941
974
942
977
671
675
845
671
674
848
1229
672
850
674
675
873
674
675
875
930
1316
878
1317
879
933
768
999
1000
1002
1104
1013
1580
1581
1583
1643
726
992
994
996
1000
1174
1175
1178
1596
869
1587
1589
1590
682
745
1163
1164
1165
1166
1177
1178
1179
1180
871
1581
1582
1585
1586
1587
1588
1592
1593
685
688
1369
685
689
1404
686
688
689
880
688
689
883
1370
1405
885
1371
886
1406
692
695
964
978
692
696
965
693
888
966
695
696
890
695
696
979
893
980
701
702
703
873
701
702
874
985
1383
702
703
986
701
703
1384
877
1385
879
987
706
709
1390
706
710
1362
707
709
710
873
709
710
876
1363
1391
877
1392
878
1364
712
713
762
992
715
717
763
714
717
764
993
1006
716
748
994
1008
716
750
717
751
1009
765
1011
720
723
852
720
724
754
1411
721
755
723
724
756
1009
723
724
855
1010
1412
856
1011
759
1012
1413
727
730
727
731
769
729
860
992
730
731
770
1020
730
731
862
995
1021
863
1024
773
996
1026
733
734
736
738
986
735
738
979
737
932
980
737
933
987
738
934
981
988
984
991
1141
1636
1748
1749
1752
1063
1636
1637
1640
760
859
1048
1049
1052
1118
744
1594
1755
1756
1760
745
1178
1594
1596
1599
745
1749
1750
1753
1754
1756
1760
1761
1594
1599
1600
1637
1638
1641
1642
748
752
916
999
748
750
1000
751
1001
1015
750
752
917
751
752
1016
919
1018
755
758
950
755
759
1418
756
758
759
1016
758
759
953
1017
1419
954
1018
1019
1420
761
762
938
764
766
940
1048
763
764
1049
765
765
1050
1064
766
1066
941
1067
769
770
769
771
959
773
1000
772
773
1027
772
773
960
1002
1028
961
1032
1003
1033
776
777
944
776
778
780
945
779
780
946
1034
779
780
1035
1039
949
1040
783
786
966
783
784
785
957
785
787
1041
786
961
1043
787
962
967
1044
970
1047
797
798
799
811
812
813
818
819
820
838
842
843
845
804
805
806
825
826
827
832
833
834
845
847
848
800
801
802
803
810
817
800
802
811
801
802
818
800
801
804
807
814
808
821
816
823
807
808
809
824
831
807
808
807
809
826
808
809
833
828
835
830
837
814
815
816
824
839
814
816
815
816
840
814
815
825
828
829
842
844
821
822
823
831
839
821
823
822
823
841
821
822
832
835
836
843
844
828
829
830
846
828
829
828
830
829
830
847
849
851
835
836
837
846
835
836
835
837
836
837
848
850
851
840
841
842
843
844
846
842
844
843
844
849
850
849
850
849
850
851
849
851
850
851
854
856
2330
854
858
972
1489
2331
857
973
2333
856
858
1065
1490
857
1066
858
974
1067
976
1068
1492
860
861
865
943
862
1049
864
944
863
865
1051
1069
864
1071
865
946
1072
948
1052
1075
1168
1199
2350
2352
2355
958
1104
1107
1108
1167
1115
1643
1644
1647
2351
1650
1652
1653
1650
2357
2358
2362
872
1644
1645
1648
1649
1651
1652
1655
1656
1202
2352
2353
2354
2356
2357
2359
2361
2363
877
878
879
877
879
1097
1454
878
879
1098
1433
877
878
1434
1455
1456
1435
1099
884
885
886
884
885
1076
1440
884
886
1077
1468
885
886
1441
1469
1078
1442
1470
889
891
1083
1090
889
890
1084
892
1055
1085
892
893
892
893
1056
1091
1057
1092
898
899
900
901
1020
898
900
908
899
900
903
898
899
909
1022
910
1024
905
1025
907
905
906
907
1027
906
907
1041
905
907
905
906
1029
1042
1031
1032
1043
910
914
910
913
1070
911
1071
913
914
1034
1072
913
914
1036
1038
1074
1039
916
917
1104
919
921
1105
918
919
920
1057
920
1113
921
1058
1114
1060
1107
1116
924
926
924
928
1076
1397
927
1078
926
928
1056
1399
927
1057
928
1058
1079
1061
1082
1400
930
931
1221
933
935
1098
1398
932
935
1091
1399
934
1092
934
1099
935
1093
1100
1096
1103
1402
938
941
938
939
940
1118
940
942
1119
941
1120
1139
942
1142
1145
944
948
1118
945
946
949
948
949
1146
948
949
1121
1147
1122
1151
1152
952
954
952
956
1077
1496
955
1078
954
956
1112
1497
955
1113
956
1079
1114
1081
1117
1499
959
961
959
963
1085
960
1104
961
963
1106
1125
962
1127
963
1086
1128
1089
1108
1131
966
969
1190
966
970
967
1084
969
970
1086
1153
969
970
1154
1192
1088
1158
1193
1159
973
977
2337
973
976
1603
2339
974
2340
976
977
1142
976
977
1143
1281
1144
1602
1145
980
983
1190
980
984
981
1092
983
984
1093
1132
983
984
1134
1191
1095
1136
1194
1138
987
990
1097
1503
987
991
988
1099
990
991
1100
1132
990
991
1135
1504
1102
1137
1505
1138
993
995
1049
994
998
1050
1160
997
1001
1162
996
998
1051
1174
997
1003
1176
998
1004
1163
1177
1053
1165
1179
1001
1005
1105
1583
1001
1003
1004
1584
1003
1005
1106
1590
1004
1591
1005
1585
1592
1109
1586
1593
1008
1011
1064
1160
1008
1012
1014
1161
1264
1009
1015
1162
1011
1012
1016
1011
1012
1065
1680
1066
1019
1679
1014
1017
1111
1265
1015
1019
1580
1685
1016
1584
1018
1019
1018
1019
1112
1686
1113
1687
1024
1025
1026
1027
1024
1026
1069
1174
1024
1025
1070
1025
1026
1030
1175
1071
1031
1033
1176
1031
1032
1033
1032
1033
1125
1590
1031
1032
1126
1031
1033
1589
1127
1591
1038
1039
1040
1146
1039
1040
1038
1039
1038
1040
1148
1150
1152
1043
1047
1043
1046
1126
1044
1127
1046
1047
1128
1153
1046
1047
1155
1130
1157
1159
1050
1054
1120
1639
1050
1051
1053
1640
1052
1053
1597
1054
1122
1598
1054
1599
1641
1123
1600
1642
1057
1060
1167
1057
1061
1538
1058
1060
1061
1564
1060
1061
1168
1539
1169
1565
1540
1559
1063
1068
1141
1636
1720
1064
1065
1280
1066
1640
1066
1068
1721
1067
1068
1142
1144
1722
1071
1075
1597
1071
1074
1072
1074
1075
1146
1074
1075
1149
1595
1150
1151
1598
1078
1082
1552
1078
1081
1694
1079
1081
1082
1564
1081
1082
1330
1553
1560
1562
1692
1554
1559
1085
1087
1204
1085
1086
1089
1167
1088
1089
1571
1088
1089
1170
1206
1570
1207
1569
1171
1572
1091
1094
1204
1307
1092
1096
1538
1093
1095
1096
1579
1095
1096
1205
1541
1577
1208
1578
1542
1576
1099
1102
1609
1099
1103
1545
1100
1102
1103
1579
1102
1103
1548
1574
1608
1339
1573
1549
1576
1105
1106
1107
1109
1646
1108
1109
1653
1110
1169
1647
1110
1171
1654
1110
1648
1655
1172
1649
1656
1112
1115
1643
1728
1113
1117
1729
1114
1116
1117
1564
1116
1117
1563
1727
1565
1647
1327
1562
1120
1122
1120
1124
1751
1123
1752
1122
1124
1758
1123
1759
1124
1753
1760
1754
1761
1127
1131
1653
1127
1130
1128
1130
1131
1571
1130
1131
1650
1566
1572
1654
1136
1137
1138
1579
1136
1137
1181
1335
1136
1138
1659
1137
1138
1735
1578
1658
1573
1734
1141
1142
1752
1141
1143
1748
2378
1144
1213
1144
1145
1144
1145
2379
2380
1150
1151
1152
1151
1152
1758
1150
1152
1150
1151
1755
1759
1157
1158
1159
1571
1158
1159
1701
1157
1159
1157
1158
1186
1567
1566
1569
1699
1162
1165
1640
1162
1166
1580
1163
1584
1165
1166
1585
1165
1166
1637
1641
1582
1169
1171
1169
1173
1763
1172
2355
1171
1173
1765
2360
1172
2362
1173
2356
2363
1766
2352
2361
1176
1179
1597
1176
1180
1589
1177
1591
1179
1180
1592
1179
1180
1599
1588
1183
1657
1658
1662
1197
1198
1201
1764
1767
1768
2364
2365
2368
2370
2392
2394
2395
2396
2364
2366
2369
1190
1191
1192
1190
1204
1207
1208
1188
1699
1700
1704
1189
1660
1661
1662
1663
1702
1703
1704
1705
1567
2371
2372
2376
1201
2367
2368
2369
2370
2374
2375
2376
2377
1193
1194
1194
1196
1659
1193
1196
1701
1195
1207
1699
1195
1208
1658
1196
1209
1660
1702
1663
1705
1205
1541
1762
1764
1767
1199
1203
1308
1202
1309
1763
1764
1766
1768
2350
2352
2353
2401
2402
2403
1201
1202
1765
1766
1767
1768
2358
2359
2360
2361
2371
2373
2375
2377
1203
1203
1205
1206
1762
1208
1210
2365
1207
1210
1765
2373
1209
2372
1209
2366
1210
2367
2374
1767
2370
2377
1337
1525
1706
1707
1712
1310
1433
1434
1437
1720
2378
2380
2381
1250
1251
1253
1792
2014
1266
1279
1681
1682
1683
1684
1772
1773
1774
1775
1348
1468
1469
1472
1693
1327
1329
1330
1510
1560
1561
1562
1563
1692
1697
1698
1727
1730
1733
1230
1349
1351
1513
1664
1667
1669
1742
1743
1746
1747
1308
1510
1511
1513
1334
1737
1738
1739
1740
1783
1784
1788
1789
1313
1397
1398
1399
1267
1285
1286
1289
1793
1236
1257
1258
1260
2015
1237
1268
1292
1293
1296
1341
1342
1345
1796
2016
1269
1476
1477
1478
1797
1239
1355
1356
1359
2017
1240
1270
1483
1484
1485
1271
1313
1315
1317
1521
1664
1668
1669
1312
1348
1440
1441
1444
1271
1272
1274
1362
1363
1365
1369
1370
1372
1615
1365
1517
1519
1522
1299
1300
1302
1331
1376
1377
1379
1404
1405
1407
1615
1447
1448
1450
1332
1671
1672
1675
1352
1713
1714
1716
1353
1713
2385
2390
2391
1338
1525
1526
1527
1454
1455
1458
1610
1340
1383
1384
1387
1320
1321
1324
1461
1462
1465
1390
1391
1394
1462
1531
1532
1536
1252
1256
1285
1799
1252
1254
1257
2026
1255
1259
1287
1254
1256
1341
1801
2029
1255
1261
1343
2031
1256
1262
1288
1344
1290
1346
1803
1259
1261
2040
1259
1263
1293
1299
1262
1294
1261
1263
1302
1355
2043
1262
1357
2044
1263
1295
1358
1298
1303
1360
1678
1679
1681
1685
1685
1686
1688
1728
1328
1688
1689
1690
1691
1779
1780
1781
1782
1282
1411
1412
1414
1331
1418
1419
1421
1284
1769
1770
1773
1332
1776
1777
1780
1273
1275
1273
1276
1369
1277
1315
1371
1275
1276
1362
1277
1317
1364
1277
1366
1373
1318
1367
1374
1279
1283
2381
2382
2383
2384
1284
1723
1724
1725
1726
1678
1720
1721
1723
1601
1602
1607
2379
1489
1490
1491
1793
1284
1604
1605
1606
1607
1795
2344
2346
2347
1491
1493
1494
1495
1769
1773
1774
1797
2144
2148
2149
1287
1290
1813
1287
1291
1292
1411
1288
1294
1290
1291
1295
1475
1290
1291
1414
1476
1815
1479
1816
1297
1415
1480
1294
1297
1418
1294
1298
1376
1295
1297
1298
1482
1297
1298
1379
1421
1483
1422
1486
1380
1487
1301
1303
1376
1301
1304
1404
1305
1378
1406
1303
1304
1448
1305
1380
1451
1305
1408
1449
1381
1409
1452
1548
1574
2392
2393
2398
1538
1539
1541
1762
2395
2396
2397
2398
2402
2403
2404
2405
2406
2410
2411
2412
1539
2399
2401
2402
1545
1546
1548
1513
1664
2406
2407
2408
1514
1552
1553
1555
1314
1316
1315
1319
1397
1440
1318
1442
1317
1319
1398
1433
1318
1435
1319
1436
1443
1401
1439
1446
1322
1325
1390
1322
1326
1384
1323
1385
1392
1325
1326
1386
1393
1464
1325
1326
1461
1395
1463
1389
1467
1499
1727
1729
1733
1329
1730
1731
1732
1733
2416
2417
2418
2419
1333
1512
1514
1692
1693
1698
1496
1497
1498
2413
2414
2416
1516
1695
1696
1697
1698
2385
2387
2388
2389
2414
2415
2418
2419
1337
2423
2424
2425
2426
1336
1734
1736
1738
2420
2422
2423
1611
1612
1613
1614
1707
1710
1712
1784
1785
1787
1788
1783
1785
1786
1505
1608
1609
1613
2420
1503
1504
1506
1343
1346
1819
2090
1343
1347
1356
2091
1344
1357
2093
1346
1347
1358
1475
1346
1347
1477
1821
1479
1823
1361
1481
1514
1741
1742
1744
1353
1354
1515
1370
1405
1615
1619
1620
1741
1354
1428
1517
1518
1521
1523
1616
1617
1619
1621
1353
1354
1432
1617
1618
1620
1621
1713
1716
1718
1516
1744
1745
1746
1747
2385
2387
2390
1426
1357
1360
1448
2104
1357
1361
2105
1358
2106
1360
1361
1482
1360
1361
1450
1485
1451
1487
1488
1364
1366
1364
1368
1434
1367
1435
1366
1368
1367
1519
1368
1436
1520
1438
1522
1371
1373
1371
1375
1441
1374
1442
1373
1375
1518
1616
1374
1519
1375
1443
1520
1445
1523
1619
1378
1380
1378
1382
1468
1496
1381
1470
1380
1382
1498
1671
1381
1673
1382
1471
1674
1473
1500
1676
1385
1388
1454
1503
1385
1389
1386
1456
1388
1389
1457
1524
1388
1389
1506
1526
1460
1507
1529
1530
1392
1395
1392
1396
1455
1393
1456
1395
1396
1457
1534
1395
1396
1533
1531
1459
1537
1400
1401
1552
1401
1402
1545
1400
1402
1538
1403
1540
1554
1403
1547
1556
1403
1542
1549
1543
1550
1557
1406
1408
1406
1410
1469
1409
1470
1408
1410
1618
1716
1409
1715
1410
1471
1717
1474
1620
1718
1413
1415
1418
1413
1417
1490
1680
1416
1420
1679
1415
1417
1491
1769
1416
1422
1771
1417
1423
1683
1772
1494
1684
1774
1420
1422
1420
1424
1497
1686
1423
1687
1422
1424
1498
1776
1423
1778
1424
1690
1779
1501
1691
1781
1426
1427
1430
1428
1432
1428
1623
1624
1627
1628
1629
1630
1633
1635
1622
1623
1625
1432
1625
1626
1627
1628
1615
1629
1631
1632
1630
1631
1634
1635
1435
1439
1545
1435
1438
1436
1438
1439
1665
1438
1439
1546
1666
1668
1547
1670
1442
1446
1552
1442
1445
1741
1443
1445
1446
1665
1445
1446
1555
1667
1742
1669
1743
1556
1670
1449
1453
1714
1449
1451
1452
1715
1451
1453
1672
1452
1673
1453
1674
1717
1677
1719
1456
1460
1609
1456
1459
1457
1459
1460
1709
1459
1460
1611
1710
1711
1612
1712
1463
1467
1463
1466
1464
1531
1466
1467
1524
1534
1466
1467
1527
1528
1536
1530
1470
1473
1694
1470
1474
1741
1471
1473
1474
2386
1473
1474
1695
1744
2387
1696
2389
1745
2390
1479
1480
1481
1482
1479
1480
1769
2144
1479
1481
2145
1480
1481
1484
1770
2146
1486
1771
1488
1486
1487
1488
1486
1487
1671
1776
1486
1488
1777
1487
1488
1672
1778
1673
1492
1493
1603
1812
1492
1494
1721
1493
1494
1815
1495
1602
1722
1495
1605
1818
1495
1725
1606
1726
1499
1500
1694
1499
1501
1729
1500
1501
2413
1502
1692
1502
1696
2415
1502
1732
2417
1697
1733
2418
1505
1507
1609
1505
1509
1735
1508
1734
1507
1509
1786
1508
1612
1787
1509
1613
1739
1788
1740
1789
1512
1514
2400
2401
2403
2405
1512
1515
1516
1514
1515
2406
2408
2411
1516
1553
1555
1558
1693
1695
1698
1742
1744
1747
1516
1518
1521
1519
1523
1520
1522
1523
1665
1522
1523
1668
1669
1528
1529
1530
1709
1528
1529
1785
1529
1530
1786
1528
1530
1706
1712
1787
1533
1534
1533
1535
1537
1536
1537
1709
1536
1537
1708
1706
1711
1540
1542
1540
1544
1763
1543
2399
1542
1544
2394
1543
2393
1544
2397
2404
1764
2396
2402
1547
1549
1547
1551
2407
1550
2409
1549
1551
1550
2393
1551
2397
2410
2398
2412
1554
1556
1554
1558
2400
1557
2399
1556
1558
2408
1557
2409
1558
2404
2410
2405
2411
1560
1564
2399
1561
1562
2400
1563
2350
2401
1563
1564
1565
2351
1565
2355
1567
1571
1568
1569
1570
2358
2371
1570
1571
2372
1572
2360
2373
1572
2362
1574
1579
2420
1575
1576
2421
1577
2364
2392
2422
1577
1579
2393
1578
2365
2394
1579
2366
1582
1584
1582
1586
1645
1585
1584
1586
1646
1585
1586
1648
1588
1593
1652
1589
1592
1591
1591
1593
1653
1592
1593
1655
1595
1600
1596
1598
1755
1597
1598
1599
1600
1759
1600
1760
1603
1604
1791
1603
1606
2380
1605
1827
1605
1607
1830
1606
1831
1607
2383
2384
1610
1614
2421
1610
1612
1611
1612
1614
1613
1614
2425
2426
1616
1618
1617
1619
1629
1618
1621
1630
1620
1631
1621
1743
1621
1745
1746
1624
1626
1632
1624
1628
1627
1633
1626
1628
1627
1634
1628
1635
1630
1633
1631
1635
1634
1633
1634
1635
1635
1638
1639
1638
1641
1642
1749
1640
1642
1752
1641
1642
1753
1645
1646
1645
1649
2354
1648
1647
1648
1649
2355
1649
2356
1651
1654
1652
1656
2357
1655
1654
1655
1656
2362
1656
2363
1659
1661
1659
1660
2366
1663
1662
1663
2367
1662
1663
2369
1666
1667
1668
1669
1670
1668
1670
2407
1669
1670
2408
2409
1673
1676
2413
1673
1677
1674
1676
1677
2386
1676
1677
2388
2414
2389
2415
2391
1680
1682
1680
1683
1687
1684
1721
1682
1683
1689
1684
1723
1684
1690
1725
1687
1689
1687
1691
1729
1690
1689
1691
1731
1690
1691
1732
1694
1697
1694
1695
1696
1696
1698
1697
1698
1701
1702
2372
1701
1703
1705
1704
1705
2374
1704
1705
2376
1708
1709
1708
1710
1711
1711
1712
1711
1712
1718
1719
1715
1719
1716
1717
1718
1718
1719
2386
2390
2391
1722
1724
1722
1725
1726
2380
1724
1725
1726
2381
1726
2383
1728
1730
1729
1731
1732
1731
1733
1732
1733
1735
1739
2420
1736
1740
1737
1738
1740
1739
2423
1740
2425
1743
1745
1743
1747
1746
1745
1747
1746
1747
1750
1751
1750
1753
1754
1752
1754
1753
1754
1757
1759
1757
1761
1758
1759
1761
1760
1761
1763
1765
1764
1766
1768
1766
1767
1768
1768
1771
1774
1771
1775
1777
1772
1778
1774
1775
1779
1774
1775
1782
1778
1781
2413
1778
1782
1779
1781
1782
1781
1782
2416
2417
1784
1789
1785
1788
1787
1787
1789
1788
1789
1805
1806
1808
2021
2164
1826
1827
1830
2165
1798
1799
1801
2022
2166
1812
1813
1815
2167
1808
2023
2137
2139
2143
2344
2345
2346
1819
1820
1821
2024
2144
2145
2148
1800
1802
1806
2047
2296
1800
1803
1813
2297
1804
1807
1814
2300
1802
1803
1819
2049
1804
1809
1822
2052
1804
1816
1823
1810
1817
1824
1807
1811
1826
2324
1807
1809
2068
2325
1810
1828
2327
1809
1811
2071
1810
2072
2139
1811
1829
2140
1832
2143
1814
1818
1827
2331
1814
1816
2332
1817
1828
2335
1816
1818
2144
1817
2146
1818
1829
2147
1831
2149
1822
1823
2117
1822
1825
2120
2138
1823
1825
2145
1824
2121
2139
1824
2146
1825
2140
2147
2142
2150
1828
1832
2338
1828
1831
2339
1829
2341
1831
1832
2343
1831
1832
2344
2347
2349
2005
2006
2007
2155
2124
2125
2126
2018
2082
2083
2084
1844
1845
1846
2156
1851
1852
1853
1886
1887
1888
1865
1867
1920
1921
1924
1926
1893
1894
1895
1998
1999
2000
2157
1879
1881
1983
1984
1988
1989
2158
1847
1848
1849
1857
1878
2004
1847
1849
2005
2191
1847
1848
1858
1848
1849
1879
2192
1861
2008
1862
1883
1907
1908
1910
1991
1992
1994
1884
2009
2194
1854
1855
1856
1857
1864
2004
1854
1856
2006
1854
1855
1859
1855
1856
1865
1861
2008
1863
1869
1914
1915
1917
1928
1929
1931
1870
2010
1861
1871
1906
1907
1910
1911
1913
1914
1917
1918
1936
1937
1938
1861
1885
1886
1889
1890
1906
1908
1910
1912
1861
1885
1887
1889
1891
1913
1915
1917
1919
1872
1900
1901
1902
1876
1907
1908
1909
1877
1914
1915
1916
1868
1870
1871
1927
1928
1931
1932
1935
1937
1939
1997
1870
1927
1929
1931
1933
1873
1921
1922
1923
1868
1870
1999
1875
1920
1922
1924
1925
1963
1964
1966
2001
1877
1928
1929
1930
2003
1878
1935
1936
1937
1942
1943
1944
1949
1950
1951
1880
1956
1957
1958
1882
1963
1964
1965
1883
1970
1971
1972
1977
1978
1979
1882
1884
1935
1936
1940
1990
1991
1994
1995
1997
1884
1990
1992
1994
1996
2197
1984
1985
1986
1882
1884
2000
2198
1963
1965
1967
1983
1985
1987
1988
2001
1991
1992
1993
2002
2200
1889
1890
1891
1899
1889
1890
1889
1891
1890
1891
1900
1904
1905
1896
1897
1898
1941
1948
1955
1897
1898
1942
1896
1898
1949
1896
1897
1956
1953
1960
1946
1961
1947
1954
1903
1904
1905
1906
1913
1904
1905
1903
1904
1909
1943
1903
1905
1916
1944
1911
1918
1945
1912
1919
1910
1911
1912
1910
1911
1970
1910
1912
1911
1912
1971
1973
1917
1918
1919
1917
1918
1977
1917
1919
1918
1919
1978
1980
1924
1925
1926
1927
1924
1926
1924
1925
1950
1925
1926
1930
1951
1932
1952
1933
1931
1932
1933
1931
1932
1977
1931
1933
1932
1933
1979
1981
1938
1939
1940
1962
1969
1976
1939
1940
1963
1938
1940
1970
1938
1939
1977
1973
1980
1966
1981
1967
1974
1945
1946
1947
1969
1976
1946
1947
1945
1946
1971
1945
1947
1978
1973
1980
1975
1982
1952
1953
1954
1962
1976
1953
1954
1952
1953
1964
1952
1954
1979
1966
1981
1968
1982
1959
1960
1961
1962
1969
1960
1961
1959
1960
1965
1985
1959
1961
1972
1986
1967
1974
1987
1968
1975
1966
1967
1968
1966
1967
1966
1968
1967
1968
1973
1974
1975
1973
1974
1991
1973
1975
1974
1975
1993
1995
1980
1981
1982
1980
1981
1980
1982
1981
1982
1987
1988
1989
1990
1988
1989
1987
1988
1987
1989
1993
1995
1996
1994
1995
1996
1994
1995
1994
1996
1995
1996
2001
2002
2003
2004
2002
2003
2007
2232
2001
2003
2001
2002
2233
2009
2235
2010
2008
2009
2010
2008
2009
2275
2008
2010
2009
2010
2276
2278
2020
2032
2033
2036
2153
2096
2097
2098
2060
2061
2064
2170
2022
2025
2026
2029
2173
2039
2040
2043
2174
2024
2089
2090
2091
2103
2104
2105
2109
2110
2113
2074
2075
2078
2151
2053
2054
2056
2154
2067
2068
2071
2159
2046
2047
2049
2160
2071
2130
2132
2136
2116
2117
2120
2027
2030
2033
2046
2225
2027
2031
2040
2227
2028
2034
2041
2230
2030
2031
2035
2042
2088
2030
2031
2049
2090
2038
2050
2092
2044
2093
2034
2037
2060
2240
2034
2038
2054
2241
2035
2062
2244
2037
2038
2063
2081
2037
2038
2056
2082
2065
2085
2057
2086
2041
2045
2061
2253
2041
2044
2255
2042
2062
2258
2044
2045
2063
2102
2044
2045
2104
2106
2066
2107
2048
2050
2054
2246
2048
2052
2068
2248
2051
2055
2069
2251
2050
2052
2117
2051
2057
2118
2052
2058
2070
2119
2072
2121
2055
2059
2074
2267
2055
2057
2269
2058
2076
2272
2057
2059
2109
2058
2111
2059
2077
2112
2079
2114
2062
2065
2288
2062
2066
2290
2063
2293
2065
2066
2095
2065
2066
2097
2099
2100
2069
2073
2075
2302
2069
2072
2304
2070
2076
2306
2072
2073
2077
2133
2072
2073
2132
2080
2136
2076
2079
2309
2076
2080
2311
2077
2313
2079
2080
2123
2079
2080
2125
2127
2129
2085
2086
2087
2088
2095
2085
2086
2109
2085
2087
2096
2086
2087
2089
2110
2099
2092
2111
2094
2101
2092
2093
2094
2102
2092
2094
2116
2092
2093
2117
2093
2094
2105
2118
2106
2108
2099
2100
2101
2102
2099
2101
2099
2100
2100
2101
2103
2107
2108
2106
2107
2108
2107
2108
2106
2107
2106
2108
2111
2114
2111
2115
2116
2112
2118
2114
2115
2119
2123
2114
2115
2124
2127
2122
2128
2118
2122
2118
2121
2119
2121
2122
2133
2121
2122
2131
2132
2135
2127
2128
2129
2133
2127
2128
2127
2129
2128
2129
2134
2135
2136
2131
2134
2137
2132
2135
2138
2133
2139
2135
2136
2135
2136
2138
2141
2139
2142
2140
2142
2143
2343
2142
2143
2345
2348
2349
2146
2149
2146
2150
2147
2149
2150
2343
2149
2150
2346
2347
2348
2309
2310
2311
2157
2260
2261
2262
2154
2239
2240
2241
2267
2268
2269
2274
2275
2276
2168
2190
2191
2192
2232
2233
2234
2162
2171
2197
2198
2199
2164
2302
2303
2304
2166
2173
2246
2247
2248
2260
2315
2317
2321
2211
2212
2213
2281
2282
2283
2323
2324
2325
2337
2338
2339
2295
2296
2297
2330
2331
2332
2204
2205
2206
2218
2219
2220
2288
2289
2290
2176
2177
2178
2183
2184
2185
2225
2226
2227
2253
2254
2255
2179
2180
2181
2182
2203
2224
2179
2180
2197
2206
2179
2181
2184
2180
2181
2199
2226
2186
2208
2202
2209
2228
2187
2229
2186
2187
2188
2217
2252
2186
2188
2220
2186
2187
2187
2188
2254
2222
2256
2223
2257
2193
2194
2195
2196
2266
2273
2193
2195
2204
2268
2193
2194
2275
2194
2195
2197
2206
2270
2277
2200
2278
2202
2209
2271
2200
2201
2202
2231
2245
2200
2202
2200
2201
2211
2233
2201
2202
2213
2247
2235
2215
2236
2249
2250
2207
2208
2209
2217
2238
2207
2209
2239
2207
2208
2218
2208
2209
2221
2242
2222
2243
2214
2215
2216
2259
2280
2294
2214
2215
2261
2214
2216
2282
2215
2216
2295
2263
2284
2264
2298
2286
2299
2221
2222
2223
2287
2221
2222
2221
2223
2289
2222
2223
2291
2292
2228
2229
2230
2238
2252
2228
2230
2241
2246
2228
2229
2247
2229
2230
2255
2243
2250
2256
2244
2258
2235
2236
2237
2273
2301
2235
2237
2276
2235
2236
2261
2236
2237
2262
2303
2278
2264
2305
2279
2307
2242
2243
2244
2287
2242
2243
2268
2242
2244
2288
2243
2244
2269
2291
2271
2293
2249
2250
2251
2266
2301
2250
2251
2269
2249
2250
2295
2249
2251
2296
2304
2298
2305
2271
2272
2306
2256
2257
2258
2287
2257
2258
2290
2256
2257
2256
2258
2292
2293
2263
2264
2265
2318
2322
2263
2265
2263
2264
2264
2265
2323
2317
2326
2321
2328
2270
2271
2272
2308
2270
2272
2309
2270
2271
2271
2272
2312
2313
2277
2278
2279
2308
2277
2279
2310
2277
2278
2278
2279
2312
2314
2284
2285
2286
2318
2329
2284
2285
2316
2284
2286
2285
2286
2330
2317
2320
2333
2334
2291
2292
2293
2291
2293
2291
2292
2292
2293
2298
2299
2300
2322
2329
2298
2299
2298
2300
2325
2299
2300
2332
2326
2334
2327
2335
2305
2306
2307
2308
2306
2307
2311
2305
2307
2323
2305
2306
2325
2326
2313
2314
2312
2313
2314
2312
2313
2312
2314
2313
2314
2316
2319
2317
2320
2318
2320
2321
2336
2320
2321
2337
2340
2342
2326
2327
2328
2336
2326
2328
2327
2328
2338
2326
2327
2341
2342
2333
2334
2335
2336
2333
2334
2333
2335
2339
2334
2335
2340
2341
2340
2341
2342
2340
2342
2341
2342
2340
2341
2347
2348
2349
2347
2349
2348
2349
2347
2348
2351
2353
2354
2355
2353
2356
2354
2356
2356
2359
2363
2359
2360
2361
2361
2362
2363
2363
2365
2368
2366
2370
2367
2369
2370
2369
2370
2373
2375
2373
2374
2377
2376
2377
2376
2377
2379
2382
2380
2384
2383
2382
2383
2384
2384
2387
2388
2389
2390
2391
2389
2390
2389
2391
2394
2395
2394
2397
2396
2396
2398
2397
2398
2400
2404
2401
2405
2403
2403
2404
2405
2405
2411
2412
2409
2412
2409
2411
2410
2411
2412
2415
2417
2415
2419
2418
2417
2419
2418
2419
2421
2425
2422
2426
2424
2424
2425
2426
2426
)


// ************************************************************************* //
