/*--------------------------------*- C++ -*----------------------------------*\
  =========                 |
  \\      /  F ield         | OpenFOAM: The Open Source CFD Toolbox
   \\    /   O peration     | Website:  https://openfoam.org
    \\  /    A nd           | Version:  9
     \\/     M anipulation  |
\*---------------------------------------------------------------------------*/
FoamFile
{
    format      ascii;
    class       volScalarField;
    location    "5e-05";
    object      impulseMax;
}
// * * * * * * * * * * * * * * * * * * * * * * * * * * * * * * * * * * * * * //

dimensions      [1 -1 -1 0 0 0 0];

internalField   nonuniform List<scalar> 
17089
(
0
0
0
0
0
0
0
0
0
0
0
0
0
0
0
0
0
0
0
0
0
0
0
0
0
0
0
0
0
0
0
0
0
0
0
0
0
0
0
0
0
0
0
0
0
0
0
0
0
0
0
0
0
0
0
0
0
0
0
0
0
0
0
0
0
0
0
0
0
0
0
0
0
0
0
0
0
0
0
0
0
0
0
0
0
0
0
0
0
0
0
0
0
0
0
0
0
0
0
0
0
0
0
0
0
0
0
0
0
0
0
0
0
0
0
0
0
0
0
0
0
0
0
0
0
0
0
0
0
0
0
0
0
0
0
0
0
0
0
0
0
0
0
0
0
0
0
0
0
0
0
0
0
0
0
0
0
0
0
0
0
0
0
0
0
0
0
0
0
0
0
0
0
0
0
0
0
0
0
0
0
0
0
0
0
0
0
0
0
0
0
0
0
0
0
0
0
0
0
0
0
0
0
0
0
0
0
0
0
0
0
0
0
0
0
0
0
0
0
0
0
0
0
0
0
0
0
0
0
0
0
0
0
0
0
0
0
0
0
0
0
0
0
0
0
0
0
0
0
0
0
0
0
0
0
0
0
0
0
0
0
0
0
0
0
0
0
0
0
0
0
0
0
0
0
0
0
0
0
0
0
0
0
0
0
0
0
0
0
0
0
0
0
0
0
0
0
0
0
0
0
0
0
0
0
0
0
0
0
0
0
0
0
0
0
0
0
0
0
3.61385e-14
6.97726e-14
4.10508e-15
0
0
0
0
0
0
0
0
0
0
0
0
0
0
0
0
0
0
0
0
9.22489e-17
1.49964e-13
5.67916e-12
1.0715e-11
2.21621e-12
7.84885e-15
0
0
0
0
0
0
0
0
0
0
0
0
0
0
0
0
0
0
0
1.60342e-13
2.28881e-11
5.18732e-10
3.21411e-08
6.90726e-10
3.50003e-12
6.74186e-15
0
0
0
0
0
0
0
0
0
0
0
0
0
0
0
0
0
3.60232e-14
7.51079e-12
3.50965e-10
8.55974e-08
1.59511
0.000424372
7.14932e-10
7.44156e-13
1.37605e-15
0
0
0
0
0
0
0
0
0
0
0
0
0
0
0
0
9.94136e-14
1.73554e-11
3.40724e-08
3.68676
1292.71
103.854
5.99952e-06
6.7766e-12
0
0
0
0
0
0
0
0
0
0
0
0
0
0
0
0
0
4.84307e-15
2.85007e-12
1.48058e-09
0.000835106
184.364
5.4198
5.48455e-09
7.46448e-14
0
0
0
0
0
0
0
0
0
0
0
0
0
0
0
0
0
0
4.62782e-15
5.52187e-14
2.46997e-12
0
0
0
0
0
0
0
0
0
0
0
0
0
0
0
0
0
0
0
0
0
0
0
0
0
0
0
0
0
0
0
0
0
0
0
0
0
0
0
0
0
0
0
0
0
0
0
0
0
0
0
0
0
0
0
0
0
0
0
0
0
0
0
0
0
0
0
0
0
0
0
0
0
0
0
0
0
0
0
0
0
0
0
0
0
0
0
0
0
0
0
0
0
0
0
0
0
0
0
0
0
0
0
0
0
0
0
0
0
0
0
0
0
0
0
0
0
0
0
0
0
0
0
0
0
0
0
0
0
0
0
0
0
0
0
0
0
0
0
0
0
0
0
0
0
0
0
0
0
0
0
0
0
0
0
0
0
0
0
0
0
0
0
0
0
0
0
0
0
0
0
0
0
0
0
0
0
0
0
0
0
0
0
0
0
0
0
0
0
0
0
0
0
0
0
0
0
0
0
0
0
0
0
0
0
0
0
0
0
0
0
0
0
0
0
0
0
0
0
0
0
0
0
0
0
0
0
0
0
0
0
0
0
0
0
0
0
0
0
0
0
0
0
0
0
0
0
0
0
0
0
0
0
0
0
0
0
0
0
0
0
0
0
0
0
0
0
0
0
0
0
0
0
0
0
0
0
0
0
0
0
0
0
0
0
0
0
0
0
0
0
0
0
0
0
0
0
0
0
0
0
0
0
0
0
0
0
0
0
0
0
0
0
0
0
0
0
0
0
0
0
0
0
0
0
0
0
0
0
0
0
0
0
0
0
0
0
0
0
0
0
0
0
0
0
0
0
0
0
0
0
0
0
0
0
0
0
0
0
0
0
0
0
0
0
0
0
0
0
0
0
0
0
0
0
0
0
0
0
0
0
0
0
0
0
0
0
0
0
0
0
0
0
0
0
0
0
0
0
0
0
0
0
0
0
0
0
0
0
0
0
0
0
0
0
0
0
0
0
0
0
0
0
0
0
0
0
0
0
0
0
0
0
0
0
0
0
0
0
0
0
0
0
0
1.13005e-15
3.31789e-14
0
0
0
0
0
0
0
0
0
0
0
0
0
0
0
0
0
0
0
0
0
0
9.90139e-15
8.88755e-13
9.87998e-12
8.09813e-14
1.84498e-16
0
0
0
0
0
0
0
0
0
0
0
0
0
0
0
0
0
0
0
1.02089e-14
5.933e-12
2.33303e-11
2.39791e-08
9.4562e-11
2.48811e-13
3.76683e-16
0
0
0
0
0
0
0
0
0
0
0
0
0
0
0
0
0
8.76365e-16
6.32676e-13
2.19904e-11
1.60623e-07
1.70582
7.37874e-05
1.49675e-10
2.68371e-13
0
0
0
0
0
0
0
0
0
0
0
0
0
0
0
0
0
2.89585e-14
1.30739e-11
1.72678e-08
0.330457
1166.6
61.5197
4.68533e-07
8.71676e-13
0
0
0
0
0
0
0
0
0
0
0
0
0
0
0
0
0
4.91994e-16
2.56806e-13
2.96097e-10
0.000675162
194.311
3.29828
3.07279e-09
2.38079e-14
0
0
0
0
0
0
0
0
0
0
0
0
0
0
0
0
0
0
6.91867e-17
1.01551e-14
1.65107e-12
0
0
0
0
0
0
0
0
0
0
0
0
0
0
0
0
0
0
0
0
0
0
0
0
0
0
0
0
0
0
0
0
0
0
0
0
0
0
0
0
0
0
0
0
0
0
0
0
0
0
0
0
0
0
0
0
0
0
0
0
0
0
0
0
0
0
0
0
0
0
0
0
0
0
0
0
0
0
0
0
0
0
0
0
0
0
0
0
0
0
0
0
0
0
0
0
0
0
0
0
0
0
0
0
0
0
0
0
0
0
0
0
0
0
0
0
0
0
0
0
0
0
0
0
0
0
0
0
0
0
0
0
0
0
0
0
0
0
0
0
0
0
0
0
0
0
0
0
0
0
0
0
0
0
0
0
0
0
0
0
0
0
0
0
0
0
0
0
0
0
0
0
0
0
0
0
0
0
0
0
0
0
0
0
0
0
0
0
0
0
0
0
0
0
0
0
0
0
0
0
0
0
0
0
0
0
0
0
0
0
0
0
0
0
0
0
0
0
0
0
0
0
0
0
0
0
0
0
0
0
0
0
0
0
0
0
0
0
0
0
0
0
0
0
0
0
0
0
0
0
0
0
0
0
0
0
0
0
0
0
0
0
0
0
0
0
0
0
0
0
0
0
0
0
0
0
0
0
0
0
0
0
0
0
0
0
0
0
0
0
0
0
0
0
0
0
0
0
0
0
0
0
0
0
0
0
0
0
0
0
0
0
0
0
0
0
0
0
0
0
0
0
0
0
0
0
0
0
0
0
0
0
0
0
0
0
0
0
0
0
0
0
0
0
0
0
0
0
0
0
0
0
0
0
0
0
0
0
0
0
0
0
0
0
0
0
0
0
0
0
0
0
0
0
0
0
0
0
0
0
0
0
0
0
0
0
0
0
0
0
0
0
0
0
0
0
0
0
0
0
0
0
0
0
0
0
0
0
0
0
0
0
0
0
0
0
0
0
0
0
0
0
0
0
0
0
0
0
0
0
0
0
0
0
0
0
0
0
0
0
0
0
0
0
0
0
0
0
0
0
0
0
0
0
0
0
0
0
0
0
0
0
0
0
0
0
0
0
0
3.15953e-15
4.69393e-14
2.30622e-17
0
0
0
0
0
0
0
0
0
0
0
0
0
0
0
0
0
0
0
0
0
8.07947e-15
1.93652e-12
1.17088e-11
1.04661e-13
6.91867e-17
0
0
0
0
0
0
0
0
0
0
0
0
0
0
0
0
0
0
0
1.99873e-15
1.11624e-12
2.14249e-11
2.00263e-08
7.0919e-11
1.6157e-13
0
0
0
0
0
0
0
0
0
0
0
0
0
0
0
0
0
0
0
5.04294e-14
1.95948e-11
1.2172e-08
0.000281681
2.37533e-07
1.17714e-12
0
0
0
0
0
0
0
0
0
0
0
0
0
0
0
0
0
0
0
4.91994e-16
4.18887e-14
1.81889e-10
2.6523e-06
2.00677e-09
1.14396e-13
0
0
0
0
0
0
0
0
0
0
0
0
0
0
0
0
0
0
0
0
0
6.91867e-17
0
0
0
0
0
0
0
0
0
0
0
0
0
0
0
0
0
0
0
0
0
0
0
0
0
0
0
0
0
0
0
0
0
0
0
0
0
0
0
0
0
0
0
0
0
0
0
0
0
0
0
0
0
0
0
0
0
0
0
0
0
0
0
0
0
0
0
0
0
0
0
0
0
0
0
0
0
0
0
0
0
0
0
0
0
0
0
0
0
0
0
0
0
0
0
0
0
0
0
0
0
0
0
0
0
0
0
0
0
0
0
0
0
0
0
0
0
0
0
0
0
0
0
0
0
0
0
0
0
0
0
0
0
0
0
0
0
0
0
0
0
0
0
0
0
0
0
0
0
0
0
0
0
0
0
0
0
0
0
0
0
0
0
0
0
0
0
0
0
0
0
0
0
0
0
0
0
0
0
0
0
0
0
0
0
0
0
0
0
0
0
0
0
0
0
0
0
0
0
0
0
0
0
0
0
0
0
0
0
0
0
0
0
0
0
0
0
0
0
0
0
0
0
0
0
0
0
0
0
0
0
0
0
0
0
0
0
0
0
0
0
0
0
0
0
0
0
0
0
0
0
0
0
0
0
0
0
0
0
0
0
0
0
0
0
0
0
0
0
0
0
0
0
0
0
0
0
0
0
0
0
0
0
0
0
0
0
0
0
0
0
0
0
0
0
0
0
0
0
0
0
0
0
0
0
0
0
0
0
0
0
0
0
0
0
0
0
0
0
0
0
0
0
0
0
0
0
0
0
0
0
0
0
0
0
0
0
0
0
0
0
0
0
0
0
0
0
0
0
0
0
0
0
0
0
0
0
0
0
0
0
0
0
0
0
0
0
0
0
0
0
0
0
0
0
0
0
0
0
0
0
0
0
0
0
0
0
0
0
0
0
0
0
0
0
0
0
0
0
0
0
0
0
0
0
0
0
0
0
0
0
0
0
0
0
0
0
0
0
0
0
0
0
0
0
0
0
0
0
0
0
0
0
0
0
0
0
0
0
0
0
0
0
0
0
0
0
0
0
0
0
0
0
0
0
0
0
0
0
0
0
0
0
0
0
0
0
0
0
0
0
0
0
0
0
0
0
0
0
0
0
0
0
0
0
0
0
0
0
0
0
0
0
0
0
0
0
0
0
0
0
0
0
0
0
0
2.43691e-15
3.015e-14
2.30622e-17
0
0
0
0
0
0
0
0
0
0
0
0
0
0
0
0
0
0
0
0
0
1.59898e-15
2.25205e-13
9.57985e-13
1.78348e-14
0
0
0
0
0
0
0
0
0
0
0
0
0
0
0
0
0
0
0
0
0
3.24947e-14
9.88294e-14
3.39602e-11
2.94505e-13
0
0
0
0
0
0
0
0
0
0
0
0
0
0
0
0
0
0
0
0
0
6.91867e-17
6.36518e-15
8.65065e-14
6.79567e-15
0
0
0
0
0
0
0
0
0
0
0
0
0
0
0
0
0
0
0
0
0
0
0
0
0
0
0
0
0
0
0
0
0
0
0
0
0
0
0
0
0
0
0
0
0
0
0
0
0
0
0
0
0
0
0
0
0
0
0
0
0
0
0
0
0
0
0
0
0
0
0
0
0
0
0
0
0
0
0
0
0
0
0
0
0
0
0
0
0
0
0
0
0
0
0
0
0
0
0
0
0
0
0
0
0
0
0
0
0
0
0
0
0
0
0
0
0
0
0
0
0
0
0
0
0
0
0
0
0
0
0
0
0
0
0
0
0
0
0
0
0
0
0
0
0
0
0
0
0
0
0
0
0
0
0
0
0
0
0
0
0
0
0
0
0
0
0
0
0
0
0
0
0
0
0
0
0
0
0
0
0
0
0
0
0
0
0
0
0
0
0
0
0
0
0
0
0
0
0
0
0
0
0
0
0
0
0
0
0
0
0
0
0
0
0
0
0
0
0
0
0
0
0
0
0
0
0
0
0
0
0
0
0
0
0
0
0
0
0
0
0
0
0
0
0
0
0
0
0
0
0
0
0
0
0
0
0
0
0
0
0
0
0
0
0
0
0
0
0
0
0
0
0
0
0
0
0
0
0
0
0
0
0
0
0
0
0
0
0
0
0
0
0
0
0
0
0
0
0
0
0
0
0
0
0
0
0
0
0
0
0
0
0
0
0
0
0
0
0
0
0
0
0
0
0
0
0
0
0
0
0
0
0
0
0
0
0
0
0
0
0
0
0
0
0
0
0
0
0
0
0
0
0
0
0
0
0
0
0
0
0
0
0
0
0
0
0
0
0
0
0
0
0
0
0
0
0
0
0
0
0
0
0
0
0
0
0
0
0
0
0
0
0
0
0
0
0
0
0
0
0
0
0
0
0
0
0
0
0
0
0
0
0
0
0
0
0
0
0
0
0
0
0
0
0
0
0
0
0
0
0
0
0
0
0
0
0
0
0
0
0
0
0
0
0
0
0
0
0
0
0
0
0
0
0
0
0
0
0
0
0
0
0
0
0
0
0
0
0
0
0
0
0
0
0
0
0
0
0
0
0
0
0
0
0
0
0
0
0
0
0
0
0
0
0
0
0
0
0
0
0
0
0
0
0
0
0
0
0
0
0
0
0
0
0
0
0
0
0
0
0
0
0
0
0
0
0
0
0
0
0
0
0
0
0
0
0
0
0
0
0
0
0
0
0
0
0
0
0
0
0
0
0
0
0
0
0
0
0
0
0
0
2.30622e-17
9.68614e-16
0
0
0
0
0
0
0
0
0
0
0
0
0
0
0
0
0
0
0
0
0
0
0
0
0
0
0
0
0
0
0
0
0
0
0
0
0
0
0
0
0
0
0
0
0
0
0
0
0
0
0
0
0
0
0
0
0
0
0
0
0
0
0
0
0
0
0
0
0
0
0
0
0
0
0
0
0
0
0
0
0
0
0
0
0
0
0
0
0
0
0
0
0
0
0
0
0
0
0
0
0
0
0
0
0
0
0
0
0
0
0
0
0
0
0
0
0
0
0
0
0
0
0
0
0
0
0
0
0
0
0
0
0
0
0
0
0
0
0
0
0
0
0
0
0
0
0
0
0
0
0
0
0
0
0
0
0
0
0
0
0
0
0
0
0
0
0
0
0
0
0
0
0
0
0
0
0
0
0
0
0
0
0
0
0
0
0
0
0
0
0
0
0
0
0
0
0
0
0
0
0
0
0
0
0
0
0
0
0
0
0
0
0
0
0
0
0
0
0
0
0
0
0
0
0
0
0
0
0
0
0
0
0
0
0
0
0
0
0
0
0
0
0
0
0
0
0
0
0
0
0
0
0
0
0
0
0
0
0
0
0
0
0
0
0
0
0
0
0
0
0
0
0
0
0
0
0
0
0
0
0
0
0
0
0
0
0
0
0
0
0
0
0
0
0
0
0
0
0
0
0
0
0
0
0
0
0
0
0
0
0
0
0
0
0
0
0
0
0
0
0
0
0
0
0
0
0
0
0
0
0
0
0
0
0
0
0
0
0
0
0
0
0
0
0
0
0
0
0
0
0
0
0
0
0
0
0
0
0
0
0
0
0
0
0
0
0
0
0
0
0
0
0
0
0
0
0
0
0
0
0
0
0
0
0
0
0
0
0
0
0
0
0
0
0
0
0
0
0
0
0
0
0
0
0
0
0
0
0
0
0
0
0
0
0
0
0
0
0
0
0
0
0
0
0
0
0
0
0
0
0
0
0
0
0
0
0
0
0
0
0
0
0
0
0
0
0
0
0
0
0
0
0
0
0
0
0
0
0
0
0
0
0
0
0
0
0
0
0
0
0
0
0
0
0
0
0
0
0
0
0
0
0
0
0
0
0
0
0
0
0
0
0
0
0
0
0
0
0
0
0
0
0
0
0
0
0
0
0
0
0
0
0
0
0
0
0
0
0
0
0
0
0
0
0
0
0
0
0
0
0
0
0
0
0
0
0
0
0
0
0
0
0
0
0
0
0
0
0
0
0
0
0
0
0
0
0
0
0
0
0
0
0
0
0
0
0
0
0
0
0
0
0
0
0
0
0
0
0
0
0
0
0
0
0
0
0
0
0
0
0
0
0
0
0
0
0
0
0
0
0
0
0
0
0
0
0
0
0
0
0
0
0
0
0
0
0
0
0
0
0
0
0
0
0
0
0
0
0
0
0
0
0
0
0
0
0
0
0
0
0
0
0
0
0
0
0
0
0
0
0
0
0
0
0
0
0
0
0
0
0
0
0
0
0
0
0
0
0
0
0
0
0
0
0
0
0
0
0
0
0
0
0
0
0
0
0
0
0
0
0
0
0
0
0
0
0
0
0
0
0
0
0
0
0
0
0
0
0
0
0
0
0
0
0
0
0
0
0
0
0
0
0
0
0
0
0
0
0
0
0
0
0
0
0
0
0
0
0
0
0
0
0
0
0
0
0
0
0
0
0
0
0
0
0
0
0
0
0
0
0
0
0
0
0
0
0
0
0
0
0
0
0
0
0
0
0
0
0
0
0
0
0
0
0
0
0
0
0
0
0
0
0
0
0
0
0
0
0
0
0
0
0
0
0
0
0
0
0
0
0
0
0
0
0
0
0
0
0
0
0
0
0
0
0
0
0
0
0
0
0
0
0
0
0
0
0
0
0
0
0
0
0
0
0
0
0
0
0
0
0
0
0
0
0
0
0
0
0
0
0
0
0
0
0
0
0
0
0
0
0
0
0
0
0
0
0
0
0
0
0
0
0
0
0
0
0
0
0
0
0
0
0
0
0
0
0
0
0
0
0
0
0
0
0
0
0
0
0
0
0
0
0
0
0
0
0
0
0
0
0
0
0
0
0
0
0
0
0
0
0
0
0
0
0
0
0
0
0
0
0
0
0
0
0
0
0
0
0
0
0
0
0
0
0
0
0
0
0
0
0
0
0
0
0
0
0
0
0
0
0
0
0
0
0
0
0
0
0
0
0
0
0
0
0
0
0
0
0
0
0
0
0
0
0
0
0
0
0
0
0
0
0
0
0
0
0
0
0
0
0
0
0
0
0
0
0
0
0
0
0
0
0
0
0
0
0
0
0
0
0
0
0
0
0
0
0
0
0
0
0
0
0
0
0
0
0
0
0
0
0
0
0
0
0
0
0
0
0
0
0
0
0
0
0
0
0
0
0
0
0
0
0
0
0
0
0
0
0
0
0
0
0
0
0
0
0
0
0
0
0
0
0
0
0
0
0
0
0
0
0
0
0
0
0
0
0
0
0
0
0
0
0
0
0
0
0
0
0
0
0
0
0
0
0
0
0
0
0
0
0
0
0
0
0
0
0
0
0
0
0
0
0
0
0
0
0
0
0
0
0
0
0
0
0
0
0
0
0
0
0
0
0
0
0
0
0
0
0
0
0
0
0
0
0
0
0
0
0
0
0
0
0
0
0
0
0
0
0
0
0
0
0
0
0
0
0
0
0
0
0
0
0
0
0
0
0
0
0
0
0
0
0
0
0
0
0
0
0
0
0
0
0
0
0
0
0
0
0
0
0
0
0
0
0
0
0
0
0
0
0
0
0
0
0
0
0
0
0
0
0
0
0
0
0
0
0
0
0
0
0
0
0
0
0
0
0
0
0
0
0
0
0
0
0
0
0
0
0
0
0
0
0
0
0
0
0
0
0
0
0
0
0
0
0
0
0
0
0
0
0
0
0
0
0
0
0
0
0
0
0
0
0
0
0
0
0
0
0
0
0
0
0
0
0
0
0
0
0
0
0
0
0
0
0
0
0
0
0
0
0
0
0
0
0
0
0
0
0
0
0
0
0
0
0
0
0
0
0
0
0
0
0
0
0
0
0
0
0
0
0
0
0
0
0
0
0
0
0
0
0
0
0
0
0
0
0
0
0
0
0
0
0
0
0
0
0
0
0
0
0
0
0
0
0
0
0
0
0
0
0
0
0
0
0
0
0
0
0
0
0
0
0
0
0
0
0
0
0
0
0
0
0
0
0
0
0
0
0
0
0
0
0
0
0
0
0
0
0
0
0
0
0
0
0
0
0
0
0
0
0
0
0
0
0
0
0
0
0
0
0
0
0
0
0
0
0
0
0
0
0
0
0
0
0
0
0
0
0
0
0
0
0
0
0
0
0
0
0
0
0
0
0
0
0
0
0
0
0
0
0
0
0
0
0
0
0
0
0
0
0
0
0
0
0
0
0
0
0
0
0
0
0
0
0
0
0
0
0
0
0
0
0
0
0
0
0
0
0
0
0
0
0
0
0
0
0
0
0
0
0
0
0
0
0
0
0
0
0
0
0
0
0
0
0
0
0
0
0
0
0
0
0
0
0
0
0
0
0
0
0
0
0
0
0
0
0
0
0
0
0
0
0
0
0
0
0
0
0
0
0
0
0
0
0
0
0
0
0
0
0
0
0
0
0
0
0
0
0
0
0
0
0
0
0
0
0
0
0
0
0
0
0
0
0
0
0
0
0
0
0
0
0
0
0
0
0
0
0
0
0
0
0
0
0
0
0
0
0
0
0
0
0
0
0
0
0
0
0
0
0
0
0
0
0
0
0
0
0
0
0
0
0
0
0
0
0
0
0
0
0
0
0
0
0
0
0
0
0
0
0
0
0
0
0
0
0
0
0
0
0
0
0
0
0
0
0
0
0
0
0
0
0
0
0
0
0
0
0
0
0
0
0
0
0
0
0
0
0
0
0
0
0
0
0
0
0
0
0
0
0
0
0
0
0
0
0
0
0
0
0
0
0
0
0
0
0
0
0
0
0
0
0
0
0
0
0
0
0
0
0
0
0
0
0
0
0
0
0
0
0
0
0
0
0
0
0
0
0
0
0
0
0
0
0
0
0
0
0
0
0
0
0
0
0
0
0
0
0
0
0
0
0
0
0
0
0
0
0
0
0
0
0
0
0
0
0
0
0
0
0
0
0
0
0
0
0
0
0
0
0
0
0
0
0
0
0
0
0
0
0
0
0
0
0
0
0
0
0
0
0
0
0
0
0
0
0
0
0
0
0
0
0
0
0
0
0
0
0
0
0
0
0
0
0
0
0
0
0
0
0
0
0
0
0
0
0
0
0
0
0
0
0
0
0
0
0
0
0
0
0
0
0
0
0
0
0
0
0
0
0
0
0
0
0
0
0
0
0
0
0
0
0
0
0
0
0
0
0
0
0
0
0
0
0
0
0
0
0
0
0
0
0
0
0
0
0
0
0
0
0
0
0
0
0
0
0
0
0
0
0
0
0
0
0
0
0
0
0
0
0
0
0
0
0
0
0
0
0
0
0
0
0
0
0
0
0
0
0
0
0
0
0
0
0
0
0
0
0
0
0
0
0
0
0
0
0
0
0
0
0
0
0
0
0
0
0
0
0
0
0
0
0
0
0
0
0
0
0
0
0
0
0
0
0
0
0
0
0
0
0
0
0
0
0
0
0
0
0
0
0
0
0
0
0
0
0
0
0
0
0
0
0
0
0
0
0
0
0
0
0
0
0
0
0
0
0
0
0
0
0
0
0
0
0
0
0
0
0
0
0
0
0
0
0
0
0
0
0
0
0
0
0
0
0
0
0
0
0
0
0
0
0
0
0
0
0
0
0
0
0
0
0
0
0
0
0
0
0
0
0
0
0
0
0
0
0
0
0
0
0
0
0
0
0
0
0
0
0
0
0
0
0
0
0
0
0
0
0
0
0
0
0
0
0
0
0
0
0
0
0
0
0
0
0
0
0
0
0
0
0
0
0
0
0
0
0
0
0
0
0
0
0
0
0
0
0
0
0
0
0
0
0
0
0
0
0
0
0
0
0
0
0
0
0
0
0
0
0
0
0
0
0
0
0
0
0
0
0
0
0
0
0
0
0
0
0
0
0
0
0
0
0
0
0
0
0
0
0
0
0
0
0
0
0
0
0
0
0
0
0
0
0
0
0
0
0
0
0
0
0
0
0
0
0
0
0
0
0
0
0
0
0
0
0
0
0
0
0
0
0
0
0
0
0
0
0
0
0
0
0
0
0
0
0
0
0
0
0
0
0
0
0
0
0
0
0
0
0
0
0
0
0
0
0
0
0
0
0
0
0
0
0
0
0
0
0
0
0
0
0
0
0
0
0
0
0
0
0
0
0
0
0
0
0
0
0
0
0
0
0
0
0
0
0
0
0
0
0
0
0
0
0
0
0
0
0
0
0
0
0
0
0
0
0
0
0
0
0
0
0
0
0
0
0
0
0
0
0
0
0
0
0
0
0
0
0
0
0
0
0
0
0
0
0
0
0
0
0
0
0
0
0
0
0
0
0
0
0
0
0
0
0
0
0
0
0
0
0
0
0
0
0
0
0
0
0
0
0
0
0
0
0
0
0
0
0
0
0
0
0
0
0
0
0
0
0
0
0
0
0
0
0
0
0
0
0
0
0
0
0
0
0
0
0
0
0
0
0
0
0
0
0
0
0
0
0
0
0
0
0
0
0
0
0
0
0
0
0
0
0
0
0
0
0
0
0
0
0
0
0
0
0
0
0
0
0
0
0
0
0
0
0
0
0
0
0
0
0
0
0
0
0
0
0
0
0
0
0
0
0
0
0
0
0
0
0
0
0
0
0
0
0
0
0
0
0
0
0
0
0
0
0
0
0
0
0
0
0
0
0
0
0
0
0
0
0
0
0
0
0
0
0
0
0
0
0
0
0
0
0
0
0
0
0
0
0
0
0
0
0
0
0
0
0
0
0
0
0
0
0
0
0
0
0
0
0
0
0
0
0
0
0
0
0
0
0
0
0
0
0
0
0
0
0
0
0
0
0
0
0
0
0
0
0
0
0
0
0
0
0
0
0
0
0
0
0
0
0
0
0
0
0
0
0
0
0
0
0
0
0
0
0
0
0
0
0
0
0
0
0
0
0
0
0
0
0
0
0
0
0
0
0
0
0
0
0
0
0
0
0
0
0
0
0
0
0
0
0
0
0
0
0
0
0
0
0
0
0
0
0
0
0
0
0
0
0
0
0
0
0
0
0
0
0
0
0
0
0
0
0
0
0
0
0
0
0
0
0
0
0
0
0
0
0
0
0
0
0
0
0
0
0
0
0
0
0
0
0
0
0
0
0
0
0
0
0
0
0
0
0
0
0
0
0
0
0
0
0
0
0
0
0
0
0
0
0
0
0
0
0
0
0
0
0
0
0
0
0
0
0
0
0
0
0
0
0
0
0
0
0
0
0
0
0
0
0
0
0
0
0
0
0
0
0
0
0
0
0
0
0
0
0
0
0
0
0
0
0
0
0
0
0
0
0
0
0
0
0
0
0
0
0
0
0
0
0
0
0
0
0
0
0
0
0
0
0
0
0
0
0
0
0
0
0
0
0
0
0
0
0
0
0
0
0
0
0
0
0
0
0
0
0
0
0
0
0
0
0
0
0
0
0
0
0
0
0
0
0
0
0
0
0
0
0
0
0
0
0
0
0
0
0
0
0
0
0
0
0
0
0
0
0
0
0
0
0
0
0
0
0
0
0
0
0
0
0
0
0
0
0
0
0
0
0
0
0
0
0
0
0
0
0
0
0
0
0
0
0
0
0
0
0
0
0
0
0
0
0
0
0
0
0
0
0
0
0
0
0
0
0
0
0
0
0
0
0
0
0
0
0
0
0
0
0
0
0
0
0
0
0
0
0
0
0
0
0
0
0
0
0
0
0
0
0
0
0
0
0
0
0
0
0
0
0
0
0
0
0
0
0
0
0
0
0
0
0
0
0
0
0
0
0
0
0
0
0
0
0
0
0
0
0
0
0
0
0
0
0
0
0
0
0
0
0
0
0
0
0
0
0
0
0
0
0
0
0
0
0
0
0
0
0
0
0
0
0
0
0
0
0
0
0
0
0
0
0
0
0
0
0
0
0
0
0
0
0
0
0
0
0
0
0
0
0
0
0
0
0
0
0
0
0
0
0
0
0
0
0
0
0
0
0
0
0
0
0
0
0
0
0
0
0
0
0
0
0
0
0
0
0
0
0
0
0
0
0
0
0
0
0
0
0
0
0
0
0
0
0
0
0
0
0
0
0
0
0
0
0
0
0
0
0
0
0
0
0
0
0
0
0
0
0
0
0
0
0
0
0
0
0
0
0
0
0
0
0
0
0
0
0
0
0
0
0
0
0
0
0
0
0
0
0
0
0
0
0
0
0
0
0
0
0
0
0
0
0
0
0
0
0
0
0
0
0
0
0
0
0
0
0
0
0
0
0
0
0
0
0
0
0
0
0
0
0
0
0
0
0
0
0
0
0
0
0
0
0
0
0
0
0
0
0
0
0
0
0
0
0
0
0
0
0
0
63.5389
485.85
203.288
1.05155e-06
28.565
3.2922e-05
7.85318e-12
1.37632e-07
1.45478e-11
0
0
0
0
0
0
0
0
0
0
0
0
0
0
0
0
0
0
4.56767e-11
0
0
0
0
0
0
0
0
0
0
0
0
0
0
0
0
0
0
0
0
0
0
0
0
0
0
0
0
0
0
0
0
0
0
0
0
0
0
0
0
0
0
0
0
0
0
0
0
0
0
0
0
0
0
0
0
0
0
0
0
0
0
0
0
0
0
0
0
0
0
0
0
0
0
0
0
0
0
0
0
0
0
0
0
0
0
0
0
0
0
0
0
0
0
0
0
0
0
0
0
0
0
0
0
0
0
0
0
0
0
0
0
0
0
0
0
0
0
0
0
0
0
0
0
0
0
0
0
0
0
0
0
0
0
0
0
0
0
0
0
0
0
0
0
0
0
0
0
0
0
0
0
0
0
0
0
0
0
0
0
0
0
0
0
0
0
0
0
0
0
0
0
0
0
0
0
0
0
0
0
0
0
0
0
0
0
0
0
0
0
0
0
0
0
0
0
0
0
0
0
0
0
0
0
0
0
0
0
0
0
0
0
0
0
0
0
0
0
0
0
0
0
0
0
0
0
0
0
0
0
0
0
0
0
0
0
32.1267
0.000461568
3.25446e-05
5.15438e-07
3.65019e-07
3.83706e-10
2.35842e-12
1.06601e-11
1.76195e-14
0
0
0
0
0
0
0
0
0
0
0
0
0
0
0
0
0
0
1.64588e-14
0
0
0
0
0
0
0
0
0
0
0
0
0
0
0
0
0
0
0
0
0
0
0
0
0
0
0
0
0
0
0
0
0
0
0
0
0
0
0
0
0
0
0
0
0
0
0
0
0
0
0
0
0
0
0
0
0
0
0
0
0
0
0
0
0
0
0
0
0
0
0
0
0
0
0
0
0
0
0
0
0
0
0
0
0
0
0
0
0
0
0
0
0
0
0
0
0
0
0
0
0
0
0
0
0
0
0
0
0
0
0
0
0
0
0
0
0
0
0
0
0
0
0
0
0
0
0
0
0
0
0
0
0
0
0
0
0
0
0
0
0
0
0
0
0
0
0
0
0
0
0
0
0
0
0
0
0
0
0
0
0
0
0
0
0
0
0
0
0
0
0
0
0
0
0
0
0
0
0
0
0
0
0
0
0
0
0
0
0
0
0
0
0
0
0
0
0
0
0
0
0
0
0
0
0
0
0
0
0
0
0
0
0
0
0
0
0
0
0
0
0
0
0
0
0
0
0
0
0
0
0
0
0
0
0
0
1.14822e-07
3.85759e-11
4.37776e-11
9.7657e-12
2.40065e-12
1.30148e-14
0
0
0
0
0
0
0
0
0
0
0
0
0
0
0
0
0
0
0
0
0
0
0
0
0
0
0
0
0
0
0
0
0
0
0
0
0
0
0
0
0
0
0
0
0
0
0
0
0
0
0
0
0
0
0
0
0
0
0
0
0
0
0
0
0
0
0
0
0
0
0
0
0
0
0
0
0
0
0
0
0
0
0
0
0
0
0
0
0
0
0
0
0
0
0
0
0
0
0
0
0
0
0
0
0
0
0
0
0
0
0
0
0
0
0
0
0
0
0
0
0
0
0
0
0
0
0
0
0
0
0
0
0
0
0
0
0
0
0
0
0
0
0
0
0
0
0
0
0
0
0
0
0
0
0
0
0
0
0
0
0
0
0
0
0
0
0
0
0
0
0
0
0
0
0
0
0
0
0
0
0
0
0
0
0
0
0
0
0
0
0
0
0
0
0
0
0
0
0
0
0
0
0
0
0
0
0
0
0
0
0
0
0
0
0
0
0
0
0
0
0
0
0
0
0
0
0
0
0
0
0
0
0
0
0
0
0
0
0
0
0
0
0
0
0
0
0
0
0
0
0
0
0
0
0
0
0
0
0
0
0
0
0
0
0
0
0
0
0
0
0
0
0
0
0
0
0
0
0
0
0
0
0
0
0
0
0
0
0
0
0
0
0
0
0
0
0
0
0
0
0
0
0
0
0
0
0
0
0
0
0
0
0
0
0
0
0
0
0
0
0
0
0
0
0
0
0
0
0
0
0
0
0
0
0
0
0
0
0
0
0
0
0
0
0
0
0
0
0
0
0
0
0
0
0
0
0
0
0
0
0
0
0
0
0
0
0
0
0
0
0
0
0
0
0
0
0
0
0
0
0
0
0
0
0
0
0
0
0
0
0
0
0
0
0
0
0
0
0
0
0
0
0
0
0
0
0
0
0
0
0
0
0
0
0
0
0
0
0
0
0
0
0
0
0
0
0
0
0
0
0
0
0
0
0
0
0
0
0
0
0
0
0
0
0
0
0
0
0
0
0
0
0
0
0
0
0
0
0
0
0
0
0
0
0
0
0
0
0
0
0
88.4609
3.92747e-10
0.0302644
270.068
8.80428e-09
0
0
1.23983e-13
0
0
0
0
0
0
0
0
0
0
0
0
0
0
0
0
0
0
0
0
0
0
0
0
0
0
0
0
0
0
0
0
0
0
0
0
0
0
0
0
0
0
0
0
0
0
0
0
0
0
0
0
0
0
0
0
0
0
0
0
0
0
0
0
0
0
0
0
0
0
0
0
0
0
0
0
0
0
0
0
0
0
0
0
0
0
0
0
0
0
0
0
0
0
0
0
0
0
0
0
0
0
0
0
0
0
0
0
0
0
0
0
0
0
0
0
0
0
0
0
0
0
0
0
0
0
0
0
0
0
0
0
0
0
0
0
0
0
0
0
0
0
0
0
0
0
0
0
0
0
0
0
0
0
0
0
0
0
0
0
0
0
0
0
0
0
0
0
0
0
0
0
0
0
0
0
0
0
0
0
0
44.8939
2.74964e-10
1.43486e-08
8.27547e-05
2.67198e-12
0
0
0
0
0
0
0
0
0
0
0
0
0
0
0
0
0
0
0
0
0
0
0
0
0
0
0
0
0
0
0
0
0
0
0
0
0
0
0
0
0
0
0
0
0
0
0
0
0
0
0
0
0
0
0
0
0
0
0
0
0
0
0
0
0
0
0
0
0
0
0
0
0
0
0
0
0
0
0
0
0
0
0
0
0
0
0
0
0
0
0
0
0
0
0
0
0
0
0
0
0
0
0
0
0
0
0
0
0
0
0
0
0
0
0
0
0
0
0
0
0
0
0
0
0
0
0
0
0
0
0
0
0
0
0
0
0
0
0
0
0
0
0
0
0
0
0
0
0
0
0
0
0
0
0
0
0
0
0
0
0
0
0
0
0
0
0
0
0
0
0
0
0
0
0
0
0
0
0
0
0
0
0
0
2.6369e-07
4.17734e-14
9.8348e-13
6.2345e-12
0
0
0
0
0
0
0
0
0
0
0
0
0
0
0
0
0
0
0
0
0
0
0
0
0
0
0
0
0
0
0
0
0
0
0
0
0
0
0
0
0
0
0
0
0
0
0
0
0
0
0
0
0
0
0
0
0
0
0
0
0
0
0
0
0
0
0
0
0
0
0
0
0
0
0
0
0
0
0
0
0
0
0
0
0
0
0
0
0
0
0
0
0
0
0
0
0
0
0
0
0
0
0
0
0
0
0
0
0
0
0
0
0
0
0
0
0
0
0
0
0
0
0
0
0
0
0
0
0
0
0
0
0
0
0
0
0
0
0
0
0
0
0
0
0
0
0
0
0
0
0
0
0
0
0
0
0
0
0
0
0
0
0
0
0
0
0
0
0
0
0
0
0
0
0
0
0
0
0
0
0
0
0
0
0
0
0
0
0
0
0
0
0
0
0
0
0
0
0
0
0
0
0
0
0
0
0
0
0
0
0
0
0
0
0
0
0
0
0
0
0
0
0
0
0
0
0
0
0
0
0
0
0
0
0
0
0
0
0
0
0
0
0
0
0
0
0
0
0
0
0
0
0
0
0
0
0
0
0
0
0
0
0
0
0
0
0
0
0
0
0
0
0
0
0
0
0
0
0
0
0
0
0
0
0
0
0
0
0
0
0
0
0
0
0
0
0
0
0
0
0
0
0
0
0
0
0
0
0
0
0
1.37004e-13
0
0
6.91867e-17
1.38373e-16
0
0
0
0
0
0
0
0
0
0
0
0
0
0
0
0
0
0
0
0
0
0
0
0
0
0
0
0
0
0
0
0
0
0
0
0
0
0
0
0
0
0
0
0
0
0
0
0
0
0
0
0
0
0
0
0
0
0
0
0
0
0
0
0
0
0
0
0
0
0
0
0
0
0
0
0
0
0
0
0
0
0
0
0
0
0
0
0
0
0
0
0
0
0
0
0
0
0
0
0
0
0
0
0
0
0
0
0
0
0
0
0
0
0
0
0
0
0
0
0
0
0
0
0
0
0
0
0
0
0
0
0
0
0
0
0
0
0
0
0
0
0
0
0
0
0
0
0
0
0
0
0
0
0
0
0
0
0
0
0
0
0
0
0
0
0
0
0
0
0
0
0
0
0
0
0
0
0
0
0
0
0
0
0
0
0
0
0
0
0
0
0
0
0
0
0
0
0
0
0
0
0
0
0
28.4099
0.362152
9.08345
1.824
12.9434
0.0513634
0.585313
0.59886
28.1928
4.13489
18.2648
8.36054
17.1797
0.111909
1.89887
6.81215
5.46276e-05
0.000235694
0.0133068
1.92312e-06
4.19175e-07
7.76477e-11
2.65943e-09
1.31158e-08
0.000147062
0.00244036
0.0209556
4.25532e-05
7.22201e-07
1.69365e-09
4.74341e-09
2.38153e-07
9.87448e-14
4.31079e-13
1.47995e-11
3.20565e-14
8.76365e-16
6.91867e-17
6.91867e-17
8.07178e-16
1.74043e-13
1.02403e-11
2.66154e-11
9.7338e-14
1.5298e-15
1.38373e-16
1.38373e-16
1.13005e-15
0
0
0
0
0
0
0
0
0
0
0
0
0
0
0
0
0
0
0
0
0
0
0
0
0
0
0
0
0
0
0
0
0
0
0
0
0
0
0
0
0
0
0
0
0
0
0
0
0
0
0
0
0
0
0
0
0
0
0
0
0
0
0
0
0
0
0
0
0
0
0
0
0
0
0
0
0
0
0
0
0
0
0
0
0
0
0
0
0
0
0
0
0
0
0
0
0
2.20297e-09
1.54142e-08
5.31047e-07
6.53589e-11
8.56942e-12
8.14866e-16
3.12955e-14
2.65277e-13
3.22219e-09
1.33303e-07
7.8326e-07
5.22073e-10
1.17691e-11
6.25755e-15
4.00668e-14
1.90109e-12
0
0
0
0
0
0
0
0
0
0
0
0
0
0
0
0
0
0
0
0
0
0
0
0
0
0
0
0
0
0
0
0
0
0
0
0
0
0
0
0
0
0
0
0
0
0
0
0
0
0
0
0
0
0
0
0
0
0
0
0
0
0
0
0
0
0
0
0
0
0
0
0
0
0
0
0
0
0
0
0
0
0
0
0
0
0
0
0
0
0
0
0
0
0
0
0
0
0
0
0
0
0
0
0
0
0
0
0
0
0
0
0
0
0
0
0
0
0
0
0
0
0
0
0
0
0
0
0
0
0
0
0
0
0
0
0
0
0
0
0
0
0
0
0
0
0
0
0
0
0
0
0
0
0
0
0
0
0
0
0
0
0
0
0
0
0
0
0
0
0
0
0
0
0
0
0
0
0
0
0
0
0
0
0
0
0
0
0
0
0
0
0
0
0
0
0
0
0
0
0
0
0
0
0
0
0
0
0
0
0
0
0
0
0
0
0
0
0
0
0
0
0
0
0
0
0
0
0
0
0
0
0
0
0
0
0
0
0
0
0
0
0
0
0
0
0
0
0
0
0
0
0
0
0
0
0
0
0
0
0
0
0
0
0
0
0
0
0
0
0
0
0
0
0
0
0
0
0
0
0
0
0
0
0
0
0
0
0
0
0
0
0
0
0
0
0
0
0
0
0
0
0
0
0
0
0
0
0
0
0
0
0
0
0
0
0
0
0
0
0
0
0
0
0
0
0
0
0
0
0
0
0
0
0
0
0
0
0
0
0
0
0
0
0
0
0
0
0
0
0
0
0
0
0
0
0
0
0
0
0
0
0
0
0
0
0
0
0
0
0
0
0
0
0
0
0
0
0
0
0
0
0
0
0
0
0
0
0
0
0
0
0
0
0
0
0
0
0
0
0
0
0
0
0
0
0
0
0
0
0
0
0
0
0
0
0
0
0
0
0
0
0
0
0
0
0
0
0
0
0
0
0
0
0
0
0
0
0
0
0
0
0
0
0
0
0
0
0
0
0
0
0
0
0
0
0
0
0
0
0
0
0
0
0
0
0
0
0
0
0
0
0
0
0
0
0
0
0
0
0
0
0
0
0
0
0
0
0
0
0
0
0
0
0
0
0
0
0
0
0
0
0
0
0
0
0
0
0
0
0
0
0
0
0
0
0
0
0
0
0
0
0
0
0
0
0
0
0
0
0
0
0
0
0
0
0
0
0
0
0
0
0
0
0
0
0
0
0
0
0
0
0
0
0
0
0
0
0
0
0
0
0
0
0
0
0
0
0
0
0
0
0
0
0
0
0
0
0
0
0
0
0
0
0
0
0
0
0
0
0
0
0
0
0
0
0
0
0
0
0
0
0
0
0
0
0
0
0
0
0
0
0
0
0
0
0
0
0
0
0
0
0
0
0
0
0
0
0
0
0
0
0
0
0
0
0
0
0
0
0
0
0
0
0
0
0
0
0
0
0
0
0
0
0
0
0
0
0
0
0
0
0
0
0
0
0
0
0
0.00192547
0.14289
0.820928
0.00151637
0.00104239
0.00411587
0.28398
7.16841e-05
1.76365e-05
4.02373e-08
6.39619e-06
1.07534e-07
9.46876e-06
1.90472e-09
3.16165e-07
4.85223e-08
6.83724e-09
0.000108127
6.70572e-07
6.65488e-07
5.55044e-11
3.72534e-11
5.42788e-09
7.15303e-13
5.01811e-11
2.90155e-11
4.87869e-09
3.11845e-13
4.33562e-13
2.51686e-14
3.46087e-14
2.72673e-14
1.76272e-14
2.42261e-13
2.03332e-14
3.06036e-14
2.53685e-16
0
1.38373e-16
0
3.22871e-16
8.84052e-16
6.68805e-16
0
0
0
0
0
0
0
0
0
0
0
0
0
0
0
0
0
0
0
0
0
0
0
0
0
0
0
0
0
0
0
0
0
0
0
0
0
0
0
0
0
0
0
0
0
0
0
0
0
0
0
0
0
0
0
0
0
0
0
0
0
0
0
0
0
0
0
0
0
0
0
0
0
0
0
0
0
0
0
0
0
0
0
0
0
0
0
0
0
0
0
0
0
0
0
0
0
0
0
0
0
0
3.64529e-13
7.80526e-09
3.33417e-11
8.03684e-11
1.35298e-15
3.45934e-16
1.32946e-13
0
2.40616e-15
3.75914e-15
5.84712e-13
0
0
0
0
0
0
0
0
0
0
0
0
0
0
0
0
0
0
0
0
0
0
0
0
0
0
0
0
0
0
0
0
0
0
0
0
0
0
0
0
0
0
0
0
0
0
0
0
0
0
0
0
0
0
0
0
0
0
0
0
0
0
0
0
0
0
0
0
0
0
0
0
0
0
0
0
0
0
0
0
0
0
0
0
0
0
0
0
0
0
0
0
0
0
0
0
0
0
0
0
0
0
0
0
0
0
0
0
0
0
0
0
0
0
0
0
0
0
0
0
0
0
0
0
0
0
0
0
0
0
0
0
0
0
0
0
0
0
0
0
0
0
0
0
0
0
0
0
0
0
0
0
0
0
0
0
0
0
0
0
0
0
0
0
0
0
0
0
0
0
0
0
0
0
0
0
0
0
0
0
0
0
0
0
0
0
0
0
0
0
0
0
0
0
0
0
0
0
0
0
0
0
0
0
0
0
0
0
0
0
0
0
0
0
0
0
0
0
0
0
0
0
0
0
0
0
0
0
0
0
0
0
0
0
0
0
0
0
0
0
0
0
0
0
0
0
0
0
0
0
0
0
0
0
0
0
0
0
0
0
0
0
0
0
0
0
0
0
0
0
0
0
0
0
0
0
0
0
0
0
0
0
0
0
0
0
0
0
0
0
0
0
0
0
0
0
0
0
0
0
0
0
0
0
0
0
0
0
0
0
0
0
0
0
0
0
0
0
0
0
0
0
0
0
0
0
0
0
0
0
0
0
0
0
0
0
0
0
0
0
0
0
0
0
0
0
0
0
0
0
0
0
0
0
0
0
0
0
0
0
0
0
0
0
0
0
0
0
0
0
0
0
0
0
0
0
0
0
0
0
0
0
0
0
0
0
0
0
0
0
0
0
0
0
0
0
0
0
0
0
0
0
0
0
0
0
0
0
0
0
0
0
0
0
0
0
0
0
0
0
0
0
0
0
0
0
0
0
0
0
0
0
0
0
0
0
0
0
0
0
0
0
0
0
0
0
0
0
0
0
0
0
0
0
0
0
0
0
0
0
0
0
0
0
0
0
0
0
0
0
0
0
0
0
0
0
0
0
0
0
0
0
0
0
0
0
0
0
0
0
0
0
0
0
0
0
0
0
0
0
0
0
0
0
0
0
0
0
0
0
0
0
0
0
0
0
0
0
0
0
0
0
0
0
0
0
0
0
0
0
0
0
0
0
0
0
0
0
0
0
0
0
0
0
0
0
0
0
0
0
0
0
0
0
0
0
0
0
0
0
0
0
0
0
0
0
0
0
0
0
0
0
0
0
0
0
0
0
0
0
0
0
0
0
0
0
0
0
0
0
0
0
0
0
0
0
0
0
0
0
0
0
0
0
0
0
0
0
0
0
0
0
0
0
0
0
0
0
0
0
0
0
0
0
0
0
0
0
0
0
0
0
0
0
0
0
0
0
0
0
0
0
0
0
0
0
0
0
0
0
0
0
0
0
0
0
0
0
0
0
0
0
0
0
0
0
0
0
0
0
0
0
0
2.44219e-12
2.13461e-10
5.49668e-10
9.93521e-13
1.2515e-12
9.7572e-12
2.47966e-10
2.19239e-13
1.01704e-14
6.30368e-16
4.65857e-15
6.30368e-16
8.87127e-15
1.92185e-15
6.05768e-15
1.92185e-15
1.71199e-14
1.62735e-13
1.83114e-14
2.26471e-14
2.53685e-16
5.61181e-16
5.61181e-16
0
1.38373e-16
0
1.38373e-16
0
0
0
0
0
0
0
0
0
0
0
0
0
0
0
0
0
0
0
0
0
0
0
0
0
0
0
0
0
0
0
0
0
0
0
0
0
0
0
0
0
0
0
0
0
0
0
0
0
0
0
0
0
0
0
0
0
0
0
0
0
0
0
0
0
0
0
0
0
0
0
0
0
0
0
0
0
0
0
0
0
0
0
0
0
0
0
0
0
0
0
0
0
0
0
0
0
0
0
0
0
0
0
0
0
0
0
0
0
0
0
0
0
0
0
0
0
0
0
0
0
0
0
0
0
0
0
0
0
0
0
0
0
0
0
0
0
0
0
0
0
0
0
0
0
0
0
0
0
0
0
0
0
0
0
0
0
0
0
0
0
0
0
0
0
0
0
0
0
0
0
0
0
0
0
0
0
0
0
0
0
0
0
0
0
0
0
0
0
0
0
0
0
0
0
0
0
0
0
0
0
0
0
0
0
0
0
0
0
0
0
0
0
0
0
0
0
0
0
0
0
0
0
0
0
0
0
0
0
0
0
0
0
0
0
0
0
0
0
0
0
0
0
0
0
0
0
0
0
0
0
0
0
0
0
0
0
0
0
0
0
0
0
0
0
0
0
0
0
0
0
0
0
0
0
0
0
0
0
0
0
0
0
0
0
0
0
0
0
0
0
0
0
0
0
0
0
0
0
0
0
0
0
0
0
0
0
0
0
0
0
0
0
0
0
0
0
0
0
0
0
0
0
0
0
0
0
0
0
0
0
0
0
0
0
0
0
0
0
0
0
0
0
0
0
0
0
0
0
0
0
0
0
0
0
0
0
0
0
0
0
0
0
0
0
0
0
0
0
0
0
0
0
0
0
0
0
0
0
0
0
0
0
0
0
0
0
0
0
0
0
0
0
0
0
0
0
0
0
0
0
0
0
0
0
0
0
0
0
0
0
0
0
0
0
0
0
0
0
0
0
0
0
0
0
0
0
0
0
0
0
0
0
0
0
0
0
0
0
0
0
0
0
0
0
0
0
0
0
0
0
0
0
0
0
0
0
0
0
0
0
0
0
0
0
0
0
0
0
0
0
0
0
0
0
0
0
0
0
0
0
0
0
0
0
0
0
0
0
0
0
0
0
0
0
0
0
0
0
0
0
0
0
0
0
0
0
0
0
0
0
0
0
0
0
0
0
0
0
0
0
0
0
0
0
0
0
0
0
0
0
0
0
0
0
0
0
0
0
0
0
0
0
0
0
0
0
0
0
0
0
0
0
0
0
0
0
0
0
0
0
0
0
0
0
0
0
0
0
0
0
0
0
0
0
0
0
0
0
0
0
0
0
0
0
0
0
0
0
0
0
0
0
0
0
0
0
0
0
0
0
0
0
0
0
0
0
0
0
0
0
0
0
0
0
0
0
0
0
0
0
0
0
0
0
0
0
0
0
0
0
0
0
0
0
0
0
0
0
0
0
0
0
0
0
0
0
0
0
0
0
0
0
0
0
0
0
0
0
0
0
0
0
0
0
0
0
0
0
0
0
0
0
0
0
0
0
0
0
0
0
0
0
0
0
0
0
0
0
0
0
0
0
0
0
0
0
0
0
0
0
0
0
0
0
0
0
0
0
0
0
0
0
0
0
0
0
0
0
0
0
0
0
0
0
0
0
0
0
0
0
0
0
0
0
0
0
0
0
0
0
0
0
0
0
0
0
0
0
0
0
0
0
0
0
0
0
0
0
0
0
0
0
0
0
0
0
0
0
0
0
0
0
0
0
0
0
0
0
0
0
0
0
0
0
0
0
0
0
0
0
0
0
0
0
0
0
0
0
0
0
0
0
0
0
0
0
0
0
0
0
0
0
0
0
0
0
0
0
0
0
0
0
0
0
0
0
0
0
0
0
0
0
0
0
0
0
0
0
0
0
0
0
0
0
0
0
0
0
0
0
0
0
0
0
0
0
0
0
0
0
0
0
0
0
0
0
0
0
0
0
0
0
0
0
0
0
0
0
0
0
0
0
0
0
0
0
0
0
0
0
0
0
0
0
0
0
0
0
0
0
0
0
0
0
0
0
0
0
0
0
0
0
0
0
0
0
0
0
0
0
0
0
0
0
0
0
0
0
0
0
0
0
0
0
0
0
0
0
0
0
0
0
0
0
0
0
0
0
0
0
0
0
0
0
0
0
0
0
0
0
0
0
1.76734e-14
0
0
0
0
0
0
0
0
0
0
0
0
0
0
0
0
0
0
0
0
0
0
0
0
0
0
0
0
0
0
0
0
0
0
0
0
0
0
0
0
0
0
0
0
0
0
0
0
0
0
0
0
0
0
0
0
0
0
0
0
0
0
0
0
0
0
0
0
0
0
0
0
0
0
0
0
0
0
0
0
0
0
0
0
0
0
0
0
0
0
0
0
0
0
0
0
0
0
0
0
0
0
0
0
0
0
0
0
0
0
0
0
0
0
0
0
0
0
0
0
0
0
0
0
0
0
0
0
0
0
0
0
0
0
0
0
0
0
0
0
0
0
0
0
0
0
0
0
0
0
0
0
0
0
0
0
0
0
0
0
0
0
0
0
0
0
0
0
0
0
0
0
0
0
0
0
0
0
0
0
0
0
0
0
0
0
0
0
0
0
0
0
0
0
0
0
0
0
0
0
0
0
0
0
0
0
0
0
0
0
0
0
0
0
0
0
0
0
0
0
0
0
0
0
0
0
0
0
0
0
0
0
0
0
0
0
0
0
0
0
0
0
0
0
0
0
0
0
0
0
0
0
0
0
0
0
0
0
0
0
0
0
0
0
0
0
0
0
0
0
0
0
0
0
0
0
0
0
0
0
0
0
0
0
0
0
0
0
0
0
0
0
0
0
0
0
0
0
0
0
0
0
0
0
0
0
0
0
0
0
0
0
0
0
0
0
0
0
0
0
0
0
0
0
0
0
0
0
0
0
0
0
0
0
0
0
0
0
0
0
0
0
0
0
0
0
0
0
0
0
0
0
0
0
0
0
0
0
0
0
0
0
0
0
0
0
0
0
0
0.0799298
3.40049e-06
1.95603
0.000111075
0.0646727
0.000733995
0.533261
2.79515e-05
5.44858
0.000168233
0.0461619
0.0138938
0
0
0
0
0
0
0
0
0
0
0
0
0
0
0
0
0
0
0
0
0
0
0
0
0
0
0
0
0
0
0
0
0
0
0
0
0
0
0
0
0
0
0
0
0
0
0
0
0
0
0
0
0
0
0
0
2.30622e-17
0
0
0
0
0
6.91867e-17
0
0
0
0
0
0
0
0
0
0.0111194
1.56569e-06
0.000176277
1.61109e-08
2.74412e-06
0.000507564
4.40592e-09
7.08518e-13
7.45146e-07
1.14276e-10
2.01022e-08
1.1848e-10
0
0
0
0
0
0
0
0
0
0
0
0
0
0
0
0
0
0
0
0
0
0
0
0
0
0
0
0
0
0
0
0
0
0
0
0
0
0
0
0
0
0
0
0
0
0
0
0
0
0
0
0
0
0
0
0
0
0
0
0
0
0
0
0
0
0
0
0
0
0
0
0
2.17846e-11
4.03589e-15
1.28764e-13
1.38373e-16
5.28817e-14
6.42598e-13
2.30622e-17
0
8.76365e-16
0
1.00705e-15
9.22489e-17
0
0
0
0
0
0
0
0
0
0
0
0
0
0
0
0
0
0
0
0
0
0
0
0
0
0
0
0
0
0
0
0
0
0
0
0
0
0
0
0
0
0
0
0
0
0
0
0
0
0
0
0
0
0
0
0
0
0
0
0
0
0
0
0
0
6.76492e-16
0
0
6.76492e-16
0
6.91867e-17
6.91867e-17
1.74504e-15
0
0
1.74504e-15
0
1.38373e-16
1.38373e-16
0
0
0
0
0
0
0
0
0
0
0
0
0
0
0
0
0
0
0
0
0
0
0
0
0
0
0
0
0
0
0
0
0
0
0
0
0
0
0
0
0
0
0
0
0
0
0
0
0
0
0
0
0
0
0
0
0
0
0
0
0
0
0
0
0
0
0
0
0
0
0
0
0
0
0
0
0
0
0
0
0
0
0
0
0
0
0
0
0
0
0
0
0
0
0
0
0
0
0
0
0
0
0
0
0
0
0
0
0
0
0
0
0
0
0
0
0
0
0
0
0
0
2.30622e-17
0
0
0
2.30622e-17
0
0
0
0
0
0
0
0
0
0
0
0
0
0
0
0
1022.64
0.111587
426.574
5.35314
1659.68
3.23228
655.793
569.081
471.87
216.585
2678.97
382.922
979.558
604.332
0.000927274
52.478
6.60539e-05
249.974
0.00488708
142.912
0.00144531
2.12109e-09
3.67818e-07
1.09229e-09
2.33585e-05
1.56245e-09
8.55768e-06
2.30144e-09
2.28316e-14
3.05572e-12
9.53239e-15
5.33793e-12
2.23319e-14
5.69884e-12
1.6551e-14
0
0
0
0
0
0
0
4.55247e-06
1.18603e-11
2.27643e-09
2.93885e-09
0.000304
1.62266e-11
4.70212e-09
139.468
333.966
23.1091
1164.62
1282.52
126.38
27.5533
0.0188891
0.0829576
0.104466
40.64
1.3473
1.31264
0.000281402
1.16562e-11
2.11014e-10
5.49223e-11
1.96923e-07
1.09826e-09
1.91718e-09
3.04493e-12
5.38119e-16
7.48139e-14
5.15057e-16
0
5.6195e-15
6.11149e-15
0
0
0
0
0
0
0
0
0
0
0
0
0
0
0
0
0
0
0
0
0
0
0
0
0
0
0
0
0
0
0
0
0
0
0
0
0
0
0
0
0
0
0
0
0
0
0
0
0
0
0
0
0
0
0
0
0
1.41602e-14
0
0
3.12878e-15
1.33915e-14
0
0
7.60967e-12
2.30622e-17
1.95875e-14
4.4956e-14
1.10977e-11
2.30622e-17
2.05331e-14
5.11452e-11
3.0464e-10
4.18426e-14
7.59565e-11
1.03622e-08
4.1848e-13
1.55826e-12
0
0
0
0
0
0
0
0
0
0
0
0
0
0
0
0
0
0
0
0
0
0
0
0
0
0
0
0
0
0
0
0
0
0
0
0
0
0
0
0
0
0
0
0
0
0
0
0
0
0
0
0
0
0
0
0
0
0
0
0
0
0
0
0
0
0
0
0
0
0
0
0
0
0
0
0
0
0
0
0
0
0
0
0
0
0
0
0
0
0
0
0
0
0
0
0
0
0
0
0
0
0
0
0
0
0
0
0
0
0
0
0
528.402
0.0519138
241.145
3.8726e-08
0.0294835
1.2694e-08
0.00257898
285.684
472.218
168.682
0.0832169
0.00274758
0.0557776
0.0012297
0.000155131
30.8319
3.50284e-05
8.96598e-05
8.48453e-09
3.19455e-05
2.19901e-08
2.45495e-10
2.06707e-07
2.03248e-10
2.39372e-10
1.52275e-12
3.79712e-10
2.23829e-12
4.17426e-15
9.20793e-13
2.71366e-15
9.47089e-15
1.56823e-15
8.05641e-15
0
0
0
0
0
0
0
0
4.67465e-06
1.83092e-12
2.34755e-10
2.68027e-12
3.80851e-10
2.34697e-14
2.75643e-12
0.688802
342.007
12.9903
15.3807
24.4346
33.1918
0.232205
8.73317e-07
0.0137703
0.0116587
0.0124201
0.000164319
0.000170193
0.000155828
2.51592e-12
2.4859e-10
3.00937e-11
2.84084e-10
2.63338e-12
2.6083e-10
3.34727e-12
2.30622e-17
2.33005e-14
2.30622e-17
0
7.52598e-15
0
2.19091e-15
0
0
0
0
0
0
0
0
0
0
0
0
0
0
0
0
0
0
0
0
0
0
0
0
0
0
0
0
0
0
0
0
0
0
0
0
0
0
0
0
0
0
0
0
0
0
0
0
0
0
0
0
0
0
0
0
8.76365e-16
0
0
5.99618e-16
5.99618e-16
0
0
8.90866e-13
0
2.43691e-15
0
8.94815e-15
0
0
1.05625e-14
1.79949e-10
1.36528e-14
2.06922e-13
8.8918e-13
1.99217e-12
3.13646e-15
0
0
0
0
0
0
0
0
0
0
0
0
0
0
0
0
0
0
0
0
0
0
0
0
0
0
0
0
0
0
0
0
0
0
0
0
0
0
0
0
0
0
0
0
0
0
0
0
0
0
0
0
0
0
0
0
0
0
0
0
0
0
0
0
0
0
0
0
0
0
0
0
0
0
0
0
0
0
0
0
0
0
0
0
0
0
0
0
0
0
0
0
0
0
0
0
0
0
0
0
0
0
0
0
0
0
0
0
0
0
0
0
5.70416e-05
1.23138e-08
1.41019e-05
4.65848e-11
1.35113e-09
3.06725e-11
7.46188e-10
1.66566e-05
0.000118642
6.65908e-06
9.37404e-09
2.76786e-09
8.24768e-09
6.01916e-09
1.72032e-10
1.30973e-07
4.18043e-10
1.04663e-10
7.19853e-13
2.48867e-10
1.89474e-12
6.55736e-15
3.09512e-12
1.11929e-14
4.34339e-15
6.76492e-16
9.78608e-15
0
0
0
0
0
0
0
0
0
0
0
0
0
0
0
1.66431e-12
2.30622e-17
1.33069e-14
3.77683e-14
7.93187e-14
0
6.91867e-17
3.21338e-10
7.03675e-06
2.72285e-08
1.25069e-08
7.18911e-08
3.30839e-08
1.27181e-10
2.9643e-12
3.6284e-10
2.02205e-11
3.89415e-10
3.03238e-12
3.86599e-10
3.35871e-12
0
2.72211e-14
1.63742e-15
3.78605e-14
2.30622e-17
6.68036e-15
6.91867e-17
0
0
0
0
0
0
0
0
0
0
0
0
0
0
0
0
0
0
0
0
0
0
0
0
0
0
0
0
0
4.91994e-16
0
0
0
0
0
0
0
0
0
0
0
0
0
0
0
0
0
0
0
0
0
0
0
0
0
0
0
0
0
0
0
0
0
0
0
0
0
0
0
0
0
0
0
0
0
0
0
0
0
0
0
0
0
0
0
0
0
0
0
0
0
0
0
0
0
0
0
0
0
0
0
0
0
0
0
0
0
0
0
0
0
0
0
0
0
0
0
0
0
0
0
0
0
0
0
0
0
0
0
0
0
0
0
0
0
0
0
0
0
0
0
0
0
0
0
0
0
0
0
0
0
0
0
0
0
0
0
0
0
0
0
0
0
0
0
0
0
0
0
0
0
0
0
0
0
0
0
0
0
0
0
0
3.92298e-12
5.16748e-14
1.98424e-12
8.53303e-16
1.11006e-14
2.30622e-17
5.15057e-15
5.04141e-12
2.00138e-11
1.41559e-11
6.19298e-14
1.36221e-14
2.94889e-14
3.44912e-14
2.12173e-15
7.5644e-13
5.01219e-15
4.4587e-16
0
1.41448e-15
0
0
0
0
0
0
0
0
0
0
0
0
0
0
0
0
0
0
0
0
0
0
2.0756e-16
0
0
0
0
0
0
0
0
0
0
0
0
0
0
0
0
0
0
0
0
0
0
0
0
0
0
0
0
0
0
0
0
0
0
0
0
0
0
0
0
0
0
0
0
0
0
0
0
0
0
0
0
0
0
0
0
0
0
0
0
0
0
0
0
0
0
0
0
0
0
0
0
0
0
0
0
0
0
0
0
0
0
0
0
0
0
0
0
0
0
0
0
0
0
0
0
0
0
0
0
0
0
0
0
0
0
0
0
0
0
0
0
0
0
0
0
0
0
0
0
0
0
0
0
0
0
0
0
0
0
0
0
0
0
0
0
0
0
0
0
0
0
0
0
0
0
0
0
0
0
0
0
0
0
0
0
0
0
0
0
0
0
0
0
0
0
0
0
0
0
0
0
0
0
0
0
0
0
0
0
0
0
0
0
0
0
0
0
0
0
0
0
0
0
0
0
0
0
0
0
0
0
0
0
0
0
0
0
0
0
0
0
0
0
0
0
0
0
0
0
0
0
0
0
0
0
0
0
0
0
0
0
0
0
0
0
0
0
0
0
0
0
0
0
0
0
0
0
0
0
0
0
0
0
0
0
0
0
0
0
0
0
0
0
0
0
0
0
0
0
0
0
0
0
0
0
0
0
0
0
0
0
0
0
0
0
0
0
0
0
0
0
0
0
0
0
0
0
0
0
0
0
0
0
0
0
0
0
0
0
0
0
0
0
0
0
0
0
0
0
0
0
0
0
0
0
0
0
0
0
0
0
0
0
0
0
0
0
0
0
0
0
0
0
0
0
0
0
0
0
0
0
0
0
0
0
0
0
0
0
0
0
0
0
0
0
0
0
0
0
0
0
0
0
0
0
0
0
0
0
0
0
0
0
0
0
0
0
0
0
0
0
0
0
0
0
0
0
0
0
0
0
0
0
0
0
0
0
0
0
0
0
0
0
0
0
0
0
0
0
0
0
0
0
0
0
0
0
0
0
0
0
0
0
0
0
0
0
0
0
0
0
0
0
0
0
0
0
0
0
0
0
0
0
0
0
0
0
0
0
0
0
0
0
0
0
0
0
0
0
0
0
0
0
0
0
0
0
0
0
0
0
0
0
0
0
0
0
0
0
0
0
0
0
0
0
0
0
0
0
0
0
0
99.7035
195.161
4.62375
171.051
524.602
31.0558
32.8782
102.82
1265.12
643.556
17.0708
2238.81
70.2768
37.6784
143.044
209.714
556.122
13.3496
1262.29
32.5595
67.3932
5.40274e-05
0.000184001
1.03438e-08
3.44926e-05
0.0136428
3.48282e-07
1.79454e-06
0.0140395
44.6927
1.52448
1.14622
3.48475
2.81242
0.00426689
0.000150543
0.000101889
0.00390014
2.20154e-07
0.0122405
6.06425e-07
4.89217e-05
1.3137e-13
1.2753e-11
5.10982e-14
7.84927e-12
1.37417e-11
5.12135e-14
1.321e-13
2.10216e-11
3.72051e-07
9.39463e-10
1.32655e-09
2.09457e-09
3.50004e-09
1.07046e-11
2.26554e-13
1.45717e-11
2.15495e-11
8.44385e-14
2.53514e-11
8.45308e-14
1.90361e-13
2.26848e-13
1.38373e-16
0
0
1.92185e-15
7.22617e-16
6.97248e-15
7.17923e-11
1.07515e-10
4.75809e-09
2.38763e-13
1.52795e-08
5.5128e-13
2.0978e-11
2.97841e-13
0
8.14866e-16
1.84498e-16
2.3831e-15
9.07115e-16
8.38082e-14
0
0
0
0
0
0
0
0
0
0
0
0
0
0
0
0
0
0
0
0
0
0
0
0
0
0
0
0
0
0
0
0
0
0
0
0
0
0
0
0
0
0
0
0
0
0
0
0
0
0
0
0
0
0
0
0
0
0
0
0
0
0
0
0
0
0
0
0
0
0
0
0
0
0
0
0
0
0
0
0
0
0
0
0
0
0
0
0
0
0
0
0
0
0
0
0
0
0
0
0
0
0
0
0
0
0
0
0
0
0
0
0
0
0
0
0
0
0
0
0
0
0
0
0
0
0
0
0
0
0
0
0
0
0
0
0
0
0
0
0
0
0
0
0
0
0
0
0
0
0
0
0
0
0
0
0
0
0
0
0
0
0
0
0
0
0
0
0
0.410548
117.758
1.77875
1.88565
12.4241
12.3833
0.0070645
0.00479136
0.285369
0.00278061
4.83755e-06
0.271942
0.000775955
1.28381e-05
0.000981796
0.00463944
0.000518561
2.36235e-07
0.266896
6.60941e-05
5.82199e-06
7.07518e-09
0.000133227
4.86056e-09
6.1729e-09
7.14682e-07
7.3265e-07
7.17698e-11
6.35291e-09
0.000106976
3.78124e-09
3.65925e-09
6.4734e-07
6.19206e-07
3.79167e-11
5.34075e-11
3.76651e-10
3.56909e-10
3.59962e-12
5.35675e-09
4.13519e-12
3.64375e-12
6.83949e-14
5.38696e-12
1.63665e-14
2.34047e-12
5.10752e-14
7.76064e-12
1.62281e-14
5.80553e-14
9.3575e-12
1.15916e-12
1.06794e-13
5.63313e-12
1.10221e-13
7.74122e-15
9.45552e-16
2.49533e-14
2.48611e-14
0
7.9557e-14
9.22489e-17
0
0
0
0
0
3.76683e-15
0
0
9.22489e-17
2.59988e-14
2.19091e-14
0
3.33557e-14
2.30622e-17
0
0
0
0
0
0
0
0
0
0
0
0
0
0
0
0
0
0
0
0
0
0
0
0
0
0
0
0
0
0
0
0
0
0
0
0
0
0
0
0
0
0
0
0
0
0
0
0
0
0
0
0
0
0
0
0
0
0
0
0
0
0
0
0
0
0
0
0
0
0
0
0
0
0
0
0
0
0
0
0
0
0
0
0
0
0
0
0
0
0
0
0
0
0
0
0
0
0
0
0
0
0
0
0
0
0
0
0
0
0
0
0
0
0
0
0
0
0
0
0
0
0
0
0
0
0
0
0
0
0
0
0
0
0
0
0
0
0
0
0
0
0
0
0
0
0
0
0
0
0
0
0
0
0
0
0
0
0
0
0
0
0
0
0
0
0
0
0
0
0
0
0
0
0
0
0
1.47044e-10
2.78549e-06
1.20248e-09
1.30836e-09
3.04838e-08
1.34012e-08
1.92954e-11
1.39372e-12
9.24437e-11
3.90188e-11
1.86251e-13
1.49216e-10
7.1343e-13
1.91586e-13
9.73351e-13
6.19501e-11
4.38889e-11
2.83856e-13
9.61077e-11
6.1748e-13
2.85078e-13
7.03552e-14
9.51492e-12
8.573e-14
3.00323e-12
8.23245e-14
8.87094e-12
1.8765e-14
5.8801e-14
5.74831e-12
2.27186e-12
1.59821e-14
7.60213e-12
5.13212e-14
1.26535e-14
7.45679e-16
2.76516e-14
2.14786e-14
0
7.5206e-14
2.30622e-17
9.22489e-17
0
6.91867e-17
0
0
0
0
0
0
2.0756e-16
0
0
0
0
0
0
0
0
0
0
0
0
0
0
0
0
0
0
0
0
0
0
0
0
0
0
0
0
0
0
0
0
0
0
0
0
0
0
0
0
0
0
0
0
0
0
0
0
0
0
0
0
0
0
0
0
0
0
0
0
0
0
0
0
0
0
0
0
0
0
0
0
0
0
0
0
0
0
0
0
0
0
0
0
0
0
0
0
0
0
0
0
0
0
0
0
0
0
0
0
0
0
0
0
0
0
0
0
0
0
0
0
0
0
0
0
0
0
0
0
0
0
0
0
0
0
0
0
0
0
0
0
0
0
0
0
0
0
0
0
0
0
0
0
0
0
0
0
0
0
0
0
0
0
0
0
0
0
0
0
0
0
0
0
0
0
0
0
0
0
0
0
0
0
0
0
0
0
0
0
0
0
0
0
0
0
0
0
0
0
0
0
0
0
0
0
0
0
0
0
0
0
0
0
0
0
0
0
0
0
0
0
0
0
0
0
0
0
0
0
0
0
0
0
0
0
0
0
0
0
0
0
0
0
0
0
0
0
0
0
0
0
0
0
0
0
0
0
0
0
0
0
0
0
0
0
0
0
0
0
0
0
0
0
0
0
0
0
0
0
0
0
0
0
0
0
0
0
0
0
0
0
0
0
0
0
0
0
0
0
0
0
0
0
0
0
0
0
0
0
0
0
0
0
0
0
0
0
0
0
0
0
0
0
0
0
0
0
0
0
0
0
0
0
0
0
0
0
0
0
0
0
0
0
0
0
0
0
0
0
0
0
0
0
0
0
0
0
0
0
0
0
0
0
0
0
0
0
0
0
0
0
0
0
0
0
0
0
0
0
0
0
0
0
0
0
0
0
0
0
0
0
0
0
0
0
0
0
0
0
0
0
0
0
0
0
0
0
0
0
0
0
0
0
0
0
0
0
0
0
0
0
0
0
0
0
0
0
0
0
0
0
0
0
0
6.59022
305.085
55.727
5.41485
13.7551
85.7615
0.383203
5.16774e-08
1.2876e-08
1.78235e-06
0.000243582
5.35411e-08
1.83031e-06
8.62175e-06
819
33.0758
63.2084
7.99333
58.7168
74.686
1.14972
1.91501e-08
9.28274e-07
2.65507e-06
0.000354638
1.39266e-06
2.69362e-06
0.000143888
0
0
0
0
0
0
0
1.24259e-13
7.14929e-16
7.14929e-16
0
1.26842e-14
1.41756e-14
0
0
0
0
0
0
0
0
0
0
0
0
0
0
0
0
0
0
0
0
0
0
0
0
0
0
0
0
0
0
0
0
0
0
0
0
0
0
0
0
0
0
0
0
0
0
0
0
0
0
0
0
0
0
0
0
0
0
0
0
0
0
0
0
0
0
0
0
0
0
0
0
0
0
0
0
0
0
3.36025
3.25084
0.0155501
0.000703897
9.20975
0.0522402
0.0554732
3.13586e-08
1.62079e-11
3.15936e-10
3.90416e-08
4.0205e-08
4.16222e-06
1.05265e-09
0.00997517
5.45842e-07
0.000161449
2.53504e-06
1.48149e-06
0.000490424
1.50158e-08
3.42351e-12
3.17935e-12
4.5987e-12
4.85281e-10
3.15685e-10
3.25774e-10
3.22505e-10
0
0
0
0
0
0
0
6.91867e-17
0
0
0
0
0
0
0
0
0
0
0
0
0
0
0
0
0
0
0
0
0
0
0
0
0
0
0
0
0
0
0
0
0
0
0
0
0
0
0
0
0
0
0
0
0
0
0
0
0
0
0
0
0
0
0
0
0
0
0
0
0
0
0
0
0
0
0
0
0
0
0
0
0
0
0
0
0
0
0
0
0
0
0
2.77888e-09
1.34715e-09
1.48916e-11
5.1483e-12
7.45163e-09
7.69083e-11
2.6917e-10
6.74186e-14
5.95774e-15
1.44908e-14
2.38169e-12
3.88736e-12
6.89873e-12
1.26951e-12
1.24614e-11
4.48714e-14
1.31153e-13
1.21936e-13
5.75844e-12
9.31998e-12
5.0268e-14
0
0
0
1.70968e-14
3.33634e-15
6.97248e-15
6.14224e-15
0
0
0
0
0
0
0
0
0
0
0
0
0
0
0
0
0
0
0
0
0
0
0
0
0
0
0
0
0
0
0
0
0
0
0
0
0
0
0
0
0
0
0
0
0
0
0
0
0
0
0
0
0
0
0
0
0
0
0
0
0
0
0
0
0
0
0
0
0
0
0
0
0
0
0
0
0
0
0
0
0
0
0
0
0
0
0
0
0
0
0
0
0
0
0
0
0
0
0
0
0
0
0
0
0
0
0
0
0
0
0
0
0
0
0
0
0
0
0
0
0
0
0
0
0
0
0
0
0
0
0
0
0
0
0
0
0
0
0
0
0
0
0
0
0
0
0
0
0
0
0
0
0
0
0
0
0
0
0
0
0
0
0
0
0
0
0
0
0
0
0
0
0
0
0
0
0
0
0
0
0
0
0
0
0
0
0
0
0
0
0
0
0
0
0
0
0
0
0
0
0
0
0
0
0
0
0
0
0
0
0
0
0
0
0
0
0
0
0
0
0
0
0
0
0
0
0
0
0
0
0
0
0
0
0
0
0
0
0
0
0
0
0
0
0
0
0
0
0
0
0
0
0
0
0
0
0
0
0
0
0
0
0
0
0
0
0
0
0
0
0
0
0
0
0
0
0
0
0
0
0
0
0
0
0
0
0
0
0
0
0
0
0
0
0
0
0
0
0
0
0
0
0
0
0
0
0
0
0
0
0
0
0
0
0
0
0
0
0
0
0
0
0
0
0
0
0
0
0
0
0
0
0
0
0
0
0
0
0
0
0
0
0
0
0
0
0
0
0
0
0
0
0
0
0
0
0
0
0
0
0
0
0
0
0
0
0
0
0
0
0
0
0
0
0
0
0
0
0
0
0
0
0
0
0
0
0
0
0
0
0
0
0
0
0
0
0
0
0
0
0
0
0
0
0
0
0
0
0
0
0
0
0
0
0
0
0
0
0
0
0
0
0
0
0
0
0
0
0
0
0
0
0
0
0
0
0
0
0
0
0
0
0
0
0
0
0
0
0
0
0
0
0
0
0
0
0
0
0
0
0
0
0
0
0
0
0
0
0
0
0
0
0
0
0
0
0
0
0
0
0
0
0
0
0
0
0
0
0
0
0
0
0
0
0
0
0
0
0
0
0
0
0
0
0
0
0
0
0
0
0
0
0
0
0
0
0
0
0
0
0
0
0
0
0
0
0
0
0
0
0
0
0
0
0
0
0
0
0
0
0
0
0
0
0
0
0
0
0
0
0
0
0
0
0
0
0
0
0
0
0
0
0
0
0
0
0
0
0
0
0
0
0
0
0
0
0
0
0
0
0
0
0
0
0
0
0
0
0
0
0
0
0
0
0
0
0
0
0
0
0
0
0
0
0
0
0
0
0
0
0
0
0
0
0
0
0
0
0
0
0
0
0
0
0
0
0
0
0
0
0
0
0
0
0
0
0
0
0
0
0
0
0
0
0
0
0
0
0
0
0
0
0
0
0
0
0
0
0
0
0
0
0
0
0
0.226301
0.0908799
317.63
1.20394e-06
4.67068
1.00367
829.289
0.0630587
841.653
182.469
14.4095
1.15005
2548.41
463.25
1.10179e-08
34.8946
4.8796e-05
0.00823807
9.71529e-09
105.69
0.000287924
0.0110098
1.80829e-08
0.000210741
8.46488e-08
0.0726906
3.12383e-08
0.0100821
162.574
47.6415
5.24129
21.4786
168.617
25.704
58.5206
102004
2012.99
2801.05
7155.47
30677.1
77138.2
5319.85
78.0292
16.0269
130.414
332.87
59.8745
844.08
16.0751
184.001
336.365
47.1216
323.175
372.532
108.225
84.6375
0.0280227
0.0129146
169.329
4.35689e-09
6.45293e-08
3.12209e-08
0.00148976
0.00440042
425.909
107.297
1.08144e-07
1.73252e-08
0.00913135
0.000184993
2.34452e-08
15.2919
4.69585e-06
1.71706e-08
1.4146e-10
2.8671e-06
7.51038e-09
141.33
1456.49
4440.34
30.7354
5568.45
56.397
108.337
0.202266
5.84496
98.3048
5.02681
8.87418
0.0280908
7.63551
46.5519
305.641
94.5843
79.6687
101.187
107.046
21.5733
403.329
760.953
564.384
180.979
1370.2
302.052
383.97
145.61
233.33
317.063
37.6938
377.751
60.8042
87.5553
0.056011
0.0489821
6.66412
0.000380783
8.81222
0.00066436
0.061593
115.223
547.115
128.291
146.665
258.703
181.606
48.8944
706.086
248.671
1605.97
4673.11
680.039
13057.8
273.781
1486.74
82.7276
330.236
471.311
1210.79
15609.9
211.264
367.811
27.9221
82.5905
20.7818
171.958
22.2157
137.345
927.266
5216.69
141.932
6299.42
454.196
35693.4
341.841
5.95344
46.6421
73.9509
271.323
15.8217
19.1146
125.106
1906.92
269.836
179.861
790.924
4199.49
20253.7
364.005
93174.8
1743.98
323.946
931.497
9203.34
2028.81
3086.52
706.629
2508.68
4474.02
87725.6
2391.2
48478.2
3571.03
914.78
784.08
2098.73
34748.8
583.443
1749.58
2671.82
161619
18140.3
5216.46
11610.6
29699.2
101512
31855.5
116820
1032.32
2772.6
948.196
27603.1
3065.08
9902.28
4236.4
1867.35
5147.34
142457
12981.5
92988.4
14689
416.936
1129.22
4222.24
77794.7
683.027
2678.49
12287.4
42.1937
492.114
41.4902
345.897
67.0604
1143.26
53.8365
2.83787
0.0232195
2.08092
0.0101969
5.77175
0.0151986
3.42287
229.053
20.0861
38.2069
103.328
324.26
862.2
76.2858
186.258
346.045
384.871
134.316
504.56
179.694
67.1782
322.109
601.319
1368.2
374.988
913.627
588.937
280.642
449.807
574.479
888.541
1938.65
882.435
329.822
532.299
33.1177
130.569
1859.44
84.9592
214.751
12.6962
114.129
30.9104
62.4224
5.39938
20.2324
1753.33
175.858
92.0705
102.534
1107.1
347.552
37.7066
3585.18
98.7823
58.74
640.156
71.8467
102.874
123.077
2810.95
5576.44
97.1231
461.775
20.5508
82.524
143.651
354.487
2370.91
66.1957
26.3854
8.24916
0.0944719
0.606995
13.0846
24.8889
0.982324
12.9979
1.49503
0.0457394
0.0183876
9.64837
2.35249
0.0876792
3.70801
0.0635951
13.4413
23.8453
0.119596
13.8981
0.797641
59.2026
284.594
123.597
112.07
153.14
173.145
48.115
6.25303
24.5663
14.5736
0.44672
33.2356
0.438611
2.09577
8.03649
2.14981
54.8779
21.488
57.8407
7.94669
0.848349
111.353
116.156
105.642
309.478
289.121
293.015
237.619
763.585
1411.33
2321.22
574.4
1586.03
612.275
418.401
622.362
841.7
1520.85
327.431
1288.73
282.146
439.28
56.3171
41.5347
65.373
216.122
87.4096
94.0722
123.175
696.485
623.942
2167.16
1740.66
2458.83
846.657
747.951
92.0462
72.5574
115.372
228.213
203.497
270.299
237.076
72.1542
49.0317
101.41
180.851
113.178
157.428
234.141
206.468
209.594
414.547
82.8684
440.33
172.391
73.4073
224.823
288.576
892.906
206.404
638.289
402.959
140.695
342.67
547.512
820.224
1483.49
767.635
345.339
456.756
160.682
681.3
300.388
402.686
409.722
323.751
163.956
49.6844
98.5882
78.4805
8.9465
144.441
15.2954
22.946
75.0383
198.97
9.1537
77.5663
220.839
69.7532
19.617
4109.35
1747.89
2082.84
1556.43
3180.14
3731.95
3465.08
907.739
1451.16
2040.11
351.065
555.822
3605.36
766.9
7.4614
2.26741
61.8901
127.604
0.742953
16.6441
29.7164
2955.17
3161.26
723.613
3061.38
1622.58
7729.59
1444.7
1134.33
286.256
635.009
1192.05
1305.93
3238.25
731.406
677.49
626.366
963.867
1780.02
983.98
1425.37
1447.41
50056.4
8007.7
5161.5
7385.2
9359.45
8968.98
14095.7
3022.25
657.275
814.37
626.59
1707.59
1057.47
1378.58
2514.3
1717.96
2959.5
13252.9
2702.02
5118.8
3338.18
2.78607
157.825
30.3224
83.4406
125.995
368.718
17.535
549.211
154.172
231.57
383.378
865.328
1448.7
342.791
85.0063
1090.72
246.874
93.5142
89.6781
275.822
14.5662
1799.92
212.899
434.248
106.009
279.565
544.164
54.1256
1327.41
3158.88
4162.16
1019.36
271.843
778.585
299.212
704.71
626.388
2647.33
584.985
53.4138
166.497
225.72
5159.84
2953.31
7887.15
1230.11
589.994
1186.57
910.453
879.296
1832.05
3336.29
917.571
155.173
271.612
481.026
176.164
9.13974
24.1923
2.35408
17.3882
53.1054
0.63218
40845.2
130829
130240
41203.6
22921.6
36214.7
120036
7763.48
2528.96
3721.56
4193.39
3055.63
5038.75
3764.03
8730.97
3060.27
5742.89
4641.44
4166.95
7879.82
4146.47
25743.1
4851.13
27999.5
36412.4
5457.77
7163.96
32654.1
17167.1
39032.7
6535.88
23245.8
12462.7
30322.9
94091.6
25921.5
107037
13170
32831.7
17725.4
30321.8
104045
8876.69
8031.85
4641.12
5487.59
10341.9
11071.2
5748.35
190.094
329.878
464.915
696.131
479.61
208.822
306.917
626.948
74.0844
73.8226
20.1538
153.114
180.152
17.688
320.669
8.78005
55.9044
9.67693
22.6376
129.952
0.802127
498.876
396.804
132.98
149.256
328.737
515.903
133.758
1244.79
2007.28
3490.5
535.978
546.815
3211.54
823.698
1642.66
3522.85
5868.88
1101.28
4671.45
947.989
1840.71
333.524
129.363
52.3404
70.9125
153.179
216.199
88.4088
1463.78
1506.7
4070.89
7844.37
7583.4
1444.71
1959.44
300.145
90.3365
168.223
58.7739
214.173
328.209
126.143
372.223
145.514
381.365
92.478
326.633
424.859
140.413
929.214
580.838
1637.44
367.733
464.663
1079.16
2057.63
964.338
1535.57
2068.31
660.283
2538.07
1023.12
770.519
1593.35
1902.55
1579.19
6918.62
1114.08
4591.82
3788.6
2635.58
6945.09
8083.39
19337.4
5018.93
2168.37
4201.54
810.166
623.695
452.775
880.294
3223.74
1498.13
1801.09
662.106
453.855
1669.84
360.017
724.778
253.119
1059.54
622.703
946.623
1963.74
546.334
697.519
1283.83
378.022
1398.15
6874.55
3833.53
4322.64
2211.12
3000.69
3296.72
115.332
347.153
140.246
326.327
147.109
291.733
124.256
2327.62
962.703
2908.62
840.63
2163.66
758.359
2677.1
4852.66
5936.1
2714.9
17080.1
2196.92
4118.74
12111.7
1144.28
349.498
259.653
236.897
639.072
402.358
619.058
4377.52
4943.63
13130.7
2235.64
5655.79
13769
2194.11
1608.73
608.178
1024.32
358.032
951.367
1999.94
591.792
7223.02
8511.4
19038.2
36280.1
9232.54
8252.55
24893.5
1657.6
673.929
354.193
979.17
507.304
1709.72
798.71
85.6338
235.083
109.675
259.454
75.1162
112.644
247.353
1966.13
973.719
830.642
2109.69
5081.19
2130.84
4265.31
425.665
180.201
412.158
761.668
349.685
815.134
340.655
1598.31
542.485
2177.52
820.449
1563.8
2011.21
516.487
2995.98
3007.9
15689.2
2172.58
3837.57
5740.59
1196.14
3612.07
12822
7141.32
16965
3800.58
8000.33
14244.4
956.053
221.601
471.829
755.635
1674.94
446.342
613.633
6254.26
38513.2
18088.3
16472.1
28549.5
9340.65
29732.2
1916.26
880.059
2039.69
2501.09
1278.48
4660.12
1620.14
1063.25
336.171
442.445
755.925
474.349
1217.29
842.991
1930.96
500.613
1992.28
1226.55
1395.64
941.395
4885.99
6311.32
54179.4
6596.94
6563.73
2432.8
9207.14
9353.51
3201.76
7229.68
1208.74
2340.13
1010.74
2576.25
5103.86
3058.21
6457.46
3834.81
1855.19
4817.96
2457.73
1787.41
892.084
985.652
974.185
2422.28
1462.18
1899.94
1603.6
1502.08
4789.62
1910.38
5420.24
8063.06
2921.88
10013.4
1790.83
4279.31
2560.81
4980.74
9163
5293.01
17713.6
15217.7
46280.7
100877
19186.4
23307.3
9776.45
32474.4
4155.54
1660.84
3514.88
3629.23
5962.88
2384.25
2350.33
9632.79
14364.7
59998.5
13011.9
28860.2
7230.29
49372
4254.39
2556.22
7300.23
4343.37
7991.22
3766.55
3046.2
1491.52
1354.19
776.018
1896.44
7482.97
2946.74
2962.8
3447.12
13999.8
15761.2
14959.2
4905.62
6870.74
7728.14
1564.01
1182.81
4365.6
859.078
2478.82
2781.25
716.604
1352.17
1769.17
3576.73
1332.58
2218.96
2730.62
969.415
138908
132386
197930
155093
164585
158899
183563
49368.5
9853.04
19432.2
26984.7
33345
117024
50914.7
29411
4800.78
9901.19
8594.14
17607.4
16452.6
50187.8
52616.9
10831.5
55424.7
36035.1
30779.7
39238
74813.2
124690
130926
36421
35073
24818.6
116667
52389.6
159122
152490
117645
73117.5
125149
71499.1
165956
135951
114790
28497.8
28097.8
19295.8
49231.5
81765.8
20908.2
129020
29430.1
68233.6
31441.6
91624.3
41617.9
5446.84
1075.62
3360.86
2322.94
2353.49
4943.56
1670.08
7474.06
1746.71
8338.1
6799.52
3368.69
14122.1
3108.01
3976.8
723.588
1620.55
1945.41
5727.86
1686.61
2051.13
13450.2
31709.7
6076.86
11205.2
6984.08
27984.8
56053.7
8677.94
11167.5
2712.59
3196.07
10038.4
7375.64
2252.51
14103.5
53534.9
10245.3
5749.83
33238.8
11919
4171.71
3234.29
5472.77
6985.65
15375.6
9671.74
13554
29065
1683.3
3320.42
4869.58
10669.9
3700.85
14328.7
5357.52
8655.7
7311.51
6161.31
34677
29003.4
20062.4
16049.2
81803.9
55527.8
154118
118812
107017
149245
111422
21795.5
4608.77
25394.4
15255.2
21451
100057
11297.7
107763
43345.1
131382
100421
22167.2
53923.8
127304
51986.5
12425.1
106036
30861.4
118752
23029.2
9065.69
422.181
944.686
921.685
2177.08
825.514
1861.11
748.309
681.713
2795.12
1318.14
3510.38
2989.12
5534.69
1379.77
1756.78
3378.11
2126.12
4437.73
9358.92
5147.59
14103.8
13972.9
44826.6
30260.9
105972
10395.5
17064.9
25211.5
3062.62
580.821
1633.32
1941.69
3582.45
918.422
1157.07
3613.85
1453.85
6602.07
2073.96
4561.38
8319.55
1635.69
5896.21
4894.42
25124.8
3778.81
14773.8
23016.4
2977.86
136.979
48.0244
160.589
33.4444
172.125
37.9847
142.795
255.527
395.769
173.776
649.337
172.62
330.793
717.932
250.88
364.988
753.631
123.897
136.102
551.329
244.877
300.973
438.705
1112.42
891.53
347.536
934.656
376.499
256.181
681.956
354.276
920.947
568.565
267.943
299.193
283.466
1854.99
900.821
649.067
554.314
799.768
285.987
164.505
951.546
681.198
483.27
535.058
269.639
380.416
165.278
311.681
84.7447
81.3947
257.944
172.864
50.8231
363.168
615.787
1697.64
331.018
209.629
628.181
1053.66
286.661
371.577
902.43
101.456
133.156
678.469
281.695
436.355
841.248
2733.03
1528.27
815.975
1568.54
588.752
800.198
272.852
244.637
549.536
1632.61
1459.01
463.888
329.87
101.326
399.185
138.652
391.637
276.883
96.9761
934.148
2033.27
6057.18
1037.29
1243.31
2420.1
554.609
903.603
2584.95
1124.4
5690.67
1582.55
3712.37
959.069
229.069
58.1682
110.388
262.326
406.598
223.608
89.3427
363.095
2144.22
871.826
1542.36
949.739
405.915
557.317
1.09284e-08
0.0324413
0.000131278
6.99907e-08
1.48682e-08
0.835922
0.00201856
189.622
9.13416
64.6795
20.5654
60.413
185.698
60.4664
331.024
72.5244
46.1555
186.623
47.7678
262.507
154.373
217.528
2.14054
9.26003
18.0459
53.9202
78.6697
139.301
3.52255e-08
3.5487e-08
0.000399818
7.57411e-10
1.53367e-08
5.68382e-08
0.0102991
2.74871e-08
1.55333e-08
0.000717344
5.14465e-10
4.06178e-08
1.17364e-08
0.00456477
10.3144
6.75791
0.0234699
50.6291
0.757583
88.5449
6.77798
8.50482
27.9376
92.8623
9.96993
0.0111435
0.361674
4.59342
136.598
1.31306
5.97602
2.68493
12.0652
23.8296
46.4567
1.43358
121.852
22.5203
1.04439
4.79276
35.491
0.0472164
34.5429
18.5318
1.64708
0.0165017
43.1121
5.48802
2.3973
2.28719
1.82098
0.00729078
0.266587
97.3756
10.7882
8.2198
12.0648
0.00201563
9.48701
7.82729
0.0478853
88.7421
0.144475
13.3992
2.52075
51.1568
10.3012
0.00175935
0.0388746
0.154756
8.90249e-09
0.00354369
4.53658e-05
2.68224e-10
4.71534e-11
3.02568e-08
1.10956e-08
1.07123
1.3582
18.8565
0.00376629
59.1067
0.0300475
1.08574
0.0011565
1.44535e-08
0.000514245
1.68741e-10
3.08269e-08
1.22121e-10
2.17199e-08
1.25598
13.7389
1.07321
0.0010161
42.3064
0.424799
0.0160135
3.91387e-09
6.79727e-05
8.54206e-07
7.97878e-11
9.93706e-12
1.22354e-09
2.45834e-10
5.66678
0.154828
0.00123569
0.0501175
5.37737
0.078091
0.546152
0.857876
3.40123
0.000364336
0.113577
0.222166
9.78503
0.00139037
0.675254
0.0643992
5.19509
22.5382
0.0348723
3.35991
0.250324
1.7295
0.0271844
8.54131
0.731834
0.000443896
0.10617
0.00248596
0.4659
0.377467
0.00104674
3.13666e-05
1.3708
0.00304088
0.00289964
1.91029
0.666213
8.71925
0.0339841
0.00145996
0.0353994
0.00908519
5.57507e-12
1.44346e-06
1.08082e-09
2.67871e-09
1.35424e-11
2.38276e-05
4.04002e-09
0.0086037
1.76304e-06
0.0315867
0.0099015
7.97608e-05
1.62058
0.000388868
0.114565
0.417247
9.12241e-06
0.0823993
6.08329
0.00025747
0.00120106
0.0302694
0.00468756
0.494149
6.32218
0.000999704
0.03237
0.497222
0.00476284
0.710102
2.0265
8.97874
0.0236083
0.126911
6.03873
8.65377
0.000668422
0.0460963
1.16089
1.02613
28.0492
0.00991346
1.28195
0.000143088
0.0171632
0.502155
0.0641706
5.55809
0.000867196
0.0830116
0.115666
2.56329e-05
1.21591
0.000585436
6.03914
0.00469909
0.537658
0.772933
1.8415
5.06995e-05
14.9515
0.00157185
0.00363466
0.0873257
1.37252
1.41206
0.0211129
7.13771e-05
0.00687158
0.000199824
0.0721035
0.326532
0.860413
0.014095
1.66259e-05
0.000154489
0.000580038
5.35897e-12
3.21766e-07
2.456e-10
1.86597e-09
9.39254e-12
1.55156e-06
4.8085e-10
0.00493723
0.0620687
0.699303
0.027611
6.98034e-06
7.279e-05
0.00115026
0.0185986
0.648423
1.14355
0.0022325
9.33746e-05
0.0013146
0.000162882
0.716747
0.180132
0.994153
0.00173024
0.000146341
0.00152504
0.00158296
0.0493937
0.0122284
1.64573
0.0526864
5.76892e-06
0.00122255
0.000406314
0.00581483
0.01408
0.770328
0.00294671
7.60208e-07
3.53987e-05
3.4472e-05
1.20454e-09
5.37356e-09
0.000238109
2.24831e-12
1.17403e-11
3.04553e-11
2.03175e-09
4.70757e-09
6.23699e-10
3.12436e-05
1.39279e-12
2.88876e-11
7.03333e-12
1.01587e-09
1.32672e-09
7.35939e-10
3.60625e-06
6.97062e-13
6.87813e-12
4.76043e-12
2.93288e-10
0.00413416
2.43583e-07
6.95137e-05
0.000559303
0.000258314
0.131463
3.14423e-06
0.75632
1.72023e-05
0.000348275
0.000243014
0.0019277
0.00143716
0.023108
0.0168652
0.00273603
0.235687
0.0101917
8.2425e-07
2.98956e-05
0.000124818
0.020252
0.00840658
1.16375e-06
0.106591
4.42256e-05
0.00106518
2.23008e-05
0.0193465
0.122134
8.32551e-05
0.134784
9.77887e-05
0.00116964
0.00112266
0.000398031
0.000254243
5.75345
0.00012982
0.0366279
1.68485e-06
0.0153567
2.24979
4.30659e-05
0.0143133
0.000243885
0.000224363
0.0268211
9.28465e-07
0.464328
2.28353e-05
0.00326978
0.000130812
2.22189e-05
0.0046177
3.85998e-07
0.322328
0.000269973
0.00140155
9.61064e-05
0.000572282
9.20491e-06
8.45949e-07
0.0561654
1.02417e-05
9.57871e-06
3.09541e-06
0.000427012
0.000363662
0.00246913
5.03532e-06
0.109704
5.35141e-06
5.16483e-06
0.000608301
0.000603701
6.33154e-08
1.35059e-05
0.000762623
0.0015727
8.51535e-07
0.00281903
2.07337e-06
6.06478e-06
0.0100807
8.06023e-06
4.50431e-06
1.97478e-07
0.000868199
3.61929e-05
2.01718e-05
2.22575e-06
1.2948e-06
0.000435627
0.00574052
1.41823e-07
2.61015e-05
1.837e-05
0.000897567
0.0226401
0.00055675
8.01436e-07
0.0659602
0.000254204
2.82196e-06
0.00613435
3.77283e-07
4.97758e-05
0.00141859
0.000953425
0.114752
4.91316e-06
0.000363341
0.0141329
5.55301e-07
0.000169917
0.000209244
0.103126
1.86489e-06
0.000542764
6.09173e-07
1.56453e-06
6.47032e-06
0.000820577
0.0013772
2.44309e-06
0.0131712
2.07505e-05
3.5094e-07
9.30057e-06
6.4289e-05
0.00179606
2.93817e-05
5.60681e-06
0.038602
0.000303914
2.51979e-06
0.000126168
1.87477e-06
5.36889e-08
0.013848
4.94478e-06
2.12368e-06
0.000206385
9.98067e-05
1.14902e-06
3.3323e-08
0.0313562
8.95606e-05
1.38395e-05
0.00122194
0.000168469
3.84358e-06
3.14812e-07
0.0284993
2.73752e-05
8.44762e-05
2.21384e-05
0.000104181
5.68706e-07
1.78713e-07
1.33274e-12
2.50345e-07
1.51072e-10
1.39135e-12
8.38657e-13
1.27681e-10
1.632e-12
2.64406e-07
3.21166e-07
0.00566418
3.0246e-07
6.01182e-05
7.33423e-09
5.90016e-05
1.9453e-06
0.000347996
5.45391e-05
6.05644e-08
0.000725351
1.00086e-06
1.68363e-07
0.000137356
6.4929e-08
7.21645e-07
5.27296e-06
0.000114065
0.00174028
4.1158e-07
0.00140116
2.38192e-07
1.42909e-05
1.95416e-07
1.10589e-05
7.29335e-08
3.80215e-09
0.0108232
6.34791e-06
4.0577e-05
3.47593e-06
2.58644e-05
2.98714e-07
5.50532e-08
2.54424e-06
0.00830864
1.83065e-06
3.11368e-05
2.6752e-08
2.34386e-05
2.37496e-07
7.55667e-12
8.82025e-10
2.26388e-10
1.4223e-11
8.57885e-12
2.26541e-09
4.66642e-10
1.04261e-06
4.75275e-08
7.68116e-06
0.000139553
8.09112e-07
0.000286695
5.48477e-08
2.05453e-12
2.82558e-09
2.46408e-11
1.80954e-12
1.66676e-12
7.68895e-12
1.7368e-12
1.02177e-08
1.48103e-05
7.41938e-08
9.01284e-07
5.91993e-06
0.000168549
3.99589e-08
3.33862e-05
5.64746e-08
1.43342e-07
1.43716e-06
0.000179216
0.000436554
6.17623e-07
0.000433331
1.49798e-06
2.29273e-06
2.07345e-08
1.07946e-06
1.35992e-06
1.71138e-08
5.36564e-08
1.79853e-06
0.000197277
2.92299e-07
6.69305e-06
2.98138e-08
9.74555e-07
7.60751e-08
4.43795e-07
1.18601e-08
3.20404e-08
0.000127103
4.50117e-06
6.28647e-07
0.000201191
2.27238e-08
1.80252e-07
1.1011e-07
2.25031e-06
1.30784e-06
2.40161e-05
0.00171425
2.04999e-07
5.9692e-08
1.1499e-07
8.8368e-06
2.59055e-05
4.15219e-06
0.00119214
3.55096e-08
5.28202e-06
1.24277e-07
7.83347e-08
2.00942e-05
1.06087e-08
0.00034209
4.64199e-07
1.58283e-07
9.13345e-06
1.26393e-06
8.21565e-05
3.13252e-05
0.000229542
2.46708e-07
7.26059e-07
2.2453e-06
6.9589e-06
5.97625e-08
3.66188e-08
0.000293423
2.02145e-07
2.58202e-06
1.60293e-07
2.01498e-06
2.65494e-08
1.03359e-08
5.43806e-05
3.68681e-08
4.63155e-07
1.34485e-07
3.36039e-07
2.57009e-05
1.25601e-06
2.66807e-11
1.00147e-08
5.12433e-11
2.66641e-11
2.6348e-11
6.06152e-11
2.65155e-11
2.92547e-07
0.00017823
1.42477e-07
4.82651e-05
6.32609e-07
6.20796e-05
2.58277e-07
7.20882e-08
0.00015792
1.59975e-06
3.53986e-08
5.13636e-08
8.89315e-07
2.70487e-08
5.66614e-05
2.43017e-08
2.0886e-08
1.44161e-08
5.71106e-07
3.85858e-07
1.44986e-06
0.00166994
1.43375e-07
7.75243e-06
2.3539e-07
2.09313e-07
2.41276e-05
1.08045e-07
3.70249e-05
2.01893e-08
3.31249e-08
8.90317e-08
2.19009e-07
9.74685e-07
3.70673e-06
2.6231e-05
1.44057e-08
1.2752e-07
3.83696e-08
1.08556e-06
1.56761e-08
1.06369e-08
2.3266e-08
6.59099e-05
5.82718e-07
1.94502e-08
4.20912e-07
1.36565e-08
1.01811e-08
1.6388e-06
8.77691e-07
2.55894e-08
7.31363e-07
2.32809e-08
1.89531e-08
1.37813e-08
5.10756e-10
1.61134e-11
2.71551e-10
1.88253e-11
9.39956e-10
1.63331e-11
3.60291e-10
1.50934e-05
3.68968e-07
3.55027e-08
7.04453e-08
7.62688e-06
9.81901e-08
6.17182e-07
1.77989e-06
2.11474e-06
1.70363e-06
1.47483e-07
0.000443062
1.59249e-07
1.57789e-07
1.11166e-06
7.40832e-07
6.14735e-08
4.05723e-07
7.03051e-08
0.000124864
6.60832e-08
2.934e-07
2.06644e-07
3.41242e-05
7.62056e-07
2.98564e-08
3.52451e-08
3.3302e-08
8.67534e-06
1.22964e-08
1.50209e-08
1.19605e-08
5.37254e-08
2.02272e-07
2.01547e-07
1.47861e-08
8.99793e-06
6.11287e-08
1.80162e-08
1.93031e-07
1.4283e-08
1.30296e-08
1.44323e-05
3.4692e-08
1.01797e-07
6.34238e-08
4.59322e-07
2.975e-08
2.72198e-08
2.92475e-07
7.36919e-07
1.91937e-07
3.00153e-08
2.88793e-08
2.63027e-08
2.46317e-08
6.3996e-12
7.68408e-12
2.62132e-10
5.66063e-12
6.35321e-12
8.96515e-12
1.6705e-10
2.55811e-11
2.52396e-11
5.21111e-10
2.27948e-11
2.77377e-11
2.71703e-11
8.58601e-10
4.8058e-08
4.75193e-08
3.36676e-08
1.43014e-08
3.53135e-06
1.45984e-08
1.43601e-08
2.73116e-06
1.32243e-08
1.24099e-08
8.81958e-09
8.04046e-07
2.5988e-08
2.24717e-08
2.44012e-08
2.37582e-08
3.5646e-07
4.65854e-06
2.23024e-08
5.38156e-08
4.77393e-08
1.59806e-08
1.69471e-08
1.49385e-08
1.5429e-08
2.90018e-06
2.90871e-08
4.28953e-08
5.79238e-08
5.68298e-08
1.82119e-08
1.80189e-08
4.53458e-08
1.82318e-08
1.82336e-08
2.39628e-08
1.92377e-08
2.4239e-07
3.22888e-06
1.89759e-08
3.36224e-08
1.44651e-07
8.57786e-06
1.1698e-07
8.30865e-07
1.02892e-07
7.8392e-06
1.17697e-07
4.4796e-06
3.20729e-08
3.38108e-07
5.08573e-07
3.18198e-06
4.7327e-08
4.41544e-08
3.52793e-06
2.98889e-08
3.24585e-07
3.38111e-06
6.28179e-08
1.3744e-08
1.42341e-08
1.79121e-08
1.48047e-07
1.25385e-06
1.70764e-05
1.32716e-07
4.87622e-08
4.98202e-08
5.58137e-08
1.17843e-07
7.9965e-07
8.91138e-06
8.21783e-08
3.39301e-08
3.46841e-08
3.79454e-08
1.00253e-07
4.29279e-08
2.77293e-08
1.26727e-07
2.87104e-08
2.78522e-08
2.72663e-08
8.7063e-12
7.82756e-12
1.11305e-10
7.48636e-12
9.27299e-12
7.81538e-12
9.25454e-11
2.43137e-08
2.62356e-08
1.57113e-06
2.78551e-08
3.09441e-08
2.41692e-08
3.8366e-08
1.33433e-08
1.52925e-08
7.57377e-07
1.39724e-08
2.08733e-08
1.30822e-08
1.59904e-08
2.84718e-08
2.80066e-08
2.7501e-08
2.76806e-08
1.25645e-06
4.14307e-08
3.28173e-08
8.52696e-08
5.45827e-08
2.7318e-06
5.06882e-08
3.53064e-08
3.54112e-08
3.54377e-08
7.27498e-08
4.48193e-08
2.14904e-06
3.83575e-08
2.72465e-08
2.7334e-08
2.73887e-08
1.45006e-08
6.42199e-08
8.0007e-07
2.86532e-08
1.09424e-08
1.11382e-08
1.22516e-08
9.63047e-12
1.28185e-10
3.08066e-11
9.59297e-12
9.59025e-12
1.03069e-11
9.66855e-12
2.48568e-08
1.20464e-07
3.19166e-07
2.59251e-08
2.351e-08
2.3604e-08
2.41838e-08
1.11313e-11
1.65027e-10
3.33822e-11
1.10752e-11
1.10708e-11
1.14142e-11
1.1091e-11
4.55501e-08
3.72609e-08
5.85752e-07
4.26643e-08
3.51798e-08
3.50668e-08
3.5121e-08
2.39976e-08
1.64129e-08
2.78312e-07
1.98111e-08
1.54222e-08
1.54057e-08
1.54572e-08
1.58426e-07
3.17163e-08
4.46546e-07
3.22815e-08
2.97134e-08
3.04701e-08
2.98424e-08
1.28869e-08
1.2924e-08
1.10545e-08
1.25398e-08
1.10732e-08
1.11105e-08
1.11345e-08
5.57763e-11
1.30656e-11
5.15258e-11
1.29991e-11
1.32534e-11
1.29988e-11
1.31943e-11
2.60365e-08
1.74593e-08
8.48637e-08
1.7912e-08
1.71847e-08
1.72531e-08
1.7228e-08
2.05629e-08
3.99772e-08
8.51985e-08
2.00414e-08
1.98248e-08
1.98376e-08
1.98952e-08
9.54232e-11
1.95254e-11
7.30642e-11
1.93772e-11
1.94971e-11
1.93761e-11
1.945e-11
1.22844e-08
2.27219e-08
1.25345e-08
1.21046e-08
5.87862e-08
1.2149e-08
1.21402e-08
3.16949e-08
1.09176e-08
9.3665e-09
9.42265e-09
1.32396e-08
2.04854e-08
9.43206e-09
2.43647e-08
2.44935e-08
2.40896e-08
2.3482e-08
1.47565e-07
2.33728e-08
2.35206e-08
1.79457e-08
1.81325e-08
1.72106e-08
1.76458e-08
1.71539e-08
1.22687e-07
1.71709e-08
1.90971e-08
1.442e-08
1.44343e-08
1.46562e-08
7.88476e-08
1.50262e-08
1.44631e-08
5.34328e-08
3.13643e-08
1.62533e-07
3.15273e-08
3.07827e-08
3.08668e-08
3.08456e-08
3.00884e-08
2.22164e-08
2.17516e-08
1.20113e-07
2.17695e-08
2.23675e-08
2.18298e-08
2.28863e-09
2.33666e-09
4.22946e-09
2.28839e-09
2.27851e-09
2.27984e-09
2.28073e-09
4.71144e-09
6.3011e-09
7.61396e-09
4.70771e-09
4.69707e-09
4.69837e-09
4.70355e-09
1.31635e-08
1.23137e-08
1.23106e-08
1.23387e-08
1.23926e-08
2.12274e-08
1.23192e-08
8.53788e-09
8.24727e-09
9.0262e-09
1.15734e-08
8.25231e-09
9.51485e-09
8.25504e-09
7.54366e-09
7.53167e-09
1.38079e-08
7.64383e-09
7.51063e-09
7.51892e-09
7.50514e-09
8.92743e-09
9.06304e-09
1.65704e-08
8.95899e-09
8.90444e-09
8.91033e-09
8.89416e-09
1.1323e-08
1.11427e-08
2.17222e-08
1.11533e-08
1.11041e-08
1.10955e-08
1.11113e-08
6.13165e-09
6.15886e-09
6.12209e-09
6.21321e-09
6.12956e-09
6.11879e-09
6.11709e-09
)
;

boundaryField
{
    ground
    {
        type            calculated;
        value           nonuniform List<scalar> 
1411
(
0
0
0
0
0
0
0
0
0
0
0
0
0
0
0
0
0
0
0
0
0
0
0
0
0
0
0
0
0
0
0
0
0
0
0
0
0
0
0
0
0
0
0
0
0
0
0
0
0
0
0
0
0
0
0
0
0
0
0
0
0
0
0
0
0
0
0
0
0
0
0
0
0
0
0
0
0
0
0
0
0
0
0
0
0
0
0
0
0
0
0
0
0
0
0
0
0
0
0
0
0
0
0
0
0
0
0
0
0
0
0
0
0
0
0
0
0
0
0
0
0
0
0
0
0
0
0
0
0
0
0
0
0
0
0
0
0
0
0
0
0
0
0
0
0
0
0
0
0
0
0
0
0
0
0
0
0
0
0
0
0
0
0
0
0
0
0
0
0
0
0
0
0
0
0
0
0
0
0
0
0
0
0
0
0
0
0
0
0
0
0
0
0
0
0
0
0
0
0
0
0
0
0
0
0
0
0
0
0
0
0
0
0
0
0
0
0
0
0
0
0
0
0
0
0
0
0
0
0
0
0
0
0
0
0
0
0
0
0
0
0
0
0
0
0
0
0
0
0
0
0
0
0
0
0
0
0
0
0
0
0
0
0
0
0
0
0
0
0
0
0
0
0
0
0
0
0
0
0
0
0
0
0
0
0
0
0
0
0
0
0
0
0
0
0
0
0
0
0
0
0
0
0
0
0
0
0
0
0
0
0
0
0
0
0
0
0
0
0
0
0
0
0
0
0
0
0
0
0
0
0
0
0
0
0
0
0
0
0
0
0
0
0
0
0
0
0
0
0
0
0
0
0
0
0
0
0
0
0
0
0
0
0
0
0
0
0
0
0
0
0
0
0
0
0
0
0
0
0
0
0
0
0
0
0
0
0
0
0
0
0
0
0
0
0
0
0
3.60232e-14
9.94136e-14
4.84307e-15
0
0
0
0
0
0
0
0
0
0
0
0
0
0
0
0
0
0
9.22489e-17
1.60342e-13
7.51079e-12
1.73554e-11
2.85007e-12
4.62782e-15
0
0
0
0
0
0
0
0
0
0
0
0
0
0
0
0
0
1.49964e-13
2.28881e-11
3.50965e-10
3.40724e-08
1.48058e-09
5.52187e-14
0
0
0
0
0
0
0
0
0
0
0
0
0
0
0
0
0
0
3.61385e-14
5.67916e-12
5.18732e-10
8.55974e-08
3.68676
0.000835106
2.46997e-12
0
0
0
0
0
0
0
0
0
0
0
0
0
0
0
0
0
0
6.97726e-14
1.0715e-11
3.21411e-08
1.59511
1292.71
184.364
0
0
0
0
0
0
0
0
0
0
0
0
0
0
0
0
0
4.10508e-15
2.21621e-12
6.90726e-10
0.000424372
103.854
5.4198
0
0
0
0
0
0
0
0
0
0
0
0
0
0
0
0
0
0
7.84885e-15
3.50003e-12
7.14932e-10
5.99952e-06
5.48455e-09
0
0
0
0
0
0
0
0
0
0
0
0
0
0
0
0
0
0
0
6.74186e-15
7.44156e-13
6.7766e-12
7.46448e-14
0
0
0
0
0
0
0
0
0
0
0
0
0
0
0
0
0
0
0
0
1.37605e-15
0
0
0
0
0
0
0
0
0
0
0
0
0
0
0
0
0
0
0
0
0
0
0
0
0
0
0
0
0
0
0
0
0
0
0
0
0
0
0
0
0
0
0
0
0
0
0
0
0
0
0
0
0
0
0
0
0
0
0
0
0
0
0
0
0
0
0
0
0
0
0
0
0
0
0
0
0
0
0
0
0
0
0
0
0
0
0
0
0
0
0
0
0
0
0
0
0
0
0
0
0
0
0
0
0
0
0
0
0
0
0
0
0
63.5389
0
0
1.05155e-06
0
0
7.85318e-12
0
0
0
0
0
0
0
0
0
0
0
0
0
0
0
0
0
0
0
0
0
0
0
0
0
0
0
0
0
0
0
0
0
0
0
0
0
0
0
0
0
0
0
0
0
0
0
0
0
0
0
0
0
0
0
0
0
0
0
0
0
0
0
0
0
0
3.92747e-10
88.4609
0
0
0
0
0
0
0
0
0
0
0
0
0
0
0
0
0
0
0
0
0
0
0
0
0
0
0
0
0
0
0
0
0
0
0
0
0
0
0
0
0
0
0
0
0
0
0
0
0
0
0
0
0
0
0
0
0
0
0
0
0
0
0
0
0
0
0
0
0
0
0
0
0
0
0
0
0
0
0
0
0
0
0
0
0
0
0
0
0
0
0
0
0
0
0
0
0
0
0
0
0
0
0
0
0
0
0
0
0
0
0
0
0
0
0
0
0
0
0
0
0
0
0
0
0
0
0
0
0
0
0
0
0
0
0
0
0
0
0
0
0
0
0
0
0
0
0
0
0
0
0
2.65277e-13
8.14866e-16
1.54142e-08
6.53589e-11
1.824
0.362152
0.0513634
0.59886
0
0
1.92312e-06
0.000235694
7.76477e-11
1.31158e-08
0
0
3.20565e-14
4.31079e-13
6.91867e-17
8.07178e-16
0
0
0
0
0
0
0
0
0
0
0
0
0
0
0
0
0
0
0
0
0
0
0
0
0
0
0
0
0
0
0
0
0
0
0
0
0
0
0
0
0.0799298
0.000733995
3.40049e-06
0
0
0
0
0
0
0
0
0
0
0
0
0
0
0
0
0
0
0
0
0
0
0
0
0
0
0
0
0
0
0
0
0
0
0
0
0
0
0
0
0
0
0
0
0
0
0
0
0
0
1.41602e-14
1.18603e-11
2.27643e-09
4.55247e-06
2.30622e-17
1.95875e-14
7.60967e-12
0
0
0
0
0
0
0
0
0
0.111587
426.574
1022.64
4.18426e-14
1.55826e-12
3.0464e-10
0
0
0
0
0
0
471.87
216.585
569.081
23.1091
27.5533
333.966
0
0
0
52.478
6.60539e-05
0.000927274
0.104466
0.000281402
0.0829576
0
0
0
3.67818e-07
1.09229e-09
2.12109e-09
5.49223e-11
3.04493e-12
2.11014e-10
0
0
0
3.05572e-12
9.53239e-15
2.28316e-14
5.38119e-16
0
5.6195e-15
0
0
0
0
0
0
0
0
0
0
0
0
0
0
0
0
0
0
0
0
0
0
0
0
0
6.97248e-15
1.38373e-16
195.161
32.8782
4.62375
0
0
0
0
0
0
0.000184001
1.79454e-06
1.03438e-08
0
0
0
0
0
0
1.2753e-11
1.321e-13
5.10982e-14
0
0
0
0
0
0
0
0
0
5.16774e-08
8.62175e-06
5.35411e-08
13.7551
0.383203
6.59022
0
0
0
0
0
0
0
0
0
0
0
0
0
0
0
0
0
0
0
0
0
0
0
0
1.80829e-08
0.000210741
0.0110098
0.0908799
317.63
0.226301
5.24129
58.5206
47.6415
841.653
182.469
0.0630587
2801.05
5319.85
2012.99
47.1216
84.6375
336.365
34.8946
4.8796e-05
1.10179e-08
130.414
16.0751
16.0269
1210.79
211.264
82.7276
248.671
273.781
1605.97
706.629
3571.03
2391.2
583.443
2671.82
914.78
1743.98
3086.52
323.946
346.045
67.1782
134.316
2082.84
3465.08
1747.89
7.4614
29.7164
0.742953
677.49
1447.41
983.98
2.78607
17.535
125.995
89.6781
14.5662
85.0063
1327.41
299.212
271.843
53.4138
225.72
704.71
4641.44
4146.47
3060.27
4641.12
5748.35
5487.59
2528.96
3764.03
4193.39
546.334
378.022
946.623
1535.57
770.519
660.283
1462.18
1603.6
892.084
4343.37
3046.2
2556.22
1660.84
2350.33
3629.23
1769.17
969.415
1332.58
2501.09
1620.14
880.059
1855.19
1787.41
3834.81
336.171
842.991
755.925
0.0324413
0.000131278
1.09284e-08
64.6795
60.4664
9.13416
1.55333e-08
0.000717344
2.74871e-08
3.5487e-08
0.000399818
3.52255e-08
1.31306
46.4567
5.97602
1.43358
0.0472164
4.79276
13.3992
0.154756
0.00175935
0.00201563
0.144475
9.48701
0.154828
0.546152
0.00123569
9.12241e-06
0.00120106
0.417247
1.44346e-06
1.08082e-09
5.57507e-12
0.0315867
0.000388868
1.76304e-06
0.000999704
0.497222
0.0302694
0.0873257
0.000199824
7.13771e-05
3.21766e-07
2.456e-10
5.35897e-12
9.33746e-05
0.000162882
0.0185986
7.60208e-07
3.4472e-05
0.00581483
0.00840658
2.23008e-05
1.16375e-06
8.2425e-07
0.000124818
0.0168652
9.57871e-06
0.00246913
1.02417e-05
4.94478e-06
3.3323e-08
2.12368e-06
2.51979e-06
5.36889e-08
5.60681e-06
8.82025e-10
2.26388e-10
7.55667e-12
7.68116e-06
5.48477e-08
4.75275e-08
1.02177e-08
3.99589e-08
5.91993e-06
4.63155e-07
1.25601e-06
3.68681e-08
5.13636e-08
2.70487e-08
7.20882e-08
2.43017e-08
1.44986e-06
2.0886e-08
2.3266e-08
1.01811e-08
1.94502e-08
1.61134e-11
2.71551e-10
5.10756e-10
3.55027e-08
6.17182e-07
3.68968e-07
1.22964e-08
2.01547e-07
1.50209e-08
1.47861e-08
1.30296e-08
1.80162e-08
2.52396e-11
5.21111e-10
2.55811e-11
7.68408e-12
2.62132e-10
6.3996e-12
2.39628e-08
1.44651e-07
1.89759e-08
7.82756e-12
1.11305e-10
8.7063e-12
2.72465e-08
2.73887e-08
7.27498e-08
8.52696e-08
3.54377e-08
3.53064e-08
2.39976e-08
1.54572e-08
1.54222e-08
3.51798e-08
3.5121e-08
4.55501e-08
2.33666e-09
2.28073e-09
2.27851e-09
)
;
    }
    outlet
    {
        type            calculated;
        value           nonuniform List<scalar> 
1661
(
0
0
0
0
0
0
0
0
0
0
0
0
0
0
0
0
0
0
0
0
0
0
0
0
0
0
0
0
0
0
0
0
0
0
0
0
0
0
0
0
0
0
0
0
0
0
0
0
0
0
0
0
0
0
0
0
0
0
0
0
0
0
0
0
0
0
0
0
0
0
0
0
0
0
0
0
0
0
0
0
0
0
0
0
0
0
0
0
0
0
0
0
0
0
0
0
0
0
0
0
0
0
0
0
0
0
0
0
0
0
0
0
0
0
0
0
0
0
0
0
0
0
0
0
0
0
0
0
0
0
0
0
0
0
0
0
0
0
0
0
0
0
0
0
0
0
0
0
0
0
0
0
0
0
0
0
0
0
0
0
0
0
0
0
0
0
0
0
0
0
0
0
0
0
0
0
0
0
0
0
0
0
0
0
0
0
0
0
0
0
0
0
0
0
0
0
0
0
0
0
0
0
0
0
0
0
0
0
0
0
0
0
0
0
0
0
0
0
0
0
0
0
0
0
0
0
0
0
0
0
0
0
0
0
0
0
0
0
0
0
0
0
0
0
0
0
0
0
0
0
0
0
0
0
0
0
0
0
0
0
0
0
0
0
0
1.37605e-15
0
0
0
0
0
0
0
0
0
0
0
0
0
0
0
0
0
0
0
0
0
0
0
0
0
0
0
0
0
0
0
0
0
0
0
0
0
0
0
0
0
0
0
0
0
0
0
0
0
0
0
0
0
0
0
0
0
0
0
0
0
0
0
0
0
0
0
0
0
0
0
0
0
0
0
0
0
0
0
0
0
0
0
0
0
0
0
0
0
0
0
0
0
0
0
0
0
0
0
0
0
0
0
0
0
0
0
0
0
0
0
0
0
0
0
0
0
0
0
0
0
0
0
0
0
0
0
0
0
0
0
0
0
0
0
0
0
0
0
0
0
0
0
0
0
0
0
0
0
0
0
0
0
0
0
0
0
0
0
0
0
0
0
0
0
0
0
0
0
0
0
0
0
0
0
0
0
0
0
0
0
0
0
0
0
0
0
0
0
0
0
0
0
0
0
0
0
0
0
0
0
0
0
0
0
0
0
0
0
0
0
0
0
0
0
0
0
0
0
0
0
0
0
0
0
0
0
0
0
0
0
0
0
0
0
0
0
0
0
0
0
0
0
0
0
0
0
0
0
0
0
0
0
0
0
0
0
0
0
0
0
0
0
0
0
0
0
0
0
0
0
0
0
0
0
0
0
0
0
0
0
0
0
0
0
0
0
0
0
0
0
0
0
0
0
0
0
0
0
0
0
0
0
0
0
0
0
0
0
0
0
0
0
0
0
0
0
0
0
0
0
0
0
0
0
0
0
0
0
0
0
0
0
0
0
0
0
0
0
0
0
0
0
0
0
0
0
0
0
0
0
0
0
0
0
0
0
0
0
0
0
0
0
0
0
0
0
0
0
0
0
0
0
0
0
0
0
0
0
0
0
0
0
0
0
0
0
0
0
0
0
0
0
0
0
0
0
0
0
0
0
0
0
0
0
0
0
0
0
0
0
0
0
0
0
0
0
0
0
0
0
0
0
0
0
0
0
0
0
0
0
0
0
0
0
0
0
0
0
0
0
0
0
0
0
0
0
0
0
0
0
0
0
0
0
0
0
0
0
0
0
0
0
0
0
0
0
0
0
0
0
0
0
0
0
0
0
0
0
0
0
0
0
0
0
0
0
0
0
0
0
0
0
0
0
0
0
0
0
0
0
0
0
0
0
0
0
0
0
0
0
0
0
0
0
0
0
0
0
0
0
0
0
0
0
0
0
0
0
0
0
0
0
0
0
0
0
0
0
0
0
0
0
0
0
0
0
0
0
0
0
0
0
0
0
0
0
0
0
0
0
0
0
0
0
0
0
0
0
0
0
0
0
0
0
0
0
0
0
0
0
0
0
0
0
0
0
0
0
0
0
0
0
0
0
0
0
0
0
0
0
0
0
0
0
0
0
0
0
0
0
0
0
0
0
0
0
0
0
0
0
0
0
0
0
0
0
0
0
0
0
0
0
0
0
0
0
0
0
0
0
0
0
0
0
0
0
0
0
0
0
0
0
0
0
0
0
0
0
0
0
0
0
0
0
0
0
0
0
0
0
0
0
0
0
0
0
0
0
0
0
0
0
0
0
0
0
0
0
0
0
0
0
0
0
0
0
0
0
0
0
0
0
0
0
0
0
0
0
0
0
0
0
0
0
0
0
0
0
0
0
0
0
0
0
0
0
0
0
0
0
0
0
0
0
0
0
0
0
0
0
0
0
0
0
0
0
0
0
0
0
0
0
0
0
0
0
0
0
0
0
0
0
0
0
0
0
0
0
0
0
0
0
0
0
0
0
0
0
0
0
0
0
0
0
0
0
0
0
0
0
0
0
0
0
0
0
0
0
0
0
0
0
0
0
0
0
0
0
0
0
0
0
0
0
0
0
0
0
0
0
0
0
0
0
0
0
0
0
0
0
0
0
0
0
0
0
0
0
0
0
0
0
0
0
0
0
0
0
0
0
0
0
0
0
0
0
0
0
0
0
0
0
0
0
0
0
0
0
0
0
0
0
0
0
0
0
0
0
0
0
0
0
0
0
0
0
0
0
0
0
0
0
0
0
0
0
0
0
0
0
0
0
0
0
0
0
0
0
0
0
0
0
0
0
0
0
0
0
0
0
0
0
0
0
0
0
0
0
0
0
0
0
0
0
0
0
0
0
0
0
0
0
0
0
0
0
0
0
0
0
0
0
0
0
0
0
0
0
0
0
0
0
0
0
0
0
0
0
0
0
0
0
0
0
0
0
0
0
0
0
0
0
0
0
0
0
0
0
0
0
0
0
0
0
0
0
0
0
0
0
0
0
0
0
0
0
0
0
0
0
0
0
0
0
0
0
0
0
0
0
0
0
0
0
0
0
0
0
0
0
0
0
0
0
0
0
0
0
0
0
0
0
0
0
0
0
0
0
0
0
0
0
0
0
0
0
0
0
0
0
0
0
0
0
0
0
0
0
0
0
0
0
0
0
0
0
0
0
0
0
0
0
0
0
0
0
0
0
0
0
0
0
0
0
0
0
0
0
0
0
0
0
0
0
0
0
0
0
0
0
0
0
0
0
0
0
0
0
0
0
0
0
0
0
0
0
0
0
0
0
0
0
0
0
0
0
0
0
0
0
0
0
0
0
0
0
0
0
0
0
0
0
0
0
0
0
0
0
0
0
0
0
0
0
0
0
0
0
0
0
0
0
0
0
0
0
0
0
0
0
0
0
0
0
0
0
0
0
0
0
0
0
0
0
0
0
0
0
0
0
0
0
0
0
0
0
0
0
0
0
0
0
0
0
0
0
0
0
0
0
0
0
0
0
0
0
0
0
0
0
0
0
0
0
0
0
0
0
0
0
0
0
0
0
0
0
0
0
0
0
0
0
0
0
0
0
0
0
0
0
0
0
0
0
0
0
0
0
0
0
0
0
0
0
0
0
0
0
0
0
0
0
0
0
0
0
0
0
0
0
0
0
0
0
0
0
0
0
0
0
0
0
0
0
0
0
0
0
0
0
0
0
0
0
0
0
0
0
0
0
0
0
0
0
0
0
0
0
0
0
0
0
0
0
0
0
0
0
0
0
0
0
0
0
0
0
0
0
0
0
0
0
0
0
0
0
0
0
0
0
0
0
0
0
0
0
0
0
0
0
0
0
0
0
0
0
0
0
0
0
0
0
0
0
0
0
0
0
0
0
0
0
0
0
)
;
    }
    wall
    {
        type            calculated;
        value           uniform 0;
    }
    wall2
    {
        type            calculated;
        value           uniform 0;
    }
    wall3
    {
        type            calculated;
        value           nonuniform List<scalar> 
564
(
0
0
0
0
0
0
0
0
0
0
0
0
0
0
0
0
0
0
0
0
0
0
0
0
0
0
0
0
0
28.4099
12.9434
28.1928
17.1797
5.46276e-05
4.19175e-07
0.000147062
7.22201e-07
9.87448e-14
8.76365e-16
1.74043e-13
1.5298e-15
2.20297e-09
8.56942e-12
3.22219e-09
1.17691e-11
0
0
0
0
0
0
0
0
0
0
0
0
0.00192547
0.00104239
1.76365e-05
9.46876e-06
6.83724e-09
5.55044e-11
5.01811e-11
4.33562e-13
1.76272e-14
2.53685e-16
3.22871e-16
0
3.64529e-13
1.35298e-15
2.40616e-15
0
0
0
0
0
0
0
0
0
0
0
0
0
2.44219e-12
1.2515e-12
1.01704e-14
8.87127e-15
1.71199e-14
2.53685e-16
1.38373e-16
0
0
0
0
0
0
0
0
0
0
0
0
0
0
0
0
0
0
0
0
0
0
0
0
0
0
0
0
0
0
0
0
0
0
0
0
0
0
0
0.362152
0.0513634
4.13489
0.111909
0.000235694
7.76477e-11
0.00244036
1.69365e-09
4.31079e-13
6.91867e-17
1.02403e-11
1.38373e-16
1.54142e-08
8.14866e-16
1.33303e-07
6.25755e-15
0
0
0
0
0
0
0
0
0
0
0
0
0.14289
0.00411587
4.02373e-08
1.90472e-09
0.000108127
3.72534e-11
2.90155e-11
2.51686e-14
2.42261e-13
0
8.84052e-16
0
7.80526e-09
3.45934e-16
3.75914e-15
0
0
0
0
0
0
0
0
0
0
0
0
0
2.13461e-10
9.7572e-12
0
6.30368e-16
0
1.92185e-15
1.62735e-13
5.61181e-16
0
0
0
0
0
0
0
0
0
0
0
0
0
0
0
0
0
0
0
0
0
0
0
0
0
0
0
0
0
0
0
0
0
0
0
0
0
0
0
0
0
0.0799298
3.40049e-06
0.533261
2.79515e-05
0
0
0
0
0
0
0
0
0
0
0
0
0
0
0
0
0
0
0.0111194
1.56569e-06
4.40592e-09
7.08518e-13
0
0
0
0
0
0
0
0
0
0
0
0
0
0
0
0
0
0
2.17846e-11
4.03589e-15
0
2.30622e-17
0
0
0
0
0
0
0
0
0
0
0
0
0
0
0
0
0
0
0
0
0
1.824
9.08345
0.59886
0.585313
18.2648
8.36054
1.89887
6.81215
1.92312e-06
0.0133068
1.31158e-08
2.65943e-09
0.0209556
4.25532e-05
4.74341e-09
2.38153e-07
3.20565e-14
1.47995e-11
8.07178e-16
6.91867e-17
2.66154e-11
9.7338e-14
1.38373e-16
1.13005e-15
6.53589e-11
5.31047e-07
2.65277e-13
3.12955e-14
7.8326e-07
5.22073e-10
4.00668e-14
1.90109e-12
0
0
0
0
0
0
0
0
0
0
0
0
0
0
0
0
0
0
0
0
0
0
0
0
0.820928
0.00151637
0.28398
7.16841e-05
6.39619e-06
1.07534e-07
3.16165e-07
4.85223e-08
6.70572e-07
6.65488e-07
5.42788e-09
7.15303e-13
4.87869e-09
3.11845e-13
3.46087e-14
2.72673e-14
2.03332e-14
3.06036e-14
1.38373e-16
0
6.68805e-16
0
0
0
3.33417e-11
8.03684e-11
1.32946e-13
0
5.84712e-13
0
0
0
0
0
0
0
0
0
0
0
0
0
0
0
0
0
0
0
0
0
0
0
0
0
0
0
5.49668e-10
9.93521e-13
2.47966e-10
2.19239e-13
4.65857e-15
6.30368e-16
0
6.05768e-15
1.92185e-15
0
1.83114e-14
2.26471e-14
5.61181e-16
0
1.38373e-16
0
0
0
0
0
0
0
0
0
0
0
0
0
0
0
0
0
0
0
0
0
0
0
0
0
0
0
0
0
0
0
0
0
0
0
0
0
0
0
0
0
0
0
0
0
0
0
0
0
0
0
0
0
0
0
0
0
0
0
0
0
0
0
0
0
0
0
0
0
0
0
0
0
0
0
0
0
0
0
0
0
0
0
0
0
0
0
0
0
0
1.95603
0.000111075
5.44858
0.000168233
0
0
0
0
2.30622e-17
0
6.91867e-17
0
0
0
0.000176277
1.61109e-08
7.45146e-07
1.14276e-10
0
0
0
0
0
0
0
0
0
0
1.28764e-13
1.38373e-16
8.76365e-16
0
0
0
0
0
0
0
0
0
0
0
)
;
    }
    internalPatch
    {
        type            internal;
    }
}


// ************************************************************************* //
