/*--------------------------------*- C++ -*----------------------------------*\
  =========                 |
  \\      /  F ield         | OpenFOAM: The Open Source CFD Toolbox
   \\    /   O peration     | Website:  https://openfoam.org
    \\  /    A nd           | Version:  9
     \\/     M anipulation  |
\*---------------------------------------------------------------------------*/
FoamFile
{
    format      ascii;
    class       volScalarField;
    location    "0.00075";
    object      impulse;
}
// * * * * * * * * * * * * * * * * * * * * * * * * * * * * * * * * * * * * * //

dimensions      [1 -1 -1 0 0 0 0];

internalField   nonuniform List<scalar> 
7135
(
0
0
0
0
0
0
6.71467e-14
0
0
0
0
0
0
0
0
0
1.03942e-16
0
1.9749e-15
1.14336e-15
0
6.23654e-16
3.11827e-16
5.82077e-15
0
0
0
0
0
0
8.93903e-15
0
0
0
0
0
0
0
0
0
0
0
0
0
0
0
1.03942e-16
0
0
0
0
0
0
1.87096e-15
7.03689e-14
7.89961e-15
7.1585e-13
4.48511e-13
1.4344e-14
4.05375e-15
0
0
0
0
0
0
0
1.9589e-12
3.97257e-12
1.08557e-12
1.41018e-12
2.43422e-12
7.07847e-14
8.69997e-14
4.65661e-14
1.80756e-13
1.13488e-05
3.51666e-08
9.80873e-05
1.30218e-06
5.85481e-08
2.56853e-05
2.04986e-07
6.68757e-07
4.41221e-07
1.02265e-06
4.21436e-08
3.03615e-13
0
1.07061e-14
0
0
0
2.1516e-14
1.76702e-15
1.49677e-14
3.97059e-14
1.35125e-15
3.11827e-16
0
1.03942e-16
4.26163e-15
0
0
0
0
0
1.55913e-15
6.86019e-15
2.13082e-14
6.23654e-16
6.86019e-15
0
0
1.76702e-15
0
3.11827e-16
0
3.11827e-16
0
0
0
0
1.03942e-16
0
0
0
0
0
0
0
0
0
0
0
0
0
0
0
0
0
0
0
0
0
0
0
0
0
0
0
0
0
0
0
0
0
0
0
0
0
0
0
0
0
0
0
0
0
0
0
0
0
0
0
0
0
0
0
0
0
0
0
0
0
2.39067e-15
0
0
0
0
0
0
0
0
0
0
0
0
0
0
0
0
0
0
0
0
0
0
0
0
0
0
0
0
0
0
0
0
0
0
0
0
0
0
0
0
0
0
0
0
0
0
0
0
0
0
0
0
0
0
0
0
0
0
0
0
0
0
0
0
0
0
0
0
0
1.03942e-16
0
0
0
0
0
0
0
0
0
0
0
0
0
0
0
0
0
0
0
0
0
0
0
0
0
0
0
0
0
0
0
0
0
0
0
0
0
0
0
0
0
0
0
16.6297
0.0295933
0.000733587
8.85963
1.07738
1.47494
0.00688695
0.249626
0.342182
22.257
0.034941
0.000173889
0.00806335
268.503
315.413
0.000145605
0.000252972
1.60251e-08
129.055
4.53035e-07
1.26668e-06
4.9982e-09
2.27242e-10
1.49561
0.34921
0.00013008
2.37164e-09
2.72208e-09
1.38648e-09
55.9367
24.1914
9.98897
90.5415
15.6173
0.0310569
0.904555
1.04311
0.000818747
0.0204633
0.00410739
0.12388
0.0125687
3.63395e-07
1.29171e-05
4.35616e-08
4.79603e-08
7.72912e-07
8.09793e-07
2.50981e-08
1.0087e-07
7.67937e-09
1.0261e-07
2.79901e-09
1.20893e-07
4.93267e-09
7.96133e-08
4.56777e-10
1.04994e-10
2.36052e-10
433.576
200.697
72.1432
58.3564
141.177
14.3006
39.4705
2.40613
0.241077
0.00016485
0.00351481
4.81569e-06
595.476
1029.14
282.541
420.973
1931.53
822.564
282.557
357.577
296.56
314.48
641.768
483.611
331.813
290.85
299.182
125.675
411.29
77.0124
166.089
57.2013
2.57889
0.0101722
14.7851
0.00046532
630.786
959.943
1087.88
755.77
622.539
782.154
1009.95
434.332
563.062
345.75
435.351
444.148
577.913
334.992
2042.87
1581.25
1661.88
1160.85
887.097
1231.22
297.83
306.096
371.144
334.947
298.341
301.347
350.346
305.935
325.827
311.567
334.995
305.972
343.837
316.396
705.334
576.085
637.913
531.894
540.513
591.677
300.744
306.753
312.725
251.581
317.042
287.004
274.171
267.452
195.662
198.2
145.774
252.169
217.992
215.558
466.134
309.984
361.11
187.345
105.122
230.211
62.9571
124.417
72.1761
11.2712
142.423
49.3934
18.0293
11.1286
0.425485
0.186735
0.0219041
6.71379
0.921726
0.373415
25.2131
0.693486
1.5994
0.0184921
0.00106423
0.0426177
613.895
776.82
1737.25
713.223
24.9578
296.285
310.646
24.7855
543.671
76.8736
0.00375706
338.162
266.735
0.0562319
335.232
26.1498
0.000385147
144.262
72.0345
6.16463
0.00239397
985.553
941.417
610.824
308.602
454.817
391.54
240.374
378.878
495.467
176.902
350.514
301.35
176.184
14.1471
89.2406
1.03572
971.912
712.75
278.17
111.966
146.73
0.752748
0.0272066
325.842
331.143
188.918
308.441
322.167
283.555
150.88
155.87
128.694
3.03165
277.582
132.712
98.099
1.02986
0.123431
17.8272
0.0400969
174.881
402.02
115.301
0.0979293
45.6876
0.0322965
0.001289
299.448
259.296
128.215
282.788
193.917
99.7217
14.057
68.8734
77.6811
0.337799
143.593
0.268016
2.11805
0.000273378
0.0125539
0.000278299
1.00338e-05
79.3418
46.2929
0.720303
0.0100173
0.0596478
8.10997e-06
3.13273e-07
120.177
38.9451
0.970594
0.308377
0.00941242
0.00345971
1.86069e-05
0.000297757
0.081934
1.12223e-05
7.36138e-05
7.1476e-06
1.70208e-06
2.27729e-08
0.028884
0.000147625
6.87969e-07
3.5291e-07
6.38138e-08
1.15893e-09
1497
1428.49
1234
471.986
571.064
358.972
9.28168
425.277
484.978
377.398
20.2869
65.9598
16.628
0.00280662
0.000102108
247.634
241.598
165.8
3.92669
8.54366
0.718716
1.33333e-05
6.03563e-05
2.05564e-06
1.58645
0.220017
0.0498827
0.000152646
7.80942e-05
5.10145e-06
575.725
891.544
838.077
706.56
604.614
641.451
811.777
536.392
638.293
726.318
485.868
489.73
566.732
726.182
437.328
529.093
349.471
349.386
447.287
480.279
340.073
414.786
354.956
291.32
298.464
383.141
421.302
319.704
378.387
549.93
382.972
399.248
437.708
307.768
461.091
307.512
279.085
275.804
128.997
224.145
215.743
371.556
287.956
281.73
251.346
111.088
342.215
203.554
195.045
217.659
61.1741
61.2548
53.6766
139.051
127.471
126.416
183.288
55.3946
135.635
15.4585
15.8779
65.9095
1236.49
795.667
1018.97
1032.53
576.824
870.85
507.216
427.862
692.266
266.019
61.6309
181.425
329.524
54.6673
176.291
13.5761
10.9962
67.63
0.769674
285.848
309.809
292.567
307.853
301.776
299.17
270.512
263.988
251.275
244.447
174.15
281.902
234.165
225.661
281.727
296.754
298.611
244.644
299.013
258.453
276.822
256.456
163.732
215.243
200.197
224.273
213.767
249.137
133.75
207.099
70.6558
117.238
147.068
191.67
62.3811
71.7737
28.4827
24.5819
2.1542
81.7055
23.2666
20.2145
125.525
109.453
170.708
48.7211
181.432
57.3634
114.565
66.2945
1.72529
15.6797
13.1939
20.526
17.7393
57.3096
0.0869065
3.44166
0.0866472
2.42624
0.00303306
0.0693874
0.0692313
1.17598
0.00139853
1.94446
0.00245699
0.0401606
297.596
152.741
262.204
445.612
306.849
344.9
137.684
207.285
238.141
2.09921
0.0705579
1.52499
58.6261
9.63451
14.1887
0.0563829
0.703455
1.2117
0.00227433
4.64556e-05
8.35606e-05
241.289
288.735
220.642
220.416
264.445
267.016
182.85
209.381
198.69
176.816
93.0774
235.106
168.356
139.92
202.421
165.93
173.959
69.7947
230.716
130.117
142.093
165.649
50.1901
60.8943
39.1765
119.479
90.0982
103.097
61.8464
150.853
33.1993
48.0576
93.9679
116.423
14.2549
19.268
8.00753
6.34301
0.0561116
40.7485
1.8448
1.3436
26.1825
17.6965
24.2462
0.135374
69.1139
2.402
4.16281
3.86349
0.00494974
0.00892892
0.00662588
0.167532
0.122125
0.225493
0.0020153
0.38979
0.000419738
0.00201265
0.0649197
6.57918e-05
0.000177475
0.000176589
0.000312105
4.09013e-07
0.0056853
5.82548e-06
1.07461e-05
158.106
38.0181
93.5467
133.978
20.6734
79.5996
9.3939
5.5963
35.319
0.226626
0.00160751
0.0373317
1.0448
0.00374837
0.0666111
0.000142213
0.000189531
0.003357
5.29395e-06
1.65693e-08
1.85861e-07
17.0052
100.155
20.4239
5.08885
71.0356
33.0691
1.40422
5.42326
15.292
6.63642
0.0285633
40.6093
0.806831
0.240744
0.800122
0.145873
0.0689403
0.0008505
2.90874
0.035445
0.01819
0.152002
0.000752195
0.000459892
0.00015144
0.0195933
0.00621358
0.00349903
0.0048142
2.52074
0.00515486
0.00245672
0.167814
0.0729074
0.000160814
0.000252522
0.000345323
0.000260575
4.73074e-07
0.00830857
1.20038e-05
8.55665e-06
0.000125618
6.63474e-05
4.33004e-05
1.55673e-07
0.00181263
4.52213e-06
3.43946e-06
7.19202e-06
4.03952e-08
3.83578e-07
3.50493e-08
6.82627e-07
2.76436e-07
5.69931e-07
0.256794
0.000926271
0.00811147
0.00587425
3.45774e-05
0.00135543
2.61973e-05
5.81107e-06
0.00022563
7.88038e-06
1.96436e-08
2.79229e-07
2.25086e-06
7.61201e-09
1.54419e-07
2.27629e-09
1.98119e-09
1.07397e-08
356.845
333.787
266.462
310.146
396.101
374.038
291.824
271.201
261.41
272.368
290.658
284.028
281.734
273.4
287.537
314.845
306.217
317.866
302.006
294.842
312.454
1227.49
1267.34
578.6
607.981
1081.62
601.602
1129.58
286.9
307.735
310.971
301.488
300.195
307.066
314.616
389.637
426.655
340.048
334.161
423.189
443.233
352.148
267.991
71.0667
267.016
218.849
18.3673
174.722
26.7045
324.466
341.469
328.36
323.854
330.157
327.362
338.588
325.083
319.519
320.003
309.413
309.424
331.487
312.16
1165.65
1082.91
625.883
611.016
1014.65
603.956
932.791
363.223
366.333
444.768
460.69
335.95
428.37
351.91
318.961
328.204
299.513
298.174
312.49
315.035
279.913
339.464
322.538
310.183
289.77
337.14
306.799
328.246
307.321
296.399
309.444
326.619
266.398
272.433
293.047
300.334
286.723
305.715
276.813
261.1
250.925
234.184
622.897
881.18
582.731
751.782
601.962
548.23
843.634
332.226
299.118
256.471
310.905
310.18
337.668
270.85
204.062
276.999
267.698
291.218
220.805
257.702
249.656
264.371
323.754
254.766
281.139
283.762
308.27
231.72
320.369
281.75
236.113
258.976
260.656
302.167
208.838
359.309
444.414
320.549
309.419
412.2
400.085
267.899
193.085
283.179
238.413
231.134
246.509
239.433
182.675
288.134
264.333
241.734
210.503
180.089
238.874
210.761
453.823
675.365
660.001
565.094
517.451
504.864
568.113
2.32309e-06
0.455337
1.94573e-05
5.64728e-07
0.00265423
3.8862e-06
0.000917621
1.44458e-06
1.40791e-07
5.39263e-08
0.00157525
4.16257e-07
1.58561e-08
0.763773
0.000420663
0.000622679
0.000802606
0.0149157
0.020081
0.026806
1.08948e-05
2.21638e-05
0.000487503
0.00274692
0.000105931
0.000127127
3.23409e-06
0.00368542
8.42756e-05
9.96327e-05
0.00222206
2.62647e-06
3.79864e-05
4.53051e-05
6.84392e-05
8.14503e-05
0.001259
4.2009e-06
1.22379e-07
3.47375e-06
9.83575e-08
1.55136e-06
2.85488e-06
5.92926e-05
1.10102e-05
1.30197e-05
9.11209e-08
0.000376429
1.99103e-06
2.03429e-06
4.29495e-07
4.4742e-09
6.78488e-08
0.622791
1.62221
7.00721e-07
462.881
92.1073
231.402
36.0216
108.206
1.07078
91.0935
0.00151914
15.3239
2.69443
4.27346e-06
0.000239816
7.23902e-06
0.20452
142.737
0.00101512
0.373328
0.0690778
1.39427
0.0522435
244.585
107.212
191.132
123.431
258.334
207.914
181.577
216.454
252.764
198.882
146.684
209.587
191.12
127.496
200.285
144.452
124.536
107.159
185.521
166.099
87.9686
95.0044
174.791
130.137
235.655
210.047
168.727
199.441
129.83
223.967
215.992
244.908
163.597
196.408
187.293
229.699
247.794
232.062
127.955
278.516
190.664
173.053
131.433
63.6115
119.794
147.576
208.07
134.209
192.582
225.003
85.4378
167.635
59.6242
198.426
136.965
116.059
224.136
206.689
131.551
301.227
273.772
365.647
206.577
85.2456
141.308
141.203
225.491
155.746
207.998
74.6088
131.83
231.437
174.322
142.284
203.019
165.257
101.759
353.326
289.631
353.713
461.076
379.038
546.356
435.603
265.263
112.766
175.27
289.11
342.509
195.748
252.512
111.857
100.323
49.367
125.881
182.216
171.325
114.833
474.39
392.129
314.879
391.997
574.965
460.74
474.43
37.5913
105.539
141.695
66.9125
98.0409
139.274
63.6349
121.793
132.632
186.286
60.0552
196.616
69.0425
121.728
394.154
317.923
367.519
278.453
218.016
342.593
272.013
280.672
146.359
196.786
136.047
188.156
64.7545
110.027
159.01
98.5172
146.631
38.4553
78.4201
33.7228
70.898
124.462
79.2755
53.4775
137.231
29.7198
64.4388
22.4145
1.83354e-13
3.40827e-13
9.37559e-14
0
0
3.08501e-13
7.82477e-13
1.84809e-13
4.60152e-13
2.53931e-13
2.60895e-14
5.82077e-15
1.34086e-14
1.4448e-14
4.18238e-08
3.35004e-10
1.52802e-11
5.29273e-12
1.98426e-13
6.24693e-14
1.03942e-16
0
0
1.01389e-09
4.25104e-08
1.88808e-09
2.63789e-10
3.40538e-11
3.37958e-12
5.55467e-13
3.7731e-14
2.18279e-15
0
3.77097e-08
2.45937e-11
7.18971e-12
1.4185e-11
8.83309e-12
1.72712e-11
7.30962e-10
4.80343e-10
5.4866e-10
3.81285e-10
1.06957e-13
6.03281e-13
5.01002e-14
1.52379e-13
4.49031e-14
2.27613e-12
1.40364e-12
4.03379e-12
8.75921e-13
4.71831e-11
2.08601e-10
2.83255e-11
3.78743e-11
6.68773e-11
6.18754e-10
1.98214e-09
9.72834e-10
9.75493e-10
9.42746e-12
5.05969e-11
1.1258e-12
4.13015e-12
5.34814e-12
1.31967e-11
7.75929e-12
2.70136e-10
2.29524e-10
3.57803e-10
1.46289e-10
4.31464e-13
1.59333e-12
8.16155e-13
9.34129e-12
4.16923e-11
2.31827e-11
2.74004e-11
0.00601074
2.13775e-06
3.65795e-06
2.60192e-08
1.51522e-07
1.00851e-08
3.30931e-09
7.81877e-10
2.25779e-10
2.59342e-11
7.37076e-05
3.55509e-05
4.87748e-06
3.48761e-06
2.33525e-06
3.746e-07
9.42788e-08
6.81792e-07
3.26112e-07
2.14076e-08
1.44142e-07
1.34784e-08
6.60611e-09
8.78446e-10
2.45453e-10
1.97276e-08
1.06687e-09
1.87176e-08
6.65373e-10
6.9734e-09
7.49387e-10
5.53112e-11
2.07117e-09
3.61614e-11
4.87453e-10
9.71095e-11
1.41683e-09
2.0823e-11
1.32581e-08
9.95698e-07
6.97161e-08
3.03795e-07
2.59763e-08
2.19538e-07
1.92728e-08
7.67052e-09
2.68134e-07
6.35812e-09
1.30482e-07
9.35688e-09
1.72313e-07
4.67623e-09
0
0
0
0
0
0
0
0
0
0
0
0
0
0
0
0
0
0
0
0
0
0
0
0
0
0
0
0
0
0
0
0
0
0
0
0
0
0
0
0
0
1.76702e-15
0
0
0
0
0
0
0
0
0
0
0
0
0
0
0
0
0
0
0
2.18279e-15
0
0
0
0
0
0
0
0
0
0
0
0
0
0
0
0
0
0
0
0
0
0
0
0
0
0
0
0
0
0
0
0
0
0
0
0
0
0
0
0
0
0
0
0
0
1.9749e-15
1.01863e-14
0
0
0
0
0
0
0
2.13238e-12
1.99569e-14
0
0
0
0
0
0
0
0
0
0
0
0
0
0
0
0
0
0
0
0
0
0
0
0
0
0
0
0
0
0
0
0
0
0
0
0
0
0
0
0
0
0
0
0
0
0
0
0
0
0
0
0
0
0
0
0
0
0
0
0
0
0
0
0
0
0
0
0
0
0
0
0
0
0
0
0
0
0
0
0
0
0
0
0
0
0
0
0
0
0
0
0
0
0
0
0
0
0
0
0
0
0
0
0
0
0
0
0
0
0
0
0
0
0
0
0
0
0
0
8.31538e-16
2.91038e-15
3.11827e-16
0
0
0
0
0
0
0
0
0
0
0
0
0
0
0
0
0
0
0
0
3.19103e-14
1.70465e-14
1.13297e-14
1.82938e-14
0
0
0
0
0
0
1.03942e-16
0
0
0
0
0
0
0
0
0
0
0
0
0
0
0
0
5.0412e-14
8.18026e-14
9.14692e-14
5.0308e-14
2.77775e-12
2.50542e-12
2.16709e-12
0
0
0
0
0
0
0
0
0
0
0
0
0
0
0
0
0
0
0
0
0
0
0
0
0
0
0
0
0
0
0
0
0
0
0
0
0
0
0
0
0
0
0
0
0
0
0
0
0
0
0
0
0
0
0
0
0
0
0
0
0
0
0
0
0
0
0
0
0
0
0
0
0
0
0
0
0
0
0
0
0
0
0
0
0
0
0
0
0
0
0
0
0
0
0
0
0
0
0
0
0
0
0
0
0
0
0
0
0
0
0
0
0
0
0
0
0
0
0
0
0
0
0
0
0
0
0
0
0
0
0
0
0
0
0
0
0
0
0
0
0
0
0
0
0
0
0
0
0
0
0
0
0
0
0
0
0
0
0
0
0
0
0
0
0
0
0
0
0
0
0
0
0
0
0
0
0
0
0
0
0
0
0
0
0
0
0
0
0
0
0
0
0
0
0
0
0
0
0
0
0
0
0
0
0
0
0
0
0
0
0
0
0
0
0
0
0
0
0
0
0
0
0
0
0
0
0
0
0
0
0
0
0
0
0
0
0
0
0
0
0
0
0
0
0
0
0
0
0
0
0
0
0
0
0
0
0
0
0
0
0
0
0
0
0
0
0
0
0
0
0
0
0
0
0
0
0
0
0
0
0
0
0
0
0
0
0
0
0
0
0
0
0
0
0
0
0
0
0
0
0
0
0
0
0
0
0
0
0
0
0
0
0
0
0
0
0
0
0
0
0
0
0
0
0
0
0
0
0
0
0
0
0
0
0
0
0
0
0
0
0
0
0
0
0
0
0
0
0
0
0
0
0
0
0
0
0
0
0
0
0
0
0
0
0
0
0
0
0
0
0
0
0
0
0
0
0
0
0
0
0
0
0
0
0
0
0
0
0
0
0
0
0
0
0
0
0
0
0
0
0
0
0
0
0
0
0
0
0
0
0
0
0
0
0
0
0
0
0
0
0
0
0
0
0
0
0
0
0
0
0
0
0
0
0
0
0
0
0
0
0
0
0
0
0
0
0
0
0
0
0
0
0
0
0
0
0
0
0
0
0
0
0
0
0
0
0
0
0
0
0
0
0
0
0
0
0
0
0
0
0
0
0
0
0
0
0
0
0
0
0
0
0
0
0
0
0
0
0
0
0
0
0
0
0
0
0
0
0
0
0
0
0
0
0
0
0
0
0
0
0
0
0
0
0
0
0
0
0
0
0
0
0
0
0
0
0
0
0
0
0
0
0
0
0
0
0
0
0
0
0
0
0
0
0
0
0
0
0
0
0
0
0
0
0
0
0
0
0
0
0
0
0
0
0
0
0
0
0
0
0
0
0
0
0
0
0
0
0
0
0
0
0
0
0
0
0
0
0
0
0
0
0
0
0
0
0
0
0
0
0
0
0
0
0
0
0
0
0
0
0
0
0
0
0
0
0
0
0
0
0
0
0
0
0
0
0
0
0
0
0
0
0
0
0
0
0
0
0
0
0
0
0
0
0
0
0
0
0
0
0
0
0
0
0
0
0
0
0
0
0
0
0
0
0
0
0
0
0
0
0
0
0
0
0
0
0
0
0
0
0
0
0
0
0
9.39638e-14
0
0
0
0
0
0
0
0
0
0
0
0
0
0
0
0
0
0
0
0
0
0
0
0
0
0
0
0
0
0
0
0
0
0
0
0
0
0
0
0
0
0
0
0
0
0
0
0
0
0
0
0
0
0
0
0
0
0
0
0
0
0
0
0
0
0
0
0
0
0
3.11827e-16
0
0
0
0
0
0
0
0
0
0
0
0
0
0
0
0
0
0
0
0
0
0
0
0
0
0
0
0
0
0
0
0
0
0
0
0
0
0
0
0
0
0
0
0
0
0
0
0
0
0
0
0
0
0
0
0
0
0
0
0
0
0
0
0
0
0
0
0
0
0
0
0
0
0
0
0
0
0
0
0
0
0
0
0
0
0
0
0
0
0
0
0
0
0
0
0
0
0
0
0
0
0
0
0
0
0
0
0
0
0
0
0
0
0
0
0
0
0
0
0
0
0
0
0
0
0
0
0
0
0
0
0
0
0
0
0
0
0
0
0
0
0
0
0
0
0
0
0
0
0
0
0
0
0
0
0
0
0
0
0
0
0
0
0
0
0
0
0
0
0
0
0
0
0
0
0
0
0
0
0
0
0
0
0
0
0
0
0
0
0
0
0
0
0
0
0
0
0
0
0
0
0
0
0
0
0
0
0
0
0
0
0
0
0
0
0
0
0
0
0
0
0
0
0
0
0
0
0
0
0
0
0
0
0
0
0
0
0
0
0
0
0
0
0
0
0
0
0
0
0
0
0
0
0
0
0
0
0
0
0
0
0
0
0
0
0
0
0
0
0
0
0
0
0
0
0
0
0
0
0
0
0
0
0
0
0
0
0
0
0
0
0
0
0
0
0
0
0
0
0
0
0
0
0
0
0
0
0
0
0
0
0
0
0
0
0
0
0
0
0
0
0
0
0
0
0
0
0
0
0
0
0
0
0
0
0
0
0
0
0
0
0
0
0
0
0
0
0
0
0
0
0
0
0
0
0
0
0
0
0
0
0
0
0
0
0
0
0
0
0
0
0
0
0
0
0
0
0
0
0
0
0
0
0
0
0
0
0
0
0
0
0
0
0
0
0
0
0
0
0
0
0
0
0
0
0
0
0
0
0
0
0
0
0
0
0
0
0
0
0
0
0
0
0
0
0
0
0
0
0
0
0
0
0
0
0
0
0
0
0
0
0
0
0
0
0
0
0
0
0
0
0
0
0
0
0
0
0
0
0
0
0
0
0
0
0
0
0
0
0
1.41361e-14
0
0
0
0
0
0
0
0
0
0
0
0
0
0
0
0
0
0
0
0
0
0
0
0
0
0
0
0
0
0
0
0
0
0
0
0
0
0
0
0
0
0
0
0
0
0
0
0
0
0
0
0
0
0
0
0
0
0
0
0
0
0
0
0
0
0
0
0
0
0
0
0
0
0
0
0
0
0
0
0
0
0
0
0
0
0
0
0
0
0
0
0
0
0
0
0
0
0
0
0
0
0
0
0
0
0
0
0
0
0
0
0
0
0
0
0
0
0
0
0
0
0
0
0
0
0
0
0
0
0
0
0
0
0
0
0
0
0
0
0
0
0
0
0
0
0
0
0
0
0
0
0
0
0
0
0
0
0
0
0
0
0
0
0
0
0
1.45519e-15
0
0
0
0
0
0
0
0
0
0
0
0
0
0
0
0
0
0
0
0
0
0
0
0
0
0
0
0
0
0
0
0
0
0
0
0
0
0
0
0
0
0
0
1.03942e-16
1.03942e-15
0
2.18279e-15
0
0
0
0
0
0
0
0
0
0
0
0
0
0
0
0
0
0
0
0
0
0
0
0
0
0
0
0
0
0
0
0
0
0
0
0
0
0
0
0
0
0
0
0
0
0
0
0
0
0
0
0
0
0
0
0
0
0
0
0
0
0
0
0
0
0
0
0
0
0
0
0
0
0
0
0
0
0
0
0
0
0
0
0
0
0
0
0
0
0
0
0
0
0
0
0
0
0
0
0
0
0
0
0
0
0
0
0
0
0
0
0
0
0
0
0
0
0
0
0
0
0
0
0
0
0
0
0
0
0
0
0
0
0
0
0
0
0
0
0
0
0
0
0
0
0
0
0
0
0
0
0
0
0
0
0
0
0
0
0
0
0
0
0
0
0
0
0
0
0
0
0
0
0
0
0
0
0
0
0
0
0
8.31538e-16
6.23654e-16
0
0
5.62328e-14
9.3548e-14
5.68564e-14
0
0
0
1.03942e-16
0
1.03942e-16
0
0
0
0
0
0
0
0
0
0
0
0
0
0
0
0
0
0
0
0
0
0
0
0
0
0
0
0
0
0
0
0
0
0
0
0
0
0
0
0
0
0
0
0
0
0
0
0
0
0
0
0
0
0
0
0
0
0
0
0
0
0
0
0
0
0
0
0
0
0
0
0
0
0
0
0
0
0
0
0
0
0
0
0
0
0
0
0
0
0
0
0
0
0
0
0
0
0
0
0
0
0
0
0
0
0
0
0
0
0
0
0
0
0
0
0
0
0
0
0
0
0
0
0
0
0
0
0
0
0
0
0
0
0
0
0
3.53829e-10
3.73076e-11
2.07365e-13
4.15769e-16
1.86784e-13
5.405e-15
0
0
0
3.00882e-10
3.07412e-11
1.76182e-13
0
7.9204e-14
5.405e-15
0
0
0
3.93292e-09
6.96753e-11
8.48412e-12
3.98099e-14
0
9.66663e-15
0
0
0
0
3.54531e-10
4.69125e-12
3.11451e-11
5.10045e-13
0
0
7.09926e-14
0
0
0
0
0
8.71556e-13
9.04298e-15
0
0
3.93528e-12
8.01395e-14
0
0
0
2.25555e-14
1.11218e-14
0
0
0
2.30752e-14
0
0
0
0
0
0
0
0
0
0
0
0
0
0
0
0
0
0
4.57346e-15
6.23654e-16
1.30967e-14
0
0
6.8394e-14
9.97846e-15
0
0
0
0
0
0
0
0
1.14336e-15
1.03942e-16
0
0
0
0
0
0
3.25651e-13
0
9.86828e-13
8.32577e-14
6.23654e-16
0
3.11827e-16
0
0
1.76702e-15
0
0
0
0
0
0
0
0
2.26313e-12
2.28673e-15
2.69242e-12
4.64518e-13
1.32007e-14
8.31538e-16
9.87451e-15
0
0
2.83762e-14
5.405e-15
0
0
0
0
0
0
0
0
0
0
1.03942e-16
0
0
0
0
0
2.27114e-13
3.02472e-14
0
0
0
0
8.93903e-15
0
0
3.92902e-14
7.06807e-15
0
0
0
0
0
0
0
0
0
0
0
0
0
0
2.37538e-12
1.73064e-13
5.64406e-14
3.41079e-12
9.08559e-13
1.04878e-13
2.12042e-14
3.25339e-14
1.45519e-15
0
4.71898e-14
7.06807e-15
0
0
0
0
0
0
0
0
0
9.3548e-15
2.5258e-14
1.64021e-13
1.14336e-15
9.47953e-14
1.03942e-16
6.49639e-14
5.15554e-14
3.11827e-15
6.23654e-15
0
0
8.41932e-15
0
1.45519e-15
1.87096e-15
0
2.80644e-15
0
4.15769e-15
0
1.03942e-16
0
0
0
0
0
0
0
0
0
0
0
0
9.41717e-14
1.45519e-15
8.14907e-14
0
4.72937e-14
3.66916e-14
0
0
0
0
0
0
0
0
0
0
0
0
2.5258e-14
7.27596e-15
0
0
2.72329e-14
4.78134e-15
0
7.12004e-14
1.87096e-15
6.53797e-14
0
9.56269e-14
6.23654e-16
2.27634e-14
7.27596e-15
0
1.03942e-16
0
2.39067e-15
0
6.44442e-15
0
0
0
0
0
0
0
0
0
0
0
0
0
0
0
0
0
0
0
0
0
0
0
0
0
0
0
0
0
0
0
0
0
1.60071e-13
8.79351e-14
6.34048e-15
4.15769e-16
1.8325e-13
4.19927e-14
2.91038e-15
2.11522e-13
1.87616e-13
1.76702e-15
5.82077e-15
6.18456e-14
6.03904e-14
0
1.68386e-14
1.66308e-15
1.40322e-14
8.31538e-16
5.07238e-14
4.15769e-16
1.76702e-15
0
0
1.03942e-16
2.18279e-15
0
0
0
0
0
0
0
0
8.31538e-16
0
0
0
1.45519e-15
0
0
0
0
0
0
0
0
0
0
0
0
0
0
0
0
0
0
0
0
0
0
0
0
0
0
0
0
0
0
0
0
0
0
0
0
0
0
0
0
0
0
0
9.66663e-15
2.54347e-13
6.34048e-15
2.35325e-13
8.31538e-15
2.57985e-13
8.93903e-15
0
0
0
0
0
0
0
0
0
0
0
0
0
0
0
1.69501e-11
1.68927e-12
5.01106e-13
2.86523e-11
1.6382e-11
1.07986e-12
4.79278e-13
4.78134e-15
0
0
4.78134e-15
4.26163e-15
0
0
5.30105e-15
0
0
5.30105e-15
1.87096e-15
0
0
1.82601e-10
6.35859e-12
2.99831e-10
6.19681e-11
1.40684e-11
2.25783e-12
3.31658e-12
3.54443e-13
1.0758e-13
4.83529e-12
3.02044e-12
1.70361e-13
8.47129e-14
0
0
0
0
0
0
0
1.26742e-11
1.45873e-12
3.64525e-13
2.325e-11
1.05899e-11
9.32674e-13
3.032e-13
2.00609e-13
1.41361e-14
4.05375e-15
4.17432e-13
1.68386e-13
1.13297e-14
1.45519e-15
0
0
0
0
0
0
0
7.27596e-15
0
0
4.26163e-15
6.34048e-15
0
3.11827e-16
0
2.7025e-15
0
2.59856e-15
0
1.14336e-15
0
1.30296e-11
1.19721e-12
4.06726e-13
2.05839e-11
1.26324e-11
8.1075e-13
3.83339e-13
0
0
0
0
0
0
0
1.55976e-12
3.45608e-13
8.90785e-13
6.05775e-13
1.04452e-12
5.71038e-11
4.47013e-11
2.99615e-11
2.39127e-11
2.94599e-11
4.92582e-13
2.59856e-15
0
0
3.14184
2.18859e-07
0.0025619
2.21202e-08
1.93246e-10
6.54836e-15
2.24769e-06
2.10256e-08
1.31024e-05
2.76244e-09
2.36371e-08
2.89631e-11
1.14336e-15
7.53117e-08
6.58926e-07
5.42818e-10
4.3385e-09
4.60246e-12
0
1.82249e-08
3.8787e-09
3.44069e-11
5.50689e-11
8.19377e-13
1.139e-12
8.93903e-15
1.41361e-14
0
0
0
0
0
0
0
0
0
0
0
0
0
0
0
0
0
0
0
0
0
0
0
0
0
0
0
0
1.29245e-08
5.1651e-12
6.06678e-08
2.52007e-09
1.06426e-12
5.31457e-12
2.57881e-13
5.64699e-11
1.31736e-12
8.83509e-14
1.3606e-13
3.61719e-14
2.49461e-15
1.27093e-09
1.12736e-12
1.40325e-08
7.31741e-10
4.98611e-13
1.27205e-12
7.75409e-14
1.75115e-11
6.63256e-13
4.02257e-14
3.90823e-14
1.53835e-14
3.11827e-16
2.20977e-10
2.53203e-13
5.55275e-10
2.74785e-11
1.37204e-14
1.48637e-14
6.86019e-15
0
3.11827e-16
9.25086e-15
1.35125e-15
1.18307e-12
1.70684e-12
0
1.87096e-15
0
1.70569e-13
1.35541e-13
0
0
0
1.03942e-16
0
1.40904e-12
8.21505e-10
1.90215e-10
2.05198e-11
4.4004e-12
1.53119e-10
2.75951e-11
6.89378e-10
3.46753e-09
7.36175e-11
1.09889e-10
2.54264e-09
1.4679e-10
1.16686e-12
3.01693e-11
6.03e-12
3.29951e-11
6.77745e-12
1.18254e-10
3.68621e-12
7.29529e-12
5.31145e-14
3.36357e-13
1.0585e-11
9.78097e-14
2.01076e-12
1.55602e-13
4.88529e-15
3.74192e-15
2.18798e-13
1.71952e-12
1.21716e-13
2.52995e-12
1.86057e-14
3.35089e-12
4.73977e-14
6.93711e-13
6.20535e-14
6.23654e-16
1.14336e-15
5.3946e-14
5.98603e-13
1.21405e-13
8.49416e-13
2.27821e-12
3.47572e-12
3.92902e-14
2.34909e-13
2.75343e-13
0
0
2.28673e-15
0
3.11827e-16
0
0
1.46073e-09
3.54226e-11
1.00019e-09
5.00135e-11
1.03545e-10
3.06346e-11
4.36017e-12
8.76857e-13
1.04081e-10
2.17863e-11
4.60111e-12
1.00527e-09
2.84765e-11
3.68826e-11
8.10517e-10
5.71673e-11
4.95701e-13
1.30331e-11
3.09706e-12
1.21008e-11
2.97753e-12
6.26433e-11
6.45481e-13
1.65351e-12
1.55913e-14
9.21968e-14
4.61504e-13
1.93322e-12
2.78565e-14
5.10356e-14
1.14336e-15
8.49208e-14
8.31538e-16
6.76248e-13
5.67525e-14
9.36935e-13
8.41932e-15
1.37557e-12
2.78565e-14
2.89167e-13
3.21182e-14
1.03942e-16
4.15769e-16
3.61719e-14
1.64125e-13
3.03511e-14
1.83666e-13
9.57204e-13
1.31321e-12
1.86057e-14
1.16e-13
1.24939e-13
0
0
6.23654e-16
0
0
0
0
1.63651e-10
4.67688e-12
1.48755e-10
4.50205e-12
1.55777e-11
7.13886e-12
6.89033e-13
1.26706e-13
1.59948e-11
3.65378e-12
5.78023e-13
3.13719e-11
3.0559e-13
1.09888e-12
8.80639e-12
2.17645e-12
2.77526e-14
4.20342e-13
5.02041e-14
6.48392e-13
1.10179e-13
1.06967e-12
7.50463e-14
2.98626e-13
1.14336e-15
6.44442e-15
6.76664e-14
2.08196e-13
1.45519e-15
2.43225e-14
1.9749e-15
1.72544e-14
7.3799e-15
3.40931e-14
0
3.11827e-16
2.91038e-15
4.55995e-13
2.41146e-14
6.13675e-13
1.22652e-14
1.164e-06
2.52253e-06
1.14991e-07
5.60294e-05
1.51564e-07
9.61667e-07
2.17688e-08
8.06614e-10
1.98909e-09
4.88331e-11
3.64982e-09
4.80092e-10
3.81245e-10
1.987e-11
1.13027e-07
3.80909e-07
8.93066e-09
8.2251e-06
6.95536e-08
2.40252e-07
5.82624e-09
7.85019e-10
2.1172e-10
2.34261e-11
2.08177e-09
3.28227e-10
1.48767e-10
1.21686e-11
1.56393e-08
8.56494e-08
1.60298e-09
8.58894e-08
3.59078e-09
5.90796e-09
2.20783e-10
4.02213e-11
5.99433e-10
3.01494e-10
2.38584e-11
6.55807e-10
4.42666e-10
3.2215e-11
1.37244e-11
1.00107e-09
1.65503e-11
6.5203e-13
2.42185e-13
4.78134e-15
1.03942e-16
0
0
0
3.96984e-11
3.94981e-14
7.17202e-14
8.52326e-15
1.03942e-16
7.45266e-14
3.61719e-14
1.34086e-14
5.84155e-14
2.46343e-14
1.03942e-16
8.31538e-16
0
1.9749e-15
1.14336e-15
5.09317e-15
1.9749e-15
6.57954e-14
2.1173e-13
1.2972e-13
1.89591e-13
0
0
0
1.78781e-14
1.4344e-14
2.40107e-14
1.69426e-14
1.10179e-14
2.65572e-13
0
9.66351e-13
1.55809e-13
6.79782e-14
1.03869e-12
6.60033e-14
3.51325e-14
7.25413e-13
3.32615e-14
7.38925e-13
3.98506e-07
2.3905e-11
3.87528e-12
7.53997e-13
3.74192e-15
6.24231e-10
1.22145e-10
4.4586e-12
7.73892e-11
3.53942e-11
1.6399e-12
1.60037e-11
6.63775e-13
2.30752e-14
1.80743e-09
2.25014e-12
5.68226e-11
1.23587e-13
1.2234e-13
7.2032e-14
8.31538e-15
4.79465e-12
3.35353e-11
1.13496e-11
4.19947e-12
4.74912e-13
6.23654e-16
7.3564e-11
1.96804e-12
6.01331e-11
1.67884e-08
1.39828e-08
1.73984e-10
9.87573e-10
2.66234e-08
4.33318e-10
7.87974e-09
2.98202e-10
3.70327e-09
7.75042e-09
1.03863e-11
1.34282e-09
8.6976e-11
1.62768e-09
6.70851e-11
6.66911e-10
1.45083e-09
2.98574e-12
2.8987e-10
1.10153e-11
2.42402e-10
2.02355e-12
1.49702e-11
4.38071e-11
8.648e-14
1.10586e-10
6.69067e-11
5.16136e-12
9.21552e-13
1.2483e-10
2.81069e-11
3.86135e-12
6.6409e-12
8.52326e-14
9.9639e-13
2.22125e-13
1.67046e-12
4.21694e-13
2.49994e-12
2.46728e-12
5.11396e-14
1.25105e-12
2.07677e-13
2.71289e-14
1.31903e-13
1.9749e-15
1.66308e-14
1.71505e-14
277.668
114.767
0.571312
1.47213e-05
44.8921
0.0173034
7.46069e-05
6.9129e-09
12.8587
3.96169e-05
1.42697e-06
1.69491e-08
1.70318e-09
6.34193e-05
0.000562131
1.07797e-08
0.0082839
2.27654e-06
4.72173e-07
2.19943e-09
3.84868e-10
1.5337e-08
6.57619e-11
9.07743e-07
1.49841e-07
1.22548e-09
5.34404e-07
5.37595e-10
5.15774e-11
2.18111e-11
1.72034e-07
2.71944e-10
2.26358e-08
9.96484e-12
1.05707e-11
3.44049e-13
2.83465e-07
3.55315e-06
7.09675e-08
1.8167e-09
2.31656e-09
8.34164e-05
0.0193756
1.04255e-05
0.000134164
0.0045796
2.54802e-06
0.000345637
1.63934e-06
2.54044e-07
1.95901e-07
9.05275e-09
1.93075e-07
5.66897e-08
6.1763e-06
5.74402e-06
8.54413e-06
1.41324e-05
3.18226e-08
0.000287393
1.9223e-07
6.01524e-07
2.04406e-07
3.83641e-09
7.08797e-08
5.92631e-09
9.97436e-08
9.3971e-09
1.20926e-07
5.71203e-09
3.37445e-10
1.87279e-09
2.32858e-07
1.53793e-09
6.29449e-09
1.26984e-10
2.58286e-10
4.14387e-10
6.83121e-07
3.37699e-06
3.67159e-08
6.07151e-07
4.39883e-08
1.17285e-07
2.81918e-08
5.83984e-09
1.08248e-09
1.10554e-07
2.29217e-08
6.72331e-09
7.28931e-08
7.70265e-10
1.24641e-08
2.80891e-09
2.05907e-08
4.33479e-09
5.59776e-08
2.7119e-10
4.8757e-11
3.34309e-10
3.18149e-11
1.24443e-10
2.18478e-10
2.49e-08
6.54901e-09
9.92535e-10
1.78062e-10
2.15464e-08
4.36936e-09
1.15853e-09
2.80413e-09
2.2406e-11
2.93761e-10
4.20253e-11
4.76446e-10
1.68621e-10
9.48194e-10
4.03448e-11
6.83067e-12
4.46688e-11
9.6843e-13
1.74436e-12
7.71688e-12
2.56078e-06
9.96409e-10
3.70834e-08
1.13312e-11
1.3459e-10
2.79269e-05
6.38909e-08
3.0617e-09
1.96116e-08
7.25603e-07
2.44517e-09
9.94051e-11
2.4046e-10
1.7886e-09
4.10988e-12
1.99777e-13
6.73571e-09
2.90219e-10
6.99088e-10
3.45657e-10
1.62826e-12
4.11819e-12
8.66151e-13
6.87904e-12
8.85606e-11
4.25881e-12
1.39746e-07
2.9586e-06
4.66881e-07
1.06567e-07
1.35147e-06
1.90934e-08
3.00811e-08
3.28759e-07
4.95584e-09
9.02393e-10
1.58311e-09
1.69377e-07
3.99604e-07
7.02422e-09
1.26505e-08
1.41064e-07
2.06684e-07
8.40815e-09
5.00864e-08
3.95336e-09
5.22304e-08
5.47039e-10
7.0957e-08
2.04767e-09
1.50268e-08
2.06004e-10
2.01677e-11
8.15076e-11
6.69038e-10
3.69284e-09
3.72774e-11
8.52705e-11
7.90086e-10
1.71244e-09
2.36476e-11
1.07158e-10
8.61141e-12
1.03605e-10
1.21654e-12
1.61061e-10
4.01331e-12
2.87828e-11
4.42898e-13
6.26772e-14
1.45831e-13
0.151566
21.718
0.0010971
52.3302
0.00304282
3.30946
2.40099e-05
4.40964
0.0006888
0.0279578
5.80179e-06
2.80921
0.000445745
7.63938e-06
0.0415754
0.720047
6.57249e-05
3.05659e-06
0.0697607
2.75461e-06
2.57246e-07
5.83722e-07
7.98804e-06
1.46917e-07
1.26597e-08
1.94335e-07
6.83199e-09
5.39386e-10
7.6196e-06
1.72225e-08
7.72548e-10
1.37871e-06
3.10454e-09
1.34181e-10
5.46169e-06
2.74229e-08
3.07039e-07
3.77413e-08
4.71044e-07
2.01998e-07
6.58417e-07
1.41467e-09
2.04595e-09
7.72182e-09
9.54319e-08
6.64284e-08
7.3175e-09
1.27115e-09
1.25011e-07
3.77707e-08
4.96594e-09
4.02901e-10
5.20585e-11
2.38898e-10
5.16803e-08
3.01679e-11
1.51454e-12
8.44492e-12
1.36518e-12
2.41742e-09
8.38972e-11
7.4747e-10
3.59228e-11
8.035e-09
9.01198e-11
7.30805e-10
2.09201e-10
1.71302e-09
5.67903e-10
3.7625e-09
4.61244e-12
9.55624e-12
2.86903e-11
3.4488e-13
1.14032e-11
4.22006e-13
5.35125e-12
6.37062e-13
4.53769e-12
3.43945e-13
1.00918e-07
4.22634e-08
1.42655e-10
2.92195e-12
1.68936e-09
1.37774e-09
7.31257e-11
1.77554e-12
1.20331e-10
5.7108e-12
1.33248e-10
4.08223e-12
4.82693e-11
5.0412e-12
363.777
136.137
207.722
5.30277
42.2109
0.413961
0.146293
100.206
48.2086
82.5221
0.142595
0.00434413
1.58364
0.00261477
36.8057
2.06567
0.105768
0.000412527
2.6111e-05
1.01303e-05
1.06381
233.305
132.15
156.566
65.6104
129.429
106.807
48.4965
122.8
91.0432
112.254
42.4318
36.7409
24.7284
29.0782
288.658
393.81
314.226
264.08
204.492
179.432
236.385
102.076
69.8093
87.7101
23.865
31.6323
20.8815
15.1094
59.6695
44.1938
10.8299
72.7352
135.328
115.458
56.35
124.631
63.0232
73.5987
58.0054
49.4342
17.9095
11.175
48.5814
79.2792
33.424
116.59
151.212
61.924
94.1204
14.0862
91.9698
50.7564
103.204
165.937
60.9696
119.623
15.7346
77.2384
33.1402
43.3908
21.8518
90.6835
4.53676
101.48
68.8431
167.636
43.3016
101.435
134.209
21.1151
81.3658
205.641
86.2555
77.4571
148.964
139.128
32.0436
33.0204
163.638
59.3083
46.7556
99.6854
82.2816
11.713
215.053
324.674
255.511
157.222
109.535
147.233
200.351
39.3733
73.2615
65.6066
5.76764
4.5901
12.9939
15.8372
68.7711
174.948
101.981
13.6428
50.5593
79.5303
29.9412
3.87057
65.5149
13.1419
24.9674
49.7517
7.40884
1.7294
35.6574
11.7971
3.12004
67.4365
31.7476
101.655
58.7991
26.4741
34.597
58.9339
2.04589
3.56079
10.587
7.02591
213.055
130.88
178.632
279.918
372.791
308.661
224.672
3.72377
1.0507
9.08292
59.6161
21.1187
10.014
39.38
4.42143
11.4458
1.06216
18.2014
58.8954
89.1878
36.8769
136.064
156.212
209.086
321.491
244.395
189.723
258.963
20.4435
100.286
17.031
71.1153
39.1692
33.1004
5.04363
54.4532
62.1624
14.2879
218.302
139.262
126.731
61.3521
3.04805
20.3437
2.16148
81.9416
28.5502
71.9749
23.3215
1.72943
1.03195
13.2391
66.4465
57.4102
15.7022
20.5664
7.23407
4.57581
0.350531
12.8575
45.4898
36.8476
8.9845
82.6229
5.51352
26.8945
109.484
172.635
42.0941
91.3221
10.6415
0.79521
8.74126
18.2038
57.0749
14.9827
50.3181
2.16249e-05
2.31779e-06
0.00967116
0.106363
0.00271914
2.98539e-06
1.05784e-06
163.614
223.524
167.542
33.2088
109.389
69.5435
61.3766
31.4702
4.24586
14.5968
0.650799
0.115537
2.83695
0.518033
21.9836
140.438
96.8906
76.4329
28.1648
13.2152
115.848
0.00379279
1.07723e-06
0.001129
0.000111047
6.7812e-05
3.24591e-07
6.29647e-07
3.5747
19.5204
16.7134
0.101554
1.0944
0.125794
0.856982
4.49965
11.5612
43.8201
30.3389
0.172646
2.04575
6.19896
0.108401
4.74776
3.65107
1.65855
0.0595956
0.0455486
2.22806
0.128089
29.2683
23.9982
17.249
4.26005
2.65767
1.81116
31.1281
5.70176
31.1095
34.8772
85.4644
4.49259
5.69586
12.7576
93.6785
36.767
7.11125
3.66112
24.421
0.487888
9.44398
1.55894
14.0373
0.0778966
0.343725
0.643851
0.0408954
0.0427581
0.0792528
2.76667
1.22608
0.0184011
0.0335083
0.693053
0.135868
2.12198
17.7434
24.2929
69.1975
26.2258
4.17488
0.0286834
6.63508
0.97218
5.43846
40.6614
15.328
0.81038
1.34602
0.338537
6.35565
19.2973
40.8071
8.01697
1.8472
0.274492
0.018093
0.7056
0.110473
8.06554
22.75
3.81639
0.166279
0.0183641
0.309024
5.36295
0.70607
29.6757
8.80871
0.186847
0.0217057
0.0101281
11.1293
6.71656
0.901552
0.420548
1.58326
0.670171
0.021988
20.9549
13.0051
1.47953
0.654588
2.52019e-06
1.74777e-07
4.70846e-06
5.57419e-08
0.00164125
0.00566243
1.25222e-06
1.61017
54.0815
29.1312
52.6094
14.7764
5.80011
85.9294
628.798
381.129
252.314
249.461
282.534
264.644
235.258
173.328
231.279
187.591
214.893
410.001
291.853
319.243
316.085
268.791
355.022
228.783
483.149
708.586
524.053
406.247
584.428
451.61
511.018
256.848
225.208
216.126
163.347
194.152
204.863
151.601
6.03034
36.6408
66.13
162.711
115.867
49.1505
82.4275
0.149999
0.0653733
0.915133
2.87233
5.93042
19.7272
0.422767
0.0116519
0.529873
6.33662
16.6878
0.052425
0.640324
2.27211
0.0282296
11.2404
0.432172
5.95111
0.435788
0.178332
0.0114241
44.519
62.8017
101.155
3.69827
0.944891
9.09723
22.6586
0.00349552
0.172089
0.13424
0.54082
0.0185837
0.0145087
0.727643
0.00136852
0.0536517
0.100505
0.401485
0.00587615
0.0108153
0.226047
7.70658
0.0172014
0.387426
51.5243
10.2253
12.5239
0.745896
0.00672132
0.00149873
0.044728
0.048309
1.54508
5.79727
0.210482
0.00345858
0.0182502
0.00085572
0.0354386
0.802327
2.91309
0.145161
1.43737e-06
9.32839e-06
1.68565e-07
2.54251e-06
6.67444e-08
2.49591e-07
2.39467e-08
3.89933
0.478032
0.0818728
0.00201019
0.106798
0.0120748
0.0177897
0.0585363
0.00203259
0.0436536
2.08207
0.0964594
1.49882
0.069202
0.00163789
0.0347011
0.0195191
1.18644
0.0551658
0.0315845
0.68859
0.000524672
0.264757
0.0233975
0.00683468
0.0865863
0.000151714
0.00190055
2.03852e-06
3.51449e-07
6.73025e-05
1.07622e-05
4.73149e-07
1.51702e-07
3.59817e-08
0.0383013
1.09985
0.291107
2.15975
25.5588
11.0258
7.23952
0.129663
0.445992
0.0275524
0.000711572
0.0111527
0.0521863
0.00330955
0.54261
0.00265767
0.0140573
0.00601047
0.236592
0.0434722
0.00108427
0.00517883
0.00247138
0.0822712
2.53032
0.0732186
0.00483337
0.16839
0.00496433
0.122475
0.00665053
0.00894289
3.8718
0.22604
0.167745
0.00675818
0.00975689
0.241122
0.0067501
5.0241
0.240826
0.154591
0.00138264
0.000959369
0.0169113
0.00307914
0.785949
0.0625443
0.0424347
9.85635e-05
0.0257607
0.00166518
0.0653409
0.00367858
0.0584928
1.02511
0.953719
1.34833
0.395628
0.0612468
0.0179388
0.00731577
0.024548
19.6129
0.151751
2.02671
0.00318406
0.0642888
0.898963
0.0451407
0.415678
0.0218867
0.324633
0.00059304
0.000717956
0.00868172
0.010621
0.000153897
2.03219e-05
0.000463064
0.00623487
0.00075722
0.152599
0.019683
4.4475e-05
0.000271979
0.000962879
0.0365829
0.0059614
0.00980466
0.221883
2.84772e-05
0.00702733
0.000782116
0.00790743
0.000907387
0.250153
0.0282576
0.134241
2.92841
9.49219
0.00232804
0.22424
0.0533141
0.00968591
0.252569
0.138206
0.00950238
0.000256999
0.000474579
0.00679251
0.00360874
0.0244995
0.00189445
0.000223622
0.168585
0.0883066
1.3442
0.010434
7.41969e-05
1.72244e-07
1.09425e-08
4.25228e-07
2.18991e-08
1.59945e-08
7.20006e-09
7.38044e-05
0.0163522
0.00283776
0.00181158
0.0739533
0.0128815
0.000322049
1.15282e-05
0.0434774
0.000958302
1.89878e-05
6.78378
1.71669
4.7754
0.0375436
568.086
359.676
220.982
193.203
187.351
77.5197
24.036
0.00138447
400.946
268.085
309.766
444.486
350.478
320.56
412.235
267.863
204.222
249.806
310.641
291.246
277.031
257.745
239.565
231.221
182.771
283.236
277.61
238.439
246.547
454.322
659.696
505.708
777.11
565.479
675.58
517.612
920.207
301.887
785.686
430.166
429.91
304.288
494.865
525.906
234.224
293.618
297.595
302.939
163.544
189.217
120.233
101.94
294.32
302.105
298.288
303.435
292.514
284.739
299.124
417.879
326.999
338.601
432.838
341.548
426.591
336.367
595.198
968.356
601.044
568.6
813.2
551.044
770.176
313.848
309.617
303.468
291.983
289.774
281.237
275.835
307.771
297.442
285.903
263.386
245.982
269.367
286.189
436.998
338.67
345.455
298.901
386.038
410.657
322.008
328.089
224.772
248.435
398.882
313.612
380.016
295.981
297.756
276.47
281.636
227.93
237.355
262.918
255.005
212.738
174.943
196.792
277.381
260.143
243.08
260.353
557.728
857.564
581.757
652.62
491.087
524.815
715.308
389.692
528.051
414.936
502.347
667.132
478.894
629.79
184.322
148.809
168.865
250.984
239.171
233.274
221.021
272.806
154.45
193.228
238.037
320.768
353.702
270.83
157.922
110.371
145.922
201.87
187.026
218.85
235.441
135.852
88.8878
121.895
164.141
176.728
208.506
196.238
410.438
400.698
318.056
451.954
357.056
447.803
581.908
216.041
129.895
163.677
266.748
223.988
196.432
244.924
27.1835
3.16546
14.415
22.5384
36.9006
1.18015
0.54302
139.198
81.4187
32.0768
86.2791
148.993
205.67
143.637
0.184131
0.668561
16.3213
1.92236
6.78096
0.184028
0.0428317
0.788179
9.59486
2.18983
0.0505348
0.0176647
0.2946
0.120437
1.81695
0.128394
4.26873
29.2831
2.66043
17.2685
72.0727
9.10812e-07
0.00021118
5.40127e-06
0.314472
3.03785e-06
1.23312e-05
1.54749e-07
1.00703e-06
0.00107916
0.00221583
0.0858574
0.00072224
0.02928
0.0131201
0.000314047
0.314228
0.000819498
0.00699532
1.53905
0.204349
0.0045193
0.0341621
0.0376096
0.204732
0.00700127
0.0342075
1.54094
0.00452909
0.000821126
0.0169474
0.000962588
7.39276e-05
0.0425737
0.00308648
0.0626163
0.787612
2.62737e-05
0.00010137
0.004242
0.0162121
0.000380965
0.00423954
0.000101211
8.19041e-05
0.000582883
7.20434e-05
0.00263244
0.0276075
0.00314219
0.0224814
0.00427216
0.000471182
0.00772074
0.000190891
0.000109513
0.00171478
1.37641e-05
0.100083
0.00390451
0.0402761
0.000230483
0.00194999
0.000773933
9.33017e-05
0.0289979
0.00185987
0.00052464
0.432201
0.124829
0.00225264
0.00772976
0.0469507
0.00130649
0.0191867
0.000675647
0.000527461
5.17066e-05
2.25586e-05
0.000396622
6.50027e-05
2.88976e-05
0.00115324
0.000165566
0.00704736
0.00276303
0.000445427
0.000105632
0.00483518
0.0464018
0.00484003
0.0010033
0.000105776
0.00427075
0.000518835
0.000240279
8.19072e-06
0.00867443
1.46988e-05
0.00019941
0.000451989
2.46519e-05
4.80316e-05
0.00149867
0.000639033
0.0399121
0.0176
0.00325019
0.000431331
0.0197817
0.000210239
0.00143438
3.41598e-05
7.75108e-06
0.000276187
0.0146612
0.00372062
0.0662263
0.0158614
0.217805
0.886729
5.78943e-05
0.000231793
3.22994e-05
0.00202939
0.00899203
0.0170551
0.0010512
0.00689404
0.000461065
0.00282646
1.56755e-05
7.4636e-05
0.000176831
0.00103926
7.92902e-06
3.47956e-05
0.00143995
0.00325933
0.0198363
0.000435193
7.30842e-05
0.197166
0.000376266
0.008397
0.000154057
0.000178268
0.00349277
1.03482e-05
0.000736752
0.0110349
0.000278211
0.00446835
1.40332e-05
0.000114717
0.000296644
0.00298289
0.00153784
0.00123017
0.000111124
9.26537e-05
5.18071e-05
4.50789e-05
0.00215617
0.000479321
0.000900052
3.47735e-05
6.30066e-05
2.94261e-05
1.76739e-05
0.000199865
4.60736e-05
0.00122572
3.59209e-05
3.28234e-06
0.00015095
7.62687e-06
3.86147e-05
9.96159e-06
5.73908e-06
0.000195616
4.90605e-05
0.00131497
0.00564482
0.00832109
1.06621e-05
2.55491e-06
1.34197e-05
0.000261625
1.33368e-05
0.000346577
1.14e-08
3.57386e-08
2.22224e-07
1.32785e-08
9.52925e-09
8.49157e-09
9.38352e-09
0.00154767
8.13012e-05
3.5708e-06
2.12705e-05
0.000409955
2.16203e-06
1.08595e-05
0.000666885
0.0189101
0.00514334
1.46807e-05
0.000330604
9.26309e-05
4.79689e-05
1.03262e-05
1.40899e-05
4.27015e-06
5.20226e-05
0.00263817
0.000298657
0.00043634
0.000257597
1.05195e-05
5.55562e-05
0.0011491
0.0119507
0.000227851
3.07322e-05
2.2506e-06
4.02186e-06
9.87369e-05
5.36581e-06
1.83122e-05
0.000153615
0.000757063
2.3042e-06
4.28243e-06
1.85439e-05
0.0001538
0.00075815
9.90694e-05
1.91488e-05
4.44819e-05
0.00181458
0.000126257
3.45094e-06
1.8756e-06
6.23054e-06
6.73856e-05
8.6324e-05
0.00017353
0.00366283
3.23178e-06
7.21238e-06
1.09994e-05
0.000174163
6.53116e-05
6.12576e-06
2.18045e-06
6.99746e-06
0.000150262
7.75419e-05
0.00233975
8.1573e-08
1.26566e-08
1.09304e-08
9.50292e-09
1.07542e-08
1.09022e-07
3.08508e-08
0.00152331
6.13203e-05
0.00120715
3.64844e-05
6.20195e-06
4.28602e-05
6.442e-06
4.90277e-05
0.000967758
0.00053199
1.6767e-05
2.87649e-05
3.59717e-06
4.33713e-06
0.000282263
5.6581e-06
2.42733e-05
6.93657e-05
0.00112895
0.0156721
0.000939603
1.06233e-05
0.00014111
6.47615e-06
8.7273e-05
0.00328257
0.000186922
2.8715e-06
3.77152e-06
2.05659e-05
0.000275469
0.00127282
5.67963e-06
3.34081e-05
8.52601e-05
0.00111853
7.79497e-06
0.000338962
0.000136062
9.59647e-06
4.10956e-06
0.0004468
3.08369e-05
9.02647e-06
0.000362543
3.02397e-06
2.20665e-05
1.48171e-06
1.97115e-06
4.25837e-06
0.000636363
4.25854e-05
1.92371e-06
2.95705e-06
1.70638e-05
2.87009e-06
1.71669e-05
2.62588e-06
4.78798e-06
4.22245e-05
0.00371735
0.000904091
0.000167547
9.31892e-05
1.11512e-05
1.07551e-05
0.000459531
0.00037199
1.95856e-05
1.77255e-05
3.67515e-05
5.06947e-06
6.08594e-06
0.000145733
0.000274533
1.10162e-05
7.73995e-06
0.000347328
0.000146428
2.97954e-05
1.286e-05
8.11215e-06
6.35662e-06
5.3061e-06
1.49135e-06
2.14186e-06
3.08823e-05
2.21449e-05
1.98711e-06
0.000363328
9.03197e-06
1582.13
1467.61
553.661
1136.74
276.923
301.463
286.654
316.111
333.911
1295.08
598.41
265.289
401.384
270.567
433.74
304.605
286.566
322.762
320.123
329.201
351.058
303.08
1664.69
352.217
1612.41
1469.8
279.242
278.394
337.188
317.1
354.642
302.814
279.592
327.898
320.563
314.327
356.881
207.898
323.412
256.667
1164.1
439.536
750.678
901.859
429.757
469.789
316.241
320.489
329.331
298.592
336.537
293.461
335.144
345.761
356.614
336.476
359.766
351.645
345.413
284.027
338.95
309.543
173.088
295.213
305.939
296.941
179.672
118.293
52.1896
149.639
10.3934
33.0622
130.782
26.1069
0.150395
0.0205548
529.325
571.249
257.77
256.307
280.784
275.994
319.926
310.168
395.436
335.623
334.543
312.928
387.779
318.274
292.637
403.295
355.744
346.923
324.45
401.648
316.445
303.175
526.357
1679.68
546.299
1632.78
518.203
515.699
1626.03
333.168
344.016
343.436
388.044
358.57
330.248
330.645
290.868
1076.98
929.726
444.774
292.96
1236.14
392.416
289.645
254.802
273.8
301.693
258.415
298.277
269.326
309.536
324.262
300.617
273.21
310.812
310.023
279.851
288.741
323.494
311.842
280.809
295.908
303.149
289.191
268.269
297.763
300.798
289.048
273.043
301.985
254.421
298.069
262.543
283.368
293.343
265.893
278.461
281.153
267.642
315.419
274.22
320.761
313.8
317.411
294.217
292.786
265.485
277.804
276.481
283.015
262.367
297.297
523.148
1643.06
518.925
1584.39
538.736
523.319
1611.61
306.284
294.446
312.955
313.089
311.056
299.469
320.044
334.616
320.775
336.523
326.845
314.98
320.949
327.956
1528.22
1581.95
517.847
511.973
1583.74
506.842
1531.61
313.073
299.319
310.748
306.179
294.176
316.85
312.413
507.534
1529.49
512.161
518.167
1525.61
529.3
1579.96
291.268
271.084
276.213
294.663
279.382
277.787
293.33
268.235
313.165
306.665
336.518
278.202
272.301
319.588
336.57
272.57
319.745
307.117
265.792
313.469
268.896
278.001
294.753
293.445
291.554
271.427
276.659
286.853
261.505
277.187
263.865
254.757
266.951
267.354
254.201
254.422
261.804
276.225
254.896
267.075
264.056
277.275
264.29
325.498
305.861
305.574
252.112
290.453
247.947
248.333
256.69
306.109
252.341
305.897
325.636
264.533
320.58
304.947
310.424
312.029
329.15
327.067
311.931
1511.76
1570.13
536.136
1471.54
582.712
1540.47
559.351
329.1
312.04
327.036
311.981
310.585
305.019
322.778
333.491
327.648
310.58
328.642
356.547
311.246
281.872
526.633
1454.59
546.905
1383.05
550.064
570.924
1356.4
285.132
310.097
293.471
301.679
283.557
293.027
310.717
1539.55
582.415
559.267
536.144
1509.26
553.457
1568.42
547.066
1359
1457.11
1385.28
550.119
526.497
1469.43
293.421
293.087
283.578
310.813
301.75
301.512
285.049
366.317
323.426
297.355
297.407
366.287
281.542
339.714
304.046
290.361
315.282
290.432
282.888
304.634
298.292
271.889
289.951
276.877
294.215
304.856
298.702
284.723
304.766
284.81
298.669
272.126
286.682
277.012
290.014
284.692
354.846
329.342
361.001
392.661
313.925
291.806
313.747
291.861
360.873
270.896
329.43
354.783
284.806
266.738
375.875
334.05
357.064
312.1
282.774
398.091
261.62
282.454
272.485
285.632
271.439
282.651
292.019
330.011
339.805
332.013
341.275
351.284
344.017
336.781
337.254
328.057
345.178
337.23
320.103
332.003
315.566
637.556
1399.75
612.775
1398.91
1484.98
612.569
585.658
575.109
1312.02
1427.6
1370.65
606.577
1238.04
624.526
323.437
325.649
317.92
334.536
326.857
333.109
340.89
303.199
304.533
322.143
317.537
314.16
331.558
334.404
320.412
331.471
334.292
314.098
303.196
304.473
322.056
624.164
1368.78
606.157
1425.13
574.725
597.91
1309.62
306.132
295.698
287.514
296.527
319.162
303.319
314.8
320.072
335.434
321.932
325.756
328.311
301.359
312.312
320.216
312.381
322.05
301.395
325.831
335.606
328.389
607.656
1124.78
600.741
1267.82
578.93
595.67
1227.87
464.892
439.408
347.917
373.736
354.582
320.583
398.78
398.957
434.019
348.235
354.692
320.725
373.911
465.096
424.613
353.169
335.99
426.784
340.009
389.859
308.688
302.03
303.025
307.778
307.792
310.924
287.075
296.31
335.182
348.951
342.712
342.426
331.741
336.994
325.51
361.454
353.497
359.576
363.116
361.41
351.019
343.593
325.587
342.782
335.242
348.986
337.016
331.795
342.508
334.311
338.126
346.159
356.643
349.024
348.293
351.601
335.999
346.096
343.448
356.542
348.413
344.647
343.323
334.197
346.064
348.194
351.514
345.673
338.018
348.897
639.891
1021.45
637.056
1163.6
648.212
1280.27
633.798
4.53489
0.309193
167.639
179.552
61.8213
260.65
279.58
648.359
1281.43
634.124
1137.91
640.128
1022.08
637.188
310.578
312.649
309.978
319.478
331.508
308.401
325.048
338.664
342.896
335.504
340.475
343.484
345.959
327.907
330.747
324.329
329.112
338.597
324.447
331.795
341.457
604.45
1010.5
611.266
1083.45
626.144
614.007
1166.21
446.448
336.727
352.918
454.899
460.798
363.167
366.302
468.777
375.98
378.854
376.034
469.856
356.409
449.993
315.594
299.887
280.22
325.793
318.959
328.159
312.493
339.358
331.459
319.832
336.585
315.444
319.835
295.29
349.382
360.404
356.554
349.591
335.116
320.498
342.104
340.588
316.528
314.439
314.438
316.528
281.124
286.753
360.463
356.907
349.401
335.128
349.64
320.522
342.149
358.534
345.072
333.287
349.132
359.743
313.3
333.302
338.004
354.112
316.802
344.963
299.452
335.161
327.704
316.357
261.303
280.29
318.996
243.448
303.976
266.294
612.757
1033.23
641.92
902.086
785.832
612.796
570.998
296.79
272.705
266.606
322.132
326.61
309.453
307.318
354.047
299.399
335.09
337.932
351.542
344.86
316.732
323.083
307.286
290.006
337.136
328.198
338.209
339.44
549.112
841.545
583.378
986.055
623.437
881.639
602.523
293.624
315.753
308.854
282.838
249.554
227.589
214.334
299.347
270.916
256.484
310.123
337.612
332.16
299.12
324.946
246.109
291.304
276.396
316.797
284.635
309.57
264.423
231.73
254.858
323.732
299.444
281.134
308.236
324.415
307.277
307.28
270.508
289.559
249.063
289.555
324.929
345.381
291.285
276.369
284.626
316.758
246.099
285.211
219.679
260.192
219.681
285.221
246.407
188.371
233.69
195.373
267.145
245.693
169.911
212.281
279.611
183.733
209.098
100.694
92.4137
163.039
191.245
74.1433
236.095
208.831
258.978
260.621
302.104
320.292
282.732
245.668
212.287
169.922
296.905
267.11
233.696
195.375
258.307
191.118
244.555
123.408
181.568
166.084
107.201
204.752
256.738
148.859
210.285
256.735
250.933
204.759
85.9642
75.8076
167.234
52.0872
139.15
125.53
42.9047
96.8316
217.427
226.461
184.056
179.689
136.896
147.134
229.678
128.021
190.702
247.799
232.056
278.483
193.947
217.433
96.8037
136.868
184.047
226.461
256.684
147.124
78.3567
135.83
135.839
29.0329
167.312
101.577
52.1808
61.8014
31.0968
106.469
18.3708
82.3128
126.242
44.59
59.655
136.994
198.432
116.085
224.983
144.27
85.4453
44.6072
18.3861
126.263
82.3394
149.661
106.487
31.1104
99.7398
59.3693
11.7402
46.7946
163.668
120.223
82.3252
76.5199
54.3507
19.3775
54.366
185.152
130.801
101.705
43.3749
21.8477
90.673
77.2364
2.5794
15.736
33.1359
26.093
7.61378
1.74566
27.4818
54.6012
96.7407
62.888
10.3985
7.62343
27.5017
96.7617
54.6286
62.9002
1.74854
10.0299
3.73032
39.405
59.6277
1.05222
9.0896
21.1293
0.00944786
0.917495
0.0656056
2.88112
0.424331
5.94225
19.7517
0.224075
2.14468
0.224292
8.13753
0.965391
8.14312
30.3705
2.12089e-06
8.52688e-06
2.5892e-06
1.84712e-06
2.44719e-06
0.000214581
2.63977e-05
1.12422e-07
9.86541e-09
1.49023e-08
1.16108e-08
9.64106e-09
1.08361e-08
1.01087e-08
4.06278e-05
5.23307e-06
0.000126513
2.92875e-06
1.30897e-05
2.70868e-06
5.68718e-06
0.000445882
4.08018e-05
6.48123e-06
3.08868e-06
3.05141e-06
9.88662e-06
2.20997e-06
8.34428e-06
2.51735e-05
0.000151283
2.15053e-06
5.17708e-06
1.5019e-06
1.71677e-06
1.13349e-05
1.05344e-05
5.73979e-06
1.95229e-05
2.19958e-05
0.000218585
0.00025817
3.90489e-06
5.67229e-06
3.66133e-06
9.48388e-06
1.49146e-05
0.000170595
8.99339e-05
2.24342e-06
0.000184582
2.14379e-05
1.56327e-06
6.18711e-06
2.07277e-06
1.76518e-06
2.55036e-05
5.06186e-05
1.78634e-05
3.81488e-06
4.80659e-06
4.02446e-06
3.22995e-06
2.12271e-06
1.11824e-05
7.3775e-05
1.74885e-06
1.83941e-06
3.26239e-06
1.96637e-06
2.26396e-06
1.96368e-05
6.60046e-06
0.000242451
6.38193e-05
3.26352e-06
6.10608e-06
3.29326e-05
2.5703e-06
1.11729e-05
4.07221e-05
4.59181e-06
3.08635e-06
0.000133049
3.21771e-06
4.72773e-05
2.06e-05
1.99589e-06
3.27293e-06
2.50187e-06
1.95529e-06
1.13316e-05
2.068e-06
3.38202e-06
5.00835e-06
2.21788e-06
1.93187e-06
1.84537e-06
2.72872e-06
8.15874e-07
8.74574e-07
1.22371e-06
8.75876e-07
1.96941e-05
2.73343e-06
1.34669e-06
1.39695e-06
1.29189e-06
3.81404e-06
4.52438e-06
5.93319e-05
1.44206e-06
2.12252e-06
2.09884e-06
2.02072e-06
5.65531e-06
4.11741e-06
3.55882e-05
2.22335e-06
2.75708e-06
6.17609e-06
3.44751e-05
1.46862e-05
2.25961e-06
2.43985e-06
3.7521e-06
4.61088e-06
3.53093e-06
3.35046e-06
3.65246e-05
9.13892e-06
4.04464e-06
3.5076e-06
8.21813e-07
1.36479e-06
8.81534e-07
8.56007e-07
9.96157e-07
8.01351e-06
1.97929e-06
4.59639e-06
1.15346e-05
4.45061e-06
3.58091e-06
3.77708e-06
3.57176e-06
3.75277e-06
1.82812e-08
1.90386e-08
1.94613e-08
8.65372e-08
1.8442e-08
2.68765e-08
1.83586e-08
2.84626e-06
5.23004e-06
2.49538e-06
2.17501e-06
2.21182e-06
2.28529e-06
2.13206e-06
2.7833e-06
2.81024e-06
2.75246e-06
2.91668e-06
3.76491e-06
5.31157e-06
1.83559e-05
2.54343e-05
4.48493e-06
1.25457e-05
4.26438e-06
4.98315e-06
4.53888e-06
4.2683e-06
1.31547e-06
1.87678e-06
1.33529e-06
1.31628e-06
1.33554e-06
1.37862e-06
2.48208e-06
3.7377e-06
1.21292e-06
1.28922e-06
1.2144e-06
1.21413e-06
1.21588e-06
1.31765e-06
1.91929e-06
1.95659e-06
4.48948e-06
1.92096e-06
1.91724e-06
2.09613e-06
1.94154e-06
1.21622e-06
3.41664e-06
1.13998e-06
1.14528e-06
1.76945e-06
1.13203e-06
1.43796e-06
1.11504e-06
3.18435e-06
9.72587e-07
1.12035e-06
9.58299e-07
9.90011e-07
9.65039e-07
1.38987e-06
1.37838e-06
3.31883e-06
1.81251e-06
1.38792e-06
1.42273e-06
1.38098e-06
1.31529e-06
1.40152e-06
1.31441e-06
1.42597e-06
4.17373e-06
1.31633e-06
1.31775e-06
1.06429e-06
1.10164e-06
1.42344e-06
2.68247e-06
1.06551e-06
1.08258e-06
1.23875e-06
2.90707e-06
2.9093e-06
4.31647e-06
2.44479e-06
2.46929e-06
2.43764e-06
2.43027e-06
3.80641e-06
1.95374e-06
2.64477e-06
1.90695e-06
1.93646e-06
1.91454e-06
1.89775e-06
)
;

boundaryField
{
    ground
    {
        type            calculated;
        value           nonuniform List<scalar> 
458
(
3.03615e-13
0
2.1516e-14
1.49677e-14
6.86019e-15
0
1.55913e-15
0
0
0
0
0
0
2.39067e-15
0
0
0
0.0295933
66.13
0.000733587
1.07738
22.257
1.47494
0.034941
372.791
1.49561
24.1914
90.5415
461.076
1029.14
1227.49
1931.53
959.943
1009.95
1087.88
2042.87
1165.65
1737.25
776.82
713.223
24.9578
941.417
610.824
881.18
971.912
495.467
176.902
474.39
111.966
89.2406
1497
471.986
838.077
811.777
891.544
638.293
726.182
726.318
1236.49
382.972
461.091
549.93
279.085
371.556
275.804
266.019
183.288
1267.34
1129.58
1081.62
1014.65
932.791
1082.91
985.553
843.634
751.782
660.001
568.113
675.365
136.064
342.593
353.326
433.576
546.356
574.965
474.43
378.878
462.881
394.154
278.453
0
0
0
0
0
0
0
0
0
0
0
0
0
0
0
0
0
0
0
0
0
0
0
0
0
0
0
0
0
0
0
0
0
0
0
0
0
0
0
0
0
0
0
0
0
0
0
0
0
0
0
0
0
0
0
0
0
0
0
0
0
0
0
0
0
0
0
0
0
0
0
0
0
0
0
0
0
0
0
0
0
0
0
0
0
0
0
0
0
0
0
0
0
0
0
0
0
0
0
0
0
0
0
0
0
0
0
0
0
0
0
0
0
0
0
0
0
0
0
0
0
0
0
0
3.53829e-10
3.73076e-11
1.86784e-13
0
2.07365e-13
5.405e-15
0
4.15769e-16
0
4.57346e-15
0
0
0
1.30967e-14
0
0
1.64021e-13
0
1.45519e-15
6.23654e-15
0
0
0
1.68927e-12
5.01106e-13
1.69501e-11
0
0
4.78134e-15
3.14184
0.0189101
2.18859e-07
2.21202e-08
1.93246e-10
6.54836e-15
5.1651e-12
1.29245e-08
1.3606e-13
2.57881e-13
5.31457e-12
3.11827e-16
1.90215e-10
6.89378e-10
2.05198e-11
5.98603e-13
5.31145e-14
2.01076e-12
7.29529e-12
2.18798e-13
4.88529e-15
0
1.96368e-05
1.14991e-07
1.164e-06
1.98909e-09
4.88331e-11
8.06614e-10
3.98506e-07
2.3905e-11
6.24231e-10
4.79465e-12
1.73984e-10
7.87974e-09
1.39828e-08
393.81
223.524
9.49219
1.47213e-05
0.000562131
1.07797e-08
6.34193e-05
3.84868e-10
2.83465e-07
1.04255e-05
0.000345637
0.0193756
2.54044e-07
6.1763e-06
1.95901e-07
5.71203e-09
44.519
0.0010971
1.09985
277.668
5.30277
42.2109
363.777
236.385
264.08
157.222
200.351
324.674
279.918
178.632
268.503
209.086
321.491
244.395
0.106363
2.98539e-06
2.16249e-05
163.614
61.3766
109.389
140.438
115.848
28.1648
14.7764
85.9294
54.0815
708.586
628.798
511.018
584.428
162.711
82.4275
16.6297
3.69827
22.6586
101.155
25.5588
7.23952
0.151566
1.34833
0.024548
0.0612468
0.571312
0.00968591
0.22424
568.086
659.696
777.11
675.58
968.356
785.686
400.698
528.051
920.207
770.176
813.2
652.62
715.308
857.564
667.132
629.79
494.865
451.954
581.908
525.906
0.00185987
0.00772976
0.432201
0.0146612
0.886729
0.0662263
0.0025619
4.79689e-05
0.000330604
1.09022e-07
1.07542e-08
1.26566e-08
0.00111853
0.0004468
9.59647e-06
0.00371735
0.000167547
4.78798e-06
1679.68
1570.13
1467.61
1280.27
1312.02
1398.91
1612.41
1469.8
1529.49
1022.08
902.086
841.545
1359
1581.95
1664.69
1626.03
1632.78
1368.78
929.726
1124.78
1584.39
1611.61
1643.06
1583.74
1531.61
1528.22
1582.13
1579.96
1525.61
1511.76
1471.54
1540.47
1454.59
1356.4
1383.05
1509.26
1568.42
1539.55
1457.11
1469.43
1385.28
1238.04
1370.65
1427.6
1484.98
1399.75
1295.08
1236.14
1309.62
1425.13
1267.82
1227.87
1076.98
1163.6
1021.45
1136.74
1164.1
1281.43
1137.91
1010.5
1166.21
1083.45
785.832
901.859
1033.23
986.055
881.639
750.678
2.52253e-06
6.10608e-06
0.000242451
4.59181e-06
0.000133049
3.29326e-05
3.41664e-06
1.43796e-06
1.13998e-06
)
;
    }
    outlet
    {
        type            calculated;
        value           nonuniform List<scalar> 
283
(
0
0
0
0
0
0
0
0
0
0
2.18279e-15
0
0
0
0
0
0
0
0
0
0
0
0
0
0
0
0
0
0
0
0
0
0
0
0
0
0
0
0
0
0
0
0
0
0
0
0
0
0
0
0
0
0
0
0
0
0
0
0
0
0
0
0
0
0
0
0
0
0
0
0
0
0
0
0
0
0
0
0
0
0
0
0
0
0
0
0
0
0
0
0
0
0
0
0
0
0
0
0
0
0
0
0
0
0
0
0
0
0
0
0
0
0
0
0
0
0
0
0
0
0
0
0
0
0
0
0
0
0
0
0
0
0
0
0
0
0
0
0
0
0
0
0
0
0
0
0
0
0
0
0
0
0
0
0
0
0
0
0
0
0
0
0
0
0
0
0
0
0
0
0
0
0
0
0
0
0
0
0
0
0
0
0
0
0
0
0
0
0
0
0
0
0
0
0
0
0
0
0
0
0
0
0
0
0
0
0
0
0
0
0
0
0
0
0
0
0
0
0
0
0
0
0
0
0
0
0
0
0
0
0
0
0
0
0
0
0
0
0
0
0
0
0
0
0
0
0
0
0
4.15769e-16
0
0
0
0
0
0
0
0
0
0
0
0
0
0
0
0
0
0
0
0
0
0
0
0
0
0
0
0
0
0
0
0
0
)
;
    }
    wall
    {
        type            calculated;
        value           nonuniform List<scalar> 0();
    }
    wall2
    {
        type            calculated;
        value           nonuniform List<scalar> 
1024
(
0
0
0
0
0
0
0
0
0
0
0
0
2.43422e-12
8.69997e-14
4.65661e-14
1.41018e-12
2.04986e-07
4.41221e-07
0
1.55913e-15
6.23654e-16
0
0
0
0
0
0
0
0
0
0
0
0
0
0
0
0
0
0
0
0
0
0
0
0
0
0
0
0
0
0
0
0
0
0
0
0
0
0
0
0
0
0
0
0
0
0
0
0
0
0
0
0
0
0
0
0
0
0
0
0
0
0.000733587
0.034941
0.000173889
0.00806335
1.60251e-08
2.27242e-10
1.49561
0.00013008
2.37164e-09
2.72208e-09
0.000818747
4.56777e-10
1.04994e-10
0.34921
1.38648e-09
0.0204633
2.36052e-10
1931.53
822.564
641.768
483.611
411.29
77.0124
14.7851
0.00046532
2042.87
1581.25
1160.85
887.097
705.334
576.085
531.894
540.513
466.134
309.984
187.345
105.122
25.2131
0.693486
0.0184921
0.00106423
1661.88
1231.22
637.913
591.677
361.11
230.211
1.5994
0.0426177
1737.25
713.223
24.9578
543.671
76.8736
0.00375706
335.232
26.1498
0.000385147
6.16463
0.00239397
971.912
712.75
278.17
111.966
146.73
0.752748
0.0272066
174.881
402.02
115.301
0.0979293
45.6876
0.0322965
0.001289
79.3418
46.2929
0.720303
0.0100173
0.0596478
8.10997e-06
3.13273e-07
0.028884
0.000147625
6.87969e-07
3.5291e-07
6.38138e-08
1.15893e-09
1497
1428.49
471.986
571.064
9.28168
425.277
484.978
20.2869
65.9598
0.00280662
247.634
241.598
3.92669
8.54366
1.33333e-05
6.03563e-05
1.58645
0.220017
0.000152646
7.80942e-05
1236.49
795.667
1032.53
576.824
507.216
427.862
266.019
61.6309
329.524
54.6673
13.5761
10.9962
0.769674
297.596
152.741
445.612
306.849
137.684
207.285
2.09921
0.0705579
58.6261
9.63451
0.0563829
0.703455
0.00227433
4.64556e-05
158.106
38.0181
133.978
20.6734
9.3939
5.5963
0.226626
0.00160751
1.0448
0.00374837
0.000142213
0.000189531
5.29395e-06
1.65693e-08
0.256794
0.000926271
0.00587425
3.45774e-05
2.61973e-05
5.81107e-06
7.88038e-06
1.96436e-08
2.25086e-06
7.61201e-09
2.27629e-09
1.98119e-09
1234
358.972
377.398
16.628
0.000102108
165.8
0.718716
2.05564e-06
0.0498827
5.10145e-06
1018.97
870.85
692.266
181.425
176.291
67.63
262.204
344.9
238.141
1.52499
14.1887
1.2117
8.35606e-05
93.5467
79.5996
35.319
0.0373317
0.0666111
0.003357
1.85861e-07
0.00811147
0.00135543
0.00022563
2.79229e-07
1.54419e-07
1.07397e-08
5.64728e-07
1.40791e-07
5.39263e-08
1.58561e-08
1.08948e-05
2.21638e-05
4.2009e-06
1.22379e-07
9.83575e-08
1.55136e-06
4.29495e-07
4.4742e-09
0.000487503
3.47375e-06
2.85488e-06
6.78488e-08
4.60152e-13
2.53931e-13
5.82077e-15
1.34086e-14
1.52379e-13
4.49031e-14
1.40364e-12
4.03379e-12
3.78743e-11
6.68773e-11
1.98214e-09
9.72834e-10
1.31967e-11
1.59333e-12
7.75929e-12
2.29524e-10
3.57803e-10
8.16155e-13
4.16923e-11
2.31827e-11
1.06687e-09
6.65373e-10
6.97161e-08
2.59763e-08
6.35812e-09
9.35688e-09
3.61614e-11
9.71095e-11
0
0
0
2.91038e-15
0
0
0
0
0
0
0
0
0
0
0
0
0
0
0
0
0
0
0
0
0
0
0
0
0
0
0
0
0
0
0
0
0
0
0
0
0
0
0
0
0
0
0
0
0
0
0
0
0
0
0
0
0
0
3.11827e-16
0
0
0
0
0
0
0
0
0
0
0
0
0
0
0
0
0
0
0
0
0
0
0
0
0
0
0
0
0
0
0
0
0
0
0
0
0
0
0
0
0
0
0
0
0
0
0
0
0
0
0
0
0
0
0
0
0
0
0
0
0
0
0
0
0
0
0
0
0
0
0
0
0
0
0
0
0
0
0
0
0
0
0
0
0
0
0
0
0
0
0
0
0
0
0
0
0
0
0
0
0
0
0
0
0
0
0
0
0
0
0
0
0
0
0
0
0
0
0
0
0
0
0
0
0
0
0
0
0
0
0
0
0
0
0
0
0
0
0
0
0
0
0
0
0
0
0
0
0
0
0
0
0
0
0
0
0
0
0
0
0
0
0
0
0
0
0
0
0
0
0
0
0
0
0
0
0
0
0
0
0
0
0
0
0
0
0
0
0
0
0
0
0
0
0
0
0
0
0
0
0
0
0
0
0
0
0
0
0
0
0
0
0
0
0
0
0
0
0
0
0
0
0
0
0
0
0
0
0
0
0
0
0
0
0
0
0
0
0
0
0
0
0
0
0
0
0
0
0
0
0
0
0
0
0
0
0
0
0
0
0
0
0
0
0
0
0
0
0
0
0
0
0
0
0
0
0
0
0
0
0
0
0
0
0
0
0
0
0
0
0
0
0
0
0
0
0
0
0
0
0
0
0
0
0
0
0
0
0
0
0
0
0
0
0
0
0
0
0
0
0
0
0
0
0
0
0
0
0
0
0
0
0
0
0
0
0
0
0
0
0
0
0
0
0
0
0
0
0
0
0
0
0
0
0
0
0
0
0
0
0
0
0
0
0
0
0
0
0
0
0
0
0
0
0
1.03942e-15
0
0
0
0
0
0
0
0
0
0
0
0
0
0
0
0
0
1.03942e-16
0
0
0
0
0
0
0
0
0
0
0
0
0
0
0
0
0
0
0
0
0
0
0
0
0
0
0
0
0
0
0
0
0
0
0
0
0
0
0
0
0
0
0
0
0
0
0
0
0
0
0
0
0
0
0
0
0
0
0
0
0
0
0
0
0
6.34048e-15
8.31538e-15
0
0
0
0
0
0
0
6.54836e-15
1.14336e-15
0
1.3606e-13
3.61719e-14
2.49461e-15
3.90823e-14
1.53835e-14
3.11827e-16
6.86019e-15
0
3.11827e-16
9.25086e-15
1.18307e-12
0
1.87096e-15
1.70569e-13
0
0
1.03942e-16
5.98603e-13
1.21405e-13
2.27821e-12
3.92902e-14
2.34909e-13
0
2.28673e-15
0
0
1.64125e-13
3.03511e-14
9.57204e-13
1.86057e-14
1.16e-13
0
6.23654e-16
0
0
2.43225e-14
1.9749e-15
7.3799e-15
0
3.11827e-16
1.35125e-15
1.70684e-12
0
1.35541e-13
0
0
8.49416e-13
3.47572e-12
2.75343e-13
0
3.11827e-16
0
1.83666e-13
1.31321e-12
1.24939e-13
0
0
0
1.72544e-14
3.40931e-14
2.91038e-15
2.46343e-14
8.31538e-16
0
5.84155e-14
5.09317e-15
0
1.9749e-15
2.1173e-13
1.2972e-13
0
1.4344e-14
2.40107e-14
0
6.60033e-14
3.32615e-14
2.3905e-11
3.87528e-12
7.53997e-13
3.74192e-15
4.4586e-12
1.6399e-12
2.30752e-14
7.2032e-14
8.31538e-15
4.79465e-12
3.35353e-11
4.19947e-12
4.74912e-13
6.23654e-16
1.03863e-11
2.98574e-12
8.648e-14
2.07677e-13
2.71289e-14
1.9749e-15
1.66308e-14
1.47213e-05
6.9129e-09
3.84868e-10
1.5337e-08
6.57619e-11
5.15774e-11
2.18111e-11
1.05707e-11
3.44049e-13
2.83465e-07
3.55315e-06
1.8167e-09
5.71203e-09
3.37445e-10
2.32858e-07
1.53793e-09
1.26984e-10
2.58286e-10
2.7119e-10
4.8757e-11
3.18149e-11
1.24443e-10
4.03448e-11
6.83067e-12
9.6843e-13
1.74436e-12
9.96409e-10
1.13312e-11
3.0617e-09
9.94051e-11
1.99777e-13
6.73571e-09
2.90219e-10
6.99088e-10
1.62826e-12
4.11819e-12
4.95584e-09
9.02393e-10
2.06004e-10
2.01677e-11
4.42898e-13
6.26772e-14
7.72548e-10
1.34181e-10
1.41467e-09
2.04595e-09
4.02901e-10
5.20585e-11
1.13496e-11
1.31903e-13
1.71505e-14
7.09675e-08
2.31656e-09
1.87279e-09
6.29449e-09
4.14387e-10
3.34309e-10
2.18478e-10
4.46688e-11
7.71688e-12
3.45657e-10
8.66151e-13
1.58311e-09
8.15076e-11
1.45831e-13
7.72182e-09
2.38898e-10
1.51454e-12
4.61244e-12
9.55624e-12
2.86903e-11
4.22006e-13
6.37062e-13
5.7108e-12
4.08223e-12
)
;
    }
    wall3
    {
        type            calculated;
        value           nonuniform List<scalar> 0();
    }
    internalPatch
    {
        type            internal;
    }
    procBoundary1to2
    {
        type            processor;
        value           nonuniform List<scalar> 
434
(
0
4.78134e-15
4.3978e-13
1.66308e-15
0
0
0
0
0
4.05375e-15
5.37797e-13
3.09769e-11
5.84131e-11
1.90661e-12
5.10356e-14
0
0
0
0
0
0
0
0
0
0
0
0
0
1.96555e-13
1.40467e-11
8.06476e-10
1.52988e-08
1.37493e-09
1.85632e-09
6.90825e-11
2.14059e-12
5.23869e-14
0
0
0
0
0
0
0
0
0
0
0
0
0
0
0
0
0
0
0
0
0
0
0
0
0
0
0
0
0
0
0
0
0
2.29712e-14
1.37859e-12
2.48194e-11
6.92359e-13
1.16623e-13
5.05159e-14
6.44442e-15
2.80644e-15
1.35125e-15
1.35125e-15
4.15769e-16
0
0
0
0
0
0
0
0
0
0
0
0
0
4.46952e-15
2.23892e-13
6.0061e-12
1.70468e-10
5.41125e-09
5.41125e-09
1.05283e-08
7.27919e-07
4.25805e-05
0.00176653
0.0713695
2.62899
33.5905
123.535
254.331
385.43
487.629
559.261
608.452
651.513
714.473
884.408
1213.8
1628.89
2021.36
1101.04
1036.35
1157.22
1287.34
1395.59
1470.41
1526.88
1576.3
500.122
306.395
281.697
287.922
299.905
311.477
311.304
315.104
322.537
322.537
323.145
323.729
325.331
320.857
288.941
222.41
131.649
44.8565
4.68506
0.137115
0.00367778
0.00129216
0.000325669
6.13234e-05
1.08324e-05
3.71523e-07
2.2862e-08
4.17665e-08
4.17665e-08
1.85632e-09
7.10187e-10
7.10187e-10
1.47311e-11
2.74615e-13
2.80644e-15
0
0
0
0
0
0
0
0
0
0
0
0
0
0
0
0
0
0
0
0
0
0
0
0
0
0
0
0
0
0
0
0
1.76702e-15
1.72232e-13
4.04231e-12
9.31323e-14
6.67101e-13
8.55445e-14
2.72329e-14
2.5258e-14
1.07061e-14
9.97846e-15
3.11827e-16
3.11827e-16
0
0
0
0
0
0
0
0
0
0
0
6.34048e-15
2.53619e-14
6.15754e-13
5.15886e-12
1.17665e-10
2.24741e-09
2.24741e-09
2.88405e-09
7.95754e-08
1.47303e-06
2.2534e-05
0.000829064
0.0349582
1.46886
23.1697
82.2244
158.889
231.622
286.433
322.919
342.554
348.389
351.971
369.931
431.909
570.039
777.359
630.99
595.99
567.188
536.511
513.482
500.277
285.001
254.806
260.737
272.265
289.238
299.611
313.636
322.542
322.542
329
334.432
337.643
322.166
274.106
199.018
106.415
29.5773
1.98962
0.0510593
0.0135145
0.00251002
0.000314846
3.28404e-05
4.64301e-06
4.64301e-06
4.17665e-08
4.17665e-08
4.17665e-08
2.61552e-06
5.98351e-08
2.71536e-06
4.39244e-06
0.000307497
0.0132594
0.567288
14.606
71.9818
153.962
226.698
276.977
308.252
320.88
315.838
302.452
292.268
290.753
323.75
423.204
359.735
320.078
294.181
282.061
244.697
249.963
261.03
279.082
294.952
314.433
323.53
323.53
334.641
343.587
340.55
308.889
249.545
167.205
75.7836
14.6719
0.554058
0.107688
0.0139603
0.00134213
0.00134213
3.28404e-05
6.04429e-05
5.21382e-06
2.64087e-06
0.00259181
0.113213
0.113213
6.18804
50.286
133.775
218.585
279.86
317.449
331.729
324.302
307.261
289.133
275.114
266.833
280.604
257.847
246.192
249.458
259.926
277.244
295.718
318.081
326.984
326.984
341.032
346.073
327.988
282.878
214.329
125.517
42.8953
4.30219
0.607619
0.0594131
0.0594131
0.0594131
0.607619
1.0833
26.1107
99.2143
191.427
266.999
316.409
339.075
335.091
318.834
300.283
281.42
265.502
255.651
318.081
326.984
341.032
346.073
327.988
282.878
214.329
125.517
42.8953
52.08
139.141
227.588
293.661
333.573
343.01
333.255
0
1.45519e-15
0
0
0
0
0
0
0
0
0
0
0
0
0
0
0
0
0
0
0
0
0
3.11827e-16
5.38421e-14
1.0679e-12
4.07246e-13
3.76271e-14
6.23654e-16
6.23654e-16
7.27596e-16
7.27596e-16
0
0
0
0
0
0
6.23654e-16
1.60071e-14
)
;
    }
    procBoundary1to3
    {
        type            processor;
        value           nonuniform List<scalar> 
210
(
1.19741e-13
0
5.96629e-14
5.96629e-14
1.19741e-13
7.64265e-12
7.64265e-12
1.33982e-13
1.03942e-16
0
0
0
0
1.32007e-14
1.17902e-12
1.17902e-12
1.25367e-10
9.77412e-12
6.13785e-10
1.90119e-08
4.68807e-10
4.68807e-10
4.68807e-10
7.12606e-12
9.88491e-14
0
0
0
0
0
0
0
0
0
0
0
0
0
8.31538e-16
2.73368e-14
1.63189e-14
1.78525e-12
1.0982e-10
7.00248e-09
1.12611e-07
2.9611e-06
3.56769e-06
6.41932e-06
3.65934e-05
9.03109e-05
0.000131858
7.24094e-05
2.51233e-05
1.06962e-05
1.64214e-06
1.82017e-07
8.72523e-09
4.24588e-07
1.14511e-05
0.000411936
0.000411936
0.00155164
0.00427432
0.00867222
0.000516001
2.13406e-05
2.86847e-06
9.71085e-08
5.16488e-06
8.5506e-05
0.00285089
0.0821198
0.00230626
6.10737e-05
3.51334e-06
1.29685e-07
3.33269e-06
9.65707e-06
0.000118769
0.000605272
0.00193949
0.00377602
0.00529138
0.00677035
0.0172763
0.178696
1.67502
5.18367
0.111204
0.0020546
3.93477e-05
5.5732e-07
3.16123e-08
9.96719e-10
6.17759e-12
6.17759e-12
8.23223e-14
6.52757e-14
4.62148e-12
4.62148e-12
1.01638e-09
5.42718e-08
8.17274e-09
1.12767e-07
2.14869e-08
2.86288e-06
3.00399e-06
9.56619e-06
2.1441e-05
6.04754e-05
0.000111925
0.000159145
0.000194809
0.000416906
0.00354866
0.0324778
0.00061935
1.35399e-05
3.36748e-06
1.25207e-07
2.71355e-08
5.45622e-08
8.86871e-08
7.2759e-08
2.31786e-06
6.34053e-07
2.61824e-06
2.92322e-06
5.20969e-06
5.68062e-06
1.09913e-05
6.97297e-05
2.34261e-06
3.36876e-06
3.3785e-06
2.33355e-06
2.35353e-08
4.68807e-10
4.68807e-10
1.24563e-08
1.24563e-08
1.19108e-08
3.20883e-10
4.29088e-12
5.01002e-14
0
0
0
0
0
0
0
0
0
1.39283e-14
3.96436e-13
2.58753e-12
1.63152e-10
1.09381e-08
6.78304e-07
4.75215e-07
1.0644e-05
3.07419e-06
1.21453e-05
1.5736e-05
1.39939e-05
5.72919e-06
5.18954e-06
2.25357e-07
5.48901e-08
2.92985e-08
6.48909e-09
6.43165e-09
6.55456e-09
3.38043e-08
9.53916e-07
2.58012e-06
2.22885e-05
2.22885e-05
8.14192e-05
0.000239616
1.05049e-05
2.3969e-06
9.71085e-08
9.71085e-08
9.71085e-08
2.85182e-06
5.31788e-06
9.03577e-05
4.2443e-06
2.05936e-06
2.61772e-07
1.44593e-08
3.67433e-08
3.67433e-08
3.67433e-08
1.22763e-08
9.48693e-07
9.60411e-07
1.20907e-06
1.20907e-06
2.01948e-06
9.89075e-07
3.67433e-08
3.67433e-08
9.60411e-07
1.15593e-10
1.53471e-12
2.74901e-11
1.60483e-09
)
;
    }
    procBoundary1to4
    {
        type            processor;
        value           nonuniform List<scalar> 
384
(
0.00266225
0.00502481
0.181957
5.87474
49.9295
138.668
227.651
290.61
318.587
322.895
324.497
326.926
328.563
328.563
330.427
330.427
332.83
342.483
335.56
323.211
310.914
333.473
516.986
1633.68
1627.24
1627.24
1665.01
1695.76
1721.72
1678.61
1626.53
1575.95
1526.02
1469.87
1394.3
1288.55
1152.52
998.846
841.67
692.08
550.583
414.653
283.131
157.166
52.9713
29.332
7.07785
0.726323
0.24526
0.186177
0.13568
0.0723968
0.0237855
0.00462879
0.000490722
3.84637e-05
0.00130536
0.0498799
1.83855
24.3816
2.63335
0.0893052
0.00254377
7.86115e-05
0.00167293
0.0345415
0.567254
6.18616
0.113173
0.0594402
0.0234403
0.00685816
0.00685816
0.000156201
6.1096e-06
3.09349e-06
3.9437e-06
1.48449e-05
6.83218e-05
0.000316209
0.00107947
0.0434945
0.10184
3.6572
39.4965
122.168
212.188
281.975
323.316
335.96
336.92
336.137
332.6
332.6
328.61
327.293
343.837
358.083
329.749
329.749
315.533
302.09
291.039
316.919
515.095
515.095
525.706
551.025
594.305
573.673
522.929
501.023
500.815
513.955
536.799
567.854
595.089
603.366
578.92
517.656
432.103
331.917
221.567
111.304
54.0736
16.4185
7.31215
5.73211
4.4129
2.58322
0.910712
0.181579
0.0194095
0.75541
15.8374
70.4422
148.223
83.84
27.0674
2.39721
0.0661109
1.42994
14.6115
50.2705
99.2068
26.1079
1.0831
0.607848
0.265096
0.086785
0.086785
0.00191
4.13699e-05
0.000400556
0.00276644
0.0131309
0.543452
1.7174
27.1894
100.704
191.255
266.3
318.989
344.628
348.38
343.985
336.744
336.744
330.015
322.637
324.31
325.758
360.277
396.959
417.399
354.612
315.533
302.09
291.039
316.919
350.761
407.306
494.348
450.776
357
307.127
285.501
282.618
294.63
320.531
361.107
408.115
433.61
410.016
343.826
250.79
145.225
78.2954
52.7096
46.0381
39.912
30.5738
17.9066
6.0322
45.4872
119.814
198.017
261.428
221.265
159.077
84.016
23.0833
72.08
133.759
191.419
236.086
147.749
58.014
6.49485
4.30453
2.19228
0.789515
0.789515
0.0177009
0.120592
4.77991
14.4219
74.1591
163.056
243.454
303.959
343.278
356.488
351.213
341.195
341.195
331.971
322.532
313.638
315.263
318.886
323.235
380.117
447.51
515.51
542.43
419.998
345.289
332.488
406.182
528.228
457.732
340.329
281.71
254.787
244.87
246.427
258.158
281.235
316.46
341.086
323.619
263.951
173.436
138.617
126.935
115.634
100.03
76.4565
157.527
230.692
285.977
318.844
307.754
277.493
227.689
154.357
218.581
266.977
299.987
319.082
267.504
187.432
92.4192
18.9447
14.6814
9.60181
4.77991
74.1591
163.056
243.454
303.959
343.278
356.488
351.213
341.195
331.971
322.532
313.638
307.769
294.986
299.783
311.59
331.24
359.773
414.973
462.004
466.192
347.959
287.816
260.709
250.071
249.589
255.834
267.263
286.138
302.614
286.584
227.959
211.047
198.03
182.132
250.595
296.734
313.325
308.326
325.788
332.435
317.823
279.974
316.369
335.484
336.095
330.305
322.893
282.529
209.951
116.61
106.455
92.4403
183.759
261.314
316.339
343.392
346.033
339.736
328.946
319.229
319.496
327.686
311.819
295.686
277.327
279.254
289.603
312.19
351.688
356.039
300.505
272.59
261.372
260.115
265.675
275.558
288.933
294.17
269.763
261.51
296.046
299.56
289.687
281.503
300.305
318.846
335.108
339.053
339.606
330.229
324.811
334.361
337.581
322.144
274.126
199.057
)
;
    }
}


// ************************************************************************* //
