/*--------------------------------*- C++ -*----------------------------------*\
  =========                 |
  \\      /  F ield         | OpenFOAM: The Open Source CFD Toolbox
   \\    /   O peration     | Website:  https://openfoam.org
    \\  /    A nd           | Version:  9
     \\/     M anipulation  |
\*---------------------------------------------------------------------------*/
FoamFile
{
    format      ascii;
    class       volVectorField;
    location    "0.0001";
    object      rhoU;
}
// * * * * * * * * * * * * * * * * * * * * * * * * * * * * * * * * * * * * * //

dimensions      [1 -2 -1 0 0 0 0];

internalField   nonuniform List<vector> 
4115
(
(0 0 0)
(-1.18858e-34 0 0)
(1.56079e-34 0 0)
(2.76353e-34 0 0)
(1.21805e-35 0 0)
(1.9141e-38 0 0)
(2.47864e-41 0 0)
(3.35807e-45 0 0)
(-1.14563e-46 0 0)
(7.87609e-48 0 0)
(-1.05488e-47 0 0)
(0 0 0)
(0 0 0)
(-1.30716e-31 0 0)
(1.6631e-31 0 0)
(2.70201e-31 0 0)
(1.23948e-32 0 0)
(2.05997e-35 0 0)
(3.16396e-38 0 0)
(6.28117e-42 0 0)
(-8.81992e-44 0 0)
(5.49851e-45 0 0)
(-8.39345e-45 0 0)
(0 0 0)
(0 0 0)
(-1.27278e-28 0 0)
(1.58325e-28 0 0)
(2.47465e-28 0 0)
(1.17278e-29 0 0)
(2.00513e-32 0 0)
(3.68103e-35 0 0)
(1.03496e-38 0 0)
(-6.10306e-41 0 0)
(3.53764e-42 0 0)
(-6.21558e-42 0 0)
(0 0 0)
(0 0 0)
(-1.08733e-25 0 0)
(1.33396e-25 0 0)
(8.56672e-26 0 4.54747e-15)
(1.03212e-26 0 0)
(1.75509e-29 0 0)
(1.5522e-32 0 4.54747e-15)
(6.01286e-36 0 -4.54747e-15)
(-3.81847e-38 0 0)
(2.08712e-39 0 0)
(-4.25986e-39 0 0)
(0 0 0)
(0 0 0)
(-8.06699e-23 0 0)
(9.82603e-23 0 0)
(2.80729e-23 0 0)
(3.38048e-24 0 -4.54747e-15)
(5.52281e-27 0 -4.54747e-15)
(5.87625e-30 0 0)
(6.75386e-33 0 -4.54747e-15)
(-1.07837e-35 0 -4.54747e-15)
(1.13508e-36 0 0)
(-2.6823e-36 0 0)
(0 0 0)
(0 0 0)
(-5.14194e-20 0 0)
(6.22607e-20 0 0)
(2.15234e-20 0 0)
(1.02537e-21 0 4.54747e-15)
(1.56723e-24 0 4.54747e-15)
(1.98123e-27 0 4.54747e-15)
(2.92648e-30 0 0)
(-2.74773e-33 0 4.51374e-15)
(5.68998e-34 0 0)
(-1.53799e-33 0 0)
(0 0 0)
(0 0 0)
(-3.10091e-17 -4.57096e-15 0)
(3.61759e-17 -4.65449e-15 0)
(1.52027e-17 0 0)
(2.87876e-19 0 -4.54747e-15)
(4.08422e-22 0 -4.54747e-15)
(5.9104e-25 0 0)
(1.09453e-27 0 -4.54747e-15)
(-6.24413e-31 0 -4.54747e-15)
(2.60187e-31 0 0)
(-7.94691e-31 0 0)
(0 0 0)
(-1.58322e-14 -1.21899e-12 4.94772e-15)
(1.75059e-14 -1.15335e-12 -2.84113e-15)
(9.80358e-15 -3.99357e-14 -3.37293e-17)
(7.58159e-17 0 0)
(2.52312e-19 0 -4.54747e-15)
(3.88493e-22 0 0)
(3.45371e-25 0 0)
(-2.50749e-28 0 -4.54747e-15)
(1.04793e-28 0 0)
(-3.65618e-28 0 0)
(0 0 0)
(4.9215e-14 -9.80679e-14 -2.36105e-16)
(1.55379e-16 0 -4.54747e-15)
(2.29267e-19 0 0)
(2.22625e-22 0 0)
(-8.79845e-26 0 -4.54747e-15)
(3.66137e-26 0 0)
(-1.47482e-25 0 0)
(0 0 0)
(0 0 0)
(-5.37556e-35 0 0)
(1.26249e-34 0 0)
(4.84345e-35 0 0)
(2.84203e-37 0 0)
(5.05617e-40 0 0)
(5.08492e-43 0 0)
(4.60855e-47 0 0)
(-5.66452e-48 0 0)
(3.59428e-48 0 0)
(-3.37123e-48 0 0)
(0 0 0)
(0 0 0)
(-6.12748e-32 0 0)
(1.2846e-31 0 0)
(4.87045e-32 0 0)
(2.8723e-34 0 0)
(5.84639e-37 0 0)
(6.41148e-40 0 0)
(7.62423e-44 0 0)
(-4.57557e-45 0 0)
(2.78826e-45 0 0)
(-2.61348e-45 0 0)
(0 0 0)
(0 0 0)
(-6.20064e-29 0 0)
(1.15032e-28 0 0)
(4.57877e-29 0 0)
(2.69614e-31 0 0)
(6.22362e-34 0 0)
(7.3607e-37 0 0)
(1.154e-40 0 0)
(-3.31231e-42 0 0)
(1.98892e-42 0 0)
(-1.87115e-42 0 0)
(0 0 0)
(0 0 0)
(-5.54783e-26 0 0)
(8.91996e-26 0 0)
(4.01868e-26 0 0)
(2.35141e-28 0 0)
(6.05723e-31 0 0)
(7.64215e-34 0 0)
(1.56508e-37 0 0)
(-2.14964e-39 0 0)
(1.29879e-39 0 0)
(-1.23058e-39 0 0)
(0 0 0)
(0 0 0)
(-4.34634e-23 0 0)
(5.86926e-23 0 0)
(3.26452e-23 0 0)
(1.90201e-25 0 0)
(5.35397e-28 0 0)
(7.12546e-31 0 0)
(1.87665e-34 0 0)
(-1.24895e-36 0 0)
(7.72352e-37 0 0)
(-7.3863e-37 0 0)
(0 0 0)
(0 0 0)
(-2.93856e-20 0 0)
(3.20589e-20 0 0)
(2.40353e-20 0 0)
(1.42066e-22 0 0)
(4.28037e-25 0 0)
(5.93077e-28 0 0)
(1.96964e-31 0 0)
(-6.48612e-34 0 0)
(4.15485e-34 0 0)
(-4.01492e-34 0 0)
(0 0 0)
(0 0 3.10497e-19)
(-1.86986e-17 -4.04588e-16 0)
(1.60604e-17 -4.504e-15 0)
(1.5532e-17 0 0)
(9.75786e-20 0 0)
(3.10399e-22 0 0)
(4.3974e-25 0 0)
(1.79536e-28 0 0)
(-2.99693e-31 0 0)
(2.00438e-31 0 0)
(-1.9575e-31 0 0)
(0 0 0)
(-1.1031e-14 -3.77829e-13 9.76624e-15)
(7.52344e-15 -1.0425e-12 1.23737e-14)
(8.69535e-15 -3.11098e-14 2.1055e-16)
(6.19706e-17 0 0)
(2.07754e-19 0 0)
(2.93101e-22 0 0)
(1.41605e-25 0 0)
(-1.21945e-28 0 0)
(8.57395e-29 0 0)
(-8.45854e-29 0 0)
(0 0 0)
(3.79978e-14 -8.12494e-14 8.20388e-16)
(1.3264e-16 0 1.22056e-18)
(1.80442e-19 0 3.16906e-21)
(9.73272e-23 0 0)
(-4.3046e-26 0 0)
(3.205e-26 0 0)
(-3.18998e-26 0 0)
(0 0 0)
(0 0 0)
(0 0 0)
(4.42823e-37 0 0)
(1.34962e-37 0 0)
(7.68177e-40 0 0)
(7.26856e-43 0 0)
(1.27122e-46 0 0)
(1.05851e-48 0 0)
(8.51465e-50 0 0)
(0 0 0)
(-1.07607e-48 0 0)
(0 0 0)
(0 0 0)
(0 0 0)
(4.54489e-34 0 0)
(1.48222e-34 0 0)
(8.60158e-37 0 0)
(9.64612e-40 0 0)
(1.98948e-43 0 0)
(9.02743e-46 0 0)
(6.20542e-47 0 0)
(0 0 0)
(-9.17762e-46 0 0)
(0 0 0)
(0 0 0)
(0 0 0)
(4.28847e-31 0 0)
(1.5491e-31 0 0)
(9.02813e-34 0 0)
(1.16975e-36 0 0)
(2.84333e-40 0 0)
(7.11351e-43 0 0)
(4.18277e-44 0 0)
(0 0 0)
(-7.23161e-43 0 0)
(0 0 0)
(0 0 0)
(0 0 0)
(3.71393e-28 0 0)
(1.53705e-28 0 0)
(8.88049e-31 0 0)
(1.29316e-33 0 0)
(3.70309e-37 0 0)
(5.15031e-40 0 0)
(2.59309e-41 0 0)
(0 0 0)
(-5.23507e-40 0 0)
(0 0 0)
(0 0 0)
(0 0 0)
(2.95996e-25 0 0)
(1.44311e-25 0 0)
(8.21259e-28 0 0)
(1.30317e-30 0 0)
(4.38827e-34 0 0)
(3.40392e-37 0 0)
(1.4687e-38 0 0)
(0 0 0)
(-3.45874e-37 0 0)
(0 0 0)
(0 0 0)
(0 0 0)
(2.19505e-22 0 0)
(1.2788e-22 0 0)
(7.20521e-25 0 0)
(1.20405e-27 0 0)
(4.74183e-31 0 0)
(2.03832e-34 0 0)
(7.53878e-36 0 0)
(0 0 0)
(-2.06907e-34 0 0)
(0 0 0)
(0 0 1.22134e-19)
(0 0 0)
(1.55291e-19 0 0)
(1.06557e-19 0 0)
(6.09194e-22 0 0)
(1.04457e-24 0 0)
(4.75308e-28 0 0)
(1.09787e-31 0 0)
(3.47208e-33 0 0)
(0 0 0)
(-1.10993e-31 0 0)
(0 0 0)
(0 -1.10473e-14 1.51211e-15)
(1.09711e-16 -1.76517e-14 5.53605e-15)
(8.2275e-17 -2.02376e-16 9.25931e-17)
(5.0316e-19 0 0)
(9.214e-22 0 0)
(4.71611e-25 0 0)
(5.31802e-29 0 0)
(1.41679e-30 0 0)
(0 0 0)
(-5.27537e-29 0 0)
(0 0 0)
(4.00484e-16 -9.44421e-16 3.21169e-16)
(9.5278e-19 0 3.59884e-19)
(5.28924e-22 0 7.97715e-22)
(2.41169e-26 0 0)
(5.03987e-28 0 0)
(0 0 0)
(-2.18765e-26 0 0)
(0 0 0)
(0 0 0)
(0 0 0)
(4.34736e-40 0 0)
(9.54089e-41 0 0)
(1.11903e-43 0 0)
(7.70637e-47 0 0)
(0 0 0)
(0 0 0)
(1.04676e-48 0 0)
(0 0 0)
(-1.04402e-48 0 0)
(0 0 0)
(0 0 0)
(0 0 0)
(4.97725e-37 0 0)
(1.05413e-37 0 0)
(1.70892e-40 0 0)
(1.54946e-43 0 0)
(0 0 0)
(0 0 0)
(8.9296e-46 0 0)
(0 0 0)
(-8.90422e-46 0 0)
(0 0 0)
(0 0 0)
(0 0 0)
(5.25068e-34 0 0)
(1.12217e-34 0 0)
(2.39547e-37 0 0)
(2.78098e-40 0 0)
(0 0 0)
(0 0 0)
(7.03818e-43 0 0)
(0 0 0)
(-7.01639e-43 0 0)
(0 0 0)
(0 0 0)
(0 0 0)
(5.08914e-31 0 0)
(1.16712e-31 0 0)
(3.08662e-34 0 0)
(4.44824e-37 0 0)
(0 0 0)
(0 0 0)
(5.09691e-40 0 0)
(0 0 0)
(-5.07962e-40 0 0)
(0 0 0)
(0 0 0)
(0 0 0)
(4.53477e-28 0 0)
(1.19675e-28 0 0)
(3.66542e-31 0 0)
(6.33244e-34 0 0)
(0 0 0)
(0 0 0)
(3.36904e-37 0 0)
(0 0 0)
(-3.35644e-37 0 0)
(0 0 0)
(0 0 0)
(0 0 0)
(3.74396e-25 0 0)
(1.20808e-25 0 0)
(4.03041e-28 0 0)
(8.02349e-31 0 0)
(0 0 0)
(0 0 0)
(2.01662e-34 0 0)
(0 0 0)
(-2.00824e-34 0 0)
(0 0 0)
(0 0 1.79981e-22)
(0 0 0)
(2.91992e-22 0 0)
(1.18513e-22 0 0)
(4.13753e-25 0 0)
(9.07952e-28 0 0)
(0 0 0)
(0 0 0)
(1.08263e-31 0 0)
(0 0 0)
(-1.07758e-31 0 0)
(0 0 0)
(0 0 1.56203e-17)
(2.22236e-19 0 1.69649e-17)
(1.1045e-19 0 3.02654e-19)
(4.18467e-22 0 0)
(9.27045e-25 0 0)
(0 0 0)
(0 0 0)
(5.15084e-29 0 0)
(0 0 0)
(-5.12354e-29 0 0)
(0 0 0)
(5.07521e-19 0 9.80781e-19)
(8.8012e-22 0 4.14656e-22)
(0 0 1.13821e-24)
(0 0 0)
(2.13887e-26 0 0)
(0 0 0)
(-2.1258e-26 0 0)
(0 0 0)
(0 0 0)
(0 0 0)
(2.05019e-43 0 0)
(1.01207e-43 0 0)
(0 0 0)
(3.2365e-50 0 0)
(0 0 0)
(0 0 0)
(0 0 0)
(0 0 0)
(0 0 0)
(0 0 0)
(0 0 0)
(0 0 0)
(2.75253e-40 0 0)
(1.13135e-40 0 0)
(0 0 0)
(7.31222e-47 0 0)
(0 0 0)
(0 0 0)
(0 0 0)
(0 0 0)
(0 0 0)
(0 0 0)
(0 0 0)
(0 0 0)
(3.35706e-37 0 0)
(1.17838e-37 0 0)
(0 0 0)
(1.47789e-43 0 0)
(0 0 0)
(0 0 0)
(0 0 0)
(0 0 0)
(0 0 0)
(0 0 0)
(0 0 0)
(0 0 0)
(3.70083e-34 0 0)
(1.14715e-34 0 0)
(0 0 0)
(2.66904e-40 0 0)
(0 0 0)
(0 0 0)
(0 0 0)
(0 0 0)
(0 0 0)
(0 0 0)
(0 0 0)
(0 0 0)
(3.6734e-31 0 0)
(1.05099e-31 0 0)
(0 0 0)
(4.30171e-37 0 0)
(0 0 0)
(0 0 0)
(0 0 0)
(0 0 0)
(0 0 0)
(0 0 0)
(0 0 0)
(0 0 0)
(3.28013e-28 0 0)
(9.17529e-29 0 0)
(0 0 0)
(6.18258e-34 0 0)
(0 0 0)
(0 0 0)
(0 0 0)
(0 0 0)
(0 0 0)
(0 0 0)
(0 0 5.74809e-25)
(0 0 0)
(2.65065e-25 0 0)
(7.77495e-26 0 0)
(0 0 0)
(7.93069e-31 0 0)
(0 0 0)
(0 0 0)
(0 0 0)
(0 0 0)
(0 0 0)
(0 0 0)
(0 0 2.87534e-24)
(1.9757e-22 0 2.44661e-20)
(6.52539e-23 0 2.92689e-22)
(0 0 0)
(9.12005e-28 0 0)
(0 0 0)
(0 0 0)
(0 0 0)
(0 0 0)
(0 0 0)
(0 0 0)
(8.59442e-24 0 6.01079e-22)
(9.50559e-25 0 1.06267e-26)
(0 0 6.54544e-29)
(0 0 0)
(0 0 0)
(0 0 0)
(0 0 0)
(0 0 0)
(0 0 0)
(0 0 0)
(1.00215e-47 0 0)
(1.60499e-50 0 0)
(0 0 0)
(3.15029e-54 0 0)
(0 0 0)
(0 0 0)
(0 0 0)
(0 0 0)
(0 0 0)
(0 0 0)
(0 0 0)
(0 0 0)
(2.06207e-44 0 0)
(5.69652e-47 0 0)
(0 0 0)
(7.6004e-51 0 0)
(0 0 0)
(0 0 0)
(0 0 0)
(0 0 0)
(0 0 0)
(0 0 0)
(0 0 0)
(0 0 0)
(3.7595e-41 0 0)
(1.78784e-43 0 0)
(0 0 0)
(1.6279e-47 0 0)
(0 0 0)
(0 0 0)
(0 0 0)
(0 0 0)
(0 0 0)
(0 0 0)
(0 0 0)
(0 0 0)
(6.03854e-38 0 0)
(4.87696e-40 0 0)
(0 0 0)
(3.09954e-44 0 0)
(0 0 0)
(0 0 0)
(0 0 0)
(0 0 0)
(0 0 0)
(0 0 0)
(0 0 0)
(0 0 0)
(8.47544e-35 0 0)
(1.14353e-36 0 0)
(0 0 0)
(5.26043e-41 0 0)
(0 0 0)
(0 0 0)
(0 0 0)
(0 0 0)
(0 0 0)
(0 0 0)
(0 0 0)
(0 0 0)
(1.02761e-31 0 0)
(2.28525e-33 0 0)
(0 0 0)
(7.99917e-38 0 0)
(0 0 0)
(0 0 0)
(0 0 0)
(0 0 0)
(0 0 0)
(0 0 0)
(0 0 1.18982e-28)
(0 0 0)
(1.05934e-28 0 0)
(3.86157e-30 0 0)
(0 0 0)
(1.09945e-34 0 0)
(0 0 0)
(0 0 0)
(0 0 0)
(0 0 0)
(0 0 0)
(0 0 0)
(0 0 5.95154e-28)
(9.0906e-26 0 0)
(5.47515e-27 0 5.00052e-26)
(0 0 0)
(1.38355e-31 0 0)
(0 0 0)
(0 0 0)
(0 0 0)
(0 0 0)
(0 0 0)
(0 0 0)
(0 0 1.24563e-25)
(1.61892e-28 0 0)
(0 0 0)
(0 0 0)
(0 0 0)
(0 0 0)
(0 0 0)
(0 0 0)
(0 0 0)
(0 0 0)
(4.98508e-57 0 0)
(-9.40502e-66 0 0)
(0 0 0)
(1.98083e-57 0 0)
(0 0 0)
(0 0 0)
(0 0 0)
(0 0 0)
(0 0 0)
(0 0 0)
(0 0 0)
(0 0 0)
(5.25334e-54 0 0)
(1.76653e-61 0 0)
(0 0 0)
(5.32884e-54 0 0)
(0 0 0)
(0 0 0)
(0 0 0)
(0 0 0)
(0 0 0)
(0 0 0)
(0 0 0)
(0 0 0)
(5.18396e-51 0 0)
(8.12007e-58 0 0)
(0 0 0)
(1.2689e-50 0 0)
(0 0 0)
(0 0 0)
(0 0 0)
(0 0 0)
(0 0 0)
(0 0 0)
(0 0 0)
(0 0 0)
(4.77917e-48 0 0)
(2.66708e-54 0 0)
(0 0 0)
(2.67782e-47 0 0)
(0 0 0)
(0 0 0)
(0 0 0)
(0 0 0)
(0 0 0)
(0 0 0)
(0 0 0)
(0 0 0)
(4.11072e-45 0 0)
(7.62396e-51 0 0)
(0 0 0)
(5.02049e-44 0 0)
(0 0 0)
(0 0 0)
(0 0 0)
(0 0 0)
(0 0 0)
(0 0 0)
(0 0 0)
(0 0 0)
(3.29931e-42 0 0)
(2.02882e-47 0 0)
(0 0 0)
(8.40015e-41 0 0)
(0 0 0)
(0 0 0)
(0 0 0)
(0 0 0)
(0 0 0)
(0 0 0)
(0 0 0)
(0 0 0)
(2.47226e-39 0 0)
(4.98487e-44 0 0)
(0 0 0)
(1.26399e-37 0 0)
(0 0 0)
(0 0 0)
(0 0 0)
(0 0 0)
(0 0 0)
(0 0 0)
(0 0 0)
(1.72183e-36 0 0)
(1.16798e-40 0 0)
(0 0 0)
(1.73027e-34 0 0)
(0 0 0)
(0 0 0)
(0 0 0)
(0 0 0)
(0 0 0)
(0 0 0)
(0 0 0)
(2.18621e-31 0 0)
(0 0 0)
(0 0 0)
(0 0 0)
(0 0 0)
(0 0 0)
(0 0 0)
(0 0 0)
(0 0 0)
(0 0 0)
(1.40837e-67 0 0)
(0 0 0)
(1.6056e-60 0 0)
(0 0 0)
(0 0 0)
(0 0 0)
(0 0 0)
(0 0 0)
(0 0 0)
(0 0 0)
(0 0 0)
(0 0 0)
(7.98796e-64 0 0)
(0 0 0)
(4.92147e-57 0 0)
(0 0 0)
(0 0 0)
(0 0 0)
(0 0 0)
(0 0 0)
(0 0 0)
(0 0 0)
(0 0 0)
(0 0 0)
(3.58685e-60 0 0)
(0 0 0)
(1.33784e-53 0 0)
(0 0 0)
(0 0 0)
(0 0 0)
(0 0 0)
(0 0 0)
(0 0 0)
(0 0 0)
(0 0 0)
(0 0 0)
(1.36731e-56 0 0)
(0 0 0)
(3.22955e-50 0 0)
(0 0 0)
(0 0 0)
(0 0 0)
(0 0 0)
(0 0 0)
(0 0 0)
(0 0 0)
(0 0 0)
(0 0 0)
(4.53146e-53 0 0)
(0 0 0)
(6.93513e-47 0 0)
(0 0 0)
(0 0 0)
(0 0 0)
(0 0 0)
(0 0 0)
(0 0 0)
(0 0 0)
(0 0 0)
(0 0 0)
(1.31727e-49 0 0)
(0 0 0)
(1.3283e-43 0 0)
(0 0 0)
(0 0 0)
(0 0 0)
(0 0 0)
(0 0 0)
(0 0 0)
(0 0 0)
(0 0 0)
(0 0 0)
(3.37005e-46 0 0)
(0 0 0)
(2.27894e-40 0 0)
(0 0 0)
(0 0 0)
(0 0 0)
(0 0 0)
(0 0 0)
(0 0 0)
(0 0 0)
(0 0 0)
(7.59311e-43 0 -2.48439e-33)
(0 0 0)
(3.52573e-37 0 0)
(0 0 0)
(0 0 0)
(0 0 0)
(0 0 0)
(0 0 0)
(0 0 0)
(0 0 3.74456e-24)
(4.96525e-34 0 6.13294e-26)
(0 0 4.51166e-28)
(0 0 0)
(0 0 0)
(0 0 0)
(0 0 0)
(0 0 0)
(0 0 0)
(0 0 0)
(0 0 0)
(-3.35872e-70 0 0)
(0 0 0)
(1.34511e-63 0 0)
(0 0 0)
(0 0 0)
(0 0 0)
(0 0 0)
(0 0 0)
(0 0 0)
(0 0 0)
(0 0 0)
(0 0 0)
(-1.07463e-66 0 0)
(0 0 0)
(4.65234e-60 0 0)
(0 0 0)
(0 0 0)
(0 0 0)
(0 0 0)
(0 0 0)
(0 0 0)
(0 0 0)
(0 0 0)
(0 0 0)
(-3.05984e-63 0 0)
(0 0 0)
(1.42065e-56 0 0)
(0 0 0)
(0 0 0)
(0 0 0)
(0 0 0)
(0 0 0)
(0 0 0)
(0 0 0)
(0 0 0)
(0 0 0)
(-5.22006e-60 0 0)
(0 0 0)
(3.83085e-53 0 0)
(0 0 0)
(0 0 0)
(0 0 0)
(0 0 0)
(0 0 0)
(0 0 0)
(0 0 0)
(0 0 0)
(0 0 0)
(-1.29435e-57 0 0)
(0 0 0)
(9.12933e-50 0 0)
(0 0 0)
(0 0 0)
(0 0 0)
(0 0 0)
(0 0 0)
(0 0 0)
(0 0 0)
(0 0 0)
(0 0 0)
(9.38323e-54 0 0)
(0 0 0)
(1.92723e-46 0 0)
(0 0 0)
(0 0 0)
(0 0 0)
(0 0 0)
(0 0 0)
(0 0 0)
(0 0 0)
(0 0 0)
(0 0 0)
(3.72708e-50 0 0)
(0 0 0)
(3.6215e-43 0 0)
(0 0 0)
(0 0 0)
(0 0 0)
(0 0 0)
(0 0 0)
(0 0 0)
(0 0 0)
(0 0 0)
(1.03595e-46 0 0)
(0 0 0)
(6.10679e-40 0 0)
(0 0 0)
(0 0 0)
(0 0 0)
(0 0 0)
(0 0 0)
(0 0 0)
(0 0 0)
(9.3438e-37 0 0)
(0 0 0)
(0 0 0)
(0 0 0)
(0 0 0)
(0 0 0)
(0 0 0)
(0 0 0)
(0 0 0)
(0 0 0)
(-1.3302e-74 0 0)
(0 0 0)
(3.76685e-67 0 0)
(0 0 0)
(0 0 0)
(0 0 0)
(0 0 0)
(0 0 0)
(0 0 0)
(0 0 0)
(0 0 0)
(0 0 0)
(-6.89292e-71 0 0)
(0 0 0)
(1.47547e-63 0 0)
(0 0 0)
(0 0 0)
(0 0 0)
(0 0 0)
(0 0 0)
(0 0 0)
(0 0 0)
(0 0 0)
(0 0 0)
(-3.12532e-67 0 0)
(0 0 0)
(5.0931e-60 0 0)
(0 0 0)
(0 0 0)
(0 0 0)
(0 0 0)
(0 0 0)
(0 0 0)
(0 0 0)
(0 0 0)
(0 0 0)
(-1.449e-63 0 0)
(0 0 0)
(1.54769e-56 0 0)
(0 0 0)
(0 0 0)
(0 0 0)
(0 0 0)
(0 0 0)
(0 0 0)
(0 0 0)
(0 0 0)
(0 0 0)
(-3.62814e-60 0 0)
(0 0 0)
(4.13464e-53 0 0)
(0 0 0)
(0 0 0)
(0 0 0)
(0 0 0)
(0 0 0)
(0 0 0)
(0 0 0)
(0 0 0)
(0 0 0)
(-9.03383e-58 0 0)
(0 0 0)
(9.70899e-50 0 0)
(0 0 0)
(0 0 0)
(0 0 0)
(0 0 0)
(0 0 0)
(0 0 0)
(0 0 0)
(0 0 0)
(0 0 0)
(8.62705e-54 0 0)
(0 0 0)
(2.00979e-46 0 0)
(0 0 0)
(0 0 0)
(0 0 0)
(0 0 0)
(0 0 0)
(0 0 0)
(0 0 0)
(0 0 0)
(3.5674e-50 0 0)
(0 0 0)
(3.69588e-43 0 0)
(0 0 0)
(0 0 0)
(0 0 0)
(0 0 0)
(0 0 0)
(0 0 0)
(0 0 0)
(6.11825e-40 0 0)
(0 0 0)
(0 0 0)
(0 0 0)
(0 0 0)
(0 0 0)
(0 0 0)
(-3.97173e-12 -2.55237e-10 -6.46825e-13)
(3.9668e-12 -2.29547e-10 -1.68245e-12)
(3.44587e-12 -1.24251e-11 -9.20127e-14)
(-4.2604e-06 -0.000165263 -3.98774e-06)
(-3.70059e-12 -1.588e-10 2.96804e-12)
(3.63667e-12 -2.34358e-10 3.79952e-12)
(2.25224e-12 -8.22762e-12 1.47973e-13)
(-1.4628e-08 -6.67717e-07 1.63371e-07)
(-8.09092e-14 -4.41417e-12 1.04686e-12)
(8.23402e-14 -4.59724e-12 1.37431e-12)
(5.68666e-14 -2.2783e-13 5.97509e-14)
(-5.38712e-11 -1.8176e-09 7.42007e-10)
(0 -2.09562e-14 1.20547e-14)
(1.71415e-16 -1.7067e-14 1.18911e-14)
(9.45617e-17 -5.39669e-16 2.57651e-16)
(-1.28113e-13 -5.82575e-12 4.69601e-12)
(0 0 1.52726e-21)
(1.40953e-19 0 1.88361e-17)
(5.47416e-20 0 3.65577e-19)
(0 -1.47928e-14 1.88135e-14)
(0 0 3.25643e-25)
(6.33318e-23 0 0)
(6.48017e-24 0 5.54458e-23)
(0 0 2.04075e-17)
(0 0 0)
(1.09601e-33 0 0)
(2.54033e-37 0 0)
(0 0 6.20629e-21)
(0 0 0)
(0 0 0)
(1.20786e-39 0 -1.0523e-30)
(0 0 0)
(0 0 0)
(0 0 0)
(2.40435e-43 0 0)
(0 0 0)
(0 0 0)
(0 0 0)
(1.00752e-46 0 0)
(0 0 0)
(1.27409e-16 0 0)
(1.14495e-19 0 0)
(-1.32236e-23 0 0)
(1.08673e-23 0 0)
(1.08489e-16 0 2.21669e-18)
(6.01307e-20 0 0)
(-1.30257e-23 0 0)
(1.02737e-23 0 0)
(7.08032e-19 0 6.99601e-19)
(2.10149e-23 0 0)
(1.53333e-25 0 0)
(0 0 0)
(0 0 1.07325e-21)
(0 0 0)
(7.59722e-24 0 0)
(0 0 0)
(0 0 3.39218e-26)
(0 0 0)
(0 0 0)
(0 0 0)
(0 0 0)
(0 0 0)
(0 0 0)
(0 0 0)
(0 0 0)
(0 0 0)
(0 0 0)
(0 0 0)
(0 0 1.68939e-25)
(0 0 0)
(0 0 0)
(0 0 0)
(0 0 0)
(0 0 0)
(0 0 0)
(0 0 0)
(0 0 0)
(0 0 0)
(0 0 0)
(0 0 0)
(2.13182e-07 -9.09994e-07 -1.64703e-08)
(1.61703e-09 -4.44996e-09 -6.5676e-11)
(1.98938e-11 -2.8679e-11 -2.56089e-13)
(1.00389e-13 -8.76731e-14 -4.06834e-16)
(1.15023e-08 -6.76533e-08 1.06838e-08)
(1.27821e-09 -3.43352e-09 8.37632e-11)
(1.4936e-11 -2.35936e-11 4.35293e-13)
(8.56383e-14 -7.72313e-14 1.07253e-15)
(5.51391e-11 -1.81229e-09 7.44093e-10)
(1.91761e-11 -5.2541e-11 1.93299e-11)
(2.87818e-13 -3.84762e-13 1.59509e-13)
(1.21735e-15 -8.76962e-16 3.66242e-16)
(1.37186e-13 -4.07389e-12 3.83479e-12)
(7.12012e-14 -2.2343e-13 1.92864e-13)
(7.30092e-16 -8.09504e-16 8.18178e-16)
(8.43164e-19 0 5.60424e-19)
(1.01123e-16 -9.23258e-15 1.32704e-14)
(4.52575e-17 -6.74586e-17 4.68309e-16)
(6.80867e-20 0 4.61096e-19)
(9.22662e-22 0 1.27892e-23)
(-6.78895e-14 -1.80275e-12 4.26105e-12)
(7.54898e-14 -1.07356e-12 2.68658e-12)
(3.52417e-20 0 0)
(6.48347e-21 0 8.2268e-20)
(0 0 0)
(1.78646e-25 0 0)
(-1.36259e-17 -2.7658e-15 1.19335e-14)
(1.64328e-17 -1.61901e-15 7.09568e-15)
(6.23995e-31 0 0)
(4.90423e-34 0 0)
(0 0 0)
(2.58939e-28 0 0)
(0 0 3.33219e-18)
(3.25696e-28 0 1.60571e-18)
(0 0 0)
(1.69051e-36 0 -3.91112e-28)
(0 0 1.10519e-21)
(6.4425e-31 0 1.79669e-23)
(0 0 0)
(0 0 -1.73461e-27)
(0 0 0)
(4.82451e-40 0 0)
(0 0 0)
(1.3134e-33 0 0)
(0 0 0)
(0 0 0)
(0 0 0)
(2.35623e-43 0 0)
(0 0 0)
(9.27024e-37 0 0)
(0 0 0)
(0 0 0)
(-5.07552e-11 -1.06523e-09 1.60052e-09)
(4.94509e-11 -6.95982e-10 1.18866e-09)
(-1.07821e-14 -4.04638e-14 0)
(-2.49597e-15 -2.07632e-14 2.13416e-16)
(0 -6.74314e-16 1.11793e-16)
(0 0 3.39952e-19)
(0 0 6.10385e-22)
(0 0 1.3015e-25)
(0 0 0)
(0 0 0)
(0 0 0)
(0 0 0)
(-2.98934e-12 -1.03114e-11 -7.00119e-14)
(-1.11366e-09 -2.96555e-09 -5.76237e-11)
(-1.69784e-12 -7.58441e-12 1.48049e-13)
(-1.19594e-09 -3.24263e-09 8.26101e-11)
(-8.36686e-14 -4.66926e-13 9.60365e-14)
(-4.6651e-11 -1.53262e-10 5.54399e-11)
(0 -1.14576e-15 5.73058e-16)
(-1.37256e-13 -4.72998e-13 4.28463e-13)
(0 0 7.53171e-19)
(0 0 1.64207e-22)
(0 0 0)
(0 0 0)
(0 0 0)
(0 0 0)
(-4.17199e-11 -6.86706e-11 1.18405e-10)
(0 0 0)
(1.07024e-48 0 0)
(0 0 0)
(0 0 0)
(-4.10699e-53 0 0)
(-9.05932e-61 0 0)
(1.35675e-50 0 0)
(0 0 0)
(-1.6482e-47 0 0)
(0 0 0)
(0 0 0)
(9.13183e-46 0 0)
(0 0 0)
(0 0 0)
(-1.11106e-49 0 0)
(-2.73195e-57 0 0)
(2.89802e-47 0 0)
(0 0 0)
(-1.40551e-44 0 0)
(0 0 0)
(0 0 0)
(7.19806e-43 0 0)
(0 0 0)
(0 0 0)
(-2.67339e-46 0 0)
(-7.32334e-54 0 0)
(5.4777e-44 0 0)
(0 0 0)
(-1.10711e-41 0 0)
(0 0 0)
(0 0 0)
(5.21215e-40 0 0)
(0 0 0)
(0 0 0)
(-2.28601e-43 0 4.54747e-15)
(-8.73074e-51 0 -4.54747e-15)
(3.65067e-41 0 4.54747e-15)
(0 0 4.54747e-15)
(-3.21075e-39 0 4.54747e-15)
(0 0 0)
(0 0 0)
(3.44412e-37 0 0)
(0 0 0)
(0 0 -4.54747e-15)
(-1.73006e-40 0 0)
(-1.75722e-47 0 -4.54747e-15)
(2.12866e-38 0 0)
(0 0 0)
(-8.49651e-37 0 0)
(0 0 0)
(0 0 0)
(2.06035e-34 0 0)
(0 0 0)
(0 0 4.54747e-15)
(-1.15319e-37 0 4.54747e-15)
(-1.57459e-44 0 0)
(1.0759e-35 0 4.54747e-15)
(0 0 0)
(-5.07214e-34 0 0)
(0 0 0)
(0 0 0)
(1.10506e-31 0 0)
(0 0 0)
(0 0 -4.54747e-15)
(-6.72336e-35 0 0)
(-1.25645e-41 0 -4.54747e-15)
(4.6538e-33 0 0)
(0 0 0)
(-2.70806e-31 0 0)
(0 0 0)
(0 0 0)
(5.25016e-29 0 0)
(0 0 0)
(0 0 -4.54747e-15)
(-8.47655e-32 0 0)
(-7.17818e-39 0 0)
(4.22137e-30 0 0)
(0 0 0)
(-1.27369e-28 0 0)
(0 0 0)
(0 0 0)
(1.07024e-48 0 0)
(0 0 0)
(0 0 0)
(-1.05712e-54 0 0)
(-7.50717e-59 0 0)
(3.4173e-52 0 0)
(0 0 0)
(0 0 0)
(0 0 0)
(0 0 0)
(9.13187e-46 0 0)
(0 0 0)
(0 0 0)
(-2.8597e-51 0 0)
(-1.89362e-55 0 0)
(7.29934e-49 0 0)
(0 0 0)
(0 0 0)
(0 0 0)
(0 0 0)
(7.1981e-43 0 0)
(0 0 0)
(0 0 0)
(-6.87999e-48 0 0)
(-4.2193e-52 0 0)
(1.37955e-45 0 0)
(0 0 0)
(0 0 0)
(0 0 0)
(0 0 0)
(5.21218e-40 0 0)
(0 0 0)
(0 0 0)
(-1.46931e-44 0 0)
(-8.29626e-49 0 0)
(2.29584e-42 0 0)
(0 0 0)
(0 0 0)
(0 0 0)
(0 0 0)
(3.44415e-37 0 0)
(0 0 0)
(0 0 0)
(-2.7764e-41 0 0)
(-1.43623e-45 0 0)
(3.34153e-39 0 0)
(0 0 0)
(0 0 0)
(0 0 0)
(0 0 0)
(2.06037e-34 0 0)
(0 0 0)
(0 0 0)
(-4.61937e-38 0 0)
(-2.17991e-42 0 0)
(4.21416e-36 0 0)
(0 0 0)
(0 0 0)
(0 0 0)
(0 0 0)
(1.10508e-31 0 0)
(0 0 0)
(0 0 0)
(-6.72146e-35 0 0)
(-2.88192e-39 0 0)
(4.54704e-33 0 0)
(0 0 0)
(0 0 0)
(0 0 0)
(0 0 0)
(5.25025e-29 0 0)
(0 0 0)
(0 0 0)
(-8.47388e-32 0 0)
(-3.28658e-36 0 0)
(4.12452e-30 0 0)
(0 0 0)
(0 0 0)
(0 0 0)
(0 0 0)
(1.07002e-48 0 0)
(0 0 0)
(0 0 0)
(-1.04746e-54 0 0)
(-9.89732e-57 0 0)
(3.38422e-52 0 0)
(0 0 0)
(0 0 0)
(0 0 0)
(0 0 0)
(9.12994e-46 0 0)
(0 0 0)
(0 0 0)
(-2.83243e-51 0 0)
(-2.40462e-53 0 0)
(7.22643e-49 0 0)
(0 0 0)
(0 0 0)
(0 0 0)
(0 0 0)
(7.19659e-43 0 0)
(0 0 0)
(0 0 0)
(-6.81193e-48 0 0)
(-5.20051e-50 0 0)
(1.36542e-45 0 0)
(0 0 0)
(0 0 0)
(0 0 0)
(0 0 0)
(5.2111e-40 0 0)
(0 0 0)
(0 0 0)
(-1.45431e-44 0 0)
(-1.00027e-46 0 0)
(2.27186e-42 0 0)
(0 0 0)
(0 0 0)
(0 0 0)
(0 0 0)
(3.44344e-37 0 0)
(0 0 0)
(0 0 0)
(-2.74729e-41 0 0)
(-1.70794e-43 0 0)
(3.30619e-39 0 0)
(0 0 0)
(0 0 0)
(0 0 0)
(0 0 0)
(2.05995e-34 0 0)
(0 0 0)
(0 0 0)
(-4.5699e-38 0 0)
(-2.58056e-40 0 0)
(4.1694e-36 0 0)
(0 0 0)
(0 0 0)
(0 0 0)
(0 0 0)
(1.10486e-31 0 0)
(0 0 0)
(0 0 0)
(-6.64836e-35 0 0)
(-3.43358e-37 0 0)
(4.49905e-33 0 0)
(0 0 0)
(0 0 0)
(0 0 0)
(0 0 0)
(5.24924e-29 0 0)
(0 0 0)
(0 0 0)
(-8.38082e-32 0 0)
(-3.99609e-34 0 0)
(4.08192e-30 0 0)
(0 0 0)
(0 0 0)
(0 0 0)
(0 0 0)
(1.03907e-48 0 0)
(0 0 0)
(0 0 0)
(-1.76398e-69 0 0)
(-2.20808e-59 0 0)
(2.8093e-55 0 0)
(0 0 0)
(0 0 0)
(0 0 0)
(0 0 0)
(8.86626e-46 0 0)
(0 0 0)
(0 0 0)
(-2.35478e-66 0 0)
(-5.51695e-56 0 0)
(2.21015e-52 0 0)
(0 0 0)
(0 0 0)
(0 0 0)
(0 0 0)
(6.98933e-43 0 0)
(0 0 0)
(0 0 0)
(-7.47581e-63 0 0)
(-1.21538e-52 0 0)
(1.5981e-49 0 0)
(0 0 0)
(0 0 0)
(0 0 0)
(0 0 0)
(5.06169e-40 0 0)
(0 0 0)
(0 0 0)
(-2.20263e-59 0 0)
(-2.35675e-49 0 0)
(1.06176e-46 0 0)
(0 0 0)
(0 0 0)
(0 0 0)
(0 0 0)
(3.34536e-37 0 0)
(0 0 0)
(0 0 0)
(-5.82812e-56 0 0)
(-4.01231e-46 0 0)
(6.56226e-44 0 0)
(0 0 0)
(0 0 0)
(0 0 0)
(0 0 0)
(2.00183e-34 0 0)
(0 0 0)
(0 0 0)
(-1.35451e-52 0 0)
(-5.9723e-43 0 0)
(3.94872e-41 0 0)
(0 0 0)
(0 0 0)
(0 0 0)
(0 0 0)
(1.07408e-31 0 0)
(0 0 0)
(0 0 0)
(-2.87629e-49 0 0)
(-7.73184e-40 0 0)
(2.54576e-38 0 0)
(0 0 0)
(0 0 0)
(0 0 0)
(0 0 0)
(5.10558e-29 0 0)
(0 0 0)
(0 0 0)
(-5.36434e-46 0 0)
(-8.60954e-37 0 0)
(1.90591e-35 0 0)
(0 0 0)
(0 0 0)
(0 0 0)
(0 0 0)
(2.34909e-56 0 0)
(0 0 0)
(0 0 0)
(-5.73467e-68 0 0)
(-3.12674e-57 0 0)
(1.00454e-53 0 0)
(0 0 0)
(0 0 0)
(0 0 0)
(0 0 0)
(6.06058e-53 0 0)
(0 0 0)
(0 0 0)
(-2.44234e-64 0 0)
(-7.56537e-54 0 0)
(7.9902e-51 0 0)
(0 0 0)
(0 0 0)
(0 0 0)
(0 0 0)
(1.43002e-49 0 0)
(0 0 0)
(0 0 0)
(-9.1589e-61 0 0)
(-1.62727e-50 0 0)
(5.89916e-48 0 0)
(0 0 0)
(0 0 0)
(0 0 0)
(0 0 0)
(3.03749e-46 0 0)
(0 0 0)
(0 0 0)
(-3.03376e-57 0 0)
(-3.10828e-47 0 0)
(4.10332e-45 0 0)
(0 0 0)
(0 0 0)
(0 0 0)
(0 0 0)
(5.74639e-43 0 0)
(0 0 0)
(0 0 0)
(-8.89384e-54 0 0)
(-5.27312e-44 0 0)
(2.82445e-42 0 0)
(0 0 0)
(0 0 0)
(0 0 0)
(0 0 0)
(9.60488e-40 0 0)
(0 0 0)
(0 0 0)
(-2.31009e-50 0 0)
(-7.94731e-41 0 0)
(2.12791e-39 0 0)
(0 0 0)
(0 0 0)
(0 0 0)
(0 0 0)
(1.40721e-36 0 0)
(0 0 0)
(0 0 0)
(-5.31757e-47 0 0)
(-1.061e-37 0 0)
(1.91478e-36 0 0)
(0 0 0)
(0 0 0)
(0 0 0)
(0 0 0)
(1.79014e-33 0 0)
(0 0 0)
(0 0 0)
(-1.08426e-43 0 0)
(-1.24425e-34 0 0)
(1.95754e-33 0 0)
(0 0 0)
(0 0 0)
(0 0 0)
(0 0 0)
(-6.66873e-57 0 0)
(0 0 0)
(0 0 0)
(0 0 0)
(0 0 0)
(1.98962e-71 0 0)
(0 0 0)
(0 0 0)
(0 0 0)
(0 0 0)
(-7.99183e-54 0 0)
(0 0 0)
(0 0 0)
(0 0 0)
(0 0 0)
(6.7202e-69 0 0)
(0 0 0)
(0 0 0)
(0 0 0)
(0 0 0)
(-8.48897e-51 0 0)
(0 0 0)
(0 0 0)
(0 0 0)
(0 0 0)
(1.83587e-66 0 0)
(0 0 0)
(0 0 0)
(0 0 0)
(0 0 0)
(-8.02339e-48 0 0)
(0 0 0)
(0 0 0)
(0 0 0)
(0 0 0)
(4.85147e-64 0 0)
(0 0 0)
(0 0 0)
(0 0 0)
(0 0 0)
(-6.78529e-45 0 0)
(0 0 0)
(0 0 0)
(0 0 0)
(0 0 0)
(1.30811e-60 0 0)
(0 0 0)
(0 0 0)
(0 0 0)
(0 0 0)
(-5.15044e-42 0 0)
(0 0 0)
(0 0 0)
(0 0 0)
(0 0 0)
(4.64883e-58 0 0)
(0 0 0)
(0 0 0)
(0 0 0)
(0 0 0)
(-3.5136e-39 0 0)
(0 0 0)
(0 0 0)
(0 0 0)
(0 0 0)
(8.74846e-56 0 0)
(0 0 0)
(0 0 0)
(0 0 0)
(0 0 0)
(-2.15081e-36 0 0)
(0 0 0)
(0 0 0)
(0 0 0)
(0 0 0)
(2.48261e-52 0 0)
(0 0 0)
(0 0 0)
(0 0 0)
(0 0 0)
(-1.40727e-60 0 0)
(0 0 0)
(0 0 0)
(0 0 0)
(0 0 0)
(-3.62885e-69 0 0)
(0 0 0)
(0 0 0)
(0 0 0)
(0 0 0)
(-1.57968e-57 0 0)
(0 0 0)
(0 0 0)
(0 0 0)
(0 0 0)
(-2.87534e-66 0 0)
(0 0 0)
(0 0 0)
(0 0 0)
(0 0 0)
(-1.66418e-54 0 0)
(0 0 0)
(0 0 0)
(0 0 0)
(0 0 0)
(-2.09044e-63 0 0)
(0 0 0)
(0 0 0)
(0 0 0)
(0 0 0)
(-1.64019e-51 0 0)
(0 0 0)
(0 0 0)
(0 0 0)
(0 0 0)
(-1.38476e-60 0 0)
(0 0 0)
(0 0 0)
(0 0 0)
(0 0 0)
(-1.50691e-48 0 0)
(0 0 0)
(0 0 0)
(0 0 0)
(0 0 0)
(-8.28702e-58 0 0)
(0 0 0)
(0 0 0)
(0 0 0)
(0 0 0)
(-1.28523e-45 0 0)
(0 0 0)
(0 0 0)
(0 0 0)
(0 0 0)
(-4.43509e-55 0 0)
(0 0 0)
(0 0 0)
(0 0 0)
(0 0 0)
(-1.01272e-42 0 0)
(0 0 0)
(0 0 0)
(0 0 0)
(0 0 0)
(-2.09533e-52 0 0)
(0 0 0)
(0 0 0)
(0 0 0)
(0 0 0)
(-7.33135e-40 0 0)
(0 0 0)
(0 0 0)
(0 0 0)
(0 0 0)
(-8.5898e-50 0 0)
(0 0 0)
(0 0 0)
(0 0 0)
(0 0 0)
(0 0 0)
(0 0 0)
(0 0 0)
(0 0 0)
(0 0 0)
(-1.19574e-67 0 0)
(0 0 0)
(0 0 0)
(0 0 0)
(0 0 0)
(0 0 0)
(0 0 0)
(0 0 0)
(0 0 0)
(0 0 0)
(-9.48413e-65 0 0)
(0 0 0)
(0 0 0)
(0 0 0)
(0 0 0)
(0 0 0)
(0 0 0)
(0 0 0)
(0 0 0)
(0 0 0)
(-6.91083e-62 0 0)
(0 0 0)
(0 0 0)
(0 0 0)
(0 0 0)
(0 0 0)
(0 0 0)
(0 0 0)
(0 0 0)
(0 0 0)
(-4.59584e-59 0 0)
(0 0 0)
(0 0 0)
(0 0 0)
(0 0 0)
(0 0 0)
(0 0 0)
(0 0 0)
(0 0 0)
(0 0 0)
(-2.76733e-56 0 0)
(0 0 0)
(0 0 0)
(0 0 0)
(0 0 0)
(0 0 0)
(0 0 0)
(0 0 0)
(0 0 0)
(0 0 0)
(-1.49425e-53 0 0)
(0 0 0)
(0 0 0)
(0 0 0)
(0 0 0)
(0 0 0)
(0 0 0)
(0 0 0)
(0 0 0)
(0 0 0)
(-7.14896e-51 0 0)
(0 0 0)
(0 0 0)
(0 0 0)
(0 0 0)
(0 0 0)
(0 0 0)
(0 0 0)
(0 0 0)
(0 0 0)
(-2.98455e-48 0 0)
(0 0 0)
(0 0 0)
(0 0 0)
(0 0 0)
(0 0 0)
(0 0 0)
(0 0 0)
(0 0 0)
(0 0 0)
(0 0 0)
(0 0 0)
(0 0 0)
(0 0 0)
(0 0 0)
(0 0 0)
(0 0 0)
(0 0 0)
(0 0 0)
(0 0 0)
(0 0 0)
(0 0 0)
(0 0 0)
(0 0 0)
(0 0 0)
(0 0 0)
(0 0 0)
(0 0 0)
(0 0 0)
(0 0 0)
(0 0 0)
(0 0 0)
(0 0 0)
(0 0 0)
(0 0 0)
(0 0 0)
(0 0 0)
(0 0 0)
(0 0 0)
(0 0 0)
(0 0 0)
(0 0 0)
(0 0 0)
(0 0 0)
(0 0 0)
(0 0 0)
(0 0 0)
(0 0 0)
(0 0 0)
(0 0 0)
(0 0 0)
(0 0 0)
(0 0 0)
(0 0 0)
(0 0 0)
(0 0 0)
(0 0 0)
(0 0 0)
(0 0 0)
(0 0 0)
(0 0 0)
(0 0 0)
(0 0 0)
(0 0 0)
(0 0 0)
(0 0 0)
(0 0 0)
(0 0 0)
(0 0 0)
(0 0 0)
(0 0 0)
(0 0 0)
(0 0 0)
(0 0 0)
(0 0 0)
(0 0 0)
(0 0 0)
(0 0 0)
(0 0 0)
(0 0 0)
(0 0 0)
(0 0 0)
(0 0 0)
(0 0 0)
(0 0 0)
(0 0 0)
(0 0 0)
(0 0 0)
(0 0 0)
(0 0 0)
(0 0 0)
(0 0 0)
(0 0 0)
(0 0 0)
(0 0 0)
(0 0 0)
(0 0 0)
(0 0 0)
(0 0 0)
(0 0 0)
(0 0 0)
(0 0 0)
(0 0 0)
(0 0 0)
(0 0 0)
(0 0 0)
(0 0 0)
(0 0 0)
(0 0 0)
(0 0 0)
(0 0 0)
(0 0 0)
(0 0 0)
(0 0 0)
(0 0 0)
(0 0 0)
(0 0 0)
(0 0 0)
(0 0 0)
(0 0 0)
(0 0 0)
(0 0 0)
(0 0 0)
(0 0 0)
(0 0 0)
(0 0 0)
(0 0 0)
(0 0 0)
(0 0 0)
(0 0 0)
(0 0 0)
(0 0 0)
(0 0 0)
(0 0 0)
(0 0 0)
(0 0 0)
(0 0 0)
(0 0 0)
(0 0 0)
(0 0 0)
(0 0 0)
(0 0 0)
(0 0 0)
(0 0 0)
(0 0 0)
(0 0 0)
(0 0 0)
(0 0 0)
(0 0 0)
(0 0 0)
(0 0 0)
(0 0 0)
(0 0 0)
(0 0 0)
(0 0 0)
(0 0 0)
(0 0 0)
(0 0 0)
(0 0 0)
(0 0 0)
(0 0 0)
(0 0 0)
(0 0 0)
(0 0 0)
(-8.38124e-17 -4.04752e-16 9.24144e-16)
(-1.40657e-20 0 2.29339e-19)
(-1.79319e-23 0 0)
(-2.12095e-26 0 0)
(-2.37163e-29 0 0)
(-2.45061e-32 0 0)
(0 0 0)
(-1.34115e-16 0 0)
(-4.63594e-14 -8.6907e-14 -3.03564e-16)
(-1.00691e-16 0 0)
(-9.37566e-14 -8.24734e-14 -4.04748e-16)
(-1.63316e-11 -2.40288e-11 -2.61971e-13)
(0 0 0)
(-1.33325e-16 0 0)
(-3.14652e-14 -7.10701e-14 6.40381e-16)
(-1.3301e-16 0 3.74107e-19)
(-8.22586e-14 -7.8112e-14 9.55454e-16)
(-1.31566e-11 -2.01217e-11 4.30288e-13)
(0 0 0)
(-2.20227e-18 0 0)
(-1.05111e-15 -2.02376e-15 3.37072e-16)
(-1.3612e-18 0 2.04093e-19)
(-2.55564e-15 -1.9563e-15 6.2662e-16)
(-6.36296e-13 -8.08827e-13 2.84658e-13)
(0 0 0)
(-9.32704e-22 0 0)
(-1.28712e-18 0 0)
(5.30202e-24 0 0)
(-1.53188e-18 0 1.15704e-18)
(-1.58966e-15 -2.15868e-15 2.09629e-15)
(0 0 0)
(-5.26582e-27 0 0)
(-1.75632e-22 0 0)
(1.38202e-25 0 0)
(-6.05373e-24 0 0)
(-3.01936e-19 0 1.03801e-18)
(0 0 0)
(0 0 0)
(0 0 0)
(1.94045e-29 0 0)
(0 0 0)
(0 0 0)
(0 0 0)
(0 0 0)
(0 0 0)
(0 0 0)
(0 0 0)
(0 0 0)
(0 0 0)
(0 0 0)
(0 0 0)
(0 0 0)
(0 0 0)
(0 0 0)
(0 0 0)
(0 0 0)
(0 0 0)
(0 0 0)
(0 0 0)
(0 0 0)
(0 0 0)
(0 0 0)
(0 0 0)
(0 0 0)
(0 0 0)
(0 0 0)
(0 0 0)
(0 0 0)
(0 0 0)
(0 0 0)
(0 0 0)
(0 0 0)
(0 0 0)
(0 0 0)
(0 0 0)
(0 0 0)
(0 0 0)
(0 0 0)
(0 0 0)
(0 0 0)
(0 0 0)
(0 0 0)
(0 0 0)
(0 0 0)
(0 0 0)
(0 0 0)
(0 0 0)
(0 0 -4.54747e-15)
(0 0 0)
(0 0 0)
(0 0 0)
(0 0 0)
(0 0 0)
(0 0 0)
(0 0 0)
(0 0 0)
(0 0 0)
(0 0 0)
(0 0 0)
(0 0 0)
(0 0 0)
(0 0 0)
(0 0 0)
(0 0 0)
(0 0 0)
(0 0 0)
(0 0 0)
(0 0 0)
(0 0 0)
(0 0 0)
(0 0 0)
(0 0 0)
(0 0 0)
(0 0 0)
(0 0 0)
(0 0 0)
(0 0 0)
(0 0 0)
(0 0 0)
(0 0 0)
(0 0 0)
(0 0 0)
(0 0 0)
(0 0 0)
(0 0 0)
(0 0 0)
(0 0 0)
(0 0 0)
(0 0 0)
(0 0 0)
(0 0 0)
(0 0 0)
(0 0 0)
(0 0 0)
(0 0 0)
(0 0 0)
(0 0 0)
(0 0 0)
(0 0 0)
(0 0 0)
(0 0 0)
(0 0 0)
(0 0 0)
(0 0 0)
(0 0 0)
(0 0 0)
(0 0 0)
(0 0 0)
(0 0 0)
(0 0 0)
(0 0 0)
(0 0 0)
(0 0 0)
(0 0 0)
(0 0 0)
(0 0 0)
(0 0 0)
(0 0 0)
(0 0 0)
(0 0 0)
(0 0 0)
(0 0 0)
(0 0 0)
(0 0 0)
(0 0 0)
(0 0 0)
(0 0 0)
(0 0 0)
(0 0 0)
(0 0 0)
(0 0 0)
(0 0 0)
(0 0 0)
(0 0 0)
(0 0 0)
(0 0 0)
(0 0 0)
(0 0 0)
(0 0 0)
(0 0 0)
(0 0 0)
(0 0 0)
(0 0 0)
(0 0 0)
(0 0 0)
(0 0 0)
(0 0 0)
(0 0 0)
(0 0 0)
(0 0 0)
(0 0 0)
(0 0 0)
(0 0 0)
(0 0 0)
(0 0 0)
(0 0 0)
(0 0 0)
(0 0 0)
(0 0 0)
(0 0 0)
(0 0 0)
(0 0 0)
(0 0 0)
(0 0 0)
(0 0 0)
(0 0 0)
(0 0 0)
(0 0 0)
(0 0 0)
(0 0 0)
(0 0 0)
(0 0 0)
(0 0 0)
(0 0 0)
(0 0 0)
(0 0 0)
(0 0 0)
(0 0 0)
(0 0 0)
(0 0 0)
(0 0 0)
(0 0 0)
(0 0 0)
(0 0 0)
(0 0 0)
(0 0 0)
(0 0 0)
(0 0 0)
(0 0 0)
(0 0 0)
(0 0 0)
(0 0 0)
(0 0 0)
(0 0 0)
(0 0 0)
(0 0 0)
(0 0 0)
(0 0 0)
(0 0 0)
(0 0 0)
(0 0 0)
(0 0 0)
(0 0 0)
(0 0 0)
(0 0 0)
(0 0 0)
(0 0 0)
(0 0 0)
(0 0 0)
(0 0 0)
(0 0 0)
(0 0 0)
(0 0 0)
(0 0 0)
(0 0 0)
(0 0 0)
(0 0 0)
(0 0 0)
(0 0 0)
(0 0 0)
(0 0 0)
(0 0 0)
(0 0 0)
(0 0 0)
(0 0 0)
(0 0 0)
(0 0 0)
(0 0 0)
(0 0 0)
(0 0 0)
(0 0 0)
(0 0 0)
(0 0 0)
(0 0 0)
(0 0 0)
(0 0 0)
(0 0 0)
(0 0 0)
(0 0 0)
(0 0 0)
(0 0 0)
(0 0 0)
(0 0 0)
(0 0 0)
(0 0 0)
(0 0 0)
(0 0 0)
(0 0 0)
(0 0 0)
(0 0 0)
(0 0 0)
(0 0 0)
(0 0 0)
(0 0 0)
(0 0 0)
(0 0 0)
(0 0 0)
(0 0 0)
(0 0 0)
(0 0 0)
(0 0 0)
(0 0 0)
(0 0 0)
(0 0 0)
(0 0 0)
(0 0 0)
(-7.03375e-14 -1.20368e-13 3.25442e-13)
(-9.52944e-18 0 3.6227e-16)
(-1.12927e-20 0 0)
(-1.36019e-23 0 0)
(-1.61865e-26 0 0)
(-1.84003e-29 0 0)
(-5.2392e-23 0 1.67678e-17)
(0 0 0)
(-1.02881e-23 0 0)
(0 0 0)
(-7.75631e-24 0 0)
(0 0 0)
(-7.54258e-24 0 0)
(0 0 0)
(0 0 0)
(0 0 0)
(0 0 0)
(0 0 0)
(0 0 0)
(0 0 0)
(0 0 0)
(0 0 0)
(0 0 0)
(0 0 0)
(0 0 0)
(0 0 0)
(3.57506e-14 -7.60611e-14 1.62227e-13)
(2.02376e-16 -6.74586e-17 6.15005e-16)
(5.87208e-18 0 1.46171e-16)
(0 0 1.70244e-20)
(8.02328e-31 0 0)
(0 0 0)
(2.06773e-33 0 -1.24028e-25)
(0 0 2.57918e-19)
(8.4275e-37 0 0)
(0 0 0)
(4.74596e-40 0 0)
(0 0 0)
(8.95792e-09 -6.7434e-09 -1.29428e-10)
(6.90883e-09 -5.56899e-09 1.71263e-10)
(7.15025e-11 -5.94106e-11 3.76415e-11)
(2.0267e-11 -3.89173e-11 5.12883e-11)
(2.61283e-13 -2.11277e-13 2.96788e-13)
(-2.34752e-09 -1.68694e-09 1.23524e-08)
(1.07591e-08 -2.11524e-08 6.11835e-08)
(-4.00866e-12 -1.80224e-11 2.12309e-10)
(4.1828e-12 -1.01532e-11 1.82612e-10)
(-6.51126e-15 -4.24922e-14 7.05399e-13)
(7.95249e-15 -2.6176e-14 5.3849e-13)
(0 0 1.66409e-15)
(1.72619e-25 0 9.56454e-16)
(0 0 0)
(0 0 -3.23334e-25)
(0 0 0)
(0 0 0)
(0 0 0)
(0 0 0)
(1.48994e-07 -1.20933e-07 4.31316e-08)
(3.90123e-09 -1.21232e-09 2.26525e-09)
(2.10622e-09 -1.05972e-09 5.77158e-09)
(4.19731e-11 -1.03549e-11 4.70844e-11)
(5.31762e-09 -2.6762e-10 1.0959e-08)
(1.83081e-10 -2.85063e-13 2.36977e-10)
(5.38901e-12 -3.24841e-12 2.83938e-11)
(7.57913e-14 -2.10034e-14 1.33863e-13)
(-3.77071e-11 5.61655e-12 2.12242e-09)
(3.55599e-11 -1.59816e-12 1.47158e-09)
(1.48901e-11 -2.3301e-14 7.14766e-11)
(6.15318e-13 -4.7221e-16 1.21336e-12)
(5.53714e-15 -3.84247e-15 4.65178e-14)
(0 0 6.74416e-17)
(-5.82263e-14 6.74586e-15 5.96802e-12)
(5.94601e-14 -2.69835e-16 3.67514e-12)
(3.7391e-14 0 3.20168e-13)
(1.21299e-15 0 3.90197e-15)
(1.06826e-27 0 0)
(0 0 0)
(-2.48428e-24 0 1.08823e-14)
(3.50045e-23 0 7.20086e-15)
(4.47288e-25 0 7.06714e-16)
(0 0 -2.20749e-15)
(2.19628e-30 0 -3.22727e-23)
(0 0 4.54526e-17)
(1.27851e-33 0 0)
(0 0 0)
(8.30691e-37 0 0)
(0 0 0)
(0 0 2.16169e-15)
(0 0 0)
(0 0 0)
(-5.3691e-27 0 0)
(0 0 -2.24956e-23)
(2.00912e-27 0 -6.48565e-21)
(0 0 0)
(0 0 0)
(1.67214e-30 0 0)
(0 0 0)
(0 0 0)
(1.26155e-33 0 0)
(-23.046 -45.0243 -14.5693)
(0.000625419 -0.0013351 -0.000673227)
(-0.000510689 -0.00102488 0.000511696)
(9.77246 -16.8661 1.3135)
(-3.38862e-08 -9.94819e-08 1.26747e-07)
(3.68871e-08 -1.61759e-07 8.1671e-08)
(-1.85784e-08 -2.85317e-08 -5.52999e-10)
(-2.80178e-09 -4.03768e-09 5.34102e-10)
(-8.37955e-09 -1.3321e-08 1.09011e-08)
(-7.3549e-06 -3.53957e-05 -3.76448e-06)
(-0.00932484 -0.0301601 -0.0145469)
(-4.84533e-07 -1.86335e-06 -5.45267e-07)
(-0.578322 -5.94281 -3.16799)
(-242.19 -1388.81 -604.837)
(-1.41698e-07 -4.88568e-06 -2.07667e-06)
(-0.0010427 -0.0321015 -0.00102621)
(1.8816 -3.64392 -0.78594)
(0.39585 -1.92128 -0.997185)
(344.56 -761.047 -344.57)
(1.06584e-06 -3.70655e-06 -1.01319e-06)
(4.26192e-06 -1.45676e-05 -1.07964e-07)
(5.69194e-06 -5.65097e-05 -1.13109e-05)
(0.00102903 -0.010103 -0.000180076)
(-8.9814e-07 -3.1198e-06 9.02799e-07)
(-165.918 -279.166 29.0746)
(-1.34233e-05 -6.08634e-05 5.68186e-06)
(-381.105 -3239.77 345.148)
(-35.5026 -304.55 171.52)
(-0.00020832 -0.0100962 0.000888954)
(-1.24419e-07 -8.51982e-06 3.8099e-06)
(756.295 -1770.1 226.711)
(31.5851 -78.5193 40.496)
(0.000554988 -0.00108181 0.000550099)
(1.01372e-06 -3.30845e-06 2.15225e-07)
(0.000192027 -0.00183343 0.000155789)
(9.113e-07 -2.87613e-06 8.10553e-07)
(1.85515e-07 -2.36274e-06 8.87017e-07)
(2.86066e-08 -4.29045e-08 -6.76625e-10)
(7.25007e-08 -1.07283e-07 2.80371e-08)
(2.8985e-09 -4.24695e-09 2.67349e-09)
(0.00230865 -0.00873102 0.0129658)
(3.02159e-07 -2.25408e-06 4.64571e-06)
(0.000136914 -0.000308084 0.000420282)
(9.34832e-07 -1.44552e-06 2.85698e-06)
(1459.28 -2128.63 3001.34)
(3.30139 -3.15583 5.19711)
(0.000190128 -0.000349391 0.00171474)
(1.33511e-06 -1.33834e-06 4.44059e-06)
(2.95315e-06 -2.04117e-06 -1.22424e-06)
(6.30141e-06 -3.0121e-06 -1.38087e-07)
(1.12358e-05 -7.60934e-06 1.14667e-06)
(1.5397e-07 -1.2691e-07 1.14105e-07)
(-1.35586e-08 3.57013e-09 1.30783e-07)
(2.13138e-06 -8.10384e-07 1.22387e-05)
(4.91753e-05 -3.39813e-05 -5.03916e-07)
(2.13969e-05 -2.13523e-05 -1.31913e-05)
(0.0582513 -0.060383 -0.0126081)
(9.28026 -7.54981 -7.45008)
(0.000565833 -0.000153457 -0.000260917)
(1990.12 -1782.18 -1079.37)
(0.249337 -0.0994384 -0.00630486)
(0.346681 -0.345286 0.019679)
(1.92933e-06 -1.31887e-06 8.15663e-07)
(0.00111616 -0.00130286 0.000825958)
(3587.5 -3156.49 669.579)
(0.18107 -0.0737045 0.00756948)
(285.11 -251.957 204.205)
(0.000592244 -0.00023952 0.000156281)
(0 0 2.80061e-19)
(0 0 3.06916e-27)
(0 0 5.07753e-21)
(0 0 0)
(0 0 0)
(-7.08466e-20 0 1.35412e-19)
(-1.54353e-17 0 1.64127e-17)
(9.25193e-17 0 8.15141e-19)
(2.0246e-34 0 -8.77007e-16)
(0 0 0)
(2.17571e-26 0 0)
(0 0 0)
(0 0 -4.54747e-15)
(-9.14257e-29 0 0)
(-6.93411e-36 0 0)
(3.13946e-27 0 0)
(0 0 0)
(-5.16181e-26 0 0)
(0 0 0)
(0 0 0)
(7.70655e-24 0 0)
(0 0 0)
(0 0 0)
(-8.28877e-26 0 0)
(-5.53247e-33 0 0)
(1.84384e-24 0 0)
(0 0 0)
(-1.74027e-23 0 3.3765e-25)
(0 0 0)
(0 0 0)
(2.26896e-21 0 0)
(0 0 0)
(0 0 0)
(-6.15999e-23 0 0)
(-3.53194e-30 0 0)
(8.04653e-22 0 0)
(0 0 4.54747e-15)
(0 0 0)
(5.33119e-19 0 0)
(0 0 0)
(0 0 1.14116e-19)
(-3.6145e-20 0 1.15091e-19)
(-2.14427e-27 0 1.15109e-19)
(2.32915e-19 0 1.1786e-19)
(0 0 4.65356e-20)
(0 0 0)
(9.36891e-17 0 0)
(0 0 0)
(2.17576e-26 0 0)
(0 0 0)
(0 0 0)
(-9.13932e-29 0 0)
(-3.18716e-33 0 0)
(3.06741e-27 0 0)
(0 0 0)
(0 0 0)
(0 0 0)
(0 0 0)
(7.70678e-24 0 0)
(0 0 0)
(0 0 0)
(-8.28542e-26 0 0)
(-2.57121e-30 0 0)
(1.8015e-24 0 0)
(0 0 0)
(0 0 0)
(0 0 2.44666e-22)
(0 0 0)
(2.26906e-21 0 0)
(0 0 0)
(0 0 0)
(-6.15712e-23 0 0)
(-1.66396e-27 0 0)
(7.86157e-22 0 0)
(0 0 0)
(0 0 0)
(5.33154e-19 0 0)
(0 0 0)
(0 0 3.11429e-27)
(-3.61198e-20 0 3.01616e-25)
(-8.07685e-25 0 2.1649e-28)
(2.27534e-19 0 0)
(0 0 -2.2428e-24)
(0 0 0)
(9.36995e-17 0 0)
(0 0 0)
(2.17536e-26 0 0)
(0 0 0)
(0 0 0)
(-9.03879e-29 0 0)
(-4.03048e-31 0 0)
(3.03719e-27 0 0)
(0 0 0)
(0 0 0)
(0 0 0)
(0 0 0)
(7.70544e-24 0 0)
(0 0 0)
(0 0 0)
(-8.19509e-26 0 0)
(-3.47877e-28 0 0)
(1.78539e-24 0 0)
(0 0 0)
(0 0 0)
(0 0 1.14741e-22)
(0 0 0)
(2.2687e-21 0 0)
(0 0 0)
(0 0 0)
(-6.09163e-23 0 0)
(-2.52497e-25 0 0)
(7.80532e-22 0 0)
(0 0 0)
(0 0 0)
(5.33082e-19 0 0)
(0 0 0)
(0 0 7.87844e-28)
(-3.5755e-20 0 -2.67627e-26)
(-1.50331e-22 0 -1.1619e-37)
(2.26848e-19 0 0)
(5.09151e-40 0 -3.04769e-26)
(0 0 0)
(9.36897e-17 0 0)
(0 0 0)
(2.11729e-26 0 0)
(0 0 0)
(0 0 0)
(-8.70607e-43 0 0)
(-8.07591e-34 0 0)
(1.55769e-32 0 0)
(0 0 0)
(0 0 0)
(0 0 0)
(0 0 0)
(7.50698e-24 0 0)
(0 0 0)
(0 0 0)
(-1.17305e-39 0 0)
(-6.16255e-31 0 0)
(1.18417e-29 0 0)
(0 0 0)
(0 0 0)
(0 0 0)
(0 0 0)
(2.21335e-21 0 0)
(0 0 0)
(0 0 0)
(-1.24692e-36 0 0)
(-3.57871e-28 0 0)
(7.14887e-27 0 0)
(0 0 0)
(0 0 0)
(5.21195e-19 0 0)
(0 0 0)
(0 0 0)
(-8.74692e-34 0 0)
(-1.31234e-25 0 0)
(2.71822e-24 0 0)
(0 0 3.0881e-21)
(0 0 0)
(9.19344e-17 0 0)
(0 0 0)
(1.95319e-30 0 0)
(0 0 0)
(0 0 0)
(-1.95604e-40 0 0)
(-1.26666e-31 0 0)
(1.98406e-30 0 0)
(0 0 0)
(0 0 0)
(0 0 0)
(0 0 0)
(1.79771e-27 0 0)
(0 0 0)
(0 0 0)
(-3.116e-37 0 0)
(-1.10387e-28 0 0)
(1.79591e-27 0 0)
(0 0 0)
(0 0 0)
(0 0 0)
(0 0 0)
(1.36374e-24 0 0)
(0 0 0)
(0 0 0)
(-4.37065e-34 0 0)
(-8.09386e-26 0 0)
(1.36453e-24 0 0)
(0 0 0)
(0 0 0)
(8.24196e-22 0 0)
(0 0 0)
(0 0 0)
(-5.37307e-31 0 0)
(-4.88078e-23 0 0)
(8.28974e-22 0 0)
(0 0 0)
(0 0 2.99625e-28)
(3.76341e-19 0 1.6106e-25)
(0 0 0)
(0 0 3.22242e-18)
(-5.75811e-28 0 3.22242e-18)
(-2.89401e-20 0 3.20229e-18)
(3.82207e-19 0 7.8828e-18)
(0 0 4.75825e-20)
(0 0 0)
(-1.17152e-33 0 0)
(0 0 0)
(0 0 0)
(0 0 0)
(0 0 0)
(2.79847e-50 0 0)
(0 0 0)
(0 0 0)
(0 0 0)
(0 0 0)
(-5.60268e-31 0 0)
(0 0 0)
(0 0 0)
(0 0 0)
(0 0 0)
(-7.93351e-47 0 0)
(0 0 0)
(0 0 0)
(0 0 0)
(0 0 0)
(-2.30682e-28 0 0)
(0 0 0)
(0 0 0)
(0 0 0)
(0 0 0)
(-1.42061e-44 0 0)
(0 0 0)
(0 0 0)
(-7.9464e-26 0 0)
(0 0 0)
(0 0 0)
(0 0 0)
(0 0 0)
(-1.77641e-42 0 0)
(0 0 0)
(0 0 0)
(-2.19169e-23 0 0)
(0 0 0)
(0 0 0)
(0 0 0)
(0 0 0)
(-1.62914e-40 0 -5.03571e-29)
(4.19259e-35 0 -4.54375e-27)
(0 0 0)
(-4.84374e-37 0 0)
(0 0 0)
(0 0 0)
(0 0 0)
(0 0 0)
(-2.98758e-47 0 0)
(0 0 0)
(0 0 0)
(0 0 0)
(0 0 0)
(-2.89754e-34 0 0)
(0 0 0)
(0 0 0)
(0 0 0)
(0 0 0)
(-8.53084e-45 0 0)
(0 0 0)
(0 0 0)
(0 0 0)
(0 0 0)
(-1.55425e-31 0 0)
(0 0 0)
(0 0 0)
(0 0 0)
(0 0 0)
(-1.89941e-42 0 0)
(0 0 0)
(0 0 0)
(-7.38621e-29 0 0)
(0 0 0)
(0 0 0)
(0 0 0)
(0 0 0)
(-3.00222e-40 0 0)
(0 0 0)
(0 0 0)
(-3.06241e-26 0 0)
(0 0 0)
(0 0 0)
(0 0 0)
(0 0 0)
(-2.66266e-38 0 -3.37623e-22)
(0 0 -9.57433e-21)
(0 0 0)
(0 0 0)
(0 0 0)
(0 0 0)
(0 0 0)
(0 0 0)
(-1.06561e-45 0 0)
(0 0 0)
(0 0 0)
(0 0 0)
(0 0 0)
(0 0 0)
(0 0 0)
(0 0 0)
(0 0 0)
(0 0 0)
(-3.16547e-43 0 0)
(0 0 0)
(0 0 0)
(0 0 0)
(0 0 0)
(0 0 0)
(0 0 0)
(0 0 0)
(0 0 0)
(0 0 0)
(-7.51631e-41 0 0)
(0 0 0)
(0 0 0)
(0 0 0)
(0 0 0)
(0 0 0)
(0 0 0)
(0 0 0)
(-1.33902e-38 0 0)
(0 0 0)
(0 0 0)
(0 0 0)
(0 0 0)
(0 0 0)
(0 0 0)
(0 0 0)
(-1.59473e-36 0 0)
(0 0 0)
(0 0 0)
(0 0 0)
(0 0 0)
(0 0 0)
(0 0 0)
(0 0 0)
(0 0 0)
(0 0 0)
(0 0 0)
(0 0 0)
(0 0 0)
(0 0 0)
(0 0 0)
(0 0 0)
(0 0 0)
(0 0 0)
(0 0 0)
(0 0 0)
(0 0 0)
(0 0 0)
(0 0 0)
(0 0 0)
(0 0 0)
(0 0 0)
(0 0 0)
(0 0 0)
(0 0 0)
(0 0 0)
(0 0 0)
(0 0 0)
(0 0 0)
(0 0 0)
(0 0 0)
(0 0 0)
(0 0 0)
(0 0 0)
(0 0 0)
(0 0 0)
(0 0 0)
(0 0 0)
(0 0 0)
(0 0 0)
(0 0 0)
(0 0 0)
(0 0 0)
(0 0 0)
(0 0 0)
(0 0 0)
(0 0 0)
(0 0 0)
(0 0 0)
(0 0 0)
(0 0 0)
(0 0 0)
(0 0 0)
(0 0 0)
(0 0 0)
(0 0 0)
(0 0 0)
(0 0 0)
(0 0 0)
(0 0 0)
(0 0 0)
(0 0 0)
(0 0 0)
(0 0 0)
(0 0 0)
(0 0 0)
(0 0 0)
(0 0 0)
(0 0 0)
(0 0 0)
(0 0 0)
(0 0 0)
(0 0 0)
(0 0 0)
(0 0 0)
(0 0 0)
(0 0 0)
(0 0 0)
(0 0 0)
(0 0 0)
(0 0 0)
(0 0 0)
(0 0 0)
(0 0 0)
(0 0 0)
(0 0 0)
(-1.84673e-21 0 3.98811e-21)
(0 -2.874e-17 0)
(-3.3674e-19 0 -1.16911e-19)
(-1.67238e-14 -8.76962e-16 -1.49708e-18)
(-4.2964e-23 0 0)
(0 -4.89229e-17 3.743e-19)
(-3.40143e-19 0 -2.72362e-24)
(-2.40714e-14 -1.55155e-15 1.0232e-16)
(0 0 0)
(0 -2.04113e-19 2.04186e-19)
(0 0 -2.74902e-24)
(-1.38067e-16 0 7.16271e-17)
(0 0 0)
(0 0 0)
(0 0 3.07926e-19)
(-5.50229e-19 0 5.51821e-20)
(0 0 0)
(0 0 0)
(0 0 0)
(0 0 0)
(0 0 -3.6486e-19)
(-1.22589e-18 0 1.42721e-19)
(0 0 0)
(0 0 0)
(0 0 0)
(0 0 0)
(0 0 0)
(-2.05073e-21 0 -9.02103e-20)
(0 0 0)
(0 0 0)
(0 0 0)
(0 0 0)
(0 0 -1.36821e-26)
(0 0 0)
(0 0 0)
(0 0 0)
(0 0 0)
(0 0 0)
(0 0 0)
(0 0 0)
(0 0 0)
(0 0 0)
(0 0 0)
(0 0 0)
(0 0 0)
(0 0 0)
(0 0 0)
(0 0 0)
(0 0 0)
(0 0 0)
(0 0 0)
(0 0 0)
(-1.8825e-13 1.34917e-16 3.62755e-13)
(-6.74586e-17 0 1.06103e-15)
(0 0 1.56112e-17)
(0 0 0)
(0 0 0)
(0 0 0)
(-7.3838e-14 -2.35672e-14 -2.69835e-16)
(-2.34484e-11 -1.11059e-11 -2.21573e-13)
(-6.28721e-09 -4.99377e-09 -1.47452e-10)
(-5.78522e-12 -5.69509e-13 -5.21001e-14)
(-1.37178e-09 -1.81223e-10 -2.39729e-11)
(-8.79319e-06 -2.40751e-06 -2.61832e-06)
(-7.5701e-14 -2.88573e-14 4.7221e-16)
(-2.06262e-11 -1.06086e-11 3.69845e-13)
(-6.68244e-09 -5.35308e-09 2.1486e-10)
(-6.64647e-12 -7.45207e-13 6.90364e-14)
(-1.77045e-09 -3.06575e-10 3.61176e-11)
(-1.64001e-05 -4.93816e-06 4.77152e-06)
(-1.63807e-15 -4.04589e-16 2.69835e-16)
(-7.70404e-13 -3.17999e-13 2.30427e-13)
(-1.81944e-10 -1.21705e-10 8.54979e-11)
(-1.73519e-13 -1.49758e-14 4.83478e-14)
(-5.15112e-11 -7.3861e-12 1.66052e-11)
(-4.17908e-09 -1.19048e-09 2.50276e-09)
(-6.36062e-21 0 0)
(-1.95877e-15 -5.39451e-16 1.51782e-15)
(-5.30188e-13 -3.36767e-13 6.00907e-13)
(-7.59296e-17 0 1.40995e-16)
(-1.75671e-13 -2.17891e-14 1.39652e-13)
(-3.31509e-11 -7.7049e-12 4.13055e-11)
(4.37394e-23 0 0)
(-8.11944e-21 0 0)
(-5.57283e-16 -2.02321e-16 1.41663e-15)
(4.76281e-21 0 0)
(-7.22178e-17 0 2.02376e-16)
(-7.03638e-14 -1.28491e-14 1.26818e-13)
(-1.8027e-18 0 -9.3669e-17)
(-1.56734e-15 0 -2.20353e-15)
(1.47953e-26 0 0)
(0 0 0)
(0 0 0)
(8.95432e-24 0 0)
(0 0 0)
(0 -2.10138e-18 1.26251e-16)
(4.04809e-21 0 -1.58596e-17)
(0 0 -8.05497e-26)
(0 0 0)
(0 0 0)
(0 0 0)
(0 0 0)
(0 0 0)
(0 0 0)
(0 0 0)
(0 0 0)
(0 0 0)
(0 0 0)
(0 0 0)
(0 0 0)
(0 0 0)
(0 0 0)
(0 0 0)
(0 0 0)
(0 0 0)
(0 0 0)
(0 0 0)
(0 0 0)
(0 0 0)
(0 0 0)
(0 0 0)
(0 0 0)
(0 0 0)
(0 0 0)
(0 0 0)
(0 0 0)
(0 0 0)
(0 0 0)
(0 0 0)
(0 0 0)
(-7.40088e-10 -3.53149e-10 1.87442e-09)
(-1.2065e-09 4.73662e-11 2.87154e-09)
(-3.86611e-12 -1.79493e-12 1.6304e-11)
(-6.85341e-12 2.51602e-14 2.2272e-11)
(-6.69821e-15 -1.95461e-15 4.39533e-14)
(-2.8632e-14 0 1.16011e-13)
(-7.61551e-18 0 0)
(-2.99874e-17 0 1.01193e-16)
(-8.82306e-21 0 0)
(-3.03723e-20 0 0)
(-1.0301e-23 0 0)
(-2.95933e-23 0 0)
(-1.14349e-26 0 0)
(-2.73596e-26 0 0)
(0 0 4.5941e-17)
(-9.44635e-17 0 1.74979e-18)
(-4.93074e-11 4.73196e-14 6.4814e-11)
(-2.71993e-15 0 1.86127e-15)
(-5.56677e-13 -2.15099e-16 4.96929e-13)
(6711.17 -4747.11 -3450.97)
(3814.04 -3357.45 -578.354)
(9014.48 -6186.69 -1437.22)
(171.101 -135.918 -80.6978)
(3491.49 -2261.5 -470.062)
(1727.99 -1179.33 -855.848)
(622.289 -501.111 -79.8978)
(8883.36 -6112.28 1609.53)
(1816.21 -1626.38 986.962)
(6616.94 -4722.4 3441.35)
(133.99 -105.15 59.4885)
(3263.39 -2136.03 553.65)
(533.074 -426.943 94.7587)
(1543.87 -1066.28 768.321)
(604.307 -2840.23 4220.12)
(58.4239 -293.51 466.623)
(104.896 -142.217 224.926)
(7.9953 -12.8821 25.2151)
(239.904 -1439.05 1645.46)
(450.752 -721.149 794.278)
(7.87113 -49.1165 79.5764)
(-229.38 -487.856 -219.625)
(-405.144 -2930.57 -447.982)
(-610.569 -1407.31 -237.56)
(-3.03827 -12.9224 -2.75596)
(-27.9602 -213.099 -29.0081)
(-7.2282 -56.2747 -16.4517)
(-18.7671 -58.1085 -7.02419)
(170.323 -1676.95 -712.406)
(740.306 -1815.25 -222.864)
(318.087 -3228.42 -420.261)
(6.36562 -24.2938 -5.98305)
(20.8573 -255.221 -27.5314)
(5.16393 -77.0476 -24.0565)
(30.1405 -89.4214 -7.16558)
(-719.408 -1668.78 184.571)
(-215.944 -1780.84 738.604)
(-350.071 -733.846 323.739)
(-6.58919 -23.3156 5.63632)
(-26.8074 -264.802 21.475)
(-28.2159 -80.2855 5.74212)
(-7.43164 -87.6205 27.7608)
(367.77 -3304.35 384.016)
(357.171 -748.821 339.814)
(215.092 -1770.06 752.915)
(6.40037 -23.7193 5.70696)
(26.4591 -271.621 25.1259)
(30.2068 -85.6434 7.33233)
(7.66098 -85.9508 27.7004)
(91.4793 -75.9648 110.43)
(791.69 -787.527 1019.4)
(0.019794 -0.019183 0.0462152)
(0.710499 -0.516812 1.7557)
(16.137 -16.0517 34.6086)
(0.604467 -0.738555 1.90476)
(82.8261 -97.1208 118.152)
(1.88149e-09 -1.28457e-09 2.07968e-09)
(9.76652e-08 -1.20324e-07 1.51238e-07)
(1.37859e-07 -3.77515e-08 1.41301e-07)
(7.95743e-06 -2.72805e-06 5.86897e-06)
(4.87258e-06 -2.91966e-06 1.00941e-05)
(2.08813e-06 -1.98611e-06 2.24967e-06)
(0.064032 -0.0462389 0.0836028)
(-1.62016e-08 -3.53098e-09 1.38567e-07)
(-2.55936e-06 -1.02974e-06 1.47916e-05)
(-7.51624e-06 8.66594e-07 4.9468e-05)
(-3.43901e-09 -1.6417e-08 6.96839e-07)
(-0.000136105 -0.000133612 0.00180468)
(-1.17254e-08 1.82178e-08 5.40713e-07)
(-4.95657e-05 8.96635e-05 0.00296473)
(7.61691e-09 -1.23445e-08 2.2401e-07)
(6.74151e-05 -9.06661e-05 0.0032195)
(1.10641e-08 1.18575e-08 6.15606e-07)
(1.4481e-08 3.16097e-09 1.23565e-07)
(8.94776e-09 -3.17064e-09 1.06001e-07)
(2.35773e-06 8.74671e-07 1.36764e-05)
(3.68522e-05 0.000105378 0.00327836)
(327.688 -291.205 -236.633)
(252.627 -187.99 -186.108)
(2347.73 -1752.8 -1744.31)
(9.10814 -6.2006 -4.34377)
(6.33847 -2.9547 -4.2963)
(241.691 -160.796 -155.699)
(0.13291 -0.0829863 -0.0860561)
(2248.21 -1692.34 1676.06)
(7.49503 -5.9813 6.35167)
(202.961 -150.709 176.111)
(7.25893 -4.86161 3.21352)
(4.99685 -2.25128 3.56415)
(200.547 -133.307 127.134)
(0.106928 -0.0629446 0.0695519)
(-0.768686 -1.5542 -0.304982)
(-123.24 -212.026 -33.418)
(-5.67777 -10.5231 -0.761671)
(-0.187717 -0.62067 -0.092913)
(-0.043952 -0.113174 -0.0044135)
(-1.37177 -4.25658 -0.268228)
(-0.00556729 -0.0144436 -0.00204972)
(-2.119e-09 -3.08705e-09 -4.41077e-10)
(-2.13365e-07 -2.14418e-07 -7.09024e-08)
(-4.94683e-06 -5.05901e-06 -1.68795e-07)
(-7.87135e-08 -1.81684e-07 -4.08063e-08)
(-1.55217e-06 -3.23205e-06 -8.34933e-08)
(-8.67353e-06 -1.29314e-05 -5.96252e-06)
(-0.0155414 -0.0254915 -0.00430394)
(-1.95433e-08 -2.92508e-08 5.49878e-10)
(-5.52786e-06 -5.6189e-06 1.68729e-07)
(-3.19814e-07 -3.20958e-07 9.41052e-08)
(-1.24733e-07 -2.81919e-07 5.74367e-08)
(-1.89956e-06 -3.74312e-06 8.41677e-08)
(-0.157369 -0.250492 0.00746765)
(-7.54882e-06 -1.07356e-05 4.21148e-06)
(51.7724 -94.1813 -36.1518)
(11.4905 -20.0077 -1.16764)
(211.876 -360.321 -41.0682)
(0.0130964 -0.0330458 -0.00480557)
(0.0913277 -0.234514 -0.00611537)
(0.434414 -1.48815 -0.251385)
(2.53822 -8.33613 -0.361686)
(-7.73104 -13.071 0.690195)
(-42.2128 -75.1628 26.8784)
(-1.37885 -2.44212 0.489612)
(-0.364468 -1.16282 0.180724)
(-0.0614909 -0.145013 0.00377296)
(-2.05401 -6.02951 0.231539)
(-0.0102561 -0.0232588 0.0031599)
(2.8313e-06 -5.9054e-06 -1.24829e-07)
(8.85905e-06 -9.00497e-06 -2.55019e-07)
(2.04686e-09 -2.78149e-09 -4.52073e-10)
(8.63257e-08 -1.38924e-07 -3.51588e-08)
(1.34881e-07 -1.35974e-07 -4.90824e-08)
(2.10804e-06 -2.87832e-06 -1.15561e-06)
(0.000474539 -0.000613985 -9.3663e-05)
(1.63547e-09 -2.14942e-09 3.68952e-10)
(2.17502e-08 -3.25184e-08 7.28239e-10)
(2.18057e-06 -4.45557e-06 1.24508e-07)
(9.6518e-08 -9.70507e-08 3.62782e-08)
(6.65777e-06 -6.74844e-06 2.54161e-07)
(0.0029028 -0.00374331 0.000122422)
(9.67101e-06 -1.38484e-05 6.93932e-06)
(4.06039 -4.93591 -1.37706)
(0.442882 -0.430744 -0.0166327)
(23.3169 -27.4778 -2.01615)
(186.534 -186.95 -99.0806)
(643.226 -646.213 -91.7132)
(4.95302 -4.12792 -1.36015)
(27.6537 -23.981 -2.01669)
(19.3675 -22.5233 2.304)
(0.0413984 -0.04055 0.00844926)
(3.10998 -3.65196 0.950972)
(565.725 -565.156 107.651)
(151.266 -150.038 76.5305)
(3.61825 -2.94069 0.948407)
(22.3997 -19.0086 2.26514)
(-2.0981e-07 -1.12641e-07 -5.29155e-08)
(-3.72568e-06 -1.83594e-06 -1.01447e-07)
(-0.000120564 -3.90695e-05 -1.44207e-05)
(-9.98992e-08 -1.58342e-08 -1.77997e-08)
(-8.15422e-07 -1.53699e-07 -2.13694e-08)
(-2.16122e-09 -9.04773e-10 -3.68556e-10)
(-2.24311e-08 -8.98413e-09 -5.0004e-10)
(4.86815e-06 -2.44233e-06 1.40472e-07)
(2.63725e-08 -1.06056e-08 4.72037e-10)
(0.00140529 -0.000462611 3.556e-05)
(1.08069e-06 -2.45208e-07 2.1958e-08)
(1.18285e-05 -3.19495e-06 3.32208e-06)
(3.89722e-09 -1.55249e-09 4.7076e-10)
(1.5809e-07 -2.43935e-08 2.62143e-08)
(193.41 -325.813 44.2818)
(1.51971 -2.84643 0.56354)
(46.3939 -82.5469 30.46)
(0.076198 -0.186495 0.00715626)
(0.0104923 -0.0249609 0.00340684)
(0.388341 -1.23827 0.19858)
(2.26303 -7.23341 0.391352)
(-5.46142e-08 -1.90546e-06 1.11416e-06)
(-1.76855e-10 -9.30126e-09 7.73323e-09)
(-4.65805e-08 -1.1388e-06 1.44031e-06)
(-1.85653e-10 -1.63669e-09 1.37714e-09)
(-3.66763e-08 -1.60903e-07 8.37687e-08)
(-2.44052e-06 -5.69339e-06 4.57206e-06)
(-2.04749e-05 -0.000106896 0.000116398)
(2.06363e-10 -1.32868e-09 1.13666e-09)
(5.51667e-08 -1.95779e-06 1.1238e-06)
(2.21389e-10 -7.51978e-09 6.96634e-09)
(3.25029e-08 -9.88758e-08 1.2603e-07)
(4.73295e-08 -1.04951e-06 1.40235e-06)
(3.33491e-06 -8.76623e-06 7.472e-06)
(2.20351e-05 -0.000118112 0.000124312)
(-0.162831 -0.868791 -0.441044)
(-34.0921 -185.777 -102.272)
(-13.088 -39.5822 -18.6729)
(-0.078047 -0.504654 -0.146917)
(-0.0034611 -0.0582982 -0.0237902)
(-0.261658 -3.49085 -1.03238)
(-0.00104516 -0.00748265 -0.00314626)
(0.428086 -9.1751 -4.96461)
(28.5571 -75.6866 -39.0255)
(25.1495 -262.745 -146.139)
(0.185193 -1.13158 -0.32717)
(0.00233023 -0.0949191 -0.0380807)
(0.193877 -5.44698 -1.60374)
(0.00249565 -0.0169289 -0.00708373)
(-31.1659 -77.1462 39.2851)
(-0.41887 -1.8343 1.05891)
(-0.622981 -10.4592 6.35176)
(-0.210649 -1.16154 0.311829)
(-0.00349343 -0.1095 0.0489773)
(-0.291446 -6.62349 1.97772)
(-0.00277705 -0.016939 0.00765056)
(0.00286217 -0.052116 0.08452)
(0.550873 -7.46406 8.32896)
(0.416541 -1.33298 1.54653)
(0.18157 -0.468539 0.914761)
(31.1403 -215.513 227.797)
(29.7647 -55.0835 62.9342)
(0.231633 -2.27978 4.71307)
(2.0499e-07 -1.63512e-07 -5.50707e-08)
(2.85935e-08 -8.75952e-09 -4.06468e-10)
(4.9173e-09 -1.95086e-09 -4.2906e-10)
(0.00184014 -0.000604127 -2.81291e-05)
(9.83808e-07 -2.44033e-07 -2.15619e-08)
(1.92631e-05 -5.14018e-06 -5.47002e-06)
(2.12893e-07 -3.25223e-08 -3.06881e-08)
(9.08993 -2.83274 -0.384053)
(3.717 -1.966 -0.821288)
(1.56867 -0.467365 -0.270936)
(380.743 -226.075 -42.5352)
(0.0337911 -0.0137489 -0.00495199)
(97.5133 -54.3744 -38.0584)
(20.9257 -12.3597 -1.20985)
(7.13007 -2.3491 0.448357)
(0.0237939 -0.00963171 0.00319624)
(1.11073 -0.328991 0.173604)
(2.65012 -1.37731 0.513523)
(323.077 -192.374 49.6456)
(16.469 -9.56783 1.40822)
(75.4284 -41.6159 27.4171)
(-4.17521e-06 -2.18124e-06 1.0042e-07)
(-3.37468e-07 -1.92717e-07 7.66337e-08)
(-0.00904693 -0.00216978 0.0009647)
(-1.79452e-07 -3.06021e-08 2.86992e-08)
(-1.03923e-06 -2.48267e-07 2.06859e-08)
(-2.55747e-08 -1.07749e-08 2.90606e-10)
(-5.31574e-09 -1.9477e-09 5.94284e-10)
(35.1205 -303.467 171.087)
(0.612158 -10.8081 6.41624)
(0.440604 -1.96684 1.07634)
(0.20972 -1.15384 0.32379)
(0.00342894 -0.112089 0.0488319)
(0.290475 -6.56386 1.91003)
(0.00287079 -0.0177993 0.0077126)
(-1.2083e-08 -6.88981e-08 1.11686e-08)
(-1.01564e-06 -6.66978e-05 3.92584e-06)
(-1.99517e-07 -7.10183e-07 1.35181e-08)
(-1.26451e-09 -4.29802e-09 1.13032e-10)
(-6.2915e-11 -6.31521e-10 6.39992e-11)
(-2.35461e-09 -1.27123e-07 1.89188e-09)
(-1.22596e-10 -3.58588e-09 1.01046e-09)
(-1.37476e-10 -3.0132e-10 1.67791e-09)
(-5.59181e-07 -5.89647e-07 2.99462e-06)
(-1.32939e-08 -2.21492e-08 6.3525e-08)
(-1.23666e-08 -2.1701e-07 5.40498e-07)
(-2.75351e-09 -1.21448e-08 1.39236e-07)
(-8.66623e-07 -7.94239e-06 4.93218e-05)
(-1.75778e-11 -1.90284e-09 5.34887e-09)
(1.37575e-08 -1.77699e-07 3.95626e-07)
(5.51295e-07 -5.13608e-07 2.97361e-06)
(2.94592e-09 -7.77583e-09 1.26869e-07)
(1.12262e-06 -2.41343e-06 1.4998e-05)
(2.1524e-09 -1.43143e-09 1.16913e-08)
(7.10282e-11 -2.40614e-10 1.166e-09)
(9.66608e-11 -1.75571e-09 3.53779e-09)
(-0.000202438 -0.0018251 0.000163894)
(-0.00110493 -0.0449448 0.000696214)
(-0.000961183 -0.00927943 0.000140026)
(-0.0367598 -0.261599 0.0310898)
(-0.227234 -5.60979 0.165921)
(-0.184225 -1.28853 0.0308879)
(-0.045157 -1.42498 0.175584)
(0.000172405 -0.00144827 0.00749988)
(0.00317805 -0.0178185 0.113531)
(0.00388354 -0.0048549 0.0332439)
(0.648144 -3.55689 12.5697)
(0.82678 -1.07544 4.66843)
(0.0396924 -0.068419 0.282583)
(0.0400963 -0.288362 1.15207)
(-1.03049e-08 -4.03239e-07 -1.32293e-07)
(-7.80831e-09 -4.64423e-08 -7.76494e-09)
(-1.86965e-07 -5.93835e-07 -1.42347e-08)
(-1.48473e-10 -3.12215e-09 -6.50153e-11)
(-1.45376e-09 -6.61463e-09 4.26377e-11)
(-5.02927e-11 -5.65285e-09 -1.07192e-09)
(-3.43402e-09 -2.1454e-07 -2.87343e-09)
(4.56926e-06 -6.79925e-05 -8.45892e-07)
(1.3742e-08 -8.61359e-08 -1.34926e-08)
(8.76562e-09 -5.73356e-07 -1.43213e-07)
(1.55867e-10 -2.92771e-09 -8.66561e-11)
(1.43438e-09 -7.29029e-09 -7.06776e-11)
(7.13221e-11 -5.98165e-09 -1.06709e-09)
(2.19021e-09 -1.26234e-07 -1.91382e-09)
(1.47219e-08 -6.62729e-07 1.60799e-07)
(2.00833e-07 -7.63572e-07 1.69638e-08)
(1.16173e-06 -1.69983e-05 9.4067e-07)
(1.477e-09 -6.71164e-09 8.22959e-11)
(2.15178e-09 -1.30604e-07 1.91487e-09)
(1.89276e-10 -2.8135e-09 1.68455e-10)
(-3.15357e-11 -5.70455e-09 1.16862e-09)
(-0.000213634 -0.00574074 -0.00048955)
(-9.19731e-05 -0.000908545 -8.23784e-05)
(-0.000622362 -0.00619668 -0.000199971)
(-0.0161314 -0.135481 -0.0143825)
(-0.220773 -4.15741 -0.223501)
(-0.0423555 -0.814642 -0.0945566)
(-0.11618 -0.861872 -0.0406775)
(0.000689306 -0.0420266 -0.00100573)
(0.000188249 -0.001959 -0.000177132)
(0.000133095 -0.00849092 -0.000737931)
(0.0353689 -0.286473 -0.0329495)
(0.161973 -5.3165 -0.215126)
(0.0284813 -1.19421 -0.148094)
(0.195378 -1.34916 -0.0395376)
(0.000219473 -0.00988791 0.000883539)
(0.0010273 -0.00948013 0.000201271)
(0.00106625 -0.0455581 0.000887029)
(0.0358 -0.273385 0.0304918)
(0.228175 -5.9041 0.199628)
(0.191962 -1.28145 0.0417397)
(0.0462086 -1.34472 0.171946)
(0.0221437 -0.0750978 -0.0362577)
(0.0492824 -0.106804 -0.033028)
(1.81866 -5.01996 -1.81883)
(5.74887e-06 -1.37609e-05 -5.99122e-06)
(0.000321634 -0.000820193 -0.000226002)
(0.0109716 -0.0427857 -0.0113925)
(0.000153369 -0.000574286 -0.000241835)
(-1.65656 -4.13802 1.43727)
(-0.0387892 -0.077814 0.0233775)
(-0.0206741 -0.0601992 0.0305055)
(-0.0107036 -0.0348703 0.00932058)
(-4.85047e-06 -1.12293e-05 5.00743e-06)
(-0.000141767 -0.000478315 0.000213855)
(-0.000269245 -0.000604605 0.000159193)
(-0.000259995 -0.000553142 -0.000276345)
(-0.730476 -2.05247 -0.708516)
(-0.0196466 -0.0416729 -0.0138662)
(-0.00468213 -0.0173132 -0.00472623)
(-3.10843e-06 -8.02392e-06 -3.37742e-06)
(-0.000135888 -0.000339578 -9.92881e-05)
(-6.70127e-05 -0.000241917 -0.000102599)
(0.0429595 -0.0852863 0.0255343)
(1.74392 -4.58088 1.57739)
(0.0221604 -0.0662864 0.0336217)
(0.000281405 -0.000646995 0.000167494)
(4.69757e-06 -1.07013e-05 4.75508e-06)
(0.0109052 -0.0381109 0.00956567)
(0.000149939 -0.000516597 0.000226062)
(0.00138577 -0.00163962 -0.00105457)
(0.00131549 -0.00130357 -0.00055024)
(0.112926 -0.130214 -0.0552558)
(0.138767 -0.137738 -0.10564)
(9.72023 -9.71035 -5.54052)
(0.130083 -0.10995 -0.0568743)
(0.0016383 -0.00137937 -0.00104397)
(0.103738 -0.0494264 -0.0334351)
(1.35419e-05 -5.66405e-06 -6.02861e-06)
(0.0735844 -0.0219061 -0.0363125)
(0.0430304 -0.0112055 -0.011863)
(0.000801248 -0.00032939 -0.000228631)
(5.00786 -1.8288 -1.86735)
(0.00132728 -0.000617249 -0.000657725)
(1.63567e-05 -1.62507e-05 1.0289e-05)
(0.000992453 -0.0009802 0.000380101)
(0.0893588 -0.101237 0.0404314)
(8.07751 -7.80916 4.25038)
(0.112727 -0.111231 0.0855083)
(0.100574 -0.0853759 0.039305)
(0.00129727 -0.00107483 0.000811753)
(1.02579e-05 -4.21257e-06 4.63037e-06)
(0.000422376 -0.000112246 0.000191901)
(0.0321753 -0.00858049 0.00847548)
(0.0805444 -0.0368256 0.0238972)
(0.0557311 -0.0168364 0.0281905)
(3.93867 -1.39101 1.35083)
(0.00103378 -0.00046078 0.000503061)
(2.77632 -1.52499 3.70983)
(0.00040202 -0.000277045 0.000624421)
(0.0177314 -0.00856476 0.0310128)
(0.0415124 -0.0163678 0.0446723)
(0.000808255 -0.000469072 0.000832843)
(0.000258385 -0.000100213 0.000339635)
(7.04585e-06 -4.07256e-06 8.49872e-06)
(9.6157e-06 -1.56277e-05 1.85273e-05)
(0.000562662 -0.000863926 0.000879476)
(0.0208572 -0.0463057 0.0530406)
(0.0502153 -0.0649265 0.0856436)
(0.000319785 -0.00041275 0.000667933)
(0.010541 -0.0189702 0.0342022)
(1.86953 -3.09304 4.19617)
(1.89925e-05 -1.2744e-05 7.00791e-05)
(1.52358e-05 -2.04085e-05 7.58655e-05)
(0.000372359 -0.000355329 0.00224743)
(0.000104947 -9.82697e-05 0.00029942)
(0.00358793 -0.00248244 0.0123798)
(0.0786333 -0.077251 0.375045)
(0.00294253 -0.00368455 0.0129837)
(-0.00021526 -0.000282557 -4.73039e-05)
(-0.124773 -0.213189 -0.00835721)
(-0.00192489 -0.00254475 -6.90132e-05)
(-0.000986101 -0.00186676 -4.70239e-05)
(-0.000117035 -0.0002105 -3.11478e-05)
(-3.15086e-06 -4.62849e-06 -4.45444e-07)
(-1.60997e-05 -2.36664e-05 -4.48118e-07)
(-0.00225024 -0.0028957 6.24468e-05)
(-0.024556 -0.0372042 0.00587029)
(-0.000306332 -0.000392877 5.68987e-05)
(-0.00123131 -0.00219195 4.16054e-05)
(-0.000179096 -0.000300819 3.92376e-05)
(-3.56114e-06 -5.04674e-06 3.81075e-07)
(-1.79483e-05 -2.56721e-05 4.65992e-07)
(0.0356161 -0.056792 -0.00979596)
(0.00377881 -0.00479285 -9.80067e-05)
(0.26032 -0.428187 -0.0128973)
(0.000259926 -0.000463406 -6.33828e-05)
(0.00190774 -0.00365876 -6.44863e-05)
(4.67754e-06 -6.75884e-06 -7.66575e-07)
(2.83698e-05 -4.09779e-05 -5.58701e-07)
(0.205675 -0.336509 0.0154026)
(0.000336074 -0.00042101 6.3731e-05)
(0.0266123 -0.040602 0.00648171)
(0.00151936 -0.00281666 8.09369e-05)
(0.000189805 -0.000329461 4.35759e-05)
(3.51869e-06 -4.99138e-06 5.64631e-07)
(2.16374e-05 -3.12257e-05 7.74322e-07)
(0 0 0)
(0 0 3.26792e-23)
(0 0 0)
(0 0 0)
(8.90074e-19 0 6.92018e-20)
(1.87353e-22 0 0)
(2.90112e-25 0 0)
(7.78876e-28 0 3.88309e-21)
(1.71465e-30 0 0)
(1.30442e-33 0 0)
(7.34195e-14 -2.72831e-14 -1.34917e-16)
(4.77764e-17 0 0)
(-3.55988e-21 0 0)
(2.77801e-21 0 0)
(-6.22699e-21 0 2.25697e-15)
(0 0 0)
(6.81612e-14 -2.73133e-14 6.05752e-16)
(3.57271e-17 0 0)
(-3.51822e-21 0 0)
(2.72527e-21 0 0)
(-2.75994e-21 0 0)
(0 0 0)
(8.90009e-16 -2.02376e-16 2.651e-16)
(7.85224e-20 0 0)
(3.85039e-23 0 0)
(0 0 0)
(-2.28621e-21 0 0)
(0 0 0)
(3.39647e-20 0 7.8457e-19)
(0 0 0)
(2.24515e-21 0 0)
(0 0 0)
(-2.22563e-21 0 0)
(0 0 0)
(0 0 1.24067e-23)
(0 0 0)
(0 0 0)
(0 0 0)
(0 0 0)
(0 0 0)
(0 0 0)
(0 0 0)
(0 0 0)
(0 0 0)
(0 0 0)
(0 0 0)
(0 0 0)
(0 0 0)
(0 0 0)
(0 0 0)
(0 0 0)
(0 0 0)
(0 0 0)
(0 0 0)
(0 0 0)
(0 0 0)
(0 0 0)
(0 0 0)
(0 0 0)
(0 0 0)
(0 0 0)
(0 0 0)
(0 0 0)
(0 0 0)
(0 0 0)
(0 0 0)
(2.25273e-11 -1.05692e-11 -1.6993e-13)
(2.01214e-11 -1.07121e-11 3.23278e-13)
(4.03929e-13 -2.38753e-13 1.4453e-13)
(9.30043e-16 -3.37293e-16 8.43771e-16)
(4.79944e-12 -7.04536e-13 -3.79602e-14)
(1.93764e-14 -1.34953e-15 0)
(-3.56431e-19 0 0)
(5.92797e-19 0 0)
(-5.91448e-19 0 0)
(0 0 0)
(8.98174e-11 5.18482e-14 -5.81575e-13)
(2.43884e-13 0 -8.47515e-16)
(3.1088e-16 0 3.08123e-17)
(9.48628e-17 0 0)
(-9.45285e-17 0 0)
(0 0 0)
(6.90942e-12 -7.97071e-13 7.89173e-14)
(2.20383e-14 -1.5494e-15 3.37293e-17)
(-3.49616e-19 0 0)
(5.83246e-19 0 0)
(-5.90776e-19 0 0)
(0 0 0)
(8.68599e-11 1.00912e-13 1.11512e-12)
(2.43105e-13 0 1.81829e-15)
(3.11178e-16 0 6.18058e-22)
(9.38096e-17 0 -1.53689e-22)
(-9.45363e-17 0 0)
(0 0 0)
(2.17461e-13 -2.67072e-14 5.16091e-14)
(2.15125e-16 0 0)
(7.66279e-21 0 0)
(0 0 0)
(-5.3771e-19 0 0)
(0 0 0)
(1.73335e-12 -1.34917e-16 4.01527e-13)
(5.80561e-15 0 1.07748e-15)
(5.74008e-19 0 2.84387e-22)
(0 0 0)
(-9.45162e-17 0 0)
(0 0 0)
(2.02376e-16 -4.20917e-17 2.02042e-16)
(0 0 0)
(5.30138e-19 0 0)
(0 0 0)
(-5.24344e-19 0 0)
(0 0 0)
(8.41608e-15 0 5.37488e-15)
(0 0 -4.05576e-21)
(9.38051e-17 0 1.18271e-22)
(0 0 -2.17665e-22)
(-9.24337e-17 0 0)
(0 0 0)
(0 0 6.91332e-20)
(0 0 0)
(0 0 0)
(0 0 0)
(0 0 0)
(0 0 0)
(1.60535e-19 0 9.68869e-18)
(0 0 1.18727e-22)
(0 0 1.83195e-25)
(0 0 0)
(0 0 0)
(0 0 0)
(0 0 0)
(0 0 0)
(0 0 0)
(0 0 0)
(0 0 0)
(0 0 0)
(3.63697e-22 0 -8.0745e-27)
(0 0 0)
(0 0 0)
(0 0 0)
(0 0 0)
(0 0 0)
(0 0 0)
(0 0 0)
(0 0 0)
(0 0 0)
(0 0 0)
(0 0 0)
(0 0 -1.83083e-19)
(0 0 0)
(0 0 0)
(0 0 0)
(0 0 0)
(0 0 0)
(0 0 3.54233e-21)
(0 0 0)
(0 0 0)
(0 0 0)
(0 0 0)
(0 0 0)
(0 0 1.81851e-19)
(0 0 0)
(0 0 0)
(0 0 0)
(0 0 0)
(0 0 0)
(0 0 0)
(0 0 0)
(0 0 0)
(0 0 0)
(0 0 0)
(0 0 0)
(0 0 0)
(0 0 0)
(0 0 0)
(0 0 0)
(0 0 0)
(0 0 0)
(0 0 0)
(0 0 0)
(0 0 0)
(0 0 0)
(0 0 0)
(0 0 0)
(0 0 0)
(0 0 0)
(0 0 0)
(0 0 0)
(0 0 0)
(0 0 0)
(1.25701e-09 -2.90762e-10 -2.67115e-11)
(1.32177e-08 -1.05821e-10 -1.05365e-09)
(1.70883e-09 -3.15904e-10 3.37604e-11)
(1.1768e-08 -5.87775e-11 1.03381e-09)
(5.65468e-11 -1.03371e-11 1.81102e-11)
(3.21222e-10 -6.51503e-14 1.15545e-10)
(1.99057e-13 -3.62263e-14 1.66282e-13)
(1.76892e-12 -8.76962e-16 1.45587e-12)
(2.00934e-16 0 2.02519e-16)
(5.5798e-15 0 7.20537e-15)
(1.86452e-19 0 0)
(5.66503e-18 0 -4.65207e-25)
(1.5862e-22 0 0)
(4.61811e-21 0 -1.62916e-17)
(3.06972e-25 0 5.49792e-19)
(5.40472e-28 0 0)
(3.465e-31 0 0)
(7.78971e-24 0 1.61557e-17)
(1.11211e-26 0 0)
(5.4796e-30 0 0)
(1.19865e-08 1.76151e-10 6.92647e-09)
(-8.93793e-07 -3.02139e-06 -2.18454e-07)
(-2.57271e-06 -8.76545e-06 -1.31067e-07)
(-5.03874e-05 -0.000265473 -6.06591e-06)
(-0.00111359 -0.00484106 -0.00054489)
(-0.000295756 -0.000923468 -2.17209e-05)
(-0.00826211 -0.0367158 -0.00136718)
(-3.68216e-05 -0.000111683 -1.38734e-05)
(-5.96577e-06 -0.000194712 -3.48622e-05)
(-9.36241e-08 -1.49635e-06 -4.50093e-07)
(-3.03651e-06 -2.66966e-05 -5.63108e-06)
(-0.00044456 -0.00373384 -0.000864445)
(-1.98838e-05 -0.000457294 -0.00016243)
(-0.00139 -0.0275786 -0.00600935)
(-6.40396e-06 -5.78253e-05 -2.08915e-05)
(8.5504e-05 -0.000491467 -6.80735e-06)
(1.26698e-06 -4.21443e-06 -2.86948e-07)
(1.47841e-05 -7.57023e-05 -7.56804e-06)
(8.10727e-05 -0.000247752 -2.84418e-05)
(0.00055687 -0.00177698 -2.73485e-05)
(0.00250043 -0.0113075 -0.00132357)
(0.0147038 -0.0750691 -0.00158787)
(1.35281e-07 -2.42275e-06 -7.22171e-07)
(4.5922e-08 -7.37056e-06 -3.13155e-06)
(3.49164e-06 -0.000306548 -5.24142e-05)
(0.00103569 -0.00834899 -0.00192505)
(1.22852e-05 -0.000730809 -0.00025631)
(0.00091667 -0.0439014 -0.00917985)
(1.48542e-05 -0.000130017 -4.59388e-05)
(-3.19299e-06 -1.00767e-05 1.19395e-07)
(-1.07711e-06 -3.32576e-06 2.19578e-07)
(-7.32403e-05 -0.000367157 4.55251e-06)
(-0.00221964 -0.00919356 0.00100116)
(-0.000405034 -0.00116265 1.80884e-05)
(-0.0122857 -0.0524173 0.0010737)
(-6.40864e-05 -0.000172438 1.90124e-05)
(-1.90265e-07 -2.5403e-06 9.57931e-07)
(-6.5865e-06 -0.000371933 6.21334e-05)
(-6.54573e-06 -5.68855e-05 1.06232e-05)
(-0.00118195 -0.00872585 0.00183383)
(-1.81318e-05 -0.000866292 0.000323097)
(-0.00139926 -0.0539913 0.0111529)
(-1.67733e-05 -0.000124074 4.78994e-05)
(1.31171e-05 -6.18414e-05 5.91563e-06)
(3.4445e-06 -1.13866e-05 2.07046e-07)
(7.54121e-05 -0.000411189 8.28504e-06)
(0.000460682 -0.00142227 3.42342e-05)
(6.5349e-05 -0.000182068 2.02811e-05)
(0.00224498 -0.00926291 0.00101626)
(0.013152 -0.0635153 0.00181583)
(1.48718e-07 -8.42141e-06 3.72508e-06)
(6.48862e-06 -5.60851e-05 1.03535e-05)
(6.67562e-06 -0.000360712 5.99975e-05)
(0.00113982 -0.00869812 0.00184201)
(1.78893e-05 -0.000881328 0.000315223)
(0.00143932 -0.0533526 0.0109296)
(1.71565e-05 -0.000130747 4.75125e-05)
(9.7817e-08 -8.07536e-07 1.56161e-06)
(4.49909e-06 -1.37872e-05 3.82506e-05)
(4.40288e-06 -6.57298e-05 0.000219392)
(1.26122e-05 -5.02614e-05 9.05899e-05)
(1.30423e-05 -0.000299216 0.000562425)
(0.000907672 -0.00253784 0.00629754)
(0.000994653 -0.0122077 0.0361151)
(3.78914e-05 -2.59767e-05 9.42972e-07)
(0.0027267 -0.00149717 8.18189e-05)
(0.000324616 -0.000183 4.3443e-05)
(0.00374652 -0.00281262 0.000122595)
(0.000426335 -0.000329799 6.40845e-05)
(0.0395081 -0.0255186 0.00626328)
(0.333978 -0.199828 0.0151417)
(1.446e-05 -9.87375e-06 -1.43214e-06)
(0.0035506 -0.00197391 -6.47359e-05)
(0.000621246 -0.000490383 -9.44244e-05)
(0.00480325 -0.003663 -9.79983e-05)
(0.0590295 -0.036357 -0.00958608)
(0.000482237 -0.000268424 -6.43737e-05)
(0.417373 -0.274182 -0.0127929)
(-1.24496e-09 -4.32164e-11 3.03892e-09)
(-1.793e-07 -1.02426e-08 3.86083e-07)
(-3.3682e-09 -1.15083e-10 6.01889e-09)
(-1.78002e-07 1.05204e-08 3.91186e-07)
(-3.19076e-10 4.81967e-12 8.62693e-10)
(-3.21052e-10 -1.49293e-12 8.67273e-10)
(-3.39428e-09 1.13764e-10 5.7905e-09)
(-2.42854e-05 -0.000711561 0.000814877)
(-0.00324853 -0.0159567 0.0137398)
(-0.00432424 -0.101234 0.0891024)
(-2.67597e-05 -0.00103065 0.000712097)
(-2.34702e-05 -0.000146688 0.000102089)
(-2.66322e-07 -3.47182e-06 2.9056e-06)
(-1.91681e-07 -9.56703e-06 8.43847e-06)
(2.31964e-05 -0.000739168 0.000853417)
(0.00417517 -0.111695 0.0917985)
(0.0034909 -0.0168409 0.0145276)
(2.59355e-05 -0.00107713 0.000726572)
(2.46796e-05 -0.000156253 0.000107796)
(2.55183e-07 -3.24818e-06 2.70117e-06)
(2.28579e-07 -9.67343e-06 8.44414e-06)
(0.0825747 -0.016557 -0.00169566)
(0.011941 -0.00271518 -0.00142246)
(0.000251964 -8.57984e-05 -2.89329e-05)
(0.000537181 -9.49647e-05 -7.40059e-06)
(8.03631e-05 -1.58627e-05 -7.87318e-06)
(4.46493e-06 -1.32683e-06 -2.30758e-07)
(1.53311e-05 -4.56157e-06 -4.19031e-07)
(5.90153e-09 2.90375e-10 1.20424e-08)
(1.63893e-07 -1.16779e-08 3.90253e-07)
(2.28511e-09 1.44609e-10 6.89746e-09)
(2.15537e-09 -1.24301e-10 6.57184e-09)
(1.83746e-07 1.16594e-08 4.3684e-07)
(1.41382e-09 6.98441e-11 3.9295e-09)
(1.41762e-09 -5.8916e-11 3.94099e-09)
(0.000108486 -0.000104123 0.00155849)
(6.763e-06 1.13214e-06 0.00229981)
(8.95386e-05 -5.10687e-05 0.00305339)
(6.67192e-07 -8.15171e-07 2.37998e-05)
(9.41018e-07 -6.20608e-07 2.52863e-05)
(7.4106e-07 -6.59965e-07 1.43263e-05)
(7.1619e-07 -5.70677e-07 1.99229e-05)
(-0.00483053 -0.00112738 -0.000535759)
(-0.000911084 -0.000290034 -2.14838e-05)
(-0.0374087 -0.00809529 -0.00131911)
(-0.000265558 -5.08429e-05 -6.06359e-06)
(-4.37044e-05 -8.75868e-06 -4.26638e-06)
(-1.11661e-05 -3.0923e-06 -6.02764e-07)
(-1.72559e-05 -4.90652e-06 -3.21109e-07)
(0.0613756 -0.0137325 0.0020814)
(0.000179701 -6.11888e-05 2.00999e-05)
(0.00845612 -0.00191775 0.000925675)
(0.000420161 -8.06524e-05 8.92171e-06)
(6.42928e-05 -1.34382e-05 6.24318e-06)
(1.19858e-05 -3.60104e-06 6.67149e-07)
(2.0149e-05 -6.13495e-06 -1.05468e-08)
(-0.000180678 -6.60648e-05 1.92348e-05)
(-0.00112625 -0.000393613 1.79064e-05)
(-0.0529568 -0.0121855 0.0010418)
(-0.000362968 -7.5074e-05 4.44462e-06)
(-6.94105e-05 -1.54135e-05 6.13307e-06)
(-1.93956e-05 -6.06943e-06 2.42919e-07)
(-1.2412e-05 -3.8616e-06 6.09961e-07)
(1.19358e-08 -2.29727e-10 6.89862e-09)
(2.15978e-08 -7.09785e-10 1.61536e-08)
(2.31463e-08 5.98464e-10 1.754e-08)
(2.27621e-08 -5.7025e-10 1.11404e-08)
(1.72251e-06 -5.65386e-08 1.00355e-06)
(2.42625e-08 5.37425e-10 1.17419e-08)
(1.9238e-06 5.43492e-08 1.11985e-06)
(-4.2133e-05 -0.00011771 0.00379725)
(2.4069e-05 2.77752e-05 0.00276039)
(-0.000115892 -4.20376e-05 0.00385191)
(-2.10439e-06 -2.12782e-07 5.00216e-05)
(6.14016e-07 -2.11727e-06 4.99493e-05)
(-2.11452e-06 -2.14898e-06 3.75051e-05)
(8.84506e-07 7.31745e-08 4.39845e-05)
(-0.000103632 0.000108375 0.00159245)
(7.08037e-07 5.48317e-06 0.0022884)
(-9.12228e-05 6.55122e-05 0.00327455)
(-1.6661e-06 8.18505e-07 4.02851e-05)
(-6.50871e-07 1.75338e-06 3.88858e-05)
(-4.01239e-07 5.54055e-07 3.50401e-05)
(-1.66991e-06 1.78925e-06 2.97108e-05)
(0.000117846 0.000116908 0.0016756)
(-1.47792e-05 -1.46588e-05 0.00257005)
(0.000105573 3.9435e-05 0.00327135)
(1.84777e-06 -4.61488e-07 4.3511e-05)
(3.46358e-07 1.91429e-06 4.38307e-05)
(1.38144e-07 -6.76031e-07 3.95832e-05)
(1.88742e-06 1.89971e-06 3.32654e-05)
(1.81505e-09 -2.64324e-09 1.85985e-09)
(1.89877e-09 -2.62718e-09 1.84654e-09)
(1.91915e-09 -2.65467e-09 1.7911e-09)
(3.48907e-09 -4.19026e-09 2.85166e-09)
(1.9194e-09 -2.55715e-09 1.86939e-09)
(2.83715e-09 -3.87095e-09 3.21943e-09)
(1.37054e-07 -1.48654e-07 1.10402e-07)
(2.71483e-06 -1.85917e-06 -1.09564e-06)
(2.94629e-06 -2.12979e-06 -1.23296e-06)
(1.48296e-05 -1.17709e-05 -5.36485e-06)
(0.00126952 -0.000832489 -0.000425396)
(2.95986e-06 -1.89095e-06 -1.18357e-06)
(1.24285e-05 -7.40113e-06 -4.05476e-06)
(1.79991e-05 -1.21715e-05 -8.9734e-06)
(6.13049e-06 -7.11756e-07 3.76304e-05)
(2.05017e-05 -1.35978e-05 0.000184962)
(7.45574e-05 -1.23171e-05 0.000602213)
(7.60701e-07 -1.64768e-07 8.25108e-06)
(6.23899e-07 -2.06644e-07 4.8534e-06)
(5.83728e-07 -2.86386e-07 5.94257e-06)
(6.78557e-07 -1.31141e-07 5.14271e-06)
(2.17164e-06 -1.49835e-06 8.89828e-07)
(9.14342e-06 -5.44931e-06 2.79618e-06)
(2.10537e-06 -1.34392e-06 9.02665e-07)
(2.10035e-06 -1.51969e-06 9.47175e-07)
(1.09358e-05 -8.65698e-06 3.69818e-06)
(0.000953502 -0.000614908 0.000287538)
(1.36739e-05 -9.14588e-06 6.80968e-06)
(1.06305e-05 -1.19689e-05 1.16147e-05)
(2.03539e-06 -1.88116e-06 2.02956e-06)
(0.000861525 -0.000824341 0.00102176)
(7.43982e-06 -7.00985e-06 1.00279e-05)
(1.1985e-05 -9.83914e-06 1.1341e-05)
(1.97977e-06 -1.68619e-06 2.0776e-06)
(1.83592e-06 -1.68438e-06 1.92276e-06)
(-7.92428e-06 -8.56189e-07 4.96743e-05)
(-2.35991e-05 -1.72603e-05 0.000207944)
(-9.46448e-05 -1.31465e-05 0.00076243)
(-1.30754e-06 -1.46813e-07 1.07631e-05)
(-8.284e-07 -2.33631e-07 6.14479e-06)
(-1.12843e-06 -3.74884e-07 7.81055e-06)
(-8.82929e-07 -1.1537e-07 6.48413e-06)
(-2.44897e-06 1.00722e-06 1.50136e-05)
(-2.26618e-05 1.62469e-05 0.000202907)
(-8.32847e-05 1.44278e-05 0.00073572)
(-1.0528e-06 1.78648e-07 1.00915e-05)
(-7.11501e-07 2.16808e-07 5.81692e-06)
(-7.71289e-07 1.34746e-07 6.15358e-06)
(-8.93577e-07 3.31319e-07 7.32163e-06)
(6.638e-06 6.14725e-07 3.90655e-05)
(2.27069e-05 1.49657e-05 0.000191586)
(8.15688e-05 1.07769e-05 0.000662483)
(1.16036e-06 1.02748e-07 9.33041e-06)
(7.40909e-07 2.42809e-07 5.39567e-06)
(7.88739e-07 9.41904e-08 5.69797e-06)
(1.0118e-06 3.63145e-07 6.902e-06)
(1.22145e-05 -1.79435e-05 -8.97889e-06)
(1.17956e-05 -1.46951e-05 -5.19493e-06)
(0.000850568 -0.00128224 -0.000417554)
(1.87329e-06 -2.89175e-06 -1.10595e-06)
(7.4203e-06 -1.23838e-05 -3.87332e-06)
(1.91989e-06 -2.74864e-06 -1.01307e-06)
(1.83559e-06 -2.64471e-06 -1.01746e-06)
(1.50837e-06 -2.05571e-06 8.75316e-07)
(8.82395e-06 -1.08441e-05 3.59036e-06)
(0.000667456 -0.000970791 0.000298837)
(5.72311e-06 -9.27139e-06 2.7264e-06)
(1.33315e-06 -2.05964e-06 8.30612e-07)
(1.40284e-06 -2.00908e-06 7.10754e-07)
(1.30533e-06 -1.88225e-06 7.43279e-07)
(-1.10914e-06 -2.55898e-06 1.47756e-05)
(-1.72881e-05 -2.42892e-05 0.000207028)
(-1.3152e-05 -9.49933e-05 0.000769784)
(-1.34406e-07 -1.30636e-06 1.0932e-05)
(-4.285e-07 -1.12612e-06 7.90486e-06)
(-2.88435e-07 -8.3222e-07 6.25014e-06)
(-1.17824e-07 -8.91521e-07 6.63929e-06)
(8.81587e-07 -7.48777e-06 4.90283e-05)
(1.46945e-05 -8.38929e-05 0.000739572)
(1.60909e-05 -2.24969e-05 0.000201714)
(1.90933e-07 -8.17623e-07 9.9272e-06)
(3.49295e-07 -6.06006e-07 7.07393e-06)
(2.81303e-07 -6.98677e-07 5.84284e-06)
(1.45469e-07 -7.65232e-07 6.24017e-06)
(4.65353e-09 -1.33274e-09 3.00114e-09)
(4.75897e-09 -1.30295e-09 2.66978e-09)
(1.66568e-07 -4.09259e-08 1.25128e-07)
(3.7658e-09 -1.16183e-09 2.18646e-09)
(3.79602e-09 -1.17226e-09 2.14694e-09)
(5.20917e-09 -2.0789e-09 3.02661e-09)
(3.70894e-09 -1.17084e-09 2.20299e-09)
(-7.37346e-09 -1.12921e-08 8.7526e-09)
(-7.3484e-09 -1.15382e-08 8.72239e-09)
(-7.37035e-09 -1.15708e-08 8.52326e-09)
(-1.02856e-08 -1.45007e-08 1.0855e-08)
(-7.08423e-09 -1.15563e-08 8.73731e-09)
(-8.40839e-09 -1.41419e-08 1.00485e-08)
(-2.20037e-07 -3.40111e-07 2.5632e-07)
(-6.55596e-07 -2.5605e-06 -7.12529e-07)
(-5.31437e-07 -1.82805e-06 -5.3668e-07)
(-5.37277e-07 -1.84958e-06 -5.43957e-07)
(-2.79234e-05 -0.000117596 -2.8219e-05)
(-5.70565e-07 -1.88726e-06 -5.66556e-07)
(-1.33307e-06 -4.12081e-06 -1.15354e-06)
(-9.0261e-07 -3.4942e-06 -1.1459e-06)
(1.31639e-06 -5.31781e-06 -1.39711e-06)
(1.05736e-06 -3.67866e-06 -1.03428e-06)
(9.46257e-07 -3.74068e-06 -1.04814e-06)
(1.12552e-06 -3.74526e-06 -1.084e-06)
(2.87041e-06 -8.85913e-06 -2.33675e-06)
(6.27562e-05 -0.000278672 -6.44009e-05)
(1.8776e-06 -7.46503e-06 -2.41226e-06)
(-9.83258e-07 -3.06643e-06 8.85584e-07)
(-1.27024e-06 -4.53275e-06 1.14377e-06)
(-1.00486e-06 -3.13397e-06 8.29072e-07)
(-6.10467e-05 -0.000238683 5.2385e-05)
(-1.04034e-06 -3.11804e-06 9.40033e-07)
(-1.78825e-06 -6.29898e-06 2.13527e-06)
(-2.54172e-06 -7.10224e-06 1.79481e-06)
(8.28984e-07 -2.92869e-06 8.26779e-07)
(9.32005e-07 -2.94351e-06 7.60055e-07)
(1.19321e-06 -4.33881e-06 1.06363e-06)
(2.47019e-06 -7.00364e-06 1.73593e-06)
(9.65312e-07 -2.91899e-06 8.61512e-07)
(6.07738e-05 -0.000248698 5.3358e-05)
(1.7364e-06 -6.21059e-06 2.08333e-06)
(8.3902e-07 -1.46274e-06 2.89018e-06)
(9.61778e-07 -1.4085e-06 2.93912e-06)
(1.14449e-06 -1.89382e-06 4.04385e-06)
(1.58605e-06 -3.00965e-06 5.44563e-06)
(1.03824e-06 -1.59642e-06 3.05033e-06)
(2.53799e-06 -3.50727e-06 6.96961e-06)
(5.36403e-05 -9.70322e-05 0.000215735)
(-1.74479e-07 -4.47895e-08 1.24123e-07)
(-5.0312e-09 -1.29036e-09 3.23846e-09)
(-7.17816e-09 -2.47704e-09 4.10275e-09)
(-4.25518e-09 -1.11194e-09 2.48769e-09)
(-5.2176e-09 -1.28085e-09 2.96098e-09)
(-4.2748e-09 -1.18998e-09 2.43462e-09)
(-4.22935e-09 -1.17641e-09 2.47212e-09)
(-6.71104e-10 -3.51684e-10 1.6758e-09)
(-2.46383e-08 -9.71012e-09 5.25256e-08)
(-1.17661e-09 -7.78007e-10 2.99966e-09)
(-7.06039e-10 -3.57118e-10 1.66042e-09)
(-6.89313e-10 -3.4811e-10 1.656e-09)
(-1.02306e-09 -4.18401e-10 2.25159e-09)
(-6.92712e-10 -3.22881e-10 1.66535e-09)
(4.79669e-06 -1.83887e-06 3.78002e-06)
(4.73829e-06 -1.89565e-06 3.5671e-06)
(0.000413863 -0.000128805 0.000329418)
(1.218e-05 -5.36682e-06 9.45446e-06)
(7.28659e-06 -2.6659e-06 6.33998e-06)
(4.55251e-06 -1.89959e-06 3.7369e-06)
(4.60639e-06 -1.84398e-06 3.62166e-06)
(-4.66167e-06 -6.67995e-06 -2.82462e-06)
(-0.000336868 -0.000515297 -0.000176818)
(-8.50009e-06 -1.15673e-05 -4.57598e-06)
(-4.32624e-06 -6.80256e-06 -2.78751e-06)
(-6.61496e-06 -1.05248e-05 -3.9631e-06)
(-4.46555e-06 -6.62309e-06 -2.62737e-06)
(-4.48223e-06 -6.64899e-06 -2.73593e-06)
(-1.4742e-05 -2.15647e-05 9.5898e-06)
(-0.000600304 -0.000856312 0.000264606)
(-1.39291e-05 -1.87429e-05 6.39224e-06)
(-6.75642e-06 -1.05235e-05 3.99885e-06)
(-1.09357e-05 -1.69034e-05 5.54074e-06)
(-7.12919e-06 -1.04297e-05 3.59059e-06)
(-7.06293e-06 -1.03371e-05 3.91683e-06)
(-3.26957e-06 -8.58857e-06 7.43429e-06)
(-6.28752e-06 -1.3326e-05 1.04053e-05)
(-0.000158734 -0.000451136 0.000371386)
(-2.35828e-06 -5.6618e-06 4.23832e-06)
(-3.33166e-06 -9.25705e-06 6.83008e-06)
(-2.10279e-06 -5.5839e-06 4.36815e-06)
(-2.29465e-06 -5.51592e-06 4.31111e-06)
(2.4283e-06 -5.66754e-06 4.43022e-06)
(6.51855e-06 -1.37047e-05 1.05224e-05)
(0.000170928 -0.000502282 0.000404075)
(2.35969e-06 -5.66752e-06 4.11277e-06)
(3.39231e-06 -9.47361e-06 6.82668e-06)
(2.1011e-06 -5.59464e-06 4.25561e-06)
(2.29934e-06 -5.52857e-06 4.20045e-06)
(-1.1939e-06 -1.71987e-05 9.28438e-07)
(-4.48208e-06 -0.000273956 2.70181e-06)
(-4.63534e-06 -6.2718e-05 6.44178e-07)
(-2.73295e-07 -7.02341e-06 2.14105e-07)
(-1.50784e-07 -8.67573e-06 1.92989e-07)
(-3.0196e-07 -7.52868e-06 2.20575e-07)
(-1.37184e-07 -7.47202e-06 2.38676e-07)
(2.80346e-06 -0.000256019 -4.01466e-06)
(1.06217e-06 -1.75678e-05 -1.01577e-06)
(6.63971e-07 -5.76329e-05 -3.49018e-06)
(2.43081e-07 -8.35702e-06 -1.31786e-07)
(2.48925e-07 -6.77759e-06 -2.20628e-07)
(2.67222e-07 -7.30455e-06 -2.4869e-07)
(2.74361e-07 -7.20022e-06 -1.20438e-07)
(1.05478e-06 -6.45748e-05 3.97743e-06)
(4.74415e-06 -6.28107e-05 9.24948e-07)
(4.45382e-06 -0.000289845 3.57674e-06)
(1.5028e-07 -8.62002e-06 1.21608e-07)
(1.37872e-07 -7.4626e-06 2.48347e-07)
(2.7348e-07 -7.0211e-06 2.252e-07)
(2.97028e-07 -7.42341e-06 1.13575e-07)
(1.33689e-07 -1.95489e-09 -1.68395e-09)
(9.54605e-09 1.076e-10 -1.11853e-10)
(1.15291e-07 2.00258e-09 -1.60954e-09)
(9.02278e-09 8.93156e-11 -1.14474e-10)
(1.25769e-08 1.37302e-10 -9.06328e-10)
(9.05071e-09 -4.91844e-11 -1.15063e-10)
(9.66429e-09 -6.83794e-11 -1.12629e-10)
(1.20467e-08 1.41492e-10 1.04312e-09)
(1.15104e-07 -1.85505e-09 1.82966e-09)
(8.47792e-09 9.026e-11 2.00816e-10)
(9.06779e-09 1.07496e-10 1.38563e-10)
(1.12507e-07 1.8573e-09 1.63343e-09)
(9.13205e-09 -3.23156e-11 1.3976e-10)
(8.52845e-09 -1.83325e-11 2.02074e-10)
(-1.04044e-06 -4.39038e-05 -1.93147e-06)
(-9.58885e-07 -2.18079e-05 -8.66325e-07)
(-2.40274e-06 -4.6184e-05 -9.52137e-07)
(-3.49574e-07 -1.85259e-05 -3.15423e-07)
(-6.50722e-07 -1.79889e-05 -3.30851e-07)
(-6.45877e-07 -1.78052e-05 -5.58025e-07)
(-3.60331e-07 -1.79863e-05 -5.62079e-07)
(1.82542e-09 -1.02069e-09 5.26861e-09)
(2.05e-09 -1.2926e-09 5.88202e-09)
(2.52333e-08 -1.31859e-08 8.81879e-08)
(1.83305e-09 -1.00733e-09 5.50542e-09)
(1.81846e-09 -1.01565e-09 5.29803e-09)
(1.7696e-09 -1.01703e-09 5.30416e-09)
(1.82572e-09 -9.81889e-10 5.31821e-09)
(-7.47794e-06 -2.18557e-06 -2.21453e-06)
(-9.25874e-06 -2.73352e-06 -2.67396e-06)
(-0.00010251 -2.36234e-05 -2.37972e-05)
(-7.57189e-06 -2.06767e-06 -2.20375e-06)
(-8.0218e-06 -2.19981e-06 -2.32608e-06)
(-7.52295e-06 -2.1616e-06 -2.20562e-06)
(-7.51186e-06 -2.15915e-06 -2.18915e-06)
(-1.36753e-05 -4.40939e-06 3.85292e-06)
(-0.000203261 -5.20705e-05 4.37692e-05)
(-1.69684e-05 -5.51114e-06 4.45367e-06)
(-1.39098e-05 -4.18133e-06 3.83925e-06)
(-1.48949e-05 -4.50291e-06 3.94304e-06)
(-1.3919e-05 -4.40081e-06 3.68126e-06)
(-1.38148e-05 -4.36922e-06 3.81132e-06)
(5.27545e-06 -2.95574e-06 1.08105e-05)
(6.55677e-06 -3.92618e-06 1.30748e-05)
(7.39241e-05 -3.54549e-05 0.000157497)
(5.06706e-06 -2.73995e-06 1.00983e-05)
(6.00067e-06 -3.20498e-06 1.1659e-05)
(5.0887e-06 -2.93292e-06 9.96842e-06)
(5.04263e-06 -2.90656e-06 1.0051e-05)
(1.39445e-05 -3.78604e-06 4.11116e-06)
(1.47688e-05 -4.35945e-06 3.93928e-06)
(1.16456e-05 -3.4022e-06 3.33839e-06)
(0.000177441 -4.07442e-05 3.94693e-05)
(1.2684e-05 -3.4568e-06 3.42981e-06)
(1.18592e-05 -3.39784e-06 3.20485e-06)
(1.17588e-05 -3.36848e-06 3.30154e-06)
(1.62116e-05 -4.64269e-06 -4.47984e-06)
(0.000243118 -5.44656e-05 -5.75841e-05)
(2.02436e-05 -5.89321e-06 -5.42943e-06)
(1.64594e-05 -4.36416e-06 -4.45987e-06)
(1.74302e-05 -4.66391e-06 -4.6727e-06)
(1.62729e-05 -4.57154e-06 -4.29923e-06)
(1.63618e-05 -4.59622e-06 -4.43603e-06)
)
;

boundaryField
{
    ground
    {
        type            zeroGradient;
    }
    outlet
    {
        type            zeroGradient;
    }
    wall
    {
        type            zeroGradient;
    }
    wall2
    {
        type            zeroGradient;
    }
    wall3
    {
        type            zeroGradient;
    }
    internalPatch
    {
        type            internal;
    }
    procBoundary0to1
    {
        type            processor;
        value           nonuniform List<vector> 
320
(
(3.11953e-37 0 -5.10589e-25)
(0 0 -1.96277e-22)
(-4.04139e-16 0 -2.05108e-22)
(0 0 -2.07037e-22)
(0 0 -2.07037e-22)
(3.11953e-37 0 -5.10589e-25)
(3.33042e-17 0 0)
(3.33042e-17 0 0)
(3.29213e-17 0 0)
(3.29125e-17 0 1.66518e-17)
(0 0 -1.68162e-17)
(-9.98686e-17 0 -1.66509e-17)
(-1.71284e-13 0 -8.58703e-16)
(-2.43817e-13 0 1.64805e-15)
(-2.38952e-15 0 8.43493e-16)
(-2.38952e-15 0 8.43493e-16)
(-4.36074e-15 1.46035e-17 9.22992e-17)
(0 -1.46035e-17 2.23315e-15)
(9.06053e-32 0 1.30123e-15)
(4.43771e-15 -7.68293e-23 3.20964e-17)
(-1.80458e-15 -5.38069e-21 1.31942e-15)
(-7.0942e-20 0 -1.23179e-35)
(-7.0942e-20 0 -1.23179e-35)
(-1.20372e-22 0 1.3876e-26)
(-3.24539e-25 0 1.66546e-17)
(-1.5742e-17 0 1.66527e-17)
(0 0 1.63712e-17)
(0 0 1.63712e-17)
(0 -1.46035e-17 2.43231e-21)
(4.43027e-15 0 0)
(0 0 0)
(0 0 0)
(0 0 0)
(0 0 0)
(4.37966e-15 0 0)
(0 -1.44035e-17 0)
(0 -1.44028e-17 0)
(-1.83885e-22 -1.44051e-17 1.62781e-17)
(-1.55903e-17 0 -3.81488e-24)
(-1.55903e-17 0 -3.81488e-24)
(-1.57328e-17 0 1.10595e-22)
(0 0 1.31205e-24)
(0 0 1.31205e-24)
(0 -1.46035e-17 1.49715e-29)
(4.43126e-15 0 0)
(4.43103e-15 0 0)
(0 -1.46035e-17 4.64924e-19)
(0 0 9.18959e-26)
(0 0 9.18959e-26)
(0 0 9.18959e-26)
(0 0 -2.90666e-17)
(-7.26128e-17 0 1.26326e-17)
(6.1266e-17 0 -4.48487e-15)
(-2.94332e-16 -1.22945e-32 2.40811e-16)
(-7.34276e-14 1.40314e-14 1.45834e-13)
(0 4.47093e-24 1.01276e-16)
(-4.98718e-15 1.93456e-15 3.7965e-14)
(-3.33474e-12 1.62764e-12 1.47456e-11)
(-6.62207e-10 3.24629e-10 1.72983e-09)
(-1.62326e-08 8.28917e-09 4.60062e-08)
(-1.37194e-05 4.49517e-06 3.80738e-05)
(-6.61661e-05 4.14568e-06 0.000219413)
(-6.56379e-05 -4.25846e-06 0.000212012)
(-1.29889e-05 -4.29367e-06 3.60258e-05)
(-1.73927e-06 -1.04787e-06 3.64662e-06)
(-1.93038e-05 -1.44529e-05 7.12293e-05)
(-0.000374823 -0.000377835 0.00219336)
(-0.00401251 -0.00510108 0.0341827)
(-0.00300034 -0.0194956 0.119395)
(-0.00300034 -0.0194956 0.119395)
(-0.617177 -3.81589 12.9468)
(-56.8692 -301.919 476.396)
(-616.49 -2854.87 4245.38)
(1683.45 -8799.53 11625.5)
(4865.77 -7712.61 10084.7)
(4502.3 -4485.04 5574.95)
(1791.78 -1505.33 1736.95)
(1791.78 -1505.33 1736.95)
(6712.34 -5483.53 5728.7)
(14176.4 -11089.3 8086.19)
(16874.6 -12726 3149.49)
(8019.49 -7979.14 1645.63)
(3189.82 -3611.03 650.006)
(436.157 -543.134 89.4555)
(436.157 -543.134 89.4555)
(2146.39 -3283.25 513.484)
(2934.14 -7454.04 1099.8)
(1115.15 -9681.72 1284.72)
(-1207.63 -9677.02 1205.99)
(-2878.01 -7191.41 973.435)
(-1937.67 -2952.59 389.345)
(-349.212 -438.228 54.8061)
(-14.5655 -16.7048 1.1378)
(-12.1527 -14.627 -1.24068)
(-1.72697 -2.17604 -0.575508)
(-0.0440484 -0.0522347 -0.023857)
(-0.000574563 -0.000680238 -0.000439521)
(-1.25383e-05 -1.24852e-05 -7.81195e-06)
(-6.81927e-06 -4.74871e-06 -2.95795e-06)
(-6.79121e-06 -4.5692e-06 -2.86795e-06)
(-6.79121e-06 -4.5692e-06 -2.86795e-06)
(-6.94476e-06 -4.40649e-06 -2.91994e-06)
(-7.96113e-06 -3.2004e-06 -3.3976e-06)
(-0.000247523 -6.77272e-05 -0.000105601)
(-6.25431e-05 -6.63581e-06 -2.19908e-05)
(-5.97467e-06 -3.5363e-07 -1.5168e-06)
(-5.04773e-07 -1.80738e-08 -9.57897e-08)
(-5.71463e-09 -5.95855e-11 -3.99315e-10)
(-2.78937e-09 -2.59099e-11 -3.73346e-11)
(-3.98139e-11 5.76899e-14 -4.29059e-13)
(-8.85588e-11 2.89737e-14 1.10468e-12)
(-8.08112e-13 6.74586e-17 2.81552e-13)
(-8.08112e-13 6.74586e-17 2.81552e-13)
(3.75316e-15 4.54017e-15 4.58241e-15)
(-2.1305e-13 2.59862e-14 1.73565e-13)
(-3.35789e-11 7.6433e-12 4.25631e-11)
(-6.2508e-10 2.96856e-10 1.53903e-09)
(-9.28446e-10 3.89339e-10 2.09543e-09)
(-1.05001e-06 3.35926e-08 1.31895e-06)
(-7.60829e-07 9.63044e-08 1.53833e-06)
(-2.07715e-06 8.11847e-08 4.35761e-06)
(-2.10727e-06 -6.55619e-08 4.36529e-06)
(-8.28101e-07 -8.69287e-08 1.62717e-06)
(-1.32234e-06 -7.61844e-07 2.55556e-06)
(-1.30551e-06 -8.41414e-07 2.52231e-06)
(-1.28921e-06 -8.67737e-07 2.60186e-06)
(-1.55756e-06 -1.50294e-06 4.6573e-06)
(-1.44026e-05 -1.92529e-05 7.05664e-05)
(-0.000181901 -0.000347584 0.00155766)
(-0.000176232 -0.00146806 0.00759019)
(-0.000176232 -0.00146806 0.00759019)
(-0.0406936 -0.287266 1.16415)
(-7.9639 -47.1446 76.1138)
(-249.549 -1396.05 1599.34)
(1082.21 -6332.53 6615.2)
(2638.35 -4785.45 4885.43)
(1568.7 -1847.12 1803.18)
(238.63 -236.593 231.756)
(238.63 -236.593 231.756)
(2278.42 -2264.54 1908.61)
(6275.38 -6229.86 3713.23)
(1664.08 -1845.37 1005.15)
(112.741 -141.397 63.8163)
(112.741 -141.397 63.8163)
(1123.89 -1616.53 803.589)
(2297.28 -5228.84 2430.95)
(1006.36 -7702.53 3392.83)
(-1056.6 -7760.91 3364.97)
(-2246.11 -5085.91 2307.33)
(-1019.77 -1479.77 713.163)
(-94.6913 -118.168 51.9619)
(-2.6297 -3.10733 0.798541)
(-0.0378922 -0.0377155 0.00754756)
(-0.256898 -0.254726 0.00954202)
(-0.220079 -0.220631 -0.0105863)
(-0.02616 -0.026302 -0.0058434)
(-0.000551996 -0.0005537 -0.000248483)
(-1.17535e-05 -8.63505e-06 -4.763e-06)
(-6.85429e-06 -4.61054e-06 -2.8986e-06)
(-6.85429e-06 -4.61054e-06 -2.8986e-06)
(-1.07333e-05 -6.73544e-06 -4.15288e-06)
(-0.000342788 -0.000139759 -0.000100346)
(-0.0170752 -0.00480554 -0.00474034)
(-0.00383158 -0.000434574 -0.000876179)
(-3.09648e-05 -3.26793e-06 -6.53054e-06)
(-0.000913253 -8.47276e-05 -7.78692e-05)
(-7.09222e-06 -5.77354e-07 -5.48838e-07)
(-1.43742e-06 -6.22941e-08 -5.56373e-08)
(-3.53793e-08 -7.38769e-10 -1.11685e-09)
(-3.04247e-09 -3.51044e-11 -7.77608e-11)
(-9.36169e-09 -8.89981e-11 7.52824e-11)
(-8.78522e-09 -7.21294e-11 2.13392e-10)
(-1.18643e-10 -4.46761e-14 6.01615e-11)
(-1.18643e-10 -4.46761e-14 6.01615e-11)
(-2.46123e-09 2.93894e-11 1.4433e-09)
(-1.14467e-08 2.67792e-10 1.05478e-08)
(-1.05784e-08 -2.61676e-10 1.02796e-08)
(-1.01548e-06 -4.23309e-08 1.37056e-06)
(-9.1468e-08 -3.16046e-08 1.20089e-07)
(-3.109e-09 -1.64248e-09 3.69027e-09)
(-1.40735e-07 -1.30937e-07 2.70917e-07)
(-1.02695e-06 -1.42457e-06 2.97572e-06)
(-1.24438e-06 -1.8894e-06 4.05075e-06)
(-4.62798e-06 -1.49111e-05 4.0375e-05)
(-4.11477e-06 -6.67211e-05 0.000212077)
(-4.11477e-06 -6.67211e-05 0.000212077)
(-0.00104788 -0.0120646 0.0329533)
(-0.244525 -2.21462 4.37016)
(-32.4098 -202.073 213.912)
(413.222 -2797.15 2466.58)
(800.31 -1441.9 1257.33)
(172.789 -227.052 198.922)
(6.55595 -7.68289 6.73004)
(6.55595 -7.68289 6.73004)
(266.404 -295.838 214.055)
(5.49447 -7.77193 3.50412)
(5.49447 -7.77193 3.50412)
(155.476 -229.067 146.997)
(791.146 -1558.51 1055)
(420.337 -3142.53 2051.48)
(-432.853 -3137.05 2021.94)
(-763.242 -1511.71 998.884)
(-139.542 -204.419 129.434)
(-4.79897 -6.55055 2.94676)
(-0.0809652 -0.0912221 0.0364802)
(-0.000926867 -0.000927706 0.000367718)
(-1.8836e-05 -1.39527e-05 6.54798e-06)
(-0.000398773 -0.000308736 5.71283e-05)
(-0.00289935 -0.00216929 6.22849e-05)
(-0.00255146 -0.001881 -6.86984e-05)
(-0.000289638 -0.000221456 -4.8015e-05)
(-1.20681e-05 -7.91533e-06 -9.81672e-07)
(-1.20681e-05 -7.91533e-06 -9.81672e-07)
(-0.000219604 -0.000122335 -3.19786e-05)
(-0.014211 -0.00557588 -0.00205068)
(-0.630233 -0.187931 -0.0954455)
(-0.134394 -0.0156964 -0.0144573)
(-0.801592 -0.11407 -0.039666)
(-0.00605407 -0.000611237 -0.000203507)
(-4.06154e-05 -3.11084e-06 -8.98671e-07)
(-1.78317e-06 -8.40178e-08 -1.19143e-07)
(-7.34873e-06 -2.77236e-07 6.62248e-10)
(-1.17195e-07 -1.84832e-09 9.94296e-10)
(-1.4944e-08 -1.6348e-10 1.33764e-09)
(-9.29978e-07 -2.25362e-08 2.02088e-07)
(-1.41736e-08 -2.7552e-10 7.20832e-09)
(-2.46556e-09 -2.14035e-11 1.45027e-09)
(-2.46556e-09 -2.14035e-11 1.45027e-09)
(-1.05784e-08 -2.61676e-10 1.02796e-08)
(-9.1468e-08 -3.16046e-08 1.20089e-07)
(-3.109e-09 -1.64248e-09 3.69027e-09)
(-3.109e-09 -1.64248e-09 3.69027e-09)
(-1.40735e-07 -1.30937e-07 2.70917e-07)
(-1.00236e-06 -1.44893e-06 2.88779e-06)
(-1.00236e-06 -1.44893e-06 2.88779e-06)
(-1.00696e-06 -1.50756e-06 3.00755e-06)
(-3.64421e-07 -3.31373e-06 6.69899e-06)
(1.25132e-07 -4.57217e-06 9.37985e-06)
(1.25132e-07 -4.57217e-06 9.37985e-06)
(-1.33711e-05 -0.000284126 0.000545583)
(-0.00294112 -0.0477434 0.0761571)
(-0.584847 -6.9473 7.95002)
(50.1075 -382.48 297.437)
(48.266 -100.277 77.8331)
(2.87061 -5.74076 4.17767)
(0.0731731 -0.110276 0.0737357)
(0.0731731 -0.110276 0.0737357)
(0.0731731 -0.110276 0.0737357)
(2.87061 -5.74076 4.17767)
(48.266 -100.277 77.8331)
(50.1075 -382.48 297.437)
(-51.6133 -368.901 286.976)
(-44.5607 -92.779 72.5498)
(-2.55398 -4.94797 3.69354)
(-0.0657181 -0.0986371 0.0667715)
(-0.0010737 -0.0012093 0.000765108)
(-3.76045e-05 -3.74151e-05 2.31589e-05)
(-1.0794e-05 -7.5361e-06 4.32642e-06)
(-1.03937e-05 -7.05225e-06 4.03153e-06)
(-1.05948e-05 -7.19311e-06 3.81982e-06)
(-1.1424e-05 -7.91393e-06 7.50453e-07)
(-3.23129e-05 -2.2379e-05 6.07619e-07)
(-3.155e-05 -2.11481e-05 -5.07055e-07)
(-3.155e-05 -2.11481e-05 -5.07055e-07)
(-0.00182581 -0.000970925 -4.64718e-05)
(-0.117358 -0.0447437 -0.00425807)
(-4.23378 -1.31722 -0.267784)
(-5.90369 -2.03574 0.230048)
(-1.28148 -0.188817 0.0306853)
(-0.00924939 -0.00100017 0.000141021)
(-6.25926e-05 -4.69686e-06 5.22806e-07)
(-1.72383e-05 -1.17374e-06 9.31184e-07)
(-7.04559e-06 -2.58473e-07 2.01841e-07)
(-0.00178083 -0.000202415 0.000162548)
(-6.44117e-05 -6.90096e-06 1.22294e-05)
(-9.50519e-06 -5.12671e-07 2.95032e-06)
(-2.02748e-06 -5.86395e-08 1.26001e-06)
(-5.19958e-06 -2.04556e-06 4.19675e-06)
(-5.13126e-06 -2.22292e-06 4.13991e-06)
(-3.95616e-07 -2.47978e-07 3.00463e-07)
(-3.95616e-07 -2.47978e-07 3.00463e-07)
(-8.55115e-06 -8.33892e-06 9.88417e-06)
(-8.51746e-06 -8.60295e-06 1.01961e-05)
(-1.04057e-05 -1.70507e-05 2.09816e-05)
(-1.11093e-06 -1.61286e-06 3.12158e-06)
(-1.66e-06 -2.94769e-06 5.39049e-06)
(-1.00696e-06 -1.50756e-06 3.00755e-06)
(-3.64421e-07 -3.31373e-06 6.69899e-06)
(1.25132e-07 -4.57217e-06 9.37985e-06)
(-1.33711e-05 -0.000284126 0.000545583)
(-0.00294112 -0.0477434 0.0761571)
(-0.584847 -6.9473 7.95002)
(-0.360745 -1.19862 1.42554)
(-0.0192652 -0.0418503 0.0479347)
(-0.000506575 -0.000786816 0.000834238)
(-1.63895e-05 -1.76407e-05 1.88114e-05)
(-8.97154e-06 -8.75799e-06 1.01001e-05)
(-0.000124477 -0.000278604 0.000381546)
(-0.00214411 -0.00810045 0.0122383)
(-1.19326e-05 -4.85048e-05 8.64574e-05)
(-1.03937e-05 -7.05225e-06 4.03153e-06)
(-1.05948e-05 -7.19311e-06 3.81982e-06)
(-1.1424e-05 -7.91393e-06 7.50453e-07)
(-3.23129e-05 -2.2379e-05 6.07619e-07)
(-0.00211156 -0.00118967 4.13146e-05)
(-0.145905 -0.0617782 0.00365719)
(-0.0229305 -0.0101039 0.00306338)
(-1.14597 -0.364509 0.181092)
(-0.262754 -0.0372159 0.0305291)
(-0.00881876 -0.00117442 0.00180036)
(-0.000132913 -1.72263e-05 5.04335e-05)
(-0.000484959 -0.000144278 0.00022347)
(-8.9195e-06 -3.29379e-06 6.75108e-06)
(-5.27554e-06 -2.28682e-06 4.08007e-06)
(-1.12163e-05 -4.9381e-06 5.15395e-06)
(-1.05807e-05 -6.74509e-06 4.11425e-06)
(-1.70095e-05 -1.09491e-05 5.69058e-06)
(-0.0003054 -0.000182587 3.92944e-05)
(-0.000605652 -0.000270367 0.000159148)
(-0.0350446 -0.0108015 0.00922419)
)
;
    }
    procBoundary0to2
    {
        type            processor;
        value           nonuniform List<vector> 
72
(
(0 0 0)
(0 0 0)
(0 0 0)
(0 0 0)
(0 0 0)
(0 0 0)
(0 0 0)
(0 0 0)
(0 0 0)
(0 0 0)
(0 0 0)
(0 0 0)
(0 3.00637e-21 1.8311e-15)
(0 0 0)
(0 -8.8859e-29 -2.03479e-21)
(4.89999e-19 0 -1.84687e-15)
(-2.84918e-19 0 0)
(0 0 0)
(4.05105e-32 -1.09766e-31 -5.88247e-25)
(0 0 3.97019e-18)
(4.86904e-17 -1.06484e-24 9.23434e-16)
(-1.24794e-17 -7.44784e-23 9.23434e-16)
(-4.97587e-25 -1.94782e-19 9.23434e-16)
(0 -1.99013e-19 9.23434e-16)
(0 -1.98324e-19 0)
(4.7764e-17 0 8.63516e-24)
(0 0 3.60622e-26)
(0 0 0)
(0 0 0)
(0 0 0)
(0 0 0)
(0 0 0)
(0 0 0)
(0 0 0)
(0 0 0)
(0 0 0)
(0 0 0)
(0 0 0)
(0 0 0)
(-9.60949e-35 0 0)
(0 0 0)
(0 0 0)
(0 0 0)
(0 0 0)
(0 0 0)
(0 0 0)
(0 0 0)
(0 0 0)
(0 0 0)
(0 0 0)
(0 0 -3.23968e-25)
(0 0 -1.11789e-18)
(-2.30935e-39 0 -2.35532e-20)
(-9.18766e-43 -1.31469e-29 -9.27566e-27)
(0 0 0)
(0 0 0)
(0 0 0)
(0 0 0)
(-4.52007e-21 0 0)
(-1.08559e-23 0 0)
(0 0 0)
(0 0 0)
(0 0 0)
(0 0 0)
(0 0 0)
(0 0 0)
(0 0 0)
(0 0 0)
(0 0 0)
(0 0 0)
(0 0 0)
(0 0 0)
)
;
    }
    procBoundary0to4
    {
        type            processor;
        value           nonuniform List<vector> 
101
(
(0 0 0)
(1.65067e-30 0 0)
(1.86321e-27 0 0)
(0 0 0)
(1.71461e-29 0 0)
(7.36511e-33 0 0)
(0 0 0)
(0 0 0)
(0 0 0)
(0 0 0)
(0 0 0)
(0 0 0)
(0 0 0)
(0 0 0)
(0 0 0)
(0 0 0)
(0 0 0)
(0 0 0)
(0 0 0)
(0 0 0)
(0 0 0)
(-4.46258e-15 0 0)
(4.48642e-15 -1.3357e-15 0)
(-4.39226e-15 -1.3357e-15 2.24292e-15)
(2.28405e-14 9.49381e-17 2.24365e-15)
(6.46139e-12 7.14766e-13 -3.45902e-14)
(1.63312e-09 2.92434e-10 -2.11375e-11)
(1.63312e-09 2.92434e-10 -2.11375e-11)
(1.63312e-09 2.92434e-10 -2.11375e-11)
(1.07165e-09 2.43879e-10 2.84374e-11)
(1.07165e-09 2.43879e-10 2.84374e-11)
(5.77145e-11 1.02293e-11 1.71274e-11)
(2.0644e-13 3.64613e-14 1.63949e-13)
(1.72843e-16 0 2.61314e-16)
(8.29105e-14 2.31383e-14 1.51529e-13)
(8.01011e-17 0 1.06426e-16)
(5.52808e-15 4.18556e-15 4.64178e-14)
(5.26913e-15 2.49506e-14 3.63704e-13)
(-4.76168e-15 3.31091e-14 5.05365e-13)
(-5.72344e-22 0 1.03134e-15)
(0 1.50968e-18 1.57694e-17)
(0 0 0)
(0 0 0)
(0 0 0)
(0 0 0)
(0 0 0)
(0 0 0)
(0 0 -5.03634e-21)
(1.66062e-24 0 -9.79828e-19)
(0 0 -4.66231e-17)
(1.38237e-26 0 2.74268e-19)
(0 0 2.08175e-21)
(0 0 0)
(0 0 0)
(0 0 0)
(0 0 0)
(0 0 0)
(0 0 0)
(0 0 0)
(0 0 0)
(0 0 0)
(-4.38861e-15 0 0)
(-4.46224e-15 0 0)
(-4.46332e-15 0 0)
(4.48641e-15 -1.3357e-15 -1.77047e-20)
(-4.39225e-15 -1.3357e-15 1.66557e-19)
(2.33727e-14 4.16561e-17 1.06571e-16)
(4.46644e-12 6.5578e-13 7.13139e-14)
(1.07165e-09 2.43879e-10 2.84374e-11)
(1.63312e-09 2.92434e-10 -2.11375e-11)
(1.07165e-09 2.43879e-10 2.84374e-11)
(1.88525e-13 2.28588e-14 3.75247e-14)
(2.85566e-15 -1.64119e-17 2.50817e-16)
(1.6695e-17 0 1.04651e-17)
(5.54772e-20 0 -9.38957e-29)
(-1.57411e-19 0 3.3429e-26)
(9.69615e-24 0 -2.76575e-19)
(0 0 4.59888e-17)
(1.42894e-22 0 2.58415e-18)
(3.8702e-21 0 3.87936e-16)
(0 0 -2.09521e-21)
(0 0 0)
(0 0 0)
(0 0 0)
(0 0 0)
(0 0 0)
(0 0 0)
(0 -4.52037e-15 0)
(0 -1.3357e-15 -4.2916e-20)
(0 -1.3357e-15 0)
(4.93134e-21 -1.3357e-15 8.41759e-20)
(4.63887e-15 -1.32601e-15 5.93455e-17)
(0 -1.31929e-15 -2.00673e-19)
(0 0 4.39767e-20)
(0 0 0)
(0 0 0)
(0 0 0)
(0 0 1.18552e-22)
(4.48641e-15 -1.33556e-15 1.49432e-20)
(-3.97336e-24 0 0)
(0 0 0)
)
;
    }
    procBoundary0to5
    {
        type            processor;
        value           nonuniform List<vector> 
249
(
(3.16582e-12 1.28698e-11 1.50189e-10)
(4.00818e-12 2.59794e-12 1.86517e-11)
(7.67288e-10 4.48464e-10 1.92544e-09)
(3.90589e-11 1.07693e-11 4.78255e-11)
(4.8941e-09 1.47349e-09 2.71743e-09)
(5.85121e-09 1.5828e-09 3.13648e-09)
(7.44858e-07 1.77369e-08 1.76151e-07)
(7.44858e-07 1.77369e-08 1.76151e-07)
(6.82834e-06 1.9836e-07 2.17553e-07)
(7.2068e-06 2.37316e-07 1.14854e-07)
(7.22789e-06 2.37956e-07 -1.12312e-07)
(6.86712e-06 1.96798e-07 -2.17151e-07)
(7.08744e-07 2.08393e-08 -1.61391e-07)
(8.70416e-07 -2.09378e-08 -2.00152e-07)
(8.70416e-07 -2.09378e-08 -2.00152e-07)
(9.46493e-06 -4.36973e-07 -2.47616e-06)
(0.000137186 -1.56557e-05 -4.91006e-05)
(0.0168137 -0.00253935 -0.00724141)
(1.88707 -0.401339 -1.00247)
(98.2763 -44.4262 -66.3017)
(1544.52 -834.126 -1072.4)
(2157.04 -1819.86 -1639.2)
(285.529 -285.897 -233.229)
(7.6905 -9.34233 -7.5051)
(0.0845207 -0.134425 -0.0886938)
(0.0845207 -0.134425 -0.0886938)
(3.02285 -6.51003 -4.34338)
(45.1333 -100.753 -67.2225)
(38.4311 -350.343 -228.472)
(-53.2991 -252.513 -166.373)
(-21.4877 -52.8165 -35.5067)
(-1.22898 -2.67878 -1.75946)
(-0.0335067 -0.0534501 -0.0344078)
(-2.4813 -3.84411 -1.72513)
(-63.4044 -83.2902 -35.5742)
(-294.268 -376.357 -61.7396)
(-1721.25 -2621.37 -456.683)
(-2727.72 -6728.3 -1140.27)
(-1241.69 -9404.45 -1477.51)
(1051.23 -9808.35 -1417.09)
(2895.06 -7607.97 -1106.12)
(2209.6 -3439.24 -477.474)
(484.368 -605.559 -78.7705)
(484.368 -605.559 -78.7705)
(3318.25 -3804.42 -581.696)
(8000.19 -8060.23 -1496.08)
(16819.3 -12707.7 -2899.29)
(15071.8 -5548.99 -2158.59)
(15302.3 -5807.1 2440.84)
(13011.6 -5462.1 6353.08)
(6096.05 -2914.08 4472.09)
(1273.52 -696.217 1103.84)
(44.1992 -21.8811 50.6071)
(648.113 -393.083 705.868)
(2073.47 -1390.82 2890.66)
(2297.44 -2280.16 5304.93)
(780.325 -2294.5 5909.64)
(132.406 -330.099 1068.21)
(2.94217 -6.11475 39.4797)
(0.0146608 -0.0250398 0.471501)
(0.0146608 -0.0250398 0.471501)
(-0.0108173 -0.0306545 0.548623)
(-0.028547 -0.0283601 0.267981)
(-0.00495604 -0.00401101 0.0354658)
(-0.000348467 -0.000186087 0.00161648)
(-0.00146707 -0.000173951 0.00770915)
(-0.00144553 0.000171286 0.00768315)
(-0.000351147 0.000191947 0.00174542)
(-5.06149e-07 5.79063e-07 2.98881e-06)
(-5.06149e-07 5.79063e-07 2.98881e-06)
(-2.00476e-09 1.709e-09 1.24084e-08)
(-3.12707e-12 1.10632e-11 1.58354e-10)
(-2.37001e-09 9.1704e-09 1.08137e-07)
(2.34144e-09 1.03467e-08 1.13928e-07)
(2.05574e-09 1.62287e-09 1.26318e-08)
(7.96234e-10 4.64582e-10 2.12014e-09)
(1.7954e-08 8.71811e-09 5.04658e-08)
(1.10722e-09 5.42838e-10 2.5499e-09)
(1.05365e-06 4.59305e-08 1.41612e-06)
(1.05365e-06 4.59305e-08 1.41612e-06)
(5.69696e-09 1.61673e-09 3.50883e-09)
(1.90473e-07 4.40772e-08 1.32524e-07)
(8.06525e-06 3.56442e-07 2.55409e-06)
(1.26242e-05 1.2514e-07 4.83659e-06)
(1.11653e-05 -2.5128e-07 4.32612e-06)
(6.75106e-07 -1.85803e-08 1.66448e-07)
(6.75106e-07 -1.85803e-08 1.66448e-07)
(7.2771e-06 -1.28603e-07 2.51e-07)
(7.15207e-06 1.36634e-07 2.36423e-07)
(8.28094e-06 1.47923e-07 1.24068e-07)
(8.36294e-06 1.72491e-07 -1.20871e-07)
(7.21209e-06 1.66097e-07 -2.36379e-07)
(8.57342e-06 -1.18284e-07 -2.73219e-07)
(8.12097e-06 -3.03164e-07 -2.48996e-07)
(8.12097e-06 -3.03164e-07 -2.48996e-07)
(1.98877e-05 -1.26963e-06 -1.14782e-06)
(0.00214447 -0.000214263 -0.000196902)
(6.50432e-05 -6.60363e-06 -1.37633e-05)
(0.00856549 -0.0010918 -0.00207817)
(1.1476 -0.200621 -0.34884)
(76.6343 -29.5346 -40.2911)
(1510.53 -737.593 -1010.54)
(6091.12 -2820.39 -4481.44)
(6508.36 -5322.84 -5600.79)
(2320.74 -2328.99 -1946.89)
(292.035 -330.232 -238.075)
(6.22677 -9.16318 -4.32968)
(6.22677 -9.16318 -4.32968)
(161.36 -244.072 -156.267)
(736.341 -1522.67 -1012.81)
(335.853 -2956.65 -1896.73)
(-477.359 -2519.47 -1628.92)
(-537.144 -1048.35 -701.829)
(-74.9022 -115.736 -71.1409)
(-774.872 -1113.89 -558.894)
(-1948.62 -4284.65 -2044.88)
(-1130.15 -7100.54 -3206.98)
(900.245 -7734.82 -3412.41)
(2215.54 -5294.33 -2439.47)
(1161.47 -1712.12 -846.392)
(132.892 -168.806 -78.9981)
(132.892 -168.806 -78.9981)
(1770.05 -1991.19 -1076.7)
(6269.99 -6309.27 -3707.78)
(13706.8 -10705.5 -7738.8)
(12797.2 -5177.08 -6159.97)
(5287.8 -2226.28 -2435.85)
(7627.4 -2923.83 -1049.67)
(7512.54 -2971.22 1195.77)
(5084.72 -2228.99 2381.09)
(1392.12 -700.544 935.245)
(78.5849 -34.9658 60.7998)
(1.00712 -0.276961 1.14926)
(0.00677614 -0.0015599 0.00987379)
(0.362757 -0.126282 0.701415)
(11.0873 -6.36547 21.544)
(133.817 -93.7977 209.949)
(315.596 -309.965 752.293)
(4.93253 -4.73773 22.8924)
(0.0234955 -0.0227693 0.23475)
(0.0234955 -0.0227693 0.23475)
(0.0242682 -0.0118756 0.430337)
(0.00327445 -0.00181782 0.331342)
(0.0013986 0.0020832 0.40149)
(-0.0302074 -0.0111656 0.539781)
(-0.019796 -0.00298582 0.119648)
(-0.0178936 0.00313431 0.113459)
(-0.0050493 0.00389042 0.0342344)
(-5.06149e-07 5.79063e-07 2.98881e-06)
(-5.06149e-07 5.79063e-07 2.98881e-06)
(-3.13603e-07 8.53295e-07 6.30894e-06)
(-1.48938e-07 9.98441e-07 8.59727e-06)
(1.21413e-07 1.13616e-06 9.09957e-06)
(3.57657e-07 9.84701e-07 6.70283e-06)
(5.37759e-07 5.46241e-07 3.15925e-06)
(5.37759e-07 5.46241e-07 3.15925e-06)
(5.37759e-07 5.46241e-07 3.15925e-06)
(0.000322453 0.000156883 0.00152029)
(1.40561e-05 3.99661e-06 3.73856e-05)
(2.84791e-06 3.55815e-07 5.43168e-06)
(3.8962e-06 8.07161e-08 7.60361e-06)
(3.41771e-06 -1.79489e-07 6.65228e-06)
(9.45411e-07 -4.74426e-08 1.26594e-06)
(9.45411e-07 -4.74426e-08 1.26594e-06)
(1.52374e-05 -4.5467e-07 1.32351e-05)
(1.74121e-05 2.17591e-07 1.51148e-05)
(1.251e-05 9.27942e-07 1.07188e-05)
(0.000146774 1.95104e-05 0.000101523)
(0.000119676 1.3304e-05 4.43158e-05)
(0.000632798 1.19116e-05 0.000248468)
(0.00059774 -1.34585e-05 0.000232372)
(0.000100388 -1.18738e-05 3.8388e-05)
(6.74349e-06 -3.28071e-07 2.091e-06)
(6.74349e-06 -3.28071e-07 2.091e-06)
(6.75106e-07 -1.85803e-08 1.66448e-07)
(6.89138e-06 -2.59518e-07 2.30564e-07)
(6.89138e-06 -2.59518e-07 2.30564e-07)
(7.32265e-06 -2.84714e-07 1.45919e-07)
(8.48336e-06 -1.38727e-07 1.50287e-07)
(9.94687e-06 -1.19988e-07 -1.07386e-07)
(8.59814e-06 -3.31676e-07 -1.06082e-07)
(8.59814e-06 -3.31676e-07 -1.06082e-07)
(7.6958e-05 -5.66839e-06 -8.63454e-07)
(0.0116244 -0.00123906 -0.000200202)
(1.54496 -0.231511 -0.04445)
(0.313227 -0.0403946 -0.03708)
(26.0864 -7.07785 -6.5867)
(793.12 -364.345 -361.065)
(1904.21 -788.021 -221.546)
(1782.35 -759.698 259.591)
(695.24 -328.56 318.963)
(63.619 -23.8929 32.3268)
(1.46101 -0.304624 0.813765)
(0.0127847 -0.00224847 0.0106774)
(9.35031e-05 -1.56683e-05 9.86846e-05)
(9.45411e-07 -4.74426e-08 1.26594e-06)
(4.01935e-05 -8.6439e-06 6.92916e-05)
(0.00202 -0.000631605 0.00494141)
(0.0604716 -0.0306588 0.223528)
(0.975474 -0.712058 4.35429)
(0.00439459 -0.00323426 0.0313504)
(0.00439459 -0.00323426 0.0313504)
(0.015663 -0.00279077 0.0954667)
(0.0168672 0.00244255 0.0999702)
(0.0270401 0.0105284 0.469975)
(-9.9242e-05 -4.20134e-07 0.371562)
(-0.00158573 0.00305313 0.328069)
(-0.0251089 0.0145815 0.465825)
(-0.0223413 0.0238116 0.230965)
(-1.40853e-05 2.06069e-05 0.000186641)
(-1.11942e-05 7.4435e-05 0.000625524)
(1.00218e-05 8.12215e-05 0.000656765)
(1.50676e-05 2.26588e-05 0.000195179)
(5.37759e-07 5.46241e-07 3.15925e-06)
(0.00491761 0.00357889 0.0312538)
(0.0247557 0.0243354 0.240552)
(0.00944579 0.0270129 0.471613)
(-0.0113931 0.0239603 0.430506)
(0.00122669 0.000124448 0.00593824)
(5.2377e-05 2.7357e-06 0.000161981)
(5.04195e-05 -3.20258e-06 0.000156564)
(1.24615e-05 -3.3923e-06 3.28015e-05)
(2.44552e-06 -2.1436e-07 4.65979e-06)
(2.44552e-06 -2.1436e-07 4.65979e-06)
(1.24615e-05 -3.3923e-06 3.28015e-05)
(0.000307756 -0.000145511 0.00138553)
(0.000307756 -0.000145511 0.00138553)
(0.00113411 -0.000137273 0.00579678)
(1.05417e-05 -8.61643e-07 9.03326e-06)
(1.05417e-05 -8.61643e-07 9.03326e-06)
(0.00012326 -1.73643e-05 8.5185e-05)
(0.000697303 -1.92846e-05 0.000493444)
(0.000754135 1.69882e-05 0.000523303)
(0.00012326 -1.73643e-05 8.5185e-05)
(0.0131087 -0.00191546 0.00586511)
(0.000100388 -1.18738e-05 3.8388e-05)
(0.00669972 -0.000849671 0.00150571)
(4.9058e-05 -5.04356e-06 1.01568e-05)
(0.00154975 -0.000165667 0.000150829)
(1.55525e-05 -1.00881e-06 9.40823e-07)
(6.58861e-05 -4.79398e-06 1.10153e-06)
(7.32265e-06 -2.84714e-07 1.45919e-07)
(0.0100603 -0.00104647 0.000240109)
(1.38483 -0.200599 0.0509338)
(86.5225 -30.912 8.71561)
(98.8703 -34.6558 -7.83343)
(21.1431 -5.66914 5.31305)
(0.892458 -0.152501 0.255161)
(0.226352 -0.0311471 0.0286096)
)
;
    }
}


// ************************************************************************* //
