/*--------------------------------*- C++ -*----------------------------------*\
  =========                 |
  \\      /  F ield         | OpenFOAM: The Open Source CFD Toolbox
   \\    /   O peration     | Website:  https://openfoam.org
    \\  /    A nd           | Version:  9
     \\/     M anipulation  |
\*---------------------------------------------------------------------------*/
FoamFile
{
    format      ascii;
    class       labelList;
    note        "nPoints:6869  nCells:4874  nFaces:16523  nInternalFaces:14371";
    location    "0.00035/polyMesh";
    object      neighbour;
}
// * * * * * * * * * * * * * * * * * * * * * * * * * * * * * * * * * * * * * //


14371
(
1
2
3
151
167
4030
2
3
4
10
15
149
161
4020
4309
4310
4313
4
23
152
4353
4
147
153
165
6
147
150
6
13
15
21
148
157
15
23
148
154
9
252
254
3907
3923
38
40
41
122
3771
3919
3922
4778
10
14
16
17
257
283
3924
3945
4416
4418
4419
14
16
285
4018
14
18
19
3924
4025
4061
13
18
20
21
280
4033
15
23
155
4031
15
17
4019
18
23
277
4021
4316
4317
4320
17
149
173
287
19
173
277
20
21
22
278
4027
4062
4337
4338
4341
174
278
3924
4063
22
281
4362
4367
22
276
282
276
279
4369
156
4356
27
28
29
132
2974
26
38
39
119
4779
4780
34
35
36
37
120
2953
4527
4532
31
32
37
134
3016
30
31
133
4484
30
32
2976
4482
33
4584
4591
33
35
134
4534
33
34
3018
4528
36
4701
4723
36
37
3019
4704
36
37
134
4726
4707
4727
134
3022
40
119
4778
4781
40
42
119
2953
3782
41
119
3900
42
3905
4767
4778
3025
3906
4769
4779
44
49
311
3063
45
50
312
3064
46
51
290
3065
47
52
291
3066
48
53
299
3067
54
122
300
3771
50
56
63
51
57
64
52
58
65
53
59
66
54
60
67
55
61
68
62
69
122
253
57
70
311
910
58
71
312
911
59
72
290
912
60
73
291
913
61
74
299
2384
62
75
300
2385
76
119
256
2608
64
70
77
65
71
78
66
72
79
67
73
80
68
74
81
69
75
82
76
83
123
71
84
840
72
85
841
73
86
842
74
87
843
75
88
844
76
89
845
90
261
846
78
84
91
79
85
92
80
86
93
81
87
94
82
88
95
83
89
96
90
97
124
85
98
847
86
99
848
87
100
849
88
101
850
89
102
851
90
103
852
104
125
853
92
98
105
93
99
106
94
100
107
95
101
108
96
102
109
97
103
110
104
111
126
99
112
854
100
113
855
101
114
856
102
115
857
103
116
858
104
117
859
118
127
860
106
112
107
113
108
114
109
115
110
116
111
117
118
128
113
861
114
862
115
863
116
864
117
865
118
866
129
867
120
121
122
283
300
309
310
121
134
284
309
135
286
310
2608
252
124
253
259
261
125
126
264
127
141
261
266
127
128
268
129
142
270
129
272
143
274
131
132
134
136
137
441
133
134
136
140
158
133
134
139
443
134
138
163
135
160
445
136
168
449
2608
137
140
211
545
2588
2591
139
140
678
2593
139
140
222
679
682
2595
224
683
142
144
237
239
853
143
145
240
860
146
241
867
145
172
244
874
2749
146
247
888
2750
250
902
2751
148
149
150
153
179
196
212
154
157
175
180
276
277
169
173
277
152
153
154
184
152
153
185
226
156
186
187
228
156
157
191
156
157
192
280
193
194
282
160
162
163
211
224
161
162
165
166
212
225
161
162
163
164
168
284
4534
4722
4726
4728
165
166
167
169
285
4535
4729
4733
4735
164
211
221
164
222
4484
166
223
4590
167
212
228
167
227
4485
226
4593
169
211
229
286
212
229
287
171
172
195
197
198
200
238
244
2752
202
203
205
208
242
245
231
232
235
236
237
2586
2625
174
175
195
196
197
229
238
257
277
176
202
207
208
242
258
278
4063
4788
176
195
196
199
202
206
207
276
179
181
183
187
217
2753
180
181
188
190
191
2755
180
181
184
187
201
213
2756
188
191
194
199
2757
182
184
2758
183
186
190
2759
185
210
2760
186
187
191
186
187
215
193
220
189
194
2765
190
192
2766
193
2767
193
194
193
194
288
289
197
198
202
197
201
230
200
231
199
200
205
2754
201
206
2772
201
236
2773
234
2774
205
208
204
205
208
206
207
206
208
4787
211
229
230
232
233
2588
215
216
217
2781
212
221
224
2780
213
225
228
230
214
217
219
220
234
2780
2782
218
219
220
225
2783
218
220
226
218
219
2785
2791
219
220
2793
227
2787
2789
2795
228
223
224
225
2783
223
224
2784
227
2787
2788
227
228
227
228
230
231
232
237
256
286
287
2608
231
234
232
236
235
2611
234
235
2615
2694
2780
236
2735
236
2617
2738
2739
238
261
846
239
242
262
240
243
244
266
241
246
247
270
249
250
274
243
263
245
246
267
245
247
2797
248
248
249
271
248
250
2798
251
251
275
251
2799
253
283
3922
254
256
255
257
259
258
260
3907
257
261
283
258
262
263
3924
260
262
264
263
265
262
263
266
267
265
266
268
267
269
267
270
271
269
270
272
271
273
271
274
275
273
274
275
275
278
279
282
4787
278
4788
281
282
4789
281
282
288
4791
289
284
285
286
287
4495
4780
4781
4782
285
286
4532
287
4533
287
289
291
292
293
294
312
347
3080
3191
3193
3195
295
296
297
298
299
3081
3198
3199
3200
293
345
347
436
3089
294
295
344
3090
297
325
347
912
296
297
350
3094
298
301
349
3095
298
326
913
303
348
913
300
301
302
303
304
3489
3613
3618
3619
305
306
307
308
3782
3900
3901
3902
302
303
430
3498
304
305
419
3798
304
425
2384
306
431
2384
306
307
420
3801
308
426
2385
308
309
444
2951
310
450
2385
310
445
2953
449
2608
312
323
3068
433
434
435
436
3069
320
345
351
407
408
410
319
327
329
350
1545
1577
316
317
331
332
334
1510
3641
3642
3694
318
331
332
333
1513
318
338
340
342
1516
1518
3644
3645
338
339
340
1104
321
344
351
352
357
321
346
408
410
413
1154
1541
1789
325
351
354
357
1212
1542
1545
327
349
358
359
1546
1683
432
434
435
438
910
1153
3082
346
432
433
437
911
1154
326
344
346
912
348
350
913
1545
328
350
1545
1574
329
350
359
1576
3074
350
352
1575
3110
334
335
336
3652
3724
334
335
1593
3727
334
336
338
3653
335
336
339
1594
3654
3729
1596
3730
341
3655
341
342
343
1606
3659
341
342
3660
341
343
1561
342
343
1563
1607
3661
1610
3662
1565
1611
345
350
351
352
353
3092
3126
3130
3132
346
407
408
409
437
3091
347
912
433
912
349
425
913
1546
350
358
359
360
430
3097
3147
3151
3153
3096
3140
3144
3146
353
354
353
355
3073
356
407
3107
356
357
410
1655
356
357
1575
1656
412
1659
1577
1660
360
424
1546
1686
360
1685
3075
428
1684
3113
364
372
373
374
3681
366
367
379
380
381
3690
369
370
386
387
388
3695
365
373
374
376
1695
1708
3677
366
367
393
395
397
1709
1711
3680
393
394
395
3682
368
380
381
384
1701
1720
3685
369
370
400
402
404
1721
1723
3689
400
401
402
3692
387
388
391
1056
1510
1733
3694
375
376
377
392
1871
375
377
3698
376
377
1872
375
376
393
3699
396
3701
397
1875
1877
382
383
384
399
1885
382
383
394
3712
382
384
395
1886
383
384
400
3713
398
1889
403
3716
404
1890
389
390
391
1592
1902
389
390
401
3726
389
391
402
1903
390
391
1593
3727
405
1905
1596
3730
1597
1900
396
397
398
1878
396
397
3704
396
398
3706
397
398
1880
3708
1882
1884
403
404
405
1892
403
404
3718
403
405
3720
404
405
1894
3722
1896
1898
408
409
411
413
437
1154
1754
1756
3647
409
412
3648
409
413
411
3663
412
413
1836
412
413
1837
3667
1840
3669
1841
416
417
420
421
2044
2060
419
421
422
427
2040
2373
418
420
440
2044
2057
418
420
423
2058
3781
420
447
2059
3829
420
421
422
423
430
431
3799
3881
3885
3887
426
444
3802
3893
3897
3899
423
2040
2376
423
429
2375
3780
2374
3826
427
428
430
2407
2412
430
431
2384
2407
431
450
2044
2385
429
430
2407
2409
429
430
2410
3487
430
2411
3512
3499
3543
3547
3549
2040
2384
434
438
911
1753
434
436
911
435
911
436
438
3083
437
3205
438
3208
1754
3209
441
442
445
446
2591
2596
444
446
447
2589
2604
443
445
2591
2593
443
445
448
2594
2946
445
2595
2974
445
446
447
448
450
2952
3009
3013
3015
449
2954
3016
3020
3022
448
2589
2607
448
2606
2945
2605
2971
450
2591
2608
2385
2589
489
694
695
697
1169
1177
2585
2623
2734
454
462
463
464
2630
456
458
469
470
471
2631
455
456
463
464
466
482
2626
457
483
499
457
459
469
471
473
500
2632
460
483
501
459
476
477
478
460
477
478
481
484
513
485
511
515
465
466
467
468
566
465
467
2645
466
467
568
465
466
469
2647
472
2648
473
571
572
472
473
474
573
472
473
2652
472
474
476
2653
473
474
477
576
2655
578
479
579
479
480
481
594
608
479
480
479
481
596
480
481
609
598
612
600
613
493
495
499
500
568
569
571
485
499
501
713
980
500
504
507
511
512
596
597
600
487
511
514
515
715
1022
512
518
521
525
526
528
631
632
635
489
526
527
529
530
717
1069
528
533
535
539
541
666
667
670
2699
539
540
542
543
719
1120
2628
541
550
692
694
696
707
708
711
2732
493
495
553
554
555
494
497
502
560
561
562
567
568
569
500
504
574
575
576
496
497
554
555
557
712
498
499
713
724
498
500
507
560
562
564
725
501
508
713
726
501
501
574
576
578
511
504
507
581
582
583
505
509
516
588
589
590
595
596
597
512
518
602
603
604
513
519
609
610
611
508
509
582
583
586
714
510
511
715
733
510
512
521
588
590
592
734
514
522
715
735
514
513
514
602
604
606
515
525
609
611
613
515
526
527
518
521
616
617
618
520
523
531
623
624
625
630
631
632
525
637
638
639
528
533
644
645
646
522
523
617
618
621
716
524
526
717
742
524
528
535
623
625
627
743
529
536
717
744
527
638
639
642
2696
527
529
530
529
644
646
648
2696
530
539
540
2696
533
535
651
652
653
534
537
547
658
659
660
665
666
667
541
550
672
673
674
536
537
652
653
656
718
538
539
719
748
538
541
658
660
662
692
2037
542
693
719
2038
540
542
543
2635
2699
542
672
674
676
2700
543
694
695
2638
2700
546
679
680
681
2779
548
678
681
683
684
2592
2615
2780
686
687
688
2693
550
692
699
700
701
549
685
688
690
691
2055
2618
2702
551
698
701
703
704
2056
2609
2619
706
707
708
696
705
708
710
711
2702
2703
2736
556
557
558
559
756
556
558
567
557
558
758
556
557
560
569
563
570
564
761
762
563
564
565
763
563
564
574
563
565
575
581
564
565
582
766
577
768
584
769
570
571
572
573
570
572
571
572
570
571
574
577
578
577
578
579
577
578
577
579
595
578
579
596
598
584
585
586
587
784
584
585
595
584
586
786
585
586
588
597
788
591
599
592
790
591
592
593
791
591
592
602
591
593
603
616
592
593
617
794
605
796
619
797
598
599
600
601
598
599
598
600
599
600
602
605
606
605
606
607
608
605
606
605
607
630
606
607
611
631
613
614
633
612
613
614
612
613
612
614
637
613
614
638
640
619
620
621
622
812
619
620
630
619
621
814
620
621
623
632
816
626
634
627
818
626
627
628
819
626
627
644
626
628
645
651
627
628
652
822
647
824
654
825
633
634
635
636
643
633
634
633
635
638
634
635
644
640
647
642
648
640
641
642
2711
640
641
640
642
641
642
2712
2715
2716
647
648
649
2711
647
648
647
649
665
648
649
666
2714
2716
668
2717
654
655
656
657
833
654
655
665
654
656
835
655
656
658
667
837
661
669
662
839
661
662
663
2338
661
662
672
661
663
673
699
662
663
700
2341
675
2343
702
2344
668
669
670
671
2718
668
669
668
670
2720
669
670
672
2722
675
676
2724
675
676
677
2725
675
676
675
677
706
676
677
707
2728
2730
709
2731
682
683
684
2597
682
683
2784
682
684
686
2599
683
684
688
2786
2601
2788
690
2603
689
690
691
698
2072
689
690
2073
689
691
699
2706
690
691
2707
702
2076
2077
703
2710
693
700
701
704
1928
2609
694
1169
2472
2610
695
697
2673
2732
2734
697
2609
2624
2733
2610
2624
2734
702
703
704
2506
702
703
706
702
704
2508
703
704
708
2510
710
2512
709
710
711
2704
2742
709
710
2706
709
711
2744
710
711
2708
2746
2710
2748
721
724
725
758
759
761
1961
715
724
726
979
1911
725
729
731
733
734
786
787
790
717
733
735
1021
1917
734
738
740
742
743
814
815
818
719
742
744
1068
1922
743
746
747
748
835
836
839
2037
748
1119
1169
1924
2038
722
723
727
750
751
752
757
758
759
1943
725
729
764
765
766
725
731
750
752
754
1961
1964
1966
726
1963
726
764
766
768
733
1966
729
731
771
772
773
730
732
736
778
779
780
785
786
787
734
738
792
793
794
732
772
773
776
1914
1994
734
740
778
780
782
1995
1997
735
1994
735
792
794
796
742
1997
738
740
799
800
801
739
741
745
806
807
808
813
814
815
743
746
820
821
822
741
800
801
804
1920
2017
743
747
806
808
810
2018
2020
744
2017
744
820
822
824
748
2020
746
747
827
828
829
834
835
836
828
829
832
1923
2032
2034
2032
2038
753
754
755
2156
2163
753
754
764
2159
753
755
765
771
754
755
772
2166
767
2160
2161
2168
774
2169
760
761
762
763
760
762
2157
761
762
760
761
764
2159
767
2160
768
767
768
769
767
768
767
769
785
768
769
786
788
774
775
776
777
2233
774
775
785
774
776
2235
775
776
778
787
2237
781
789
782
2239
781
782
783
2240
781
782
792
781
783
793
799
782
783
800
2243
795
2245
802
2246
788
789
790
791
788
789
788
790
789
790
792
795
796
795
796
797
795
796
795
797
813
796
797
814
816
802
803
804
805
2289
802
803
813
802
804
2291
803
804
806
815
2293
809
817
810
2295
809
810
811
2296
809
810
820
809
811
821
827
810
811
828
2299
823
2301
830
2302
816
817
818
819
816
817
816
818
817
818
820
823
824
823
824
825
823
824
823
825
834
824
825
835
837
830
831
832
2317
2331
830
831
834
830
832
2319
831
832
836
2332
2321
838
2335
2323
2336
837
838
839
2338
837
838
837
839
838
839
2339
2342
2343
841
847
910
1272
842
848
911
1273
843
849
912
1274
844
850
913
1275
845
851
1276
2384
846
852
1277
2385
853
2586
2608
848
854
868
849
855
869
850
856
870
851
857
871
852
858
872
853
859
873
860
874
855
861
882
856
862
883
857
863
884
858
864
885
859
865
886
860
866
887
867
888
862
896
863
897
864
898
865
899
866
900
867
901
902
869
875
882
1272
870
876
883
1273
871
877
884
1274
872
878
885
1275
873
879
886
1276
874
880
887
1277
881
888
2586
876
889
1278
1340
877
890
1279
1341
878
891
1280
1342
879
892
1281
1343
880
893
1282
1344
881
894
1283
1345
895
1284
1346
2749
883
889
896
884
890
897
885
891
898
886
892
899
887
893
900
888
894
901
895
902
890
903
1396
891
904
1397
892
905
1398
893
906
1399
894
907
1400
895
908
1401
909
1402
2750
897
903
898
904
899
905
900
906
901
907
902
908
909
904
1452
905
1453
906
1454
907
1455
908
1456
909
1457
1458
2751
911
1210
912
1211
913
1212
1787
1788
1789
1213
1794
1795
1796
2384
915
919
980
916
920
988
917
921
996
918
922
1004
923
1012
920
924
1022
921
925
1030
922
926
1038
923
927
1046
928
1054
925
929
1069
926
930
1077
927
931
1085
928
932
1093
933
1101
930
934
1120
2628
931
935
1128
932
936
1136
933
937
1144
938
1152
935
939
1177
2623
936
940
1185
937
941
1193
938
942
1201
943
1209
940
945
1239
2583
941
946
1247
942
947
1255
943
948
1263
949
1271
945
951
1299
2583
2584
946
952
1307
947
953
1315
948
954
1323
949
955
1331
956
1339
951
957
1347
2584
2797
952
958
1355
953
959
1363
954
960
1371
955
961
1379
956
962
1387
963
1395
958
964
1403
2798
959
965
1411
960
966
1419
961
967
1427
962
968
1435
963
969
1443
970
1451
965
1459
2799
966
1467
967
1475
968
1483
969
1491
970
1499
1507
972
973
1013
1696
974
1014
1697
1699
2569
2570
2571
974
981
1015
975
982
1016
976
983
1017
1699
977
984
1018
1909
978
985
1019
1910
979
986
1020
1911
980
987
1021
988
1022
982
989
1023
983
990
1024
984
991
1025
985
992
1026
986
993
1027
987
994
1028
988
995
1029
996
1030
990
997
1031
991
998
1032
992
999
1033
993
1000
1034
994
1001
1035
995
1002
1036
996
1003
1037
1004
1038
998
1005
1039
999
1006
1040
1000
1007
1041
1001
1008
1042
1002
1009
1043
1003
1010
1044
1004
1011
1045
1012
1046
1006
1047
1007
1048
1008
1049
1009
1050
1010
1051
1011
1052
1012
1053
1054
1014
1015
1059
1702
1016
1060
1705
2576
2577
2578
2579
1016
1023
1062
1017
1024
1063
1018
1025
1064
1705
1019
1026
1065
1915
1020
1027
1066
1916
1021
1028
1067
1917
1022
1029
1068
1030
1069
1024
1031
1070
1025
1032
1071
1026
1033
1072
1027
1034
1073
1028
1035
1074
1029
1036
1075
1030
1037
1076
1038
1077
1032
1039
1078
1033
1040
1079
1034
1041
1080
1035
1042
1081
1036
1043
1082
1037
1044
1083
1038
1045
1084
1046
1085
1040
1047
1086
1041
1048
1087
1042
1049
1088
1043
1050
1089
1044
1051
1090
1045
1052
1091
1046
1053
1092
1054
1093
1048
1094
1049
1095
1050
1096
1051
1097
1052
1098
1053
1099
1054
1100
1101
1056
1057
1102
1508
1509
1511
1700
3634
1508
1509
1721
3639
1058
1059
1105
1702
2548
2551
2553
1508
1703
2548
2550
2551
1060
1062
1109
1061
1063
1110
2548
2549
2553
2554
1064
1111
1558
1559
1705
1737
1738
2386
1063
1070
1113
1064
1071
1114
1065
1072
1115
1066
1073
1116
2386
1067
1074
1117
1921
1068
1075
1118
1922
1069
1076
1119
1077
1120
1071
1078
1121
1072
1079
1122
1073
1080
1123
1074
1081
1124
1075
1082
1125
1076
1083
1126
1077
1084
1127
1085
1128
1079
1086
1129
1080
1087
1130
1081
1088
1131
1082
1089
1132
1083
1090
1133
1084
1091
1134
1085
1092
1135
1093
1136
1087
1094
1137
1088
1095
1138
1089
1096
1139
1090
1097
1140
1091
1098
1141
1092
1099
1142
1093
1100
1143
1101
1144
1095
1145
1096
1146
1097
1147
1098
1148
1099
1149
1100
1150
1101
1151
1152
1103
1105
1155
1519
1521
1523
3636
1509
1518
1519
1521
3645
1513
1518
1561
1562
1563
1106
1109
1159
2556
2558
2560
1519
2551
2555
2556
2558
1525
1556
1567
1568
1570
1824
1825
1828
2555
1530
1533
1535
1567
1636
1637
1640
2395
2402
1110
1113
1163
1111
1114
1164
2556
2557
2560
2561
1112
1115
1165
1568
1569
1572
1573
1116
1166
1533
1534
1537
1538
2386
2388
1114
1121
1170
1115
1122
1171
1116
1123
1172
1117
1124
1173
1118
1125
1174
2388
1119
1126
1175
1924
1120
1127
1176
1128
1177
1122
1129
1178
1123
1130
1179
1124
1131
1180
1125
1132
1181
1126
1133
1182
1127
1134
1183
1128
1135
1184
1136
1185
1130
1137
1186
1131
1138
1187
1132
1139
1188
1133
1140
1189
1134
1141
1190
1135
1142
1191
1136
1143
1192
1144
1193
1138
1145
1194
1139
1146
1195
1140
1147
1196
1141
1148
1197
1142
1149
1198
1143
1150
1199
1144
1151
1200
1152
1201
1146
1202
1147
1203
1148
1204
1149
1205
1150
1206
1151
1207
1152
1208
1209
1155
1210
1753
1754
1755
1757
3636
1211
1753
1758
1156
1159
1214
1760
1762
1764
1521
1755
1759
1760
1762
1527
1539
1759
1766
1767
1768
1543
1578
1586
1587
1588
1160
1163
1218
2563
2565
2567
1760
2558
2562
2563
2565
1570
1579
1773
1774
1776
1858
1861
1863
2562
1535
1550
1773
1780
1781
1783
1845
1846
1849
1164
1170
1225
1165
1171
1226
2563
2564
2567
2568
1166
1172
1227
1774
1775
1778
1779
1167
1173
1228
1781
1782
1785
1786
1168
1174
1229
2388
2520
2521
2524
2526
1169
1175
1230
1924
2465
2466
2469
2471
1176
1231
2472
2474
2610
1171
1178
1232
1172
1179
1233
1173
1180
1234
1174
1181
1235
1175
1182
1236
1176
1183
1237
1177
1184
1238
1185
1239
1179
1186
1240
1180
1187
1241
1181
1188
1242
1182
1189
1243
1183
1190
1244
1184
1191
1245
1185
1192
1246
1193
1247
1187
1194
1248
1188
1195
1249
1189
1196
1250
1190
1197
1251
1191
1198
1252
1192
1199
1253
1193
1200
1254
1201
1255
1195
1202
1256
1196
1203
1257
1197
1204
1258
1198
1205
1259
1199
1206
1260
1200
1207
1261
1201
1208
1262
1209
1263
1203
1264
1204
1265
1205
1266
1206
1267
1207
1268
1208
1269
1209
1270
1271
1211
1214
1272
1215
1273
1753
1757
1758
1788
1789
1790
1792
1787
1789
1791
1794
1546
1794
1796
1798
2530
1215
1218
1278
1216
1219
1279
1762
1763
1764
1765
1802
1804
1806
1581
1790
1801
1802
1804
1552
1797
1801
1808
1809
1811
1219
1225
1285
1220
1226
1286
2565
2566
2567
2568
1221
1227
1287
1776
1777
1778
1779
1802
1803
1806
1807
1222
1228
1288
1783
1784
1785
1786
1809
1810
1813
1814
1223
1229
1289
2390
2520
2525
2526
2534
2535
2538
2540
1224
1230
1290
1927
2465
2470
2471
2482
2483
2486
2488
1231
1291
2473
2474
2489
2491
2609
2610
2619
2621
2624
1226
1232
1292
1227
1233
1293
1228
1234
1294
1229
1235
1295
1230
1236
1296
1231
1237
1297
1238
1298
2585
1233
1240
1300
1234
1241
1301
1235
1242
1302
1236
1243
1303
1237
1244
1304
1238
1245
1305
1239
1246
1306
1247
1307
2585
1241
1248
1308
1242
1249
1309
1243
1250
1310
1244
1251
1311
1245
1252
1312
1246
1253
1313
1247
1254
1314
1255
1315
1249
1256
1316
1250
1257
1317
1251
1258
1318
1252
1259
1319
1253
1260
1320
1254
1261
1321
1255
1262
1322
1263
1323
1257
1264
1324
1258
1265
1325
1259
1266
1326
1260
1267
1327
1261
1268
1328
1262
1269
1329
1263
1270
1330
1271
1331
1265
1332
1266
1333
1267
1334
1268
1335
1269
1336
1270
1337
1271
1338
1339
1273
1278
1274
1279
1275
1280
1787
1788
1792
1793
1276
1281
1795
1796
1799
1800
1277
1282
2391
2528
2531
2533
1283
1929
2476
2478
2481
2586
1279
1285
1280
1286
1281
1287
1804
1805
1806
1807
1282
1288
1811
1812
1813
1814
1283
1289
2392
2534
2539
2540
1284
1290
1930
2482
2487
2488
1291
2490
2491
2586
2620
2621
2625
1286
1292
1340
1287
1293
1341
1288
1294
1342
1289
1295
1343
1290
1296
1344
1291
1297
1345
1298
1346
2587
1293
1300
1348
1294
1301
1349
1295
1302
1350
1296
1303
1351
1297
1304
1352
1298
1305
1353
1299
1306
1354
1307
1355
2585
2587
1301
1308
1356
1302
1309
1357
1303
1310
1358
1304
1311
1359
1305
1312
1360
1306
1313
1361
1307
1314
1362
1315
1363
1309
1316
1364
1310
1317
1365
1311
1318
1366
1312
1319
1367
1313
1320
1368
1314
1321
1369
1315
1322
1370
1323
1371
1317
1324
1372
1318
1325
1373
1319
1326
1374
1320
1327
1375
1321
1328
1376
1322
1329
1377
1323
1330
1378
1331
1379
1325
1332
1380
1326
1333
1381
1327
1334
1382
1328
1335
1383
1329
1336
1384
1330
1337
1385
1331
1338
1386
1339
1387
1333
1388
1334
1389
1335
1390
1336
1391
1337
1392
1338
1393
1339
1394
1395
1341
1348
1396
1342
1349
1397
1343
1350
1398
1344
1351
1399
1345
1352
1400
1346
1353
1401
1347
1354
1402
1355
1403
2587
2749
1349
1356
1404
1350
1357
1405
1351
1358
1406
1352
1359
1407
1353
1360
1408
1354
1361
1409
1355
1362
1410
1363
1411
1357
1364
1412
1358
1365
1413
1359
1366
1414
1360
1367
1415
1361
1368
1416
1362
1369
1417
1363
1370
1418
1371
1419
1365
1372
1420
1366
1373
1421
1367
1374
1422
1368
1375
1423
1369
1376
1424
1370
1377
1425
1371
1378
1426
1379
1427
1373
1380
1428
1374
1381
1429
1375
1382
1430
1376
1383
1431
1377
1384
1432
1378
1385
1433
1379
1386
1434
1387
1435
1381
1388
1436
1382
1389
1437
1383
1390
1438
1384
1391
1439
1385
1392
1440
1386
1393
1441
1387
1394
1442
1395
1443
1389
1444
1390
1445
1391
1446
1392
1447
1393
1448
1394
1449
1395
1450
1451
1397
1404
1452
1398
1405
1453
1399
1406
1454
1400
1407
1455
1401
1408
1456
1402
1409
1457
1403
1410
1458
1411
1459
2750
1405
1412
1460
1406
1413
1461
1407
1414
1462
1408
1415
1463
1409
1416
1464
1410
1417
1465
1411
1418
1466
1419
1467
1413
1420
1468
1414
1421
1469
1415
1422
1470
1416
1423
1471
1417
1424
1472
1418
1425
1473
1419
1426
1474
1427
1475
1421
1428
1476
1422
1429
1477
1423
1430
1478
1424
1431
1479
1425
1432
1480
1426
1433
1481
1427
1434
1482
1435
1483
1429
1436
1484
1430
1437
1485
1431
1438
1486
1432
1439
1487
1433
1440
1488
1434
1441
1489
1435
1442
1490
1443
1491
1437
1444
1492
1438
1445
1493
1439
1446
1494
1440
1447
1495
1441
1448
1496
1442
1449
1497
1443
1450
1498
1451
1499
1445
1500
1446
1501
1447
1502
1448
1503
1449
1504
1450
1505
1451
1506
1507
1453
1460
1454
1461
1455
1462
1456
1463
1457
1464
1458
1465
1459
1466
1467
2751
1461
1468
1462
1469
1463
1470
1464
1471
1465
1472
1466
1473
1467
1474
1475
1469
1476
1470
1477
1471
1478
1472
1479
1473
1480
1474
1481
1475
1482
1483
1477
1484
1478
1485
1479
1486
1480
1487
1481
1488
1482
1489
1483
1490
1491
1485
1492
1486
1493
1487
1494
1488
1495
1489
1496
1490
1497
1491
1498
1499
1493
1500
1494
1501
1495
1502
1496
1503
1497
1504
1498
1505
1499
1506
1507
1501
1502
1503
1504
1505
1506
1507
1511
1722
1733
1510
1511
3642
1512
1513
1518
1593
1595
1597
1512
1519
2551
1514
1520
1733
1815
1818
1819
2552
1593
1594
1595
1556
1815
1816
1818
1899
1526
1557
1600
1601
1602
2393
1517
1522
1607
1608
1610
1756
3647
3770
1527
1539
1607
1608
1609
1520
1522
1562
1563
1566
1520
1523
1524
1525
1823
1825
1827
2555
1522
1523
3770
1524
1527
1621
1623
1625
1759
1524
1760
2558
1528
1761
1830
1831
1833
2559
1818
1823
1824
1825
1530
1567
1614
1615
1616
1621
1622
1623
1570
1579
1830
1831
1832
1531
1571
1580
1628
1629
1630
1635
1636
1637
2393
1535
1550
1642
1643
1644
1536
1551
1649
1650
1651
2401
1534
1537
1569
2397
1538
2398
2402
2403
1536
1537
1571
1642
1644
1646
1538
1649
1651
1653
1780
2402
2404
1538
1573
1781
1782
2405
1756
1837
1838
1839
1543
1578
1656
1657
1658
1542
1581
1758
1790
1836
1839
1841
1842
1547
1582
1655
1658
1660
1661
1791
1663
1664
1665
1549
1670
1671
1672
2406
1546
1547
1574
1577
1794
1548
1683
1686
2407
1548
1552
1662
1665
1667
1668
1797
1553
1669
1672
1674
1675
1798
2408
1677
1678
1679
2389
1580
1844
1845
1846
1780
1851
1852
1853
2544
1553
1554
1582
1585
1588
1590
1591
1555
1676
1679
1681
1682
1808
2414
1555
1584
1783
1809
1843
1846
1848
1849
1784
1810
1850
1853
1855
1856
2415
1557
1558
1706
1816
1818
1820
2552
1559
1567
1600
1602
1604
1736
2395
1559
1568
1737
2554
1569
1738
2397
1564
1565
1566
1620
1822
1564
1565
1594
1564
1566
1595
1823
1565
1566
1621
1598
1826
1624
1625
1827
1569
1571
1615
1616
1619
1569
1572
2557
1573
1571
1572
1830
1832
1834
2559
1573
1628
1630
1632
1773
1573
1774
2561
1775
1576
1577
1662
1683
1576
1577
1663
1666
1685
1667
1687
1688
1689
1761
1857
1858
1861
1773
1864
1865
1866
1582
1583
1763
1768
1770
1771
1772
1584
1689
1691
1692
1693
1801
1584
1765
1776
1802
1860
1861
1862
1863
1777
1803
1866
1868
1869
1870
1589
1590
1591
1676
1843
1589
1590
1664
1677
1589
1591
1688
1844
1590
1591
1665
1689
1680
1847
1668
1681
1692
1848
1596
1597
1598
1817
1596
1597
1596
1598
1597
1598
1819
1815
1821
1603
1604
1605
1746
1817
1603
1604
1749
2417
1603
1605
1614
2418
1604
1605
1615
1820
1751
2420
1752
1816
1617
1821
1610
1611
1612
3666
1610
1611
1621
1610
1612
1837
3667
1611
1612
1622
1838
3668
1624
1840
3669
1617
1618
1619
1627
1822
1617
1618
1635
1617
1619
1824
1618
1619
1628
1637
1826
1631
1639
1632
1828
1624
1625
1626
1829
1624
1625
1624
1626
1766
1625
1626
1767
1831
1833
1769
1835
1631
1632
1633
1829
1631
1632
1642
1631
1633
1643
1864
1632
1633
1832
1865
1645
1834
1835
1867
1638
1639
1640
1641
2430
1638
1639
2418
1638
1640
2419
2432
1639
1640
1642
2422
2434
1645
1646
2436
1645
1646
1647
1648
1645
1646
1645
1647
1844
1646
1647
1651
1845
1653
1654
1847
1652
1653
1654
2430
1652
1653
2433
2445
1652
1654
1851
2446
1653
1654
1852
2435
2448
2436
1854
1659
1660
1661
1836
1659
1660
1663
1659
1661
1687
1838
1660
1661
1665
1689
1840
1667
1691
1842
1666
1667
1668
1669
1666
1667
1666
1668
1671
1667
1668
1673
1675
1673
1674
1675
1683
1673
1674
1684
2452
1673
1675
1677
1674
1675
1679
2454
1685
1686
2456
1681
1680
1681
1682
1850
1680
1681
1680
1682
1851
2459
1681
1682
2460
1854
1855
2463
1685
1686
1685
1686
2410
2412
1690
1691
1766
1690
1692
1864
1691
1692
1693
1769
1867
1693
1770
1693
1868
1771
1869
1695
1696
1700
1707
1709
1710
3670
1707
1709
3676
1697
1702
2569
2572
2574
2569
2571
2574
2577
1712
1714
1716
1873
1874
1876
1945
2573
1705
1714
1715
1717
1718
1909
1701
1702
1719
1721
1722
3672
1709
1719
1721
3684
1703
2576
2577
2581
1722
2576
2580
2581
1716
1724
1727
1729
1887
1888
1891
1978
2582
1727
1728
1731
1732
1915
1729
1734
1736
1737
1899
1901
1904
2550
1708
1710
2572
1711
1712
1872
1874
1875
2573
1710
3679
1711
1719
2574
1713
1720
1879
1880
1882
2575
1872
1873
1874
1716
1724
1879
1880
1881
1715
1717
2570
1718
1945
1948
1717
1879
1881
1883
1946
2575
1718
1727
2571
1728
1946
1952
1720
1722
2581
1723
1724
1886
1888
1890
2582
1722
3688
1723
1725
1733
1893
1894
1896
2580
1886
1887
1888
1729
1734
1893
1894
1895
1730
1735
1740
1741
1742
1970
1728
1731
2578
1732
1978
1980
1730
1731
1893
1895
1897
2580
1732
1736
1740
1742
1744
1978
1982
1732
1737
2579
1738
1984
1734
1899
1900
1903
2550
1899
1903
1904
1736
1747
1748
1749
1998
1738
1748
1749
1752
1918
1738
2549
2007
1743
1744
1745
1892
2170
1743
1744
2173
2192
1743
1745
1747
2193
1744
1745
1748
1895
2175
2195
1897
2176
1750
1898
1750
1751
1752
1902
1750
1751
2248
1750
1752
1904
1751
1752
2250
1905
2252
1901
1754
1757
1755
3646
1756
1757
3770
1758
1759
1837
1839
1841
1758
1762
1763
1761
1763
1767
1768
1772
1761
1764
1765
1857
1861
1862
2562
1763
1764
1765
1765
2565
2566
1769
1770
1838
1769
1772
1857
1770
1772
1839
1771
1859
1771
1842
1772
1860
1862
1775
1777
1865
1866
1870
1775
1778
2564
1779
1781
1777
1778
2566
1779
1783
1779
2568
1785
1782
1784
1852
1853
1856
2523
1782
1785
1786
2524
1784
1785
1786
2525
1786
2526
1788
1793
1795
1789
1792
1790
1791
1792
1793
1797
1801
1793
1804
1799
1805
1795
1797
1796
1799
1800
2531
1798
1799
1800
1808
2532
1800
1811
1812
2533
1803
1805
1803
1806
1807
1809
1805
1806
1807
1811
1807
1813
1810
1812
2537
1810
1813
1814
2538
1812
1813
1814
2539
1814
2540
1817
1819
1900
1817
1820
1901
1821
1902
1819
1820
1821
1823
1821
1824
1826
1826
1827
1828
1829
1826
1827
1826
1828
1827
1828
1830
1833
1834
1833
1834
1835
1833
1834
1833
1835
1857
1834
1835
1858
1859
1840
1841
1842
1840
1841
1840
1842
1841
1842
1847
1848
1849
1850
1847
1848
1864
1847
1849
1852
1848
1849
1866
1854
1868
1856
1854
1855
1856
1854
1855
2545
1854
1856
1855
1856
2546
2547
1859
1862
1859
1863
1865
1860
1867
1862
1863
1869
1862
1863
1870
1867
1868
1867
1870
1868
1870
1869
1869
1870
1875
1876
1877
1878
2079
1875
1877
1876
1877
2081
1875
1876
1879
1882
1883
2084
2085
1882
1883
1884
2086
1882
1883
1882
1884
1886
1883
1884
1887
2089
2091
1889
2092
1889
1890
1891
1892
2170
1889
1890
1889
1891
2172
1890
1891
1893
2174
1896
1897
2176
1896
1897
1898
1896
1897
1896
1898
1903
1897
1898
1904
1905
1900
1901
1902
1903
1902
1904
1905
1905
1905
1934
1945
1947
1948
1950
2095
2096
2098
1938
1947
1954
1955
1957
2123
2124
2126
1942
1954
1961
1962
1964
2151
2152
2154
1910
1915
1948
1949
1952
1953
1911
1916
1955
1956
1959
1960
1917
1962
1963
1965
1966
1950
1968
1978
1979
1980
1982
2179
2180
2183
1957
1972
1979
1986
1987
1989
2207
2208
2211
1964
1976
1986
1993
1995
2235
2236
2239
1916
1980
1981
1984
1985
2386
1917
1921
1987
1988
1991
1992
1922
1993
1994
1996
1997
1982
1998
2006
2007
2249
2250
2253
2395
1989
2000
2006
2009
2010
2012
2263
2264
2267
1995
2004
2009
2016
2018
2291
2292
2295
1922
2010
2011
2014
2015
2386
2388
1924
2016
2017
2019
2020
2018
2023
2027
2031
2033
2319
2320
2323
2031
2032
2035
2036
2388
2042
2061
2066
2067
2068
2047
2073
2074
2075
2590
2052
2390
2465
2467
2470
2037
2054
2468
2472
2473
2508
2509
2512
2385
2475
2476
2481
2612
2392
2478
2482
2484
2487
2055
2485
2489
2490
2614
2618
1934
1945
2080
2081
2082
1936
1946
1967
2087
2088
2089
2094
2095
2096
1938
1947
2101
2102
2103
1950
1968
2108
2109
2110
1940
1951
1969
2115
2116
2117
2122
2123
2124
1942
1954
2129
2130
2131
1957
1972
2136
2137
2138
1944
1958
1973
2143
2144
2145
2150
2151
2152
1961
2157
2158
2159
1964
1976
2164
2165
2166
1946
2081
2082
2084
1950
1978
2087
2089
2091
1949
1951
2102
2103
2105
1949
1952
1953
1955
1951
1952
2108
2110
2112
1953
1957
1979
2115
2117
2119
1953
1980
1959
1981
1956
1958
2130
2131
2133
1956
1959
1960
1962
1958
1959
2136
2138
2140
1960
1964
1986
2143
2145
2147
1960
1987
1965
1988
1963
2158
2159
2161
1963
1965
1966
1965
2164
2166
2168
1966
1993
1994
1968
1978
2171
2172
2173
2178
2179
2180
1972
1979
2185
2186
2187
1982
1998
2192
2193
2194
1974
1983
1999
2199
2200
2201
2206
2207
2208
1976
1986
2213
2214
2215
1989
2000
2220
2221
2222
1977
1990
2001
2227
2228
2229
2234
2235
2236
1995
2004
2241
2242
2243
2172
2173
2176
1981
1983
2186
2187
2190
1981
1984
1985
1987
1983
1984
2192
2194
2196
1985
1989
2006
2199
2201
2203
1985
2007
1991
2008
1988
1990
2214
2215
2218
1988
1991
1992
1993
1990
1991
2220
2222
2224
1992
1995
2009
2227
2229
2231
1992
2010
1996
2011
1994
1996
1997
1996
2241
2243
2245
1997
2016
2017
2248
2249
2250
2000
2006
2255
2256
2257
2262
2263
2264
2004
2009
2269
2270
2271
2012
2276
2277
2278
2394
2400
2005
2013
2021
2283
2284
2285
2290
2291
2292
2018
2023
2297
2298
2299
2008
2256
2257
2260
2396
2008
2386
2397
2010
2386
2398
2011
2013
2270
2271
2274
2011
2014
2015
2016
2013
2014
2276
2278
2280
2387
2396
2015
2018
2027
2283
2285
2287
2015
2398
2403
2019
2028
2017
2019
2020
2019
2297
2299
2301
2020
2031
2032
2023
2027
2304
2305
2306
2024
2029
2062
2311
2312
2313
2318
2319
2320
2033
2048
2325
2326
2327
2026
2034
2049
2332
2333
2334
2037
2054
2339
2340
2341
2028
2029
2305
2306
2309
2387
2030
2031
2388
2403
2030
2033
2311
2313
2315
2404
2522
2035
2388
2405
2521
2032
2035
2036
2034
2035
2325
2327
2329
2467
2036
2037
2332
2334
2336
2468
2036
2466
2038
2469
2038
2339
2341
2343
2472
2042
2061
2346
2347
2348
2041
2044
2373
2376
2407
2527
2045
2063
2345
2348
2350
2351
2408
2529
2353
2354
2355
2047
2360
2361
2362
2590
2045
2057
2060
2477
2589
2046
2050
2352
2355
2357
2358
2479
2051
2359
2362
2364
2365
2480
2589
2592
2367
2368
2369
2062
2467
2492
2494
2495
2054
2468
2500
2501
2502
2051
2052
2063
2065
2068
2070
2071
2484
2053
2055
2366
2369
2371
2372
2485
2053
2064
2483
2492
2493
2497
2498
2056
2470
2486
2499
2502
2504
2505
2507
2508
2509
2056
2072
2075
2077
2078
2592
2473
2489
2506
2509
2511
2512
2059
2060
2352
2604
2059
2060
2353
2374
2356
2606
2357
2376
2377
2378
2379
2513
2515
2518
2522
2064
2379
2381
2382
2383
2414
2536
2390
2415
2513
2514
2517
2519
2535
2069
2070
2071
2366
2493
2069
2070
2354
2367
2069
2071
2378
2494
2070
2071
2355
2379
2370
2496
2358
2371
2382
2497
2076
2077
2078
2506
2076
2077
2599
2076
2078
2368
2507
2077
2078
2369
2600
2510
2603
2372
2511
2083
2084
2085
2086
2083
2085
2094
2084
2085
2083
2084
2087
2096
2090
2097
2091
2090
2091
2092
2090
2091
2108
2090
2092
2109
2171
2091
2092
2172
2111
2174
2097
2098
2099
2100
2107
2097
2099
2098
2099
2102
2097
2098
2108
2111
2105
2112
2106
2104
2105
2106
2114
2104
2106
2122
2105
2106
2104
2105
2115
2124
2118
2125
2119
2111
2112
2113
2114
2111
2112
2111
2113
2178
2112
2113
2117
2179
2119
2120
2181
2118
2119
2120
2118
2119
2136
2118
2120
2137
2185
2119
2120
2186
2139
2188
2125
2126
2127
2128
2135
2125
2127
2126
2127
2130
2125
2126
2136
2139
2133
2140
2134
2132
2133
2134
2142
2132
2134
2150
2133
2134
2132
2133
2143
2152
2146
2153
2147
2139
2140
2141
2142
2139
2140
2139
2141
2206
2140
2141
2145
2207
2147
2148
2209
2146
2147
2148
2146
2147
2164
2146
2148
2165
2213
2147
2148
2214
2167
2216
2153
2154
2155
2156
2163
2153
2155
2154
2155
2158
2153
2154
2164
2167
2161
2168
2162
2160
2161
2162
2160
2162
2161
2162
2160
2161
2167
2168
2169
2167
2168
2167
2169
2234
2168
2169
2235
2237
2174
2175
2176
2174
2175
2178
2174
2176
2175
2176
2180
2182
2181
2182
2183
2184
2191
2181
2182
2181
2183
2186
2182
2183
2192
2188
2195
2190
2196
2188
2189
2190
2198
2188
2189
2206
2188
2190
2189
2190
2199
2208
2202
2210
2203
2195
2196
2197
2198
2195
2196
2195
2197
2248
2196
2197
2201
2249
2203
2204
2251
2202
2203
2204
2202
2203
2220
2202
2204
2221
2255
2203
2204
2256
2223
2258
2209
2210
2211
2212
2219
2209
2210
2209
2211
2214
2210
2211
2220
2216
2223
2218
2224
2216
2217
2218
2226
2216
2217
2234
2216
2218
2217
2218
2227
2236
2230
2238
2231
2223
2224
2225
2226
2223
2224
2223
2225
2262
2224
2225
2229
2263
2231
2232
2265
2230
2231
2232
2230
2231
2241
2230
2232
2242
2269
2231
2232
2270
2244
2272
2237
2238
2239
2240
2237
2238
2237
2239
2238
2239
2241
2244
2245
2244
2245
2246
2244
2245
2244
2246
2290
2245
2246
2291
2293
2251
2252
2253
2254
2416
2251
2252
2251
2253
2256
2252
2253
2417
2258
2420
2260
2421
2258
2259
2260
2423
2258
2259
2262
2258
2260
2259
2260
2264
2424
2266
2427
2428
2265
2266
2267
2268
2275
2265
2266
2265
2267
2270
2266
2267
2276
2272
2279
2274
2280
2272
2273
2274
2282
2272
2273
2290
2272
2274
2273
2274
2283
2292
2286
2294
2287
2279
2280
2281
2282
2279
2280
2424
2279
2281
2425
2438
2280
2281
2285
2439
2427
2287
2288
2441
2286
2287
2288
2286
2287
2297
2286
2288
2298
2304
2287
2288
2305
2300
2307
2293
2294
2295
2296
2293
2294
2293
2295
2294
2295
2297
2300
2301
2300
2301
2302
2300
2301
2300
2302
2318
2301
2302
2319
2321
2307
2308
2309
2310
2437
2307
2308
2318
2307
2309
2439
2308
2309
2311
2320
2441
2314
2322
2315
2443
2314
2315
2316
2444
2314
2315
2325
2314
2316
2326
2518
2315
2316
2447
2515
2328
2449
2450
2516
2321
2322
2323
2324
2321
2322
2321
2323
2322
2323
2325
2328
2329
2328
2329
2330
2331
2328
2329
2328
2330
2494
2329
2330
2334
2495
2336
2337
2496
2335
2336
2337
2335
2336
2339
2335
2337
2340
2500
2336
2337
2501
2342
2503
2342
2343
2344
2342
2343
2342
2344
2507
2343
2344
2508
2510
2349
2350
2351
2373
2451
2349
2350
2353
2374
2349
2351
2377
2453
2350
2351
2355
2379
2375
2455
2357
2376
2381
2457
2356
2357
2358
2359
2356
2357
2356
2358
2361
2357
2358
2363
2365
2363
2364
2365
2604
2363
2364
2598
2605
2363
2365
2367
2364
2365
2369
2600
2606
2602
2607
2371
2370
2371
2372
2499
2370
2371
2370
2372
2500
2371
2372
2503
2504
2375
2376
2409
2375
2376
2411
2380
2381
2458
2380
2382
2518
2381
2382
2383
2461
2516
2383
2462
2383
2519
2464
2517
2385
2391
2527
2530
2531
2475
2476
2477
2608
2397
2398
2400
2402
2403
2404
2439
2440
2443
2403
2405
2406
2458
2459
2460
2520
2522
2525
2476
2527
2528
2531
2528
2534
2536
2539
2395
2417
2418
2419
2396
2399
2424
2425
2426
2396
2397
2417
2419
2421
2398
2402
2424
2426
2428
2398
2400
2402
2431
2432
2433
2438
2439
2440
2404
2445
2446
2447
2544
2432
2433
2436
2405
2405
2445
2447
2449
2523
2524
2452
2453
2454
2408
2409
2412
2530
2414
2451
2454
2456
2457
2532
2411
2412
2451
2411
2412
2452
2455
2456
2415
2514
2523
2541
2543
2546
2415
2460
2462
2463
2464
2537
2525
2538
2543
2546
2547
2420
2421
2422
2423
2420
2421
2420
2422
2421
2422
2426
2428
2429
2427
2428
2429
2427
2428
2427
2429
2431
2428
2429
2432
2434
2434
2435
2436
2434
2435
2438
2434
2436
2435
2436
2440
2442
2441
2442
2443
2444
2441
2442
2441
2443
2442
2443
2445
2448
2449
2448
2449
2450
2448
2449
2448
2450
2545
2449
2450
2541
2542
2455
2456
2457
2455
2456
2455
2457
2458
2456
2457
2460
2462
2461
2462
2461
2463
2545
2462
2463
2464
2542
2464
2464
2547
2543
2466
2471
2520
2467
2469
2521
2468
2492
2495
2498
2522
2469
2470
2501
2502
2505
2471
2472
2471
2473
2474
2474
2474
2609
2610
2477
2480
2589
2613
2477
2478
2479
2527
2479
2481
2528
2480
2484
2529
2481
2485
2614
2487
2616
2483
2488
2534
2484
2486
2535
2485
2536
2486
2487
2488
2489
2488
2490
2491
2491
2619
2491
2616
2620
2621
2497
2498
2513
2496
2497
2498
2499
2496
2497
2518
2496
2498
2501
2503
2519
2505
2503
2504
2505
2503
2504
2507
2503
2505
2504
2505
2509
2511
2510
2511
2512
2510
2511
2510
2512
2511
2512
2514
2519
2522
2515
2517
2522
2516
2522
2541
2517
2518
2542
2519
2543
2519
2521
2526
2522
2524
2523
2524
2525
2541
2544
2546
2526
2526
2529
2530
2529
2533
2532
2536
2531
2532
2533
2533
2537
2539
2535
2540
2536
2538
2537
2538
2539
2540
2540
2542
2544
2543
2545
2547
2545
2546
2547
2547
2549
2553
2576
2550
2554
2579
2552
2580
2552
2553
2554
2555
2554
2556
2557
2557
2559
2557
2560
2561
2559
2560
2561
2562
2561
2563
2564
2564
2566
2564
2567
2568
2566
2567
2568
2568
2570
2572
2571
2573
2575
2578
2573
2574
2575
2575
2581
2582
2577
2579
2578
2581
2579
2582
2580
2582
2582
2585
2622
2623
2587
2622
2752
2624
2611
2612
2616
2617
2624
2625
2608
2611
2613
2615
2591
2604
2607
2598
2599
2600
2592
2593
2596
2613
2597
2600
2602
2603
2614
2595
2596
2597
2595
2596
2598
2605
2601
2602
2607
2601
2602
2603
2601
2602
2601
2603
2602
2603
2606
2607
2606
2607
2611
2612
2613
2610
2612
2617
2613
2616
2614
2615
2616
2617
2618
2617
2620
2619
2620
2694
2621
2736
2621
2738
2740
2624
2675
2676
2677
2678
2775
2776
2777
2778
2628
2673
2674
2677
2678
2733
2734
2736
2737
2740
2741
2738
2739
2740
2741
2749
2752
2630
2632
2646
2647
2649
2633
2635
2637
2660
2661
2664
2699
2635
2636
2638
2639
2637
2640
2672
2673
2675
2681
2682
2685
2732
2645
2646
2647
2632
2652
2653
2654
2652
2654
2656
2659
2660
2661
2697
2637
2640
2666
2667
2668
2698
2636
2638
2639
2638
2666
2668
2670
2700
2639
2673
2674
2680
2681
2682
2701
2672
2687
2688
2689
2643
2675
2679
2682
2684
2685
2703
2756
2775
2676
2686
2689
2691
2692
2757
2776
2648
2649
2650
2651
2648
2650
2649
2650
2648
2649
2652
2655
2656
2655
2656
2657
2655
2656
2655
2657
2656
2657
2662
2663
2664
2665
2662
2663
2719
2662
2664
2663
2664
2666
2721
2669
2723
2670
2669
2670
2671
2669
2670
2726
2669
2671
2680
2727
2670
2671
2681
2729
2683
2674
2676
2688
2689
2692
2674
2677
2678
2676
2677
2733
2678
2678
2734
2683
2684
2685
2686
2761
2683
2684
2743
2762
2683
2685
2688
2684
2685
2745
2690
2763
2747
2764
2692
2690
2691
2692
2768
2690
2691
2769
2690
2692
2691
2692
2770
2771
2705
2706
2707
2779
2702
2735
2736
2738
2696
2697
2712
2713
2714
2699
2712
2714
2716
2699
2719
2720
2721
2700
2701
2726
2727
2728
2700
2720
2721
2724
2726
2728
2730
2732
2732
2743
2744
2745
2704
2707
2709
2710
2780
2782
2733
2737
2742
2745
2747
2748
2782
2708
2709
2710
2790
2708
2709
2785
2791
2708
2710
2709
2710
2786
2794
2789
2795
2715
2716
2717
2715
2716
2715
2717
2719
2716
2717
2720
2722
2722
2723
2724
2725
2722
2723
2722
2724
2723
2724
2726
2729
2730
2729
2730
2731
2729
2730
2729
2731
2743
2730
2731
2744
2746
2733
2744
2745
2748
2734
2737
2739
2774
2782
2737
2740
2741
2775
2739
2740
2741
2773
2741
2777
2746
2747
2748
2790
2746
2747
2792
2746
2748
2747
2748
2794
2796
2750
2797
2751
2798
2799
2754
2773
2777
2778
2797
2756
2758
2760
2764
2793
2772
2773
2778
2757
2758
2765
2767
2768
2757
2758
2761
2764
2774
2782
2765
2768
2771
2772
2759
2761
2760
2763
2767
2762
2781
2763
2764
2768
2763
2764
2792
2770
2796
2766
2771
2767
2769
2770
2770
2771
2770
2771
2774
2776
2774
2777
2775
2776
2777
2778
2778
2784
2785
2786
2783
2786
2788
2789
2791
2792
2793
2790
2793
2795
2796
2787
2788
2789
2787
2788
2787
2789
2788
2789
2794
2795
2796
2794
2795
2794
2796
2795
2796
2798
2799
2801
2814
2922
2925
2926
3046
3913
2802
2816
2929
2932
2933
3053
3916
2936
2937
2938
2941
3060
3771
3919
2821
2839
2840
3806
2828
2842
2843
2851
3811
2835
2845
2847
2861
3777
2822
2840
2849
2955
2825
2839
2850
2851
3808
2826
2849
2850
2853
2957
2829
2842
2853
2854
2959
2811
2832
2846
2855
2857
2833
2858
2859
2961
2836
2845
2859
2963
2966
2838
2860
2861
3804
3820
2922
2923
2925
3564
2820
2823
2866
2867
2868
2869
2923
3784
2925
2929
2930
2932
3587
2823
2827
2830
2886
2887
2888
2889
2930
3788
2837
2936
2939
2942
3595
3903
2830
2834
2837
2906
2907
2908
2909
2939
3792
2824
2871
2872
2924
2979
2980
4800
2863
2864
2867
3833
2864
2870
2872
2977
2824
2876
2877
2878
2879
2927
3786
2827
2881
2882
2928
2983
4793
4804
2863
2873
2874
2878
3839
2870
2873
2880
2881
2981
2831
2891
2892
2931
2986
2987
4801
2874
2883
2884
2887
3846
2880
2883
2890
2892
2984
2831
2896
2897
2898
2899
2934
3790
2834
2901
2902
2935
2990
4794
4807
2833
2893
2895
2899
2904
2900
2902
2910
2988
2911
2912
2940
2947
2993
2994
4802
2903
2905
2909
2914
3793
2903
2910
2911
2991
2996
2916
2917
2918
2919
2947
3783
3794
2913
2914
2917
3867
3889
2841
2863
3807
2841
2864
2849
2850
2865
2844
2852
2883
2844
2856
2884
3813
2854
2857
2885
2846
2862
2903
2847
2859
2904
2855
2905
3818
2860
2920
2969
3803
3804
2870
2956
2852
2873
2852
2874
3810
2853
2875
2880
2958
2858
2890
2960
2856
2893
3776
2857
2894
3816
2858
2895
2900
2962
2910
2964
2862
2913
2943
2862
2914
3821
2915
2966
2865
2868
3834
2865
2869
2866
2870
2873
2868
2869
2871
2876
2868
2869
3836
2878
3837
2872
2871
2978
2872
2881
2980
2979
2875
2876
2875
2877
3841
2879
2880
2883
2878
2879
2881
2878
2879
2887
3843
3844
2882
2888
2882
2982
2882
4793
2892
2983
2885
2888
2885
2889
2894
3848
2886
2890
2895
2888
2889
2891
2896
2888
2889
3850
2892
2898
3852
2891
2900
2985
2892
2901
2987
2986
2894
2897
2905
3791
2895
2898
3855
2896
2900
2898
2899
2901
2898
2899
2907
3857
3858
2902
2908
2901
2989
2902
4794
2912
2990
2904
2906
2915
2905
2908
2910
2907
3861
2908
2909
2911
2916
2908
2909
3864
2912
2918
3866
2912
2992
2912
2994
2998
2993
2915
2919
2920
2948
2915
2918
3868
2916
2996
2918
2919
2998
2918
2919
3871
3891
3872
2921
3001
2921
3003
3888
3889
3007
3783
3890
3891
2924
2926
4486
2924
2927
3566
2928
4737
2926
2927
3568
2928
2929
4739
2928
2930
3570
2931
4741
2931
2933
4489
2931
2934
3589
2935
4751
2933
2934
2937
3590
2935
2938
4753
2935
2939
3591
2940
4755
2937
2941
3596
3904
2938
2939
3597
2940
2941
4492
2940
3598
2942
4765
2942
3905
4767
2947
3906
4769
2948
2965
2966
2969
2950
2968
2969
2972
3803
2952
2971
2972
3829
2954
2971
2974
2975
2949
2998
2999
3000
3001
4810
2995
2996
3001
3003
2951
3005
3006
3007
3008
3025
3783
3906
3002
3003
3005
3010
3888
2953
3012
3013
3014
3015
3782
3801
3009
3010
3015
3893
3019
3020
3021
3022
3025
3009
3016
3017
3020
2956
2977
4795
2957
2978
4811
2958
2981
4798
2959
2982
4821
2960
2984
4796
2962
2985
4815
2962
2964
2988
4799
2989
4823
2964
2967
2991
4797
2992
4818
2967
2970
2995
3024
2967
2996
2997
3031
2970
2973
3002
3023
2970
3003
3004
3029
2973
3009
2973
3010
3831
2975
3011
2976
3016
2976
3017
3023
3018
3028
2978
2979
4803
2980
2981
4828
2980
4832
4793
4833
2982
4793
4805
2983
2984
4836
2986
4793
4839
2985
2986
4806
2987
2989
4843
2987
4846
4794
4848
2989
2990
2992
4808
4794
4849
2993
4794
4853
2992
2994
2997
4809
2993
4857
2994
4860
3000
4862
2997
2999
3004
3026
2997
2998
3000
3032
3000
3001
3000
3001
3006
3033
3034
3007
3004
3008
3011
3027
3004
3007
3006
3036
3007
3008
3012
3890
3007
3008
3039
3014
3041
3011
3013
3011
3012
3895
3014
3017
3014
3015
3896
3014
3015
3020
3021
3899
3018
3022
3018
3021
3027
3019
3035
3021
3022
3038
3021
3022
3041
3027
3028
3029
3026
3029
3031
4826
3038
3039
3040
3041
4527
4810
3032
3033
3036
4863
3035
3036
3041
3030
3035
4482
3030
3036
3037
4585
4826
3032
4797
4827
3034
4809
4864
3034
3039
4810
4866
4810
4862
4865
3037
3038
4528
3037
3039
3040
4702
4863
3040
3041
4704
3040
3041
4706
4866
3043
3047
3049
3044
3048
3050
3045
3051
3252
3550
3553
3554
3046
3052
3253
3557
3560
3561
3053
3254
3564
3567
3568
3048
3054
3156
3055
3252
3551
3553
3555
3574
3575
3576
3577
3050
3054
3056
3051
3055
3057
3052
3058
3157
3627
3629
3632
3053
3059
3259
3580
3581
3582
3060
3260
3586
3587
3590
3055
3061
3158
3062
3159
3212
3214
3215
3627
3628
3632
3633
3057
3061
3063
3058
3062
3064
3059
3065
3076
3622
3623
3626
3060
3066
3488
3606
3610
3611
3067
3263
3592
3596
3597
3062
3068
3077
3069
3078
3178
3180
3181
3623
3624
3625
3626
3064
3068
3065
3069
3066
3193
3194
3195
3196
3067
3199
3200
3201
3202
3613
3614
3617
3619
3771
3069
3082
3080
3083
3192
3193
3194
3205
3206
3207
3093
3098
3099
3111
3509
3101
3102
3105
3187
3503
3088
3098
3104
3105
3108
3092
3107
3108
3110
3075
3096
3110
3111
3097
3113
3115
3610
3620
3622
3623
3629
3078
3082
3158
3177
3180
3182
3634
3177
3178
3180
3212
3116
3118
3174
3184
3185
3190
3089
3191
3192
3193
3094
3191
3198
3199
3203
3083
3206
3209
3210
3636
3205
3206
3209
3086
3087
3089
3117
3192
3207
3086
3094
3136
3137
3138
3139
3203
3491
3495
3090
3118
3122
3123
3124
3125
3197
3091
3116
3119
3121
3122
3124
3211
3638
3656
3657
3658
3119
3120
3125
3127
3133
3090
3091
3205
3094
3129
3130
3131
3132
3191
3126
3128
3129
3132
3208
3648
3663
3664
3665
3126
3127
3130
3140
3133
3134
3136
3141
3529
3095
3143
3144
3145
3146
3150
3151
3152
3153
3198
3495
3498
3097
3140
3141
3146
3147
3149
3153
3100
3112
3133
3100
3134
3484
3511
3105
3135
3503
3103
3106
3188
3643
3103
3155
3186
3505
3164
3185
3650
3106
3109
3119
3638
3106
3120
3121
3657
3109
3126
3648
3109
3112
3127
3128
3664
3112
3140
3112
3115
3141
3142
3114
3147
3487
3115
3148
3486
3513
3149
3509
3117
3173
3183
3185
3188
3190
3643
3649
3650
3651
3118
3175
3181
3625
3176
3184
3189
3190
3491
3621
3121
3122
3128
3121
3123
3135
3187
3124
3188
3124
3125
3129
3124
3125
3137
3189
3190
3131
3139
3128
3132
3128
3131
3142
3129
3131
3132
3131
3132
3144
3145
3135
3139
3142
3135
3138
3493
3531
3137
3515
3138
3139
3143
3532
3138
3139
3519
3521
3534
3145
3142
3144
3142
3143
3149
3145
3145
3146
3150
3145
3146
3153
3148
3151
3499
3149
3152
3496
3544
3150
3529
3152
3153
3532
3152
3153
3547
3535
3548
3161
3163
3165
3168
3341
3164
3165
3228
3311
3158
3255
3571
3574
3576
3670
3554
3581
3627
3629
3631
3159
3212
3213
3217
3672
3212
3214
3217
3576
3167
3171
3173
3216
3219
3220
3224
3225
3691
3745
3746
3747
3162
3166
3219
3745
3163
3220
3336
3747
3221
3337
3342
3166
3227
3675
3166
3229
3313
3230
3740
3169
3218
3271
3356
3600
3603
3605
3674
3731
3732
3733
3219
3221
3222
3229
3427
3170
3171
3214
3269
3628
3172
3261
3270
3602
3603
3604
3605
3631
3172
3175
3215
3633
3176
3222
3223
3224
3225
3286
3630
3174
3175
3179
3227
3230
3232
3675
3738
3739
3740
3176
3226
3227
3232
3176
3178
3624
3226
3231
3232
3264
3620
3179
3182
3213
3635
3179
3181
3215
3183
3216
3693
3181
3182
3206
3183
3207
3183
3210
3640
3211
3641
3186
3189
3226
3520
3186
3188
3227
3187
3228
3517
3188
3189
3515
3190
3190
3519
3195
3197
3194
3197
3625
3194
3195
3196
3626
3196
3199
3197
3201
3622
3203
3621
3200
3204
3618
3200
3201
3202
3619
3202
3203
3611
3204
3606
3614
3204
3612
3495
3607
3615
3207
3208
3207
3210
3211
3209
3211
3647
3210
3646
3211
3637
3644
3213
3215
3216
3217
3686
3215
3218
3577
3216
3218
3687
3218
3255
3673
3573
3683
3220
3225
3230
3221
3224
3600
3223
3428
3601
3223
3225
3231
3431
3224
3432
3604
3225
3605
3232
3228
3231
3461
3228
3230
3229
3455
3230
3231
3457
3232
3232
3459
3274
3299
3300
3318
3280
3302
3303
3324
3284
3305
3306
3327
3335
3290
3308
3309
3333
3338
3294
3311
3312
3350
3504
3296
3314
3315
3354
3817
3268
3317
3318
3757
3272
3317
3320
3321
3763
3275
3300
3323
3324
3278
3299
3320
3326
3327
3279
3323
3326
3329
3330
3282
3302
3329
3332
3333
3321
3335
3336
3356
3731
3285
3305
3330
3338
3339
3288
3312
3341
3343
3344
3289
3344
3346
3347
3351
3292
3315
3347
3349
3814
3295
3314
3350
3351
3507
3298
3353
3354
3501
3778
3550
3551
3553
3550
3557
3558
3560
3557
3564
3565
3567
3571
3573
3576
3678
3266
3267
3269
3551
3575
3266
3273
3276
3374
3375
3376
3377
3558
3273
3281
3402
3403
3404
3405
3565
3784
3260
3488
3578
3580
3582
3263
3585
3586
3590
3276
3283
3286
3416
3417
3418
3419
3583
3281
3283
3291
3444
3445
3446
3447
3588
3788
3488
3592
3594
3597
3286
3293
3458
3459
3460
3461
3491
3609
3291
3293
3297
3472
3473
3474
3475
3594
3792
3270
3360
3361
3362
3363
3552
3268
3271
3357
3360
3363
3572
3752
3756
3757
3758
3357
3358
3363
3270
3271
3555
3577
3276
3367
3368
3369
3370
3556
3272
3365
3367
3370
3573
3755
3763
3764
3765
3357
3364
3365
3367
3277
3381
3382
3383
3384
3559
3358
3371
3372
3375
3372
3378
3379
3384
3277
3388
3389
3390
3391
3562
3281
3283
3395
3396
3397
3398
3563
3364
3371
3385
3386
3390
3378
3385
3392
3393
3395
3379
3399
3400
3403
3409
3410
3411
3412
3569
3786
3392
3399
3406
3407
3411
3287
3423
3424
3425
3426
3584
3386
3413
3414
3417
3599
3393
3413
3420
3421
3425
3287
3430
3431
3432
3433
3579
3291
3293
3437
3438
3439
3440
3578
3427
3429
3433
3434
3456
3434
3436
3438
3448
3463
3407
3420
3441
3442
3445
3451
3452
3453
3454
3585
3790
3448
3450
3454
3470
3853
3465
3466
3467
3468
3492
3608
3455
3456
3458
3462
3516
3462
3463
3468
3469
3523
3469
3470
3472
3477
3860
3479
3480
3481
3482
3490
3492
3593
3794
3476
3477
3482
3537
3795
3301
3319
3371
3301
3372
3323
3326
3373
3304
3325
3399
3304
3400
3773
3332
3401
3805
3307
3328
3413
3307
3337
3342
3414
3339
3343
3415
3310
3334
3441
3775
3310
3340
3348
3442
3349
3443
3812
3313
3455
3505
3313
3352
3456
3341
3457
3316
3355
3469
3316
3470
3819
3347
3351
3471
3319
3357
3758
3319
3358
3320
3359
3322
3364
3322
3365
3765
3327
3335
3366
3325
3378
3325
3379
3329
3380
3328
3385
3328
3386
3330
3387
3331
3392
3331
3393
3333
3338
3394
3334
3406
3774
3334
3407
3408
3809
3337
3599
3337
3600
3733
3601
3340
3420
3340
3345
3421
3346
3422
3342
3427
3343
3428
3345
3429
3345
3352
3434
3346
3435
3348
3436
3348
3448
3349
3449
3450
3815
3352
3462
3508
3352
3463
3464
3355
3476
3485
3502
3355
3477
3822
3478
3507
3365
3599
3600
3603
3359
3360
3359
3361
3362
3364
3371
3362
3363
3367
3362
3363
3375
3369
3376
3366
3369
3366
3370
3368
3386
3599
3369
3370
3369
3370
3389
3602
3390
3603
3373
3376
3373
3377
3374
3378
3385
3376
3377
3381
3388
3376
3377
3390
3384
3380
3381
3380
3382
3383
3392
3399
3383
3384
3395
3383
3384
3403
3397
3404
3387
3388
3387
3389
3391
3393
3413
3390
3391
3395
3390
3391
3417
3398
3418
3394
3397
3394
3398
3396
3407
3420
3397
3398
3397
3398
3410
3424
3411
3425
3401
3404
3401
3405
3785
3402
3406
3832
3404
3405
3409
3835
3404
3405
3411
3838
3408
3409
3787
3408
3410
3412
3441
3840
3411
3412
3842
3411
3412
3445
3446
3845
3415
3418
3415
3419
3428
3601
3416
3421
3429
3418
3419
3423
3430
3418
3419
3602
3425
3432
3604
3422
3424
3422
3423
3435
3426
3436
3442
3425
3426
3437
3425
3426
3445
3439
3447
3428
3431
3457
3429
3432
3430
3435
3432
3433
3437
3432
3433
3459
3440
3460
3435
3440
3464
3436
3437
3439
3449
3439
3440
3439
3440
3452
3466
3453
3467
3443
3446
3789
3443
3447
3449
3444
3450
3847
3446
3447
3451
3849
3446
3447
3851
3453
3449
3452
3471
3450
3453
3451
3854
3453
3454
3856
3453
3454
3473
3474
3859
3457
3461
3517
3457
3460
3464
3459
3460
3461
3465
3518
3460
3461
3467
3520
3464
3465
3524
3464
3466
3471
3467
3467
3468
3525
3467
3468
3473
3475
3527
3471
3475
3478
3471
3474
3862
3473
3474
3475
3479
3863
3474
3475
3865
3481
3478
3480
3494
3538
3478
3479
3869
3481
3523
3481
3482
3870
3481
3482
3526
3540
3527
3541
3873
3486
3497
3500
3502
3513
3493
3503
3504
3506
3494
3506
3507
3510
3496
3509
3510
3499
3512
3513
3606
3608
3610
3613
3616
3618
3798
3901
3495
3498
3539
3540
3541
3542
3615
3796
3492
3518
3519
3520
3521
3612
3495
3525
3526
3527
3528
3607
3515
3516
3521
3522
3522
3523
3526
3530
3532
3533
3534
3535
3497
3529
3530
3535
3536
3538
3542
3544
3546
3547
3548
3549
3618
3798
3543
3544
3547
3501
3514
3536
3779
3502
3537
3824
3510
3538
3505
3515
3505
3508
3516
3517
3508
3511
3522
3508
3523
3524
3511
3529
3511
3530
3531
3514
3543
3780
3514
3544
3545
3827
3517
3519
3517
3518
3524
3520
3520
3521
3525
3520
3521
3528
3524
3528
3531
3524
3527
3525
3527
3528
3527
3528
3533
3534
3531
3532
3531
3533
3538
3534
3534
3535
3534
3535
3540
3542
3537
3539
3545
3797
3538
3541
3875
3540
3541
3542
3546
3877
3541
3542
3879
3548
3545
3549
3799
3545
3548
3546
3882
3548
3549
3884
3548
3549
3887
3552
3554
3552
3555
3556
3558
3554
3555
3627
3556
3560
3556
3628
3562
3631
3559
3561
3559
3562
3563
3565
3561
3562
3581
3563
3567
3582
3563
3583
3569
3584
3566
3568
3566
3569
3570
3784
3568
3569
3586
3570
3587
3570
3588
3589
3786
3572
3574
3671
3573
3575
3753
3577
3754
3575
3576
3577
3577
3579
3584
3585
3608
3580
3583
3609
3630
3581
3610
3629
3582
3583
3584
3586
3584
3631
3588
3588
3591
3594
3587
3588
3589
3590
3589
3591
3788
3591
3597
3598
3790
3593
3596
3606
3614
3594
3595
3607
3615
3598
3608
3596
3598
3616
3794
3597
3617
3598
3792
3601
3602
3601
3605
3604
3603
3604
3605
3605
3607
3611
3608
3612
3609
3610
3612
3620
3611
3612
3622
3621
3617
3619
3902
3615
3617
3619
3616
3618
3617
3796
3903
3904
3619
3621
3624
3630
3622
3625
3626
3624
3626
3632
3625
3633
3626
3628
3632
3631
3633
3630
3632
3631
3633
3633
3635
3636
3639
3640
3642
3672
3639
3640
3686
3693
3637
3645
3646
3770
3640
3644
3645
3646
3656
3657
3659
3664
3642
3688
3694
3641
3642
3644
3649
3651
3653
3654
3693
3645
3649
3650
3655
3657
3647
3656
3658
3660
3662
3770
3647
3770
3663
3665
3667
3668
3663
3664
3669
3651
3653
3658
3651
3652
3675
3654
3738
3654
3655
3741
3654
3655
3660
3744
3661
3658
3662
3665
3658
3661
3660
3661
3662
3666
3661
3662
3668
3665
3667
3665
3666
3668
3668
3669
3668
3669
3671
3672
3676
3678
3679
3676
3678
3753
3673
3684
3686
3688
3678
3683
3684
3686
3683
3731
3732
3735
3764
3738
3740
3741
3677
3679
3680
3681
3697
3699
3700
3753
3679
3754
3680
3684
3682
3685
3704
3705
3707
3754
3697
3698
3699
3690
3704
3705
3706
3685
3687
3732
3735
3737
3754
3685
3688
3689
3690
3711
3713
3715
3687
3688
3689
3691
3693
3746
3749
3750
3689
3692
3694
3718
3719
3721
3711
3712
3713
3739
3745
3746
3749
3695
3718
3719
3720
3694
3738
3739
3742
3744
3695
3725
3727
3729
3725
3726
3727
3700
3701
3702
3703
3759
3700
3702
3760
3701
3702
3700
3701
3704
3707
3761
3708
3762
3707
3708
3709
3766
3707
3708
3707
3709
3711
3767
3708
3709
3712
3768
3714
3769
3714
3715
3716
3717
3734
3714
3715
3735
3714
3716
3715
3716
3718
3736
3721
3737
3722
3721
3722
3723
3748
3721
3722
3721
3723
3725
3749
3722
3723
3726
3750
3728
3751
3728
3729
3730
3741
3728
3729
3742
3728
3730
3729
3730
3743
3744
3733
3736
3765
3733
3737
3746
3734
3747
3736
3737
3748
3736
3737
3767
3769
3750
3739
3744
3740
3742
3743
3745
3743
3744
3743
3744
3749
3751
3747
3751
3747
3750
3748
3750
3751
3750
3751
3753
3756
3757
3760
3754
3756
3760
3761
3755
3764
3767
3768
3756
3763
3764
3768
3758
3761
3758
3762
3759
3763
3761
3762
3766
3761
3762
3768
3765
3766
3765
3767
3769
3768
3769
3768
3769
3900
3902
3904
3905
3800
3803
3804
3823
3830
3785
3805
3806
3787
3805
3808
3809
3789
3809
3811
3812
3791
3814
3816
3818
3793
3817
3818
3821
3795
3820
3822
3824
3797
3823
3824
3827
3799
3826
3827
3802
3826
3829
3830
3900
3901
3906
3796
3801
3890
3891
3892
3903
3786
3835
3836
3837
3838
3832
3833
3838
3788
3842
3843
3844
3845
3832
3839
3840
3842
3790
3849
3850
3851
3852
3840
3846
3847
3851
3792
3856
3857
3858
3859
3853
3855
3857
3861
3794
3863
3864
3865
3866
3860
3861
3866
3868
3796
3870
3871
3872
3873
3867
3869
3873
3875
3798
3877
3878
3879
3880
3874
3875
3877
3882
3801
3884
3885
3886
3887
3881
3882
3887
3874
3888
3889
3892
3894
3896
3897
3898
3899
3901
3881
3893
3894
3897
3831
3888
3825
3889
3807
3832
3807
3833
3808
3834
3810
3839
3810
3840
3811
3841
3813
3846
3813
3815
3847
3816
3848
3815
3819
3853
3816
3854
3855
3819
3822
3860
3819
3861
3862
3821
3825
3867
3822
3868
3869
3825
3828
3874
3825
3875
3876
3828
3881
3828
3882
3830
3883
3831
3893
3831
3894
3895
3834
3835
3834
3836
3837
3839
3837
3838
3842
3837
3838
3844
3841
3844
3841
3845
3843
3846
3844
3845
3844
3845
3850
3851
3848
3850
3848
3849
3854
3852
3855
3851
3852
3856
3851
3852
3858
3854
3859
3862
3855
3856
3858
3858
3859
3858
3859
3864
3865
3862
3863
3869
3862
3864
3865
3865
3866
3870
3865
3866
3872
3868
3871
3876
3869
3872
3870
3872
3873
3872
3873
3878
3879
3876
3880
3883
3876
3879
3878
3889
3879
3880
3884
3879
3880
3891
3886
3892
3883
3885
3883
3884
3886
3894
3886
3887
3886
3887
3897
3898
3890
3895
3891
3892
3896
3892
3898
3895
3899
3895
3898
3896
3898
3899
3898
3899
3902
3905
3902
3903
3904
3904
3906
3905
3906
3912
3924
4867
4868
4872
3910
3915
3926
4377
4378
4379
4868
4869
4871
4873
3911
3918
3934
4395
4396
4397
3912
3921
3940
4409
4410
4411
3923
3946
4423
4425
4427
3914
3916
4486
4736
4739
4740
3915
3917
4487
4743
4746
4747
3918
3925
4370
4371
4374
3917
3919
4489
4750
4753
4754
3918
3920
4490
4757
4760
4761
3921
3933
4388
4389
4392
3920
4492
4764
4767
4768
3921
3922
4493
4771
4774
4775
3923
3939
4402
4403
4406
3923
4781
4782
4783
4784
3945
4417
4418
4420
3946
4061
4063
4424
4425
4426
4370
4374
4376
4378
4388
4377
4378
4383
4384
4395
3951
3954
4065
4066
4068
4070
4372
4501
3951
3958
3961
4092
4093
4096
4098
4380
3958
3966
4120
4122
4386
3952
4036
4037
4436
3959
3968
4039
4040
3965
3971
4042
4388
4392
4394
4396
4402
4395
4396
4401
4409
3954
3975
3978
4146
4147
4149
4150
4390
4510
3961
3975
3982
3985
4173
4174
4177
4178
4398
3976
4043
4044
4129
4432
3972
3983
3989
4046
4047
4402
4406
4408
4410
4417
4409
4410
4415
4423
3978
3995
3998
4219
4220
4223
4224
4404
4520
3985
3995
4002
4005
4247
4248
4251
4252
4412
3996
4049
4050
4204
4576
3993
4003
4009
4052
4053
4416
4417
4418
4425
4423
4424
4425
3998
4015
4018
4293
4294
4297
4298
4421
4529
4005
4015
4022
4025
4321
4322
4325
4326
4428
4010
4016
4055
4056
4589
4013
4023
4029
4058
4059
3955
4071
4072
4075
4077
4373
4064
4066
4067
4445
3959
3968
4072
4073
4074
3955
4079
4080
4082
4084
4375
4504
3961
3975
4085
4087
4089
4091
4376
3969
4064
4078
4082
4083
4434
3963
3970
3977
4086
4087
4088
3962
4099
4100
4103
4105
4381
4093
4094
4095
3965
3971
4100
4101
4102
3962
4106
4108
4110
4112
4382
3966
3982
4113
4115
4117
4119
4383
3972
3983
4107
4108
4109
3967
3973
3984
4114
4115
4116
4120
4121
4124
4125
4387
3974
4123
4124
4126
4127
4036
4129
4131
4431
3972
3989
4132
4133
4135
4136
4138
4139
3974
3992
4141
4142
4144
3979
4152
4153
4156
4157
4391
4078
4145
4147
4148
4435
3983
3989
4153
4154
4155
3979
4160
4161
4163
4165
4393
4513
3985
3995
4166
4168
4170
4172
4394
3990
4145
4159
4163
4164
4653
3987
3991
3997
4167
4168
4169
3986
4180
4181
4184
4185
4399
4174
4175
4176
3992
4181
4182
4183
3986
4187
4189
4191
4193
4400
4002
4194
4196
4198
4200
4401
3993
4003
4188
4189
4190
3994
4004
4195
4196
4197
4201
4202
4043
4204
4206
4567
3993
4009
4207
4208
4210
4211
4213
4214
4012
4216
4217
3999
4226
4227
4230
4231
4405
4159
4220
4221
4222
4681
4003
4009
4227
4228
4229
3999
4233
4235
4237
4239
4407
4524
4005
4015
4240
4242
4244
4246
4408
4010
4016
4234
4235
4236
4694
4007
4011
4017
4241
4242
4243
4006
4254
4255
4258
4259
4413
4248
4249
4250
4012
4255
4256
4257
4006
4261
4263
4265
4267
4414
4022
4268
4270
4272
4274
4415
4013
4023
4262
4263
4264
4014
4024
4269
4270
4271
4275
4276
4278
4279
4581
4013
4029
4281
4282
4284
4285
4287
4288
4032
4290
4291
4019
4300
4301
4304
4305
4422
4294
4295
4296
4717
4023
4029
4301
4302
4303
4019
4307
4309
4311
4313
4419
4533
4025
4314
4316
4318
4320
4416
4030
4308
4309
4310
4729
4027
4031
4315
4316
4317
4026
4328
4329
4332
4333
4429
4322
4323
4324
4032
4329
4330
4331
4026
4335
4337
4339
4341
4426
4061
4342
4344
4346
4348
4424
4033
4336
4337
4338
4034
4062
4343
4344
4345
4349
4350
4352
4353
4593
4033
4355
4356
4358
4359
4361
4362
4035
4364
4365
4062
4367
4368
4790
4038
4064
4437
4038
4067
4126
4069
4128
4131
4041
4094
4135
4041
4095
4127
4138
4097
4137
4140
4121
4136
4144
4045
4145
4443
4045
4130
4148
4201
4151
4203
4206
4048
4139
4175
4210
4048
4176
4202
4213
4179
4212
4215
4051
4205
4221
4275
4051
4222
4278
4577
4225
4277
4280
4054
4214
4249
4284
4054
4250
4276
4287
4253
4286
4289
4057
4279
4295
4349
4057
4296
4352
4587
4299
4351
4354
4060
4288
4323
4358
4060
4324
4350
4361
4327
4360
4363
4062
4063
4344
4345
4348
4367
4368
4369
4788
4788
4068
4069
4446
4068
4069
4070
4071
4079
4068
4070
4449
4069
4070
4073
4082
4450
4076
4083
4077
4075
4076
4077
4085
4075
4077
4093
4076
4077
4126
4075
4076
4086
4095
4127
4089
4096
4090
4128
4080
4081
4129
4453
4082
4083
4084
4085
4082
4084
4147
4456
4083
4084
4088
4130
4148
4457
4090
4131
4091
4149
4089
4090
4091
4089
4090
4107
4132
4089
4091
4108
4153
4090
4091
4133
4154
4110
4134
4156
4096
4097
4098
4099
4106
4096
4098
4097
4098
4101
4096
4097
4107
4110
4104
4111
4105
4103
4104
4105
4113
4103
4105
4120
4104
4105
4135
4103
4104
4114
4121
4136
4117
4122
4118
4137
4110
4111
4112
4113
4110
4111
4138
4110
4112
4174
4111
4112
4116
4139
4175
4118
4140
4119
4177
4117
4118
4119
4117
4118
4123
4141
4117
4119
4124
4181
4118
4119
4142
4182
4125
4143
4184
4122
4122
4123
4125
4125
4144
4125
4128
4128
4132
4134
4130
4440
4131
4133
4134
4134
4138
4134
4201
4137
4137
4141
4143
4140
4140
4142
4143
4143
4144
4143
4210
4150
4151
4460
4149
4150
4151
4152
4160
4149
4150
4463
4149
4151
4154
4156
4163
4465
4158
4164
4156
4157
4158
4166
4156
4157
4174
4156
4158
4201
4157
4158
4167
4176
4202
4170
4178
4171
4203
4161
4162
4204
4654
4163
4164
4165
4166
4163
4165
4220
4656
4164
4165
4169
4205
4221
4657
4171
4206
4172
4223
4170
4171
4172
4170
4171
4188
4207
4170
4172
4189
4227
4171
4172
4208
4228
4191
4209
4230
4177
4178
4179
4180
4187
4177
4178
4177
4179
4182
4178
4179
4188
4184
4191
4186
4192
4184
4185
4186
4194
4184
4185
4184
4186
4210
4185
4186
4195
4211
4198
4199
4212
4191
4192
4193
4194
4191
4192
4213
4191
4193
4248
4192
4193
4197
4214
4249
4199
4215
4200
4251
4198
4199
4200
4198
4199
4216
4198
4200
4255
4199
4200
4217
4256
4218
4258
4203
4203
4207
4209
4205
4568
4206
4208
4209
4209
4213
4209
4275
4212
4212
4216
4218
4215
4215
4217
4218
4218
4218
4284
4223
4224
4225
4226
4233
4223
4224
4684
4223
4225
4228
4224
4225
4234
4682
4230
4237
4686
4232
4238
4230
4231
4232
4240
4230
4231
4248
4230
4232
4275
4231
4232
4241
4250
4276
4244
4252
4245
4277
4237
4238
4239
4240
4237
4238
4278
4696
4237
4239
4294
4698
4238
4239
4243
4279
4295
4699
4245
4280
4246
4297
4244
4245
4246
4244
4245
4262
4281
4244
4246
4263
4301
4245
4246
4282
4302
4265
4283
4304
4251
4252
4253
4254
4261
4251
4252
4251
4253
4256
4252
4253
4262
4258
4265
4260
4266
4258
4259
4260
4268
4258
4259
4258
4260
4284
4259
4260
4269
4285
4272
4273
4286
4265
4266
4267
4268
4265
4266
4287
4265
4267
4322
4266
4267
4271
4288
4323
4273
4289
4274
4325
4272
4273
4274
4272
4273
4290
4272
4274
4329
4273
4274
4291
4330
4292
4332
4277
4277
4281
4283
4280
4583
4280
4282
4283
4283
4287
4283
4349
4286
4286
4290
4292
4289
4289
4291
4292
4292
4292
4358
4297
4298
4299
4300
4307
4297
4298
4719
4297
4299
4302
4298
4299
4308
4715
4304
4311
4721
4306
4312
4304
4305
4306
4314
4304
4305
4322
4304
4306
4349
4305
4306
4315
4324
4350
4318
4326
4319
4351
4311
4312
4313
4314
4311
4312
4352
4731
4311
4313
4733
4312
4313
4317
4353
4734
4319
4354
4320
4318
4319
4320
4318
4319
4336
4355
4318
4320
4337
4319
4320
4356
4339
4357
4325
4326
4327
4328
4335
4325
4326
4325
4327
4330
4326
4327
4336
4332
4339
4334
4340
4332
4333
4334
4342
4332
4333
4332
4334
4358
4333
4334
4343
4359
4346
4347
4360
4339
4340
4341
4342
4339
4340
4361
4339
4341
4340
4341
4345
4362
4347
4363
4348
4346
4347
4348
4346
4347
4364
4346
4348
4347
4348
4365
4366
4351
4351
4355
4357
4354
4595
4354
4356
4357
4357
4361
4357
4360
4360
4364
4366
4363
4363
4365
4366
4366
4366
4367
4369
4791
4369
4787
4792
4787
4789
4371
4373
4379
4372
4374
4743
4373
4375
4745
4376
4380
4375
4389
4747
4376
4390
4749
4382
4391
4379
4381
4385
4379
4382
4397
4380
4381
4382
4383
4386
4383
4398
4387
4399
4385
4387
4873
4386
4871
4387
4389
4391
4397
4390
4392
4757
4391
4393
4759
4394
4398
4393
4403
4761
4394
4404
4763
4400
4405
4397
4399
4397
4400
4411
4398
4399
4400
4401
4401
4412
4413
4403
4405
4411
4404
4406
4771
4405
4407
4773
4408
4412
4407
4420
4775
4408
4421
4777
4414
4422
4411
4413
4411
4414
4427
4412
4413
4414
4415
4415
4428
4429
4419
4422
4426
4420
4422
4427
4419
4420
4782
4421
4495
4421
4784
4422
4786
4428
4427
4429
4426
4429
4426
4427
4428
4428
4429
4433
4436
4438
4537
4434
4437
4439
4440
4435
4440
4442
4443
4445
4447
4451
4611
4446
4452
4453
4457
4453
4459
4460
4463
4437
4445
4438
4446
4439
4447
4538
4441
4452
4554
4441
4453
4442
4454
4556
4444
4459
4539
4444
4460
4567
4461
4476
4541
4446
4449
4447
4450
4448
4452
4612
4450
4451
4455
4501
4613
4450
4451
4501
4457
4501
4501
4616
4454
4455
4617
4454
4456
4458
4459
4619
4457
4458
4504
4620
4457
4458
4463
4504
4504
4464
4504
4623
4461
4464
4638
4461
4465
4653
4462
4515
4640
4464
4465
4510
4641
4655
4464
4465
4510
4510
4643
4510
4657
4502
4536
4537
4549
4511
4539
4540
4555
4557
4521
4542
4543
4569
4579
4530
4545
4546
4584
4591
4498
4548
4549
4812
4500
4548
4551
4552
4820
4505
4536
4551
4554
4555
4507
4552
4557
4558
4814
4509
4558
4560
4561
4824
4514
4540
4560
4563
4564
4515
4563
4566
4567
4517
4569
4570
4573
4817
4519
4572
4573
4585
4826
4522
4542
4575
4577
4582
4525
4546
4572
4578
4579
4526
4578
4581
4582
4588
4528
4584
4585
4531
4545
4587
4588
4594
4534
4590
4591
4535
4590
4593
4594
4736
4737
4739
4736
4743
4744
4746
4497
4501
4503
4613
4614
4615
4616
4744
4739
4750
4751
4753
4746
4750
4757
4758
4760
4503
4506
4510
4512
4641
4642
4643
4644
4758
4753
4764
4765
4767
4760
4764
4771
4772
4774
4512
4516
4520
4523
4676
4677
4678
4679
4772
4533
4780
4782
4786
4523
4527
4529
4532
4711
4712
4713
4714
4785
4499
4599
4600
4601
4602
4738
4800
4596
4597
4602
4829
4503
4506
4606
4607
4608
4609
4742
4804
4596
4603
4604
4606
4835
4504
4745
4597
4610
4611
4614
4504
4620
4621
4622
4623
4748
4510
4749
4603
4610
4617
4618
4622
4508
4627
4628
4629
4630
4752
4801
4604
4624
4625
4629
4842
4512
4516
4634
4635
4636
4637
4756
4807
4625
4631
4632
4634
4850
4513
4759
4618
4624
4638
4639
4642
4513
4648
4649
4650
4651
4762
4520
4655
4656
4657
4658
4763
4631
4639
4645
4646
4650
4645
4652
4653
4655
4518
4662
4663
4664
4665
4766
4802
4659
4660
4662
4667
4856
4523
4527
4669
4670
4671
4672
4770
4810
4666
4667
4672
4702
4863
4524
4683
4684
4685
4686
4773
4659
4673
4674
4679
4688
4673
4680
4682
4683
4695
4524
4690
4691
4692
4693
4776
4529
4697
4698
4699
4700
4777
4666
4687
4688
4691
4709
4687
4694
4695
4700
4716
4704
4705
4706
4707
4779
4701
4702
4704
4533
4718
4719
4720
4721
4786
4701
4708
4709
4714
4723
4708
4715
4716
4718
4730
4533
4725
4726
4727
4728
4780
4732
4733
4734
4735
4722
4723
4726
4722
4729
4730
4735
4538
4550
4610
4538
4611
4554
4612
4541
4556
4638
4541
4559
4639
4563
4640
4544
4580
4673
4544
4564
4571
4674
4565
4575
4675
4547
4592
4708
4547
4586
4709
4578
4588
4710
4550
4596
4813
4550
4597
4551
4598
4553
4603
4553
4604
4822
4555
4557
4605
4556
4617
4556
4618
4619
4559
4624
4559
4625
4816
4560
4626
4562
4631
4562
4570
4632
4825
4564
4571
4633
4565
4645
4565
4646
4566
4647
4568
4575
4652
4568
4653
4576
4654
4571
4574
4659
4571
4660
4819
4661
4574
4586
4666
4574
4667
4827
4579
4668
4576
4680
4577
4681
4583
4682
4580
4687
4580
4688
4582
4689
4583
4589
4694
4583
4695
4696
4586
4701
4586
4702
4703
4589
4595
4715
4589
4716
4717
4592
4722
4592
4723
4594
4724
4595
4729
4595
4730
4731
4598
4599
4830
4598
4600
4601
4603
4610
4601
4602
4606
4831
4601
4602
4614
4608
4615
4834
4605
4608
4605
4609
4837
4607
4618
4624
4608
4609
4838
4608
4609
4621
4628
4622
4629
4841
4612
4615
4612
4616
4613
4617
4615
4616
4620
4615
4616
4622
4619
4620
4619
4621
4623
4638
4622
4623
4622
4623
4642
4643
4626
4628
4626
4627
4844
4630
4631
4639
4629
4630
4634
4845
4629
4630
4642
4847
4636
4644
4633
4636
4633
4637
4660
4851
4635
4646
4661
4636
4637
4852
4636
4637
4649
4663
4650
4664
4855
4640
4643
4640
4644
4641
4645
4643
4644
4648
4643
4644
4650
4647
4648
4647
4649
4674
4651
4652
4675
4650
4651
4655
4650
4651
4677
4658
4678
4654
4658
4680
4654
4657
4656
4681
4657
4658
4657
4658
4684
4685
4661
4665
4668
4661
4664
4858
4663
4674
4664
4665
4669
4859
4664
4665
4677
4861
4671
4679
4668
4670
4703
4668
4669
4864
4671
4688
4671
4672
4865
4671
4672
4691
4705
4692
4706
4866
4675
4676
4689
4675
4677
4678
4680
4678
4679
4683
4690
4678
4679
4685
4692
4681
4685
4682
4684
4686
4696
4685
4686
4697
4685
4686
4699
4689
4693
4710
4689
4692
4690
4695
4692
4693
4697
4692
4693
4712
4700
4713
4696
4698
4717
4696
4697
4699
4699
4700
4699
4700
4719
4720
4703
4707
4703
4706
4705
4709
4706
4707
4706
4707
4712
4714
4710
4711
4724
4710
4712
4713
4716
4713
4714
4718
4725
4713
4714
4720
4727
4717
4721
4731
4717
4720
4719
4720
4721
4732
4720
4721
4734
4724
4728
4724
4727
4725
4730
4727
4728
4732
4727
4728
4735
4731
4733
4731
4732
4734
4734
4735
4734
4735
4738
4740
4738
4741
4800
4742
4744
4740
4741
4742
4746
4750
4742
4751
4804
4748
4752
4745
4747
4745
4748
4749
4747
4748
4749
4757
4749
4758
4759
4752
4754
4752
4755
4801
4756
4758
4754
4755
4756
4760
4764
4756
4765
4807
4762
4766
4759
4761
4759
4762
4763
4761
4762
4763
4771
4763
4772
4773
4766
4768
4766
4769
4802
4770
4772
4768
4769
4770
4774
4778
4770
4810
4776
4779
4773
4775
4773
4776
4777
4775
4776
4783
4777
4784
4777
4785
4786
4779
4783
4785
4781
4785
4782
4783
4784
4784
4785
4786
4786
4788
4789
4792
4791
4792
4791
4792
4840
4854
4803
4811
4812
4806
4814
4815
4821
4809
4817
4818
4805
4811
4820
4821
4808
4818
4823
4825
4804
4831
4832
4833
4834
4804
4807
4845
4846
4847
4848
4807
4810
4859
4860
4861
4862
4828
4829
4832
4838
4839
4840
4841
4828
4835
4836
4840
4836
4842
4843
4846
4852
4853
4854
4855
4849
4851
4853
4857
4856
4857
4862
4865
4866
4813
4828
4813
4829
4820
4830
4816
4822
4842
4816
4823
4843
4824
4844
4819
4827
4856
4819
4857
4825
4858
4822
4835
4822
4836
4837
4824
4849
4825
4850
4851
4827
4863
4864
4830
4833
4830
4834
4831
4835
4833
4834
4838
4833
4834
4840
4837
4838
4837
4839
4841
4842
4840
4841
4840
4841
4846
4847
4844
4847
4844
4848
4849
4845
4850
4847
4848
4852
4847
4848
4854
4850
4854
4851
4852
4855
4858
4854
4855
4854
4855
4860
4861
4858
4859
4864
4858
4860
4861
4861
4862
4865
4861
4862
4864
4866
4865
4866
4869
4870
4869
4873
4871
4871
4872
4873
4873
)


// ************************************************************************* //
