/*--------------------------------*- C++ -*----------------------------------*\
  =========                 |
  \\      /  F ield         | OpenFOAM: The Open Source CFD Toolbox
   \\    /   O peration     | Website:  https://openfoam.org
    \\  /    A nd           | Version:  9
     \\/     M anipulation  |
\*---------------------------------------------------------------------------*/
FoamFile
{
    format      ascii;
    class       volScalarField;
    location    "0.00065";
    object      impulseMax;
}
// * * * * * * * * * * * * * * * * * * * * * * * * * * * * * * * * * * * * * //

dimensions      [1 -1 -1 0 0 0 0];

internalField   nonuniform List<scalar> 
6350
(
25.5449
26.6013
28.5751
0.0558149
0.0463004
33.3872
29.9904
0.00230349
0.00189367
0.00117392
9.4406
0.000410627
32.7872
0.000484991
16.2951
0.00213538
29.4972
1.52909
1.85336
28.4078
31.2732
2.08153
1.72886
29.4827
32.413
32.8412
2.26713
1.72634
2.20237
1.83883
33.6862
32.7522
33.4072
2.36371
2.3612
2.39343
2.28745
1.92707
1.91811
29.857
31.0057
31.4463
2.12552
2.07572
32.3787
29.4153
28.5244
2.26061
2.19829
1.72106
1.83136
30.0486
20.7298
25.5183
1.40083
1.89698
1.39841
0.971703
15.2762
23.5402
22.4543
1.11627
0.657344
0.592313
1.21688
15.0747
12.7614
19.4056
0.870771
0.29185
0.450343
0.580362
0.0747527
0.00228992
0.0746727
0.00225846
0.074949
0.0727985
0.00230652
0.00165637
0.00151573
0.0517465
0.0704894
0.00203948
0.0677716
0.00214418
0.0526974
0.00156901
0.00136609
0.00174368
0.0575313
0.0649671
0.00198311
0.00187696
0.0608547
0.0610008
0.0675158
0.00206687
0.0663473
0.00209326
0.00203392
0.0702955
0.067651
0.0515948
0.00164493
0.0556023
0.00150731
0.00167012
0.00034945
0.00104648
0.000160546
23.4679
28.1888
8.30739
12.9298
1.709
1.75457
28.5256
24.9844
24.3803
1.31562
1.38005
26.8308
1.22107
1.55234
18.9036
22.4272
1.13247
0.847382
19.4211
12.3567
18.7629
0.843081
0.473424
0.896054
0.441121
13.5739
10.7112
16.7401
0.699668
0.251916
0.358252
0.504973
203.631
63.291
78.2511
112.74
304.784
295.024
272.639
251.112
247.046
260.051
264.121
248.994
251.551
255.354
257.731
259.866
283.744
272.243
262.053
256.534
261.282
264.385
292.096
261.549
276.355
280.062
261.079
262.619
261.685
207.114
113.257
206.729
106.497
203.811
203.741
105.376
299.807
296.02
286.877
263.824
254.313
259.798
263.091
103.738
110.33
206.963
201.797
93.7267
101.512
196.249
182.108
94.7937
196.464
195.521
76.5478
93.2393
180.275
191.556
79.9491
71.4472
164.153
88.3809
174.451
183.437
0.00160213
0.053034
0.0548626
0.0398247
0.00124861
0.00116814
0.0421507
0.0411124
0.000760295
0.0276188
0.00168915
0.0572928
0.0410443
0.00117142
0.0362684
0.00140452
0.0473421
0.000679451
0.0336194
0.000965327
0.0244167
0.0321945
0.000424749
0.0181664
0.00100726
0.0161343
0.0355852
0.000898831
0.0130842
0.000317348
0.0244972
0.000744371
0.000684545
0.0263102
0.0120488
0.0157431
0.000180596
0.00737675
0.0245072
0.000304585
0.0119186
0.000665464
0.000366007
0.000245973
0.0199002
0.00645272
0.000543222
0.00954794
0.0138852
2.52256
0.00131547
0.0229772
12.4198
3.21442e-05
0.0265723
0.000207173
5.69219
18.361
0.805776
14.2534
9.27755
0.541826
0.438238
0.289921
0.153174
0.0755547
3.22037
9.81709
6.05423
0.315649
0.164706
6.73526
1.60617
4.7468
0.0578413
0.188195
0.120713
0.035178
287.074
52.8363
117.985
297.73
79.4725
258.315
115.16
283.753
97.5436
44.8817
842.852
15.761
246.184
0.00226759
42.1717
15.0867
96.8253
285.682
82.3363
21.0517
244.104
10.5413
213.923
371.814
279.584
390.629
211.562
645.667
28.3923
269.257
288.596
283.706
286.582
273.209
274.386
267.929
265.253
0.210786
0.219255
122.547
221.137
198.202
285.43
52.9296
269.909
262.888
286.161
283.539
286.569
274.134
267.755
294.819
299.331
294.178
263.981
247.691
259.848
253.333
246.84
295.984
292.413
299.228
293.926
263.883
253.464
0.109961
206.313
182.805
3.67427
189.55
0.00145368
29.1754
260.763
252.234
285.743
282.511
278.592
232.282
242.197
358.898
314.47
287.19
312.034
387.056
266.704
337.572
540.494
471.955
676.953
788.845
522.314
443.87
628.238
232.965
288.825
289.172
273.07
278.413
224.899
210.446
0.000667852
0.33638
9.03456e-05
0.237451
8.14649e-06
0.0539641
0.000105704
213.193
124.984
219.262
207.67
109.518
201.171
116.349
108.058
209.915
199.172
124.658
218.905
207.552
116.392
279.331
5.39373
0.00339731
149.569
563.425
8.36145
228.131
28.5752
0.00151727
0.0004559
5.18305
203.25
1.85766
170.346
284.179
252.681
289.539
259.339
228.37
185.411
178.025
289.459
253.958
259.297
221.814
228.16
185.203
178.738
270.221
233.143
261.813
203.023
172.248
212.905
163.58
297.659
344.601
372.421
194.257
235.755
306.38
265.733
196.167
98.0781
169.487
85.137
189.299
104.486
176.513
79.3713
188.32
169.159
196.261
85.4483
104.738
176.81
247.853
226.282
257.505
194.731
139.514
155.281
179.37
273.149
239.281
253.927
217.662
183.036
162.299
138.007
91.29
191.988
182.267
155.965
72.1643
164.191
68.1668
172.586
113.509
213.537
86.7079
184.538
250.092
142.785
721.587
455.291
493.76
406.703
498.387
361.574
567.809
6.33459
0.000100362
9.26677e-07
0.437406
142.751
0.000155757
8.62205
66.1213
171.719
152.962
146.375
47.6728
61.1556
128.601
513.112
255.601
355.079
340.509
316.487
224.142
469.899
137.209
57.763
144.35
97.52
23.2398
26.46
91.1446
128.305
199.589
205.687
122.048
48.3426
116.085
52.5585
121.126
128.292
205.709
122.196
47.5659
115.243
52.5658
137.435
57.542
144.02
97.2588
23.3962
91.4291
26.3727
225.947
146.837
187.096
110.176
150.874
105.412
67.1475
305.365
171.709
251.102
141.831
213.994
152.2
84.0174
192.853
145.962
138.406
120.586
114.514
61.7114
65.3235
19.435
12.7752
9.45045
0.872733
0.581045
0.450986
0.292268
121.525
45.4523
85.7239
19.4721
127.78
81.5293
42.6398
106.149
83.9852
158.879
37.2504
100.041
77.6626
23.6237
408.19
475.852
350.954
422.228
307.967
244.539
339.01
184.683
115.491
130.639
91.822
107.211
56.2433
43.9982
3.28023
0.00182288
0.0302243
14.833
22.4967
0.0357133
0.0765183
0.000176811
21.3886
1.03803
22.9705
16.0149
1.17255
0.64248
0.571161
23.5968
15.2943
16.324
1.11956
1.22162
0.658969
0.593207
113.263
27.522
16.5589
60.8269
74.9502
37.6527
96.9857
300.526
268.116
352.712
139.07
252.383
184.718
415.753
56.8718
102.291
146.706
211.723
68.8305
165.2
107.052
121.722
27.753
98.4497
16.5358
77.176
56.9072
8.68599
0.162447
10.4327
6.09631
3.15727
0.0720155
6.09967
0.162576
8.32261
3.63236
9.04783
0.277988
0.0783937
0.248328
0.0884414
3.22536
0.249824
8.40917
3.63923
9.15218
0.281439
0.088451
198.552
381.204
280.865
172.109
157.331
97.1344
249.255
26.0406
81.5778
76.8198
19.727
2.48913
2.1244
21.5213
97.8192
87.3082
64.5607
48.1208
30.4941
24.6156
6.91093
107.719
105.233
181.933
88.2125
6.02371
34.3726
33.8205
44.4005
4.12994
0.277212
6.86032
5.16133
39.8661
8.3909
44.3028
0.277893
7.07397
4.22072
40.2633
5.15273
8.40062
13.35
37.6375
69.0439
33.6803
0.47669
13.2631
2.82477
56.8489
86.5489
126.341
50.5882
2.59894
24.017
10.6307
2.3849
0.184667
6.70113
1.44161
4.59592
0.114133
0.0310165
281.792
90.1221
196.481
134.613
86.6556
44.0911
205.046
56.866
33.5517
113.022
61.7711
1.01043
9.56178
20.2904
43.947
4.75261
41.4874
11.8479
0.490931
12.8808
0.439037
22.7706
57.9836
70.7847
16.957
0.794649
1.63578
10.9672
3.73701
26.7712
36.9348
9.83363
0.152886
0.330587
5.69771
554.658
394.037
138.575
388.265
879.804
393.315
299.159
388.663
314.471
309.325
388.482
377.427
301.695
376.582
302.854
370.513
310.757
297.71
308.76
387.496
376.291
302.243
877.663
895.439
555.219
500.328
711.446
495.248
727.494
550.038
489.851
710.698
897.987
554.525
499.24
728.464
311.383
237.798
201.422
145.168
306.231
207.499
243.619
193.898
133.363
232.535
309.712
144.053
205.645
242.521
406.749
547.046
284.95
398.957
399.761
291.997
560.431
543.311
277.759
382.517
405.198
397.888
290.168
560.031
1.25822
0.00629899
0.30995
0.823704
2.82537
0.0647297
0.017349
2.32569
4.10074
30.3277
18.1182
0.0378703
0.840826
1.59739
0.00474516
1.08273
0.0223825
0.685181
2.62025
0.0582303
0.0142475
45.233
0.934756
13.603
0.296056
6.11652
0.561185
0.0223308
0.000853528
0.000415979
0.0156801
0.0344191
0.000981047
0.000477099
0.0178089
0.0010145
0.000486366
0.000903181
0.00042505
0.0322845
0.0161571
0.0182062
0.000632744
0.000303545
0.0117449
0.000395017
0.000185149
0.014926
0.00745619
0.000305435
0.0245616
0.0119365
0.00018093
0.000411217
0.0157626
0.00738871
72.7059
55.0529
1.08895
33.3128
23.8117
12.107
126.326
36.0249
0.935096
12.6033
0.189765
3.82756
0.492098
0.0216853
12.4494
0.0527512
2.43628
0.0346761
1.60211
0.189601
0.00405362
7.30666
0.00901586
0.0326444
0.0639028
1.51133
0.202931
0.389383
21.5424
0.165432
0.053832
0.0670816
2.95206
1.03318
3.02247
1.1323
0.0639486
0.00135517
0.0304335
0.0552841
1.30508
0.0270749
8.90578e-05
9.53808e-05
3.98788e-05
0.00370092
0.00170085
0.00823823
0.00398414
0.000213169
0.00862907
3.62942e-05
9.02532e-05
0.00384415
0.00158196
0.00384788
0.857814
0.0192219
0.00102018
0.00925862
0.0417042
0.0203928
0.401977
0.000153555
0.00626979
4.58632e-05
0.000175649
5.24075e-05
0.00710226
0.00207535
0.000152365
5.22712e-05
4.44984e-05
0.00177115
0.00626529
0.00717417
0.00207242
0.000110296
0.00461889
3.24122e-05
6.60791e-05
1.92584e-05
0.00283591
0.000775394
2.99752e-05
0.00121748
0.00447468
1.68995e-05
6.05218e-05
0.00263236
0.000675805
0.0581159
0.052165
1.36005
0.0310701
6.03194e-05
0.0013711
0.00126335
0.00351932
0.00685665
0.163498
0.012242
1.24484e-05
0.000267093
0.000519908
1763.19
3687.94
4145.12
1642.25
554.093
1524.58
338.282
1521.92
404.056
585.778
492.041
469.311
338.012
366.871
404.072
359.396
672.58
939.232
1737.12
1656.75
816.102
702.843
1653.11
692.876
1517.95
1395.57
797.423
1144.2
800.066
810.167
679.644
1336.53
1520.76
784.317
1110.67
796.396
813.607
600.893
548.578
944.858
464.903
739.435
590.764
459.436
403.739
492.118
561.15
380.816
528.66
389.014
511.668
558.546
558.085
945.01
460.437
758.943
590.704
458.972
545.419
823.659
469.845
428.79
704.009
580.393
426.406
400.444
490.782
566.763
377.837
509.115
528.874
384.882
1535.94
3075.51
3125.33
2114.91
2576.4
1761.52
1656.04
1514.29
2805.53
3038.06
1919.63
1868.8
2732.16
1803.73
1231.94
2286.45
1409.33
1042.67
1845.99
1322.26
915.957
1219.87
2034.08
1344.8
984.048
1843.8
928.099
1311.81
1057.58
1155.43
756.751
756.544
1154.23
723.166
1147.96
1215.63
2045.95
1286.46
950.637
896.056
1757.73
1254.83
1262.23
2352.69
1408.34
1048.09
1321.42
1846.01
914.925
1120.15
1245.87
766.383
778.248
1112.54
715.588
1072.25
623.57
617.998
1691.82
1607.25
697.706
1638.14
576.195
420.083
489.456
449.616
399.099
575.87
416.611
437.62
438.376
385.763
360.222
357.248
374.046
438.28
396.748
439.031
382.838
352.66
355.869
436.822
369.285
393.121
526.676
580.273
1582.15
1530.35
588.715
528.088
1587.76
358.021
382.855
443.932
388.146
457.192
378.667
387.704
563.477
1568.78
535.494
1536.38
532.287
1588.04
548.464
365.999
422.454
381.702
367.328
375.959
388.482
396.401
291.617
325.245
315.818
1440.8
1333.64
1501.63
326.823
446.559
1596.35
356.219
292.57
315.228
327.683
365.485
369.243
437.469
361.436
362.336
387.973
444.209
340.559
378.887
398.443
356.55
439.46
370.071
352.602
382.243
337.788
393.19
539.249
1548.77
1573.11
571.05
1533.52
539.848
551.204
425.185
377.667
392.446
367.96
383.148
368.142
397.263
315.612
324.816
343.08
297.808
335.871
313.384
342.145
354.65
318.837
354.021
350.547
327.559
353.787
370.12
306.869
314.291
329.798
328.046
299.211
313.186
313.045
341.797
321.299
341.784
348.949
327.564
334.636
362.041
336.977
350.884
345.929
346.852
344.191
331.749
354.867
526.174
539.394
1426.13
1497.95
547.36
1486.12
525.477
547.403
1465.77
546.058
1542.05
560.994
1506.34
543.429
360.397
363.068
360.149
373.87
365.8
353.236
376.508
372.178
348.786
305.263
314.705
350.943
312.942
359.51
326.405
328.493
307.049
317.142
319.724
314.647
329.748
567.755
513.751
384.638
399.937
294.002
318.616
338.582
299.497
545.484
497.597
486.404
407.163
373.343
406.127
385.678
573.929
498.332
545.538
406.683
381.969
408.638
388.429
1390.61
317.009
358.111
377.902
441.012
395.687
464.908
390.228
363.091
395.543
364.709
450.342
382.841
468.496
389.942
365.123
304.088
288.156
301.008
317.323
330.36
337.434
328.637
328.194
284.997
313.698
291.739
304.495
338.267
325.761
300.8
1042.89
288.878
276.604
518.134
559.948
335.216
285.768
310.441
275.235
278.756
314.957
278.01
313.261
327.135
318.266
328.692
343.2
342.442
344.549
342.003
325.508
316.069
339.558
319.285
327.024
345.28
341.237
272.405
276.907
289.007
282.685
268.834
280.683
271.789
264.104
269.406
302.579
309.092
263.715
309.534
266.713
273.461
309.685
309.809
313.477
270.164
271.464
316.002
288.729
275.454
287.318
282.451
271.587
272.925
282.218
1598.27
1582.39
480.938
546.257
1442.26
286.739
273.841
1447.95
522.094
548.623
481.105
396.721
358.565
378.299
388.175
503.186
518.759
566.578
416.255
384.411
405.47
397.213
610.722
1600.5
594.278
545.258
1546.63
1541.21
540.542
579.187
1578.07
591.443
529.2
1537.98
525.469
1529.86
350.171
317.195
316.842
292.045
326.357
319.919
342.227
335.458
299.694
282.019
305.116
326.982
313.34
309.297
512.764
1494.71
509.449
1439.15
504.806
1489.39
514.145
500.668
1494.37
1440.32
499.802
501.537
496.657
1485.43
1387.02
511.187
507.526
526.856
1307.69
531.41
1311.48
302.714
304.982
317.965
297.879
312.352
296.418
313.123
1380.99
1382.67
512.288
536.463
1296.82
529.112
1305.28
319.562
304.698
298.625
304.441
317.874
297.616
313.046
600.977
557.997
1392.66
1412.52
572.916
579.954
1459.22
343.028
347.536
350.878
359.776
337.843
357.858
347.9
327.552
271.528
363.897
286.335
330.548
271.95
359.143
368.65
292.703
276.249
329.855
287.669
274.634
360.375
281.649
270.302
283.561
275.339
280.741
271.923
283.273
282.365
273.063
285.437
281.429
275.627
272.522
283.14
1181.42
572.135
1037.46
552.541
1054.75
568.349
1195.52
295.318
310.455
295.357
310.611
294.523
310.83
295.34
313.221
297.046
298.085
295.314
310.875
310.936
295.537
551.638
1190.12
567.993
1058.93
555.456
567.543
1200.97
321.176
1382.59
264.06
322.03
94.9466
1317.14
344.815
323.612
1007.27
299.724
794.44
317.932
300.453
340.672
290.302
312.022
280.328
288.594
272.285
308.98
276.624
267.832
269.118
320.31
338.751
280.341
296.527
281.757
275.566
272.961
285.973
280.17
293.272
128.175
287.945
304.919
276.533
64.7689
297.646
35.4576
1359.79
544.435
524.349
1289.21
544.435
563.24
1250.83
327.923
307.636
313.196
316.924
301.301
307.645
322.539
118.524
764.298
406.924
1144.41
404.407
704.578
293.088
66.6409
291.575
91.5995
312.174
345.681
266.06
238.325
312.068
303.804
290.475
303.364
290.162
301.81
311.387
372.309
307.437
289.406
365.348
323.626
397.377
298.468
274.505
288.191
285.653
287.942
281.566
292.323
293.263
279.177
376.075
343.665
365.205
313.825
390.239
293.547
569.426
1245.76
593.582
583.658
1103.97
596.834
1189.8
325.932
334.395
319.42
314.724
335.031
322.27
329.386
314.265
299.067
298.655
304.11
308.999
301.061
319.155
1161.03
568.898
564.796
575.561
951.363
565.637
1109.78
297.062
301.301
267.301
305.847
265.755
264.289
257.236
391.315
334.935
323.794
395.904
411.87
400.456
316.12
305.376
293.804
293.516
301.244
281.266
306.558
293.386
331.462
353.796
346.215
429.832
423.061
427.564
347.044
320.457
324.474
317.026
325.838
318.5
309.181
316.432
310.952
314.17
296.5
278.73
310.925
296.323
322.106
331.918
337.464
331.733
329.066
324.12
307.742
304.258
582.126
948.624
878.453
528.708
576.901
553.67
1037.86
305.81
296.475
305.81
243.915
258.742
243.934
223.828
608.048
1022.3
998.086
603.935
594.506
570.954
881.992
306.909
287.395
304.241
224.017
250.469
238.384
208.393
197.748
84.1616
187.699
77.7919
181.389
168.611
67.2225
404.283
352.105
431.998
404.291
273.396
358.3
321.213
334.401
372.487
414.262
393.066
252.311
333.945
310.611
278.801
320.891
313.258
278.88
242.97
229.972
291.663
304.209
254.358
297.231
270.103
224.755
282.278
213.219
99.2283
294.74
250.056
14.3393
112.888
0.00340899
145.665
0.681053
310.507
255.328
346.982
304.177
330.783
881.703
1272.37
378.009
1188.62
365.577
1471.31
329.968
316.212
307.1
347.631
329.214
289.651
299.146
346.613
340.615
292.576
295.692
287.496
333.115
353.179
298.505
300.399
313.408
314.027
292.636
306.959
312.401
299.358
314.887
200.325
309.077
360.791
311.933
340.123
353.887
1434.1
537.76
558.758
1408.55
552.253
577.611
1356.72
344.618
332.494
332.524
339.471
325.053
329.184
344.159
610.259
1036.84
391.469
567.153
265.32
151.828
244.175
282.015
321.941
293.056
171.765
155.063
115.376
138.13
314.026
356.763
302.486
378.111
334.415
313.937
407.241
298.258
289.14
344.958
372.584
323.499
397.648
307.228
318.506
303.163
316.114
318.357
315.397
306.885
323.677
301.435
290.027
303.435
311.688
302.821
310.995
299.942
349.871
349.678
347.544
356.148
353.109
350.823
357.688
600.167
1369.44
580.418
600.28
1157.15
612.127
1272.14
583.801
1315.93
569.532
593.828
1103.12
597.012
1244.99
332.765
347.77
333.017
332.666
349.055
347.572
335.244
314.454
334.234
319.164
325.673
334.86
321.984
340.524
335.448
348.422
292.633
1514.83
1581.84
333.456
319.238
1447.54
1409.6
333.184
310.356
357.794
374.433
341.817
301.291
299.701
344.269
410.598
425.257
343.752
359.079
381.076
359.778
315.41
419.436
343.111
412.294
335.689
360.909
370.237
321.244
317.765
311.551
322.446
339.062
330.362
353.154
352.919
558.105
522.727
1567.64
1540.87
538.195
523.848
1532.95
356.463
364.53
402.765
350.709
363.368
373.267
352.404
334.918
304.125
297.964
335.855
324.781
351.642
304.528
310.079
280.393
275.423
294.235
325.221
325.102
292.134
303.747
323.784
317.17
323.711
329.315
341.525
309.986
303.608
321.993
287.748
285.022
304.938
315.573
299.615
1484.4
528.434
541.572
528.63
1546.03
528.136
1515.27
1436.39
529.376
511.891
521.252
1497.43
509.604
1490.84
330.167
334.73
319.336
321.977
337.819
334.401
342.93
346.614
343.356
348.058
331.433
346.901
329.657
338.079
349.809
341.946
336.25
342.001
356.012
355.003
349.89
353.07
298.722
287.824
340.659
295.838
330.209
292.829
312.664
307.24
292.849
300.45
314.116
313.491
298.853
304.732
304.066
316.376
308.937
317.83
328.179
318.926
552.235
1357.29
577.472
1434.45
558.776
537.919
1472.15
329.358
339.607
325.26
346.679
332.596
332.617
344.739
335.102
341.378
344.696
336.052
333.904
341.915
343.314
346.284
350.404
349.575
339.691
350.46
346.326
352.523
329.788
338.583
328.62
338.587
335.572
347.096
329.763
322.373
334.734
327.895
336.53
331.601
341.901
330.121
347.611
353.908
349.745
349.898
357.677
356.153
350.827
404.634
427.609
353.781
346.146
423.217
331.393
429.914
320.178
308.98
324.317
316.614
318.172
311.797
325.702
300.914
304.92
306.203
293.426
293.114
280.972
288.213
315.976
334.79
412.01
323.608
400.447
395.817
317.701
331.723
307.595
337.422
328.935
323.89
345.581
331.646
353.396
345.813
334.863
326.465
349.189
349.158
311.557
358.096
356.101
357.705
354.799
357.682
358.103
342
344.243
339.058
351.219
338.213
349.838
350.851
324.953
608.23
570.975
1022.12
997.543
594.622
604.006
1143.98
582.203
947.861
576.96
877.571
553.584
528.597
793.799
310.691
314.002
310.649
296.37
296.11
278.502
272.138
330.774
353.39
349.142
345.803
326.44
349.157
334.835
393.008
334.259
414.265
372.336
252.098
292.882
333.766
269.883
303.847
296.922
254.083
224.435
265.699
212.978
286.749
251.405
308.031
335.93
286.751
352.488
335.938
308.645
272.772
312.054
272.83
208.662
221.068
264.094
246.177
294.748
270.401
157.977
195.741
220.376
186.752
527.849
892.622
576.37
527.866
647.914
469.073
764.421
848.867
490.851
554.562
515.416
610.612
441.729
744.634
291.423
248.347
295.756
264.282
192.099
205.069
255.437
276.524
246.161
270.394
195.719
220.342
186.71
157.928
262.241
291.008
331.853
299.615
322.748
350.625
337.755
288.73
229.702
260.299
278.035
301.186
340.136
327.176
306.018
193.85
235.372
297.388
372.226
344.352
268.948
163.262
212.466
202.755
269.847
261.569
232.872
243.712
39.8801
150.805
54.4844
172.003
70.4254
150.833
54.4996
191.978
204.88
264.11
291.279
238.176
295.522
248.125
441.595
744.297
515.362
848.348
554.555
490.732
704.126
139.407
213.796
194.567
179.317
247.766
257.333
226.073
57.4349
123.912
156.855
142.462
27.6154
108.872
47.9579
497.825
361.197
406.323
720.866
493.498
455.051
645.108
352.073
202.239
200.187
191.855
289.332
276.423
267.818
225.804
85.9109
171.112
162.685
161.454
238.245
153.884
213.732
169.384
213.718
77.1511
120.845
163.14
120.816
23.6807
123.467
36.6081
18.4566
89.1202
64.7246
9.32836
181.254
203.41
233.258
87.596
141.597
109.787
58.0874
266.806
133.906
209.945
256.283
188.217
245.8
303.001
250.773
83.6769
171.37
213.565
141.408
305.074
227.803
61.4629
64.999
145.578
120.126
114.187
192.557
202.826
99.2548
9.34281
23.6932
123.507
18.4746
89.1672
36.6278
462.309
303.501
530.933
512.648
395.296
380.402
638.919
217.223
138.447
79.5056
131.092
152.77
145.607
204.638
338.564
475.465
350.708
421.732
307.599
407.955
562.987
130.448
43.9182
56.0865
106.995
91.7072
170.205
184.458
55.288
101.948
163.403
7.79049
34.9795
72.235
28.5642
37.679
69.5352
0.436808
2.84038
11.0464
37.6565
2.83638
5.40174
18.5685
50.9859
30.5235
0.176036
7.64483
1.78475
207.169
113.576
264.92
261.101
121.456
242.885
115.722
239.024
240.352
237.917
240.416
245.788
245.721
247.312
244.608
242.829
236.358
239.317
244.659
244.183
243.438
246.502
261.824
251.451
248.756
251.252
260.295
253.105
258.294
265.023
251.77
247.891
250.172
259.187
257.187
252.327
210.592
121.816
210.547
120.545
210.956
121.492
210.088
208.406
115.929
117.671
206.969
118.169
208.403
207.609
109.862
115.145
208.884
209.785
113.048
117.958
208.576
211.922
115.179
210.001
120.143
212.064
120.79
210.404
360.137
333.957
288.446
242.236
319.211
343.735
322.486
301.254
300.395
343.829
271.876
343.36
281.426
348.733
293.909
316.03
313.953
354.993
361.244
297.635
357.238
328.236
339.495
319.138
336.516
314.535
342.316
345.65
310.071
274.42
247.353
247.613
259.357
254.921
268.679
264.21
275.33
287.019
258.945
289.281
268.974
274.469
303.748
332.518
356.746
349.062
325.845
360.011
354.468
337.724
299.736
320.075
261.406
231.664
300.12
265.086
328.468
237.459
257.25
332.255
255.42
298.314
323.93
238.354
266.001
265.613
325.759
258.919
258.916
300.531
325.844
239.813
353.451
304.501
354.933
275.449
346.714
340.319
283.386
345.705
298.556
349.961
339.569
280.465
275.841
338.047
235.052
233.952
237.168
226.311
223.672
232.395
241.752
233.635
242.134
236.354
236.477
227.849
224.916
233.743
272.256
265.879
277.083
249.852
248.648
243.717
256.365
275.071
261.958
272.269
248.003
255.007
250.838
244.714
297.792
309.947
306.351
294.141
279.265
289.584
283.36
308.68
330.589
318.683
304.78
304.825
292.203
318.699
324.327
293.743
339.645
329.361
318.704
362.794
331.036
361.848
353.282
358.715
361.703
358.746
339.224
336.392
345.917
284.375
314.99
333.453
327.28
285.392
316.825
318.101
331.146
344.781
339.198
314.926
348.738
341.422
322.947
322.783
352.345
319.809
352.533
345.319
343.712
324.545
327.471
294.998
281.775
293.067
309.284
302.041
310.507
299.986
329.302
329.687
334.493
327.059
330.352
327.38
330.01
303.285
313.179
297.418
281.631
293.663
309.954
300.044
332.802
333.602
338.042
330.153
335.719
328.006
330.525
364.065
353.344
362.655
362.555
347.382
354.239
360.183
310.489
321.695
307.278
305.565
319.843
332.377
320.539
341.256
341.226
347.021
349.574
354.707
349.054
349.713
320.469
316.538
329.38
326.265
321.563
314.819
328.545
324.248
329.075
332.165
321.02
326.355
314.921
328.92
364.876
357.099
364.019
360.349
357.505
357.835
363.677
342.227
318.723
332.106
342.957
338.493
331.614
351.616
331.682
332.807
338.553
340.812
335.028
346.376
332.478
356.103
350.286
331.551
335.827
354.381
338.082
358.514
263.95
251.253
11.2218
36.379
52.7673
76.7894
281.554
306.219
83.7017
101.795
281.161
304.096
277.798
41.3704
41.0717
257.249
278.255
296.528
294.347
266.361
265.263
267.521
266.973
281.275
296.803
293.997
265.387
264.368
266.87
266.485
266.01
287.83
301.556
296.616
306.41
264.453
257.423
302.267
306.177
305.525
259.612
233.754
257.034
238.082
303.444
234.583
306.784
304.019
305.29
259.222
237.95
304.68
299.177
307.285
243.311
257.754
244.989
225.8
99.4019
187.994
201.04
102.774
203.338
191.147
86.8803
104.185
203.1
204.694
192.055
84.9545
189.133
87.7301
299.622
225.979
307.906
290.857
306.158
240.204
211.882
92.4781
180.584
195.531
81.9089
185.566
168.378
66.6724
298.156
253.361
275.596
165.619
223.494
192.084
200.459
63.8008
166.038
134.639
169.699
43.4295
66.4606
138.262
170.222
64.1299
133.995
43.5199
166.25
66.8697
138.437
68.4251
149.17
170.168
151.252
40.2375
54.2885
129.483
57.6109
157.436
125.71
144.025
29.1379
48.6718
112.032
70.574
126.251
20.4583
25.5071
37.9535
93.7586
103.302
276.234
204.575
22.9811
245.81
278.029
163.444
25.1185
331.382
333.054
351.269
253.485
314.619
255.107
90.7583
337.544
337.031
328.614
342.926
334.113
337.558
340.525
139.465
0.0868202
266.93
43.6896
309.077
217.593
49.7694
344.308
350.847
349.839
339.136
340.21
338.235
324.972
255.44
203.436
30.5637
15.4806
0.365489
26.5693
0.000653421
297.14
324.011
339.373
316.311
342.351
326.636
282.433
296.374
327.512
328.972
304.275
328.857
321.923
279.895
50.9927
512.369
293.88
87.9425
171.792
15.5296
0.00992874
18.4812
153.709
32.4463
57.9155
76.6294
0.00359547
0.00108353
65.8519
198.812
266.445
305.808
10.6648
110.157
0.559962
87.2435
327.167
301.173
340.131
311.926
229.707
288.728
260.278
305.903
283.997
323.208
305.826
222.156
280.914
255.032
337.753
331.868
350.66
322.805
299.632
291.043
262.256
280.895
305.822
323.125
255.042
283.953
255.054
222.142
184.125
304.461
250.362
289.47
160.846
233.021
230.548
270.782
227.387
184.399
208.077
166.316
132.022
112.76
351.996
191.639
267.718
202.169
289.271
200.03
118.377
134.973
35.9898
0.0310005
0.00303722
46.2156
0.000240046
5.19695e-06
200.344
266.806
302.998
188.254
256.29
209.967
133.948
9.08117
0.000271139
0.0462926
0.00238451
2.50506e-06
7.90031
9.2843e-05
208.756
245.631
295.671
183.773
245.65
208.768
139.385
277.09
178.028
247.104
166.017
236.438
198.85
121.103
225.672
162.44
238.071
171.027
161.396
85.8156
91.4581
236.38
165.946
247.075
277.021
217.516
121.052
177.985
235.395
164.515
202.301
129.43
204.095
165.25
90.7502
131.016
145.482
217.12
138.423
152.73
79.4446
66.6069
266.416
164.536
129.368
165.251
235.393
204.034
202.263
233.26
109.849
145.714
181.255
141.639
87.6215
58.1379
380.256
638.725
462.256
530.845
395.254
303.363
406.728
189.505
150.92
225.95
105.517
187.166
146.841
67.1686
307.355
201.048
320.199
327.218
326.35
309.525
266.14
317.932
329.212
335.156
326.725
332.303
324.859
333.555
336.246
326.583
332.236
332.07
324.25
324.746
333.408
333.44
0.0485474
328.251
309.7
327.676
337.697
334.652
335.575
336.601
326.837
320.042
324.172
332.149
306.952
333.019
309.635
327.56
334.247
305.371
326.349
335.146
334.418
335.453
305.063
323.877
330.453
319.94
323.99
332.045
309.583
19.8919
112.608
281.551
110.798
284.235
19.3655
0.594304
284.344
241.524
197.772
245.821
201.844
151.151
146.738
279.934
245.575
239.567
196.248
201.735
150.885
144.799
264.654
206.797
269.093
316.858
267.905
314.612
272.572
199.173
206.656
268.89
312.548
262.682
316.74
272.486
183.536
117.621
188.675
91.0813
33.7538
87.095
36.5654
117.416
188.388
181.437
90.8031
32.6453
85.2767
36.3665
73.5421
96.8739
167.113
76.5018
145.313
56.7588
15.5412
94.9656
21.253
98.3065
54.94
5.46316
52.203
6.08532
5.1704
50.9277
93.7502
21.1682
98.2004
54.7182
6.01195
3.57152
42.7107
83.8479
10.463
69.3762
31.3079
1.86118
112.915
34.9993
72.2848
102.007
55.327
28.6034
7.80346
215.003
74.5078
147.191
147.207
25.3667
79.6439
74.5274
110.668
103.046
179.529
135.003
17.1598
68.4897
61.6318
117.386
116.475
193.143
137.096
16.6114
63.7424
65.8947
137.053
193.116
117.334
63.7001
16.5889
116.433
49.7348
24.5825
64.5149
142.679
6.89978
48.0816
97.7811
30.4779
179.493
103.001
61.5981
110.653
68.4782
43.6709
17.1492
123.05
117.827
206.303
117.756
9.79096
46.8986
50.94
212.011
415.077
311.193
211.933
182.145
118.133
293.785
181.653
33.6271
104.964
107.531
5.97508
34.2319
44.7388
248.86
380.853
280.604
198.342
157.05
96.9114
279.068
29.4324
94.9511
88.9198
29.4056
3.97064
32.4045
3.33751
19.6155
21.3653
81.3143
25.9609
2.46469
28.4571
2.10882
56.9207
50.6814
126.435
86.5623
2.6012
24.0337
29.1817
1.79004
5.41002
51.0209
18.5807
0.176567
7.66085
0.682072
80.7699
51.7763
116.185
36.9588
1.6914
17.655
6.8281
69.4017
25.8596
82.322
25.8438
1.34676
2.61446
18.4741
70.6622
10.9397
16.8921
22.7239
0.792594
1.62817
15.7398
0.0580075
2.7701
2.36253
19.3191
0.640384
17.6782
0.746674
0.044912
0.0569987
2.72737
2.19668
16.9231
19.1454
0.733383
75.6974
20.9577
1.96667
2.78835
25.2672
2.25392
0.0866988
0.0259176
1.29865
12.4581
7.17184
0.0108149
0.546833
0.168378
7.94558
1.28352
18.8427
0.329799
7.94285
1.28288
0.0380555
0.763359
59.4909
17.8812
1.94337
17.892
0.764219
0.0405188
43.5109
0.890064
13.9911
0.221531
4.68896
0.5067
0.0191362
75.7248
2.79024
2.25642
1.97041
25.2751
20.9777
22.9988
0.0222791
13.5846
0.932469
45.2092
0.295615
6.1113
8.61214
3.81962
0.491079
12.5879
0.189442
6.32703
0.93375
0.02165
0.0462278
2.50812
0.18433
12.3837
0.0299394
1.64128
0.347016
112.715
81.1867
72.1634
4.20079
34.558
40.8187
176.12
2.51133
0.347934
12.4044
0.0300362
1.64627
0.184748
0.0034166
2.83737
0.0123621
0.00319474
0.0331727
0.660491
0.164264
0.0551525
43.5262
0.412473
0.301847
0.207058
5.47064
7.25478
8.69205
2.99104
0.131605
0.103182
0.00311138
3.53402
0.0874917
0.110059
2.32974
0.0395535
0.0310947
0.00235225
0.0662872
0.0834343
1.18311
0.00126001
1.35729
0.0520473
0.0580225
5.96295e-05
0.00136784
0.00226267
0.102723
0.0795037
2.64805
0.0794555
9.94969e-05
0.00234481
0.00303453
0.00914362
0.0071521
0.287093
0.0330192
2.79061e-05
0.000808401
0.00102842
0.0756584
0.0528154
1.60983
0.0336212
6.14202e-05
0.0016677
0.00119648
1.2687e-05
8.9697e-06
3.78512e-06
0.000560043
0.000126127
0.0014406
0.000365657
0.0043796
0.00206852
0.094437
0.0107939
1.28855e-05
0.000496418
0.000239386
0.00415549
0.226253
0.0141707
0.0141854
1.93438e-05
0.000801837
0.000271333
3.76912e-06
2.85952e-05
1.1242e-05
9.43601e-05
0.000463303
0.00126787
0.000296698
0.00186285
0.00441989
0.0991693
0.00966181
1.4011e-05
0.000400236
0.000190668
0.000693819
2.31424e-06
1.63952e-06
1.57713e-06
3.21416e-05
1.59746e-05
3.02801e-05
0.00202587
7.23586e-06
7.78318e-06
6.81187e-06
5.42793e-05
6.75135e-05
8.64416e-05
0.000663275
3.23447e-06
3.77612e-06
3.11925e-06
3.67283e-05
2.74084e-05
1.52224e-05
72.4436
8.72559
0.400535
1.18457
8.43771e-05
1.60706
6.36979e-06
13.9688
80.7348
0.000675512
0.00963427
1.85071e-06
0.0551088
7.38293e-06
0.457908
0.000383668
1.16842e-05
2.139e-06
3.76789e-06
0.0164868
0.0122116
0.000276392
0.783702
1.1195e-06
0.0111183
0.00740833
1.69453e-06
0.0337648
1.64139e-05
2.9671e-07
21.3984
0.304061
0.00132176
2.25751e-06
1.56891e-06
0.486357
0.000226373
176.276
0.248352
0.000142199
5.48146e-06
0.686266
1.3382e-06
0.000287642
1.11962
0.000630592
6.43722e-06
6.55873e-07
9.67325e-07
9.74968e-05
3.25842e-05
3.55106
6.67271e-05
2.0478e-05
1.69481e-06
0.000118542
8.6966e-07
3.65382e-05
116.201
36.9623
51.8166
26.5592
17.6346
6.83563
1.68923
0.287343
4.58295e-06
4.13272e-07
1.26371e-07
7.9624e-06
2.20636e-08
7.05632e-07
4.0085e-05
0.000667151
3.42481e-07
9.09917e-05
5.41465e-07
8.66688e-07
2.85229e-08
43.4675
0.887637
0.505306
7.88668
4.67734
0.220919
0.0190844
0.747738
0.117636
0.873604
0.141913
0.0194905
0.00303216
0.00248305
0.0173236
0.00265939
0.125736
0.881661
0.144097
0.0196781
0.00307947
112.844
72.3223
81.244
40.858
34.6631
4.21646
15.5715
125.984
54.8445
23.6845
33.1137
12.0089
1.07661
5.34346
0.00319268
2.83665
0.0123209
0.6589
0.164364
0.0331072
0.000649306
10.365
0.0784985
2.66136
0.0110423
0.337393
0.0623108
0.00191537
0.515458
0.0756056
0.283746
0.0366962
0.00591934
0.00155791
0.00073943
43.6106
0.304072
0.413511
7.26784
5.50086
0.207979
0.00996378
3.00155
0.103939
0.131929
0.110239
0.0879345
0.00311116
0.00360178
2.3348
0.0311358
0.0395668
0.0835098
0.0664783
0.00234737
0.0010764
2.98401
0.163535
2.92378
0.0660925
1.0192
0.0531986
0.0033602
1.28587
0.0632023
0.054824
0.0299788
0.0267818
0.00134875
0.00150389
0.851914
0.0191774
0.0415038
0.00923407
0.0202669
0.00101966
0.00045869
0.000651536
0.118635
0.00334202
0.0131329
0.00235674
0.000258899
6.58687e-05
0.0527005
0.0335619
0.0755971
0.00238065
0.00166628
0.00119398
6.11562e-05
10.7944
0.0831452
2.59056
0.0428687
0.00736921
0.00133275
0.246011
10.8585
0.0432817
2.61063
0.0836471
0.00742075
0.00134163
0.489361
17.3778
0.115739
4.8834
0.115977
0.0133403
0.00235244
0.687712
0.0330494
0.00716293
0.00914658
0.00102882
0.000807504
0.000239706
2.77026e-05
478.101
174.151
219.084
132.259
176.666
0.69546
3.3002
0.177723
28.4048
198.162
559.763
243.255
67.3186
1.33364
244.263
5.34954
207.64
213.104
201.142
109.491
124.779
117.866
116.322
237.582
310.948
305.901
144.723
206.974
138.274
201.006
198.317
162.645
186.21
94.6145
80.1878
102.273
73.6259
196.255
169.518
189.315
98.1029
85.2932
104.58
79.5035
266.804
222.479
291.064
99.1632
122.497
184.885
159.58
546.454
406.237
399.327
398.343
291.459
284.465
387.684
354.692
518.224
381.736
266.98
329.214
240.014
363.902
151.156
154.51
174.201
84.1751
50.1998
64.7013
67.2135
30.9298
38.4244
2.70899
2.75356
2.21218
34.6923
34.5892
49.6777
4.59287
20.9552
95.7219
45.9572
91.3456
19.1796
512.421
163.714
249.643
57.1621
0.780287
559.335
309.207
243.247
20.3245
0.476537
146.277
0.153547
209.595
188.373
38.1677
28.534
298.726
232.104
242.069
193.357
143.518
205.066
132.817
218.651
199.048
207.473
124.355
114.797
116.307
107.91
155.69
191.587
182.086
71.7667
96.4271
91.0852
67.9151
279.153
184.061
213.084
172.085
86.2585
112.99
142.329
542.601
404.633
392.804
277.227
397.267
289.596
381.902
169.359
177.03
196.352
85.6579
104.83
97.5944
79.5715
469.254
340.037
371.323
255.101
315.947
223.678
354.489
128.659
171.71
153.105
82.3219
47.7245
66.2594
61.0717
94.2649
48.9396
5.17513
85.5188
3.94386
16.7906
42.636
3.24679
34.5774
2.74309
2.4493
33.0269
30.1085
2.0944
23.3117
16.4879
1.61935
0.550443
1.29672
26.5453
14.0954
1.88168
0.87592
18.8594
25.1879
0.699247
1.5016
16.4979
24.5462
2.95623
36.8258
79.1956
8.36706
14.4597
61.0657
108.348
61.9316
168.199
162.283
102.868
58.278
236.225
146.927
186.778
34.519
88.4089
48.5531
123.44
216.302
107.629
60.956
166.602
155.723
98.1506
54.0931
230.07
1.89418
0.885219
18.9907
24.9567
0.697772
1.47284
16.493
18.6552
6.42732
0.374287
0.411274
0.876768
10.9212
11.7835
135.912
172.686
26.7709
80.0944
41.7104
108.992
205.849
69.4918
18.3239
5.23523
2.1238
10.9742
31.3175
49.1255
13.0478
1.28735
23.5374
21.5674
0.424916
1.12353
11.9139
17.8191
0.314098
5.72408
0.390756
0.809765
11.3883
9.66192
227.327
23.8145
35.8522
427.718
165.19
0.790561
0.00133139
43.1109
0.419374
141.567
10.3423
103.443
0.000723869
0.223866
0.000163425
4.60374
233.285
124.132
190.615
71.1451
126.845
88.947
41.6416
131.711
102.253
94.6527
54.9892
49.6001
26.3301
30.0311
134.257
9.77564
61.4894
415.16
164.768
0.329364
0.000408247
33.3434
1.61669
11.7425
85.2629
74.7588
0.00025404
7.72173e-05
0.130365
0.0876277
81.2005
127.288
121.2
45.0985
42.3939
19.2971
20.8201
318.844
368.853
274.459
284.487
204.198
160.866
230.982
121.151
69.6354
85.5718
31.2089
42.6375
21.5947
13.9423
211.274
101.863
146.233
56.5079
106.66
68.5101
28.1469
352.169
251.941
300.068
267.617
184.292
138.691
211.101
60.7579
113.09
96.9591
27.5148
37.5366
16.4706
10.5207
160.477
301.781
221.757
111.586
106.297
61.7246
170.277
60.3591
20.8378
55.0073
8.6216
1.45594
1.1511
10.2057
85.5942
78.3536
139.796
50.3268
3.12692
18.8939
16.463
148.653
19.4468
93.544
60.2655
20.7577
7.49272
104.479
12.5324
3.32317
39.7862
19.5532
0.0930206
0.783582
4.05911
16.9498
35.567
48.0646
6.4877
0.33918
0.783532
3.34771
7.66792
0.176555
6.28227
1.71153
0.0507589
0.0397949
2.20636
204.615
281.306
196.079
89.7991
86.3255
43.8604
149.168
20.111
112.649
56.5348
33.3323
0.993737
9.46685
8.25591
12.7365
43.6212
41.2411
4.69043
0.482152
0.433008
5.09922
0.120006
2.37198
0.0546441
1.15963
0.0117742
0.0266702
0.525312
5.67745
26.7116
36.7877
3.70724
0.152288
0.327887
1.8501
132.275
13.0537
77.5721
45.4108
13.7485
3.96858
87.8168
28.249
0.206292
7.62245
11.3061
0.0376707
0.310551
1.79202
4.99383
0.117615
4.49199
0.941651
0.0239975
0.0219844
1.06185
3.51044
1.81116
0.0411416
0.711647
0.00765861
0.0165186
0.339626
29.1062
22.5936
0.170462
6.02125
1.51582
8.11048
59.456
5.76423
0.0671827
0.0122804
0.0133248
0.11936
0.74877
0.657931
0.26256
0.0326119
0.00740887
0.000594065
0.00602293
0.0261964
0.328978
18.4677
13.8085
0.0633068
3.08922
3.77885
0.625939
44.9249
0.178959
0.00749775
0.000399245
0.00169824
0.00405656
0.0177218
0.0781833
2.38137
0.0200269
0.00393011
0.00465452
0.238211
0.0417239
0.227967
0.120457
0.0109361
0.000238651
0.00294663
0.0100466
0.00275221
0.131472
0.0910155
0.00339129
0.000175601
0.000905932
0.00758046
0.002056
0.0411593
0.0086744
0.0255588
0.32337
0.00741656
2.11841e-05
0.000611137
0.00022168
0.000186403
0.00185358
0.09887
0.0044032
9.94077e-06
0.000395373
8.8386e-05
0.000924846
0.0011778
0.0151487
0.000319528
2.38411e-05
0.000255617
2.93204e-05
0.0131568
0.000999308
2.57761e-05
0.00119836
0.0154149
0.000325111
2.99956e-05
0.00453025
1.66726
0.0234927
0.0160248
0.00126649
0.000245918
0.0898889
0.00052871
0.00021783
0.00331355
1.39675e-05
0.00015168
6.77415e-05
7.63489e-06
0.000143723
0.000248455
0.00700979
0.00130779
3.0718e-06
4.62269e-05
2.96826e-05
5.69449e-05
1.05789e-05
3.48722e-06
1.18836e-05
0.000440108
6.61026e-05
3.69598e-06
1.00257e-05
0.000364488
0.000435838
6.50485e-05
3.27525e-06
3.56514e-06
5.30169e-05
2.77478e-05
0.0165204
0.000273017
0.000869022
2.62999e-06
6.92463e-05
1.54826e-05
0.00657993
0.00377548
0.124088
0.00209261
8.22839e-06
7.04264e-05
0.000141515
0.0066364
0.00211303
0.125151
0.00379675
7.63506e-06
7.03177e-05
0.000226631
0.0113915
0.00508051
0.24599
0.00509036
1.18337e-05
0.000116576
0.000287791
0.000237108
3.91514e-06
0.000121064
2.14172e-06
3.24171e-05
1.57645e-05
1.77022e-06
1.64495e-05
0.000687378
1.74066e-05
3.38603e-05
2.77955e-06
3.66321e-05
2.75951e-06
0.00258071
8.73881e-05
0.00226414
6.10571e-05
7.02637e-06
6.70514e-05
6.9199e-06
0.00260175
6.04453e-05
0.00227661
8.64571e-05
6.28919e-06
9.67133e-05
6.03444e-06
0.000778181
4.44554e-05
0.00171558
6.41312e-05
2.62909e-06
3.69147e-06
2.93752e-05
0.00398941
0.000105436
0.00342969
0.000105071
9.35252e-06
0.000118119
8.96461e-06
0.00119095
7.81335e-05
0.00258785
7.78822e-05
4.08355e-06
5.5918e-06
3.62936e-05
0.00204109
4.14423e-06
4.7054e-06
6.52871e-05
5.19496e-05
3.62508e-06
2.01347e-06
0.000236176
6.41892e-05
0.00104161
2.31291e-05
4.0674e-06
8.29213e-06
5.04101e-06
0.00065633
5.1954e-05
9.26802e-07
0.000112926
2.1912e-05
1.06328e-05
0.00353899
0.00204385
0.000189714
0.000244074
2.06966e-06
4.59281e-05
3.62802e-05
0.0115185
0.000208242
0.000472176
1.2463e-05
2.56035e-05
2.1498e-06
1.21642e-05
2.51454e-06
0.000775962
6.68489e-05
0.00170342
4.71532e-05
5.97085e-06
6.9777e-06
2.36844e-05
0.00147809
2.69409e-06
3.41715e-06
6.88601e-05
3.80313e-05
3.38477e-06
1.61926e-06
1.39651e-05
1.58997e-06
1.81837e-06
3.57278e-05
2.62393e-05
2.35966e-06
1.04962e-06
0.00277576
4.76764e-06
5.43542e-06
9.08984e-05
6.83602e-05
4.76368e-06
2.49351e-06
1.10514e-06
1.24755e-05
4.43792e-05
5.4687e-06
8.7494e-07
2.01798e-06
9.64433e-07
0.000169835
1.24424e-06
1.94234e-05
9.40262e-07
6.46184e-06
1.44493e-06
7.76118e-07
0.000262639
1.87782e-06
2.97644e-05
1.30368e-06
7.95268e-06
1.87087e-06
1.06307e-06
1955.43
10231.2
8055.19
1668.36
823.812
1703.48
1085.85
1927.55
1899.5
819.037
556.186
499.459
803.325
592.314
10661.5
1228.83
1175.21
1149.65
1841.15
2906.7
1986.73
1075.19
1947.7
2161.86
2590.2
1932.2
132594
8384.66
5231.38
1046.49
2029.92
1977.12
2607.57
130775
4342.89
9370.61
980.749
725.413
1661.72
686.566
967.127
1742.2
828.277
1770.6
692.281
822.084
797.656
1367.42
1528.34
3697.06
1121.16
800.244
1634.16
669.307
1639.91
703.21
934.973
1733.97
669.504
794.86
762.544
1405.03
762.646
1321.03
3887.85
1160.39
1805.51
1032.31
1158.6
2899.31
1752.5
1909.25
975.434
8251.69
2468.42
1901.5
128977
5457.32
8251.09
816.439
699.195
844.19
1490.88
1522.63
4360.18
1160.51
602.52
435.618
444.125
856.089
477.046
486.348
711.096
1226.01
1191.77
498.599
382.892
1757.04
505.482
963.081
828.927
1459.82
767.534
672.073
1056.56
1430.28
3621.63
436.323
527.947
419.369
660.658
454.509
829.85
477.682
2197.94
2001.89
944.275
1998.46
128730
10660.1
5413.25
896.012
486.905
503.856
1238.5
384.898
1780.62
502.595
11512.4
7538.48
5538.95
23932
4537.43
17509.3
16849.4
12997.7
6731.35
8141.12
36608.3
14410.2
11519.9
4327.21
4377.98
1712.25
3243.2
2741.26
2782.07
2190.68
5679.04
1049.34
813.071
736.658
1186.03
721.089
1129.2
1191.23
8365.92
5791.9
5986.5
23087.6
5271.37
27734.9
18327.4
795.234
1114.11
744.887
1416.55
678.011
1390.88
829.943
998.788
1441.11
1176.08
913.5
1330.92
897.595
957.879
991.753
891.595
1405.67
1149.69
891.133
1316.43
936.39
1159.64
2905.45
1028.28
2889.2
1082.71
1076.12
2829.26
951.257
1628.2
1585.34
975.815
1655.17
988.532
952.19
4659.92
3545.06
2736.48
1847.61
3195.9
2600.88
6625.39
5264.51
3957.74
3934.69
2053.77
3303.15
10912.5
3368.36
4727.17
3598.36
2890.66
1832.25
3017.41
2526.04
5622.01
18709.7
104685
77160.3
80268.7
79113.7
43469.1
29497.2
12486
6638.02
8084.03
34410.1
15668.5
4469.56
13139.3
8644.86
3694.49
3576.59
14689.2
3212.04
12026.5
12634.1
3390.77
1470.02
1516.85
1448.62
2074.85
2079.31
1850.26
4403.56
2661.66
3306.97
1748.83
2560.61
3044.85
6671.37
4351.74
3152.32
2543.55
1707.6
2535.1
6625.49
3024.97
5049.95
3896.55
3916.34
2041.59
11312.7
3351.38
3366.43
16542.6
72350.9
49045.7
93195
81675.4
49349.4
49938.1
9754.03
4289.84
4176.86
24006.4
3070.82
9335.25
8919.37
12618
6203.21
8034.99
27404
15231.6
4329.24
13592
3305.02
1384.72
1368.76
1467.59
1748.12
1982.82
1972.2
1108.21
777.884
779.148
1183.41
724.915
1110.91
1131.74
1229.52
1004.41
2125.67
1324.04
1786.16
917.06
1315.15
1256.64
1063.8
2362
1406.77
1838.36
1342.5
918.332
1521.13
2034.63
2992.36
3071.81
2672.17
1712.94
1847.98
1030.07
750.871
722.585
1176.32
683.527
1113.61
1030.31
1178.65
1350.37
994.556
2170.96
868.115
1704.79
1211.52
1174.4
1265.75
978.642
2036.58
1254.12
879.876
1686.73
1405.18
1844.75
2720.12
2727.89
1734.34
2448.74
1701.36
925.152
884.855
1095.57
1309.11
867.037
1295.57
944.678
923.113
1095.41
1309.57
888.573
942.666
860.795
1294.9
1117.28
2880.9
1019.52
2865.89
1074.35
1072.12
2806.41
924.017
1698.15
1696
1010.41
924.127
1406.84
916.831
3042.7
1329.33
1441.38
1328.4
1922.62
1922.85
1771.43
10385.3
5844.38
7195.78
30013.1
4021.28
13390.9
15463
4666.22
1906.27
3538.5
3537.88
3070.4
3070.17
10102.8
4377.71
1711.96
2742.52
3243.49
5678.02
2782.83
2190.91
20535.6
100522
97219.3
100521
28568.6
28568.9
68541.8
6957.79
3523.15
3526.27
13142.5
12930.6
3194.81
12932.2
10385.2
7195.22
5844.41
30013.3
13390.6
4020.99
15463.1
1138.87
784.46
791.236
1259.49
738.998
1146.7
1197.54
1286.23
1068.48
2292.74
1404.06
1890.1
959.673
1368.55
1271.02
1051.01
2348.87
1418.25
1871.1
1330.42
920.79
1582.43
2024.47
3025.35
3081.98
2780.51
1886.84
1883.28
828.385
1452.72
753.633
1209.56
1355.76
709.646
812.127
820.634
718.904
1389.63
1171.41
1360.27
811.281
698.487
607.966
399.239
566.112
400.485
575.493
592.189
403.286
894.298
1704.46
1698.39
930.455
1577.45
901.991
893.603
1149.68
947.366
1279.33
1985.38
873.451
1310.63
1895.85
1174.24
1015.33
1268.76
2068.91
1412.9
913.022
1892.79
1603.73
2147.1
3348.39
3384.36
1635.15
1782.2
2368.65
6354.86
4385.58
2028.17
4386.13
2816.53
7215.25
2816.44
5258.27
3782.64
1826.37
3068.04
2713.19
2314.8
5668.97
2865.14
1347.83
1295.32
1295.22
2029.98
2030.52
1838.71
5257.55
1825.75
3781
3061.42
5669.27
2713.39
2312.72
33534.6
103320
103320
96501.4
26291.8
36747.8
26291.4
8365.31
5791.8
5985.29
23087.5
18325.7
27734.8
5270.79
6862.06
3629.22
3629.35
13462
13594.2
3617.85
13593.8
797.177
1109.87
1411.45
734.849
844.816
679.61
1390.6
603.13
404.367
577.745
402.954
604.429
591.118
404.969
925.901
1789.49
1791.32
962.697
912.727
1524.61
913.709
142.42
107.936
67.1863
272.78
297.068
294.516
120.699
261.816
87.6561
264.896
251.409
248.674
251.193
253.074
260.257
258.256
304.246
239.696
305.754
208.134
66.8531
1.86369
21.2056
284.43
272.782
259.827
263.721
258.024
263.711
266.645
296.575
278.32
281.161
266.32
267.555
266.948
265.252
305.869
301.341
287.96
267.279
257.211
264.263
265.741
120.083
211.851
212.02
209.923
115.059
210.314
113.48
207.099
116.245
211.206
207.06
98.0086
107.883
200.222
306.231
304.337
302.32
259.68
257.024
233.782
238.185
203.011
84.8975
191.994
104.069
189.065
204.607
101.699
306.943
287.406
297.675
238.353
250.443
224.02
208.368
197.682
84.1276
168.562
77.741
181.324
94.8738
187.665
358.022
1539.55
1663.62
725.947
1527.7
388.745
1743.18
1323.54
539.324
903.357
559.058
536.509
435.149
553.734
443.912
477.543
357.18
395.514
544.966
376.633
521.822
480.308
940.336
1709.24
808.515
671.162
1642.77
704.1
1637.44
1088.3
3887.39
1404.46
664.027
764.217
792.606
761.234
1172.07
1265.18
2035.72
979.06
881.044
1254.61
1686.52
1403.64
2727.87
2719.38
1844.2
1735.79
1700.79
2448.42
1174.73
1348.44
2169.59
992.441
863.342
1211
1703.51
1033.71
1177.52
761.184
723.952
679.595
1101.61
1028.75
342.594
331.827
314.151
422.56
357.519
407.117
379.863
690.714
1621.3
614.342
614.917
1596.73
568.709
1622.65
1536.15
528.365
524.48
578.495
1577.63
590.789
1582.55
1532.05
523.122
522.266
557.662
1567.43
537.845
1581.88
271.276
311.09
304.769
325.781
323.956
342.778
330.18
320.064
1495.35
1287.22
1482.55
334.6
1309.31
266.046
316.914
304.827
285.725
325.649
344.902
282.562
313.436
325.921
313.156
299.055
304.33
281.572
308.624
273.31
312.704
337.641
327.529
299.057
291.515
284.249
304.163
324.47
293.339
291.29
309.487
279.866
274.827
318.919
299.929
321.757
315.542
300.943
287.614
284.575
303.333
325.046
309.807
315.156
282.49
328.614
341.857
327.459
1491.66
499.836
500.568
499.03
1437.49
495.796
1445.16
339.384
338.555
341.123
316.045
327.159
319.236
325.616
314.244
281.539
285.477
241.83
210.471
273.894
253.663
280.477
271.37
268.303
285.465
276.671
271.77
288.831
1199.18
1159.43
343.587
627.496
266.344
727.614
301.876
275.936
590.38
559.382
630.023
278.403
726.68
302.566
313.012
298.524
282.226
251.523
274.206
214.476
253.44
308.385
309.007
263.165
300.068
268.976
301.731
263.421
337.665
334.23
341.686
319.188
334.6
330.114
321.77
1489.37
508.904
520.786
511.376
1434.65
529.072
1445.22
338.78
280.063
268.79
308.615
276.262
267.377
323.487
526.167
1305.4
530.904
510.531
1384.41
506.726
1387.97
279.727
292.962
272.501
289.986
281.393
275.029
296.201
312.52
298.065
296.507
302.781
318.251
305.106
317.193
327.303
333.438
334.647
329.898
329.409
330.474
330.316
544.224
1249.27
563.241
523.992
1358.07
544.321
1380.32
322.409
301.222
307.436
307.523
327.797
322.027
312.98
333.839
344.572
338.914
341.282
335.065
336.072
343.304
280.598
271.504
269.866
283.453
274.949
274.879
283.157
274.111
334.833
329.374
287.218
368.344
359.973
292.458
281.296
272.907
272.294
275.387
283.036
285.315
277.895
326.936
330.156
271.053
285.761
288.512
363.639
358.627
324.362
326.877
326.489
332.338
333.713
333.513
332.406
316.644
321.691
320.816
329.495
326.63
327.373
328.926
310.565
295.478
294.59
295.381
310.772
310.495
295.427
286.912
379.843
352.53
385.9
324.675
405.512
306.839
281.163
292.06
274.119
288.059
287.589
280.001
293.048
1179.94
1193.67
551.98
571.666
1053.33
567.849
1036.34
310.809
296.865
295.21
310.781
295.469
297.922
313.091
289.171
290.535
280.05
292.038
297.209
286.116
299.874
551.039
1188.33
555.09
567.663
1057.51
566.976
1041.45
365.294
293.361
278.927
313.647
299.539
376.016
390.242
322.452
336.544
327.947
334.806
331.645
330.432
341.949
334.038
337.487
331.377
337.041
340.506
337.564
342.924
318.656
310.983
303.001
303.518
314.694
307.76
316.097
319.021
298.598
303.92
299.002
308.9
311.989
300.901
574.045
1094.76
1147.39
577.236
941.362
579.047
998.205
352.243
304.722
343.851
873.94
396.05
406.213
389.316
3620.18
828.713
337.979
309.945
274.629
322.62
300.223
339.039
261.956
550.219
518.947
696.963
520.688
432.039
557.989
428.892
484.904
372.076
405.872
567.405
384.695
495.889
542.809
1459.99
1468.99
1055.57
671.109
806.727
768.262
828.4
660.672
453.768
476.742
527.628
435.288
591.525
418.815
1605.35
3348.49
3388.77
2147.29
1635.46
1786.93
2370.13
1150.11
1986.56
1279.33
949.224
1310.85
875.378
1896.84
1172.09
2067.62
1269.06
1020.8
912.611
1410.34
1890.89
1049.22
1184.42
735.83
780.975
1128.36
722.297
1191.65
322.29
358.018
336.043
420.566
362.605
415.502
370.887
456.808
524.434
423.66
456.604
376.479
395.77
406.503
377.552
357.842
362.53
440.547
394.942
463.232
384.277
280.165
337.587
275.569
299.833
349.479
345.346
298.378
364.41
350.649
356.223
402.642
363.249
374.117
373.269
346.886
343.813
293.421
309.803
347.476
346.627
321.486
322.873
338.625
340.797
314.488
347.624
344.094
314.49
265.046
247.929
244.633
254.782
250.771
274.959
272.225
329.449
346.711
343.017
322.114
347.863
346.125
331.312
288.966
285.982
274.62
258.501
267.522
285.922
301.376
302.114
281.856
284.359
310.553
309.504
294.912
293.066
318.955
308.98
292.614
328.158
317.814
303.97
316.342
564.681
1108.45
575.592
568.766
950.256
565.573
1005.96
308.33
297.385
310.471
388.419
375.874
370.205
387.068
283.474
267.876
286.496
288.49
273.122
265.2
286.954
286.067
283.217
269.69
267.666
283.49
262.798
286.458
308.982
393.76
301.55
377.065
376.316
388.124
314.286
335.23
335.764
327.893
305.479
334.329
326.426
334.786
292.418
299.378
246.996
263.951
258.357
296.071
293.961
400.947
322.819
352.27
294.706
369.046
401.801
321.723
554.249
894.369
710.769
499.837
494.852
554.741
876.807
290.089
291.965
266.843
238.956
256.465
291.895
285.535
299.335
264.029
294.149
294.711
247.697
259.829
297.653
285.623
282.172
232.074
260.49
285.412
252.103
278.394
311.797
286.86
314.24
390.485
337.273
358.625
386.884
549.671
896.89
709.834
498.678
489.402
553.99
878.704
339.418
316.341
297.224
326.663
333.102
324.056
342.374
289.128
273.041
224.814
233.067
246.174
288.859
278.3
540.208
787.955
443.472
676.13
471.548
522.061
841.826
548.587
784.55
455.813
677.344
480.231
534.251
838.744
292.957
277.543
229.92
234.93
249.027
283.896
291.534
280.012
245.8
284.469
196.339
151.06
144.956
201.877
64.1308
170.205
166.229
134.044
43.5476
41.1162
138.482
47.9383
57.4236
156.818
123.924
27.6096
35.4787
108.847
255.465
227.484
270.832
184.451
112.799
132.13
166.317
98.2968
54.8241
6.03352
93.8566
5.19995
51.0568
19.4197
83.9066
10.4652
31.331
3.58667
42.7932
15.5101
69.3786
334.919
307.566
326.619
316.762
186.908
228.272
26.2932
52.5856
323.991
331.988
332.866
319.941
320.054
309.562
306.852
331.754
327.203
332.521
309.237
317.803
299.181
284.661
269.021
314.515
264.548
206.739
272.525
267.821
200.908
289.487
221.804
285.379
185.304
259.323
253.898
178.683
253.754
294.34
236.271
256.475
166.88
238.384
187.59
258.115
208.113
275.354
241.734
142.28
164.317
222.295
128.283
122.116
205.693
199.487
48.2317
115.977
122.384
185.714
89.0706
81.946
38.9644
102.295
164.256
109.087
324.235
312.684
289.534
327.492
23.737
183.167
284.354
52.7966
323.958
332.29
330.527
320.149
318.023
305.219
309.832
328.786
321.925
328.999
304.267
314.655
296.488
279.964
262.852
317.005
269.145
266.357
206.919
199.435
272.747
289.78
221.387
228.637
252.914
185.728
178.352
259.605
230.65
304.562
250.507
253.657
160.998
184.348
233.148
253.998
273.281
206.521
239.48
138.212
162.589
217.806
198.5
128.575
47.8209
122.523
115.603
121.454
206
183.07
84.161
77.8687
37.4561
100.354
106.421
159.071
188.558
171.01
0.214345
0.742573
3.01106e-05
0.00326695
2.2424
6.14889
183.345
90.9556
117.532
86.8718
112.409
33.6142
36.5018
151.711
61.6626
76.8614
81.9617
100.335
27.0235
18.0234
145.412
181.642
0.168785
2.30934e-05
1.79194
0.599327
0.0025233
6.14357
188.625
90.9829
117.665
111.066
85.4819
32.8037
36.5019
167.282
56.827
76.6315
97.0944
73.6912
25.2337
15.5906
0.0577351
19.2585
2.75903
0.634375
17.5808
2.342
0.0480907
0.287171
49.3782
8.75803
7.43244
45.6051
5.23071
0.231211
0.0453517
0.737369
0.0573638
19.2141
2.74559
17.0115
2.21847
0.287222
49.4893
8.78279
7.23757
44.878
5.02182
0.221283
8.57627
0.422902
13.6841
1.51057
0.0140593
0.708285
0.0302706
25.3279
4.8738
37.1015
3.4275
0.0563208
0.136253
1.59017
0.0108513
0.367805
0.0261202
7.18863
12.5136
1.30987
0.549277
22.4874
4.42118
35.1822
3.03521
0.0436031
0.119514
1.23874
0.155136
0.000148902
0.00654782
0.12725
0.000119957
0.00526256
0.00266677
0.00325315
0.154607
0.000113933
0.000148495
0.00654043
0.120653
0.00501307
0.0773248
0.000697976
7.01144e-05
0.00127111
0.00307637
0.0335417
0.00160883
0.000534154
0.00138734
6.04485e-05
0.0669451
0.000976805
0.00267406
0.0257926
333.167
330.627
330.207
736.534
600.698
357.249
112.253
572.25
252.129
272.92
302.988
310.146
88.6064
226.375
58.7316
186.648
410.71
351.511
433.91
337.814
419.177
415.857
335.07
305.464
319.906
318.165
306.067
302.898
293.412
303.563
319.998
325.088
322.171
304.674
305.157
290.225
283.369
1021.94
933.427
596.638
868.715
569.612
545.727
786.429
354.018
415.877
436.644
393.985
278.294
358.959
313.521
287.83
321.253
311.541
269.951
249.494
284.538
234.304
312.012
325.281
389.876
364.769
216.145
289.242
287.636
282.414
212.998
271.389
246.258
190.676
178.144
260.215
534.368
836.152
573.844
508.443
610.936
460.787
699.962
718.5
422.15
508.141
471.731
507.156
380.448
645.466
305.457
281.739
309.716
263.199
212.035
225.307
252.814
255.331
202.912
265.765
238.177
150.86
167.836
225.129
329.668
202.967
183.579
169.169
242.584
281.602
252.317
210.863
174.236
143.563
81.6911
133.477
225.073
162.413
426.994
485.689
271.218
435.861
330.786
373.645
567.817
201.237
135.905
73.573
106.601
123.67
152.429
186.232
0.000154066
2.24854e-06
2.10825e-06
1.97816e-06
1.45504e-05
6.52931e-06
4.89564e-06
9.63135e-05
1.4861e-06
1.36626e-06
1.52384e-06
3.49876e-06
3.04203e-06
7.41386e-06
3.12999e-05
1.60945e-06
1.56886e-06
1.64348e-06
2.50669e-06
3.70874e-06
1.99659e-06
3.9032e-06
2.15688e-06
2.14007e-06
2.24045e-06
2.16264e-06
3.55572e-06
2.26528e-06
2.22611e-06
2.33418e-06
2.24565e-06
4.03071e-06
2.23661e-06
2.25853e-06
2.36277e-06
)
;

boundaryField
{
    ground
    {
        type            calculated;
        value           nonuniform List<scalar> 
406
(
5.39373
211.562
355.079
842.852
645.667
788.845
628.238
676.953
149.569
563.425
279.331
498.387
567.809
721.587
513.112
469.899
316.487
475.852
339.01
422.228
268.116
415.753
352.712
157.331
249.255
381.204
281.792
205.046
86.6556
382.517
388.265
877.663
879.804
895.439
727.494
711.446
710.698
728.464
897.987
397.888
560.031
543.311
547.046
560.431
398.957
33.3128
126.326
55.0529
1642.25
1524.58
1521.92
1763.19
1737.12
1653.11
1656.75
1607.25
1638.14
1691.82
1582.15
1587.76
1530.35
1536.38
1588.04
1568.78
1440.8
1333.64
1501.63
1596.35
1548.77
1533.52
1573.11
1426.13
1486.12
1497.95
1542.05
1506.34
1465.77
1042.89
1037.46
1380.99
1390.61
1447.95
1442.26
1600.5
1582.39
1598.27
1541.21
1546.63
1537.98
1529.86
1578.07
1440.32
1485.43
1494.37
1494.71
1489.39
1439.15
1382.67
1305.28
1296.82
1307.69
1311.48
1387.02
1412.52
1459.22
1392.66
1181.42
1195.52
1054.75
1058.93
1200.97
1190.12
406.924
794.44
1007.27
1382.59
1245.76
1359.79
1250.83
1289.21
704.578
1144.41
764.298
1103.97
1189.8
1317.14
1161.03
1109.78
951.363
878.453
1037.86
948.624
1022.3
881.992
998.086
338.564
881.703
1272.37
1471.31
1188.62
1408.55
1356.72
1434.1
744.297
1036.84
567.153
1369.44
1272.14
1157.15
1103.12
1244.99
1315.93
1357.29
1447.54
1581.84
1514.83
1567.64
1532.95
1540.87
1497.43
1490.84
1436.39
1484.4
1515.27
1546.03
1409.6
1472.15
1434.45
1022.12
1143.98
997.543
877.571
793.799
947.861
848.867
744.634
610.612
647.914
764.421
892.622
848.348
704.126
610.259
497.825
645.108
720.866
512.648
638.919
530.933
475.465
562.987
421.732
15.5296
293.88
638.725
248.86
512.369
406.728
530.845
415.077
293.785
182.145
157.05
279.068
380.853
81.1867
176.12
72.1634
5.48146e-06
2.25751e-06
0.248352
176.276
0.686266
0.486357
125.984
0.0234927
81.244
15.5715
72.3223
33.1137
5.34346
54.8445
10.8585
0.489361
0.00742075
0.0133403
0.687712
17.3778
10.7944
0.246011
0.00736921
108.348
559.763
478.101
67.3186
546.454
387.684
398.343
329.214
363.902
518.224
57.1621
469.254
559.335
107.629
397.267
381.902
542.601
512.421
354.489
315.947
244.263
236.225
102.868
88.4089
216.302
186.778
98.1506
230.07
243.247
172.686
205.849
80.0944
43.1109
427.718
227.327
0.790561
0.329364
204.615
415.16
33.3434
368.853
230.982
284.487
267.617
211.101
352.169
106.297
170.277
301.781
148.653
104.479
20.7577
281.306
149.168
86.3255
13.7485
87.8168
132.275
6.02125
59.456
22.5936
13.8085
44.9249
3.08922
0.00126649
0.0898889
1.66726
0.000189714
0.0115185
0.000244074
0.000112926
0.00353899
5.1954e-05
1634.16
1661.72
1955.43
1927.55
1639.91
1733.97
1703.48
1742.2
1770.6
1668.36
2906.7
1947.7
1841.15
1805.51
1909.25
2899.31
2889.2
2829.26
2905.45
2880.9
2806.41
2865.89
1532.05
1621.3
1743.18
1527.7
1642.77
1637.44
1709.24
1663.62
1622.65
1596.73
1536.15
1582.55
1577.63
1567.43
1581.88
1539.55
627.496
726.68
1249.27
1489.37
1482.55
1309.31
1437.49
1445.16
1491.66
1108.45
1199.18
727.614
1193.67
1094.76
630.023
1495.35
1445.22
1434.65
1305.4
1387.97
1384.41
1358.07
1380.32
1287.22
1179.94
1036.34
1053.33
1057.51
1041.45
1188.33
941.362
998.205
1147.39
1159.43
1005.96
950.256
894.369
876.807
710.769
709.834
878.704
896.89
787.955
841.826
676.13
677.344
838.744
784.55
572.25
1021.94
736.534
357.249
933.427
786.429
868.715
718.5
645.466
507.156
610.936
699.962
836.152
435.861
567.817
485.689
)
;
    }
    outlet
    {
        type            calculated;
        value           nonuniform List<scalar> 0();
    }
    wall
    {
        type            calculated;
        value           nonuniform List<scalar> 0();
    }
    wall2
    {
        type            calculated;
        value           nonuniform List<scalar> 0();
    }
    wall3
    {
        type            calculated;
        value           nonuniform List<scalar> 0();
    }
    internalPatch
    {
        type            internal;
    }
    procBoundary4to0
    {
        type            processor;
        value           nonuniform List<scalar> 
32
(
7.31395e-06
0.000266703
3.78219e-05
2.55795e-06
7.82955e-07
7.53788e-07
8.93771e-07
1.68301e-05
0.000625607
0.00868115
0.0872449
0.573073
0.573073
0.33785
0.154741
0.0494185
0.000955553
1.81674e-05
1.39809e-06
2.15906e-06
4.75612e-06
7.31395e-06
0.000266703
0.0124292
0.0124292
0.00180484
0.000179422
2.76588e-06
0.00712398
0.00312479
5.93492e-05
0.000147435
)
;
    }
    procBoundary4to2
    {
        type            processor;
        value           nonuniform List<scalar> 
272
(
0.00456195
0.00500406
0.197364
0.182243
0.144289
0.0035203
8.4413e-05
0.000113165
0.000125365
5.3772e-05
3.06103e-05
1.49155e-05
5.04311e-06
2.92555e-06
2.99668e-05
0.00153449
0.0795404
3.92914
2.54676
6.65754
11.7672
16.5164
16.5164
4.04093
0.427197
0.0305944
1.52682
27.169
100.573
187.797
109.32
39.1255
4.52833
0.12359
2.53343
17.2035
43.0814
67.2698
84.2013
94.6376
102.328
122.669
185.213
267.417
364.448
518.721
677.847
839.318
998.934
1148.33
1274.88
1370.48
1370.48
1344.89
1297.15
1221.06
1243.29
1340.46
1406.96
1449.1
555.986
347.853
311.981
314.846
328.622
347.349
357.393
359.556
356.463
349.203
336.872
295.694
220.075
122.307
35.5319
2.46317
3.93441
5.38844
6.46695
6.85081
0.0975913
0.00228922
0.00124108
0.000523473
0.000144471
0.00759104
0.375669
12.772
74.5841
43.7921
36.0852
56.1425
73.3432
86.4303
86.4303
45.1747
13.7738
77.0892
171.235
253.93
307.75
256.641
185.898
102.502
31.5922
78.6327
123.147
154.562
174.222
186.224
198.353
222.604
291.315
382.093
480.511
548.83
577.541
574.448
555.061
536.58
536.58
561.885
590.726
618.122
626.352
604.136
579.105
359.154
314.375
317.253
329.694
347.792
359.596
363.867
363.243
358.063
335.089
280.254
198.747
101.442
24.5717
1.17106
0.0248012
0.0559548
169.692
130.637
119.511
148.998
171.346
187.518
187.518
135.779
230.867
300.261
336.381
341.528
332.77
299.367
241.878
164.474
208.211
234.99
249.073
256.493
266.864
294.749
369.217
401.099
386.049
352.696
330.201
321.297
321.297
338.927
362.228
392.75
399.755
376.295
320.486
320.333
331.33
347.694
360.309
365.435
367.89
359.148
321.618
256.406
223.222
213.158
240.123
259.979
273.646
273.646
326.899
342.73
341.436
336.621
333.493
332.089
318.041
275.494
291.683
293.108
290.18
291.913
321.748
306.864
286.938
278.316
280.146
280.146
290.906
304.898
323.783
331.489
323.026
332.392
346.682
359.323
366.695
366.635
345.141
295.823
286.879
307.734
320.814
326.899
342.73
341.436
336.621
327.423
327.423
321.792
319.022
316.365
303.793
292.167
286.124
280.057
278.627
282.046
282.046
292.137
303.367
314.723
324.216
338.469
351.828
360.441
359.339
336.08
346.647
347.078
348.863
344.997
336.026
321.882
312.481
312.481
305.781
303.326
289.287
289.491
294.553
294.553
304.599
314.689
330.663
344.452
353.058
356.647
)
;
    }
    procBoundary4to3
    {
        type            processor;
        value           nonuniform List<scalar> 
1024
(
6.58415e-08
2.35819e-08
7.21171e-07
1.64431e-06
2.12546e-06
1.3355e-05
6.37056e-07
5.7485e-07
4.31146e-08
1.15597e-08
2.03058e-08
6.42621e-08
1.77357e-06
7.35416e-07
1.72541e-06
9.15418e-07
3.02649e-06
3.14685e-05
0.00056221
0.00655209
0.00012539
1.31155e-06
5.84849e-07
4.31146e-08
4.31146e-08
4.31146e-08
1.02001e-07
1.02001e-07
2.04536e-07
5.27154e-08
5.27154e-08
1.42091e-07
1.42091e-07
3.48079e-06
2.03521e-06
2.48681e-05
1.04381e-05
0.000531999
0.000143865
3.00057e-05
4.26426e-06
3.02649e-06
3.14685e-05
0.00056221
0.00655209
0.0547677
0.0547677
0.0010503
2.02502e-05
1.36179e-06
3.05243e-07
3.05243e-07
1.06012e-06
1.02001e-07
1.02001e-07
2.04536e-07
2.04536e-07
2.04536e-07
5.27154e-08
5.27154e-08
1.42091e-07
1.42091e-07
3.76012e-06
6.39215e-05
4.97184e-05
0.00249638
0.00137517
0.0662877
0.0256527
0.00700037
0.0013103
0.000158384
1.41603e-05
1.32855e-06
1.73977e-06
4.57596e-06
6.56851e-05
0.000853411
0.00818195
0.0546834
0.29926
0.29926
0.00596587
0.000115079
3.15151e-06
3.05243e-07
3.05243e-07
1.06012e-06
1.06012e-06
1.06012e-06
2.16657e-06
2.16657e-06
2.18111e-06
2.12074e-07
2.12074e-07
5.44159e-08
5.44159e-08
1.48508e-07
1.48508e-07
3.89327e-06
6.50144e-05
0.00327995
0.00322942
0.153344
0.11928
4.97124
3.00633
1.23066
0.336633
0.0623687
0.00743562
0.000610418
3.79901e-05
3.65733e-07
3.65733e-07
2.22894e-07
2.22894e-07
5.91255e-06
7.33351e-05
0.000852249
0.00653465
0.033658
0.236928
1.08163
1.08163
0.0223572
0.000462712
1.12005e-05
2.02024e-06
2.02024e-06
6.2536e-06
7.52135e-06
1.17679e-05
2.16657e-06
2.16657e-06
2.18111e-06
2.18111e-06
2.18111e-06
2.12074e-07
2.12074e-07
5.44159e-08
5.44159e-08
1.48508e-07
1.48508e-07
3.68045e-06
5.35906e-05
0.00269125
0.128375
0.155655
6.16127
6.099
49.2946
44.6545
35.0063
22.3979
10.3423
2.66174
0.324078
0.0256275
0.0014815
6.8948e-05
3.31888e-06
3.65733e-07
3.65733e-07
2.22894e-07
2.22894e-07
1.54927e-06
5.90785e-06
6.55892e-05
0.000560345
0.00333041
0.0131076
0.11838
0.683989
2.61751
2.61751
0.0581474
0.00126568
2.85131e-05
2.02024e-06
2.02024e-06
8.71718e-06
1.1453e-05
2.13778e-05
2.37198e-05
1.29307e-05
1.26786e-05
1.14814e-05
7.46671e-06
1.13118e-06
1.13118e-06
1.13118e-06
3.0662e-07
3.0662e-07
3.0662e-07
2.04857e-06
2.04857e-06
6.0364e-06
6.41012e-06
9.69284e-06
1.00032e-05
1.41646e-05
3.31665e-05
3.99754e-05
5.21071e-05
5.58435e-05
6.12666e-05
6.20618e-05
5.44217e-05
4.42661e-05
1.90247e-05
1.35331e-05
0.000176905
0.00717275
0.281328
9.14885
9.14885
3.64474
0.876172
0.142472
0.0152217
0.015329
0.0130343
0.00859672
0.00426435
0.000284867
1.36196e-05
2.44129e-06
3.13747e-06
4.06427e-05
0.00169664
0.06394
1.97529
20.0633
59.9028
101.75
101.75
74.6948
44.8214
18.1907
3.4293
1.07184
2.37675
3.3244
4.1008
8.59553
37.428
95.4245
148.855
47.8344
3.88332
0.0624651
0.0115877
0.108405
0.675593
2.87508
7.66113
13.9582
19.1949
21.242
20.9111
17.2189
11.0154
5.18114
1.61621
0.331948
0.0472344
0.00468517
0.00033371
1.89609e-05
2.40819e-07
2.40819e-07
4.05168e-07
2.07827e-06
0.00018882
0.0114765
0.0114765
0.000243674
3.26324e-06
6.12923e-07
4.17066e-07
2.08448e-06
0.000113739
0.00357421
0.0909707
1.68841
13.925
45.16
88.129
132.634
173.077
206.278
230.546
243.748
244.775
236.732
162.74
91.7221
46.1726
34.7762
30.9451
25.1714
16.4828
7.00077
1.2831
0.104927
0.00522875
0.00758439
0.282342
7.4738
45.7433
45.7433
5.26763
49.4055
49.4055
49.2946
44.6545
35.0063
22.3979
10.3423
2.66174
0.324078
0.0256275
0.0014815
6.8948e-05
7.40317e-07
7.40317e-07
7.40317e-07
2.52832e-08
1.33826e-08
1.47322e-07
1.47322e-07
4.28987e-06
3.10963e-05
0.000234819
0.00104688
0.00332066
0.0367303
0.283758
1.44118
4.59274
4.59274
0.11401
0.00262863
6.04227e-05
6.26585e-06
8.72658e-06
2.21083e-05
2.88155e-05
4.20893e-05
4.55503e-05
4.30187e-05
2.29847e-05
2.03488e-05
1.40844e-05
9.35169e-06
5.28129e-06
1.13118e-06
3.0662e-07
2.04857e-06
2.04857e-06
6.97545e-06
7.76347e-06
1.35483e-05
3.18805e-05
3.8888e-05
5.17353e-05
5.63429e-05
6.22238e-05
6.17331e-05
5.22123e-05
4.14543e-05
1.7902e-05
1.29247e-05
0.000152554
0.00626873
0.249956
8.41146
8.41146
3.23334
0.751285
0.11841
0.0123094
0.000932903
0.00118417
0.00119177
0.000989497
0.000618994
2.92312e-05
3.10172e-06
4.42734e-06
9.93014e-05
0.00426653
0.160503
4.48882
31.4629
78.4849
123.041
123.041
43.0016
29.6409
15.7545
5.32537
0.833947
0.0783789
0.023913
0.0565434
0.0829832
0.10456
0.245158
3.1913
21.732
0.866777
0.0130839
0.00263342
0.0240085
0.15658
0.692433
2.14999
4.54885
6.75881
7.70047
7.44367
5.76914
3.25076
1.27208
0.35034
0.0694174
0.00953298
0.000959959
6.89474e-05
4.80161e-06
2.40819e-07
2.40819e-07
3.89043e-07
7.07527e-07
3.61124e-05
0.00203657
0.00203657
4.58435e-05
1.07476e-06
5.79939e-07
3.88656e-07
7.05922e-07
2.20271e-05
0.000663343
0.0162186
0.308132
3.82367
18.6121
45.6509
77.8685
109.34
136.311
156.174
167.1
168.687
96.1778
49.9881
38.5599
34.6081
28.3528
18.7874
8.26931
1.62163
0.133599
0.00667918
0.00961612
0.354123
8.75794
8.71225
7.16375
4.37413
1.77719
0.456171
0.0784926
0.00869082
0.000674695
4.00629e-05
3.36028e-06
7.40317e-07
7.40317e-07
7.40317e-07
7.40317e-07
7.40317e-07
3.07793e-08
1.17503e-08
5.00145e-09
1.04827e-08
1.47322e-07
1.47322e-07
1.45277e-06
2.72084e-06
1.42412e-05
6.24551e-05
0.000218198
0.0005323
0.00745233
0.0759483
0.516976
2.38862
6.70102
6.70102
0.184655
0.00447363
0.000105649
7.539e-06
1.13831e-05
2.8715e-05
3.72469e-05
5.45857e-05
5.73607e-05
5.3095e-05
4.72478e-05
3.81939e-05
2.55249e-05
1.9612e-05
2.41487e-05
3.12331e-05
2.50867e-05
5.02172e-05
6.43479e-05
6.47133e-05
5.30903e-05
4.83837e-06
7.11099e-06
0.000180773
0.0074934
0.280392
7.04342
40.1973
91.3842
137.434
137.434
52.9371
7.00428
4.5369
2.07865
0.623418
0.131816
0.0176472
0.00165952
0.000528966
0.00127942
0.00189243
0.00233559
0.00486399
0.0569981
0.000927466
0.000207615
0.00201372
0.013444
0.0634319
0.205509
0.47121
0.763805
0.896777
0.84881
0.608896
0.306266
0.110698
0.0285177
0.00533725
0.000695366
6.68339e-05
2.92061e-06
7.98062e-07
5.38577e-08
5.38577e-08
8.68122e-08
8.68122e-08
3.04874e-06
9.60044e-05
9.60044e-05
3.50741e-06
9.59745e-08
9.59745e-08
7.06664e-08
7.06664e-08
1.757e-06
3.4691e-05
0.000880835
0.0167527
0.241812
2.41458
11.4185
28.4512
49.4114
69.8624
85.9538
94.7445
49.3048
38.3562
34.633
28.484
18.8962
8.30709
1.62652
0.133755
0.00666354
0.0095551
0.351607
0.267834
0.141485
0.0498941
0.0120837
0.00199962
0.000215723
1.72147e-05
3.42433e-07
3.42433e-07
2.43679e-08
1.17977e-08
3.07793e-08
1.96954e-08
5.97373e-07
2.42549e-08
7.87033e-09
1.56475e-08
1.50267e-07
1.15919e-07
1.15919e-07
1.15919e-07
8.243e-07
1.63585e-06
1.04915e-05
1.97095e-06
2.58998e-06
4.63944e-06
5.2993e-06
5.38018e-06
8.17496e-06
0.000227678
0.00945813
0.354299
8.41815
44.3844
97.4069
144.187
144.187
57.693
8.31436
0.245663
0.195263
0.113317
0.046519
0.0135733
0.00283354
0.000376203
3.52985e-05
1.28212e-05
2.96358e-05
4.39857e-05
5.28567e-05
9.80606e-05
2.80055e-05
0.000269625
0.00191904
0.00896283
0.0296648
0.0712559
0.120227
0.145708
0.139928
0.100783
0.0496878
0.0172566
0.00440406
0.000785938
9.39745e-05
1.00773e-05
8.9641e-07
6.95684e-07
5.38577e-08
5.38577e-08
8.68122e-08
8.68122e-08
1.49703e-06
7.42086e-06
7.42086e-06
1.53055e-06
9.59745e-08
9.59745e-08
7.06664e-08
7.06664e-08
7.53769e-07
3.2655e-06
7.09854e-05
0.00134065
0.0203652
0.231989
1.82388
7.72994
18.5316
31.6141
42.9951
33.2423
30.1965
24.9287
16.4078
6.94233
1.26134
0.102096
0.0050267
0.00720927
0.0037079
0.00127387
0.000303414
5.25568e-05
5.93638e-06
1.24762e-06
3.42433e-07
3.42433e-07
1.92849e-07
1.06213e-08
4.13237e-09
5.83314e-09
8.86435e-09
1.34804e-07
1.34804e-07
2.49674e-06
5.97373e-07
5.97373e-07
5.97373e-07
3.50244e-06
3.59231e-07
3.59231e-07
3.59231e-07
1.54976e-06
1.50267e-07
1.50267e-07
1.50267e-07
1.15919e-07
6.32942e-07
6.6305e-07
9.21289e-07
2.54687e-06
3.75701e-06
6.84882e-06
8.1116e-06
0.000227773
0.00947768
0.355717
8.4671
44.6316
97.8432
144.654
144.654
57.9992
8.37489
0.248063
0.0222437
0.0219773
0.0173284
0.00996888
0.00413747
0.00122191
0.000262719
3.54916e-05
5.32589e-06
1.00747e-05
1.50279e-05
1.75516e-05
0.00016025
0.00114492
0.00524209
0.0171641
0.0417227
0.0731353
0.0917865
0.0898165
0.0654662
0.0328257
0.0116847
0.00301888
0.000551675
6.25209e-05
8.00609e-06
3.18038e-07
3.18038e-07
3.18626e-08
7.03605e-08
1.22026e-06
2.35977e-06
2.35977e-06
1.22769e-06
7.68402e-08
5.1972e-08
9.02279e-07
9.02279e-07
3.80752e-05
0.000694254
0.0111285
0.134073
1.08396
5.08007
13.2078
23.7476
21.6742
17.8256
11.337
4.31542
0.678682
0.0529368
0.00257061
0.000875406
0.000207377
3.56982e-05
5.03621e-06
2.3025e-06
1.92849e-07
1.92849e-07
1.92849e-07
1.69574e-06
8.24098e-08
8.24098e-08
6.52717e-09
3.75107e-08
5.91224e-08
9.54814e-07
1.34804e-07
1.34804e-07
7.3427e-06
0.000165726
2.00173e-05
0.000496746
3.29284e-05
0.000687249
3.1096e-05
3.59231e-07
1.74294e-05
0.000215498
6.82992e-06
5.6141e-05
1.71079e-06
8.26916e-07
6.12181e-06
3.13791e-05
8.65914e-05
0.000172951
0.00719976
0.271592
6.93947
40.1243
91.4918
137.52
137.52
53.088
7.01164
0.195323
0.0173417
0.0385958
0.0504282
0.0500463
0.0392793
0.0223478
0.00925701
0.00280363
0.000615106
8.43077e-05
0.000132004
0.000924717
0.0042075
0.013851
0.0337478
0.0596467
0.0759796
0.0755693
0.0563711
0.0291971
0.0106675
0.00278672
0.00051929
5.92224e-05
7.75741e-06
3.18038e-07
3.18038e-07
2.21175e-07
2.6919e-08
5.767e-08
9.54814e-07
1.21852e-06
2.21261e-06
2.21261e-06
1.22475e-06
9.54814e-07
9.54814e-07
9.54814e-07
9.54814e-07
7.3427e-06
0.000165726
0.00437031
0.00437031
0.094225
0.0107719
0.189236
0.0122167
0.000520227
0.00684736
0.0639634
0.00199961
0.0121311
0.000322023
0.00131668
0.00375285
0.143314
4.15037
30.5292
77.4736
121.978
121.978
42.3654
4.35898
0.107917
0.00949718
0.0206811
0.00775087
0.00204262
0.000383831
3.99984e-05
5.76536e-06
2.21175e-07
2.21175e-07
2.21175e-07
7.47194e-07
1.23916e-07
2.0871e-06
9.54814e-07
5.51019e-06
0.000100588
0.00206752
0.094225
1.59821
1.59821
12.4352
2.43432
0.16333
1.51395
7.3383
0.391356
1.61317
0.0503279
18.2275
57.1006
98.617
98.617
27.8603
1.80689
0.0400273
0.00356934
0.000925867
0.000171423
1.87187e-05
4.00208e-06
1.67601e-05
1.54568e-06
4.3249e-05
2.70871e-06
0.000746126
0.0346043
0.436769
12.4352
37.6389
37.6389
13.277
33.7632
69.1119
69.1119
13.3826
0.471779
0.0102869
0.00180015
0.00019906
0.00937806
0.0842521
3.67594
9.54814e-07
5.2134e-07
9.02279e-07
9.02279e-07
3.51429e-05
0.000633578
0.0101773
0.122301
0.956989
4.54854
12.0096
9.68915
5.71029
1.79291
0.248468
0.0183144
0.00438924
0.000704972
6.77603e-05
7.01186e-06
8.86592e-05
5.92325e-06
4.05722e-05
3.32944e-06
8.24098e-08
8.24098e-08
5.2134e-07
5.2134e-07
5.2134e-07
2.69341e-05
0.000468453
0.00763691
0.0918158
0.717977
3.53252
1.8118
0.469964
0.0621169
0.0101265
0.00111003
0.00938293
0.000747141
0.0034021
0.000207185
1.37726e-05
0.0413079
0.340467
0.0841939
)
;
    }
    procBoundary4to5
    {
        type            processor;
        value           nonuniform List<scalar> 
664
(
0.000473351
0.0176792
0.637671
15.9297
86.6569
66.2731
43.2923
21.1727
6.05434
6.05434
5.4183
4.00512
2.29331
0.0795416
0.0047124
0.000213742
9.35068e-06
0.000369493
0.0163165
0.669178
13.3923
56.7
112.67
158.074
158.074
121.061
77.7336
35.7246
19.8247
28.9791
34.027
38.3197
55.8398
117.233
200.511
271.449
397.568
519.101
636.583
865.605
977.689
1082.29
1169.75
1233.82
1273.72
1294.95
1302.99
1302.99
1380.03
1436.43
1486.87
1539.6
1598.25
1670.52
1776.13
1963.18
2900.23
2905.37
2886.95
2885.28
1926.03
1748.89
1649.62
1582.51
1527.7
1468.13
1475.47
1482.14
1472.59
535.486
340.847
311.424
313.068
328.135
346.389
353.828
352.728
346.846
338.888
330.765
303.099
235.175
137.956
44.5322
51.7868
56.4922
58.1044
77.4456
12.6506
0.459782
0.0127254
0.000345964
0.000728919
0.00122654
0.0016571
0.00190281
0.00203494
0.00206674
0.00209105
0.00197382
0.00155534
0.000970799
0.0341744
1.16386
22.8642
102.55
203.131
190.913
169.459
138.04
98.1172
54.8108
54.8108
52.0086
44.9957
34.5575
3.89696
0.239975
0.0103989
0.496711
13.21
63.8728
134.901
195.128
233.303
233.303
200.765
158.648
106.256
78.1005
93.5313
102.101
110.367
138.381
216.521
308.386
403.023
481.718
591.848
616.961
619.428
604.054
579.567
554.559
535.79
528.462
528.462
511.543
504.013
512.046
544.778
610.998
727.439
968.085
920.545
960.396
993.893
1078.82
1028.56
998.516
1052.12
901.538
924.155
884.328
922.181
690.152
575.166
516.736
497.551
503.902
518.962
338.436
313.03
313.508
329.005
344.897
348.587
343.89
336.574
328.927
322.477
304.665
245.02
149.453
156.478
158.94
181.174
195.546
93.907
19.0474
0.869236
0.0255428
0.0410491
0.0541258
0.0613646
0.0654292
0.0663374
0.0674466
0.0647441
0.0523958
1.71838
28.3085
112.861
208.403
257.006
264.172
266.688
259.052
237.779
201.675
150.983
150.983
146.493
135.539
118.521
42.7815
9.00693
58.7757
138.588
212.719
262.772
291.814
291.814
265.838
232.303
186.636
155.814
171.615
181.792
194.797
226.033
308.077
377.917
451.402
447.778
419.92
383.714
352.856
329.979
315.517
312.9
312.9
309.063
319.268
349.245
414.946
546.146
821.022
1004.42
1367.22
2030.74
1175.85
1442.06
1619.23
1971.43
965.733
963.26
1653.75
1604.27
1247.81
1118.77
1749.02
1281.48
943.387
770.239
511.199
390.78
341.459
336.373
315.323
316.141
327.992
340.12
339.95
334.296
327.706
321.663
316.303
303.509
250.209
251.606
260.729
260.27
254.658
203.007
105.706
24.5971
1.34308
1.73066
1.93108
2.05408
2.07522
2.12295
2.07373
31.2076
117.844
209.673
250.03
247.712
260.878
277.571
293.844
305.19
303.925
284.248
245.719
245.719
241.374
230.682
213.773
125.35
211.312
274.286
313.726
331.42
331.42
316.759
290.817
254.343
227.18
239.889
249.008
265.144
295.525
368.258
364.717
339.873
313.105
292.867
278.188
269.75
270.924
270.924
276.142
291.397
325.816
404.944
564.867
770.933
1125.64
1711.51
1314.02
2125.26
3305.87
6670.95
2662.36
4287.53
4329.33
4967.05
3223.6
2703.55
4979.92
3427.74
1841.96
1253.78
1547.66
1122.65
736.459
545.699
391.847
325.149
327.799
334.152
341.454
338.207
331.55
324.548
318.51
313.137
302.007
291.387
275.603
259.288
246.254
248.343
206.034
112.687
28.293
29.8967
30.9008
31.002
31.4253
118.133
208.352
244.574
239.252
232.32
243.573
261.153
281.313
299.803
314.771
326.28
327.604
309.619
309.619
307.255
300.096
287.36
331.45
345.933
340.599
329.473
338.147
345.473
341.941
320.318
323.382
324.563
334.691
332.872
317.16
302.22
289.532
278.526
271.331
272.662
272.662
278.407
293.813
328.404
408.292
572.9
815.257
797.884
1180.61
2034.37
3696.06
2992.4
6202.18
13592.2
49349.5
9333.2
24003.7
15999.4
11788.7
32624.8
15925.1
5069.45
3016.93
3536.97
2038.06
1097.95
792.326
763.74
547.939
392.364
394.028
379.834
356.533
335.736
318.694
305.828
297.15
278.449
258.423
241.231
230.906
238.367
243.583
206.322
115.393
117.327
117.659
208.353
243.349
236.25
226.209
223.677
235.066
249.846
272.049
293.224
309.579
320.735
328.7
334.496
335.453
335.453
336.481
336.184
341.248
333.139
321.391
305.447
314.717
324.308
333.486
336.904
331.581
322.647
311.105
299.971
289.385
282.05
282.263
282.263
288.579
303.806
337.091
406.66
546
847.03
821.533
1196.31
1260.08
2024.14
4360.58
8384.27
9371.2
27404.2
93195.5
130776
49046.2
80112.3
151208
88685.7
25870.1
9883.44
8257.26
3986.82
1891.33
1198.25
1063.16
776.627
797.462
517.799
453.427
386.119
341.443
309.497
288.846
267.69
246.047
232.788
222.838
225.87
236.093
243.024
207.645
236.907
238.775
257.521
275.803
299.734
316.171
323.983
327.605
330.16
332.027
333.351
333.351
336.054
326.964
314.728
298.425
297.447
297.447
304.232
318.424
344.474
390.047
470.115
604.519
857.824
1059.88
1367.33
1880.11
3021.75
6636.91
13138.5
34410.1
77160.4
132594
133152
72500.4
35372.5
12246.6
6603.85
2818.56
1778.86
1253.91
980.54
807.594
567.052
425.172
341.612
292.912
270.087
253.676
316.796
295.96
299.609
324.419
341.26
353.822
351.462
342.996
335.403
329.731
326.376
324.604
324.604
312.85
312.85
317.611
326.85
341.824
365.007
400.182
444.823
487.162
505.716
744.091
1236.48
2157.96
1446.13
2295.16
3546.52
6623.6
12026.6
43469.4
80268.9
58802.2
49296
9292.37
6532.61
3210.58
2028.39
1331.55
2012.82
1135.38
717.084
492.161
461.094
330.919
393.181
387.429
380.149
402.79
585.563
903.769
826.253
1449.81
2730.69
3695.23
5231.5
14689.1
22499.9
4352.28
4264.37
2586.14
1431.32
793.538
930.244
562.154
573.596
566.608
931.421
1757.62
1705.23
1968.47
1638.01
949.45
)
;
    }
}


// ************************************************************************* //
