/*--------------------------------*- C++ -*----------------------------------*\
  =========                 |
  \\      /  F ield         | OpenFOAM: The Open Source CFD Toolbox
   \\    /   O peration     | Website:  https://openfoam.org
    \\  /    A nd           | Version:  9
     \\/     M anipulation  |
\*---------------------------------------------------------------------------*/
FoamFile
{
    format      ascii;
    class       labelList;
    note        "nPoints:3570  nCells:2662  nFaces:8823  nInternalFaces:7509";
    location    "0.0004/polyMesh";
    object      neighbour;
}
// * * * * * * * * * * * * * * * * * * * * * * * * * * * * * * * * * * * * * //


7509
(
3
6
9
11
91
97
102
103
104
105
106
139
2
34
90
91
94
140
33
90
94
95
118
119
120
141
69
92
97
98
103
9
53
76
78
81
97
6
8
9
139
7
93
139
8
96
100
101
102
103
79
80
81
82
10
76
81
82
83
84
85
139
83
84
86
105
2011
35
104
105
108
2009
41
43
44
2010
2235
28
62
63
67
126
2256
18
19
21
2260
48
49
52
77
25
26
28
59
2262
31
69
70
74
107
114
20
22
25
2369
20
24
48
23
27
50
22
24
44
2372
23
29
45
2373
24
30
46
51
47
54
27
29
2431
27
31
58
70
30
73
29
31
55
2435
30
67
2436
31
68
74
56
63
34
36
90
111
116
117
120
135
136
137
138
118
120
121
35
38
119
2199
36
91
104
107
108
112
114
117
128
129
130
131
2201
92
111
112
117
38
39
125
126
131
2238
124
125
130
131
132
133
137
138
2203
2334
55
57
61
133
2486
123
132
134
135
2339
42
45
65
2156
2460
43
46
66
86
2157
47
87
2158
45
47
2462
46
67
2463
47
68
88
89
50
54
50
53
72
78
51
73
53
54
74
88
53
54
76
85
75
83
89
56
59
126
2483
58
61
114
128
59
60
134
2481
59
60
115
2337
61
116
136
117
131
137
64
65
127
1965
2508
64
68
107
128
66
108
129
1965
66
67
1965
2509
68
109
1965
68
2513
110
71
75
104
112
71
73
115
72
98
113
73
75
99
74
75
110
97
106
77
82
78
79
80
99
80
82
81
101
82
102
85
88
106
85
87
2011
89
87
88
109
2011
89
2011
89
110
92
95
92
93
140
96
98
100
103
111
112
113
94
96
140
95
140
96
99
102
99
100
101
101
103
102
103
106
107
106
109
2009
110
108
110
109
2009
110
2009
113
116
113
114
115
115
117
116
117
119
122
1973
120
124
1973
123
122
123
2550
124
1973
2241
124
132
135
138
2551
1973
2552
127
130
2204
2585
127
128
2586
129
2204
2587
129
131
130
2204
131
2204
133
138
2592
134
137
2593
136
2594
136
138
137
138
140
263
2009
2011
2012
2013
141
277
2198
2199
2200
2201
291
1973
143
149
221
2131
2132
2133
2134
145
151
222
2096
2097
2098
2099
1963
2093
2094
2098
2100
2101
2102
2121
147
153
223
2124
2125
2126
2127
148
1964
2121
2122
2125
2191
2192
2193
148
155
224
262
156
263
2012
2013
2014
2015
2122
2125
2127
150
151
157
225
152
158
2040
2041
2042
2043
2129
2130
2131
2132
152
153
159
226
154
160
2019
2020
2021
2022
2094
2095
2096
2099
154
155
161
227
156
162
2061
2062
2063
2064
2122
2123
2126
2127
156
163
228
276
164
277
1969
2198
2200
2202
158
159
165
229
160
166
1970
160
161
167
230
162
168
1971
162
163
169
231
164
170
1972
164
171
232
290
172
291
1973
166
167
173
233
168
174
168
169
175
234
170
176
170
171
177
235
172
178
172
179
236
304
180
305
174
175
181
237
176
182
176
177
183
238
178
184
178
179
185
239
180
186
180
187
240
318
188
319
182
183
189
241
184
190
184
185
191
242
186
192
186
187
193
243
188
194
188
195
244
332
196
333
190
191
197
245
192
198
192
193
199
246
194
200
194
195
201
247
196
202
196
203
248
346
204
347
198
199
205
249
200
206
200
201
207
250
202
208
202
203
209
251
204
210
204
211
252
360
212
361
206
207
213
253
208
214
208
209
215
254
210
216
210
211
217
255
212
218
212
219
256
374
220
375
214
215
257
216
216
217
258
218
218
219
259
220
220
260
388
389
222
225
529
223
226
530
224
227
531
228
532
712
226
229
537
227
230
538
228
231
539
232
540
714
230
233
545
231
234
546
232
235
547
236
548
716
234
237
553
235
238
554
236
239
555
240
556
718
238
241
561
239
242
562
240
243
563
244
564
720
242
245
569
243
246
570
244
247
571
248
572
722
246
249
577
247
250
578
248
251
579
252
580
724
250
253
585
251
254
586
252
255
587
256
588
726
254
257
593
255
258
594
256
259
595
260
596
728
258
601
259
602
260
603
604
730
1962
2093
2128
2130
2134
2135
2136
2137
263
264
276
712
265
277
265
266
278
713
267
279
267
268
280
536
269
281
269
270
282
609
271
283
271
272
284
610
273
285
273
274
286
611
275
287
275
288
402
639
289
403
277
278
290
714
279
291
279
280
292
715
281
293
281
282
294
544
283
295
283
284
296
612
285
297
285
286
298
613
287
299
287
288
300
614
289
301
289
302
404
640
303
405
291
292
304
716
293
305
293
294
306
717
295
307
295
296
308
552
297
309
297
298
310
615
299
311
299
300
312
616
301
313
301
302
314
617
303
315
303
316
406
641
317
407
305
306
318
718
307
319
307
308
320
719
309
321
309
310
322
560
311
323
311
312
324
618
313
325
313
314
326
619
315
327
315
316
328
620
317
329
317
330
408
642
331
409
319
320
332
720
321
333
321
322
334
721
323
335
323
324
336
568
325
337
325
326
338
621
327
339
327
328
340
622
329
341
329
330
342
623
331
343
331
344
410
643
345
411
333
334
346
722
335
347
335
336
348
723
337
349
337
338
350
576
339
351
339
340
352
624
341
353
341
342
354
625
343
355
343
344
356
626
345
357
345
358
412
644
359
413
347
348
360
724
349
361
349
350
362
725
351
363
351
352
364
584
353
365
353
354
366
627
355
367
355
356
368
628
357
369
357
358
370
629
359
371
359
372
414
645
373
415
361
362
374
726
363
375
363
364
376
727
365
377
365
366
378
592
367
379
367
368
380
630
369
381
369
370
382
631
371
383
371
372
384
632
373
385
373
386
416
646
387
417
375
376
388
728
377
389
377
378
390
729
379
391
379
380
392
600
381
393
381
382
394
633
383
395
383
384
396
634
385
397
385
386
398
635
387
399
387
400
418
647
401
419
389
390
730
391
391
392
731
393
393
394
608
395
395
396
636
397
397
398
637
399
399
400
638
401
401
420
648
421
403
404
422
661
405
432
405
406
423
664
407
433
407
408
424
667
409
434
409
410
425
669
411
435
411
412
426
671
413
436
413
414
427
673
415
437
415
416
428
675
417
438
417
418
429
677
419
439
419
420
430
679
421
440
421
431
681
441
423
432
649
424
433
650
425
434
651
426
435
652
427
436
653
428
437
654
429
438
655
430
439
656
431
440
657
441
658
433
434
435
436
437
438
439
440
441
443
449
529
792
444
450
530
793
445
451
531
794
446
452
532
795
447
453
533
796
448
454
534
797
455
535
772
798
450
456
537
799
451
457
538
800
452
458
539
801
453
459
540
802
454
460
541
803
455
461
542
804
462
543
774
805
457
463
545
806
458
464
546
807
459
465
547
808
460
466
548
809
461
467
549
810
462
468
550
811
469
551
776
812
464
470
553
813
465
471
554
814
466
472
555
815
467
473
556
816
468
474
557
817
469
475
558
818
476
559
778
819
471
477
561
820
472
478
562
821
473
479
563
822
474
480
564
823
475
481
565
824
476
482
566
825
483
567
780
826
478
484
569
827
479
485
570
828
480
486
571
829
481
487
572
830
482
488
573
831
483
489
574
832
490
575
782
833
485
491
577
834
486
492
578
835
487
493
579
836
488
494
580
837
489
495
581
838
490
496
582
839
497
583
784
840
492
498
585
841
493
499
586
842
494
500
587
843
495
501
588
844
496
502
589
845
497
503
590
846
504
591
786
847
499
505
593
848
500
506
594
849
501
507
595
850
502
508
596
851
503
509
597
852
504
510
598
853
511
599
788
854
506
601
855
507
602
856
508
603
857
509
604
858
510
605
859
511
606
860
607
790
861
513
649
660
735
514
650
663
739
516
651
666
743
516
517
666
668
669
746
518
652
747
518
519
670
671
750
520
653
751
520
521
672
673
754
522
654
755
522
523
674
675
758
524
655
759
524
525
676
677
762
526
656
763
526
527
678
679
766
528
657
767
528
680
681
770
658
771
530
537
531
538
532
539
533
540
534
541
712
535
542
713
536
543
692
544
609
713
538
545
539
546
540
547
541
548
542
549
714
543
550
715
544
551
694
552
612
715
546
553
547
554
548
555
549
556
550
557
716
551
558
717
552
559
696
560
615
717
554
561
555
562
556
563
557
564
558
565
718
559
566
719
560
567
698
568
618
719
562
569
563
570
564
571
565
572
566
573
720
567
574
721
568
575
700
576
621
721
570
577
571
578
572
579
573
580
574
581
722
575
582
723
576
583
702
584
624
723
578
585
579
586
580
587
581
588
582
589
724
583
590
725
584
591
704
592
627
725
586
593
587
594
588
595
589
596
590
597
726
591
598
727
592
599
706
600
630
727
594
601
595
602
596
603
597
604
598
605
728
599
606
729
600
607
708
608
633
729
602
603
604
605
606
730
607
731
608
710
636
731
610
612
692
611
613
693
614
639
682
613
615
694
614
616
695
617
640
683
616
618
696
617
619
697
620
641
684
619
621
698
620
622
699
623
642
685
622
624
700
623
625
701
626
643
686
625
627
702
626
628
703
629
644
687
628
630
704
629
631
705
632
645
688
631
633
706
632
634
707
635
646
689
634
636
708
635
637
709
638
647
690
637
710
638
711
648
691
640
659
661
641
662
664
642
665
667
643
668
669
644
670
671
645
672
673
646
674
675
647
676
677
648
678
679
680
681
650
661
651
664
652
667
653
669
654
671
655
673
656
675
657
677
658
679
681
660
662
682
733
661
663
734
664
663
665
683
737
664
666
738
667
666
668
684
741
667
742
669
670
685
745
671
672
686
749
673
674
687
753
675
676
688
757
677
678
689
761
679
680
690
765
681
691
769
683
693
732
684
695
736
685
697
740
686
699
744
687
701
748
688
703
752
689
705
756
690
707
760
691
709
764
711
768
693
694
772
695
773
695
696
774
697
775
697
698
776
699
777
699
700
778
701
779
701
702
780
703
781
703
704
782
705
783
705
706
784
707
785
707
708
786
709
787
709
710
788
711
789
711
790
791
713
714
715
715
716
717
717
718
719
719
720
721
721
722
723
723
724
725
725
726
727
727
728
729
729
730
731
731
733
736
773
1847
734
737
1849
735
738
1851
739
1853
737
740
775
1859
738
741
1861
739
742
1863
743
1865
741
744
777
1871
742
745
1873
743
746
1875
747
1877
745
748
779
1883
746
749
1885
747
750
1887
751
1889
749
752
781
1895
750
753
1897
751
754
1899
755
1901
753
756
783
1907
754
757
1909
755
758
1911
759
1913
757
760
785
1919
758
761
1921
759
762
1923
763
1925
761
764
787
1931
762
765
1933
763
766
1935
767
1937
765
768
789
1943
766
769
1945
767
770
1947
771
1949
769
791
1955
770
1957
771
1959
1961
773
774
1843
775
1845
775
776
1855
777
1857
777
778
1867
779
1869
779
780
1879
781
1881
781
782
1891
783
1893
783
784
1903
785
1905
785
786
1915
787
1917
787
788
1927
789
1929
789
790
1939
791
1941
791
1951
1953
793
799
1349
794
800
1357
795
801
1365
796
802
1373
797
803
1381
798
804
1822
805
1823
1843
800
806
1397
801
807
1405
802
808
1413
803
809
1421
804
810
1429
805
811
1824
812
1825
1855
807
813
1445
808
814
1453
809
815
1461
810
816
1469
811
817
1477
812
818
1826
819
1827
1867
814
820
1493
815
821
1501
816
822
1509
817
823
1517
818
824
1525
819
825
1828
826
1829
1879
821
827
1541
822
828
1549
823
829
1557
824
830
1565
825
831
1573
826
832
1830
833
1831
1891
828
834
1589
829
835
1597
830
836
1605
831
837
1613
832
838
1621
833
839
1832
840
1833
1903
835
841
1637
836
842
1645
837
843
1653
838
844
1661
839
845
1669
840
846
1834
847
1835
1915
842
848
1685
843
849
1693
844
850
1701
845
851
1709
846
852
1717
847
853
1836
854
1837
1927
849
855
1733
850
856
1741
851
857
1749
852
858
1757
853
859
1765
854
860
1838
861
1839
1939
856
1781
857
1789
858
1797
859
1805
860
1813
861
1840
1841
1951
863
868
910
1382
864
869
911
1383
865
870
912
1384
866
871
913
1385
867
872
914
1386
873
915
1387
1389
869
875
916
870
876
917
871
877
918
872
878
919
873
879
920
874
880
921
881
922
1389
1842
876
882
923
877
883
924
878
884
925
879
885
926
880
886
927
881
887
928
888
929
1844
883
889
930
884
890
931
885
891
932
886
892
933
887
893
934
888
894
935
895
936
1846
890
896
937
891
897
938
892
898
939
893
899
940
894
900
941
895
901
942
902
943
1848
897
903
944
898
904
945
899
905
946
900
906
947
901
907
948
902
908
949
909
950
1850
904
951
905
952
906
953
907
954
908
955
909
956
957
1852
911
916
958
1430
912
917
959
1431
913
918
960
1432
914
919
961
1433
915
920
962
1434
921
963
1435
1437
917
923
964
918
924
965
919
925
966
920
926
967
921
927
968
922
928
969
929
970
1437
1854
924
930
971
925
931
972
926
932
973
927
933
974
928
934
975
929
935
976
936
977
1856
931
937
978
932
938
979
933
939
980
934
940
981
935
941
982
936
942
983
943
984
1858
938
944
985
939
945
986
940
946
987
941
947
988
942
948
989
943
949
990
950
991
1860
945
951
992
946
952
993
947
953
994
948
954
995
949
955
996
950
956
997
957
998
1862
952
999
953
1000
954
1001
955
1002
956
1003
957
1004
1005
1864
959
964
1006
1478
960
965
1007
1479
961
966
1008
1480
962
967
1009
1481
963
968
1010
1482
969
1011
1483
1485
965
971
1012
966
972
1013
967
973
1014
968
974
1015
969
975
1016
970
976
1017
977
1018
1485
1866
972
978
1019
973
979
1020
974
980
1021
975
981
1022
976
982
1023
977
983
1024
984
1025
1868
979
985
1026
980
986
1027
981
987
1028
982
988
1029
983
989
1030
984
990
1031
991
1032
1870
986
992
1033
987
993
1034
988
994
1035
989
995
1036
990
996
1037
991
997
1038
998
1039
1872
993
999
1040
994
1000
1041
995
1001
1042
996
1002
1043
997
1003
1044
998
1004
1045
1005
1046
1874
1000
1047
1001
1048
1002
1049
1003
1050
1004
1051
1005
1052
1053
1876
1007
1012
1054
1526
1008
1013
1055
1527
1009
1014
1056
1528
1010
1015
1057
1529
1011
1016
1058
1530
1017
1059
1531
1533
1013
1019
1060
1014
1020
1061
1015
1021
1062
1016
1022
1063
1017
1023
1064
1018
1024
1065
1025
1066
1533
1878
1020
1026
1067
1021
1027
1068
1022
1028
1069
1023
1029
1070
1024
1030
1071
1025
1031
1072
1032
1073
1880
1027
1033
1074
1028
1034
1075
1029
1035
1076
1030
1036
1077
1031
1037
1078
1032
1038
1079
1039
1080
1882
1034
1040
1081
1035
1041
1082
1036
1042
1083
1037
1043
1084
1038
1044
1085
1039
1045
1086
1046
1087
1884
1041
1047
1088
1042
1048
1089
1043
1049
1090
1044
1050
1091
1045
1051
1092
1046
1052
1093
1053
1094
1886
1048
1095
1049
1096
1050
1097
1051
1098
1052
1099
1053
1100
1101
1888
1055
1060
1102
1574
1056
1061
1103
1575
1057
1062
1104
1576
1058
1063
1105
1577
1059
1064
1106
1578
1065
1107
1579
1581
1061
1067
1108
1062
1068
1109
1063
1069
1110
1064
1070
1111
1065
1071
1112
1066
1072
1113
1073
1114
1581
1890
1068
1074
1115
1069
1075
1116
1070
1076
1117
1071
1077
1118
1072
1078
1119
1073
1079
1120
1080
1121
1892
1075
1081
1122
1076
1082
1123
1077
1083
1124
1078
1084
1125
1079
1085
1126
1080
1086
1127
1087
1128
1894
1082
1088
1129
1083
1089
1130
1084
1090
1131
1085
1091
1132
1086
1092
1133
1087
1093
1134
1094
1135
1896
1089
1095
1136
1090
1096
1137
1091
1097
1138
1092
1098
1139
1093
1099
1140
1094
1100
1141
1101
1142
1898
1096
1143
1097
1144
1098
1145
1099
1146
1100
1147
1101
1148
1149
1900
1103
1108
1150
1622
1104
1109
1151
1623
1105
1110
1152
1624
1106
1111
1153
1625
1107
1112
1154
1626
1113
1155
1627
1629
1109
1115
1156
1110
1116
1157
1111
1117
1158
1112
1118
1159
1113
1119
1160
1114
1120
1161
1121
1162
1629
1902
1116
1122
1163
1117
1123
1164
1118
1124
1165
1119
1125
1166
1120
1126
1167
1121
1127
1168
1128
1169
1904
1123
1129
1170
1124
1130
1171
1125
1131
1172
1126
1132
1173
1127
1133
1174
1128
1134
1175
1135
1176
1906
1130
1136
1177
1131
1137
1178
1132
1138
1179
1133
1139
1180
1134
1140
1181
1135
1141
1182
1142
1183
1908
1137
1143
1184
1138
1144
1185
1139
1145
1186
1140
1146
1187
1141
1147
1188
1142
1148
1189
1149
1190
1910
1144
1191
1145
1192
1146
1193
1147
1194
1148
1195
1149
1196
1197
1912
1151
1156
1198
1670
1152
1157
1199
1671
1153
1158
1200
1672
1154
1159
1201
1673
1155
1160
1202
1674
1161
1203
1675
1677
1157
1163
1204
1158
1164
1205
1159
1165
1206
1160
1166
1207
1161
1167
1208
1162
1168
1209
1169
1210
1677
1914
1164
1170
1211
1165
1171
1212
1166
1172
1213
1167
1173
1214
1168
1174
1215
1169
1175
1216
1176
1217
1916
1171
1177
1218
1172
1178
1219
1173
1179
1220
1174
1180
1221
1175
1181
1222
1176
1182
1223
1183
1224
1918
1178
1184
1225
1179
1185
1226
1180
1186
1227
1181
1187
1228
1182
1188
1229
1183
1189
1230
1190
1231
1920
1185
1191
1232
1186
1192
1233
1187
1193
1234
1188
1194
1235
1189
1195
1236
1190
1196
1237
1197
1238
1922
1192
1239
1193
1240
1194
1241
1195
1242
1196
1243
1197
1244
1245
1924
1199
1204
1246
1718
1200
1205
1247
1719
1201
1206
1248
1720
1202
1207
1249
1721
1203
1208
1250
1722
1209
1251
1723
1725
1205
1211
1252
1206
1212
1253
1207
1213
1254
1208
1214
1255
1209
1215
1256
1210
1216
1257
1217
1258
1725
1926
1212
1218
1259
1213
1219
1260
1214
1220
1261
1215
1221
1262
1216
1222
1263
1217
1223
1264
1224
1265
1928
1219
1225
1266
1220
1226
1267
1221
1227
1268
1222
1228
1269
1223
1229
1270
1224
1230
1271
1231
1272
1930
1226
1232
1273
1227
1233
1274
1228
1234
1275
1229
1235
1276
1230
1236
1277
1231
1237
1278
1238
1279
1932
1233
1239
1280
1234
1240
1281
1235
1241
1282
1236
1242
1283
1237
1243
1284
1238
1244
1285
1245
1286
1934
1240
1287
1241
1288
1242
1289
1243
1290
1244
1291
1245
1292
1293
1936
1247
1252
1294
1766
1248
1253
1295
1767
1249
1254
1296
1768
1250
1255
1297
1769
1251
1256
1298
1770
1257
1299
1771
1773
1253
1259
1300
1254
1260
1301
1255
1261
1302
1256
1262
1303
1257
1263
1304
1258
1264
1305
1265
1306
1773
1938
1260
1266
1307
1261
1267
1308
1262
1268
1309
1263
1269
1310
1264
1270
1311
1265
1271
1312
1272
1313
1940
1267
1273
1314
1268
1274
1315
1269
1275
1316
1270
1276
1317
1271
1277
1318
1272
1278
1319
1279
1320
1942
1274
1280
1321
1275
1281
1322
1276
1282
1323
1277
1283
1324
1278
1284
1325
1279
1285
1326
1286
1327
1944
1281
1287
1328
1282
1288
1329
1283
1289
1330
1284
1290
1331
1285
1291
1332
1286
1292
1333
1293
1334
1946
1288
1335
1289
1336
1290
1337
1291
1338
1292
1339
1293
1340
1341
1948
1295
1300
1814
1296
1301
1815
1297
1302
1816
1298
1303
1817
1299
1304
1818
1305
1819
1821
1301
1307
1302
1308
1303
1309
1304
1310
1305
1311
1306
1312
1313
1821
1950
1308
1314
1309
1315
1310
1316
1311
1317
1312
1318
1313
1319
1320
1952
1315
1321
1316
1322
1317
1323
1318
1324
1319
1325
1320
1326
1327
1954
1322
1328
1323
1329
1324
1330
1325
1331
1326
1332
1327
1333
1334
1956
1329
1335
1330
1336
1331
1337
1332
1338
1333
1339
1334
1340
1341
1958
1336
1337
1338
1339
1340
1341
1960
1343
1350
1390
1344
1351
1391
1345
1352
1392
1346
1353
1393
1347
1354
1394
1348
1355
1395
1349
1356
1396
1357
1397
1351
1358
1398
1352
1359
1399
1353
1360
1400
1354
1361
1401
1355
1362
1402
1356
1363
1403
1357
1364
1404
1365
1405
1359
1366
1406
1360
1367
1407
1361
1368
1408
1362
1369
1409
1363
1370
1410
1364
1371
1411
1365
1372
1412
1373
1413
1367
1374
1414
1368
1375
1415
1369
1376
1416
1370
1377
1417
1371
1378
1418
1372
1379
1419
1373
1380
1420
1381
1421
1375
1382
1422
1376
1383
1423
1377
1384
1424
1378
1385
1425
1379
1386
1426
1380
1387
1427
1381
1388
1428
1429
1822
1383
1430
1384
1431
1385
1432
1386
1433
1387
1434
1388
1435
1389
1436
1822
1437
1823
1391
1398
1438
1392
1399
1439
1393
1400
1440
1394
1401
1441
1395
1402
1442
1396
1403
1443
1397
1404
1444
1405
1445
1399
1406
1446
1400
1407
1447
1401
1408
1448
1402
1409
1449
1403
1410
1450
1404
1411
1451
1405
1412
1452
1413
1453
1407
1414
1454
1408
1415
1455
1409
1416
1456
1410
1417
1457
1411
1418
1458
1412
1419
1459
1413
1420
1460
1421
1461
1415
1422
1462
1416
1423
1463
1417
1424
1464
1418
1425
1465
1419
1426
1466
1420
1427
1467
1421
1428
1468
1429
1469
1423
1430
1470
1424
1431
1471
1425
1432
1472
1426
1433
1473
1427
1434
1474
1428
1435
1475
1429
1436
1476
1477
1824
1431
1478
1432
1479
1433
1480
1434
1481
1435
1482
1436
1483
1437
1484
1824
1485
1825
1439
1446
1486
1440
1447
1487
1441
1448
1488
1442
1449
1489
1443
1450
1490
1444
1451
1491
1445
1452
1492
1453
1493
1447
1454
1494
1448
1455
1495
1449
1456
1496
1450
1457
1497
1451
1458
1498
1452
1459
1499
1453
1460
1500
1461
1501
1455
1462
1502
1456
1463
1503
1457
1464
1504
1458
1465
1505
1459
1466
1506
1460
1467
1507
1461
1468
1508
1469
1509
1463
1470
1510
1464
1471
1511
1465
1472
1512
1466
1473
1513
1467
1474
1514
1468
1475
1515
1469
1476
1516
1477
1517
1471
1478
1518
1472
1479
1519
1473
1480
1520
1474
1481
1521
1475
1482
1522
1476
1483
1523
1477
1484
1524
1525
1826
1479
1526
1480
1527
1481
1528
1482
1529
1483
1530
1484
1531
1485
1532
1826
1533
1827
1487
1494
1534
1488
1495
1535
1489
1496
1536
1490
1497
1537
1491
1498
1538
1492
1499
1539
1493
1500
1540
1501
1541
1495
1502
1542
1496
1503
1543
1497
1504
1544
1498
1505
1545
1499
1506
1546
1500
1507
1547
1501
1508
1548
1509
1549
1503
1510
1550
1504
1511
1551
1505
1512
1552
1506
1513
1553
1507
1514
1554
1508
1515
1555
1509
1516
1556
1517
1557
1511
1518
1558
1512
1519
1559
1513
1520
1560
1514
1521
1561
1515
1522
1562
1516
1523
1563
1517
1524
1564
1525
1565
1519
1526
1566
1520
1527
1567
1521
1528
1568
1522
1529
1569
1523
1530
1570
1524
1531
1571
1525
1532
1572
1573
1828
1527
1574
1528
1575
1529
1576
1530
1577
1531
1578
1532
1579
1533
1580
1828
1581
1829
1535
1542
1582
1536
1543
1583
1537
1544
1584
1538
1545
1585
1539
1546
1586
1540
1547
1587
1541
1548
1588
1549
1589
1543
1550
1590
1544
1551
1591
1545
1552
1592
1546
1553
1593
1547
1554
1594
1548
1555
1595
1549
1556
1596
1557
1597
1551
1558
1598
1552
1559
1599
1553
1560
1600
1554
1561
1601
1555
1562
1602
1556
1563
1603
1557
1564
1604
1565
1605
1559
1566
1606
1560
1567
1607
1561
1568
1608
1562
1569
1609
1563
1570
1610
1564
1571
1611
1565
1572
1612
1573
1613
1567
1574
1614
1568
1575
1615
1569
1576
1616
1570
1577
1617
1571
1578
1618
1572
1579
1619
1573
1580
1620
1621
1830
1575
1622
1576
1623
1577
1624
1578
1625
1579
1626
1580
1627
1581
1628
1830
1629
1831
1583
1590
1630
1584
1591
1631
1585
1592
1632
1586
1593
1633
1587
1594
1634
1588
1595
1635
1589
1596
1636
1597
1637
1591
1598
1638
1592
1599
1639
1593
1600
1640
1594
1601
1641
1595
1602
1642
1596
1603
1643
1597
1604
1644
1605
1645
1599
1606
1646
1600
1607
1647
1601
1608
1648
1602
1609
1649
1603
1610
1650
1604
1611
1651
1605
1612
1652
1613
1653
1607
1614
1654
1608
1615
1655
1609
1616
1656
1610
1617
1657
1611
1618
1658
1612
1619
1659
1613
1620
1660
1621
1661
1615
1622
1662
1616
1623
1663
1617
1624
1664
1618
1625
1665
1619
1626
1666
1620
1627
1667
1621
1628
1668
1669
1832
1623
1670
1624
1671
1625
1672
1626
1673
1627
1674
1628
1675
1629
1676
1832
1677
1833
1631
1638
1678
1632
1639
1679
1633
1640
1680
1634
1641
1681
1635
1642
1682
1636
1643
1683
1637
1644
1684
1645
1685
1639
1646
1686
1640
1647
1687
1641
1648
1688
1642
1649
1689
1643
1650
1690
1644
1651
1691
1645
1652
1692
1653
1693
1647
1654
1694
1648
1655
1695
1649
1656
1696
1650
1657
1697
1651
1658
1698
1652
1659
1699
1653
1660
1700
1661
1701
1655
1662
1702
1656
1663
1703
1657
1664
1704
1658
1665
1705
1659
1666
1706
1660
1667
1707
1661
1668
1708
1669
1709
1663
1670
1710
1664
1671
1711
1665
1672
1712
1666
1673
1713
1667
1674
1714
1668
1675
1715
1669
1676
1716
1717
1834
1671
1718
1672
1719
1673
1720
1674
1721
1675
1722
1676
1723
1677
1724
1834
1725
1835
1679
1686
1726
1680
1687
1727
1681
1688
1728
1682
1689
1729
1683
1690
1730
1684
1691
1731
1685
1692
1732
1693
1733
1687
1694
1734
1688
1695
1735
1689
1696
1736
1690
1697
1737
1691
1698
1738
1692
1699
1739
1693
1700
1740
1701
1741
1695
1702
1742
1696
1703
1743
1697
1704
1744
1698
1705
1745
1699
1706
1746
1700
1707
1747
1701
1708
1748
1709
1749
1703
1710
1750
1704
1711
1751
1705
1712
1752
1706
1713
1753
1707
1714
1754
1708
1715
1755
1709
1716
1756
1717
1757
1711
1718
1758
1712
1719
1759
1713
1720
1760
1714
1721
1761
1715
1722
1762
1716
1723
1763
1717
1724
1764
1765
1836
1719
1766
1720
1767
1721
1768
1722
1769
1723
1770
1724
1771
1725
1772
1836
1773
1837
1727
1734
1774
1728
1735
1775
1729
1736
1776
1730
1737
1777
1731
1738
1778
1732
1739
1779
1733
1740
1780
1741
1781
1735
1742
1782
1736
1743
1783
1737
1744
1784
1738
1745
1785
1739
1746
1786
1740
1747
1787
1741
1748
1788
1749
1789
1743
1750
1790
1744
1751
1791
1745
1752
1792
1746
1753
1793
1747
1754
1794
1748
1755
1795
1749
1756
1796
1757
1797
1751
1758
1798
1752
1759
1799
1753
1760
1800
1754
1761
1801
1755
1762
1802
1756
1763
1803
1757
1764
1804
1765
1805
1759
1766
1806
1760
1767
1807
1761
1768
1808
1762
1769
1809
1763
1770
1810
1764
1771
1811
1765
1772
1812
1813
1838
1767
1814
1768
1815
1769
1816
1770
1817
1771
1818
1772
1819
1773
1820
1838
1821
1839
1775
1782
1776
1783
1777
1784
1778
1785
1779
1786
1780
1787
1781
1788
1789
1783
1790
1784
1791
1785
1792
1786
1793
1787
1794
1788
1795
1789
1796
1797
1791
1798
1792
1799
1793
1800
1794
1801
1795
1802
1796
1803
1797
1804
1805
1799
1806
1800
1807
1801
1808
1802
1809
1803
1810
1804
1811
1805
1812
1813
1807
1814
1808
1815
1809
1816
1810
1817
1811
1818
1812
1819
1813
1820
1840
1815
1816
1817
1818
1819
1820
1821
1840
1841
1823
1824
1825
1842
1825
1826
1827
1854
1827
1828
1829
1866
1829
1830
1831
1878
1831
1832
1833
1890
1833
1834
1835
1902
1835
1836
1837
1914
1837
1838
1839
1926
1839
1840
1841
1938
1841
1950
1843
1844
1854
1845
1855
1845
1846
1856
1847
1857
1847
1848
1858
1849
1859
1849
1850
1860
1851
1861
1851
1852
1862
1853
1863
1853
1864
1865
1855
1856
1866
1857
1867
1857
1858
1868
1859
1869
1859
1860
1870
1861
1871
1861
1862
1872
1863
1873
1863
1864
1874
1865
1875
1865
1876
1877
1867
1868
1878
1869
1879
1869
1870
1880
1871
1881
1871
1872
1882
1873
1883
1873
1874
1884
1875
1885
1875
1876
1886
1877
1887
1877
1888
1889
1879
1880
1890
1881
1891
1881
1882
1892
1883
1893
1883
1884
1894
1885
1895
1885
1886
1896
1887
1897
1887
1888
1898
1889
1899
1889
1900
1901
1891
1892
1902
1893
1903
1893
1894
1904
1895
1905
1895
1896
1906
1897
1907
1897
1898
1908
1899
1909
1899
1900
1910
1901
1911
1901
1912
1913
1903
1904
1914
1905
1915
1905
1906
1916
1907
1917
1907
1908
1918
1909
1919
1909
1910
1920
1911
1921
1911
1912
1922
1913
1923
1913
1924
1925
1915
1916
1926
1917
1927
1917
1918
1928
1919
1929
1919
1920
1930
1921
1931
1921
1922
1932
1923
1933
1923
1924
1934
1925
1935
1925
1936
1937
1927
1928
1938
1929
1939
1929
1930
1940
1931
1941
1931
1932
1942
1933
1943
1933
1934
1944
1935
1945
1935
1936
1946
1937
1947
1937
1948
1949
1939
1940
1950
1941
1951
1941
1942
1952
1943
1953
1943
1944
1954
1945
1955
1945
1946
1956
1947
1957
1947
1948
1958
1949
1959
1949
1960
1961
1951
1952
1953
1953
1954
1955
1955
1956
1957
1957
1958
1959
1959
1960
1961
1961
1981
2108
2135
2136
2139
1974
2100
2101
2105
2143
1988
2014
2191
2192
2196
1992
2009
2015
2149
2153
2154
2156
2157
2160
2161
2204
1970
2016
2037
2039
2043
2177
2182
2183
2300
2613
2614
2615
1971
2016
2017
2022
2059
2163
2168
2169
2286
2606
2607
2608
1972
2058
2059
2063
2203
2334
1973
2063
2198
2202
2203
1971
2037
2042
2043
2239
2494
2495
2496
1972
2016
2021
2022
2240
2501
2502
2503
1973
2059
2063
2064
2241
2552
2553
2554
2198
2199
2203
2094
2205
2206
2210
2226
1976
2093
2101
2107
2108
2110
2095
2205
2212
2213
2215
1993
1995
1996
1999
2234
2044
2046
2048
2080
2164
2242
2002
2003
2006
2023
2243
2044
2051
2053
2057
2171
2418
1983
2040
2068
2069
2070
2071
2130
2136
2139
2140
2212
2214
2216
2217
1983
2128
2136
2219
2220
2222
2041
2117
2118
2119
2120
2129
2220
2222
2225
2023
2024
2029
2073
2379
1987
2065
2066
2071
2178
2442
2072
2074
2078
2115
2426
2038
2114
2116
2119
2474
1990
2015
2061
2122
2152
2153
2154
2155
2192
2194
2196
2227
2231
2232
1990
2121
2142
2143
2147
2192
2123
2226
2227
2231
2030
2086
2088
2092
2461
2058
2149
2151
2153
2508
2030
2032
2033
2257
2031
2079
2081
2084
2150
2472
1997
2000
2032
2046
2348
1997
2001
2002
2349
1998
2004
2045
2352
2000
2001
2005
2047
2103
2000
2001
2033
2104
2034
2049
2105
2008
2106
2004
2008
2355
2004
2007
2025
2052
2356
2005
2053
2359
2007
2008
2054
2110
2007
2008
2026
2111
2027
2056
2112
2113
2011
2013
2201
2086
2156
2158
2159
2012
2157
2158
2161
2162
2013
2014
2015
2200
2015
2159
2160
2161
2162
2191
2195
2196
2202
2018
2021
2170
2175
2176
2285
2599
2600
2601
2163
2164
2169
2184
2237
2163
2170
2171
2175
2284
2020
2022
2062
2166
2167
2168
2169
2206
2207
2209
2211
2021
2040
2173
2174
2175
2176
2213
2214
2216
2218
2022
2043
2064
2025
2026
2233
2025
2028
2066
2074
2380
2027
2067
2375
2027
2029
2138
2028
2069
2139
2029
2070
2075
2140
2077
2141
2031
2036
2386
2032
2035
2088
2387
2034
2081
2382
2034
2036
2145
2035
2083
2146
2036
2084
2089
2147
2092
2148
2038
2042
2299
2041
2114
2118
2119
2177
2178
2181
2183
2298
2564
2565
2566
2170
2177
2179
2182
2236
2041
2043
2180
2181
2182
2183
2042
2043
2045
2050
2165
2412
2046
2047
2053
2416
2049
2081
2411
2049
2050
2054
2208
2049
2050
2082
2166
2209
2083
2210
2057
2167
2211
2052
2055
2065
2172
2244
2053
2056
2067
2419
2054
2423
2056
2057
2215
2056
2057
2068
2173
2216
2069
2217
2174
2218
2060
2061
2151
2153
2155
2185
2188
2190
2204
2585
2587
2588
2589
2060
2064
2184
2189
2190
2335
2641
2642
2643
2184
2185
2190
2333
2062
2063
2202
2064
2187
2188
2189
2190
2227
2228
2229
2232
2064
2067
2068
2179
2249
2067
2070
2116
2444
2069
2438
2069
2071
2180
2070
2071
2117
2119
2181
2073
2076
2250
2074
2077
2425
2075
2116
2428
2077
2078
2117
2222
2077
2078
2223
2224
2120
2225
2080
2085
2151
2185
2470
2081
2082
2186
2258
2083
2466
2083
2085
2187
2229
2084
2230
2085
2152
2231
2155
2188
2232
2087
2090
2235
2088
2091
2149
2156
2460
2089
2150
2464
2091
2092
2152
2194
2091
2092
2159
2195
2154
2160
2196
2197
2095
2097
2107
2108
2109
2095
2099
2123
2205
2206
2207
2096
2130
2212
2213
2214
2097
2099
2132
2098
2134
2099
2124
2126
2102
2104
2144
2102
2103
2205
2106
2107
2105
2106
2110
2208
2105
2106
2145
2146
2210
2113
2109
2113
2109
2112
2212
2111
2135
2112
2113
2215
2112
2113
2138
2139
2217
2115
2118
2251
2116
2120
2475
2117
2478
2119
2120
2119
2120
2123
2124
2142
2143
2144
2123
2127
2126
2226
2227
2228
2125
2126
2127
2127
2129
2133
2219
2220
2221
2130
2131
2132
2132
2133
2134
2134
2137
2138
2137
2140
2141
2219
2139
2141
2140
2141
2222
2224
2144
2148
2193
2144
2146
2226
2145
2146
2148
2147
2230
2148
2194
2231
2197
2150
2154
2509
2151
2152
2510
2155
2511
2154
2155
2154
2155
2157
2160
2158
2161
2162
2160
2162
2161
2162
2165
2168
2487
2165
2166
2186
2488
2167
2171
2489
2167
2169
2187
2168
2174
2169
2175
2189
2172
2176
2515
2172
2174
2516
2173
2179
2517
2174
2176
2180
2175
2176
2182
2178
2183
2543
2179
2181
2544
2180
2545
2181
2182
2183
2183
2186
2189
2578
2186
2188
2579
2187
2580
2188
2189
2190
2190
2193
2195
2193
2194
2197
2196
2197
2196
2197
2199
2200
2201
2203
2201
2202
2204
2204
2204
2207
2208
2207
2209
2228
2211
2213
2210
2211
2215
2210
2211
2229
2230
2218
2214
2217
2214
2218
2216
2217
2218
2217
2218
2221
2224
2221
2225
2223
2224
2225
2224
2225
2228
2230
2228
2232
2229
2230
2232
2231
2232
2243
2375
2376
2379
2257
2348
2349
2350
2460
2461
2462
2515
2543
2545
2548
2613
2487
2488
2493
2578
2607
2334
2486
2585
2586
2591
2300
2494
2495
2501
2615
2616
2619
2621
2624
2625
2626
2286
2501
2503
2553
2606
2610
2612
2635
2637
2639
2640
2550
2552
2554
2258
2411
2412
2413
2488
2355
2356
2357
2249
2418
2419
2420
2517
2253
2263
2264
2267
2259
2270
2271
2274
2255
2287
2305
2306
2309
2261
2288
2312
2313
2316
2438
2439
2442
2545
2425
2426
2427
2474
2475
2476
2566
2319
2320
2323
2277
2278
2280
2301
2361
2362
2365
2302
2326
2327
2329
2435
2508
2513
2514
2586
2382
2383
2386
2466
2467
2470
2580
2291
2292
2294
2368
2369
2372
2336
2340
2341
2343
2337
2431
2432
2435
2265
2269
2270
2265
2268
2277
2305
2266
2272
2307
2268
2269
2273
2308
2354
2268
2269
2280
2357
2281
2310
2358
2276
2360
2272
2276
2272
2275
2291
2312
2273
2314
2275
2276
2315
2347
2275
2276
2294
2350
2295
2317
2351
2353
2279
2281
2326
2279
2283
2319
2282
2321
2328
2281
2283
2376
2282
2330
2377
2283
2322
2331
2378
2324
2381
2487
2515
2516
2520
2600
2501
2599
2600
2605
2606
2335
2606
2607
2610
2302
2389
2390
2392
2336
2396
2397
2399
2304
2504
2522
2523
2526
2338
2505
2529
2530
2533
2293
2295
2340
2293
2297
2368
2296
2342
2370
2295
2297
2383
2296
2344
2384
2297
2345
2371
2385
2374
2388
2299
2543
2564
2565
2569
2495
2564
2569
2570
2574
2575
2576
2577
2614
2615
2618
2619
2599
2613
2615
2616
2445
2446
2448
2403
2404
2406
2497
2571
2572
2575
2498
2536
2537
2539
2307
2310
2326
2307
2311
2313
2389
2308
2314
2310
2311
2315
2417
2310
2311
2329
2392
2420
2330
2421
2318
2393
2422
2314
2317
2340
2314
2318
2396
2315
2317
2318
2410
2317
2318
2343
2399
2413
2344
2414
2400
2415
2321
2324
2321
2325
2361
2322
2363
2324
2325
2364
2424
2324
2325
2427
2429
2367
2430
2328
2330
2328
2332
2362
2403
2331
2363
2330
2332
2406
2439
2331
2440
2332
2364
2441
2366
2407
2443
2578
2579
2584
2588
2642
2552
2585
2588
2591
2592
2593
2597
2598
2641
2642
2646
2647
2553
2641
2643
2644
2452
2453
2454
2480
2481
2483
2555
2557
2558
2560
2551
2592
2594
2595
2342
2344
2342
2346
2432
2452
2345
2433
2344
2346
2454
2467
2345
2468
2346
2434
2469
2437
2456
2471
2351
2352
2353
2354
2410
2351
2352
2382
2411
2352
2353
2355
2351
2353
2383
2384
2414
2359
2416
2360
2358
2359
2360
2417
2359
2360
2358
2359
2375
2419
2358
2360
2376
2377
2421
2423
2363
2367
2363
2366
2445
2364
2366
2367
2473
2366
2367
2448
2476
2449
2477
2479
2370
2374
2370
2373
2431
2371
2433
2373
2374
2434
2459
2373
2374
2462
2436
2463
2465
2377
2380
2438
2377
2381
2378
2440
2380
2381
2424
2441
2380
2381
2425
2428
2444
2429
2384
2387
2466
2384
2388
2385
2468
2387
2388
2459
2469
2387
2388
2461
2464
2472
2465
2391
2393
2396
2391
2395
2404
2522
2394
2398
2524
2393
2395
2406
2518
2394
2400
2519
2395
2401
2520
2525
2408
2521
2527
2398
2400
2398
2402
2453
2529
2401
2531
2400
2402
2454
2490
2401
2491
2402
2492
2532
2457
2493
2534
2405
2407
2445
2405
2408
2536
2409
2447
2538
2407
2408
2546
2409
2449
2547
2409
2540
2548
2450
2541
2549
2414
2415
2416
2417
2414
2416
2466
2415
2416
2418
2489
2414
2415
2467
2490
2468
2422
2491
2423
2421
2422
2423
2422
2423
2516
2421
2423
2438
2421
2422
2439
2518
2440
2519
2428
2429
2430
2473
2428
2429
2428
2430
2475
2429
2430
2478
2479
2433
2436
2433
2437
2480
2434
2436
2437
2512
2436
2437
2483
2513
2484
2514
2440
2444
2440
2443
2546
2441
2443
2444
2473
2443
2444
2474
2544
2477
2547
2478
2447
2449
2447
2451
2571
2450
2573
2449
2451
2567
2450
2568
2451
2569
2574
2570
2577
2455
2456
2480
2455
2457
2557
2456
2457
2581
2458
2482
2559
2458
2484
2582
2458
2561
2583
2485
2562
2584
2463
2464
2465
2512
2463
2464
2509
2464
2465
2463
2465
2513
2510
2468
2472
2468
2471
2581
2469
2471
2472
2512
2471
2472
2511
2579
2514
2582
2510
2477
2478
2479
2477
2478
2565
2478
2479
2477
2479
2567
2568
2482
2484
2482
2486
2594
2485
2596
2484
2486
2586
2485
2590
2486
2591
2597
2593
2489
2492
2608
2489
2490
2580
2491
2516
2491
2493
2581
2492
2519
2493
2520
2609
2583
2611
2496
2500
2502
2496
2651
2652
2653
2654
2499
2648
2649
2651
2504
2620
2621
2622
2500
2649
2650
2653
2654
2506
2622
2623
2625
2626
2502
2599
2603
2605
2628
2630
2632
2633
2503
2506
2507
2554
2627
2628
2629
2555
2634
2635
2636
2507
2629
2631
2632
2633
2556
2636
2638
2639
2640
2509
2511
2587
2510
2513
2511
2512
2514
2589
2513
2514
2590
2517
2521
2601
2517
2519
2518
2545
2519
2521
2546
2520
2521
2602
2548
2604
2524
2527
2536
2524
2528
2530
2627
2525
2531
2527
2528
2532
2602
2527
2528
2539
2603
2628
2540
2604
2535
2605
2630
2531
2534
2557
2531
2535
2634
2532
2534
2535
2609
2534
2535
2560
2610
2635
2561
2611
2612
2637
2538
2540
2538
2542
2572
2620
2541
2573
2540
2542
2616
2621
2541
2617
2542
2574
2618
2576
2619
2624
2544
2549
2614
2545
2547
2565
2546
2547
2548
2549
2568
2549
2617
2569
2618
2551
2556
2552
2592
2595
2598
2655
2658
2659
2661
2553
2554
2641
2644
2647
2656
2658
2660
2661
2556
2655
2656
2657
2657
2659
2660
2661
2559
2561
2559
2563
2595
2655
2562
2596
2561
2563
2644
2656
2562
2645
2563
2597
2646
2598
2647
2658
2566
2570
2566
2568
2567
2568
2570
2569
2570
2573
2577
2573
2576
2648
2574
2576
2577
2576
2577
2651
2652
2580
2583
2643
2580
2582
2589
2581
2582
2583
2584
2590
2584
2645
2591
2646
2587
2588
2587
2590
2589
2589
2591
2590
2591
2593
2598
2594
2597
2596
2596
2598
2597
2598
2601
2603
2601
2602
2608
2604
2613
2604
2605
2609
2604
2605
2616
2617
2612
2608
2612
2608
2611
2643
2609
2611
2612
2611
2612
2644
2645
2614
2617
2615
2618
2619
2617
2619
2618
2619
2623
2624
2648
2624
2626
2628
2623
2626
2629
2625
2650
2625
2652
2626
2653
2633
2630
2631
2634
2630
2633
2631
2633
2632
2637
2632
2638
2633
2639
2637
2638
2637
2640
2656
2638
2640
2657
2639
2639
2640
2660
2642
2647
2643
2646
2645
2645
2647
2646
2647
2650
2652
2650
2654
2653
2652
2654
2653
2654
2658
2659
2658
2660
2659
2660
2661
2661
2661
)


// ************************************************************************* //
