/*--------------------------------*- C++ -*----------------------------------*\
  =========                 |
  \\      /  F ield         | OpenFOAM: The Open Source CFD Toolbox
   \\    /   O peration     | Website:  https://openfoam.org
    \\  /    A nd           | Version:  9
     \\/     M anipulation  |
\*---------------------------------------------------------------------------*/
FoamFile
{
    format      ascii;
    class       volScalarField;
    location    "0.0012";
    object      overpressure;
}
// * * * * * * * * * * * * * * * * * * * * * * * * * * * * * * * * * * * * * //

dimensions      [1 -1 -2 0 0 0 0];

internalField   nonuniform List<scalar> 
10228
(
0
0
0
0
0
0
0
0
0
0
0
0
0
0
0
0
0
0
0
0
0
0
0
0
0
0
0
0
0
0
0
0
0
0
0
2.08402e-06
0
4.42989e-07
1.13768e-06
4.02477e-07
1.65368e-07
1.312e-07
7.48891e-06
2.68621e-06
7.41045e-06
2.68412e-06
0.00108291
0.0336792
0.00181536
0.00108972
0.00212196
0.0110249
0.013771
0.0119788
3.72242e-05
0.000639912
0.00014206
5.50833e-05
0.000127758
5.52634e-05
0.00085483
0.0017363
0.000836127
0.00129213
7.93079e-08
4.83473e-07
8.86066e-08
8.08213e-08
7.21921e-08
4.74363e-07
2.80153e-07
1.28229e-05
1.02593e-05
0.000366731
2.7924e-06
4.53918e-07
2.36132e-05
2.24057e-06
1.04018e-05
1.91696e-05
2.19066e-05
0.000100613
4.25876e-06
2.87411e-06
4.06618e-06
1.70839e-07
0
6.51635e-08
3.4197e-09
0
0
0
0
1.16415e-10
0
0
4.51109e-10
6.40284e-10
5.82077e-10
2.61934e-10
1.15376e-06
2.75177e-08
6.61632e-07
7.14965e-07
2.88419e-08
1.01252e-07
1.24855e-08
9.28412e-09
0
1.45519e-10
0
1.16415e-10
9.60426e-10
4.07454e-10
0
0
0
0
0
0
0
0
0
0
0
2.22353e-08
7.49715e-08
5.21919e-07
7.66886e-09
5.64614e-09
7.13044e-09
6.57747e-09
2.50584e-08
4.38304e-08
1.7506e-08
4.93892e-08
1.32422e-09
7.78527e-09
9.1095e-09
5.34346e-08
1.70257e-09
1.30967e-09
1.35333e-09
1.33441e-08
4.75848e-09
1.16415e-08
4.83124e-09
3.74421e-08
1.1496e-09
2.48692e-08
0
1.05833e-06
2.11912e-05
1.05123e-07
1.39658e-06
4.36557e-11
2.18279e-10
7.71252e-10
3.0268e-09
5.82077e-11
0
0
5.52973e-10
2.76486e-10
4.80213e-10
4.07454e-10
4.51109e-10
2.32831e-10
8.73115e-11
1.74623e-09
3.46336e-09
1.35333e-09
3.91447e-09
9.01928e-08
6.68806e-08
6.77828e-08
4.33647e-09
4.65661e-09
2.2701e-09
2.2701e-09
6.50442e-07
9.51695e-08
1.04003e-07
3.4328e-08
5.06552e-08
2.39954e-06
1.85246e-06
1.29512e-09
0
1.89175e-10
1.74623e-09
5.82077e-11
0
2.91038e-11
0
0
0
0
4.36557e-11
1.01863e-10
5.82077e-11
8.73115e-11
4.36557e-11
5.52973e-10
1.09139e-09
4.07454e-10
1.25146e-09
2.34286e-08
3.17232e-09
3.18687e-09
4.07454e-10
0
1.16415e-10
0
1.30967e-10
5.52973e-10
2.12021e-08
4.07454e-10
0
0
5.32673e-07
1.10158e-08
0
5.09317e-10
1.30967e-10
0
0
0
0
0
4.88653e-07
1.39164e-06
8.23074e-06
3.27593e-07
2.03319e-07
3.29223e-07
2.20243e-07
3.56745e-06
1.78479e-07
6.76315e-07
9.11386e-08
6.29152e-07
1.38825e-08
1.55414e-08
0
0
0
0
0
0
0
0
0
1.45519e-11
3.62343e-09
0
0
0
0
1.16415e-10
0
3.7835e-10
3.63798e-10
6.72298e-09
6.57747e-09
0
0
0
0
0
0
0
0
0
0
0
0
0
0
0
0
0
0
0
0
0
0
0
0
0
0
0
0
0
0
0
0
0
0
0
0
0
0
0
0
0
0
0
0
0
0
0
0
0
0
0
0
0
0
0
0
0
0
0
0
0
0
0
0
0
0
0
0
0
0
0
0
0
0
0
0
0
0
0
0
0
0
0
0
0
0
0
0
0
0
0
0
0
0
0
0
0
0
0
0
0
0
0
0
0
0
0
0
0
0
0
0
0
0
0
0
0
0
0
0
0
0
0
0
0
0
0
0
0
0
0
0
0
0
2.61934e-10
0
0
0
1.89175e-10
0
0
0
0
0
0
0
0
0
0
0
0
0
0
0
0
0
0
0
0
0
0
0
0
0
0
0
0
0
0
0
0
0
0
0
0
0
0
0
0
0
0
0
0
0
0
0
0
0
0
0
0
0
0
0
0
0
0
0
0
0
0
0
0
0
0
0
0
0
0
0
0
0
0
0
0
0
0
0
0
0
0
0
0
0
0
0
0
0
0
0
0
0
0
0
0
0
0
0
0
0
0
0
0
0
0
0
0
0
0
0
0
0
0
0
0
0
0
0
0
0
0
0
0
0
0
0
0
0
0
0
0
0
0
0
0
0
0
0
0
0
0
0
0
0
0
0
0
0
0
0
0
0
0
0
0
0
0
0
0
0
0
0
0
0
0
0
0
0
0
0
0
0
0
0
0
0
0
0
0
0
0
0
0
0
0
0
0
0
0
0
0
0
0
0
0
0
0
0
0
0
0
0
0
0
0
0
0
0
0
0
0
0
0
0
0
0
0
0
0
0
0
0
0
0
0
0
0
0
0
0
0
0
0
0
0
0
0
0
0
0
0
0
0
0
0
0
0
0
0
0
0
0
0
0
0
0
0
0
0
0
0
0
0
0
0
0
0
0
0
0
0
0
0
0
0
0
0
0
0
0
0
0
0
0
0
0
0
0
0
0
0
0
0
0
0
0
0
0
0
0
0
0
0
0
0
0
0
0
0
0
0
0
0
0
0
0
0
0
0
0
0
0
0
0
0
0
0
0
0
0
0
0
0
0
0
0
0
0
0
0
0
0
0
0
0
0
0
0
0
0
0
0
0
0
0
0
0
0
0
0
0
0
0
0
0
0
0
0
0
0
0
0
0
0
0
0
0
0
0
0
0
0
0
0
0
0
0
0
0
0
0
0
0
0
0
0
0
0
0
0
0
0
0
0
0
0
0
0
0
0
0
0
0
0
0
0
0
0
0
0
0
0
0
0
0
0
0
0
0
0
0
0
0
0
0
0
0
0
0
0
0
0
0
0
0
0
0
0
0
0
0
0
0
0
0
0
0
0
0
0
0
0
0
7.27596e-11
0
0
0
0
0
0
0
0
0
0
0
0
0
0
0
0
0
0
0
0
0
0
0
0
0
0
0
0
0
0
0
0
0
0
0
0
0
0
0
0
0
0
0
0
0
0
0
0
0
0
0
0
0
0
0
0
0
0
0
0
0
0
0
0
0
0
0
0
0
0
0
0
0
0
0
0
0
0
0
0
0
0
0
0
0
0
0
0
0
0
0
0
0
0
0
0
0
0
0
0
0
0
0
0
0
0
0
0
0
0
0
0
0
0
0
0
0
0
0
0
0
0
0
0
0
0
0
0
0
0
0
0
0
0
0
0
0
0
0
0
0
0
0
0
0
0
0
0
0
0
0
0
0
0
0
0
0
0
0
0
0
0
0
0
0
0
0
0
0
0
0
0
0
0
0
0
0
0
0
0
0
0
0
0
0
0
0
0
0
0
0
0
0
0
0
0
0
0
0
0
0
0
0
0
0
0
0
0
0
0
0
0
0
0
0
0
0
0
0
0
0
0
0
0
0
0
0
0
0
0
0
0
0
0
0
0
0
0
0
0
0
0
0
0
0
0
0
0
0
0
0
0
0
0
0
0
0
0
0
0
0
0
0
0
0
0
0
0
0
0
0
0
0
0
0
0
0
0
0
0
0
0
0
0
0
0
0
0
0
0
0
0
0
0
0
0
0
0
0
0
0
0
0
0
0
0
0
0
0
0
0
0
0
0
0
0
0
0
0
0
0
0
0
0
0
0
0
0
0
0
0
0
0
0
0
0
0
0
0
0
0
0
0
0
0
0
0
0
0
0
0
0
0
0
0
0
0
0
0
0
0
0
0
0
0
0
0
0
0
0
0
0
0
0
0
0
0
0
0
0
0
0
0
0
0
0
0
0
0
0
0
0
0
0
0
0
0
0
0
0
0
0
0
0
0
0
0
0
0
0
0
0
0
0
0
0
0
0
0
0
0
0
0
0
0
0
0
0
0
0
0
0
0
0
0
0
0
0
0
0
0
0
0
0
0
0
0
0
0
0
0
0
0
0
0
0
0
0
0
0
0
0
0
0
0
0
0
0
0
0
0
0
0
0
0
0
0
0
0
0
0
0
0
0
0
0
0
0
0
0
0
0
0
0
0
0
0
0
0
0
0
0
0
0
0
0
0
0
0
0
0
0
0
0
0
0
0
0
0
0
0
0
0
0
0
0
0
0
0
0
0
0
0
0
0
0
0
0
0
0
0
0
0
0
0
0
0
0
0
0
0
0
0
0
0
0
0
0
0
0
0
0
0
0
0
0
0
0
0
0
0
0
0
0
0
0
0
0
0
0
0
0
0
0
0
0
0
0
0
0
0
0
0
0
0
0
0
0
0
0
0
0
0
0
0
0
0
0
0
0
0
0
0
0
0
0
0
0
0
0
0
0
0
0
0
0
0
0
0
0
0
0
0
0
0
0
0
0
0
0
0
0
0
0
0
0
0
0
0
0
0
0
0
0
0
0
0
0
0
0
0
0
0
0
0
0
0
0
0
0
0
0
0
0
0
0
0
0
0
0
0
0
0
0
0
0
0
0
0
0
0
0
0
0
0
0
0
0
0
0
0
0
0
0
0
0
0
0
0
0
0
0
0
0
0
0
0
0
0
0
0
0
0
0
0
0
0
0
0
0
0
0
0
0
0
0
0
0
0
0
0
0
0
0
0
0
0
0
0
0
0
0
0
0
0
0
0
0
0
0
0
0
0
0
0
0
0
0
0
0
0
0
0
0
0
0
0
0
0
0
0
0
0
0
0
0
0
0
0
0
0
0
0
0
0
0
0
0
0
0
0
0
0
0
0
0
0
0
0
0
0
0
0
0
0
0
0
0
0
0
0
0
0
0
0
0
0
0
0
0
0
0
0
0
0
0
0
0
0
0
0
0
0
0
0
0
0
0
0
0
0
0
0
0
0
0
0
0
0
0
0
0
0
0
0
0
0
0
0
0
0
0
0
0
0
0
0
0
0
0
0
0
0
0
0
0
0
0
0
0
0
0
0
0
0
0
0
0
0
0
0
0
0
0
0
0
0
0
0
0
0
0
0
0
0
0
0
0
0
0
0
0
0
0
0
0
0
0
0
0
0
0
0
0
0
0
0
0
0
0
0
0
0
0
0
0
0
0
0
0
0
0
0
0
0
0
0
0
0
0
0
0
0
0
0
0
0
0
0
0
0
0
0
0
0
0
0
0
0
0
0
0
0
0
0
0
0
0
0
0
0
0
0
0
0
0
0
0
0
0
0
0
0
0
0
0
0
0
0
0
0
0
0
0
0
0
0
0
0
0
0
0
0
0
0
0
0
0
0
0
0
0
0
0
0
0
0
0
0
0
0
0
0
0
0
0
0
0
0
0
0
0
0
0
0
0
0
0
0
0
0
0
0
0
0
0
0
0
0
0
0
0
0
0
0
0
0
0
0
0
0
0
0
0
0
0
0
0
0
0
0
0
0
0
0
0
0
0
0
0
0
0
0
0
0
0
0
0
0
0
0
0
0
0
0
0
0
0
0
0
0
0
0
0
0
0
0
0
0
0
0
0
0
0
0
0
0
0
0
0
0
0
0
0
0
0
0
0
0
0
0
0
0
0
0
0
0
0
0
0
0
0
0
0
0
0
0
0
0
0
0
0
0
0
0
0
0
0
0
0
0
0
0
0
0
0
0
0
0
0
0
0
0
0
0
0
0
0
0
0
0
0
0
0
0
0
0
0
0
0
0
0
0
0
0
0
0
0
0
0
0
0
0
0
0
0
0
0
0
0
0
0
0
0
0
0
0
0
0
0
0
0
0
0
0
0
0
0
0
0
0
0
0
0
0
0
0
0
0
0
0
0
0
0
0
0
0
0
0
0
0
0
0
0
0
0
0
0
0
0
0
0
0
0
0
0
0
0
0
0
0
0
0
0
0
0
0
0
0
0
0
0
0
0
0
0
0
0
0
0
0
0
0
0
0
0
0
0
0
0
0
0
0
0
0
0
0
0
0
0
0
0
0
0
0
0
0
0
0
0
0
0
0
0
0
0
0
0
0
0
0
0
0
0
0
0
0
0
0
0
0
0
0
0
0
0
0
0
0
0
0
0
0
0
0
0
0
0
0
0
0
0
0
0
0
0
0
0
0
0
0
0
0
0
0
0
0
0
0
0
0
0
0
0
0
0
0
0
0
0
0
0
0
0
0
0
0
0
0
0
0
0
0
0
0
0
0
0
0
0
0
0
0
0
0
0
0
0
0
0
0
0
0
0
0
0
0
0
0
0
0
0
0
0
0
0
0
0
0
0
0
0
0
0
0
0
0
0
0
0
0
0
0
0
0
0
0
0
0
0
0
0
0
0
0
0
0
0
0
0
0
0
0
0
0
0
0
0
0
0
0
0
0
0
0
0
0
0
0
0
0
0
0
0
0
0
0
0
0
0
0
0
0
0
0
0
0
0
0
0
0
0
0
0
0
0
0
0
0
0
0
0
0
0
0
0
0
0
0
0
0
0
0
0
0
0
0
0
0
0
0
0
0
0
0
0
0
0
0
0
0
0
0
0
0
0
0
0
0
0
0
0
0
0
0
0
0
0
0
0
0
0
0
0
0
0
0
0
0
0
0
0
0
0
0
0
0
0
0
0
0
0
0
0
0
0
0
0
0
0
0
0
0
0
0
0
0
0
0
0
0
0
0
0
0
0
0
0
0
0
0
0
0
0
0
0
0
0
0
0
0
0
0
0
0
0
0
0
0
0
0
0
0
0
0
0
0
0
0
0
0
0
0
0
0
0
0
0
0
0
0
0
0
0
0
0
0
0
0
0
0
0
0
4.36557e-10
0
0
0
0
0
0
0
0
0
0
0
0
0
0
0
0
0
2.61934e-10
0
0
0
0
0
4.36557e-11
0
0
0
0
0
0
0
0
0
0
0
0
0
0
0
0
0
0
0
0
0
0
0
0
0
0
0
0
0
0
0
0
0
0
0
0
0
0
0
0
0
0
0
0
0
0
0
0
0
0
0
0
0
0
0
0
0
0
0
0
0
0
0
0
0
0
0
0
0
0
0
0
0
0
0
0
0
0
0
0
0
0
0
0
0
0
0
0
0
0
0
0
0
0
0
0
0
0
0
0
0
0
0
0
0
0
0
0
0
0
0
0
0
0
0
0
0
0
0
0
0
1.45519e-10
0
0
8.73115e-11
0
0
0
0
0
0
0
0
0
0
0
0
0
0
1.45519e-10
4.36557e-11
1.45519e-11
0
0
0
0
0
0
0
0
0
0
0
0
0
0
0
0
0
0
0
0
0
0
0
0
0
3.7994e-05
4.899e-06
2.75398e-06
0
0
0
0
0
0
0
0
0
0
0
2.0244e-06
3.49246e-09
3.98853e-07
9.45874e-10
5.10772e-09
2.32831e-10
3.01079e-08
0
0
2.53203e-09
1.19617e-08
0
1.45519e-11
3.4488e-09
0
0
7.27596e-10
1.80444e-09
0
0
8.00355e-10
0
0
1.45519e-10
0
0
0
0
0
0
0
0
0
0
0
0
0
0
0
0
0
0
0
0
0
0
0
0
0
0
0
0
4.51109e-10
2.76486e-10
1.89175e-10
4.22006e-10
2.91038e-11
1.20781e-09
6.98492e-10
0
0
0
3.34694e-10
1.01863e-10
1.30967e-10
3.49246e-10
0
1.07684e-09
5.23869e-10
0
0
0
1.16415e-10
0
1.45519e-10
0
0
4.07454e-10
3.49246e-10
0
0
0
1.01863e-10
0
0
8.73115e-11
0
2.18279e-10
2.18279e-10
0
0
0
0
0
0
0
0
1.01863e-10
7.27596e-11
0
0
0
0
0
0
0
0
0
3.87218e-06
7.10133e-08
2.57336e-07
1.96758e-06
2.76942e-06
6.61385e-08
1.34591e-07
8.47052e-07
2.05328e-08
5.59376e-08
3.63536e-07
5.49233e-07
1.73168e-08
3.41388e-08
1.43642e-07
1.55007e-07
3.32468e-07
6.33008e-09
1.8641e-08
2.21858e-07
9.99717e-09
0
0
0
0
5.09317e-10
0
4.36557e-11
0
2.91038e-11
0
1.01863e-09
0
0
0
0
0
0
0
0
0
0
0
0
0
0
0
0
0
0
0
0
0
0
0
7.27596e-11
5.82077e-11
1.67347e-09
2.03727e-09
5.82077e-11
0
5.67525e-10
0
0
2.61934e-10
3.34694e-10
0
0
1.16415e-10
0
0
4.36557e-11
8.73115e-11
0
0
0
4.36557e-11
2.91038e-11
4.36557e-11
0
0
0
0
0
0
0
0
0
0
0
0
0
0
0
0
0
0
1.45519e-10
5.82077e-11
0
1.45519e-10
0
0
1.44064e-09
0
0
0
0
0
0
0
5.96629e-10
4.94765e-10
0
0
0
1.89175e-10
8.73115e-11
1.89175e-10
1.45519e-11
0
0
1.45519e-10
1.18307e-08
7.21702e-07
0
0
0
0
0
3.20142e-09
1.38316e-07
0
0
0
0
0
9.45874e-10
5.33473e-08
0
0
0
0
0
5.82077e-11
5.41331e-09
0
0
0
0
0
0
0
0
0
0
0
0
0
0
0
0
0
0
0
0
0
0
0
0
0
0
0
0
0
0
0
0
0
0
0
0
0
0
0
0
0
0
0
0
0
0
0
0
0
0
0
0
0
0
0
0
0
0
0
0
0
0
0
0
0
0
0
0
0
0
0
0
0
0
0
0
0
0
0
0
0
0
0
0
0
0
0
0
0
0
0
0
0
0
0
0
0
0
0
0
0
0
0
0
0
0
0
0
0
0
0
0
0
0
0
0
0
0
0
0
0
0
0
0
0
0
0
0
0
0
0
0
0
0
0
0
0
0
0
0
0
0
0
0
0
0
0
0
0
0
0
0
0
0
0
0
0
0
0
0
0
0
0
0
0
0
0
0
0
0
0
0
0
0
0
0
0
0
0
0
0
0
0
0
0
1.30967e-10
1.49157e-08
0
0
0
0
2.61934e-10
3.63798e-09
0
0
2.54659e-09
0
0
0
0
0
0
0
0
0
0
0
0
0
0
0
0
0
0
0
0
0
0
0
0
0
0
0
0
0
0
0
0
0
0
0
0
0
0
0
0
0
0
0
0
0
0
0
0
0
0
0
0
0
0
0
0
0
0
0
0
0
0
0
0
0
0
0
0
0
0
0
0
0
0
0
0
0
0
0
0
0
0
0
0
0
0
0
0
0
0
0
0
0
0
0
0
0
0
0
0
0
0
0
0
0
0
0
0
0
0
0
0
0
0
0
0
0
0
0
0
0
0
0
0
0
0
0
0
0
0
0
0
0
0
0
0
0
0
0
0
0
0
0
0
0
0
0
0
0
0
0
0
0
0
0
0
0
0
0
0
0
0
0
0
0
0
0
0
0
0
0
0
0
0
0
0
0
0
0
0
0
0
0
0
0
0
0
0
0
0
0
0
0
0
0
0
0
0
0
0
0
0
0
0
0
0
0
0
0
0
0
0
0
0
0
0
0
0
0
0
0
0
0
0
1.01863e-10
0
0
0
0
0
0
0
0
0
0
0
0
0
0
0
0
0
0
0
0
0
0
0
0
0
0
0
0
0
0
0
0
0
0
0
0
0
0
0
0
0
0
0
0
0
0
0
0
0
0
0
0
0
0
0
0
0
0
0
0
0
0
0
0
0
0
0
0
9.31323e-10
0
0
1.30967e-10
8.58563e-10
0
0
9.51259e-08
5.38421e-10
4.49654e-09
1.2762e-08
9.82691e-08
4.51109e-10
4.72937e-09
0
0
0
0
0
0
0
0
0
0
8.73115e-11
4.07454e-10
0
0
1.45519e-10
8.52742e-09
2.663e-08
2.61934e-10
1.64437e-09
2.65427e-08
1.4843e-09
9.74978e-10
0
5.82077e-11
3.34694e-10
7.50879e-09
7.91624e-09
4.07454e-10
0
0
0
0
0
0
0
1.45519e-11
0
0
0
0
0
0
6.40284e-10
2.61934e-10
0
0
8.73115e-10
0
2.32831e-10
0
0
0
0
0
0
0
0
0
0
0
0
0
0
0
0
0
0
0
0
0
0
0
0
0
0
0
0
0
0
0
0
0
0
0
0
0
0
0
0
0
0
0
0
0
0
0
0
0
0
0
0
0
0
0
0
0
0
0
0
0
0
0
0
0
0
0
0
0
0
0
0
0
0
0
0
0
0
0
0
0
0
0
0
0
0
0
0
0
0
0
0
0
0
0
0
0
0
0
0
0
0
0
0
0
0
0
0
0
0
0
0
0
0
0
0
0
0
0
0
0
0
0
0
0
0
0
0
0
0
0
0
0
0
0
0
0
0
0
0
0
0
0
0
0
0
0
0
0
0
0
2.858e-07
0
0
0
0
0
0
0
0
0
0
1.97906e-09
0
1.30967e-10
0
1.45519e-10
0
1.45519e-11
0
0
0
0
0
0
0
0
0
0
0
0
0
0
0
0
0
0
0
0
0
0
0
0
0
0
0
0
0
0
0
0
0
0
0
0
0
0
0
0
0
0
0
0
0
0
0
0
0
0
0
0
0
0
0
0
0
0
0
0
0
0
0
0
0
0
0
0
0
0
0
0
0
0
0
0
0
0
0
0
0
0
0
0
0
0
0
0
0
0
0
0
0
0
0
0
0
0
0
0
0
0
0
0
0
0
0
0
0
0
0
3.50847e-08
6.25732e-10
1.42754e-08
7.567e-10
1.67347e-08
3.95521e-08
2.11003e-09
0.000737596
127.468
0.000161416
0.00871669
0.000116284
0.00183771
0.000235451
0.00354079
8.94623e-07
0.00010476
0.0536084
2.91329e-08
1.63918e-05
0.00851975
4.77717e-05
2.98598e-06
1.59862e-05
0.000497259
0.0124358
2.32617e-06
0.000133478
1.14117
29.1705
0.000934506
0.799935
1.25394e-07
7.9405e-06
5.43994e-05
0.0639637
0.00192263
5.08167e-07
3.12758e-05
7.55292e-06
0.00020933
7.05331e-08
1.28025e-06
8.58222
0.00026515
0.0941878
0.00528935
0.117719
6.602e-06
0.000621183
2.25384e-06
8.26549e-09
1.0556e-07
0.00740255
5.27885e-07
4.6912e-05
8.15025e-05
1.65796e-06
7.5328e-07
1.34225e-06
6.47415e-08
1.83209e-08
3.36731e-08
5.38607e-05
7.98964e-06
3.81227e-05
0.00680033
0.000445081
0.000301998
3.4749e-05
0.00168859
0.000693619
6.37577e-05
0.000798893
0.000129364
0.0011235
1.88079e-06
4.05156e-06
8.98054e-06
0.000340735
0.000300426
2.40941e-05
1.42829e-05
0.000363607
0.000288892
2.0923e-05
9.87089e-05
3.45838e-06
4.41483e-05
4.06321e-06
5.24253e-05
7.86614e-06
6.12388e-05
0.00117707
0.000188002
0.00215199
2.89562e-05
0.002306
6.62131e-05
0.000476789
0.0903152
0.00145308
0.0130807
0.00253495
0.0162413
0.00880679
0.0251739
2.09189
4.71558
9.23758
0.0342515
52.5677
0.18886
0.377137
2.16969e-07
2.64365e-07
5.7109e-07
1.37489e-05
1.74138e-06
3.96991e-06
0.000107258
0.000220577
0.000783815
0.392767
0.00289089
0.0158604
9.69825e-06
9.0003e-06
9.23916e-07
3.67043e-07
1.27185e-05
7.92377e-06
5.61049e-07
5.10105e-05
0.000347036
6.44397e-06
1.43233e-05
8.18774e-05
0.000170349
3.25697e-06
1.48064e-06
6.26169e-08
6.91231e-07
8.84611e-08
8.84844e-07
1.18176e-07
8.71194e-07
1.52349e-05
2.3765e-06
1.98973e-05
3.42668e-07
2.96273e-05
8.65475e-07
5.43245e-06
0.00748262
0.00396857
0.000688115
0.000128182
0.00808371
0.00190083
0.000571293
0.0224732
1.10855
0.00561488
0.0100778
0.0593075
0.111774
0.00238663
0.00132278
1.80754e-05
0.000104301
2.48514e-05
0.000238844
0.000121708
0.000368489
0.0111071
0.00131622
0.00942937
0.00020517
0.0156284
0.000695759
0.00484609
4.44823e-07
1.00213e-06
2.01238e-07
4.19095e-09
1.13796e-08
8.58563e-09
1.75394e-07
2.99187e-08
5.13974e-08
0.000461977
0.000823468
0.000181621
1.27719e-06
1.89291e-06
8.35818e-06
0.000108323
1.28162e-05
4.42736e-05
4.09149e-05
8.0859e-05
3.74569e-05
1.06855e-07
8.54197e-09
2.76486e-10
0
5.45697e-09
1.84809e-09
3.71365e-08
3.20142e-10
1.01863e-10
1.16415e-09
7.39528e-08
0
0
1.40572e-08
2.91038e-11
2.57569e-09
0
3.0559e-10
8.73115e-11
3.34694e-10
6.3814e-05
0.0300052
0.00291138
1.1344e-05
0.00113224
6.834e-05
4.922e-06
0.000192774
3.2152e-06
2.6795e-06
1.33281e-07
5.70863e-05
1.2909e-07
1.44582e-05
3.98286e-08
2.37486e-06
0.000454499
7.63554e-07
1.75525e-06
7.68341e-09
3.5252e-07
2.08092e-09
1.6905e-07
8.45962e-06
0.000274716
1.77679e-08
1.17063e-06
1.14596e-07
6.8394e-10
3.8257e-08
2.18279e-10
0.000100591
5.52973e-09
2.06011e-07
6.5146e-07
1.77453e-05
1.06229e-09
3.91447e-08
6.89761e-09
0
2.95429e-06
3.0559e-10
5.04951e-09
4.01487e-08
3.36062e-07
5.52973e-10
1.99361e-09
8.53615e-08
4.92437e-07
4.61019e-07
3.71947e-08
4.08909e-09
2.28611e-08
1.84809e-09
4.80213e-10
2.21189e-09
2.91038e-11
0
7.27596e-11
5.04951e-09
1.25146e-08
1.04774e-08
4.1473e-09
1.42609e-09
2.64845e-09
2.28247e-07
1.98052e-08
1.15018e-07
9.60426e-10
2.47383e-10
5.52973e-10
1.89175e-10
7.27596e-11
1.16415e-10
7.75617e-09
7.13044e-10
3.91447e-09
3.70346e-08
3.88129e-07
2.69254e-07
4.36557e-11
0
4.36557e-11
0
0
0
1.70257e-08
1.40397e-07
1.15484e-07
2.91038e-10
8.73115e-11
6.54836e-10
1.77533e-08
5.80621e-09
3.01952e-08
0
0
0
2.56114e-09
5.52973e-10
4.1473e-09
8.73115e-11
0
0
1.55705e-09
1.60071e-10
6.54836e-10
1.22949e-07
2.4341e-07
2.09955e-07
3.21756e-06
4.92098e-06
4.43365e-06
3.27179e-06
7.68632e-08
3.33966e-08
5.31873e-08
8.73493e-07
1.08205e-06
1.37014e-06
8.2179e-07
1.86649e-06
9.31366e-06
8.68316e-06
0.000186268
5.68801e-05
4.46703e-05
0.00019635
3.97011e-06
4.21875e-07
2.13711e-06
6.27644e-05
8.86472e-06
1.3856e-05
3.60639e-05
1.68657e-08
5.74801e-09
9.79344e-09
1.2292e-07
2.63011e-07
1.40673e-07
1.69865e-07
3.14321e-09
1.84809e-09
2.50293e-09
3.54776e-08
3.93338e-08
4.48781e-08
3.33966e-08
5.8522e-07
7.65722e-08
3.78714e-07
6.38858e-06
3.50089e-06
8.5732e-06
1.50361e-06
1.07277e-07
1.1365e-08
5.14847e-08
1.40558e-06
1.86774e-07
2.80852e-07
6.66769e-07
5.53642e-07
5.07916e-06
4.00688e-06
1.92551e-05
5.20958e-05
5.94018e-05
8.32787e-06
1.03319e-09
8.14907e-10
1.29512e-09
1.16415e-08
1.76224e-08
1.25292e-08
1.4712e-08
2.76486e-10
2.61934e-10
3.63798e-10
4.51109e-09
4.81668e-09
5.38421e-09
4.19095e-09
2.58733e-08
8.22183e-09
3.04863e-08
3.57861e-07
1.39538e-07
4.10437e-07
8.71951e-08
2.38681e-07
2.02954e-06
1.75629e-06
2.8801e-06
2.35107e-05
3.16919e-06
2.15668e-05
4.19095e-09
1.74623e-09
9.05129e-09
9.76579e-08
1.64873e-08
2.17551e-08
4.98694e-08
2.73532e-07
8.81264e-08
3.98155e-07
1.36842e-06
3.63917e-06
4.35419e-06
5.85947e-07
0
0
2.91038e-11
2.76486e-10
7.567e-10
3.63798e-10
5.38421e-10
1.1205e-09
5.52973e-10
1.46974e-09
1.70839e-08
8.83301e-09
1.9616e-08
4.71482e-09
4.06872e-08
8.28004e-09
5.94737e-08
7.66886e-08
7.08606e-07
1.26456e-07
5.3749e-07
6.40284e-10
1.45519e-10
5.82077e-10
7.88714e-09
2.6339e-09
2.13913e-09
6.60657e-09
1.0099e-08
2.54659e-09
8.62929e-09
3.7413e-08
6.66187e-08
8.83156e-08
1.429e-08
0.000701644
7.14028e-06
0.000246641
3.88156e-05
0.000220561
2.39749e-06
7.15964e-05
12.5697
0.00899676
0.109615
0.00635538
3.52427
0.00348119
0.067459
4.37171e-05
7.45014e-07
9.08916e-06
4.70235e-06
2.19998e-05
3.15194e-07
2.43838e-06
0.0528738
0.000307253
0.00993278
0.000287748
0.00821905
4.83525e-05
0.001283
1.50878e-05
2.33238e-07
1.09021e-06
2.55475e-06
1.06489e-05
1.07655e-07
5.05257e-07
0.00169039
2.08077e-05
0.000491935
0.000117206
0.000575401
6.17722e-06
9.72656e-05
1.48328e-06
9.47475e-08
7.68603e-07
1.42381e-05
2.48494e-05
1.82724e-05
8.07228e-05
1.20015e-06
1.4813e-05
2.06813e-06
2.6598e-05
1.98091e-06
5.40608e-06
2.1178e-06
5.51183e-06
1.25146e-09
2.61934e-10
4.36557e-11
0
0
0
0
1.20219e-06
6.96018e-08
1.18598e-08
1.58616e-09
3.29994e-07
4.80213e-10
1.74623e-10
2.21917e-08
4.36557e-11
0
4.58385e-09
2.91038e-11
5.96629e-10
5.23869e-10
2.91038e-11
0
1.45519e-11
0
0
0
1.89175e-10
0
1.89175e-10
0
0
0
0
0
1.25146e-09
1.16706e-08
1.08994e-08
1.71407e-07
3.13303e-08
2.3836e-08
1.94414e-07
3.7835e-09
4.22006e-10
3.37604e-09
4.80504e-08
7.34872e-09
7.61065e-09
4.65661e-08
9.8953e-10
1.16415e-10
8.29459e-10
1.27038e-08
3.84171e-09
1.34023e-08
2.50293e-09
5.82077e-11
3.49246e-10
3.34694e-10
4.78758e-09
9.74978e-10
1.03319e-09
4.43833e-09
1.30967e-10
0
1.89175e-10
2.35741e-09
5.82077e-10
2.45927e-09
5.09317e-10
0
1.45519e-11
5.67525e-10
5.96629e-10
1.97906e-09
3.34694e-10
1.6109e-08
5.31145e-09
2.91038e-11
4.36557e-10
0
5.82077e-11
6.54836e-10
1.71713e-09
4.36557e-11
4.94765e-10
0
0
6.40284e-10
0
4.36557e-11
1.45519e-11
2.03727e-10
0
0
0
0
2.91038e-11
0
0
0
2.03727e-10
1.5134e-09
8.14907e-10
2.85218e-09
8.73115e-11
1.01863e-10
1.45519e-11
4.36557e-11
0
0
1.45519e-11
1.03319e-09
5.09317e-10
2.76486e-10
1.89175e-10
2.91038e-11
0
2.91038e-10
2.92493e-09
2.33704e-08
2.13622e-08
7.86094e-08
1.55705e-09
1.44064e-09
9.02219e-10
2.35304e-08
2.30211e-08
1.88738e-08
7.47968e-09
5.99539e-09
1.08499e-07
3.22747e-07
1.11177e-07
3.1988e-07
0
0
0
0
0
0
0
0
0
0
0
4.01633e-09
0
1.01863e-10
0
0
0
0
0
7.27596e-11
2.24099e-09
2.91038e-11
7.27596e-10
0
0
0
0
1.45519e-11
0
0
0
0
0
0
0
0
0
0
0
0
0
0
0
0
0
0
0
0
0
0
0
0
0
0
0
0
0
0
4.36557e-11
0
0
0
0
0
0
0
0
0
0
0
0
0
0
0
0
0
0
0
0
0
0
0
0
0
0
0
0
0
0
0
0
0
0
0
0
0
0
0
0
0
0
0
0
0
0
0
0
0
0
0
0
0
0
0
0
0
0
0
0
0
0
0
0
0
0
0
0
0
0
0
0
0
0
0
0
0
0
0
0
0
0
0
0
0
0
0
0
0
0
0
0
0
0
0
0
0
0
0
0
0
0
0
0
4.80213e-10
3.73984e-09
4.05998e-09
1.44064e-09
1.70257e-09
0
8.73115e-11
0
8.73115e-11
0
0
0
0.100937
19.3747
0.00245614
0.000233535
1.76558
0.0107907
0.0738713
0.00608831
0.0520441
3.87093
0.0153599
0.0191107
0.0197375
0.175996
0.317427
0.225317
0.00124761
0.00164674
0.0241187
0.000489394
0.0105929
992932
1.72273e+06
203576
174.967
210.003
0.178358
746611
1.46661e+06
554262
1.72615e+06
2.01705e+06
2.55743e+06
760952
1.22665e+06
1.9737e+06
536702
734368
7576.67
1.01988e+06
3.14048e+06
1530.49
1.6678e+06
622374
1666.93
653149
17480.7
621141
19.807
164461
744181
1.57738
19841.8
415562
2.30648
27379.3
7799.15
7.45499
2167.07
0.561657
2.81323e+06
586032
1.84132e+06
4550.49
43.3161
1062.47
4.23917
0.0155336
0.354574
1.28246e+06
1.19487e+06
1.64816e+06
1.51094e+06
1.233e+06
1.68614e+06
1.25943e+06
1.26916e+06
1.57359e+06
1.24137e+06
1.90918e+06
1.24836e+06
1.74905e+06
1.24495e+06
2.41782e+06
2.09143e+06
2.48882e+06
2.23341e+06
2.97311e+06
2.63853e+06
1.09453e+06
1.09397e+06
1.80976e+06
556695
1.22776e+06
816971
1.28806e+06
1.19526e+06
1.23883e+06
2.04463e+06
1.9789e+06
1.26668e+06
1.15625e+06
1.80431e+06
801901
85451
74295.5
145804
363178
585337
451826
1.01486e+06
1.61116e+06
828464
602579
1.01327e+06
1.21155e+06
749579
3.32402e+06
3.36289e+06
2.8897e+06
42733.4
47078.6
608394
2.73437e+06
591340
1.82168e+06
106060
17371.8
38057.6
487.391
228467
5284.28
11164.3
423008
690387
319933
496273
551710
615368
170701
30507.3
115.789
228.659
471.217
1286.16
2757.89
5447.3
279323
353270
423925
10624.9
544592
59966.4
107929
106492
342919
25045.7
9.76867
38.0024
237.032
117267
886.941
5638.91
57.2146
27.4702
55.0071
0.201427
657.384
2.42313
4.69211
1298.44
202693
1258.29
2268.17
15034.6
28032.7
105.515
85.0033
141.948
91.1847
0.378936
1769.33
6.89488
4.61629
97.4222
169.537
7.92569
10.5693
0.0291812
0.515965
319735
574133
155783
348698
335738
364531
655.719
12003.3
2.88485e+06
2.90182e+06
1.24418e+06
1.80923e+06
1.82091e+06
1.24429e+06
1.20554e+06
1.92984e+06
1.85701e+06
1.20393e+06
3.0858e+06
2.98724e+06
257116
411369
474302
753335
374882
554700
864389
645610
670601
610595
490379
287704
608932
385090
585794
100154
597756
462896
641514
116408
136.512
1443.37
562553
184113
576707
234741
508162
328711
520439
306059
612852
350960
278588
495073
559331
329823
260131
541435
293730
320615
297131
389677
367749
373360
393799
267421
242448
273247
300270
338286
345598
309219
0.000128459
309881
589772
659385
485418
0.564277
4447.46
17.5043
0.148036
0.029938
0.00961956
797005
688309
3.84801
727964
751064
0.00156513
6185.29
2.96878e+06
35.5443
875702
0.0820544
19373.9
1.81804e-05
7.82784
0.301789
217323
24.9818
0.000625782
0.00658617
1.33093
201678
0.0117578
477.029
1.06031
6765.74
0.0024643
11.2001
759415
15514.6
1.52114e+06
182543
1.01138e+06
388.985
1.01046e+06
1.82105e+06
615794
1.63072e+06
132.992
0.00026662
2.37175
2.3819e+06
112.916
1.34405e+06
2.49646e+06
0.198194
0.000317103
0.963862
0.0827096
0.00165782
856432
33.2373
462167
10.2942
140505
0.0182378
299.418
0.173036
0.000142918
448570
0.00188323
46.9307
0.0520206
0.000636658
626.162
0.00683977
68.7032
5.86002e-05
6.68743
0.000923332
0.0642237
0.0363987
222998
3614.02
147759
2.87714e+06
1.01156e-05
0.000119797
2.892e-05
363.154
0.392761
16.9153
0.00982038
0.000318069
0.00297886
0.00723678
2.30607
0.117746
0.38993
0.0721775
0.225976
3.96283
82.5967
4907.34
13.9089
281.81
2896.84
8.10218
141.554
0.00102723
0.622162
0.0121173
0.00933597
0.0258054
0.060387
0.0960137
22.569
77.8346
116.084
0.314189
795.11
2.18261
3.25703
569855
140848
297236
9307.45
92382.9
216262
647463
941252
1.05904e+06
970482
1.4475e+06
1.04669e+06
869393
976723
382086
2712.17
4049.69
12996.6
27562.3
85153.3
123019
861829
1.31642e+06
1.02533e+06
277701
1.05169e+06
642145
645504
1.15747e+06
1.78798e+06
1.13957e+06
1.74488e+06
1.14733e+06
1.11117e+06
2.87973
75.8324
1.63242
7.49686e-05
0.00123334
0.00918578
19.2148
0.0518168
0.412763
1.31225e+06
2.22795e+06
1.12603e+06
919.241
5502.8
44780.4
1.94117e+06
217398
722551
2.75263e+06
0.000159801
0.00483255
0.00608404
0.00112549
0.0129093
0.00327292
0.000367255
0.0297056
9.96348
0.028417
0.0632163
0.29147
0.638407
0.00315924
0.0145019
0.00521756
0.0171933
0.000523567
0.0508394
0.00107211
0.0102056
661.686
341.296
1110.5
2.06494
11304.6
20.8419
66.8237
20109.5
776221
35978.1
61827.7
243430
310157
2109.55
38.7918
0.129484
0.177023
0.416784
1.29698
3.88021
4.327
1133.68
3365.8
3077.56
11.3076
31565.1
115.919
116.678
0.00405846
0.00952243
0.000342264
0.00060346
2.86064e-05
7.2409e-05
17290
33627.3
746.176
0.0186582
0.0467527
0.699753
1100.07
1.45749
27.5127
0.00151935
0.0055081
0.00012946
0.000443922
0.00174948
0.00415727
0.000105984
0.35366
0.0640701
0.108212
0.00362397
1.14724
0.0327527
0.0336584
8.73779
728.035
2.73621
20.0413
29.2587
219.035
0.797027
9.59214e-06
3.76733e-05
7.29965e-06
0.253548
1.72663
0.0680716
953778
444.818
22.7995
468289
129.021
6.36238
39402.3
540645
889376
809421
905562
689172
445517
918719
472608
394795
484760
550075
6732.79
5.91026
0.137946
6.3764
0.137557
0.0386151
0.158807
894509
26800
993181
102742
976137
63.8734
351822
2.79892
0.0519017
0.0145593
0.349605
0.0134967
0.00301968
0.108774
548060
154.468
1781.39
164.552
4045.49
7.75391
196.634
0.000979321
0.0617502
0.000251041
4.42142e-05
0.00204532
0.000477345
0.0142835
6088.18
0.313145
0.178583
0.0254561
3.99528
0.193503
60.3427
3.91339e-06
1.35628e-05
2.23667e-06
6.01505e-05
0.000173342
3.42936e-05
4.95336e-05
3.50359e-05
4.16258e-06
2.40961e-06
7.61884e-06
1.18879e-06
3.45928e-07
1.38483e-06
1.9453e-07
0.000463405
0.000364133
7.53338e-05
0.00158901
0.00453404
0.00381929
0.0011267
4.91529e-05
0.000129189
2.49055e-05
0.00110596
0.00200649
0.00217876
0.000606747
5.55989e-06
1.90082e-05
3.0739e-06
5.0409e-05
0.000473698
0.000100796
0.000254848
0.0699945
0.015196
0.00274447
147054
498896
341828
229354
322454
314190
414978
252824
308810
261841
367259
316072
321175
368617
180004
157093
193082
200231
242796
254946
211489
347308
426886
405889
328477
412319
308052
387567
191644
208641
171624
250035
296646
272097
227439
328167
287649
272416
346871
391461
376553
330837
385403
276639
349544
254886
284696
360380
324810
277988
214892
214882
224388
225332
288753
290895
217022
314846
365886
279782
328519
247448
291072
833192
1.02881e+06
428881
621457
501637
756741
837070
406595
264289
317397
330623
356613
420246
277037
308516
397277
369465
411692
436093
372898
333171
455932
492835
358787
448061
496557
407804
397681
453209
571842
468983
478202
586280
597955
465401
781346
955336
102383
777939
811928
1.03138e+06
73196.6
427977
449653
378186
432997
507878
384298
458934
420552
306166
383770
468588
343120
373828
431572
328974
333618
262465
238868
241114
305225
308676
377995
406912
465921
350325
378413
439803
296238
444870
563038
446269
5456.14
502466
538860
627881
378001
546339
420543
571953
532411
433422
391624
460514
341340
391932
353701
405395
282851
330053
361951
370453
289832
426798
322109
411821
324602
494774
609029
631924
643799
685350
520296
486688
273975
302886
236210
287280
248206
316806
369668
459144
443363
521944
542269
495122
396136
473869
410483
507643
432888
428602
466197
397322
361511
449734
356090
411920
442034
497990
482519
535205
505831
592789
487191
536747
560564
444498
446250
569462
673344
618813
489414
450716
455052
414185
362132
488398
354920
510764
513361
370290
380898
440212
367575
286868
305415
264923
337073
397998
559368
44727.4
911.86
497050
597135
5419.69
486.345
452186
644398
484374
538843
389674
421669
503966
495624
445989
509344
531032
589241
604913
551736
500465
546612
776460
440585
488672
722616
762820
601031
693445
761246
763576
863356
568897
638292
440811
482207
513087
571221
610148
522625
556155
499406
413575
315018
479169
418423
353258
564583
673152
839563
719244
543090
507800
626462
587921
587141
444951
431203
505630
366365
487636
371898
536146
575830
561460
434879
451999
395669
409797
532915
434906
488001
575037
614377
526540
574495
556002
613411
655554
470249
529181
626669
579566
754396
496885
577775
738915
510322
707174
745592
483247
529774
403190
543358
575681
425506
506725
531579
602266
542514
714125
622470
636154
732533
332855
435629
348612
461416
472986
584819
601550
577645
562714
620667
491723
506323
560678
562478
588562
654081
691308
736432
584217
626050
705590
600258
723948
508230
552337
660338
638801
595042
720832
743227
813577
926149
948842
988326
976391
585487
672030
831637
556995
939088
720354
743417
752719
777646
672182
840524
653102
635156
844547
649133
581746
685249
806739
559022
656897
762499
552372
409100
559286
372244
500196
511865
619393
544557
788119
573667
938438
685550
730645
807276
569797
544175
568223
570352
501331
458615
536929
564453
604107
768974
642469
769855
669260
785601
1.04316e+06
743722
954859
663472
849851
968774
736422
757470
869019
912152
907286
726465
741262
681828
588676
603245
498550
553708
497813
411491
609048
1281.31
9751.8
51283.1
986585
910784
999241
895753
862002
659189
704650
723958
859463
883371
683388
860866
828077
919108
1.01622e+06
1.00289e+06
980544
1.0005e+06
665800
549077
531193
573053
649662
662797
632183
743210
611604
723852
867923
777670
649899
941023
848083
716215
871509
796303
632776
668602
770334
788943
933912
944437
751401
895004
911967
715498
686925
850136
695505
791483
545964
826886
602473
591920
596088
557475
532199
507937
455180
423252
554145
400314
502883
592624
546799
582415
582596
606261
541904
464795
613722
603743
561129
623814
760145
666876
806889
811277
954464
695231
814745
971419
979060
1.02293e+06
1.04907e+06
980582
924337
1.06469e+06
581954
498199
647560
500593
586697
598150
625186
1.97169
258.336
14281.3
351071
343.939
228019
13.2187
836590
974513
976641
893443
1.0047e+06
992064
872896
899355
911314
744335
764192
1.03051e+06
921791
930071
607479
484657
619205
591541
608016
621658
611368
582604
540864
594441
436219
604851
591433
390540
547660
586388
518743
403241
296541
467523
372349
820239
757960
1.05475e+06
933641
850678
697015
1.01122e+06
1.05462e+06
982922
846460
1.00232e+06
1.04508e+06
1.09633e+06
1.07648e+06
682090
864540
628950
722408
455596
608250
318231
983418
991098
1.00635e+06
794803
1.02759e+06
953788
955960
224103
440021
511912
600976
604401
563446
321576
637649
291009
382368
583717
544817
626703
589187
762502
298183
952908
835542
660196
932995
668831
581183
630168
592565
512303
586147
483599
340028
632100
639818
615461
289565
507523
457960
596459
540620
525603
454019
225593
365218
323244
174846
991901
928737
875487
780870
945352
893772
993218
254713
408049
516655
259415
408168
579340
523395
140.87
0.252414
1.22944
604883
215.204
19082.4
105.645
998572
1.02574e+06
952421
946257
851940
975342
1.04217e+06
463448
371981
476325
305539
190164
84314
174204
1.04822e+06
922781
1.04853e+06
922075
654470
595790
946024
987856
997787
991808
917810
863514
816554
878955
6.46673e-07
1.72837e-06
1.0842e-06
1.08819e-06
2.96006e-05
4.33552e-05
2.9798e-05
3.45435e-05
1.30822e-08
2.32831e-10
0
0.000363838
1.76238e-05
2.99493e-07
4.9331e-09
1.45519e-11
0.295575
6.12713e-05
1.57667e-06
3.33093e-08
5.67525e-10
0.000671463
0
0
0
0
2.61934e-10
1.21217e-08
0
0
0
0
0
8.73115e-11
4.33647e-09
0
0
0
0
0
0
7.27596e-11
0
0
0
0
0
0
0
0
0
0
0
0
0
0
0
0
0
0
0
0
0
4.58676e-07
4.36557e-11
0
0
1.56696e-05
1.60129e-07
4.71734e-06
0.000128919
4.51109e-09
1.40499e-07
3.50078e-06
3.30328e-09
8.47795e-08
0
1.70257e-09
0
0
992543
849242
992818
951350
991760
956940
938712
635181
431471
279603
69629.6
383537
219281
677822
792609
381758
816961
871429
1.04595e+06
881950
505993
403604
327323
446950
170718
55197.8
258639
113258
47353.2
496067
337705
598155
124994
328037
465311
0.1777
0.0319427
0.154302
293.837
498.343
33.6659
0.353151
627845
344452
582934
174101
467375
346440
67671.5
1.05982e+06
995369
840556
1.03187e+06
999447
951308
904155
1.08109e+06
1.04045e+06
1.02691e+06
972349
646946
820541
1.04509e+06
963128
704786
628096
1.00667e+06
988399
739946
810633
344387
36998.5
209211
427168
570321
298797
500662
0.279053
0.0406898
0.126486
84.4791
38.0763
9.03524
0.831642
671894
801881
526614
40991.3
214893
430964
153839
301336
27266.9
252493
15929.1
194304
148492
9566.23
19080.8
11250.7
206541
187399
480673
439120
137432
834665
994446
444726
651315
968693
356301
890441
901462
557539
475961
285838
857474
790453
363099
724924
913273
1.0008e+06
996166
688168
889196
1.01292e+06
674364
236017
715578
564087
504917
917440
103424
14686.2
462100
209701
566691
36408.6
309680
143994
993415
869030
981570
473941
738310
676103
396395
31.7721
52.2168
446462
1025.22
2.1182
508.573
82634.4
0.31347
285.602
183787
125742
137284
405386
89698.7
12336.7
7615.71
186824
446386
589018
98499.7
344075
13176.7
123919
367423
100584
248368
83384
17896.7
24595.8
4832.94
86870.4
184433
233531
357022
12060.2
20902.7
61643.3
452035
177129
698983
801697
953145
582931
292109
301905
133805
91990.9
68679.4
42064.9
7808.22
4608.08
2104.03
95077.7
41857.4
33565.5
279587
373989
80258.3
1875.51
104764
43848.9
13214.2
182693
94578.6
4785.57
36323.2
342491
21754.9
1549.41
251486
50965
3851.71
85939.8
11905.7
221117
387766
2215.45
181781
51903.4
287220
78055
550664
136108
353572
645497
22849.5
635381
1.06612e+06
972412
136230
827983
580725
392402
33297
15004.1
205504
8015.05
78253.4
141102
382410
51772
327423
487985
2819.38
50420.7
183703
15377.5
707648
473196
723164
34051.3
910820
181324
423328
5064.47
319982
105983
166035
1400.08
8011.12
34737.5
20910.7
4526.7
90262.3
59844.7
532.616
12254.6
2679.73
18962.9
138169
819.515
7821.04
48685.6
20130.2
2163.98
36.6701
8.55327
47.3962
0.0676451
0.12548
0.153971
0.0302558
45918.1
378456
27212.5
119845
697912
618351
172307
31471.3
480006
393915
318908
31587.4
19519.5
400476
538439
185094
134008
124277
84564.2
8996.96
5691.13
7594.69
511.463
143816
2161.54
53280.6
3300.92
136.763
25171.9
452424
185259
8972.64
6977.75
57212.6
991.067
594714
6315.17
151941
359116
290915
792087
28921.9
591.438
41961.6
14030.9
3911.04
470.858
11226.7
157.343
4808.87
1029.74
25073.7
25887.7
110505
5510.07
1066.64
13462.6
167.876
10628.3
2811.2
162253
60006.6
3608.38
6954.76
178756
129149
225043
16003.1
10153.5
292566
59066.4
1579.93
15738.5
256.366
2542.53
64.8291
651.637
96.0482
11506.5
2374.06
29633.4
253.041
5991.41
1256.53
1217.3
310915
35604.3
439545
79037.1
45595.5
2929.33
4931.45
2266.39
52881
275.156
24.7923
586.071
6537.52
936.328
125345
18118
406.385
7453.64
881.367
47.6474
14992.3
81.1031
2011.51
47250.9
6431.52
1989.9
264.521
715.813
1520.41
2463.92
80599.1
51234.4
15032.1
24235.7
198276
1132.85
7776.59
37932.3
159052
434695
5606.11
1559.64
219776
50974.2
162769
948.163
6142.95
31603.1
850.781
5168.08
21639.9
3167.51
13458.5
521.964
127.859
683.759
8102.62
39961.1
141855
4895.67
23439.2
1162.17
428.22
171773
12757.8
124.41
64240.1
1974.48
3910.59
418.087
1652.13
11556.4
53590
327.024
1996.59
8173.22
951.067
44.2496
660.214
552.711
25.2856
8393.99
381.096
0.0554914
0.00279348
0.0489978
0.0241439
13.7502
0.00166398
0.0259598
48.1654
18150.1
828.389
602.589
10886.5
495.276
28.1343
6.2889
105.551
2395.02
36.2305
601.638
13232.4
773.707
5397.71
324910
2890.84
1134.73
91359.2
34514.5
171.077
198.528
43618.2
6733.52
99026.5
475.916
3151.97
15835.5
23.9017
2940.85
608.667
1533.92
6951.81
260.26
61.0642
94.5002
12237.8
2333.44
5.61608
131.103
724.972
30.7815
6233.67
241.516
19.7565
149.934
3946.72
310.066
11.9441
0.629672
0.00164999
0.0144475
0.0189259
0.00116906
0.0102984
0.170823
445.256
67.2727
18.8983
15070.5
2356.26
4593.76
661.933
29.8932
3851.73
743.347
1002.16
7.73215
39.6502
195.842
3180.86
14.3688
133.381
76.0736
1835.95
197.156
8.12891
29.4234
705.656
2019.02
1193.3
418.636
49.5354
17.0917
108.459
5377.72
2113.89
5.0359
92.8973
239.075
13.2005
724.111
157.977
3927.35
19.8341
496.379
89.9741
3.59669
192.778
47064.5
195.829
972.158
1342.34
6751.18
27.6658
6.5016
20.2717
506.136
867.696
107.742
2682.98
34.9226
2.45583
25.4084
628.676
343.013
3516.86
14.0681
143.164
847.824
61.4544
2.36444
76.1134
2022.96
153.079
5.89245
38.3838
109.96
182.833
1336.99
792.002
3922.48
6373.08
3355.35
98.4208
203.857
30.2299
15820.5
473.398
955.77
11.6412
4.36152
96.8574
1525.89
65.6557
4028.96
176.172
3.04868
226.992
75.7637
575.478
199.988
23.5568
8.02145
0.00199315
0.185278
0.0386325
0.495251
0.0194918
0.00123447
0.00463929
7.62799
1003.03
201.338
10.1147
53.8895
289.603
2.09561
1.41401
33.8246
329.702
35.1105
857.441
90.5986
3.73642
10.1804
4570.15
310.193
85.7454
2834.99
191.056
6.22555
28.949
1593.51
973.749
969.629
600.541
17.5824
28.6622
189004
279491
215118
150619
175911
103609
139290
164150
127116
328289
368565
310134
249693
277918
208766
235686
5.99082e-06
1.84102e-05
5.83443e-06
2.78943e-06
2.44706e-06
4.77881e-05
0.000104563
4.82166e-05
8.95959e-05
8.25035e-07
4.83487e-07
2.61789e-08
1.17434e-08
3.7573e-08
5.44242e-09
1.05967e-07
4.40916e-06
2.95433e-07
3.69764e-08
1.40051e-06
1.1496e-09
6.34464e-09
2.24099e-09
1.08863e-07
8.53761e-08
7.58155e-09
7.68341e-09
1.62981e-09
1.14727e-07
3.04135e-08
1.32422e-09
1.00103e-07
1.00408e-08
2.73576e-09
1.41445e-08
2.03727e-10
2.31084e-08
5.09317e-10
3.99887e-08
1.13505e-09
4.36557e-11
1.45519e-11
3.34694e-09
1.03319e-09
1.45519e-10
1.45519e-11
1.68802e-09
1.45519e-10
1.39407e-08
3.49246e-10
3.71074e-09
8.87667e-10
4.33647e-09
1.16415e-10
7.73493e-06
1.42789e-06
4.02714e-05
1.43179e-05
1.96698e-07
1.51187e-06
1.61352e-07
4.7872e-06
1.97979e-06
6.67023e-06
3.19483e-06
1.62709e-06
2.25191e-07
6.03759e-08
2.55213e-06
2.92246e-07
3.22994e-07
1.13723e-06
7.76097e-07
2.07219e-08
1.16415e-09
3.84025e-08
6.81612e-08
1.5636e-07
3.37604e-09
9.74978e-09
2.46946e-08
6.06815e-09
8.73115e-11
0
0
0
2.03727e-10
0
0
0
0
0
0
0
0
0
2.46364e-08
3.50992e-08
2.12167e-08
9.19681e-09
6.49015e-09
3.11411e-09
3.34694e-10
1.16415e-09
2.03727e-09
1.74623e-10
0
1.61526e-09
2.61934e-10
0
1.46974e-09
1.12195e-08
0
1.25146e-09
0
4.36557e-11
0
2.03727e-10
0
1.74623e-10
0
0
0
0
0
0
0
0
0
8.73115e-11
5.67525e-10
8.44011e-10
0
1.45519e-11
3.34694e-10
1.74623e-10
0
1.16415e-10
0
1.58616e-09
0
1.30967e-10
0
7.27596e-11
0
0
0
0
0
0
0
0
0
2.03727e-10
0
0
0
4.36557e-11
0
0
0
0
0
0
0
0
202953
198260
231867
127195
278040
376391
234385
406039
361023
174702
341682
437683
252947
231039
288005
225392
312819
276796
255556
154380
165991
198852
177668
193162
227716
149367
301860
215407
283139
249280
333922
266034
318293
263322
178523
238824
231717
273907
298479
211181
222757
325211
262189
208575
225626
264670
178158
170322
225968
228418
203533
257948
200965
259057
355202
326992
303967
253678
338295
305027
282995
339168
406311
327129
285855
367828
299203
359528
385801
290574
309799
269324
314404
339487
249419
288806
196925
251297
225532
321913
281629
259985
339446
275670
274709
237299
295025
236307
295944
369798
296917
338230
258334
367281
319250
294118
616761
109325
81963.8
123282
77998.3
84715.1
137888
348707
232431
401072
353888
469462
157657
134046
182040
181579
160914
141815
204123
175115
102742
156137
186900
151468
133114
204759
86723.3
101001
118865
140172
95589.5
109381
117118
85860.6
139080
124996
170891
105772
117310
154588
76485.5
126811
120064
154232
103131
110310
149248
105301
182234
148279
175811
163586
130941
208905
259843
283237
180266
226624
314867
206092
253781
456917
279997
348339
393061
394065
311629
532751
512322
457338
297821
330843
362605
411443
578192
466084
568043
416062
564257
657370
462755
615446
612141
471711
621705
546107
567140
646780
641312
308780
575312
639844
545766
659132
622572
620770
214506
82589.9
-56821.8
158002
116841
63386.6
208126
150879
-25609.8
-11331.3
17995.1
18511.4
50356.7
59566.3
74496.7
49198.4
104305
98012.2
12852.2
43989.7
77261
88563.7
44764
90887
58359.4
120718
90686.1
98613
129264
97436.9
167544
113472
160188
112358
119964
168594
85376
159494
125438
101443
70878
109317
141906
146144
199667
202965
180369
128382
132835
182851
163904
179990
132956
140675
226183
190129
173995
262951
172647
226070
153908
242339
205592
188813
604457
370332
263566
210697
361274
633027
209590
317856
160123
165652
119418
128345
176181
170504
222438
258379
158367
203842
141297
190921
185197
238424
331038
264012
207815
276519
219563
277110
346652
299407
274990
223931
313170
235787
288054
388497
456228
272334
329770
333144
251987
306069
416171
403433
255232
317059
294022
235377
294815
369308
446319
481070
340657
356795
616589
505602
471856
560850
417514
583329
381126
629311
540992
510165
-34463.9
-42450.4
9236.46
66765
-18622.8
64200.6
44009.8
32872
105999
53238.3
85559.3
-44003.4
27012.9
28783.8
18132.6
62959.7
17191.5
69945.6
-24486.2
47816.2
32975.3
38089.6
63208.7
25113.7
71923.2
38017.6
99229.2
68998.2
58772.7
123170
88092.2
91869.4
3863.71
60452.3
54220.8
-9966.69
68718.1
47319.6
119194
58006.9
98617.2
31271.7
68961.9
55939.7
52512.7
79073.3
80780.9
67818.4
-78453.5
241971
-80847.5
172500
84007.6
209248
44941.3
171865
-84845.2
-42956.7
-55612.8
7467.84
-11648.6
38602.4
60197.1
-86418.3
-53184.3
-60723.9
-9158.29
-19979.3
26550.3
32083.3
150564
63701.8
129636
19356.5
-845.197
96479
118170
135250
216698
112465
151081
251342
174319
227982
47800.6
112692
102899
-7536.2
-11338.3
80623
75235.6
193950
94155.1
95937.9
132199
183311
206627
120353
275751
188941
255345
171980
258806
193100
237879
236191
154366
211612
153647
193504
217707
137559
22083.2
-18976.3
238948
107580
72144.3
110751
67101.4
181439
-60423.1
-31375.4
-3480.81
12786
21256.4
49580
65006.3
59462.4
61324.8
29231.8
67638.5
41530.4
54075.9
71284.8
127330
87506
158363
26783
25954.9
88659
118558
127902
177652
91640.5
124318
248783
198570
169310
62230.5
87863.4
97065.5
64930.4
42351.9
73490.1
78014
82719
124066
75589.3
93524
115738
140627
88198.7
232440
212027
267477
155847
255595
215442
197166
134064
144814
176034
113458
128348
157387
98007.5
-86932.7
-4595
5378.35
-45827.2
-84758.3
41690.4
55623.3
-23283.6
-53086
-49832.5
-85731
-86436.2
-51847
-48434.2
-85340.5
32731.7
-218.43
38212.1
34888.4
-2900.69
2041.52
40245.6
-47388.9
-39338.3
-80112.9
-85868.9
-49969.8
-45791.1
-84034.3
-36839
-79163.4
-84193
-42742
-72933.9
-82512.5
-30099.5
44462.1
12098.5
52481.2
7708.04
54897.7
15643.1
47410.1
3797.05
48880.9
9468.19
37982.5
-209.196
5232.58
43417.2
11890.3
-61865.9
3116.1
-36174.8
-52180.1
-77855.4
-16343.9
18345.5
61703.6
35277.9
11590.2
57723.2
22187.8
51724.2
-97681.6
-70965.1
-99278.3
-95361.4
-97822.6
-99306.6
-97454.7
-84032.1
-84958.2
-99051.7
-99038.8
-97545.4
-97618.1
-99040
-99176.3
-97624.9
42195.7
-93798.6
-99348.8
-82340.4
-98952.4
49899.6
-33384.8
-99207.3
-99189.8
-99220.4
-99212.5
-99194.2
-99362.4
-99376.9
-99134.8
-97891.6
-95278.1
-97650.9
-99099.2
-99010.8
-97253.3
-99117
-97381.7
-98075.9
-98761.8
-90276.6
-96883.6
-94438.1
-99350
-98071.9
-98404.6
-99317.4
-99251.6
-99270.4
-99184.9
-99192.6
-99347.4
-99243
-99331.2
-99260.7
-98923.1
-98347.2
-99286.9
-99328.5
-98442.6
-99053.6
-93586.2
-98917.5
-95335.4
-77389.9
-5219.78
-22739.3
-97038.1
-67109.6
-94016.5
-75637.8
-87046.5
-30132.7
-32778.9
-97709.4
-75568.9
-97092.1
-79303.7
-97023.8
-81070.6
-95821.8
-99373.7
-98928.9
-98747.2
-95542.5
-94340.8
-98896.1
-87658.7
-98264.4
-95915.9
-90747.8
-48996
-98812.8
-83028.8
-97874.1
-72113.4
-95879.3
-89990.7
-46800.1
-34526.6
-68219.8
-95540.6
15345.1
-38578.5
-73360.3
-20616.2
-70328.6
21173.5
-11676.2
-53636.7
-92682.9
-70200
-14923.9
-19163.6
-20909.9
-75581.6
-52468.6
54628.9
7865.04
7354.42
13479.8
80652.3
50768.4
-23093
66410.4
32047.7
32116.3
0.130341
0.000829738
0.0104625
0.00191175
0.000487403
0.0357713
0.00194949
29.7688
7.49416
475.024
120.569
19.9067
5.23333
0.377557
317.28
72.9148
273.881
1.44079
2117.7
10.6936
37.6043
0.00289113
0.000816195
0.0179841
0.00725557
0.000421231
0.00135403
0.000262453
10.8773
3.03407
81.727
20.1736
0.787821
5.45897
0.237618
671.156
1.59718
29.6617
8.66658
174.516
7.68925
0.451854
1.70578
7.59471
190.145
21.8718
109.541
4.35535
0.993277
204.96
3.59156
5.82803
488.749
306.093
8.77634
14.2757
0.893121
14.8646
343.575
1.74613
40.0814
2.27785
0.126841
42.0558
14.2618
348.803
0.838452
18.9663
2.2646
0.127221
1.29575
584.375
39.4868
42.5754
1412.5
95.5327
3.10378
30.2348
0.979331
4.59195
32.4874
224.473
1081.48
160.802
41.1217
0.379402
1.64292
225.343
1.85741
8.72346
42.9532
0.986168
71.2518
23.6154
0.320147
18.6776
0.818213
6.14095
296.239
1.44708
46.0358
27.9126
181.235
5.13568
0.887298
6.60139
0.964092
0.575654
19.5645
237.203
139.521
33.2353
3.21785
1.04218
0.198093
3.10188
79.4623
0.470936
10.4305
1.12865
575.199
16.7797
83.8022
35.7728
2.43599
5.27161
1.72571
0.155608
0.452062
203.6
13.6725
3.85727
57.617
0.49232
10.4007
102.027
2.6227
1.13017
25.9692
0.19107
0.239138
19.3805
3.79304
10.1528
50.9003
2.04737
0.50156
2.49873
2.55431
30.0879
1.44242
1.4866
0.186854
0.130062
0.410143
3.63427
92.1205
11.1148
1.06397
0.110882
0.506154
20.446
43.3737
70.0726
1.2488
1.99397
0.40024
0.625279
0.566249
2.4271
14.4054
2.38585
12.4737
69.3942
0.524565
28.6767
0.145603
1.22499
1.1385
0.113525
16.2309
0.7158
5.66099
0.221762
1.06435
13.8844
89.7097
2.5278
0.477293
4.45488
0.0624674
0.228246
1.62211
25.8767
1.10269
0.123229
0.458657
8.46694
31.3236
18.8824
0.338582
0.799194
4.99683
0.738138
3.64335
19.0218
0.053369
0.260385
1.24278
0.093265
6.6954
0.08271
0.376745
1.87871
37.9834
1.72159
0.157817
0.207049
34.4152
1.43445
20.3748
0.17649
0.898325
1.28283
0.00201402
0.000154034
0.000177166
5.23946e-05
4.74976e-06
0.00264596
0.000140811
0.0020657
0.000126862
9.4613e-05
0.00142573
0.00387985
3.33297e-07
5.19212e-08
7.87259e-09
4.80213e-10
3.27491e-07
9.47478e-05
2.03258e-05
0.000612103
4.00085e-06
0.00106929
4.85906e-05
8.83239e-06
0.000181472
3.58123e-05
0.000552122
0.000266988
4.54686e-06
1.25653e-06
2.48781e-05
2.89785e-06
4.15711e-05
2.2196e-07
9.4478e-06
3.58559e-08
1.74885e-07
2.35057e-07
1.22673e-08
4.22006e-10
5.42976e-07
8.05885e-08
4.24053e-06
2.81725e-08
2.50293e-09
8.97417e-08
3.68964e-07
2.49871e-07
5.73345e-09
5.02274e-07
1.91649e-08
6.96891e-08
7.05768e-09
1.57161e-09
8.67585e-08
1.1365e-08
1.67493e-08
6.69388e-10
7.23958e-08
1.39698e-09
4.2055e-09
1.16415e-10
1.06083e-08
1.45519e-10
1.28202e-08
6.40284e-10
1.1496e-09
1.89175e-10
0
0
0
0
1.01863e-10
0
0
1.60071e-10
0
2.32831e-10
1.00408e-09
1.44501e-08
0
0
0
0
0
0
0
8.14907e-10
0
2.18279e-10
0
0
0
4.36557e-11
1.30967e-10
2.91038e-11
1.25146e-09
8.58563e-10
5.82077e-11
1.01863e-09
2.47383e-10
2.93949e-09
2.47383e-10
5.95173e-09
2.61934e-10
0
0
8.58563e-10
7.27596e-11
2.91038e-11
0
4.07454e-10
0
0
8.73115e-10
9.02219e-09
0
1.74623e-09
8.73115e-11
1.16415e-10
2.76486e-10
4.94765e-10
0
3.49246e-10
1.67493e-08
7.37782e-09
1.1627e-08
7.77218e-08
9.29285e-08
1.20781e-09
3.59432e-09
1.35333e-09
3.33239e-09
3.20142e-10
0
0
3.19124e-07
5.21119e-07
3.26108e-07
1.42376e-07
1.17579e-07
1.41008e-08
1.7244e-08
5.92263e-09
4.18077e-08
3.71074e-08
3.70055e-08
12.6044
1.90881
0.542276
0.0881303
0.367099
0.12799
0.0468407
0.21906
0.196841
0.0763849
5.32085
5.48832
37.5329
0.814829
0.693035
0.314321
5.14831
0.320948
0.717008
0.114564
0.0946716
6.00311
0.792522
0.114644
0.285922
0.10003
0.0728295
0.19704
0.120908
0.275943
0.109719
0.207284
2.67354
7.21347
0.373724
0.143413
5.79734
1.18482
0.156252
0.369235
1.5561
0.106941
0.436044
0.08271
0.0598585
0.236099
2.84104
0.958596
13.7516
0.167779
3.64741
0.96518
9.06307
0.219192
0.427095
2.3428
0.125391
3.72256
0.253079
9.54091
0.142947
0.465573
0.629389
5.22288
0.292658
2.94388
0.39296
0.208002
0.129384
0.111405
0.0150866
0.00392248
0.00151572
0.00868157
0.00232979
0.00143019
0.00158819
0.122986
0.68151
1.09678
2.96267
4.91702
0.168191
0.216278
0.215108
0.375445
3.96779
0.0728197
0.0570631
0.251189
0.0667615
0.139006
0.156449
0.815657
0.180758
3.93586
0.263988
1.34587
0.99908
0.11663
0.150141
0.610732
0.304171
5.31839
0.138449
0.21174
3.18096
1.18856
0.24393
1.88292
0.742518
0.19694
4.11173
0.368085
2.49182
0.251293
0.142309
0.0833912
0.0786379
0.000657977
0.00563622
0.00233971
0.000624059
0.000669274
0.00370595
0.00108371
0.0926822
0.0960214
0.147451
0.391836
2.25013
0.122345
0.385269
0.113495
1.28317
0.809575
0.516765
0.116984
0.107592
0.794958
0.0830168
0.0495389
0.0628393
1.16742
0.131573
0.0800962
0.0543193
1.40531
0.135979
0.405596
0.0903367
0.0908241
0.0804541
0.0757303
0.187407
0.686025
0.0626973
0.0817875
0.154554
0.0768404
0.0650936
0.726332
0.0775738
0.101168
0.146723
0.0755473
0.0778005
0.0773338
0.0943887
0.062926
0.423733
0.0512364
0.05
0.0698297
0.0521972
0.140326
0.343955
0.20581
0.159574
0.702043
0.323
0.148604
0.155613
0.139793
0.132017
0.979449
0.304436
0.359965
0.177349
0.000522133
0.000398884
0.00226955
0.000437393
0.000363333
0.000361265
0.000362296
0.052807
0.0464511
0.111593
0.0612556
0.0487562
0.0467403
0.0438527
0.119917
0.919989
0.142542
0.316985
0.116458
0.125786
0.121712
0.159454
0.472937
0.19029
1.0379
0.245671
0.185864
0.161968
0.30487
0.107825
0.113148
0.127795
0.107774
0.107675
0.10826
0.0796114
0.0784692
0.0789969
0.0897016
0.0789457
0.259812
0.102547
0.165176
0.16457
0.170954
0.409015
0.223527
0.166785
0.165857
0.0661863
0.150126
0.0791944
0.115401
0.0661733
0.0675948
0.0742839
0.175282
0.124032
0.122847
0.204656
0.125869
0.124269
0.257935
0.0827297
640413
389591
560.468
121093
5289.78
765990
463352
662242
350715
499209
1305.46
227803
129498
67660.5
34332.1
15285.3
6153.17
1.3003
11.4489
12.0518
121.321
91.7445
2388.48
444.905
1.47261e+06
1.35727e+06
626988
473399
738015
739616
399329
465078
466187
644564
1.35596e+06
1.00679e+06
1.00652e+06
1.1624e+06
842483
1.12547e+06
805369
1.46847e+06
852905
948412
1.12132e+06
650228
741290
1.03425e+06
1.18936e+06
1.2449e+06
766566
945026
578315
956078
562930
742823
1.05772e+06
1.15264e+06
999136
669073
595838
1.0922e+06
652849
425250
820795
849321
733584
1.08983e+06
675911
7.90107e-05
8.54097e-05
0.00121158
0.00297157
0.0406778
0.0224853
0.000728231
0.171542
0.00818942
13824.8
574889
0.0595262
27.4645
0.0836037
0.248159
175180
3297.55
68639.7
431180
173375
489415
60313.1
0.437631
5.72921
0.620447
6439.16
650.567
136.279
5.47816
10947
275099
483965
305850
462774
617797
396588
606972
385723
359543
331045
347971
351290
787405
533827
850777
590961
884711
864966
899105
535922
843213
468238
638848
760814
537213
314055
499952
321118
526265
487500
496053
816117
393079
398641
577869
496401
686740
986002
591363
940392
685128
5.4635
26.5777
618788
0.0606035
38730.2
310.918
398.709
10894
216.038
74406.4
2685.83
2859.02
635340
554655
714056
1.14893e+06
1.19864e+06
797298
678703
1.12342e+06
895103
934789
1.04788e+06
796970
835827
1.02734e+06
1.14385e+06
922466
936769
1.01767e+06
822139
820449
1.03556e+06
944674
659558
713431
917022
902952
732451
724762
897585
948035
732106
946316
673713
905907
523430
610239
822818
716338
456045
738522
435505
739900
444823
323554
170910
200654
402243
466090
222735
270466
549189
419021
365066
282954
248701
381194
332238
258369
562982
432019
290799
531316
345878
386899
427100
269674
318583
186979
218181
290681
246116
316796
242709
245383
175558
173553
222829
218943
586459
649435
850107
426311
491730
613754
682713
839323
550160
701503
842558
697435
576403
697343
694345
853789
683783
560802
490648
603426
788962
559290
359571
427473
445170
529149
598208
705753
318535
231842
296525
262426
197281
266248
235493
415718
316843
323133
399809
402695
511186
527661
349667
544390
415889
279614
459067
351555
314061
412956
377758
335082
512089
434757
593466
537257
0.000564197
625091
549028
478727
644862
612839
611164
559057
567315
605340
471085
611787
607297
553253
627396
330912
461096
588628
449767
618676
558686
265881
0.0118784
0.0411292
0.105732
72.7154
56.5636
1.67981
6.67149
564663
74863.3
393169
24438.5
271853
171243
287293
623414
449809
330980
159531
456978
60804.7
334148
9.5313e-06
8.19002e-06
4.43807e-06
1.75006e-06
1.75952e-06
6.67947e-07
9.23465e-08
4.13551e-07
101497
4272.84
333659
28476.9
162894
296990
498403
190.359
40595
1451.3
5684.45
125031
801.77
22362.7
129026
1886.38
47002
433.903
10253.7
119.627
2905.58
1591.95
203.095
5437.09
318.551
1194.59
43.0368
11.2649
20.0679
1.73063
48.2352
90.3556
8.22011
228.9
2551.93
49.1491
1389.06
154.482
1022.07
36.3481
8262.03
300.711
2.54922
13.2721
373.035
0.459509
12.4991
70.941
2.48506
51.1169
207.201
28.28
1.04055
0.289576
7.27736
1.81571
0.51437
1.0199
14.2228
101.719
3.53039
0.303536
7.93474
0.000356057
0.00288179
0.00787735
0.000627253
0.000266931
0.000317924
0.00213456
0.297631
1.97148
7.19708
0.0931121
1.51965
0.407061
0.0470035
629835
177373
572966
221292
621925
1.14528e+06
1.20065e+06
970006
919151
609796
348575
368981
272031
489894
286618
457814
576659
376369
351920
278961
485160
456587
303678
1.26157e+06
1.16538e+06
980840
922492
178842
124270
120418
162975
226224
230789
163509
193919
144370
175900
213679
265473
239952
183160
48850.9
121294
280943
208101
303444
506017
117408
90428
141107
111376
68722.8
73897.9
95033.1
169832
151321
202012
169427
138188
92368.2
121054
234528
240942
268480
172592
142117
198644
166298
185578
238200
224488
245265
205163
192725
154581
265543
229684
263865
347559
302231
228983
195666
63079.3
301205
114143
328856
600133
354967
440996
641669
600360
663225
650153
556536
580810
692637
645887
217736
777217
511707
955801
154881
361827
324393
741430
1.22373e+06
1.35108e+06
1.08302e+06
1.14074e+06
691103
518557
423128
418432
540890
347104
626710
129745
127241
54018.9
90892.8
83115.9
89525.9
96831.1
83295
180080
148985
111447
143377
149949
117511
319082
194032
197898
216956
139280
212028
141350
305909
235471
208822
192272
253355
226014
160850
206033
280149
222975
185545
238439
192637
246443
259109
275511
218615
385189
321683
260853
307496
359796
412290
304808
425755
351781
312751
266979
414132
305496
268550
509544
431457
360922
315360
450702
372487
337825
275626
235783
295340
294331
431086
498523
354398
600168
650029
538748
428516
615874
540556
635589
490284
595276
449547
381054
0.686787
259574
746509
387975
713213
587485
206176
38.1463
1243.61
39410.5
713070
441126
418416
470557
785780
798573
518680
1.47139e+06
1.43141e+06
1.35087e+06
1.53985e+06
777617
635246
508946
661569
719680
625191
558022
459448
525328
647919
526461
30595.3
283196
208501
950565
1.35386e+06
990500
444255
30742.9
366152
2520.27
56268.3
43.471
1169.95
100.048
3.85821
2.75614
0.135842
31.8802
0.241185
2.74793
317563
278105
226646
312394
284607
334068
378754
520405
396846
312305
495427
371867
640382
483070
658378
649440
551461
605214
652181
645988
446591
5.19319e-06
1.18742e-05
0.000184054
0.000209136
0.00489767
5.43702e-06
1.7697e-05
0.000380489
6.14035e-05
0.00552956
0.00583996
0.127393
0.0377113
1.09128
0.00313178
0.000616164
0.0113627
0.0927933
0.045796
0.000253733
0.000286226
7.55916e-05
3.5726e-05
2.8858e-05
0.00120026
0.000726948
0.00711441
0.000332611
0.000149179
166657
336416
502620
29638.8
302513
104253
4400.3
403640
1.52577e+06
416606
1.28028e+06
2.40019e+06
888738
1.03663e+06
1.68229e+06
745610
913485
3.09254e+06
650256
716209
625437
445537
335786
364565
484309
511802
569249
422819
395285
318739
315925
382703
487013
384394
504120
1.93577
138343
205823
225448
186669
166563
224784
643118
419317
228537
277761
252919
207287
185888
168056
231888
204004
280108
260498
221366
182499
165166
237256
162265
175538
206042
164668
111795
131580
139435
171635
227572
243983
206256
137243
150337
189992
170280
218070
220124
185546
134015
139509
182748
192603
275273
241316
207034
192646
160652
239525
378380
1.7486e+06
415274
2.73861e+06
623376
45473.8
0.471979
370385
1.31627e+06
981798
392202
470282
1.52806e+06
1.019e+06
2.19765e+06
299852
1.76474e+06
1.10016e+06
247324
900520
208001
717527
561499
477045
280222
258925
114344
135.733
10.268
1.57406e+06
1.81514e+06
1.62499e+06
2.32516e+06
3.23812e+06
2.80275e+06
1.9435e+06
1.5372e+06
411616
3479.17
64205.2
387.86
0.318626
0.0919556
0.061054
7.21371
0.0402623
0.305443
1.0305e+06
1.08837e+06
1.18941e+06
1.36253e+06
1.13397e+06
1.23562e+06
982787
1.01817e+06
753406
805157
925844
1.08122e+06
1.12337e+06
878670
1.04238e+06
1.41476e+06
1.16991e+06
1.35305e+06
1.15611e+06
1.27448e+06
1.0567e+06
805638
1.03741e+06
795881
926711
1.18778e+06
1.14308e+06
927432
1.40285e+06
1.41635e+06
1.46909e+06
1.50018e+06
1.93289e+06
1.9086e+06
1.70792e+06
1.4095e+06
1.47404e+06
1.66697e+06
1.53848e+06
983145
1.17043e+06
1.53189e+06
1.87065e+06
1.06515e+06
1.07301e+06
1.63415e+06
1.09791e+06
786256
720292
864057
1.30434e+06
930543
1.35804e+06
843882
1.27783e+06
1.53542e+06
673947
1.02871e+06
640413
535895
760156
1.11848e+06
1.28531e+06
621356
1.844e+06
1.65513e+06
1.95353e+06
2.28539e+06
2.5298e+06
2.87534e+06
1.70218e+06
1.85473e+06
2.16778e+06
2.36128e+06
533150
991306
562779
851123
769105
424055
455628
475958
926308
517044
833101
556524
607206
614862
681406
766366
624543
1.43579e+06
1.51245e+06
1.85181e+06
1.66714e+06
661530
895006
1.24966e+06
540808
508208
542418
44869.2
649707
261712
302134
264162
2737.88
1657.37
2219.94
33843.7
46368.3
26296.9
203.323
170.783
3642.49
0.00937118
0.0211946
0.0160107
0.20458
0.00415318
424453
193603
226927
538056
250825
293555
478962
277848
302782
481373
564933
356848
336592
565861
459849
271711
405518
477087
357457
536711
330740
360339
221914
313332
423501
274564
303059
367214
635649
314597
662553
429915
364570
712803
578250
274473
282822
207412
320875
257115
329632
257428
394954
478355
541697
652842
473860
598627
620266
407362
455275
645532
444425
677991
709692
633444
336226
270800
329342
293185
357016
235836
286811
6857.47
6234.53
127040
33899.2
58198.6
560359
572770
582306
613686
447287
533634
377042
484160
632886
543842
414487
344151
400057
447955
634565
501307
616338
601837
608899
569761
530608
483322
401971
498310
634079
648971
517088
654793
653117
634597
467467
337518
591312
619016
563854
457044
277113
409152
86004.3
28063.4
286644
508479
306024
185118
21236.9
3276.18
9461.9
348645
250821
169629
82102.4
128299
93641.6
91408.9
111804
109647
174049
154021
74947.7
134675
95554.7
116707
84058.6
137033
124093
60451.3
92239.7
54469.8
101824
83368.2
121665
127512
63929
91252.7
54874.7
98936.6
143614
181439
149055
83857.5
151063
114313
119205
178364
186488
876238
173358
902067
890264
193210
714617
1.34262e+06
1.34609e+06
1.24066e+06
1.24844e+06
1.50888e+06
1.42233e+06
1.24472e+06
1.27139e+06
913050
596728
653623
464720
736656
789596
403057
673992
901727
667958
528455
798173
797880
546487
1.30074e+06
1.31238e+06
1.18028e+06
1.19308e+06
921303
647320
578422
458412
798586
525279
749027
820468
511356
429233
400002
578557
678002
332016
1.35684e+06
1.47759e+06
1.10772e+06
1.21739e+06
92022.9
128664
141887
164987
182326
92866.5
146651
110587
132323
101637
111242
128853
77824.2
92914.7
103978
78337.4
116396
133712
211264
262930
309262
148100
174079
290045
252298
163947
242654
373908
216930
326160
271224
194431
301508
368638
222459
247500
391544
222514
142817
125260
194308
290002
172295
252746
-95865.7
-96698.3
-98402.7
57506.8
-42343.3
-47159
82974
33934.6
-98188.1
-89427.7
-83843.3
-88133.4
-82234
-40886.2
-25181
-98632.9
-90797.2
-91920.9
-89256.7
-90652.3
-50317.5
-48648.7
-26831.7
48479.2
29287
92177.4
72689.8
29128.1
48334.3
-86225.3
-49021
-81129.7
-43719.3
-77961.1
2010.76
-31568.9
12019.5
51638.4
13276.8
-51008.2
-52534.4
13681.9
12486.8
6696.42
33165.8
-2605.98
38676.9
3369.83
30128.3
59054.5
21089.7
61065.2
52186
-773.973
-34270
34112.3
21409.9
54171.1
80918.4
111094
56701.6
27895.3
54238.5
82899.6
124429
530792
131401
602207
133256
517925
134630
373469
-425.174
78619.2
45173.6
-17761.7
53592.9
107385
91214
44650.6
53356.7
77209.2
68899.1
51937.2
60921
29381
51248.4
68042.8
189429
93127.9
147334
214424
109482
137849
157608
206317
179903
112639
95002.3
74787.7
144634
122146
93861.6
103136
144319
79596.7
78656.4
97029
107108
156210
94993.4
53497.7
84239.5
59746.6
103773
91499.2
587757
358773
306276
387900
230112
333058
200337
463293
214571
260136
130419
153800
226580
277024
585327
337763
375757
205485
358885
401524
236706
453519
219313
262482
287754
173768
241151
148280
47726.6
-81177.1
-41064.9
-28231.6
-68018.7
-26829.9
-66306.7
240.826
-16299.9
8615.44
54425.6
15701.9
54535.6
16347.6
29473.3
60273.7
16513.9
434233
207107
397815
623534
499177
174405
1379.03
139231
35431.7
16387.6
232809
399191
73977.2
890.839
1551.52
205.789
5679.5
43191.3
133232
24874.3
1248.64
129.664
3551.72
392.213
37.9575
1044.79
10623
511.49
47.8381
13526.5
5013.55
13330.8
505.101
115550
2870.23
10100.7
72596.6
28.0801
220.549
5633.5
707.132
5.62145
158.927
1069.79
312.822
8577.55
49.9838
1412.61
0.00598612
0.414176
0.0119137
0.00193511
0.0644905
0.00156945
0.000391813
21.8371
101.105
9.30282
604.974
256.447
51.7473
2845.08
2.95066
6.10474
71.688
93.7679
41.9875
3.78654
1082.79
0.103601
18.5662
1.79089
0.678854
6.2671
180.728
18.3469
1.1002
0.352652
8.24735
3.69621
0.551062
14.2432
104.364
442620
9120.99
333006
580635
289974
218290
560798
391205
54241.5
-44787.2
38269.5
70281.3
84019.4
166254
63358.5
183732
138674
8195.01
123065
180310
2040.53
491401
559612
43771.8
375197
152382
315524
467060
6080.94
67854.4
-7390.49
48812.4
98028.1
116662
58893.2
44128.4
-17175
-33825
103798
83974.5
54042.5
33805.5
-97314.2
-39922.7
158958
-98196.2
-99304.6
-97526.8
-81518.2
-89759.7
-97753.2
-99147.3
-97749.5
-97740.9
-98959.6
-99056.1
-99053.3
-99091.1
-97707.4
-82635.2
2850.96
-40698.5
-98982.6
-45174.3
-98193.4
-99209.9
-99252.6
-99082.2
-99202.6
-99170.3
-99181.9
-99234.6
-99269.1
-95230.3
-99013.3
-97896.6
-97742
-99110.2
-99139.9
-97487
-99134.7
-98242.3
-96008.3
-97708.3
-99107.7
-99136.6
-97537.3
-99226.5
-99212
-99204.6
-99387.1
-99315.5
-99379.2
-99057.8
-99224.8
-99286.9
-98462.5
-99281.2
-99242
-99347.5
-99317.3
-99344.6
-98482.7
-98676.1
-99296.2
-99258.1
-99343.5
-99304.1
-87892.6
-89353.4
-83632
-24154.9
-40322.3
-98179.4
-95810.5
-97500.9
-87842.8
-96959.9
-99308.4
-99087.6
-98986.6
-97528.2
126667
270473
221156
58369.7
118757
-24854.3
-84003.1
-90850.7
-90935.9
-91978.4
-50626.5
-49427.7
-98643.6
-98435.2
-96202.6
-95973.1
-98810.9
-99358.7
-98965
-98944.1
-97162.2
-99394
-95110.9
-99033.2
-93121.9
-98836.4
-96957.4
-77158.7
-86101.4
3562.5
-50047.4
-79821.3
-97271
-86276.2
-40692.1
-79201.4
-49567.8
-81566.4
-32477.5
1308.81
-96818.6
-86842.1
-44073.6
16342.5
17881
27812.2
25323.2
68105.9
60912
54297.1
63849.5
33536.8
71302.6
56704.3
81053.5
81286.7
15814.5
-21077.3
-74982.9
-68216
-95690.5
-82990.9
-34676.8
-61263.9
-52683.4
-23374.2
-20617.2
9606.57
20143.4
46581.4
104843
192084
126902
143737
211505
243868
165870
160036
117036
98476.9
240340
155082
211943
134072
37931.9
-26219.6
24526.9
31845
46879.6
61518.2
70565.4
39303.7
59507.9
30327.6
33482.1
-2923.99
-47777.9
6685.03
100757
86995.5
40486.1
-6218.71
26572.2
58180.3
74852.4
19435.4
68608.6
87687.6
45883.3
19951.9
42005.6
68882.4
114159
127763
85200.3
98748.4
110469
134853
159210
121353
82019.8
73816.8
186597
116314
160764
102624
59065.4
141590
81472.7
148312
88177.5
102601
162796
99536.7
67571.3
68708.3
88472.4
58899.2
123138
91024.1
81469.6
115899
72638.9
150761
99353.5
153339
106704
181447
180679
205505
117785
139354
99267.5
118209
74889.7
95663.9
141997
111809
69149.7
49280.2
91103.4
173055
188914
203392
153897
138071
111604
124942
49269.9
-45775.4
-85109.7
41327.9
57735.4
-25705.7
32796.8
-88107.2
-87422.3
-56085.9
-87323.3
-54127.2
-53332.5
-50956.7
-86458.7
34421.5
37289.5
-7347.88
-4730.36
-2519.23
-114.389
39291.5
-38794.1
-84379.2
-80129.8
-86313.5
-50056.8
-47277.8
-84974.9
-47978
-41484.1
-81494
-86453.9
-51264.2
-48001
-85181.1
53584.4
7602.66
11578.6
43438
2229.6
5436.91
45330.7
3363.47
48047.6
8659.98
37089.8
-1198.51
3824.64
42458.1
-65264.3
-27891.4
1569.53
-67684.5
-14622.2
-40727.9
-81163.9
18210.7
55386.2
16253.1
62316.9
30888
9623.08
49892.1
136397
145121
102819
161802
206472
173388
128008
190949
140303
104865
127999
177295
165038
217088
243626
209775
235417
174428
199906
166910
143269
313844
334989
283621
211323
253139
237820
281188
284425
233910
225930
180080
205937
252270
261670
323716
470184
429449
332698
373426
479614
517470
586064
411269
524294
417464
367998
301885
335369
369167
513586
558194
430385
497391
428080
557154
470334
524348
440802
577190
532785
564708
580429
399218
327241
388070
537016
527309
538885
530354
484391
618204
569648
581184
503018
581373
552979
580869
507156
570980
480941
618656
549286
585137
238067
129072
234630
430323
531275
494441
496358
301331
95331.6
174255
463151
523274
487311
399286
364370
601820
616770
362282
601107
512573
180024
121546
44987.1
35641.2
325092
169189
424289
302689
116539
322297
419463
164417
8685.32
32754.1
294265
10178.1
355.124
9759.71
55811.3
180378
54740.7
1994.72
10.3995
0.235289
0.064652
0.114739
1.2586
0.104015
0.402305
10.8226
1.70766
0.115911
1.31945
0.241212
0.104612
0.0654182
3.40732
0.716331
16.5285
0.180307
0.144408
0.325189
1.15484
2.94616
0.696723
0.126225
0.0992667
0.330807
0.0889826
0.0773818
0.0485951
0.102488
0.400387
0.0462016
0.0343646
0.0994141
0.0373295
0.0548179
0.095004
1.39715
0.0571208
0.0522126
0.0582568
0.168131
0.0704137
0.0656294
0.151344
0.105137
0.0654844
1.38873
0.176879
0.0831071
0.0991151
0.0832794
0.0882047
0.236097
0.0849885
0.0905354
)
;

boundaryField
{
    ground
    {
        type            calculated;
        value           nonuniform List<scalar> 
629
(
0
0
0
0
0
0
0
0
0
0
0
0
0
0
0
0
0
0
0
0
0
0
0
0
0
0
0
0
0
0
0
7.27596e-11
0
0
0
0
0
0
0
0
0
0
0
0
0
0
0
0
0
0
0
0
0
0
0
0
0
0
0
0
0
0
0
0
0
0
0
0
0
0
0
0
0
0
0
0
0
0
0
0
0
0
0
0
0
0
0
0
0
0
0
0
0
0
0
0
0
0
0
0
0
0
0
0
0
0
0
0
0
0
0
0
0
0
0
0
0
0
0
0
0
0
0
0
0
0
0
0
0
0
0
0
0
0
0
0
0
0
0
2.61934e-10
0
0
0
0
3.7994e-05
0
2.0244e-06
3.49246e-09
0
3.01079e-08
0
0
0
4.22006e-10
2.76486e-10
6.98492e-10
0
7.10133e-08
2.57336e-07
3.87218e-06
0
7.27596e-11
1.67347e-09
0
0
0
0
1.45519e-10
1.18307e-08
7.21702e-07
0
0
0
0
0
0
0
0
1.30967e-10
0
1.49157e-08
0
0
0
0
0
0
0
0
0
0
0
0
0
0
0
0
0
0
0
0
0
0
0
0
0
0
0
0
0
0
0
0
9.31323e-10
5.38421e-10
4.49654e-09
9.51259e-08
0
0
0
0
0
0
0
0
0
0
0
0
0
0
0
1.30967e-10
0
0
0
0
0.000737596
0.12548
1.06855e-07
1.25146e-08
6.3814e-05
0.0300052
0.00291138
2.4341e-07
5.70863e-05
2.37486e-06
4.92437e-07
5.45697e-09
4.92098e-06
3.27179e-06
1.2909e-07
9.31366e-06
0.00019635
5.68801e-05
7.14028e-06
0.000246641
0.000701644
0.00899676
1.09678
70.0726
4.36557e-11
1.20219e-06
1.58616e-09
5.96629e-10
1.16706e-08
1.94414e-07
3.13303e-08
1.97906e-09
1.6109e-08
5.82077e-11
0
6.54836e-10
4.01633e-09
7.27596e-11
2.24099e-09
1.46661e+06
440585
2.01705e+06
1.19487e+06
1.25943e+06
1.64816e+06
2.41782e+06
2.88485e+06
1.80923e+06
1.24429e+06
341340
217022
341828
833192
51283.1
2463.92
6.60139
0.00156513
974513
727964
6185.29
442034
642469
2.96878e+06
0.0117578
477.029
201678
132.992
15514.6
1.52114e+06
759415
2.3819e+06
1.82105e+06
0.0642237
222998
0.38993
3.96283
0.117746
4907.34
141.554
13.9089
2.87973
297236
647463
140848
1.05904e+06
976723
970482
1.31225e+06
1.15747e+06
38.3838
468289
953778
905562
689172
540645
575037
4.95336e-05
0.000463405
3.91339e-06
0.00453404
0.0011267
6.01505e-05
0.0699945
406912
191644
147054
200231
211489
157093
171624
227439
250035
279782
314846
247448
356613
277037
264289
933912
501637
428881
322454
296238
378413
282851
353701
411369
482519
394795
356090
531032
551736
445989
500465
746611
722616
484760
434906
526540
470249
579566
613411
654081
705590
584217
769855
751064
564453
859463
683388
659189
6954.76
999241
986585
632776
770334
848083
756741
715498
895004
1.0047e+06
872896
809421
928737
993218
875487
917810
878955
997787
992543
938712
991760
1.00667e+06
810633
704786
444726
890441
994446
557539
363099
857474
0.124032
204.96
1593.51
31587.4
400476
480006
697912
172307
45918.1
178756
292566
16003.1
715.813
24235.7
80599.1
8102.62
1162.17
39961.1
1336.99
6373.08
182.833
47.3962
28.6622
969.629
8.25035e-07
4.83487e-07
3.7573e-08
1.05967e-07
4.40916e-06
1.14727e-07
1.00408e-08
1.62981e-09
7.73493e-06
4.02714e-05
4.7872e-06
2.25191e-07
1.97979e-06
6.06815e-09
8.73115e-11
0
0
0
165991
278040
193162
149367
127195
222757
178158
225626
81963.8
101001
117118
95589.5
68961.9
79073.3
67818.4
60452.3
107580
144814
72144.3
59462.4
67638.5
71284.8
61324.8
64930.4
78014
87863.4
115738
88198.7
82719
110751
98007.5
128348
52481.2
61703.6
41690.4
32731.7
38212.1
40245.6
34888.4
54897.7
47410.1
44462.1
37982.5
43417.2
48880.9
55623.3
51724.2
57723.2
488.749
14.2757
5.82803
0.964092
33.2353
237.203
1.99397
0.625279
20.446
0.00201402
0.000154034
0.000177166
0.0020657
0.00387985
0.000140811
4.91702
0.216278
0.122986
0.000669274
0.00370595
0.00563622
0.116984
0.794958
1.28317
0.175282
0.257935
0.125869
222735
462774
787405
895103
797298
796970
1.02734e+06
1.12342e+06
917022
659558
402243
275099
170910
586459
426311
613754
138343
111795
139435
175538
378380
1.7486e+06
1.31627e+06
981798
193603
1.40285e+06
1.57406e+06
1.18941e+06
982787
1.08837e+06
753406
878670
1.08122e+06
1.46909e+06
250825
478962
370385
662553
578250
314597
148100
1.34262e+06
876238
1.24066e+06
736656
403057
596728
111242
92022.9
78337.4
92914.7
262930
178364
116396
226580
79596.7
68899.1
60921
68042.8
78619.2
93861.6
124429
97029
130419
214571
463293
47726.6
54535.6
60273.7
54425.6
70281.3
134853
81053.5
71302.6
63849.5
114159
84019.4
98748.4
41327.9
62316.9
49269.9
32796.8
34421.5
39291.5
37289.5
48047.6
42458.1
37089.8
43438
45330.7
53584.4
57735.4
49892.1
55386.2
)
;
    }
    outlet
    {
        type            calculated;
        value           nonuniform List<scalar> 
330
(
0
0
0
0
0
0
0
0
0
0
0
0
0
0
0
0
0
0
0
0
0
0
0
0
0
0
0
0
0
0
0
0
0
0
0
0
0
0
0
0
0
0
0
0
0
0
0
0
0
0
0
0
0
0
0
0
0
0
0
0
0
0
0
0
0
0
0
0
0
0
0
0
0
0
0
0
0
0
0
0
0
0
0
0
0
0
0
0
0
0
0
0
0
0
0
0
0
0
0
0
0
0
0
0
0
0
0
0
0
0
0
0
0
0
0
0
0
0
0
0
0
0
0
0
0
0
0
0
0
0
0
0
0
0
0
0
0
0
0
0
0
0
0
0
0
0
0
0
0
0
0
0
0
0
0
0
0
0
0
0
0
0
0
0
0
0
0
0
0
0
0
0
0
0
0
0
0
0
0
0
0
0
0
0
0
0
0
0
0
0
0
0
0
0
0
0
0
0
0
0
0
0
0
0
0
0
0
0
0
0
0
0
0
0
0
0
0
0
0
0
0
0
0
0
0
0
0
0
0
0
0
0
0
0
0
0
0
0
0
0
0
0
0
0
0
0
0
0
0
0
0
0
0
0
0
0
0
0
0
0
0
0
0
0
0
0
0
0
0
0
0
0
0
0
0
0
0
0
0
0
0
0
0
0
0
0
0
0
0
0
0
0
0
0
0
0
0
0
0
0
0
0
0
0
0
0
0
1.45519e-11
5.67525e-10
0
0
0
0
0
0
0
0
0
0
0
0
0
0
0
0
0
0
0
0
0
)
;
    }
    wall
    {
        type            calculated;
        value           nonuniform List<scalar> 
1480
(
4.02477e-07
1.312e-07
2.68621e-06
7.41045e-06
5.50833e-05
0.000127758
0.0017363
0.000836127
0
0
0
0
0
0
5.64614e-09
7.13044e-09
4.38304e-08
1.7506e-08
0
2.32831e-10
0
2.76486e-10
4.80213e-10
8.73115e-11
3.46336e-09
1.35333e-09
0
5.82077e-11
8.73115e-11
1.09139e-09
4.07454e-10
2.91038e-11
0
0
2.03319e-07
3.29223e-07
1.38825e-08
0
0
0
0
0
0
0
0
0
0
0
0
0
0
0
0
0
0
0
0
0
0
0
0
0
0
0
0
0
0
0
0
0
0
0
0
0
0
0
0
0
0
0
0
0
0
0
0
0
0
0
0
0
0
0
0
0
0
0
0
0
0
0
0
0
0
0
0
0
0
0
0
0
0
0
0
0
0
0
0
0
0
0
0
0
0
0
0
0
0
0
0
0
0
0
0
0
0
0
0
0
0
0
0
0
0
0
0
0
0
0
0
0
0
0
0
0
0
0
0
0
0
0
0
0
0
0
0
0
0
0
0
0
0
0
0
0
0
0
0
0
0
0
0
0
0
0
0
0
0
0
0
0
0
0
0
0
0
0
0
0
0
0
0
0
0
0
0
0
0
0
0
0
0
0
0
0
0
0
0
0
0
0
0
0
0
0
0
0
0
0
0
0
0
0
0
0
0
0
0
0
0
0
0
0
0
0
0
0
0
0
0
0
0
0
0
0
0
0
0
0
0
0
0
0
0
0
0
0
0
0
0
0
0
0
0
0
0
0
0
0
0
0
0
0
0
0
0
0
0
0
0
0
0
0
0
0
0
0
0
0
0
0
0
0
0
0
0
0
0
0
0
0
0
0
0
0
0
0
0
0
0
0
0
0
0
0
0
0
0
0
0
0
0
0
0
0
0
0
0
0
0
0
0
0
0
0
0
0
0
0
0
0
0
0
0
0
0
0
0
0
0
0
0
0
0
0
0
0
0
0
0
0
0
0
0
0
0
0
0
0
0
0
0
0
0
0
0
0
0
0
0
0
0
0
0
0
0
0
0
0
0
0
0
0
0
0
0
0
0
0
0
0
0
0
0
0
0
0
0
0
0
0
0
0
0
0
0
0
0
0
0
0
0
0
0
0
0
0
0
0
0
0
0
0
0
0
0
0
0
0
0
0
0
0
0
0
0
0
0
0
0
0
0
0
0
0
0
0
0
0
0
0
0
0
0
0
0
0
0
0
0
0
0
0
0
0
0
0
0
0
0
0
0
0
0
0
0
0
0
0
0
0
0
0
0
0
0
0
0
0
0
0
0
0
0
0
0
0
0
0
0
0
0
0
0
0
0
0
0
0
0
0
0
0
0
0
0
0
0
0
0
0
0
0
0
0
0
0
0
0
0
0
0
0
0
0
0
0
0
0
0
0
0
0
0
0
0
0
0
0
0
0
0
0
0
0
0
0
0
0
0
0
0
0
0
0
0
0
0
0
0
0
0
0
0
0
0
0
0
0
0
0
0
0
0
0
0
0
0
0
0
0
0
0
0
0
0
0
0
0
0
0
0
0
0
0
0
0
0
0
0
0
0
0
0
0
0
0
0
0
0
0
0
0
0
0
0
0
0
0
0
0
0
0
0
0
0
0
0
0
0
0
0
0
0
0
0
0
0
0
0
0
0
0
0
0
0
0
0
0
0
0
0
0
0
0
0
0
0
0
0
0
0
0
0
0
0
0
0
0
0
0
0
0
0
0
0
0
0
0
0
0
0
0
0
0
0
0
0
0
0
0
0
0
0
0
0
0
0
0
0
0
0
0
0
0
0
0
0
0
0
0
0
0
0
0
0
0
0
0
0
0
0
0
0
0
0
0
0
0
0
0
0
0
0
0
0
0
0
0
0
0
0
0
0
0
0
0
0
0
0
0
0
0
0
0
0
0
0
0
0
0
0
0
0
0
0
0
0
0
0
0
0
0
0
0
0
0
0
0
0
0
0
0
0
0
0
0
0
0
0
0
0
0
0
0
0
0
0
8.94623e-07
2.91329e-08
1.63918e-05
2.98598e-06
1.25394e-07
7.9405e-06
5.43994e-05
0.0639637
2.25384e-06
8.26549e-09
1.0556e-07
0.00740255
5.27885e-07
4.6912e-05
1.65796e-06
7.5328e-07
6.47415e-08
1.83209e-08
5.38607e-05
7.98964e-06
1.88079e-06
4.05156e-06
2.16969e-07
2.64365e-07
1.37489e-05
1.74138e-06
0.000107258
0.000220577
0.392767
0.00289089
4.44823e-07
1.00213e-06
4.19095e-09
1.13796e-08
1.75394e-07
2.99187e-08
0.000461977
0.000823468
1.27719e-06
1.89291e-06
0.000108323
1.28162e-05
1.06855e-07
8.54197e-09
2.76486e-10
0
5.45697e-09
1.84809e-09
3.71365e-08
3.20142e-10
1.01863e-10
1.16415e-09
7.39528e-08
0
0
1.40572e-08
2.91038e-11
2.57569e-09
0
3.0559e-10
8.73115e-11
3.34694e-10
8.53615e-08
4.92437e-07
4.61019e-07
3.71947e-08
4.08909e-09
2.28611e-08
1.84809e-09
4.80213e-10
2.21189e-09
2.91038e-11
0
7.27596e-11
5.04951e-09
1.25146e-08
1.04774e-08
4.1473e-09
1.42609e-09
2.64845e-09
2.28247e-07
1.98052e-08
1.15018e-07
9.60426e-10
2.47383e-10
5.52973e-10
1.89175e-10
7.27596e-11
1.16415e-10
7.75617e-09
7.13044e-10
3.91447e-09
3.70346e-08
3.88129e-07
2.69254e-07
4.36557e-11
0
4.36557e-11
0
0
0
1.70257e-08
1.40397e-07
1.15484e-07
2.91038e-10
8.73115e-11
6.54836e-10
1.77533e-08
5.80621e-09
3.01952e-08
0
0
0
2.56114e-09
5.52973e-10
4.1473e-09
8.73115e-11
0
0
1.55705e-09
1.60071e-10
6.54836e-10
1.34225e-06
3.36731e-08
3.81227e-05
8.98054e-06
5.7109e-07
3.96991e-06
0.000783815
0.0158604
2.01238e-07
8.58563e-09
5.13974e-08
0.000181621
8.35818e-06
4.42736e-05
5.40608e-06
2.1178e-06
4.36557e-11
0
0
0
0
2.91038e-11
5.96629e-10
5.23869e-10
2.91038e-11
0
1.45519e-11
0
0
0
1.89175e-10
0
1.89175e-10
0
0
0
0
0
0
5.82077e-11
4.36557e-11
0
0
0
1.45519e-11
0
0
0
0
0
1.45519e-11
0
0
8.73115e-11
1.03319e-09
2.76486e-10
2.91038e-11
0
1.55705e-09
1.88738e-08
9.02219e-10
2.30211e-08
5.99539e-09
3.22747e-07
1.11177e-07
0
0
0
0
0
0
0
0
0
0
0
0
0
0
0
0
0
0
0
0
0
0
0
0
0
0
0
0
0
0
0
0
0
0
0
0
0
0
0
0
0
0
0
0
0
0
0
0
0.000233535
0.00124761
0.00164674
0.0241187
1.72273e+06
174.967
0.178358
2.01705e+06
2.55743e+06
3.14048e+06
1530.49
1.6678e+06
744181
1.57738
19841.8
2167.07
0.561657
2.81323e+06
586032
4550.49
43.3161
4.23917
0.0155336
2.41782e+06
2.09143e+06
2.23341e+06
2.97311e+06
3.32402e+06
3.36289e+06
42733.4
47078.6
2.73437e+06
591340
106492
342919
9.76867
38.0024
117267
886.941
97.4222
169.537
10.5693
0.0291812
1.84132e+06
1062.47
0.354574
2.48882e+06
2.63853e+06
2.8897e+06
608394
1.82168e+06
25045.7
237.032
5638.91
7.92569
0.515965
2.88485e+06
3.0858e+06
2.90182e+06
2.98724e+06
0.00156513
6185.29
2.96878e+06
1.81804e-05
7.82784
0.000625782
132.992
0.00026662
2.37175
2.3819e+06
112.916
1.34405e+06
2.49646e+06
0.173036
0.000142918
448570
0.00188323
46.9307
5.86002e-05
6.68743
0.000923332
0.0642237
222998
3614.02
2.87714e+06
1.01156e-05
0.000119797
363.154
0.392761
0.00982038
0.000318069
2.87973
75.8324
7.49686e-05
0.00123334
19.2148
0.0518168
1.31225e+06
2.22795e+06
919.241
5502.8
1.94117e+06
217398
2.75263e+06
0.00405846
0.00952243
0.00060346
2.86064e-05
17290
33627.3
0.0186582
0.0467527
1100.07
1.45749
9.59214e-06
3.76733e-05
0.253548
1.72663
3.91339e-06
1.35628e-05
2.23667e-06
4.95336e-05
3.50359e-05
4.16258e-06
2.40961e-06
7.61884e-06
1.18879e-06
3.45928e-07
1.38483e-06
1.9453e-07
0.0363987
147759
2.892e-05
16.9153
0.00297886
1.63242
0.00918578
0.412763
1.12603e+06
44780.4
722551
0.000342264
7.2409e-05
746.176
0.699753
27.5127
7.29965e-06
0.0680716
5.99082e-06
2.44706e-06
0.000104563
4.82166e-05
7.68341e-09
1.62981e-09
1.32422e-09
1.00408e-08
4.36557e-11
1.45519e-11
1.45519e-10
1.45519e-11
2.73576e-09
2.03727e-10
5.09317e-10
1.13505e-09
1.45519e-10
3.49246e-10
8.87667e-10
1.16415e-10
1.61352e-07
4.7872e-06
3.19483e-06
2.25191e-07
6.03759e-08
2.92246e-07
1.13723e-06
2.07219e-08
1.16415e-09
3.84025e-08
3.37604e-09
9.74978e-09
2.12167e-08
6.49015e-09
3.34694e-10
1.16415e-09
0
0
0
0
0
0
0
0
0
8.73115e-11
0
1.45519e-11
0
0
0
0
0
0
0
0
0
0
0
0
0.00264596
0.000140811
9.4613e-05
0.00387985
4.54686e-06
1.25653e-06
4.15711e-05
2.2196e-07
0.00106929
8.83239e-06
3.58123e-05
0.000266988
3.58559e-08
1.22673e-08
7.05768e-09
1.57161e-09
1.67493e-08
6.69388e-10
3.68964e-07
5.73345e-09
1.91649e-08
6.96891e-08
1.39698e-09
1.16415e-10
1.45519e-10
6.40284e-10
1.1496e-09
0
0
0
0
0
0
2.91038e-11
0
0
8.73115e-11
2.76486e-10
0
3.49246e-10
3.19124e-07
1.7244e-08
5.92263e-09
1.17579e-07
765990
350715
11.4489
121.321
1.47261e+06
1.35727e+06
1.35596e+06
1.1624e+06
1.12547e+06
1.46847e+06
1.12132e+06
1.03425e+06
1.18936e+06
1.2449e+06
945026
956078
1.05772e+06
1.15264e+06
999136
1.0922e+06
425250
820795
849321
1.08983e+06
0.437631
3297.55
5.72921
68639.7
431180
60313.1
816117
986002
940392
2685.83
310.918
1.14893e+06
1.19864e+06
1.12342e+06
1.04788e+06
1.02734e+06
1.14385e+06
1.01767e+06
1.03556e+06
944674
917022
948035
946316
716338
738522
902952
897585
905907
822818
739900
9.5313e-06
1.75006e-06
9.23465e-08
4.13551e-07
970006
980840
1.14528e+06
1.26157e+06
1.20065e+06
919151
1.16538e+06
922492
511707
217736
777217
955801
1.08302e+06
1.22373e+06
1.35108e+06
1.14074e+06
1.35087e+06
990500
2520.27
1.47139e+06
950565
30742.9
1.43141e+06
1.53985e+06
1.35386e+06
444255
366152
56268.3
31.8802
2.74793
0.0377113
1.09128
0.00313178
0.0927933
0.000253733
3.5726e-05
0.000726948
0.00711441
1.52577e+06
2.40019e+06
1.03663e+06
3.09254e+06
1.7486e+06
2.73861e+06
45473.8
2.19765e+06
280222
10.268
1.57406e+06
1.81514e+06
2.32516e+06
3.23812e+06
1.9435e+06
411616
3479.17
1.46909e+06
1.93289e+06
1.9086e+06
1.66697e+06
1.95353e+06
2.5298e+06
2.16778e+06
1.85181e+06
661530
895006
203.323
170.783
1.41635e+06
1.47404e+06
1.844e+06
1.70218e+06
1.43579e+06
1.62499e+06
2.80275e+06
1.5372e+06
64205.2
1.40285e+06
1.50018e+06
1.70792e+06
1.4095e+06
1.53848e+06
1.65513e+06
2.28539e+06
2.87534e+06
1.85473e+06
2.36128e+06
1.51245e+06
1.66714e+06
1.24966e+06
3642.49
0.0160107
0.20458
1.24066e+06
1.24472e+06
1.18028e+06
1.10772e+06
1.34609e+06
1.50888e+06
1.31238e+06
1.35684e+06
1.34262e+06
1.24844e+06
1.42233e+06
1.27139e+06
1.30074e+06
1.19308e+06
1.47759e+06
1.21739e+06
)
;
    }
    wall2
    {
        type            calculated;
        value           nonuniform List<scalar> 0();
    }
    wall3
    {
        type            calculated;
        value           nonuniform List<scalar> 0();
    }
    internalPatch
    {
        type            internal;
    }
    procBoundary2to0
    {
        type            processor;
        value           nonuniform List<scalar> 
160
(
5.4737e-07
1.06025e-07
4.73393e-06
3.25569e-05
3.50511e-06
7.09551e-08
1.22236e-09
8.65839e-09
1.99361e-09
8.73115e-11
6.30098e-09
2.91184e-07
1.31861e-05
0.000218326
0.0091067
0.118054
1.10322
1.10322
2.60249
5.41279
8.79034
0.774021
0.036587
0.036587
0.000704674
0.000704674
1.96773e-05
0.00132814
0.0501836
0.923061
7.40801
0.44661
0.0255853
0.000451251
0.0056402
0.0129604
0.0429606
0.467707
5.63724
0.216143
0.00909415
0.000220597
0.00238566
0.00511633
0.000695397
3.44214e-05
7.37316e-07
1.31986e-08
1.89175e-10
0
0
0
0
0
0
0
0
0
0
0
0
0
0
0
0
0
0
0
0
2.18279e-10
1.22964e-08
5.03816e-07
1.96773e-05
0.000704674
0.000963113
0.0195323
0.0831157
0.156086
0.156086
0.266616
0.49786
0.036587
0.036587
0.0195323
0.000704674
0.000704674
0.0195323
0.0195323
0.0195323
5.67001e-07
5.67001e-07
2.74967e-05
6.55185e-07
9.68709e-06
9.33394e-05
0.00121593
0.0015535
0.00208144
2.54545e-06
6.48074e-06
1.81317e-07
4.48199e-09
4.36557e-11
0
0
0
0
0
0
0
0
0
0
0
0
0
0
0
3.7835e-10
1.67493e-08
4.65661e-10
1.68948e-08
1.68948e-08
3.63798e-10
1.59052e-08
2.30168e-07
5.31145e-09
5.52391e-08
1.06229e-09
0
0
0
0
0
0
0
0
0
0
0
0
3.63798e-10
0
0
3.34694e-10
0
4.36557e-11
0
0
0
0
0.000593941
0.0713015
0.0023336
0.206192
3.50511e-06
2.40949e-05
2.40949e-05
2.40949e-05
2.40949e-05
)
;
    }
    procBoundary2to1
    {
        type            processor;
        value           nonuniform List<scalar> 
616
(
1.49346e-07
1.49346e-07
3.4376e-07
3.4376e-07
2.04018e-08
6.03904e-09
4.13274e-09
1.74623e-10
5.50062e-09
1.59023e-07
1.59023e-07
1.61341e-06
2.64682e-06
6.15277e-06
7.4938e-07
7.29668e-06
7.81278e-07
7.81278e-07
3.31638e-08
2.27476e-07
7.88714e-09
0
0
0
0
0
0
0
1.01863e-10
3.76895e-09
0
0
0
0
0
0
0
0
0
0
0
0
0
0
0
0
0
0
0
0
0
4.11819e-09
4.64235e-07
5.71841e-05
5.71841e-05
0.00582337
0.108687
0.0550828
0.102141
0.0714091
0.0310262
0.00827359
0.00143589
0.00016542
1.37155e-05
1.9883e-06
4.84855e-07
1.70272e-07
1.70272e-07
9.20176e-07
1.67056e-07
1.87429e-08
3.0559e-09
3.0559e-09
6.28643e-09
1.55705e-09
4.9622e-09
4.9622e-09
2.26282e-08
4.17234e-06
0.000107597
0.000107597
0.00133364
0.0174778
0.270448
6.96086
156.351
3145.78
52019.6
330698
686589
923830
1.10392e+06
1.31242e+06
1.63827e+06
1.87272e+06
1.86815e+06
1.63877e+06
1.36269e+06
1.24744e+06
1.22135e+06
1.19449e+06
974304
930396
712713
483432
396276
286848
179859
114578
80589.7
64837.9
59379.2
59379.2
55643.4
46873.8
42146.7
36232.8
31757.6
-8791.25
-57134.2
-88472.7
-97752.2
-98920.6
-99033.4
-99074.3
-99149.7
-99145.6
-99400.3
-98808.7
-92268.3
-47591.2
35896.6
112879
200679
215670
234477
258747
258747
385139
507150
474063
444970
396396
320724
208266
15478.8
588.96
21.5688
0.870614
0.0389806
0.00148259
0.000444651
0.000391525
0.000384358
0.000414883
0.00283854
7.327e-05
0.00109359
9.55716e-05
0.0028733
0.000141233
0.000141233
7.81278e-07
2.27476e-07
2.16824e-08
2.16824e-08
1.14524e-08
3.72384e-08
5.82077e-11
5.82077e-11
0
0
0
0
0
0
0
0
0
0
0
0
0
0
0
0
0
0
0
1.01863e-10
1.08703e-08
1.22272e-06
1.22272e-06
5.71841e-05
0.00186391
0.0254168
0.0153909
0.0385205
0.00454561
0.000717453
0.000225383
7.76417e-07
7.76417e-07
7.76417e-07
8.82345e-06
1.49578e-06
1.24688e-06
1.24688e-06
8.41508e-07
5.70682e-07
4.71191e-08
3.0399e-08
3.0399e-08
2.81434e-08
1.50321e-08
2.92493e-09
3.54994e-07
7.42148e-10
7.42148e-10
1.60071e-10
0
1.60071e-10
0
0
0
0
0
0
0
0
0
0
0
0
0
1.60071e-10
1.96596e-08
1.96596e-08
1.22272e-06
1.12917e-05
0.000190307
0.00568255
0.000196549
7.76417e-07
7.76417e-07
2.56512e-05
4.44053e-06
4.44053e-06
4.44053e-06
3.038e-07
3.038e-07
3.038e-07
3.038e-07
1.81317e-08
1.60071e-10
1.96596e-08
3.35771e-07
1.78095e-06
0
0
0
0
4.86907e-08
5.72509e-06
3.13818e-05
3.13818e-05
0.000238234
0.00270947
0.0306938
0.291341
1.51932
34.3519
701.66
12115
136258
393295
577470
686761
766581
870036
1.06029e+06
1.2535e+06
1.31264e+06
1.23009e+06
1.06698e+06
1.01332e+06
1.00789e+06
974142
772285
535830
449874
339521
213627
123394
68774
37538.3
20337.2
20337.2
13236.5
4630.77
224.02
-4199.04
-54992.9
-87982.9
-97814.1
-99029.7
-99144.4
-99196.9
-99176.3
-99252.8
-99230.6
-97235
-75803
-8468.87
72212.8
136534
222783
239030
260137
287259
287259
426022
525585
537088
528055
481464
389706
87258.6
3689.98
136.255
4.85861
0.24854
0.120445
0.00871741
0.000733103
0.0270335
0.117614
0.104514
0.241496
0.0307558
0.0307558
0.0028733
0.0028733
0.0028733
0.0307558
0.0307558
4.76916
4.76916
6.74232
153.864
3215.83
54556.1
288496
494542
585156
600164
602454
640755
744047
895864
992939
1.03354e+06
978700
963187
780157
589421
520125
421179
286840
160487
71849.7
13290.9
-22069.6
-22069.6
-35313.9
-48982
-52067.6
-87029.5
-97744.8
-99064
-99194.2
-99203.6
-99218.7
-99337.1
-98288
-87345.5
-34523.9
39068.8
100119
160896
250700
268983
292935
325544
325544
472318
521024
567383
578351
523163
236838
18542.1
683.384
24.5407
0.832149
0.196823
0.0941217
3.5726
0.489274
11.9637
1.20981
32.879
2.69488
71.0064
71.0064
246.988
16.9956
25.2281
576.03
11669.7
150124
419551
572638
600663
559396
526536
527160
564787
648430
723327
794372
791428
629571
558914
459845
332749
201208
89816.4
3680.07
-60806.8
-60806.8
-77178.1
-85808.5
-97556.2
-99088.4
-99323.1
-99370.4
-99301.4
-98466
-91547.7
-49941.7
18419
73875.3
125950
189584
286740
308576
338217
377670
377670
447752
532009
606102
606289
389606
73450.9
2854.04
101.816
340.774
9245.61
908.069
908.069
2983.21
149070
17577.1
1260.82
29820.2
272199
542229
642706
589760
473547
403266
375388
381749
422740
502952
571683
632638
558148
449995
322003
198645
87898.4
-5899.79
-76927.2
-76927.2
-93197.4
-96763
-97764.6
-97458.5
-94107.7
-74059.5
-25661.2
31792.6
72725.7
116095
170718
240130
259522
259522
399955
447752
532009
606102
606289
606289
389606
9245.61
28368.8
376924
598536
475536
229503
529223
644576
576978
436214
359237
321840
306256
316485
358761
437348
504233
399969
280916
170864
66378.6
-23621.5
-84239.1
-84239.1
-87959.3
-86490.5
-73443.5
-36121
12667.2
50683.9
86752.4
131903
188871
188871
229456
306201
481756
569931
617114
617114
471133
469615
592880
631723
576563
422178
336466
285693
253791
236665
243221
276995
341450
235143
139558
45873.4
-35688.9
-87959.3
-86490.5
-73443.5
-36121
12667.2
50683.9
86752.4
131903
168439
210927
275753
370900
335739
430459
328339
266952
221434
188535
170113
172409
193236
117521
41031
-34614.1
-15699.8
18227.6
50207
80746.2
119583
158898
208365
262734
164236
129737
109801
107173
47161.6
62177.5
84549.4
117067
)
;
    }
    procBoundary2to4
    {
        type            processor;
        value           nonuniform List<scalar> 
215
(
0.0884676
0.182804
1.7281
20.3264
188.306
1275.92
53.5689
2.25584
0.12743
0.062766
0.0729071
0.14199
0.254361
0.514364
1.57008
13.6041
188.65
2110.1
62.2806
1.8622
0.0733168
0.0294291
0.0360994
0.0785021
0.0977364
1.84012
63.7265
2145.44
68493.1
526279
938729
980895
817302
643413
518203
418692
333539
256831
192523
139976
170448
245026
310126
320999
293864
265535
230828
209684
209352
228788
265351
322851
420857
581549
625893
470342
151033
8207.91
320.907
26.6978
1.90817
0.197286
0.08772
0.00399352
0.271959
3.53211
62.2234
2.7847
40.6058
482.966
4426.89
29146.3
112735
6197.43
265.847
10.7491
0.392772
1.66085
4.703
11.7013
42.3038
411.728
6036.65
67514.7
259258
12962.5
397.622
11.6095
0.314856
1.13499
39.0849
1308.51
42125.1
441337
888790
985129
849378
692546
579077
486665
397970
309210
234893
313145
368943
391038
368192
337102
297059
272315
271378
294235
340109
431084
574343
627320
507841
214718
16611.4
684.706
47.3337
2.88717
66.6546
3.58333
72.947
1328.69
19929.2
925.204
10830.8
89297.9
258419
389756
472939
224390
21967.6
974.234
40.9684
116.714
292.458
1135.84
11804.7
153175
520827
774411
998725
901001
733308
614574
525472
444960
375373
426945
466140
448411
415108
371749
346921
351404
390294
468735
575025
611856
504836
239939
24867.7
1132.79
1420.67
26454.4
220972
462928
163795
380517
503187
548492
560021
589412
545534
329727
59113.9
2773.97
6876.99
28711.3
219326
643751
934316
1.02883e+06
888090
705105
583505
494797
564534
565457
533541
495109
475593
483798
521645
572563
574923
652211
662452
458762
125996
317559
688909
975290
1.04979e+06
914774
709396
764093
738848
847125
702289
960804
970827
)
;
    }
    procBoundary2to5
    {
        type            processor;
        value           nonuniform List<scalar> 
416
(
0.000685537
0.000638154
0.000638154
0.000649869
0.00117506
0.0261198
0.197698
4.6213
4.6213
359.322
359.322
813.851
1538.89
2420.05
60862.3
362080
591461
591461
597601
431921
320998
254841
207039
174255
156198
150728
160392
182101
205042
231157
222648
158112
112072
102036
79459.3
66270
58376.3
50825.6
42841.1
36704.1
31204.9
28501.2
30497.7
33126.6
36724.3
36724.3
33044.7
30655.2
28571.1
-10580.5
-57517.3
-88363.6
-97712.4
-98901.1
-99017.7
-99040.8
-99094.5
-99127.7
-99395.9
-99002.9
-94376.9
-57877.5
23691
105421
122740
141023
161522
186693
265025
394204
512287
469068
187917
122712
62458.6
20696.8
20696.8
783.398
28.7455
1.1055
0.0578114
0.00210774
0.000840616
0.0126112
0.00220637
0.000834961
0.000834961
0.0092524
0.0940164
0.0823088
1.35265
1.35265
13.8549
44.927
3295.8
80772
9478.45
9478.45
21371.1
40112.1
318464
573888
573888
614120
611003
466995
330480
255089
199949
157566
128141
106764
82958.3
62686.5
56948.3
69939.6
94188.2
90972.9
66398.2
64410.8
35116.5
18790.3
10172.2
3867.8
-1566.02
-5486.79
-8688.47
-7129.89
-4547.1
-1229.11
-1229.11
-5418.48
-8916.74
-56379
-87990.2
-97679.6
-98926.9
-99060
-99105.5
-99227.1
-99213.8
-99454.1
-98408.8
-86356.6
-28636.4
53829.9
81237.3
102007
123669
151646
217883
302201
445551
533610
428981
108893
58405.2
21459.8
6311.25
6311.25
236.277
8.38133
0.353538
0.154081
0.0989197
0.0879811
0.0092524
0.0860684
0.0860684
0.142593
0.371958
0.371958
3.31271
31.4967
117.342
354.723
23662.1
259968
535086
396608
169412
169412
252756
543061
543061
614638
575509
551187
533471
359319
266112
202759
153148
115007
83467.8
46091.9
-6183.13
-40008.6
-53464.2
-49323
-35074.1
-23534
4542.55
-26084.8
-40166.1
-47220.2
-50726.3
-53607.3
-55554.5
-54856.3
-53305.3
-50930.7
-50930.7
-54118.3
-87317.7
-97729.2
-99053.3
-99172
-99255.4
-99226.6
-99382
-99034.9
-95160.2
-61564.4
9056.79
45899.5
74010.1
99285.6
129954
186000
255109
354100
501536
538474
359389
43682.4
17206.8
5766.22
1635.36
1635.36
57.9277
2.01565
0.471478
11.8733
1.92454
0.28531
0.108776
0.762049
0.142593
0.142593
0.762049
7.22841
54.874
227.94
780.645
2245.63
110988
415456
583005
516613
600904
604619
491006
491006
491006
604619
600904
516613
479554
450563
430912
290486
216013
158648
112643
75116.9
31587.2
-30821.4
-75603
-91362.3
-94279.4
-93615.3
-89060.4
-70100.2
-81322.4
-84819
-85983.1
-87082.4
-87681.7
-87500.6
-87017.1
-86264.6
-86264.6
-97668.8
-99085.9
-99234.9
-99278.7
-99318.7
-99052.1
-96898
-77163.3
-21255.5
25732.2
57089.8
85517.2
118938
166935
226233
299814
425135
557609
503616
249672
10641
4131.74
1296.48
334.593
334.593
54.874
7.22841
299814
278221
261335
249242
181153
127365
84328.7
84328.7
28526.5
-38554.3
-84615
-96742.7
-98700.2
-98993.8
-98690.5
-96661.5
-97515.5
-97523.9
-97685.6
-97707.8
-97722.7
-97679.8
-97668.8
-99085.9
-99234.9
-99278.7
-99318.7
-99052.1
-96898
-77163.3
25732.2
57089.8
85517.2
118938
118938
166935
226233
207016
191953
136707
92650
92650
59563.7
46790.1
-36020.6
-86066
-97510.6
-99044.9
-99348.8
-99343.6
-99137.4
-99009.3
-99039.7
-98971.8
-99022.9
-99046.6
-99184.1
-99209.8
-99213.1
-99379.8
-98842.8
-93310.7
-7762.64
39749
72251.9
103702
103702
149733
17691.3
-7750.91
-81904.9
-97430.6
-99110.2
-99309.1
-99219.3
-99183.5
-99168.7
-99100.6
-99157.5
-99210.8
-99186.6
-99256.4
-99265.1
-97450.8
-36094
-57587.8
-96329.9
-99075
-99330.8
-99189.4
-99208.2
-99163.8
-99194.7
-99189.5
-99403.8
-98456.6
)
;
    }
}


// ************************************************************************* //
