/*--------------------------------*- C++ -*----------------------------------*\
  =========                 |
  \\      /  F ield         | OpenFOAM: The Open Source CFD Toolbox
   \\    /   O peration     | Website:  https://openfoam.org
    \\  /    A nd           | Version:  9
     \\/     M anipulation  |
\*---------------------------------------------------------------------------*/
FoamFile
{
    format      ascii;
    class       labelList;
    note        "nPoints:5211  nCells:3619  nFaces:12357  nInternalFaces:10611";
    location    "0.0001/polyMesh";
    object      neighbour;
}
// * * * * * * * * * * * * * * * * * * * * * * * * * * * * * * * * * * * * * //


10611
(
2
5
31
33
27
258
259
2993
3
6
2081
4
8
2088
10
2095
32
34
594
2075
2081
7
8
12
33
9
13
34
636
2081
9
10
14
11
15
684
2088
11
16
17
732
2095
13
14
2609
2966
3038
15
101
1026
2967
15
16
2970
3039
17
1032
2971
17
2974
3040
1038
2975
35
39
40
42
111
112
114
21
40
41
44
45
327
2064
42
46
50
51
53
139
140
143
23
51
52
55
56
371
2065
53
57
61
62
64
167
168
171
25
62
63
66
67
414
2066
64
71
75
80
81
83
216
217
220
81
82
85
86
256
457
2067
96
102
103
108
242
3058
79
257
260
263
86
256
263
265
267
1787
31
33
270
273
276
277
32
34
277
279
282
1814
32
257
258
261
262
270
275
276
264
265
266
269
277
279
283
546
2069
34
270
272
273
2609
101
277
280
282
588
110
111
112
39
117
118
119
780
42
46
124
125
126
43
47
131
132
133
782
41
43
118
119
121
321
41
44
45
806
43
44
124
126
128
45
50
131
133
135
808
45
51
52
810
138
139
140
50
145
146
147
833
53
57
152
153
154
54
58
159
160
161
1714
52
54
146
147
150
365
52
55
56
858
54
55
152
154
156
56
61
159
161
163
1715
56
62
63
861
166
167
168
61
173
174
175
1716
64
71
180
181
182
65
72
187
188
189
1717
63
65
174
175
178
1711
63
66
67
908
65
66
180
182
184
67
80
187
189
191
1718
67
81
82
911
71
75
194
195
196
77
88
201
202
203
73
78
89
208
209
210
215
216
217
80
222
223
224
1719
83
94
229
230
231
84
236
237
238
306
1720
76
78
195
196
199
79
81
78
201
203
205
259
2993
79
83
208
210
212
260
85
2993
82
84
223
224
227
1712
82
85
86
958
84
85
229
231
233
268
86
236
238
240
267
1721
86
263
961
90
242
243
245
3062
3095
259
285
286
287
94
260
292
293
294
92
96
242
245
248
274
3057
3096
92
261
275
284
287
289
290
3057
98
262
276
291
294
296
297
97
102
249
250
252
3059
268
299
300
301
99
255
305
307
308
2007
97
98
102
105
108
281
3060
99
249
252
255
278
1713
3061
99
269
283
298
301
303
304
266
279
305
308
311
1726
312
316
318
1014
2977
3523
313
315
317
318
1020
2609
2963
104
105
3069
104
106
244
3070
107
250
3071
107
108
252
298
107
108
246
299
254
302
248
303
113
114
115
116
123
113
115
114
115
118
113
114
124
127
121
128
122
120
121
122
130
120
122
1129
121
122
120
121
131
1131
134
1132
135
127
128
129
130
127
128
127
129
138
128
129
133
139
135
136
141
134
135
136
134
135
1143
134
136
145
1144
135
136
146
1146
148
141
142
143
144
151
141
142
141
143
146
142
143
152
148
155
150
156
148
149
150
158
148
149
1241
148
150
149
150
159
1727
162
1728
163
155
156
157
158
155
156
155
157
166
156
157
161
167
163
164
169
162
163
164
162
163
1730
162
164
173
1731
163
164
174
1733
176
169
170
171
172
179
169
170
169
171
174
170
171
180
176
183
178
184
176
177
178
186
176
177
1737
176
178
177
178
187
1739
190
1741
191
183
184
185
186
183
184
183
185
215
184
185
189
216
191
192
218
190
191
192
190
191
1744
190
192
222
1745
191
192
223
1747
225
197
198
199
207
197
198
215
197
199
198
199
208
217
211
219
212
204
205
206
207
204
205
204
206
285
205
206
210
286
212
213
288
211
212
213
211
212
229
211
213
230
292
212
213
293
232
295
218
219
220
221
228
218
219
218
220
223
219
220
229
225
232
227
233
225
226
227
235
225
226
1751
225
227
226
227
236
1753
239
1755
240
232
233
234
235
232
233
232
234
299
233
234
238
300
240
241
302
239
240
241
239
240
1758
239
241
307
1759
240
241
309
1761
310
244
248
3097
244
247
3064
3098
246
3099
247
248
291
3065
247
248
292
295
3067
296
251
255
1724
3076
251
254
3077
253
1773
3078
254
255
308
254
255
307
1772
310
1771
263
264
265
504
2068
2069
258
262
264
261
260
261
286
287
290
262
268
293
294
297
262
269
264
268
265
269
266
1786
267
269
498
268
305
306
309
311
1785
269
300
301
304
272
275
272
274
275
2608
2994
3057
273
2610
274
280
2611
276
281
2612
276
283
280
283
279
281
282
312
540
283
1813
281
282
313
283
314
315
1815
288
289
290
291
3065
288
289
3066
288
290
293
289
290
295
3067
3068
297
295
296
297
295
296
299
295
297
296
297
301
303
302
303
304
308
302
303
302
304
309
303
304
310
311
306
311
1725
307
309
2006
310
2008
310
311
310
311
314
315
1953
3061
314
315
317
2611
316
2612
3060
318
1954
317
2614
2977
3522
318
2616
2977
1958
2977
798
799
801
1047
1213
1214
1216
1217
326
364
798
800
802
804
1005
780
805
806
808
1130
1131
1133
784
805
812
813
815
1158
1159
1161
788
812
819
820
822
1186
1187
1189
793
819
826
827
829
1221
1222
1224
799
826
2009
2010
2012
332
370
2009
2011
2013
2015
328
333
371
806
807
810
811
329
334
372
813
814
817
818
330
335
373
820
821
824
825
331
336
374
827
828
831
832
332
337
375
2010
2011
2014
2015
338
376
334
339
377
2064
335
340
378
336
341
379
337
342
380
338
343
381
344
382
340
345
383
2044
341
346
384
342
347
385
343
348
386
344
349
387
350
388
346
351
389
2045
347
352
390
348
353
391
349
354
392
350
355
393
356
394
352
357
395
2046
353
358
396
354
359
397
355
360
398
356
361
399
362
400
358
401
2047
359
402
360
403
361
404
362
405
406
801
850
851
853
1055
1315
1317
1319
1321
370
408
850
852
854
856
1006
808
833
857
858
1242
1244
1715
1727
815
836
857
863
864
866
1261
1262
1265
822
840
863
870
871
873
1289
1290
1293
829
845
870
877
878
880
1324
1325
1328
851
877
2012
2016
2017
2019
376
413
2016
2018
2020
2022
372
377
414
858
859
861
862
373
378
415
864
865
868
869
374
379
416
871
872
875
876
375
380
417
878
879
882
883
376
381
418
2017
2018
2021
2022
382
419
378
383
420
2065
379
384
421
380
385
422
381
386
423
382
387
424
388
425
384
389
426
2048
385
390
427
386
391
428
387
392
429
388
393
430
394
431
390
395
432
2049
391
396
433
392
397
434
393
398
435
394
399
436
400
437
396
401
438
2050
397
402
439
398
403
440
399
404
441
400
405
442
406
443
402
444
2051
403
445
404
446
405
447
406
448
449
853
894
900
901
903
1064
1413
1417
1419
413
451
900
902
904
906
1007
866
886
907
913
914
916
1359
1360
1363
873
890
913
920
921
923
1387
1388
1391
880
895
920
927
928
930
1422
1423
1426
901
927
2019
2023
2024
2026
419
456
2023
2025
2027
2029
415
420
457
908
909
911
912
416
421
458
914
915
918
919
417
422
459
921
922
925
926
418
423
460
928
929
932
933
419
424
461
2024
2025
2028
2029
425
462
421
426
463
2066
422
427
464
423
428
465
424
429
466
425
430
467
431
468
427
432
469
2052
428
433
470
429
434
471
430
435
472
431
436
473
437
474
433
438
475
2053
434
439
476
435
440
477
436
441
478
437
442
479
443
480
439
444
481
2054
440
445
482
441
446
483
442
447
484
443
448
485
449
486
445
487
2055
446
488
447
489
448
490
449
491
492
903
944
950
951
953
1075
1511
1515
1517
456
497
950
952
954
956
1009
916
936
957
963
964
966
1457
1458
1461
923
940
963
970
971
973
1485
1486
1489
930
945
970
977
978
980
1520
1521
1524
951
977
2026
2030
2031
2033
462
503
2030
2032
2034
2036
458
463
504
958
959
961
962
459
464
505
964
965
968
969
460
465
506
971
972
975
976
461
466
507
978
979
982
983
462
467
508
2031
2032
2035
2036
468
509
464
469
510
2067
465
470
511
466
471
512
467
472
513
468
473
514
474
515
470
475
516
2056
471
476
517
472
477
518
473
478
519
474
479
520
480
521
476
481
522
2057
477
482
523
478
483
524
479
484
525
480
485
526
486
527
482
487
528
2058
483
488
529
484
489
530
485
490
531
486
491
532
492
533
488
534
2059
489
535
490
536
491
537
492
538
539
987
1083
1107
1108
1113
1704
994
1090
1114
1115
1120
1539
1001
1097
1121
1122
1127
1546
497
954
1012
1778
1780
1782
503
545
1013
1778
1782
1784
546
1726
1785
1786
1790
966
985
1788
1792
1793
1795
1899
1900
1903
973
992
1792
1799
1800
1802
1913
1914
1917
980
999
1799
1806
1807
1809
1934
1935
1938
1781
1806
2033
2037
2038
2040
509
551
2037
2039
2041
2043
505
510
552
1786
1787
1789
1791
506
511
553
1793
1794
1797
1798
507
512
554
1800
1801
1804
1805
508
513
555
1807
1808
1811
1812
509
514
556
2038
2039
2042
2043
515
557
511
516
558
2068
512
517
559
513
518
560
514
519
561
515
520
562
521
563
517
522
564
2060
518
523
565
519
524
566
520
525
567
521
526
568
527
569
523
528
570
2061
524
529
571
525
530
572
526
531
573
527
532
574
533
575
529
534
576
2062
530
535
577
531
536
578
532
537
579
533
538
580
539
581
535
582
2063
536
583
537
584
538
585
539
586
587
1713
1813
1815
1817
1953
589
1015
1816
1820
1821
1825
590
1016
1821
1827
1828
1832
591
1017
1828
1834
1836
1839
545
550
592
1018
1778
1779
1783
1784
1835
1836
1838
1840
551
593
1019
547
552
594
1786
1790
1791
1813
1814
1818
1819
548
553
595
1795
1796
1797
1798
1823
1824
1825
1826
549
554
596
1802
1803
1804
1805
1830
1831
1832
1833
550
555
597
1809
1810
1811
1812
1837
1838
1839
1840
551
556
598
2040
2041
2042
2043
557
599
553
558
600
2069
554
559
601
555
560
602
556
561
603
557
562
604
563
605
559
564
606
2070
560
565
607
561
566
608
562
567
609
563
568
610
569
611
565
570
612
2071
566
571
613
567
572
614
568
573
615
569
574
616
575
617
571
576
618
2072
572
577
619
573
578
620
574
579
621
575
580
622
581
623
577
582
624
2073
578
583
625
579
584
626
580
585
627
581
586
628
587
629
583
630
2074
584
631
585
632
586
633
587
634
635
589
594
636
1020
1814
1815
1816
1819
590
595
637
1021
1821
1825
1826
591
596
638
1022
1828
1832
1833
592
597
639
1023
1836
1839
1840
593
598
640
1024
599
641
1025
595
600
642
596
601
643
597
602
644
598
603
645
599
604
646
605
647
601
606
648
2075
602
607
649
603
608
650
604
609
651
605
610
652
611
653
607
612
654
2076
608
613
655
609
614
656
610
615
657
611
616
658
617
659
613
618
660
2077
614
619
661
615
620
662
616
621
663
617
622
664
623
665
619
624
666
2078
620
625
667
621
626
668
622
627
669
623
628
670
629
671
625
630
672
2079
626
631
673
627
632
674
628
633
675
629
634
676
635
677
631
678
2080
632
679
633
680
634
681
635
682
683
637
642
684
1026
638
643
685
1027
639
644
686
1028
640
645
687
1029
641
646
688
1030
647
689
1031
643
648
690
2081
644
649
691
645
650
692
646
651
693
647
652
694
653
695
649
654
696
2082
650
655
697
651
656
698
652
657
699
653
658
700
659
701
655
660
702
2083
656
661
703
657
662
704
658
663
705
659
664
706
665
707
661
666
708
2084
662
667
709
663
668
710
664
669
711
665
670
712
671
713
667
672
714
2085
668
673
715
669
674
716
670
675
717
671
676
718
677
719
673
678
720
2086
674
679
721
675
680
722
676
681
723
677
682
724
683
725
679
726
2087
680
727
681
728
682
729
683
730
731
685
690
732
1032
686
691
733
1033
687
692
734
1034
688
693
735
1035
689
694
736
1036
695
737
1037
691
696
738
2088
692
697
739
693
698
740
694
699
741
695
700
742
701
743
697
702
744
2089
698
703
745
699
704
746
700
705
747
701
706
748
707
749
703
708
750
2090
704
709
751
705
710
752
706
711
753
707
712
754
713
755
709
714
756
2091
710
715
757
711
716
758
712
717
759
713
718
760
719
761
715
720
762
2092
716
721
763
717
722
764
718
723
765
719
724
766
725
767
721
726
768
2093
722
727
769
723
728
770
724
729
771
725
730
772
731
773
727
774
2094
728
775
729
776
730
777
731
778
779
733
738
1038
734
739
1039
735
740
1040
736
741
1041
737
742
1042
743
1043
739
744
2095
740
745
741
746
742
747
743
748
749
745
750
2096
746
751
747
752
748
753
749
754
755
751
756
2097
752
757
753
758
754
759
755
760
761
757
762
2098
758
763
759
764
760
765
761
766
767
763
768
2099
764
769
765
770
766
771
767
772
773
769
774
2100
770
775
771
776
772
777
773
778
779
775
2101
776
777
778
779
1129
1130
1131
784
805
1136
1137
1138
808
833
1143
1144
1145
786
809
834
1150
1151
1152
1157
1158
1159
788
812
1164
1165
1166
815
836
1171
1172
1173
790
816
837
1178
1179
1180
1185
1186
1187
793
819
1192
1193
1194
822
840
1199
1200
1201
796
823
841
1206
1207
1208
1044
1212
1213
1218
1220
1221
1222
799
826
1842
1843
1844
1045
1212
1226
1227
1229
829
845
1234
1235
1236
803
830
846
1849
1850
1851
800
802
1048
800
803
1842
1844
1845
804
2009
802
803
1050
1226
1228
1230
1231
804
850
1051
804
851
1849
1850
1852
2012
852
2013
807
809
1137
1138
1140
807
810
811
813
809
810
1143
1145
1147
811
815
857
1150
1152
1154
811
858
817
859
814
816
1165
1166
1168
814
817
818
820
816
817
1171
1173
1175
818
822
863
1178
1180
1182
818
864
824
865
821
823
1193
1194
1196
821
824
825
827
823
824
1199
1201
1203
825
829
870
1206
1208
1210
825
871
831
872
828
830
1843
1844
1846
828
831
832
2010
830
831
1234
1236
1238
832
877
1849
1851
1853
2012
832
878
879
2014
1241
1242
1727
836
857
1246
1247
1248
838
860
884
1253
1254
1255
1260
1261
1262
840
863
1267
1268
1269
866
886
1274
1275
1276
842
867
887
1281
1282
1283
1288
1289
1290
845
870
1295
1296
1297
873
890
1302
1303
1304
848
874
891
1309
1310
1311
1052
1227
1315
1316
1320
1323
1324
1325
851
877
1856
1857
1858
1053
1316
1329
1331
1332
880
895
1337
1338
1339
855
881
896
1863
1864
1865
852
854
1056
852
855
1856
1858
1860
856
2016
854
855
1058
1329
1330
1333
1334
856
900
1059
856
901
1863
1864
1866
2019
902
2020
859
860
1247
1248
1251
859
861
862
864
862
866
907
1253
1255
1257
1715
862
908
1715
868
909
865
867
1268
1269
1272
865
868
869
871
867
868
1274
1276
1278
869
873
913
1281
1283
1285
869
914
875
915
872
874
1296
1297
1300
872
875
876
878
874
875
1302
1304
1306
876
880
920
1309
1311
1313
876
921
882
922
879
881
1857
1858
1861
879
882
883
2017
881
882
1337
1339
1341
883
927
1863
1865
1867
2019
883
928
929
2021
886
907
1344
1345
1346
888
910
934
1351
1352
1353
1358
1359
1360
890
913
1365
1366
1367
916
936
1372
1373
1374
892
917
937
1379
1380
1381
1386
1387
1388
895
920
1393
1394
1395
923
940
1400
1401
1402
898
924
941
1407
1408
1409
1060
1330
1413
1414
1417
1421
1422
1423
901
927
1870
1871
1872
903
1062
1413
1427
1428
1432
930
945
1435
1436
1437
905
931
946
1877
1878
1879
902
904
1065
902
905
1870
1872
1874
906
2023
904
905
1068
1427
1431
1432
906
950
1069
906
951
1877
1878
1880
2026
952
2027
909
910
1345
1346
1349
1711
909
911
1711
912
914
912
916
957
1351
1353
1355
1718
912
958
1718
918
959
915
917
1366
1367
1370
915
918
919
921
917
918
1372
1374
1376
919
923
963
1379
1381
1383
919
964
925
965
922
924
1394
1395
1398
922
925
926
928
924
925
1400
1402
1404
926
930
970
1407
1409
1411
926
971
932
972
929
931
1871
1872
1875
929
932
933
2024
931
932
1435
1437
1439
933
977
1877
1879
1881
2026
933
978
979
2028
936
957
1442
1443
1444
938
960
1449
1450
1451
1998
1456
1457
1458
940
963
1463
1464
1465
966
985
1470
1471
1472
942
967
986
1477
1478
1479
1484
1485
1486
945
970
1491
1492
1493
973
992
1498
1499
1500
948
974
993
1505
1506
1507
1071
1427
1511
1513
1515
1519
1520
1521
951
977
1884
1885
1886
953
1073
1525
1526
1529
1925
980
999
1533
1534
1535
955
981
1000
1891
1892
1893
952
954
1076
952
955
1884
1886
1888
956
2030
954
955
1079
1525
1529
1530
1780
956
1080
956
1781
1891
1892
1894
2033
1782
2034
959
960
1443
1444
1447
1712
959
961
1712
962
964
962
966
1449
1451
1453
1721
1788
962
1721
1787
968
1789
965
967
1464
1465
1468
965
968
969
971
967
968
1470
1472
1474
969
973
1477
1479
1481
1792
969
1793
975
1794
972
974
1492
1493
1496
972
975
976
978
974
975
1498
1500
1502
976
980
1505
1507
1509
1799
976
1800
982
1801
979
981
1885
1886
1889
979
982
983
2031
981
982
1533
1535
1537
983
1806
1891
1893
1895
2033
983
1807
1808
2035
988
1084
1107
1539
1540
1542
1898
1899
1900
1998
992
1792
1905
1906
1907
988
989
1087
1103
1107
1110
1113
1820
990
994
1088
1539
1542
1545
1822
990
1106
1795
1823
1897
1900
1902
1903
996
1796
1824
1904
1907
1909
1910
995
1091
1114
1546
1547
1549
1912
1913
1914
999
1799
1919
1920
1921
995
996
1094
1114
1117
1120
1827
997
1001
1095
1546
1549
1552
1829
997
1802
1830
1911
1914
1916
1917
1003
1803
1831
1918
1921
1923
1924
1002
1098
1780
1925
1926
1931
1933
1934
1935
1781
1806
1940
1941
1942
1002
1003
1101
1121
1124
1127
1834
1004
1102
1779
1835
1926
1928
1931
1004
1809
1837
1932
1935
1937
1938
1783
1810
1838
1939
1942
1944
1945
1006
1046
1048
1049
1051
2110
1007
1054
1056
1057
1059
2121
1009
1063
1065
1067
1069
2133
1066
1070
1074
1075
1077
1692
1693
1696
2574
1013
1074
1076
1078
1080
2147
1559
1560
1561
2260
2265
2296
1089
1566
1567
1568
2262
2303
1013
1080
1946
1948
1950
1019
1946
1950
1952
2162
1953
1957
1958
2663
3087
1021
1955
1960
1961
1965
1022
1961
1967
1968
1972
1023
1968
1974
1976
1979
1019
1024
1946
1947
1951
1952
1975
1976
1978
1980
2175
1025
2176
1021
1026
1954
1955
1958
1959
2666
1022
1027
1961
1965
1966
2185
1023
1028
1968
1972
1973
2186
1024
1029
1976
1979
1980
2187
1025
1030
2188
1031
2189
1027
1032
2677
1028
1033
2190
1029
1034
2191
1030
1035
2192
1031
1036
2193
1037
2194
1033
1038
2688
1034
1039
2689
1035
1040
2690
1036
1041
2691
1037
1042
2692
1043
2693
1039
2704
1040
2705
1041
2706
1042
2707
1043
2708
2709
1572
1573
1578
1572
1579
1580
1582
1048
1049
2112
2527
1048
1050
1573
1574
1576
1577
2112
1051
1051
1054
2209
2531
1051
1055
1579
1581
1583
1584
2209
1056
1580
1586
1587
1591
1587
1593
1595
1596
1056
1057
2123
2534
1056
1058
1586
1588
1590
1592
2123
1059
1059
1063
2217
2538
1059
1064
1593
1594
1597
1598
2217
1065
1064
1594
1600
1601
1604
1066
1070
1608
1609
1610
2230
1068
1600
1614
1615
1619
1065
1067
2135
2554
1065
1068
1600
1604
1606
2135
1069
1067
1068
1608
1610
1612
2135
2557
1069
1074
2558
1069
1075
1614
1618
1619
1076
1691
1692
1693
2251
1075
1614
1621
1623
1625
1077
1096
1698
1699
1700
2255
1079
1628
1629
1632
1988
1076
1078
2575
1076
1079
1621
1625
1627
1080
1078
1079
1698
1700
1702
1949
2578
1080
1950
2579
1080
1628
1632
1633
1948
1082
1104
1635
1636
1638
1764
1087
1103
1635
1638
1641
1723
1956
2264
1087
1635
1648
1649
1654
1088
1648
1655
1656
1658
1086
1087
1553
1556
1557
1963
2264
2293
2310
1088
1092
1642
1644
1646
1647
1964
2294
1088
1648
1651
1654
1960
1094
1655
1658
1661
1962
1663
1664
1665
2261
2297
1094
1655
1669
1670
1675
1095
1669
1676
1677
1679
1093
1094
1558
1561
1563
1564
1970
2300
1095
1099
1662
1665
1667
1668
1971
2301
1095
1669
1672
1675
1967
1101
1676
1679
1682
1969
1949
1982
1983
1984
2304
1101
1676
1683
1684
1689
1102
1948
1988
1989
1994
1100
1101
1565
1568
1570
1571
1977
2307
1102
1951
1978
1981
1984
1986
1987
2308
1102
1683
1686
1689
1974
1947
1975
1989
1991
1994
1104
1106
1704
1709
1710
1713
1817
1704
1705
1710
1774
1106
1788
1995
1996
2000
2002
1726
1790
1818
1995
2000
2001
1109
1110
1648
1109
1111
1649
1706
1112
1540
1650
1112
1113
1542
1897
1112
1113
1707
1898
1544
1901
1709
1902
1116
1117
1669
1116
1118
1541
1670
1119
1547
1671
1119
1120
1549
1911
1119
1120
1543
1912
1551
1915
1545
1916
1123
1124
1683
1926
1123
1125
1548
1684
1126
1685
1927
1126
1127
1928
1932
1126
1127
1550
1933
1930
1936
1552
1937
1132
1133
1134
1135
1142
1132
1134
1133
1134
1137
1132
1133
1143
1146
1140
1147
1141
1139
1140
1141
1149
1139
1141
1157
1140
1141
1139
1140
1150
1159
1153
1160
1154
1146
1147
1148
1149
1146
1147
1146
1148
1241
1147
1148
1152
1242
1154
1155
1243
1153
1154
1155
1153
1154
1171
1153
1155
1172
1246
1154
1155
1247
1174
1249
1160
1161
1162
1163
1170
1160
1162
1161
1162
1165
1160
1161
1171
1174
1168
1175
1169
1167
1168
1169
1177
1167
1169
1185
1168
1169
1167
1168
1178
1187
1181
1188
1182
1174
1175
1176
1177
1174
1175
1174
1176
1260
1175
1176
1180
1261
1182
1183
1263
1181
1182
1183
1181
1182
1199
1181
1183
1200
1267
1182
1183
1268
1202
1270
1188
1189
1190
1191
1198
1188
1190
1189
1190
1193
1188
1189
1199
1202
1196
1203
1197
1195
1196
1197
1205
1195
1197
1220
1196
1197
1195
1196
1206
1222
1209
1223
1210
1202
1203
1204
1205
1202
1203
1202
1204
1288
1203
1204
1208
1289
1210
1211
1291
1209
1210
1211
1209
1210
1234
1209
1211
1235
1295
1210
1211
1296
1237
1298
1214
1215
1572
1214
1216
1573
1217
1226
1574
1217
1218
1229
1841
1217
1218
1842
1231
1845
1847
1223
1224
1225
1233
1841
1223
1225
1224
1225
1843
1223
1224
1234
1237
1238
1846
1847
1228
1231
1579
1228
1232
1580
1230
1315
1581
1231
1232
1848
1231
1232
1319
1850
1852
1320
1854
1237
1238
1239
1848
1237
1238
1237
1239
1323
1238
1239
1324
1851
1853
1326
1854
1243
1244
1245
1728
1729
1243
1728
1243
1244
1247
1249
1251
1727
1734
1249
1250
1251
1252
1249
1250
1260
1249
1251
1250
1251
1253
1262
1256
1264
1257
1256
1257
1258
1729
1256
1257
1274
1256
1258
1275
1344
1257
1258
1345
1732
1277
1734
1347
1735
1263
1264
1265
1266
1273
1263
1264
1263
1265
1268
1264
1265
1274
1270
1277
1272
1278
1270
1271
1272
1280
1270
1271
1288
1270
1272
1271
1272
1281
1290
1284
1292
1285
1277
1278
1279
1280
1277
1278
1277
1279
1358
1278
1279
1283
1359
1285
1286
1361
1284
1285
1286
1284
1285
1302
1284
1286
1303
1365
1285
1286
1366
1305
1368
1291
1292
1293
1294
1301
1291
1292
1291
1293
1296
1292
1293
1302
1298
1305
1300
1306
1298
1299
1300
1308
1298
1299
1323
1298
1300
1299
1300
1309
1325
1312
1327
1313
1305
1306
1307
1308
1305
1306
1305
1307
1386
1306
1307
1311
1387
1313
1314
1389
1312
1313
1314
1312
1313
1337
1312
1314
1338
1393
1313
1314
1394
1340
1396
1317
1319
1586
1317
1318
1587
1321
1329
1588
1320
1321
1332
1855
1320
1321
1856
1859
1334
1860
1326
1327
1328
1336
1855
1326
1327
1326
1328
1857
1327
1328
1337
1859
1340
1341
1861
1330
1334
1593
1331
1333
1594
1335
1414
1595
1334
1335
1862
1334
1335
1417
1864
1866
1418
1868
1340
1341
1342
1862
1340
1341
1340
1342
1421
1341
1342
1422
1865
1867
1424
1868
1347
1348
1349
1350
1736
1347
1348
1358
1347
1349
1738
1348
1349
1351
1360
1740
1354
1362
1355
1742
1354
1355
1356
1743
1354
1355
1372
1354
1356
1373
1442
1355
1356
1443
1746
1375
1748
1445
1749
1361
1362
1363
1364
1371
1361
1362
1361
1363
1366
1362
1363
1372
1368
1375
1370
1376
1368
1369
1370
1378
1368
1369
1386
1368
1370
1369
1370
1379
1388
1382
1390
1383
1375
1376
1377
1378
1375
1376
1375
1377
1456
1376
1377
1381
1457
1383
1384
1459
1382
1383
1384
1382
1383
1400
1382
1384
1401
1463
1383
1384
1464
1403
1466
1389
1390
1391
1392
1399
1389
1390
1389
1391
1394
1390
1391
1400
1396
1403
1398
1404
1396
1397
1398
1406
1396
1397
1421
1396
1398
1397
1398
1407
1423
1410
1425
1411
1403
1404
1405
1406
1403
1404
1403
1405
1484
1404
1405
1409
1485
1411
1412
1487
1410
1411
1412
1410
1411
1435
1410
1412
1436
1491
1411
1412
1492
1438
1494
1415
1419
1600
1415
1418
1601
1416
1428
1602
1418
1419
1430
1869
1418
1419
1870
1873
1432
1874
1424
1425
1426
1434
1869
1424
1425
1424
1426
1871
1425
1426
1435
1873
1438
1439
1875
1429
1431
1614
1429
1430
1615
1433
1513
1616
1432
1433
1876
1432
1433
1515
1878
1880
1516
1882
1438
1439
1440
1876
1438
1439
1438
1440
1519
1439
1440
1520
1879
1881
1522
1882
1445
1446
1447
1448
1750
1445
1446
1456
1445
1447
1752
1446
1447
1449
1458
1754
1452
1460
1453
1756
1452
1453
1454
1757
1452
1453
1470
1452
1454
1471
1999
1453
1454
1760
1996
1473
1762
1763
1997
1459
1460
1461
1462
1469
1459
1460
1459
1461
1464
1460
1461
1470
1466
1473
1468
1474
1466
1467
1468
1476
1466
1467
1484
1466
1468
1467
1468
1477
1486
1480
1488
1481
1473
1474
1475
1476
1473
1474
1473
1475
1898
1474
1475
1479
1899
1481
1482
1901
1480
1481
1482
1480
1481
1498
1480
1482
1499
1905
1481
1482
1906
1501
1908
1487
1488
1489
1490
1497
1487
1488
1487
1489
1492
1488
1489
1498
1494
1501
1496
1502
1494
1495
1496
1504
1494
1495
1519
1494
1496
1495
1496
1505
1521
1508
1523
1509
1501
1502
1503
1504
1501
1502
1501
1503
1912
1502
1503
1507
1913
1509
1510
1915
1508
1509
1510
1508
1509
1533
1508
1510
1534
1919
1509
1510
1920
1536
1922
1512
1517
1525
1621
1513
1514
1527
1622
1516
1623
1516
1517
1528
1883
1516
1517
1884
1887
1530
1888
1522
1523
1524
1532
1883
1522
1523
1522
1524
1885
1523
1524
1533
1887
1536
1537
1889
1527
1530
1628
1527
1531
1629
1927
1528
1630
1530
1531
1890
1530
1531
1892
1929
1894
1896
1930
1536
1537
1538
1890
1536
1537
1536
1538
1933
1537
1538
1893
1934
1895
1896
1936
1541
1545
1655
1541
1544
1656
1543
1657
1544
1545
1904
1544
1545
1905
1908
1909
1548
1552
1676
1548
1551
1677
1550
1678
1551
1552
1918
1551
1552
1919
1922
1923
1555
1556
1557
1642
1651
1555
1557
1652
2163
2498
1645
1653
2309
1646
2289
2309
2310
1654
2310
2502
1562
1563
1564
1662
1672
1562
1563
1663
2296
2488
1562
1564
1643
1673
1563
1564
1644
2296
1666
1674
1667
2296
1647
1675
1569
1570
1571
1686
1981
1569
1570
1982
2303
2494
1569
1571
1664
1687
1570
1571
1665
2303
1688
1985
1986
2303
1668
1689
1574
1575
1574
1576
1577
1579
1577
1578
1582
2504
1577
1578
2506
1584
2509
2510
1581
1584
1581
1585
1583
1586
1584
1585
2336
1584
1585
1590
2339
2341
1591
2342
1588
1590
1588
1589
1592
1593
1591
1592
1596
2351
1591
1592
2353
2355
1598
2357
1594
1598
1595
1597
1599
1601
1598
1599
2511
1598
1599
1604
2514
2516
1605
2517
1602
1606
1602
1605
1603
1615
1605
1606
1617
2405
1605
1606
2407
2409
1619
2411
1611
1612
1613
1617
2405
1611
1612
2230
2408
1611
1613
1691
2230
2413
1612
1613
1618
1692
2230
2410
2414
1619
2411
1620
1694
1616
1618
1616
1617
1620
1623
1619
1620
1619
1620
1625
1626
1622
1627
1628
1623
1624
1630
1626
1626
1627
1631
1690
1626
1627
1692
1694
1633
1696
1630
1633
1630
1634
1990
1631
1633
1634
1697
1633
1634
1700
1992
1702
1703
1993
1637
1641
1704
1637
1640
1705
1765
1639
1649
1706
1640
1641
1767
2496
1640
1641
1652
2498
1769
2500
1654
2502
1645
1646
1647
1658
1645
1647
1659
2265
1646
1647
2265
2290
1660
2503
2290
2503
1661
1650
1651
1650
1652
1653
1656
1653
1654
1658
1653
1654
1660
1657
1661
1657
1660
1659
1670
1660
1661
1660
1661
1673
1675
1666
1667
1668
1679
1666
1667
2297
2491
1666
1668
1680
1667
1668
2297
1681
2297
1682
1671
1672
1671
1673
1674
1677
1674
1675
1679
1674
1675
1681
1678
1682
1678
1681
1680
1684
1681
1682
1681
1682
1687
1689
1685
1686
1989
1685
1687
1688
1990
1688
1689
1991
1688
1689
1993
1694
1695
1696
1697
1694
1695
2251
2285
1694
1696
1695
1696
1698
2251
1701
2251
2287
1702
1701
1702
1703
1701
1702
2255
1701
1703
1982
2255
2494
1702
1703
1983
2255
2495
1985
1706
1709
1706
1708
1775
1707
1708
1709
1999
1710
1776
1997
1710
2001
1777
1995
1715
1716
1718
1738
1739
1742
1718
1719
1721
1752
1753
1756
1723
1724
1726
1771
1774
1777
1715
1716
1730
1731
1732
1730
1732
1734
1737
1738
1739
1718
1719
1744
1745
1746
1744
1746
1748
1751
1752
1753
1721
1758
1759
1760
2006
1758
1760
1762
1785
1723
1724
1764
1766
1770
3076
1764
1767
1770
1953
3061
3087
1771
1773
1774
1726
1785
2002
2006
2007
1813
2002
2003
2007
1728
1730
1733
1733
1734
1735
1733
1734
1733
1735
1737
1734
1735
1738
1740
1740
1741
1742
1743
1740
1741
1740
1742
1741
1742
1744
1747
1748
1747
1748
1749
1747
1748
1747
1749
1751
1748
1749
1752
1754
1754
1755
1756
1757
1754
1755
1754
1756
1755
1756
1758
1761
1762
1761
1762
1763
1761
1762
1761
1763
2008
1762
1763
2004
2005
1765
1767
1774
1766
1769
1775
1768
1773
3078
1769
1770
3091
1769
1770
3080
3090
3093
3082
3088
1772
1777
2007
1773
1776
2008
1775
1775
1777
1776
1777
2005
2003
1779
1784
1946
1780
1783
1947
1781
1925
1929
1931
1948
1782
1783
1940
1942
1944
1784
2037
1784
2040
2041
1787
1788
2002
2004
2006
1787
1791
1789
1789
1790
1996
1998
2000
1791
1793
1791
1795
1797
1794
1796
1906
1907
1910
1794
1797
1798
1800
1796
1797
1798
1802
1798
1804
1801
1803
1920
1921
1924
1801
1804
1805
1807
1803
1804
1805
1809
1805
1811
1808
1810
1941
1942
1945
1808
1811
1812
2038
1810
1811
1812
2040
1812
2042
1814
1818
1815
1819
1816
1954
1817
1819
1955
1818
1820
1956
1819
1823
1825
1822
1823
1960
1822
1826
1961
1824
1827
1962
1824
1825
1826
1830
1826
1832
1829
1830
1967
1829
1833
1968
1831
1834
1969
1831
1832
1833
1837
1833
1839
1835
1837
1974
1836
1838
1975
1840
1976
1838
1839
1840
1840
1845
1846
1847
1848
1845
1847
1846
1847
1845
1846
1849
1852
1853
1852
1853
1854
1852
1853
1852
1854
1856
1853
1854
1857
1859
1859
1860
1861
1862
1859
1860
1859
1861
1860
1861
1863
1866
1867
1866
1867
1868
1866
1867
1866
1868
1870
1867
1868
1871
1873
1873
1874
1875
1876
1873
1874
1873
1875
1874
1875
1877
1880
1881
1880
1881
1882
1880
1881
1880
1882
1884
1881
1882
1885
1887
1887
1888
1889
1890
1887
1888
1887
1889
1888
1889
1891
1894
1895
1894
1895
1896
1894
1895
1894
1896
1940
1895
1896
1941
1943
1901
1902
1903
1904
1901
1902
1999
1901
1903
1906
1902
1903
2000
1908
2001
1910
1908
1909
1910
1908
1909
1912
1908
1910
1909
1910
1914
1916
1915
1916
1917
1918
1915
1916
1915
1917
1920
1916
1917
1922
1924
1922
1923
1924
1922
1923
1933
1922
1924
1923
1924
1935
1937
1927
1929
1988
1927
1928
1989
1930
1990
1930
1931
1939
1930
1931
1940
1943
1944
1936
1937
1938
1939
1936
1937
1936
1938
1941
1937
1938
1943
1945
1943
1944
1945
1943
1944
1943
1945
1944
1945
1947
1952
1948
1951
1949
1988
1992
1994
1950
1951
1983
1984
1987
2602
1952
2603
1952
2606
2607
1954
1956
1955
1958
1956
1959
1957
1960
1959
1963
2264
2663
1959
2663
1965
2663
1962
1963
1962
1966
1964
1967
1964
1965
2172
1966
1970
2172
1966
2172
1972
2172
1969
1970
1969
1973
1971
1974
1971
1972
2173
1973
1977
2173
1973
2173
1979
2173
1975
1977
1976
1978
1980
1978
1979
2174
1980
2174
1980
2174
2174
1985
1986
1987
1991
1985
1986
2304
1985
1987
1992
1986
1987
2304
1993
2304
1994
1990
1992
1990
1991
1993
1993
1994
1993
1994
1997
2001
2003
1997
1998
2004
1999
2005
1999
2000
2001
2001
2003
2004
2005
2007
2005
2006
2008
2008
2008
2011
2013
2011
2014
2015
2013
2014
2015
2016
2015
2017
2018
2018
2020
2018
2021
2022
2020
2021
2022
2023
2022
2024
2025
2025
2027
2025
2028
2029
2027
2028
2029
2030
2029
2031
2032
2032
2034
2032
2035
2036
2034
2035
2036
2037
2036
2038
2039
2039
2041
2039
2042
2043
2041
2042
2043
2043
2045
2048
2064
2046
2049
2047
2050
2051
2049
2052
2065
2050
2053
2051
2054
2055
2053
2056
2066
2054
2057
2055
2058
2059
2057
2060
2067
2058
2061
2059
2062
2063
2061
2068
2071
2062
2072
2063
2073
2074
2065
2066
2067
2068
2070
2070
2075
2071
2076
2072
2077
2073
2078
2074
2079
2080
2076
2082
2077
2083
2078
2084
2079
2085
2080
2086
2087
2082
2088
2083
2089
2084
2090
2085
2091
2086
2092
2087
2093
2094
2089
2095
2090
2096
2091
2097
2092
2098
2093
2099
2094
2100
2101
2096
2097
2098
2099
2100
2101
2103
2105
2113
2518
2521
2522
2638
2104
2106
2114
2107
2115
2518
2519
2521
2922
2107
2109
2117
2518
2520
2522
2524
2525
2528
2529
2110
2118
2197
2200
2317
2318
2321
2323
2519
2715
2197
2525
2526
2528
2121
2525
2527
2529
2531
2198
2204
2266
2267
2206
2209
2506
2507
2509
2526
2114
2116
2125
2594
2597
2598
2644
2115
2117
2126
2118
2127
2521
2594
2595
2597
2936
2118
2120
2129
2532
2535
2536
2594
2596
2598
2600
2121
2130
2200
2269
2272
2580
2583
2584
2586
2595
2728
2269
2528
2532
2533
2535
2133
2532
2534
2536
2538
2207
2212
2270
2276
2277
2209
2214
2217
2353
2354
2357
2533
2125
2136
2539
2541
2542
2644
2650
2652
2126
2128
2137
2545
2548
2549
2127
2129
2138
2130
2139
2539
2545
2546
2548
2597
2130
2132
2142
2545
2547
2549
2551
2552
2555
2556
2133
2143
2218
2224
2227
2272
2382
2383
2386
2387
2546
2224
2535
2552
2553
2555
2147
2552
2554
2556
2558
2215
2225
2231
2279
2280
2217
2234
2407
2408
2411
2553
2137
2140
2150
2559
2562
2563
2656
2138
2141
2151
2566
2569
2570
2139
2142
2152
2143
2153
2541
2559
2560
2562
2951
2548
2559
2566
2567
2569
2143
2146
2156
2566
2568
2570
2572
2573
2576
2577
2147
2157
2220
2236
2242
2245
2434
2435
2438
2439
2560
2227
2242
2249
2252
2462
2463
2466
2467
2567
2249
2555
2573
2574
2576
2162
2573
2575
2577
2579
2232
2243
2256
2282
2283
2235
2250
2259
2285
2286
2151
2154
2164
2659
2152
2155
2165
2153
2156
2166
2157
2167
2155
2159
2168
2295
2298
2299
2562
2563
2564
2565
2660
2156
2160
2169
2302
2305
2306
2569
2570
2571
2572
2157
2161
2170
2601
2604
2605
2162
2171
2238
2288
2289
2291
2660
3134
2245
2288
2295
2296
2298
2252
2295
2302
2303
2305
2302
2576
2601
2602
2604
2176
2601
2603
2605
2607
2257
2263
2289
2309
2310
2165
2168
2177
2661
2166
2169
2178
2167
2170
2179
2171
2180
2169
2173
2181
2662
2170
2174
2182
2171
2175
2183
2176
2184
2173
2185
2291
2292
2293
2294
2662
2663
2174
2186
2298
2299
2300
2301
2175
2187
2305
2306
2307
2308
2176
2188
2604
2605
2606
2607
2189
2178
2181
2664
2668
2179
2182
2669
2180
2183
2670
2184
2671
2182
2186
2665
2673
2183
2187
2674
2184
2188
2675
2189
2676
2186
2190
2665
2666
2187
2191
2188
2192
2189
2193
2194
2191
2672
2677
2689
2192
2673
2690
2193
2674
2691
2194
2675
2692
2676
2693
2198
2204
2311
2312
2786
2202
2205
2210
2314
2315
2797
2199
2201
2520
2318
2319
2320
2203
2206
2317
2319
2322
2323
2505
2507
2508
2526
2201
2324
2326
2328
2330
2523
2718
2203
2269
2524
2528
2207
2270
2325
2326
2327
2208
2271
2324
2327
2329
2330
2337
2338
2340
2530
2331
2808
2207
2212
2332
2813
2505
2506
2507
2333
2334
2209
2214
2337
2338
2339
2337
2339
2341
2530
2212
2270
2343
2344
2845
2213
2219
2274
2346
2347
2856
2349
2867
2215
2231
2350
2872
2271
2352
2353
2354
2274
2358
2359
2217
2234
2275
2512
2513
2514
2512
2514
2516
2537
2221
2361
2362
2365
2366
2540
2654
2731
2225
2231
2362
2363
2364
2221
2368
2370
2372
2374
2543
2654
2739
2227
2242
2375
2377
2379
2381
2544
2232
2243
2369
2370
2371
2740
2229
2233
2244
2376
2377
2378
2226
2228
2273
2547
2274
2383
2384
2385
2230
2234
2275
2382
2384
2386
2388
2406
2408
2410
2553
2228
2389
2391
2393
2395
2550
2230
2249
2551
2555
2235
2250
2390
2391
2392
2251
2389
2392
2394
2395
2557
2396
2397
2399
2400
2743
2235
2259
2402
2403
2406
2407
2408
2412
2413
2239
2415
2416
2419
2420
2658
2739
2953
2243
2256
2416
2417
2418
2740
2239
2422
2423
2426
2658
2956
3084
3123
2245
2288
2427
2429
2431
2433
2957
2257
2289
2423
2424
3083
3124
2247
2258
2290
2428
2429
2430
2246
2441
2442
2445
2446
2561
2435
2436
2437
2250
2259
2442
2443
2444
2246
2448
2450
2452
2454
2564
2252
2295
2455
2457
2459
2461
2565
2260
2296
2449
2450
2451
2254
2261
2297
2456
2457
2458
2251
2253
2568
2463
2464
2465
2255
2462
2464
2466
2468
2574
2253
2469
2471
2473
2475
2571
2255
2302
2572
2576
2262
2303
2470
2471
2472
2304
2469
2472
2474
2475
2578
2476
2477
2743
2479
3085
3127
2260
2265
2481
2482
2484
2485
2487
2488
2262
2490
2491
2493
2494
2497
2498
2499
3127
3135
2496
2499
2501
2502
2759
3087
2290
2503
2268
2319
2505
2268
2320
2331
2333
2322
2335
2508
2271
2273
2596
2580
2581
2582
2275
2352
2354
2356
2533
2581
2583
2585
2586
2273
2588
2590
2592
2593
2599
2731
2275
2535
2600
2587
2588
2589
2512
2513
2515
2537
2589
2591
2592
2593
2278
2334
2352
2581
2278
2349
2358
2582
2356
2360
2585
2281
2359
2384
2406
2281
2385
2397
2412
2388
2410
2414
2284
2400
2436
2484
2284
2437
2477
2487
2440
2486
2489
2287
2413
2464
2287
2465
2485
2493
2468
2495
2290
2292
2660
2290
2293
2309
2310
2423
2424
2426
3135
2294
2296
2429
2430
2433
2503
2292
2293
2660
3136
2294
2298
2660
2294
2759
2300
2297
2299
2297
2300
2450
2451
2454
2301
2303
2457
2458
2461
2299
2300
2301
2305
2301
2307
2304
2306
2304
2307
2471
2472
2475
2308
2602
2306
2307
2308
2604
2308
2606
2479
2503
2499
2313
2318
2715
2788
2313
2314
2320
2331
2787
2316
2321
2715
2785
2316
2325
2332
2798
2316
2326
2343
2718
2799
2328
2718
2796
2321
2322
2323
2324
2321
2323
2322
2323
2321
2322
2325
2328
2329
2328
2329
2330
2328
2329
2333
2328
2330
2580
2329
2330
2334
2581
2335
2583
2332
2809
2333
2814
2335
2335
2338
2340
2340
2341
2342
2504
2340
2341
2507
2340
2342
2352
2341
2342
2353
2508
2509
2355
2345
2580
2728
2846
2345
2346
2349
2582
2847
2348
2584
2728
2844
2348
2350
2587
2857
2348
2362
2588
2731
2858
2590
2731
2855
2350
2868
2358
2873
2355
2356
2357
2511
2355
2356
2355
2357
2356
2357
2512
2515
2516
2360
2587
2360
2513
2589
2515
2591
2365
2366
2367
2375
2896
2365
2366
2383
2365
2367
2396
2856
2898
2366
2367
2376
2385
2397
2858
2900
2379
2387
2380
2398
2902
2372
2373
2374
2375
2896
2372
2373
2399
2890
2899
2372
2374
2435
2891
2373
2374
2378
2400
2436
2893
2901
2380
2401
2902
2381
2438
2379
2380
2381
2379
2380
2390
2402
2379
2381
2391
2442
2380
2381
2403
2443
2393
2404
2445
2386
2387
2388
2389
2386
2387
2588
2386
2388
2589
2387
2388
2390
2592
2393
2394
2393
2394
2395
2393
2394
2412
2393
2395
2463
2394
2395
2413
2464
2414
2466
2398
2754
2872
2398
2402
2404
2756
2401
2755
2908
2401
2403
2404
2756
2404
2412
2404
2484
2409
2410
2411
2409
2410
2513
2409
2411
2514
2410
2411
2517
2414
2414
2419
2420
2421
2427
2911
2419
2420
2435
2891
2419
2421
2476
2892
2912
2420
2421
2428
2437
2477
2895
2913
2431
2439
2432
2478
2914
2425
2426
2427
2911
3084
2426
3084
3171
2425
2426
2430
2479
2432
2480
2914
3083
2433
2431
2432
2433
2431
2432
2449
2481
2431
2433
2450
2432
2433
2482
2452
2483
2438
2439
2440
2441
2448
2438
2439
2438
2440
2443
2439
2440
2449
2445
2452
2447
2453
2445
2446
2447
2455
2445
2446
2463
2445
2447
2484
2446
2447
2456
2465
2485
2459
2467
2460
2486
2452
2453
2454
2455
2452
2453
2487
2452
2454
2453
2454
2458
2488
2460
2489
2461
2459
2460
2461
2459
2460
2470
2490
2459
2461
2471
2460
2461
2491
2473
2492
2466
2467
2468
2469
2466
2467
2466
2468
2467
2468
2470
2473
2474
2473
2474
2475
2473
2474
2493
2473
2475
2474
2475
2494
2495
2478
2757
2909
2478
2481
2483
2758
2480
2482
2483
2758
3085
2483
2487
2483
2503
2486
2486
2490
2492
2489
2489
2491
2492
2492
2493
2492
2495
2495
2500
2501
2502
3091
2500
2501
3092
3135
3183
2500
2502
2501
2502
3135
3093
3094
3135
2508
2509
2510
2508
2510
2509
2510
2508
2509
2515
2516
2517
2515
2516
2515
2517
2516
2517
2520
2522
2520
2523
2924
2524
2522
2523
2926
2524
2594
2524
2595
2928
2596
2527
2529
2527
2530
2531
2529
2530
2531
2532
2531
2533
2534
2534
2536
2534
2537
2538
2536
2537
2538
2552
2538
2553
2554
2540
2542
2652
2940
2544
2546
2942
2950
2542
2543
2652
2947
2544
2548
2559
2544
2560
2949
2950
2550
2561
2547
2549
2598
2547
2550
2599
2551
2600
2549
2550
2551
2566
2551
2567
2568
2554
2556
2554
2557
2558
2556
2557
2558
2573
2558
2574
2575
2561
2563
2561
2564
2953
2565
2567
2563
2564
2955
2565
2569
2565
2957
2571
2568
2570
2568
2571
2572
2570
2571
2572
2572
2575
2577
2575
2578
2579
2577
2578
2579
2601
2579
2602
2603
2583
2584
2583
2585
2584
2585
2587
2586
2586
2590
2586
2591
2593
2590
2591
2590
2592
2591
2592
2593
2593
2593
2596
2598
2596
2599
2938
2600
2598
2599
2940
2600
2600
2942
2603
2605
2603
2606
2607
2605
2606
2607
2607
2610
2612
2613
3049
2610
2611
2615
2616
2962
3048
2611
2615
3050
2612
2616
2614
3096
2614
2615
2976
3053
2616
2976
2616
2976
3055
2976
2618
2619
2958
2997
3104
2620
2627
2959
3105
2620
2621
2960
3000
2622
2629
2961
2622
2623
2964
3003
2624
2631
2965
2624
2625
2968
3006
2626
2633
2969
2626
2972
3009
2635
2973
2628
2629
2661
3106
2630
2662
2663
2959
3197
2630
2631
2664
2632
2665
2666
2961
2632
2633
2667
2634
2672
2677
2965
2634
2635
2678
2636
2683
2688
2969
2636
2694
2699
2704
2973
2638
2639
2643
2915
2918
2919
3185
2640
2644
2922
2925
2926
2915
2916
2918
3380
2915
2922
2923
2925
2710
2715
2717
2778
2779
2782
2784
2923
2716
2720
2744
2745
2644
2645
2650
2929
2932
2933
3189
2646
2936
2939
2940
2918
2929
2930
2932
3388
2925
2929
2936
2937
2939
2712
2723
2725
2815
2817
2930
3148
3150
3208
2717
2723
2728
2730
2837
2838
2841
2842
2937
2722
2729
2733
2749
2750
2651
2656
2943
2946
2947
3193
2932
2943
2944
2946
3396
2939
2943
2950
2725
2736
2738
2874
2876
2944
3155
3157
3215
2730
2736
2896
2897
2900
2901
2950
2735
2741
2742
2754
2755
2657
2659
2951
2954
2955
3195
2946
2951
2952
2954
3403
2738
2911
2913
2952
3121
3176
3178
2660
2661
3106
2662
2954
2955
2956
2957
3197
2662
2664
2665
2666
2759
2977
3136
3332
3333
2665
2667
2672
2677
2963
2668
2672
2678
2669
2673
2679
2670
2674
2680
2671
2675
2681
2676
2682
2673
2683
2674
2684
2675
2685
2676
2686
2687
2688
2967
2679
2683
2694
2680
2684
2695
2681
2685
2696
2682
2686
2697
2687
2698
2684
2689
2699
2685
2690
2700
2686
2691
2701
2687
2692
2702
2693
2703
2689
2704
2971
2690
2705
2691
2706
2692
2707
2693
2708
2709
2695
2699
2696
2700
2697
2701
2698
2702
2703
2700
2705
2701
2706
2702
2707
2703
2708
2709
2705
2975
2706
2707
2708
2709
2713
2760
2761
2764
2766
2917
3107
2716
2720
2761
2762
2763
2713
2767
2770
2920
3107
3145
3146
3202
2717
2723
2771
2773
2775
2777
2921
2719
2721
2724
2772
2773
2774
2718
2785
2788
2924
2779
2780
2781
2718
2789
2791
2793
2795
2927
2728
2796
2799
2928
2722
2729
2790
2791
2792
2800
2801
2722
2733
2805
2806
2810
2811
2726
2819
2820
2823
2824
2931
2729
2733
2820
2821
2822
2726
2826
2829
2934
3152
3153
3211
2730
2736
2830
2832
2834
2836
2935
2732
2734
2737
2831
2832
2833
2731
2844
2846
2938
2838
2839
2840
2731
2848
2850
2852
2854
2941
2855
2858
2942
2735
2741
2849
2850
2851
2859
2860
2735
2742
2864
2865
2869
2870
2739
2878
2879
2882
2883
2945
2741
2742
2879
2880
2881
2739
2885
2888
2948
3159
3160
3217
2889
2891
2893
2895
2949
2743
2890
2891
2892
2897
2898
2899
2903
2904
2908
2909
2746
2780
2808
2746
2781
2801
2810
2783
2809
2812
2748
2803
2816
2859
3109
2818
2861
2863
3131
2751
2811
2839
2867
2751
2840
2860
2869
2843
2868
2871
2753
2862
2875
2903
3110
2877
2905
2907
3132
2756
2870
2898
2756
2899
2904
2902
2758
2906
2912
3111
2914
3133
3135
3136
3333
2764
2765
2766
2771
3137
2764
2766
2779
2765
2766
2800
3139
2764
2765
2772
2781
2801
2775
2782
2776
2802
3142
3143
2769
2770
2771
3137
3146
2769
2770
2774
2803
2816
3113
2776
2804
3142
3144
2777
2817
3145
2775
2776
2777
2775
2776
2790
2805
2775
2777
2791
2820
2776
2777
2806
2821
2793
2807
2823
2782
2783
2784
2785
2789
2782
2784
2783
2784
2786
2782
2783
2790
2793
2787
2794
2788
2787
2788
2796
2787
2788
2808
2798
2809
2793
2794
2795
2796
2793
2794
2810
2793
2795
2838
2794
2795
2797
2811
2839
2798
2812
2799
2841
2798
2799
2798
2799
2813
2845
2814
2846
2802
3128
2802
2805
2807
3130
2804
2806
3114
2807
3130
3147
2807
2810
2807
2859
2809
2814
2812
2812
2813
2814
2814
2867
2817
2818
2819
2826
3150
2817
2818
2821
3115
2823
3148
2825
2828
3149
2823
2824
2825
2830
2823
2824
2838
2823
2825
2859
2824
2825
2831
2840
2860
2834
2842
2835
2861
2828
2829
2830
3153
2828
2829
2833
2862
2875
3116
2835
2863
3151
2836
2876
3152
2834
2835
2836
2834
2835
2849
2864
2834
2836
2850
2879
2835
2836
2865
2880
2852
2866
2882
2841
2842
2843
2844
2848
2841
2842
2841
2843
2845
2842
2843
2849
2846
2852
2847
2853
2846
2847
2855
2846
2847
2867
2857
2868
2852
2853
2854
2855
2852
2853
2869
2852
2854
2897
2853
2854
2856
2870
2898
2857
2871
2858
2900
2857
2858
2857
2858
2872
2873
2861
2861
2864
2866
2863
2865
3117
2866
3154
2866
2869
2866
2903
2868
2873
2871
2871
2872
2873
2873
2876
2877
2878
2885
3157
2876
2877
2880
3118
2882
3155
2884
2887
3156
2882
2883
2884
2889
2882
2883
2897
2882
2884
2903
2883
2884
2890
2899
2904
2893
2901
2894
2905
2887
2888
2889
3160
2887
2888
2892
2906
2912
3119
2894
2907
3158
2895
2913
3159
2893
2894
2895
2893
2894
2908
2893
2895
2894
2895
2909
2910
2900
2901
2902
2900
2901
2900
2902
2901
2902
2905
2905
2908
2910
2907
2909
3120
2910
3161
2910
2910
2913
2914
3178
2913
2914
3125
3176
3177
2917
2919
2917
2920
3107
3382
2921
2923
2919
2920
3384
2921
2925
2929
2921
2930
3386
2927
2931
2924
2926
2924
2927
2928
2926
2927
2928
2936
2928
2937
2938
2931
2933
2931
2934
3390
2935
2937
2933
2934
3392
2935
2939
2943
2935
2944
3393
2941
2945
2938
2940
2938
2941
2942
2940
2941
2942
2942
2950
2945
2947
2945
2948
3397
2949
2950
2947
2948
3399
2949
2951
2949
2952
3400
2953
2953
2955
2953
2956
3404
2957
2955
2956
3406
2957
2957
3407
2959
2960
2976
3024
2961
2977
3510
2961
2962
2964
3027
2963
2965
2963
2966
2976
3030
2967
2977
2965
2966
2968
3031
2967
2969
2967
2970
3032
2971
2969
2970
2972
3033
2971
2973
2971
2974
3034
2975
2973
2974
3035
2975
2975
3036
2977
3037
3533
3534
3535
3536
2979
2982
3041
2980
2983
3043
2984
3045
2982
2986
3028
2983
2988
3012
2984
2990
3016
2992
3020
2986
2987
2998
2988
3025
2988
2989
3001
2990
3010
2990
2991
3004
2992
3014
2992
3007
3018
3049
2996
2998
3022
2997
2999
3023
3000
3024
2999
3001
3025
3000
3002
3026
3003
3027
3002
3004
3010
3003
3005
3011
3006
3031
3005
3007
3014
3006
3008
3015
3009
3033
3008
3018
3009
3019
3035
3011
3012
3014
3025
3013
3015
3026
3031
3013
3016
3028
3041
3017
3029
3032
3042
3015
3016
3018
3017
3019
3033
3017
3020
3043
3021
3034
3044
3019
3020
3021
3035
3021
3045
3036
3046
3023
3025
3024
3026
3027
3037
3026
3028
3027
3029
3030
3031
3029
3030
3032
3037
3048
3032
3033
3034
3038
3034
3035
3036
3039
3036
3040
3052
3053
3054
3055
3039
3042
3048
3040
3044
3046
3042
3043
3044
3044
3045
3046
3046
3049
3051
3052
3050
3051
3054
3055
3050
3053
3051
3055
3054
3053
3054
3055
3055
3057
3062
3063
3068
3062
3065
3068
3060
3069
3070
3075
3097
3061
3069
3076
3077
3079
3061
3069
3072
3075
3096
3522
3076
3079
3082
3523
3064
3065
3064
3066
3067
3067
3068
3067
3068
3071
3072
3071
3073
3099
3074
3077
3074
3075
3079
3584
3074
3075
3101
3586
3081
3588
3103
3590
3078
3082
3078
3081
3080
3081
3082
3577
3081
3082
3579
3581
3583
3084
3085
3170
3177
3173
3178
3133
3182
3087
3088
3089
3094
3331
3580
3088
3091
3094
3333
3523
3090
3091
3583
3090
3092
3323
3331
3521
3093
3579
3093
3094
3093
3094
3331
3378
3331
3096
3097
3098
3100
3097
3100
3103
3099
3103
3099
3102
3101
3102
3103
3102
3103
3105
3106
3506
3510
3195
3197
3137
3138
3141
3143
3198
3112
3128
3129
3205
3114
3115
3131
3213
3117
3118
3132
3219
3120
3125
3126
3133
3138
3139
3140
3200
3114
3115
3144
3145
3204
3147
3207
3148
3149
3210
3117
3118
3151
3152
3212
3154
3214
3155
3156
3216
3120
3125
3158
3159
3218
3161
3220
3123
3162
3163
3166
3167
3217
3310
3404
3125
3126
3163
3164
3165
3218
3134
3169
3171
3173
3175
3321
3407
3127
3135
3170
3171
3172
3176
3177
3179
3180
3220
3182
3183
3130
3139
3130
3140
3147
3255
3142
3149
3154
3283
3156
3161
3303
3177
3180
3135
3136
3197
3312
3171
3172
3175
3331
3197
3332
3141
3142
3143
3141
3143
3234
3142
3143
3141
3142
3144
3236
3146
3237
3146
3147
3248
3146
3148
3249
3251
3260
3150
3269
3150
3151
3271
3153
3273
3153
3154
3276
3153
3155
3277
3279
3285
3157
3289
3157
3158
3291
3160
3293
3160
3161
3296
3160
3176
3297
3299
3305
3166
3167
3168
3169
3363
3166
3167
3176
3297
3166
3168
3179
3298
3365
3167
3168
3170
3177
3180
3301
3367
3173
3178
3174
3181
3369
3173
3174
3175
3370
3173
3174
3182
3173
3175
3174
3175
3183
3373
3184
3375
3376
3178
3178
3181
3306
3328
3181
3182
3184
3330
3184
3184
3378
3379
3186
3189
3380
3383
3384
3499
3380
3381
3383
3591
3198
3201
3226
3227
3230
3232
3381
3408
3199
3221
3222
3412
3193
3387
3388
3391
3392
3502
3313
3389
3391
3393
3394
3503
3201
3208
3263
3264
3266
3313
3335
3389
3414
3206
3209
3224
3324
3418
3195
3395
3396
3398
3399
3504
3317
3394
3398
3400
3401
3605
3402
3403
3405
3406
3506
3197
3321
3401
3405
3407
3507
3312
3332
3405
3406
3407
3510
3202
3233
3234
3237
3239
3382
3227
3228
3229
3409
3205
3234
3235
3236
3202
3240
3242
3244
3246
3385
3410
3208
3247
3249
3251
3253
3386
3206
3209
3241
3242
3243
3411
3207
3210
3248
3249
3250
3254
3255
3257
3258
3413
3213
3260
3261
3211
3268
3269
3272
3273
3390
3264
3265
3334
3415
3213
3269
3270
3271
3215
3275
3277
3279
3281
3313
3393
3214
3216
3276
3277
3278
3282
3283
3219
3285
3286
3217
3288
3289
3292
3293
3308
3397
3219
3289
3290
3291
3295
3297
3299
3301
3317
3400
3220
3296
3297
3298
3302
3303
3305
3306
3223
3228
3254
3223
3229
3257
3444
3231
3256
3259
3225
3258
3265
3282
3267
3284
3324
3345
3230
3231
3232
3233
3240
3230
3232
3430
3231
3232
3235
3230
3231
3241
3432
3244
3433
3238
3245
3239
3237
3238
3239
3247
3237
3239
3238
3239
3254
3237
3238
3248
3255
3251
3252
3256
3244
3245
3246
3247
3244
3245
3257
3437
3244
3246
3264
3438
3245
3246
3250
3258
3265
3440
3252
3259
3253
3266
3251
3252
3253
3251
3252
3260
3251
3253
3269
3252
3253
3261
3270
3262
3272
3256
3256
3260
3262
3259
3446
3259
3261
3262
3262
3262
3282
3266
3267
3268
3335
3336
3266
3335
3450
3266
3267
3270
3272
3274
3334
3341
3272
3273
3274
3275
3272
3273
3272
3274
3282
3273
3274
3276
3283
3279
3280
3284
3279
3280
3281
3336
3279
3280
3285
3279
3281
3289
3280
3281
3286
3290
3339
3287
3341
3292
3342
3284
3284
3285
3287
3287
3287
3302
3344
3345
3292
3293
3294
3295
3346
3292
3293
3292
3294
3302
3348
3293
3294
3296
3303
3350
3299
3300
3304
3352
3299
3300
3301
3353
3299
3300
3305
3299
3301
3300
3301
3306
3356
3307
3358
3359
3304
3325
3304
3305
3307
3327
3307
3307
3361
3362
3313
3317
3346
3347
3350
3351
3394
3420
3315
3316
3325
3326
3424
3317
3321
3363
3364
3367
3368
3401
3426
3319
3320
3328
3329
3428
3321
3331
3332
3530
3336
3338
3340
3342
3416
3315
3316
3337
3338
3339
3417
3343
3344
3419
3347
3348
3349
3421
3353
3355
3357
3359
3422
3319
3320
3354
3355
3356
3423
3360
3361
3425
3364
3365
3366
3427
3370
3372
3374
3376
3516
3323
3331
3371
3372
3373
3518
3377
3378
3520
3334
3343
3464
3327
3344
3348
3327
3349
3360
3484
3352
3362
3330
3361
3365
3330
3366
3377
3497
3369
3379
3333
3372
3373
3376
3532
3333
3534
3536
3335
3337
3452
3340
3454
3340
3341
3342
3340
3341
3343
3457
3340
3342
3347
3458
3341
3342
3344
3348
3460
3345
3350
3345
3466
3345
3350
3351
3352
3353
3350
3351
3470
3350
3352
3351
3352
3354
3472
3357
3474
3358
3357
3358
3359
3357
3358
3360
3477
3357
3359
3364
3478
3358
3359
3361
3365
3480
3362
3367
3362
3486
3362
3367
3368
3369
3370
3367
3368
3490
3367
3369
3368
3369
3371
3492
3374
3494
3375
3374
3375
3376
3374
3375
3377
3565
3374
3376
3566
3375
3376
3378
3568
3379
3379
3574
3379
3382
3384
3382
3385
3593
3386
3384
3385
3387
3595
3386
3388
3386
3389
3597
3390
3388
3389
3391
3599
3390
3392
3390
3601
3393
3392
3395
3603
3393
3396
3397
3395
3397
3505
3396
3398
3607
3397
3399
3400
3399
3402
3610
3400
3403
3404
3402
3404
3612
3403
3405
3614
3404
3406
3407
3406
3617
3407
3410
3429
3430
3433
3435
3501
3593
3412
3430
3431
3432
3414
3436
3438
3440
3442
3513
3597
3413
3415
3437
3438
3439
3443
3444
3418
3446
3447
3416
3449
3450
3453
3454
3601
3418
3450
3451
3452
3420
3456
3458
3460
3462
3503
3419
3421
3457
3458
3459
3463
3464
3424
3466
3467
3422
3469
3470
3473
3474
3505
3424
3470
3471
3472
3426
3476
3478
3480
3482
3605
3425
3427
3477
3478
3479
3483
3484
3428
3486
3487
3489
3490
3493
3494
3508
3516
3612
3428
3490
3491
3492
3496
3497
3433
3434
3435
3436
3537
3433
3435
3434
3435
3443
3538
3433
3434
3437
3444
3440
3441
3445
3539
3540
3440
3441
3442
3541
3440
3441
3446
3440
3442
3450
3441
3442
3447
3451
3542
3448
3543
3453
3544
3445
3524
3445
3446
3448
3525
3448
3448
3463
3545
3546
3453
3454
3455
3456
3453
3454
3453
3455
3463
3547
3454
3455
3457
3464
3548
3460
3461
3465
3460
3461
3462
3460
3461
3466
3460
3462
3470
3461
3462
3467
3471
3468
3473
3465
3526
3465
3466
3468
3468
3468
3483
3473
3474
3475
3476
3473
3474
3473
3475
3483
3474
3475
3477
3484
3549
3480
3481
3485
3480
3481
3482
3480
3481
3486
3480
3482
3490
3481
3482
3487
3491
3488
3493
3485
3485
3486
3488
3488
3488
3496
3493
3494
3495
3550
3564
3493
3494
3493
3495
3496
3552
3494
3495
3497
3565
3554
3568
3498
3556
3569
3498
3527
3498
3574
3529
3576
3500
3502
3591
3594
3595
3591
3592
3594
3513
3537
3540
3592
3504
3598
3599
3602
3603
3505
3601
3603
3604
3506
3606
3607
3609
3610
3605
3607
3608
3613
3614
3616
3617
3510
3516
3612
3617
3618
3515
3550
3551
3554
3555
3615
3514
3527
3528
3511
3530
3533
3534
3616
3617
3618
3515
3530
3531
3533
3519
3531
3585
3586
3587
3541
3544
3596
3551
3552
3553
3516
3557
3559
3561
3563
3618
3530
3564
3566
3568
3570
3519
3531
3558
3559
3560
3520
3532
3565
3566
3567
3571
3572
3521
3574
3575
3532
3578
3579
3580
3523
3535
3584
3587
3589
3590
3536
3577
3580
3582
3583
3525
3538
3539
3546
3545
3547
3529
3552
3529
3553
3571
3556
3573
3532
3534
3532
3535
3559
3560
3563
3585
3587
3589
3536
3566
3567
3570
3578
3580
3582
3534
3535
3536
3536
3539
3540
3541
3539
3540
3543
3543
3544
3543
3544
3545
3547
3546
3548
3546
3548
3554
3555
3556
3557
3554
3555
3554
3556
3555
3556
3558
3561
3562
3561
3562
3563
3564
3561
3562
3571
3561
3563
3562
3563
3567
3572
3569
3573
3570
3568
3569
3570
3568
3569
3574
3568
3570
3569
3570
3575
3576
3573
3573
3575
3585
3576
3576
3576
3578
3581
3582
3583
3584
3581
3582
3585
3581
3583
3582
3583
3588
3589
3588
3589
3590
3588
3589
3588
3590
3589
3590
3593
3595
3593
3596
3597
3595
3596
3598
3597
3599
3597
3600
3601
3599
3600
3602
3601
3603
3601
3604
3603
3604
3606
3607
3608
3610
3611
3612
3607
3608
3609
3610
3611
3610
3611
3613
3614
3615
3614
3615
3614
3615
3616
3617
3618
3617
3618
)


// ************************************************************************* //
