/*--------------------------------*- C++ -*----------------------------------*\
  =========                 |
  \\      /  F ield         | OpenFOAM: The Open Source CFD Toolbox
   \\    /   O peration     | Website:  https://openfoam.org
    \\  /    A nd           | Version:  9
     \\/     M anipulation  |
\*---------------------------------------------------------------------------*/
FoamFile
{
    format      ascii;
    class       volScalarField;
    location    "0.0013";
    object      p;
}
// * * * * * * * * * * * * * * * * * * * * * * * * * * * * * * * * * * * * * //

dimensions      [1 -1 -2 0 0 0 0];

internalField   nonuniform List<scalar> 
10601
(
104080
101654
104980
106659
108179
101498
101625
101738
101444
101298
101298
101298
128127
103100
105589
101865
102387
101417
101449
101317
101332
101298
101298
101298
101299
101299
166018
121334
254752
110492
197729
110788
196339
137317
104788
103671
123374
105445
145318
123203
111972
102860
114434
101928
116498
102293
109152
107976
101608
101544
103082
101848
105484
104587
101669
101382
101858
101305
102617
101318
101420
101359
101299
101299
101300
101301
101314
101304
101298
101298
101298
101308
101315
101299
101298
101322
101305
101298
594315
263157
558849
105878
130810
101309
102098
101298
101298
101298
575661
343071
654078
388224
102538
101636
126379
101382
209947
101840
218620
101806
101305
101301
101322
101298
101517
101300
104779
101307
101298
101298
101298
101298
167928
101403
101300
101298
101319
101298
101298
101298
101298
101298
103975
182200
113393
237612
159774
109988
105239
101303
102131
101466
101832
101334
101394
101319
101298
101300
101299
101303
101298
101299
101298
101298
101298
101298
101298
101298
101298
101298
101298
101298
101298
101298
101298
101298
101298
101298
101298
627347
999271
455117
555230
988599
417770
649261
569444
507943
862786
201295
956848
331774
436989
102346
183239
106842
102300
125959
105223
101538
126473
617125
119235
115227
245593
314146
103165
105045
103206
112179
101383
146700
101577
102373
101299
101379
101303
101299
101314
101301
101298
101509
105777
101336
101392
101777
103252
101314
101374
101331
101500
101299
102008
101304
101319
101298
101300
101298
101298
101298
101298
101298
102025
202543
104903
112220
106884
116964
101828
101331
101475
101561
101323
101369
102555
101419
101303
102864
101356
101304
101301
101298
101301
101298
101299
101341
101298
101298
101303
101305
101298
101298
101298
101298
101298
101299
101298
101298
101298
101298
101298
101298
101298
101298
101298
101298
101298
101298
101298
101298
101298
101298
101298
101298
101298
101298
101298
101298
101298
101298
101298
101298
101298
101298
101298
101298
101298
101298
101298
187094
286592
382450
402345
357314
258632
399693
103546
195445
101731
101325
101299
101361
101437
101298
101298
137969
94181.1
225282
211839
112084
243812
125968
156656
238581
164810
315821
135134
269629
185045
244315
220895
374636
458526
225137
275548
376518
225685
451391
265877
245757
283051
314641
197007
164501
248435
203261
327934
177359
240749
174280
151739
300830
242360
124946
241559
148252
135103
107546
228935
109752
133172
118813
188544
103352
102596
106300
104242
101325
129237
101593
101428
566895
551011
472404
250811
631012
507281
295799
372397
127402
147125
103838
342942
134132
150588
101311
101654
101301
101300
101344
101338
101299
104042
101454
101306
104332
101440
101453
101306
101298
101298
101298
101298
101298
101298
101298
101299
101298
101298
101298
101298
101298
101298
101298
101298
101298
101298
101298
101318
101298
101299
101298
101298
101298
101298
101298
101298
101298
101298
101298
101298
101298
101298
101298
101298
101298
101298
101298
101298
101298
101298
101298
101298
101298
101298
101298
101298
101298
101298
101298
101298
101298
101298
101298
101298
101298
101298
101298
101298
101298
101298
101298
101298
101298
101298
101298
101298
101298
101298
101298
101298
101298
101298
101298
101298
101298
101298
101408
101819
101305
101312
101662
101302
101462
101340
101304
101335
101298
101451
101300
101308
101298
101298
101298
101298
101298
101298
101298
101298
101298
101298
101298
101298
101298
101298
101298
101304
101298
101298
101299
101299
101298
101298
101298
101298
101298
101298
101298
101298
101298
101298
101298
101298
101298
101298
101298
101298
101298
101298
101298
101298
101298
101298
101298
101298
101298
101298
101298
101298
101298
101298
101298
101298
101298
101298
101298
101298
101298
101298
101298
101298
101298
101298
101298
101298
101298
101298
101298
101298
101298
101298
101298
101298
101298
101298
101298
101298
101298
101298
101298
101298
101298
101298
101298
101298
101298
101298
101298
101298
101298
101298
101298
101298
101298
101298
101298
101298
101298
101298
101298
101298
101298
101298
101298
101298
101298
101298
101298
101298
101298
101298
101298
101298
101298
101298
101298
101298
101298
101298
101298
101298
101298
101298
101298
101298
101298
101298
101298
101298
101298
101298
101298
101298
101298
101298
101298
101298
101298
101298
101298
101298
101298
101298
101298
101298
101298
101298
101298
101298
101298
101298
101298
101298
101298
101298
101298
101298
101298
101298
101298
101298
101298
101298
101298
101298
101298
101298
101298
101298
101298
101298
101298
101298
101298
101298
101298
101298
101298
101298
101298
101298
101298
101298
101298
101298
101298
101298
101298
101298
101298
101298
101298
101298
101298
101298
101298
101298
101298
101298
101298
101298
101298
101298
101298
101298
101298
101298
101298
101298
101298
101298
101298
101298
101298
101298
101298
101298
101298
101298
101298
101298
101298
101298
101298
101298
101298
101298
101298
101298
101298
101298
101298
101298
101298
101298
101298
101298
101298
101298
101298
101298
101298
101298
101298
101298
101298
101298
101298
101298
101298
101298
101298
101298
101298
101298
101298
101298
101298
101298
101298
101298
101298
101298
101298
101298
101298
101298
101298
101298
101298
101298
101298
101298
101298
101298
101298
101298
101298
561624
591632
634594
467310
506689
697423
622872
634456
681148
101298
101298
101298
101298
101298
101298
101298
101298
101298
101298
101298
101298
101298
101298
101298
101298
111401
101298
101298
101298
101298
101298
101298
101298
101298
101298
101298
101385
101330
101298
101298
101298
101298
101298
101298
101298
101298
101298
101298
101298
101298
101298
101298
101298
101298
101298
788191
733367
965473
793894
648145
606385
988165
1.08797e+06
1.16699e+06
1.07685e+06
1.1924e+06
1.1352e+06
1.02347e+06
862739
1.93558e+06
1.71907e+06
1.1271e+06
703353
998644
730854
503213
980282
784567
382210
282188
167339
436459
126892
150643
531937
312100
488058
221727
407170
208234
103655
119182
108259
107431
623754
874538
642105
161346
101298
384663
708747
448678
556791
811737
587725
491941
299627
270821
101349
984257
538701
1.10187e+06
657769
572974
1.10761e+06
971237
972911
773508
1.12545e+06
1.01704e+06
1.03087e+06
930613
1.0229e+06
297799
643811
382548
534751
416240
549557
264420
101880
190823
104130
108784
105951
113861
101639
101298
101298
842563
453129
698451
408186
482237
713194
828412
2.48617e+06
2.83915e+06
2.75847e+06
2.54124e+06
2.12295e+06
1.75337e+06
1.72955e+06
2.16163e+06
969835
665427
620275
1.08758e+06
580636
1.08702e+06
977002
831656
417225
525602
716330
491074
708280
835295
2.38845e+06
2.48279e+06
2.62741e+06
2.28576e+06
2.04045e+06
1.5846e+06
1.67838e+06
1.93239e+06
848602
653771
754463
676064
881045
800033
719413
1.28634e+06
2.01252e+06
1.92508e+06
1.27619e+06
1.08237e+06
1.26974e+06
1.62092e+06
752708
800789
981196
789680
570017
925561
814412
587630
710328
683048
706891
407253
814046
578297
531122
614238
219958
562371
254836
518712
163125
322547
234023
289363
592914
290734
423472
390596
518159
216525
119246
137244
152333
113560
119701
124116
149506
110567
198439
435197
341035
117971
462331
172888
127620
201192
358483
345155
118020
447369
157413
131331
106844
102093
104963
102569
107352
102183
104620
102775
101324
101426
101513
101313
101354
102000
101390
101300
102522
101330
101302
101301
101298
101299
101298
101298
101298
101298
101298
101298
101298
101298
539278
504376
618971
615976
502650
478250
498016
727029
693887
623541
574803
469834
122682
356617
571915
262449
461374
358414
441153
569094
524662
472102
287810
165253
205443
241213
344693
328588
262638
399014
538418
408844
470592
484131
538529
492836
475095
335613
202429
338930
296931
240313
382976
286955
375557
322682
322461
444649
279760
406694
418877
586711
392292
545366
551967
498672
474153
679315
602760
595383
503276
688464
501505
725604
593839
553084
484576
625608
502078
564867
480611
591964
572716
494155
530715
554671
500148
580515
611165
101298
101298
101298
101298
101298
101298
101298
101298
101298
101298
101298
101298
101298
101298
101298
101298
101298
101298
794063
1.11082e+06
101440
101298
101298
101298
101298
101298
101298
308425
1.40164e+06
101299
101298
101298
101298
101298
101298
101298
101303
286328
101298
101298
101298
101298
101298
101298
101298
101298
102291
101298
101298
101298
101298
101298
101298
101298
101298
101298
101298
101298
101298
101298
101298
101298
101298
101298
101298
101298
101298
101298
922653
593266
960294
601029
1.06069e+06
206332
713730
1.2664e+06
129423
727547
1.2561e+06
799732
101298
101330
101298
101298
101298
101298
101298
101298
101298
101298
101298
101298
101298
101298
101298
101298
101298
1.0262e+06
988474
1.41424e+06
101931
103506
408963
101302
504954
101298
101298
101298
101298
101298
101298
101298
101298
101298
101298
101298
101298
101298
101298
101298
101298
101298
730856
624755
656205
186344
101299
101298
102948
101298
107496
233213
101298
101298
101298
101298
101298
101298
101298
101298
101298
101298
101298
101298
101298
101298
101298
101298
101298
243704
602762
102556
110859
101549
101298
101298
101298
101298
129726
101299
101321
101298
101298
101298
101298
101298
101298
101298
101298
101298
101298
101298
101298
101298
101298
101298
101298
101298
101298
101298
101298
101298
101298
101298
101298
101298
101298
101298
101298
101298
101298
101298
101298
101298
101298
101298
101298
101298
101298
101298
101298
101298
103580
102144
101308
101298
101298
101298
101300
101298
101298
101323
101298
101298
101298
101298
101298
101298
101298
101298
101298
101298
101298
101298
101298
101298
101298
101298
101298
101298
101298
101298
101298
101298
101298
101298
101298
101298
1.37861e+06
1.017e+06
1.43888e+06
1.12902e+06
1.03237e+06
1.41297e+06
1.40948e+06
101390
105534
104054
101747
122526
115694
101968
101298
101298
101298
101298
101298
101298
101298
929539
1.23456e+06
1.20939e+06
1.28112e+06
1.18333e+06
1.17706e+06
897664
101321
101298
101300
101298
101462
101303
101313
101298
101298
101298
101298
101298
101298
101298
117138
420635
114487
187825
149225
295503
105819
101298
101298
101298
101298
101298
101298
101298
101298
101298
101298
101298
101298
101298
101298
101316
104874
101341
101414
101455
101715
101303
101298
101298
101298
101298
101298
101298
101298
101298
101298
101298
101298
101298
101298
101298
101298
101298
101298
101298
101298
101298
101298
101298
101298
101298
101298
101298
101298
101298
101298
101298
101298
101298
101298
101298
101298
101298
101298
101298
101298
101298
101298
101298
101298
101298
101298
101298
101298
101298
101298
1.12788e+06
870751
1.35418e+06
1.08719e+06
897266
1.33847e+06
1.13395e+06
174571
571670
508191
996798
436038
377288
1.06924e+06
1.93107e+06
2.66176e+06
2.48392e+06
2.06814e+06
1.12386e+06
1.13551e+06
1.0688e+06
1.29897e+06
948615
1.31738e+06
1.1171e+06
372541
106684
204153
837076
146674
261164
579387
1.65953e+06
1.58182e+06
2.15128e+06
1.20326e+06
1.30893e+06
860408
1.21482e+06
757621
883813
1.2106e+06
1.32688e+06
2.9524e+06
3.00971e+06
2.82211e+06
3.13041e+06
2.97235e+06
3.00009e+06
2.8945e+06
3.11068e+06
1.32051e+06
1.15178e+06
1.09266e+06
1.35287e+06
1.03219e+06
1.37182e+06
1.29091e+06
1.25655e+06
760941
924198
1.1602e+06
882919
1.17302e+06
1.23096e+06
2.6581e+06
1.92101e+06
2.49596e+06
2.17733e+06
2.74858e+06
2.50429e+06
2.71876e+06
2.4296e+06
101298
101303
101301
101311
101299
101298
101318
102265
101304
101484
101469
102547
107144
101333
101299
101298
101298
101303
101298
101298
101299
101298
101298
101298
101298
101298
101298
101298
101298
101298
101298
101298
101298
101298
101298
101298
101298
101298
101298
101298
101298
101298
101298
101298
101298
101298
101298
101298
101298
101298
101298
101298
101298
101298
101298
101298
715042
1.22661e+06
1.15996e+06
1.28303e+06
1.01518e+06
1.168e+06
834602
115539
101354
102524
119831
107068
271191
101816
203370
853387
636182
269709
266993
906163
359095
123657
828948
328258
115982
101388
101305
101298
102646
101301
101337
101400
108309
102184
112744
101818
576071
1.07904e+06
1.37548e+06
362514
564535
922989
628551
154821
933043
412774
248144
169618
103692
123490
109460
101298
101298
101298
101298
101298
101298
101298
101298
101298
101298
101298
101298
101299
101298
101298
101298
101298
101298
101298
101298
101298
101298
101298
101298
101298
101298
101298
101298
101298
101298
101298
101298
101298
101298
101298
101298
101298
101298
101298
101298
101298
101298
101298
101298
101298
101298
101298
101298
101298
101298
101298
101298
101298
101298
101298
101298
101790
150818
105347
128592
103265
113652
102523
101298
101298
101298
101301
101298
101311
101298
101317
101476
101372
101353
101423
108965
101929
101368
104656
101633
101321
101298
101298
101298
101299
101298
101298
101298
101303
101301
101313
101299
102041
101924
103560
101507
105909
129701
123345
101575
191267
102565
102286
115170
374729
166971
109227
282786
137940
104398
101507
101310
101355
101342
101947
101670
103023
101438
101298
101298
101298
101298
101298
101298
101298
101298
101298
101298
101298
101298
101298
101298
101298
101298
101298
101298
101298
101298
101298
101298
101298
101298
101298
101298
101298
101298
101298
101298
101298
101298
101298
101298
101298
101298
101298
101298
101298
101298
101298
101298
101298
101298
101298
101298
101298
101298
101298
101298
101298
101298
101298
101298
101298
101298
101298
101382
101309
101327
101301
101306
101299
101298
101298
101298
101298
101298
101298
101298
101298
101298
101298
101298
101298
101301
101298
101298
101299
101298
101298
101298
101298
101298
101298
101298
101298
101298
101298
101298
101298
101298
101354
111933
102576
104720
101780
102572
101449
101299
101300
101305
101298
101300
101355
101319
101305
101300
101308
101301
101298
101336
101298
101298
101303
101609
101307
101299
101414
101312
101298
101298
101298
101298
101298
101298
101298
101299
101298
101298
101298
101298
101298
101298
101298
101298
101298
101298
101298
101298
101298
101298
101298
101298
101298
101298
101298
101298
101298
101298
101298
101298
101298
101298
101298
101298
101298
101298
101298
101298
101298
101298
101298
101298
101298
101298
101298
101298
101298
101298
101298
101298
101298
101298
101298
101298
101298
101298
101298
101298
101298
101298
101298
101298
101298
101298
101298
101298
101298
101298
101298
101298
101298
101298
101298
101298
101298
101298
101298
101298
101298
101298
101298
101298
101298
101298
101298
101298
101298
101298
101298
101298
101298
101298
101298
101298
101298
101298
101298
101298
101298
101298
101298
101298
101298
101298
101298
101298
101298
101298
101298
101298
101298
101298
101298
101298
101298
101298
101298
101298
101298
101298
101298
101298
101298
101298
101298
101298
101298
101298
101298
101298
101298
101298
101298
101298
101298
101298
101298
101298
101298
101298
101298
101298
101298
101298
101298
101298
101298
101298
101298
101298
101298
101298
101298
101298
101298
101298
101298
101298
101298
101298
101298
101298
101298
101298
101298
101298
101298
101298
101298
101298
101298
101298
101298
101298
101298
101298
101298
101298
101298
101298
101298
101298
101298
101298
101298
101298
101298
101298
101298
101298
101298
101298
101298
101298
101298
101298
101298
101298
101298
101298
101298
101298
101298
101298
101298
101298
101298
101298
101298
101298
101298
101298
101298
101298
101298
101298
101298
101298
101298
101298
101298
101298
101298
101298
101298
101298
101298
101298
101298
101298
101298
101298
101298
101298
101298
101298
101298
101298
101298
101298
101298
101298
101298
101298
101298
101298
101298
101298
101298
101298
101298
101298
101298
101298
101298
101298
101298
101298
101298
101298
101298
101298
101298
101298
101298
101298
101298
101298
101298
101298
101298
101298
101298
101298
101298
101298
101298
101298
101298
101298
101298
101298
101298
101298
101298
101298
101298
101298
101298
101298
101298
101298
101298
101298
101298
101298
101298
101298
101298
101298
101298
101298
101298
101298
101298
101298
101298
101298
101298
101298
101298
101298
101298
101298
101298
101298
101298
101298
101298
101298
101298
101298
101298
101298
101298
101298
101298
101298
101298
101298
101298
101298
101298
101298
101298
101298
101298
101298
101298
101298
101298
101298
101298
101298
101298
101298
101298
101298
101298
101298
101298
101298
101298
101298
101298
101298
101298
101298
101298
101298
101298
101298
101298
101298
101298
101298
101298
101298
101298
101298
101298
101298
101298
101298
101298
101298
101298
101298
101298
101298
101298
101298
101298
101298
101298
101298
101298
101298
101298
101298
101298
101298
101298
101298
101298
101298
101298
101298
101298
101298
101298
101298
101298
101298
101298
101298
101298
101298
101298
101298
101298
101298
101298
101298
101298
101298
101298
101298
101298
101298
101298
101298
101298
101298
101298
101298
101298
101298
101298
101298
101298
101298
101298
101298
101298
101298
101298
101298
101298
101298
101298
101298
101298
101298
101298
101298
101298
101298
101298
101298
101298
101298
101298
101298
101298
101298
101298
101298
101298
101298
101298
101298
101298
101298
101298
101298
101298
101298
101298
101298
101298
101298
101298
101298
101298
101298
101298
101298
101298
101298
101298
101298
101298
101298
101298
101298
101298
101298
101298
101298
101298
101298
101298
101298
101298
101298
101298
101298
101298
101298
101298
101298
101298
101298
101298
101298
101298
101298
101298
101298
101298
101298
101298
101298
101298
101298
101298
101298
101298
101298
101298
101298
101298
101298
101298
101298
101298
101298
101298
101298
101298
101298
101298
101298
101298
101298
101298
101298
101298
101298
101298
101298
101298
101298
101298
101298
101298
101298
101298
101298
944496
976270
515788
665001
108979
101298
940700
441828
983497
988866
506832
1.15053e+06
840204
1.29024e+06
399005
1.40714e+06
1.37301e+06
292945
924704
647477
872432
125606
560703
836286
104249
138290
576280
507181
605147
101351
106995
101298
101302
595110
516718
101298
424431
418469
201354
151075
239497
118404
101864
101304
102401
101400
101298
101298
101300
101298
101298
101298
921053
897031
925975
977317
947606
974128
953410
460802
243451
256656
315691
473274
497425
299879
947003
922677
924653
1.00158e+06
1.01963e+06
987018
1.0698e+06
285500
335809
578362
348522
653451
550011
411570
1.10968e+06
1.06775e+06
982531
1.55367e+06
1.13171e+06
1.24535e+06
1.31072e+06
391206
608694
493494
660279
817371
531907
885243
1.3827e+06
1.01893e+06
1.06811e+06
1.74489e+06
1.28141e+06
1.36628e+06
1.72626e+06
178356
277814
140259
649464
446804
736200
516395
1.24036e+06
1.29605e+06
932845
1.22575e+06
1.08003e+06
1.48748e+06
913076
110175
108772
103332
254250
228116
358729
145566
849807
1.12922e+06
1.1996e+06
1.03576e+06
690461
800947
841393
101842
101795
101370
179153
103127
113740
121487
763037
672203
970456
227036
529104
555447
292845
101303
101306
101299
101433
101469
103067
101313
101298
101298
101298
101308
101298
101299
101299
424133
262890
267985
279835
281710
379208
163779
275581
156924
105395
111305
102917
101664
101617
101382
101314
101317
101301
101298
101298
101298
101298
101298
101298
101312
101327
101298
773730
955172
760964
1.01043e+06
982187
789759
748384
813114
1.04729e+06
1.06957e+06
942819
1.00924e+06
836021
902904
1.41301e+06
1.25402e+06
1.16827e+06
1.49384e+06
1.10093e+06
1.48727e+06
1.35947e+06
1.55258e+06
1.29926e+06
1.23885e+06
942757
1.48278e+06
1.28894e+06
1.41395e+06
778193
905773
533818
371221
1.06366e+06
704127
303787
577512
235945
399475
117855
560042
179829
355522
107042
209403
103574
101949
160228
115506
101519
101713
101355
101385
101299
102550
101315
101298
101298
101298
101298
101298
101298
101298
101298
101298
101298
101298
101298
101298
101298
101298
101298
101298
101298
101298
101298
101298
101298
101298
101298
101298
101298
101298
101298
101298
101298
101298
101298
101298
101298
101298
101298
101298
101298
101298
101298
101298
101298
101298
101298
101298
101298
101298
101298
101298
101298
101298
101298
101298
101298
101298
101298
101298
101298
101298
101298
101298
101298
101298
101298
101298
101298
101298
101298
101298
101298
101298
101298
101298
101298
101298
101298
101298
101298
101298
101298
101298
101298
101298
101298
101298
101298
101298
101298
101298
101298
101298
101298
101298
101298
101298
101298
101298
101298
101298
101298
101298
101298
101298
101298
101298
101298
101298
101298
101298
101298
135268
325020
101387
101298
101298
101298
101298
101298
101298
101299
101298
101298
101319
101301
101298
101299
350005
113086
272075
111380
103076
127469
101869
101351
102495
101302
101298
101298
101298
101298
101298
101298
101298
101298
101323
103162
101819
101320
101299
101399
101325
101303
101298
101298
101298
101298
101298
101298
101298
101298
101303
101298
101298
101299
101298
101298
101298
101298
101298
101298
101298
101298
101298
101298
101418
101299
451444
196010
287041
415859
537311
386583
344657
484733
395603
229587
120983
147998
200886
350522
267214
334578
392410
471804
458292
397212
473473
480192
519502
398307
361022
424254
464996
451594
481911
443591
438057
357778
405769
489269
532918
545392
322866
253218
285983
352325
396242
331669
286437
525398
634763
505215
576799
454905
575479
510679
409401
339250
393215
445284
496422
435639
383814
596193
452599
411447
448137
497530
601403
660642
565382
587919
620991
505906
573440
550401
488942
101298
101298
101298
101298
101298
101298
101298
101298
101298
101298
101298
101298
101298
101298
161043
213350
201344
166294
151328
141351
177001
134401
105059
112922
115189
103829
102154
101363
101727
101478
101311
101311
101343
101301
101301
101298
101299
101298
101298
101298
101298
101298
101298
101298
101298
101298
101298
101298
101298
101298
101298
101298
101298
101298
101298
101298
101298
101298
101298
101298
101298
101298
101298
101298
101298
101298
101298
101298
101298
101298
101298
101298
101298
101298
101298
101298
101298
101298
101298
101298
101298
101298
557597
636374
677667
543767
686899
593230
712998
643921
712042
695778
695160
662846
753048
752597
486745
450672
513392
535986
507353
485481
420875
567957
614052
661431
578814
644184
702974
644507
405680
459577
535803
405547
459364
390876
337913
767991
833804
985554
850123
908662
1.00749e+06
1.04293e+06
963829
945756
852581
905730
906839
1.03106e+06
1.03101e+06
466520
539419
556500
476315
505685
585180
571106
558824
547008
604917
484968
530019
481384
432244
510573
568795
647738
680242
739238
758083
804418
871131
826324
979604
938324
908681
1.10929e+06
1.1633e+06
661982
641506
730900
873104
646319
790454
571042
746148
829735
917256
827895
736036
1.11488e+06
992039
722440
667174
647691
896744
823761
827083
773367
662063
747398
641131
697726
759540
819233
803899
968747
1.06944e+06
1.04316e+06
1.0703e+06
1.09079e+06
969759
999635
458190
562245
591701
451804
535843
507339
426054
724878
820882
824941
868898
1.0529e+06
944966
948372
772183
845425
782919
862807
1.0112e+06
951112
853085
549982
660677
718676
649925
624147
818469
720153
645863
608966
592085
662421
721766
690560
643617
956030
1.00683e+06
1.07079e+06
1.10105e+06
1.0962e+06
1.16431e+06
988722
621948
467974
565979
531100
484739
595100
641970
107158
101320
101298
101298
101861
101388
103588
101321
101298
101298
101298
101298
101298
101298
108149
101842
111421
101735
101736
109329
109508
105749
101541
101417
103264
101568
106101
103463
101485
101334
101827
101302
102031
101306
101407
101336
101299
101298
101300
101300
101315
101305
101298
101298
101298
101298
101300
101298
101298
101298
101298
101298
101298
101298
101298
101298
101298
101298
101298
101298
101298
101298
101298
101298
101298
101298
101298
101298
101298
101298
101298
101298
101298
101298
101298
101298
101298
101298
101298
101298
101298
101315
101298
101298
101298
101298
101298
101302
101298
101298
101298
101298
101298
101298
101298
101298
101298
101298
101298
101298
101298
101298
101298
101298
101298
101298
101298
101298
101298
101298
101298
101298
101298
101298
101298
101298
101298
101298
101298
101298
101298
101298
101298
101298
101298
101298
101298
101298
101298
101298
101298
101298
101298
101298
101298
101298
101298
101298
101298
101298
101298
101298
101298
101298
101298
101298
101298
101298
101298
101298
101298
101298
101298
101298
101298
101298
101298
101298
101298
101298
101298
101298
101298
101298
101298
101298
101298
101298
101298
101298
101298
101298
101298
101298
101298
101298
101298
101298
101298
101298
101298
101298
101298
101298
101298
101298
101298
101298
101298
101298
101298
101298
101298
101298
101298
101298
101298
101298
101298
101298
101298
101298
101298
101298
101298
101298
101298
101298
101298
101298
101298
101298
101298
101298
101298
101298
101298
101298
101298
101298
101298
101298
101298
101298
101298
101298
101298
101298
101298
101298
101298
101298
101298
101298
101298
101298
101298
101298
101298
101298
101298
101298
101298
101298
101298
101298
101298
101298
101298
101298
101298
101298
101298
101298
101298
101298
101298
101298
101298
101298
101298
101298
101298
101298
101298
101298
101298
101298
101298
101298
101298
101298
101298
101298
101298
101298
101298
101298
101298
101298
573899
324971
351390
509957
525555
344821
366394
676764
701937
663302
656957
619938
711693
730821
525458
664455
646963
629211
650221
677704
647212
528787
681661
647137
668175
687063
694590
656609
1.05095e+06
1.20777e+06
1.1495e+06
1.23852e+06
1.3567e+06
1.37536e+06
1.43241e+06
861814
850344
1.08329e+06
1.2865e+06
1.0416e+06
1.22465e+06
872889
615159
377860
440275
547056
401610
546768
468297
642818
658358
633751
607907
558505
620852
618361
668181
554509
661198
781095
662844
602242
468562
694869
681372
657858
688421
623058
602565
669766
651375
650209
511400
596242
541582
624676
432551
669390
561443
611767
454078
495671
415332
276081
648154
627092
680395
522870
418038
631669
573794
359378
535262
406877
277060
186167
148239
115240
101298
101298
101298
101298
101298
101298
101298
101298
101298
101298
101298
101298
101298
101298
101298
101298
101298
101298
101298
101298
101298
101298
101298
101298
101298
101298
101298
101298
101298
101298
101298
101298
101298
101298
176548
152241
176938
150750
185092
144391
258569
173781
143346
266545
178991
195013
167231
133195
282068
140214
277256
204611
108566
101553
101308
101298
115016
101305
106070
101299
101302
102987
101298
104401
101299
101357
101298
103214
101298
101434
101298
101298
101325
101298
101336
101298
101298
101298
101380
101298
101305
101298
101298
101298
101298
101299
101298
101298
101298
101300
101298
101298
101298
102176
110633
102526
113461
109777
102341
102310
101378
101306
101397
101304
101304
101380
101393
101927
110104
105300
101649
108019
102004
101645
101351
101301
101300
101321
101302
101349
101325
101354
103168
101424
101929
101446
102059
101339
101302
101299
101306
101298
101308
101298
101301
101324
101550
101504
101307
101646
101315
101314
101300
101298
101298
101299
101298
101299
101299
101304
101430
101304
101343
101308
101377
101301
101298
101298
101298
101298
101299
101298
101298
101301
101319
101314
101298
101338
101299
101299
101298
101298
101298
101298
101298
101298
101298
101298
101303
101298
101298
101298
101299
101298
101298
101298
101298
101298
101298
101298
101298
101298
101298
101298
101298
101298
101298
101298
101298
101298
101298
101298
101298
101298
101300
101308
101298
101298
101303
101302
101298
101298
101298
101298
101298
101298
101298
101298
101298
101298
101298
101298
101298
101298
101298
101298
101298
101298
101298
101298
101298
101298
101299
101299
101298
101298
101300
101298
101298
101298
101298
101298
101298
101298
101298
101298
101298
101298
101298
101298
101298
101298
101298
101298
101298
101298
101298
189625
200020
206976
400839
389089
343451
350872
458204
564963
581644
485574
348869
212619
325272
160875
314811
254279
148459
127309
107459
104103
649043
639632
522054
560351
275521
228606
430838
772855
671445
685886
707699
734743
942796
941113
451514
352954
171391
356604
537346
260039
129069
681043
239334
505219
430943
631967
169009
412415
148652
329221
353973
353983
120514
285016
180843
101298
101298
101326
101298
101704
101298
101299
719345
564233
728158
797779
901663
953265
923626
132474
105927
104442
123904
311268
189959
165960
112848
199947
148717
113271
105451
102376
101618
563470
214031
469485
125792
300549
108489
193472
117755
259436
105782
180364
102116
167767
116376
129060
102532
104878
181834
132194
267232
362282
156496
445111
326929
103925
123394
174685
110376
183859
125222
135332
431535
387186
516157
494447
102380
103231
289944
139153
346429
127052
116123
106964
112941
115688
101638
102318
102122
101747
111852
242550
104249
157660
101588
107248
128529
601949
132147
338250
963487
795835
384015
739557
102564
101373
101484
120184
109014
104257
102329
111660
118651
103950
292537
446133
173011
340487
101298
101298
101299
101298
101298
101298
101298
101298
101302
101301
101298
101298
101298
101298
101779
215965
105074
101482
152972
107971
103846
229710
101799
111292
104635
166586
101504
105429
104581
102331
108552
101470
101500
101793
101351
101602
101315
101335
105387
103388
101793
101526
101298
101298
101298
101298
101298
101298
101298
101298
101298
101298
101298
101298
101298
101298
103080
101309
102247
103566
105060
101343
101513
101418
101387
101298
101298
101715
101300
101442
102461
101792
101316
101319
101354
101304
101298
101298
101298
101300
101298
101302
101298
101298
101298
101298
101302
101298
101298
101298
101298
115147
102296
101474
101370
101310
103602
101427
143656
101467
104882
445284
173102
139575
104228
125938
101658
108724
101370
102722
101713
101319
101501
106266
101992
103886
101640
101400
101311
111837
101345
101381
101305
102749
102203
101410
101359
118690
101658
106369
101315
101534
102131
104772
101515
101437
186500
160560
106705
104766
105147
101718
101344
112574
191038
102466
115910
101666
110237
104316
101308
101329
102055
101535
101520
101311
101317
101614
101505
107967
105570
105744
102240
102659
101335
101352
101501
101575
101519
101447
102504
101309
101305
101360
101386
101408
101320
101766
110128
103285
101374
101638
101482
101347
101308
123838
106052
102499
101534
102294
101533
101343
101301
101354
101310
101313
101359
101300
101304
102189
101583
101384
101323
101301
102537
101362
101304
101415
103547
101411
101314
102412
101346
101439
101300
101342
101303
101315
101299
101319
101329
101801
101300
101323
101694
101313
102019
101396
101302
101396
101327
101842
101301
101444
101312
101299
101325
101305
101298
101298
101298
419117
763938
499618
583372
701203
580040
447532
545645
433983
525783
551160
535999
384293
510596
516099
702397
797608
712113
713796
750676
661741
748727
611952
641720
578990
525058
660744
585964
525762
650318
658582
604435
615399
515472
555375
450659
535459
481017
527143
476586
515273
458276
443328
525442
511502
452896
511228
453925
441823
481255
536993
464105
537261
459568
462015
418072
503783
437215
480976
432922
481283
416806
441480
480639
415206
508283
449626
447331
560453
643714
587531
511385
466140
419431
397953
489511
508158
430552
456370
382460
415023
362710
477479
481318
419741
414239
364959
303479
350665
663722
657395
597174
586379
329235
331342
472358
456863
393963
407123
278454
74540.9
156684
27091.7
141018
62339.7
188839
2097.62
115041
16779
46796.2
43900.3
46119.5
17236.7
44343.9
23024.2
5648.98
51496.2
5513.13
49195.7
4921.01
37426.3
3944.7
97046.8
95558.8
72973.2
72786.7
92597.1
71784.6
94071.4
23622.8
47401.3
3748.06
16482.8
36543.7
1916.41
2749.83
182860
348438
353541
311766
307366
164863
157577
342303
249939
73415.9
199636
298498
62671.3
110357
87667.4
150421
105132
132389
132715
82300.1
100834
161469
323802
283670
272774
236778
98388.4
139680
20542.1
8334.07
1617.25
1857.5
1671.32
1993.83
5849.12
4124.09
1896.7
1679.02
1630.11
61318.3
200925
172156
49893.4
15935.6
130405
107349
1441.36
1675.14
1556.4
3154.45
2336.15
1688.85
1479.15
6413.76
14609.1
8770.88
97342.1
91554.1
74142.1
72889.9
101298
101298
101298
1.01142e+06
157761
682430
397965
675417
934485
563941
924599
539519
885612
292870
517866
504766
294276
584751
473956
931929
575566
1.18276e+06
428577
481905
518966
464705
485035
425481
467813
473459
448460
415474
565745
565469
530478
686024
515503
617059
625272
623524
806248
735024
853359
676649
732520
686588
516849
704563
637346
921078
1.07674e+06
836987
289408
442818
451011
391773
254745
246079
407460
302793
493397
471920
455836
274503
432009
274595
294082
284326
503309
469250
283403
270257
450732
724824
893077
952837
866882
689867
841880
667350
489551
637232
695317
433508
510280
704088
640934
101298
101299
101299
101298
101298
101375
101299
104830
101299
379380
148830
101681
160672
167403
178794
415463
346608
348044
398697
314467
817238
184600
414247
815828
581374
571161
527774
659043
856861
532947
812920
521285
839737
663290
194091
438271
444857
259355
697625
895010
462623
545471
576372
508390
425648
476257
516128
461054
471259
559693
563835
599103
567296
761055
522185
649845
623109
702444
972194
757269
407389
234086
344489
210701
383885
243451
363309
228607
372862
372910
421192
271256
249848
413345
403947
565206
374389
376699
276046
332270
610574
469663
431970
416912
382938
336529
345901
346271
333828
168664
387018
372254
600456
516428
548699
413406
357060
394612
369159
320817
351509
649021
626715
652085
566598
600454
605224
687066
563433
494185
436838
469323
527032
529782
473860
460305
450757
493041
393482
385803
421412
357197
422626
355122
395856
383835
349259
339421
386128
343907
388858
381014
351420
385486
389976
362992
331512
371364
327279
372057
329136
358276
376983
347009
383772
413743
347416
373106
416147
334439
395356
359481
353614
341531
372024
330615
313270
379273
408382
294589
377858
393824
423393
340960
527639
463897
313704
265606
321329
327847
292683
366699
361592
433825
182767
202822
238233
272172
516025
496580
224486
310809
339053
176166
353291
224656
296403
338845
155430
208799
319754
197513
298261
357815
413619
388248
307073
388914
464957
478279
393995
505281
332808
449650
322959
435803
491773
402088
530407
573366
536807
575877
215410
224688
267349
271816
231908
299138
282035
218717
235153
285067
302290
232870
249029
240987
299063
290833
308360
317214
249627
252725
275614
319909
347110
350552
323196
291350
258644
282040
369111
357677
329798
339787
392390
529782
389139
414271
544894
417601
545076
408743
532539
398825
424398
550438
546677
435189
573314
505410
494767
456900
564074
561688
468195
486542
446846
561603
574370
488800
450013
561104
634945
753001
574985
757724
607066
800182
640029
339226
101575
101304
101301
137972
101349
167393
578489
529508
528854
568643
577556
564194
580314
541300
575086
533001
545424
589850
556641
584278
135677
4082.62
28596.9
56653.8
155181
166639
148143
165037
87269
4666.47
2489.31
3694.35
106881
18852
101137
266261
8286.34
240349
1632.88
7333.1
45757.6
46396.3
17976.8
19830.1
45358.3
45964.7
20577.7
30520.2
4676.93
10834.1
2212.49
21092.3
2660.59
13666.7
71853.3
90046.1
90059.2
70372
71019.3
71622
91961.1
1713.9
3641.7
21036.4
1821.32
1779.43
2051.05
8987.53
145036
245498
185330
54968.5
44284.8
51252
73398.5
264321
218290
218526
133194
85345
124031
97483.4
1733.64
1654.92
1644.51
1670.64
1841.51
1669.7
1643.12
97577.9
117207
112385
78220.7
93104.2
75353.5
96908
195065
73252.4
45487.9
150780
193285
110146
77119.8
1498.01
2075.64
1985.34
1521.85
1461.51
1641.32
1507.79
31770
8972.35
4268.03
15208.4
97537.2
50538.3
79082.4
6111.71
4669.99
2578.45
35022.6
30468.4
52391.3
50843.2
23551.1
9450.55
52492
25882.2
48693.3
8418.52
3948.08
20936
12567.1
78325.1
61761
45989.4
32215
4770.16
88619
82761.4
24931.9
73395.6
87348.6
129190
138508
159452
83373.6
121213
88410.5
116346
174566
178331
38636.3
117395
100663
164050
126748
106839
152422
176365
143567
130467
115670
98912.1
193249
184845
143947
217622
173438
222379
179720
193296
196481
155772
210226
237876
196924
229142
188403
202262
456079
634932
677005
451383
522406
695074
639834
152521
213520
455984
386903
450489
207681
148438
364087
420999
439121
179761
196355
140613
130104
687180
133814
101390
119738
137055
153137
309933
342060
325059
365059
478538
277061
176219
313825
502948
687529
675786
331553
506055
678156
330011
181607
499316
659511
274484
115608
104727
283999
175178
104327
114127
153894
228008
255789
102910
103663
111631
108690
107329
211038
108540
109791
233817
101847
111261
107501
101599
108010
101394
103613
103402
101385
101471
102541
105313
101530
106560
103019
101369
101669
103418
110663
104316
114764
101411
101841
117836
102020
101434
101433
118692
104769
101973
101509
103236
104752
102874
142178
177073
105517
318247
733467
791174
316513
413773
243621
341693
308296
505442
543242
400288
644940
347911
531634
537772
582793
527619
729302
716988
800539
765740
721074
699386
739948
110685
171199
111068
324281
304655
195503
210271
280646
429066
404858
360574
464187
578285
632954
667978
737707
571904
571720
345200
449310
364593
635995
689176
255846
417746
336741
404169
388745
443452
457506
547869
635601
539285
168039
252166
257327
297817
310806
241568
299949
155159
182421
133028
168835
202009
134143
169101
211922
189444
131008
165470
481835
438611
400550
379854
360357
405402
457478
332342
313997
229072
303812
292513
379240
404473
290717
287997
249626
241799
207786
244623
202644
247054
328751
250176
211261
317860
268792
203669
539770
628456
489972
556627
472238
395311
507723
459533
413086
402710
407437
380111
408361
456282
349493
399676
442601
290427
356941
320343
423638
394692
486817
440616
422219
465445
320441
303463
508062
287496
276109
369664
312502
191220
442443
450045
386306
478034
314210
473284
301830
240227
317018
213892
343575
291926
325122
166965
295322
273551
325833
178764
255256
405295
186796
386175
378982
174519
266184
247967
343395
329424
159893
345968
163950
253361
299130
291844
319981
184396
324045
185134
294498
255643
305461
175135
268006
273102
293841
167885
265784
281300
338887
201633
308586
177570
293012
445443
484626
399155
390233
449449
372188
427606
339478
319582
350004
345031
338940
321390
323139
424717
543626
535665
546022
492641
514299
476605
300140
477674
397725
397958
390586
405073
442703
482650
417860
413463
346781
365125
385937
380765
303804
303699
307890
311574
314117
317782
318578
320947
373249
216855
326570
293792
431898
448188
468229
389780
368911
332753
334457
382197
379591
14970
121256
92429.8
229751
113182
259776
253776
213114
344658
295564
41518.2
170833
329205
406492
211596
379752
288013
225619
139426
319028
308201
337035
284632
269843
239937
231790
289919
256947
304516
89890.7
98530.4
177763
177295
222768
312153
346427
145205
151085
119986
115769
299755
132098
227796
66127.5
60946.2
137103
87378.6
266032
278004
218398
284805
292415
247642
207400
165991
119991
153313
100669
84241.9
106381
94056.7
106143
174070
235225
222872
265138
74190.6
148408
246966
175301
274853
131042
262950
224858
77756.7
58026.2
120478
197700
13806.9
90658.4
165393
29225.6
220350
281710
265080
127467
112869
91412.7
65368.7
312720
306310
302359
304788
312973
305862
313815
506938
507179
519871
378186
397848
396626
404535
438956
461085
487492
340614
353313
387074
398043
140977
43841.8
106122
170394
153695
78878.8
34991.8
425906
384950
408781
337988
336589
414430
413352
516784
492063
505737
406174
401696
408662
408321
320132
315243
334003
426963
345928
375179
356218
213757
290755
299436
307375
301268
359067
349952
330054
365138
335354
366620
329290
363173
332708
454028
383694
381124
371201
337118
389802
359110
356892
383652
358935
338124
360673
373239
357347
302917
362092
302345
387199
452356
448939
390590
354083
346791
308629
410958
467628
454472
398518
101348
153595
276117
580030
513612
101369
105921
631744
639485
101901
101298
101298
473007
428320
739817
698503
134330
129502
111102
111885
147558
101564
105652
101987
102038
658068
695817
728042
634708
405183
619197
412661
107076
498840
345812
416573
427007
269168
359941
333908
747845
579862
655050
535745
610265
435479
711554
368574
402005
148493
153522
103696
103952
140487
113087
101298
101299
101298
101300
101988
101299
269050
331219
101309
417026
589456
324399
187798
245515
339828
644279
484412
558907
613438
420059
523773
541034
638928
298342
346080
473141
558034
443823
330214
366070
91640.3
109814
137093
370628
147255
168683
521450
284707
111265
26705.6
153606
225108
192539
403943
476435
676490
105743
483665
592379
673294
511628
387740
376400
256074
405916
296084
335237
270549
359788
281180
200785
191192
369298
266431
341072
289447
226453
201180
316010
113783
93764.9
63459.5
69097
101333
37461.5
44806.7
186891
112553
107513
29705.4
32931
31940
27645.5
96179.3
98818.1
100672
106510
96536.2
81891.2
84072.8
93900.3
89367.5
77821
20580.6
10071.3
20921.5
21601
196754
488920
311668
264757
149065
354568
205620
520844
386632
402608
376651
359846
234419
231175
77189.3
9478.85
63678.6
83752.8
104038
59940.4
30784.6
142961
216174
259554
123700
161977
187618
125387
358756
489782
430717
321575
264849
199976
163863
140856
67040.4
112768
148901
125917
125089
97429.1
190997
326102
248710
214210
198358
147373
146325
301765
517999
442176
574018
514945
334559
327512
493307
533630
537890
549857
493490
399646
471144
562359
569723
565593
547296
568419
484626
460090
406645
244377
298609
326312
378134
373788
424647
509028
355112
419359
555210
542932
511785
487349
175637
215967
178800
152870
142266
204884
169657
180779
203930
157620
181475
161568
232474
242712
368426
262605
289199
431312
391617
371387
322127
300619
256018
239131
305045
318135
250707
268510
338706
539410
423768
482226
391390
432362
434867
395213
549969
639017
598813
482731
522433
530472
483797
625685
612000
560209
579012
608239
583094
660073
575115
566372
526797
546947
590813
549579
616188
443335
397363
419936
461676
376521
408225
345540
300573
248017
217390
315799
284119
231259
261290
298018
267098
210565
292397
250467
254879
212259
312446
278611
335973
322527
261697
355581
304858
265355
355970
382641
284454
283772
303976
357433
432846
458075
406544
435252
480697
428979
471047
383213
349341
276754
316310
290466
402899
365986
348741
175150
403362
234611
474784
345414
509439
291115
194289
102682
115073
187783
102689
105786
181938
145500
287911
192435
209996
148977
119569
247699
244878
287237
389216
321812
183063
291162
208467
388809
296341
397439
331855
215199
217442
325669
437244
437442
392201
307856
357133
303708
341603
503923
527825
488759
448391
409553
381687
410277
370076
347823
316835
241929
264863
264362
275887
491485
509200
530862
454262
442174
418619
409532
373193
433292
404953
388467
413188
378337
347994
417761
464491
356079
334217
307396
429368
388284
386459
359245
331553
342627
305347
400204
359712
393092
287104
337808
353157
403799
338992
296034
440749
387748
376405
392771
424307
440911
421497
553466
413958
538875
547448
431230
560962
461185
367699
428519
488300
386803
347378
516022
452367
483358
574892
568276
557728
454071
569065
485773
229842
289803
214792
274277
575141
428471
576246
527914
231381
298482
281261
233992
217272
283285
300707
246378
239051
222428
295104
287992
305637
313314
271087
249319
319524
347105
252164
350688
322267
280531
368439
336819
265889
257702
357686
327957
547702
401604
532595
529129
544371
393710
419548
543336
413016
387776
544064
528639
389103
414528
486413
445928
561247
560407
575302
488602
447710
503737
462857
563221
560843
574703
494102
453179
527761
599019
497092
485742
435577
550338
503923
413282
484414
436427
472441
448487
561169
531976
576272
567452
477634
576482
572312
535843
497360
407322
540672
620275
616189
490166
407526
506880
650098
433580
576393
674468
496580
705027
565709
393603
587244
448304
412803
367413
549606
483782
471467
471360
399923
484105
394344
470053
606485
428348
482302
583101
475270
415896
605922
492936
581904
532159
529744
568343
576168
570054
574830
445501
101605
101493
116029
101304
101301
265464
537209
546074
577363
563331
580216
587704
554595
559572
625585
499535
444030
527979
638760
584890
570856
575662
553246
547709
582389
557511
521266
1862
174388
1634.56
1616.29
1524.68
1650.62
2240.48
47112.8
4206.57
1669.22
1576.26
1657.75
1595.73
1672.48
1647.79
1585.35
1635.72
1610.59
1651.36
1568.6
1562.74
1583.97
1538.04
177744
7606.56
3963.64
144117
209302
83115.9
192985
1629.49
1511.2
1964.91
1520.23
1445.61
1436.39
2025.56
25350.2
2171.03
5985.71
60368.9
25119.7
8049.62
1622.7
1688.21
1439.96
1486.53
1448.52
3288.14
2276.28
1574.2
1627.67
1854.25
5688.19
2374.85
2620.91
1493.68
1496.08
1960.3
23728.7
14297.2
20298.9
6335.84
1796.96
4500.06
3694.6
23562.4
49030.9
8501.01
9876.38
26066.7
53664.2
9388.2
28253.9
5153.88
1877.68
13170.1
6466.98
2408.97
4842.43
23436.7
13648.6
46966.2
32815.8
63971.6
80797.9
25157.3
67210.9
125866
70022.9
128440
30359.2
90172.3
158574
174199
154787
83230.9
116322
88291.3
121532
102365
83079.8
134775
59962.1
41320
103007
119140
191642
183825
165242
115033
98654
131111
143480
93923.8
4609.84
86056.8
19207.7
53172.7
86128.1
100939
19226.5
73873.6
13008.7
1654.49
1559.83
4602.43
169174
1683.54
6553.47
46606.3
19363.1
46417.4
46908.8
19240.2
46399.4
19065
6055.58
2073.03
5603.83
2515.21
4568.48
4841.19
2015.03
47314.8
46180.1
19739.2
19169.3
46180.4
19251.8
47848.8
2022.88
4573.04
2013.22
4575.5
4546.81
2012.89
1931.54
89252.7
69773.9
71692.5
71753.3
85974.1
69422
89032.7
1695.54
1688.76
2065.99
1730.34
3630.28
1936.94
1698.09
124092
68022
59648.6
28430.2
49658.6
48586.8
22377.7
172406
113739
122901
48059.3
60751.4
25383.9
18410.4
71703.7
88729.6
69158.3
85879.6
69168.6
88732.7
71895.7
1680.02
1554.29
1599.42
1667.14
1686.49
1697.81
1607.29
24959.1
33960.1
54279.2
48622.9
20752.2
20728.2
49838.4
87260.5
97377.7
80372.8
90944.2
73483.9
72936.2
90442.9
14808.3
50274
62030.6
5986.56
5014.04
6567.74
2231.83
63275.7
22240.4
107957
147170
99273.3
45345.7
16891.8
76585.9
94047.1
76925.8
73600.2
91811.3
91136.3
74513.1
2002.95
3593.64
21342.1
9519.77
45460.4
3759.53
1711.62
143681
215597
170513
195988
217502
171227
147681
201540
230899
222613
183369
175806
155150
164219
101300
101315
101430
406240
111475
102490
116303
572148
561521
597771
540093
607971
516464
575311
727708
575328
714695
713198
581673
700548
685437
526153
619730
478962
570893
634658
645062
614061
684119
658864
657357
617911
698977
606049
640605
506193
609140
425756
604884
612881
480080
593876
695812
583118
699801
598507
685481
630658
692084
452097
625065
649204
523004
616251
439814
625879
613732
421970
613975
610042
596951
395163
497255
580210
678388
606391
627787
534932
667521
629768
579928
355070
471690
298800
552852
607283
433459
214986
457581
388998
454512
211139
384640
150837
429874
186450
201707
372476
350976
144168
134022
371672
166633
144284
317844
272386
123047
113819
172378
489719
630152
299852
161350
588704
459528
605516
722405
531073
248172
479030
553536
684739
552659
167533
231209
444743
509968
588968
377668
584800
712012
317580
573493
379889
614301
724070
146298
551859
520941
417596
369962
242603
130915
417531
487185
644147
341130
599717
146893
407769
312907
202443
118139
162144
109633
247028
434074
124072
255860
321721
166026
218224
107651
104112
104849
286324
177984
280306
173092
104583
115062
162714
103235
147190
240772
104008
112838
109839
130063
208006
116667
172068
106889
104490
101931
263156
102188
109356
102138
121810
121999
250458
365276
116964
301563
102359
123009
140352
103220
243879
101946
112877
111100
249806
102018
115030
101896
115814
218312
109751
181544
104906
101652
101589
108136
107791
101390
101396
103665
103519
101376
103180
104429
101336
102224
101829
101319
104101
101407
108333
138372
102811
101906
101586
101550
106977
105776
101376
101356
103181
102708
101415
117701
104296
115964
103786
101914
101396
148080
103264
101482
102222
123589
101381
103302
103154
101346
101639
109478
102513
101791
101372
84496.2
22490.3
72656.8
30332.1
83321.3
92561
20314.6
16291.6
48359.3
48318.6
27580.4
19383.3
50152.7
46004.9
22516.3
64355.3
74387.4
62329.8
75412.2
62566.1
63496.4
78116.2
50063.2
26922.9
51392.1
21703.9
50163.6
50285.8
26465.6
47302.3
18915.9
46125
47964.1
23837.1
49209.8
21539
39384.7
29888.4
40136.5
28435.5
40010
39757.8
27710.1
39219.8
28873.4
39536.2
23271.1
39927.6
38535.5
25840
46811.8
46405.2
51720.2
51625
46547.9
46959.7
51845.6
37942.3
25022.8
36733.6
20775.3
37982.6
36524.2
24253.9
67186.2
80511.6
65400.9
65443.1
76353.9
63279.2
80561.1
43910.8
44376.1
17231.5
17450.1
44850.2
46102
19214.9
86498.3
68273.2
69207.7
66868.2
78935.7
65718.5
82165.8
71313.8
88466.8
69251.4
89310.3
70016.8
67866.1
84894.7
101338
101727
102264
101563
101302
101409
101308
101440
101912
101323
101303
101424
101851
101321
101444
101927
101324
101303
101322
101433
101886
101302
101318
101313
101377
101409
101791
101662
101311
101365
101615
101302
101396
101745
101316
102521
101990
101327
101300
101346
101383
101302
101368
102917
103013
101416
101411
101303
101303
101336
101346
101300
101329
102146
101350
101301
101314
101706
101700
101328
101331
101299
101314
101307
101346
101532
101427
101299
101323
101303
101315
101300
101299
101558
101388
101305
101318
101298
101298
101298
101298
101298
101298
101298
101299
101321
101642
101445
101304
101298
101307
101861
101300
101327
101310
101520
101299
101309
101315
101299
101323
101641
101307
101536
101311
101299
101334
101331
101313
101677
101620
101310
101317
101303
101299
101375
101315
101642
102860
101299
101302
101322
101364
101757
101315
101301
101358
101298
101302
101395
102879
101306
101446
101300
101299
101301
101317
101367
101352
101323
101303
101388
101499
101307
101302
101299
101298
101322
101299
101312
101304
101442
101530
101307
101300
101298
101299
101322
101583
101299
101313
101301
101299
101298
101913
101356
101328
101301
101379
101303
101310
101299
101301
101303
101299
101298
101307
101302
101303
101429
101355
101300
101298
101300
101298
101302
101299
101322
101358
101301
101298
101298
101340
101316
101301
101300
101430
101301
101303
101298
101298
101307
101304
101305
101306
101303
101524
101442
101298
101298
101300
101299
101298
101307
101309
101328
101301
101305
101301
101377
101301
101335
101300
101298
101299
101302
101299
101365
101310
101303
101299
101300
101299
101314
101298
101301
101298
101299
101373
101298
101302
101298
101319
101299
101299
101298
101298
101298
101298
101298
101298
101298
101449
101314
101299
101300
101298
101304
101299
101299
101298
101306
101302
101298
101299
101298
101302
101310
101311
101299
101298
101299
101298
101330
101299
101298
101298
101298
101298
101307
101298
101298
101298
101298
101298
101298
101298
101299
101298
101301
101312
101302
101298
101319
101299
101298
101303
101327
101303
101298
101324
101298
101298
101298
101298
101298
101298
101298
101299
101298
101302
101325
101322
101302
101298
101299
101298
101298
101301
101298
101349
101305
101299
101298
101305
101298
101298
101300
101298
101299
101300
101347
101298
101308
101298
101298
101309
101299
101299
101299
101299
101298
101298
101318
101299
101301
101298
101300
101299
101299
101300
101298
101303
101298
101298
101298
101299
101300
101306
101308
101298
101299
101298
101298
101301
101307
101305
101298
101299
101298
101298
101302
101309
101310
101299
101298
101299
101298
101300
101299
101299
101311
101317
101301
101298
101298
101298
101298
101298
101298
101298
101298
101298
101298
101298
101298
101298
101298
101298
101298
101298
101298
101298
101298
101298
101298
101298
101298
101298
101298
101298
101298
101298
101298
101298
101298
101298
101298
101299
101298
101298
101298
101298
101298
101298
101298
101298
101298
101298
101298
101298
101298
101298
101298
101298
101298
101298
101298
101298
101298
101298
101298
101298
101298
101298
101298
101298
101298
101298
101298
101298
101298
101298
101298
101298
101298
101298
101298
101298
101298
101298
101298
101298
101298
101298
101298
101298
101298
101298
101298
101298
101298
101298
101298
101298
101298
101298
101298
101298
101298
101298
101298
101298
101298
101298
101298
101298
101298
101298
101298
101298
101298
101298
101298
101298
101298
101298
101298
101298
101298
101298
101298
101298
101298
101298
101298
101298
101298
101298
101298
101298
101298
101298
101298
101298
101298
101298
101298
101298
101298
101298
101298
101298
101298
101298
101298
101298
101298
101298
101298
101298
101298
101298
101298
101298
101298
101298
101298
101298
101298
101298
101298
101298
101298
101298
101298
101298
101298
101298
101298
101298
101298
101298
101298
101298
101298
101298
101298
101298
101298
101298
101298
101298
101298
101298
101298
101298
101298
101298
101298
101298
101298
101298
101298
101298
101298
101299
101298
101298
101304
101299
101298
101298
101298
101298
101298
101298
101298
101298
101298
101298
101298
101336
101298
101305
101459
101336
101298
101304
101299
101299
777780
33481.7
455962
378060
1.88156e+06
1.00165e+06
1.10993e+06
603401
628978
666491
1.25849e+06
1.29259e+06
1.54474e+06
1.7779e+06
1.83277e+06
1.43785e+06
1.43915e+06
1.37639e+06
1.38954e+06
1.40926e+06
1.44057e+06
1.43042e+06
1.40094e+06
1.45411e+06
1.4023e+06
1.3379e+06
1.54041e+06
1.55782e+06
1.17291e+06
665032
666935
1.03505e+06
1.07054e+06
618805
638475
918315
689084
914913
668119
372565
680807
686736
573761
1.41132e+06
201750
793168
202546
504471
496048
332059
192444
268959
232909
279606
308125
392902
381072
518198
488157
619447
748999
936100
1.1762e+06
509407
867484
1.02455e+06
622774
922592
1.35671e+06
450799
605498
461773
593658
964696
1.9213e+06
305911
302519
641175
1.0638e+06
536256
819008
973150
563074
712820
647146
857579
1.11583e+06
1.02582e+06
1.21139e+06
878858
958851
933593
1.18881e+06
1.28818e+06
1.29722e+06
887122
644696
849081
1.10566e+06
924990
1.17158e+06
1.27469e+06
682292
615822
841014
498588
665638
604867
864555
1.0292e+06
922392
1.21733e+06
751010
870156
969767
1.46074e+06
1.36141e+06
634363
1.69412e+06
841788
614978
872092
1.21072e+06
983652
1.58718e+06
1.95868e+06
606905
590258
845258
324044
344111
575908
781681
327801
948493
1.40126e+06
328501
459600
868140
1.09243e+06
1.58659e+06
407357
1.12178e+06
850844
566256
808627
1.57787e+06
932751
1.52249e+06
1.76803e+06
318806
643323
853504
479608
450179
1.00137e+06
1.16101e+06
418818
934029
1.1137e+06
463504
499860
1.16947e+06
850539
918214
1.29899e+06
1.74528e+06
1.71662e+06
1.85736e+06
1.24801e+06
795175
711691
764008
987852
926328
988139
1.20599e+06
693977
612321
690343
1.00687e+06
950990
1.05009e+06
1.55337e+06
1.84998e+06
672692
550511
623884
1.11149e+06
904527
1.04227e+06
2.34265e+06
1.76993e+06
2.0925e+06
715536
780814
868915
1.24786e+06
1.29797e+06
1.51284e+06
864863
851283
872593
768700
807424
823728
903515
924472
1.0089e+06
923173
936195
985486
879446
955849
785752
702138
642095
713965
721011
764603
711254
855309
897589
865522
784535
927798
829682
786489
1.11568e+06
1.06408e+06
1.08257e+06
995831
1.04885e+06
1.06028e+06
1.12248e+06
1.18705e+06
1.25106e+06
1.14371e+06
1.20989e+06
1.26373e+06
1.13132e+06
1.18435e+06
1.07682e+06
967425
945726
1.01322e+06
1.00173e+06
1.0406e+06
1.02654e+06
1.15496e+06
1.20179e+06
1.20686e+06
1.09689e+06
1.23833e+06
1.11852e+06
1.11184e+06
1.32544e+06
1.29521e+06
1.34632e+06
1.2942e+06
1.3196e+06
1.33157e+06
840504
869442
816175
675786
709977
737298
864600
777487
800927
1.04365e+06
1.12858e+06
1.05616e+06
930251
1.00315e+06
1.00156e+06
1.15702e+06
1.08386e+06
1.07749e+06
1.2414e+06
669759
602781
688333
602307
675500
588594
682278
761067
839534
763261
858517
755406
856803
768440
670811
602880
590795
687283
587888
684628
676676
763041
866865
863387
772501
862934
771822
768155
1.06451e+06
926644
1.00815e+06
951847
1.01644e+06
957048
1.05269e+06
1.18851e+06
1.23342e+06
1.10295e+06
1.32914e+06
1.11538e+06
1.34105e+06
1.17384e+06
1.09184e+06
973554
963891
1.09867e+06
970837
1.09957e+06
1.07911e+06
1.23441e+06
1.45789e+06
1.36387e+06
1.2613e+06
1.40344e+06
1.25785e+06
1.21701e+06
1.72505e+06
1.38171e+06
1.52997e+06
1.52928e+06
1.7846e+06
1.69909e+06
1.70304e+06
1.47582e+06
1.95039e+06
1.5787e+06
1.99407e+06
1.50805e+06
765543
861021
773725
614801
695064
694633
873788
778666
779294
1.09845e+06
1.33411e+06
1.17189e+06
982485
1.12607e+06
1.11492e+06
1.52354e+06
1.31866e+06
1.28779e+06
1.8465e+06
2.43806e+06
2.27958e+06
630783
584389
671400
552197
670259
554664
625725
708021
845970
754760
790348
757455
786297
704035
610684
544110
574429
636189
548185
608397
627067
672083
755622
723964
703489
734200
677136
676903
939090
940414
1.07347e+06
888824
1.04587e+06
866393
1.00165e+06
982188
1.22677e+06
1.22512e+06
1.25138e+06
1.15387e+06
987305
1.12617e+06
832287
846870
761965
955271
791575
948627
786961
850824
1.13136e+06
792879
1.03259e+06
850292
1.04914e+06
800421
869540
1.23477e+06
1.72008e+06
1.34233e+06
958314
1.36001e+06
723177
1.17731e+06
732163
1.09065e+06
815033
1.16982e+06
647019
756392
795393
703886
535991
633722
602657
765305
711794
677076
1.30985e+06
1.46568e+06
1.22424e+06
875127
1.09322e+06
1.01902e+06
1.43895e+06
1.29153e+06
1.20597e+06
1.71474e+06
1.87867e+06
1.9396e+06
707403
615481
705566
748568
661050
665321
813285
744391
739006
775414
955201
703003
774211
883280
763425
876926
771835
1.06468e+06
723830
945176
793587
794458
1.07916e+06
773535
1.12086e+06
809191
1.01384e+06
794593
797005
766318
1.00593e+06
1.02479e+06
785383
796367
1.09055e+06
754629
743892
1.06932e+06
1.13781e+06
788351
684411
1.13786e+06
751678
1.13423e+06
736017
1.1288e+06
796561
1.16761e+06
696846
693722
1.07727e+06
688300
1.02839e+06
660569
1.15395e+06
678924
804765
1.12006e+06
978117
1.01669e+06
1.43299e+06
1.12906e+06
1.4321e+06
1.58763e+06
1.26532e+06
1.46619e+06
1.91609e+06
1.7517e+06
1.62933e+06
1.83722e+06
1.83234e+06
1.79675e+06
1.62896e+06
1.93681e+06
524052
596121
585222
561623
571784
644800
646041
573718
641236
636238
622657
711962
784228
695256
125153
214695
122107
176804
256622
199405
253414
481361
575710
555873
556171
641405
557474
646199
427774
485202
552864
737214
728232
808384
792689
720772
806588
861715
783755
865126
941184
777179
675920
778038
738209
826372
779107
731968
839319
384294
554028
528675
595866
519383
644616
427138
717524
738162
762841
642660
840801
841486
742999
75179.8
98900.6
60693.5
99955.4
127916
138576
149749
613014
580827
878436
905666
668687
946346
851549
1.05898e+06
933998
924851
872517
1.02088e+06
935070
947163
649048
578758
807266
460131
732570
451653
691149
329479
495264
492164
539269
343254
360422
525692
1.08363e+06
844548
933281
954980
892386
1.01692e+06
1.03721e+06
1.06031e+06
835988
754968
935352
873382
950989
1.02115e+06
93899.3
127972
139467
170358
173651
153053
160791
1.07083e+06
654994
957413
719663
766116
1.01059e+06
1.00939e+06
176512
263124
292995
277830
276111
289208
409301
315592
181867
417940
316869
341777
289688
337307
154275
134262
160270
183689
162197
167889
190862
188569
231247
236821
224480
183929
189435
230755
215547
188806
212872
150871
156838
178009
172098
728595
584179
866304
452145
905232
427066
719830
575906
382528
349083
570527
379171
603875
552215
295483
397268
274926
575902
269663
461775
241305
320334
524718
507187
546479
328423
533939
310681
1.20825e+06
1.00939e+06
1.19942e+06
1.1456e+06
974326
928909
1.11582e+06
1.22944e+06
990589
1.17581e+06
984943
1.12064e+06
976108
1.29014e+06
188811
144363
168576
180917
156119
175740
200471
328574
393510
229650
310533
378370
185772
206867
278236
552795
302253
512278
251168
602089
282588
258300
246012
294580
344923
218678
203150
269565
721619
841945
1.18789e+06
1.1297e+06
688541
806748
1.06243e+06
256210
212758
212026
259253
245452
198554
241153
669759
1.16371e+06
736174
1.10399e+06
887228
1.23752e+06
1.083e+06
190749
218234
200825
219274
251015
201888
232192
243852
286771
269405
302705
284582
334323
316083
270305
285216
259169
352887
329311
347613
320297
239739
267260
293811
250785
337382
309922
321959
173891
123487
232650
101298
101298
101341
101517
101298
101298
101324
101298
101301
101482
101316
102002
101907
107144
101363
109997
101307
102228
101298
104616
122020
111321
239010
238417
291179
169819
101490
105212
102363
106070
178069
129227
123437
431410
622430
1.09138e+06
1.2506e+06
1.30786e+06
134951
107598
411632
101800
101313
528763
685721
1.03391e+06
552386
606093
344310
144575
569952
964664
717778
567886
381188
104897
104748
190699
1.08618e+06
527683
640478
413245
413257
332161
119601
798271
125076
116879
252959
202306
102874
655732
1.17794e+06
951448
612153
950888
589977
1.26516e+06
590548
808634
614159
908461
480115
101298
101298
101298
101298
101298
101314
101298
101298
101298
233565
241637
266218
217608
195760
202112
226017
189362
217247
213062
221896
226309
251633
261561
240145
239833
274925
201708
198466
236297
243196
254034
207293
229188
197844
172626
218011
192998
448486
711951
533449
875612
911824
380545
654560
621376
371310
303764
577528
346096
620229
565284
555501
327862
561591
300411
552943
308135
546781
279565
305514
300253
232867
256356
232302
258099
895972
1.30511e+06
1.22078e+06
1.16852e+06
751559
871798
1.24593e+06
312417
484045
303560
293466
526509
533830
298179
279108
269394
295243
252950
227128
211938
237567
248499
199731
252918
213404
233613
238200
274332
1.05573e+06
1.34182e+06
1.37303e+06
985512
1.27434e+06
1.04038e+06
1.28815e+06
1.42802e+06
859197
1.39641e+06
1.05632e+06
1.33958e+06
962531
1.37301e+06
1.22528e+06
935374
431461
788554
545515
1.065e+06
1.26535e+06
467210
288873
553746
294857
521175
298804
514990
288977
286467
594996
285067
310857
531433
524007
303097
277452
253210
240231
215318
244037
265161
330463
266308
287143
270559
230531
250515
291253
317853
614852
341689
305598
365385
776197
553423
314650
338083
312673
271709
293506
246341
268946
327708
359854
371719
261892
271952
299155
309833
291666
302149
348853
249600
259453
291238
301861
155794
193505
203244
150431
175493
160728
187523
230019
220479
242343
207806
158024
215454
181575
228575
228893
203475
247931
168351
145291
146666
192168
158752
173469
171136
152510
177405
172575
223064
192557
199039
216298
336384
465219
322656
521571
303865
300283
492902
363944
383263
331999
331784
287728
272211
315410
387819
358988
409222
340226
300285
284800
323569
520514
344025
456778
460318
357133
540000
454942
339591
358015
311525
272920
315418
343299
297673
413683
318279
336380
412591
294337
305239
455104
338951
419826
304749
428180
289364
465807
313714
383518
445965
355404
434415
313325
330106
458490
440183
485204
411035
361106
388171
318971
341764
446615
352570
379384
352167
378591
306351
328855
572789
442007
525538
587644
289603
324255
293550
360001
294556
515051
628204
408703
167890
206444
238874
385264
222389
624171
268975
186924
252852
632857
508594
262967
537626
226524
262082
223772
645454
588111
192571
171166
280329
178931
147042
326803
473810
363018
171647
184377
160549
161090
279357
343281
127757
136423
138165
122147
78487.8
229737
161732
164245
268889
16789.2
75656
10658.5
272184
297986
310484
288836
11954.1
36652.8
31837.4
81417.7
73858.6
112649
124325
71154.3
35800.2
47973
93755.1
78580.8
110454
116940
102830
123531
97809
108138
127808
117553
132602
14452.3
35717.5
29102.4
67853.5
76412
104046
110393
85362.6
76118.7
125192
202799
188080
159244
170662
94505.5
136830
82915.6
205542
173084
137966
165113
207629
289072
273125
138901
174108
165062
208471
69783.4
120779
117412
173641
177751
149564
150692
292919
284029
278929
191109
183546
214517
224009
126538
132158
111425
148202
152851
132098
139345
179488
152355
163797
129107
136019
143226
143046
266660
256550
251805
174042
175587
203855
197112
251387
303394
296382
259158
223981
195975
240496
300901
298767
287715
255212
241292
230492
244968
277192
273185
261515
220421
230786
219054
209614
183157
187338
215841
173287
198224
162830
152167
164452
210303
221790
136959
221191
191092
139572
255142
310053
272676
259449
242857
329451
345117
181774
215609
235091
210288
192507
153253
176566
365833
342160
270449
310074
289510
365952
393628
318127
278888
303326
385280
407161
353721
372488
279519
304208
263530
236801
272797
248017
208358
595658
460214
567509
333942
581200
576370
490989
604766
551810
543368
422919
556126
450591
471197
563128
333259
475379
429630
311725
336468
436511
397256
363324
339702
429795
397557
312688
439434
477446
353949
394697
437872
329415
358151
321031
295716
573271
569786
496561
466593
561288
496711
569856
539670
571783
573906
520753
567939
484507
505249
437059
524088
391721
359608
394264
472150
525163
433208
533922
511665
400004
413926
343430
355095
399331
487024
374233
487696
468165
565213
595617
596586
558306
421226
402834
373682
494221
535981
488691
566694
608781
433905
463207
390175
370489
331937
439466
520545
439340
373743
446522
408938
123463
200843
400154
103673
102054
101299
101314
742287
999919
875626
1.02938e+06
741847
865792
681035
541433
563958
562592
567597
573599
556022
529385
541284
563859
573446
555899
529269
563465
587964
454984
370089
406408
549463
629401
479365
425024
428401
394688
355661
593408
511166
467444
434733
494388
576033
438121
580286
524521
637541
626503
642395
625246
499848
513620
631825
443966
581728
92919.5
100572
77266.3
126371
1946.52
1570.44
71059.9
10755.4
1582.6
117271
184180
31376.6
57757.2
165559
63581.6
59671.2
210848
2214.85
41573.2
6624.92
3223.01
44853.7
88403.7
44329.9
95853.5
107817
15895.1
17356.6
1999.87
1704.78
1766.79
1976.93
3875.19
1679.12
1581.09
1586.76
15246.6
154992
14897.4
125945
134299
114537
144609
151612
151103
152567
505787
126880
457530
168141
250372
103022
160224
20936.2
46898.3
2341.7
12460
10705.9
48243.5
113972
68377.4
92093.8
166895
109352
66338.9
79646.3
179948
187200
229723
174010
270319
237178
195198
251451
328192
348155
46014.6
44843.3
17226
17569.1
19187.2
43960.2
16464.2
2059.39
2010.26
4069.01
4137.26
4530.55
1954.81
3860.15
69149.7
84788.7
67723.3
88899.7
69840.8
71196.9
92205.2
1733.63
1750.28
1746.61
1782.15
1766.18
1732.45
1717.6
47931.7
123130
132543
85040.9
24471.5
121058
56607.9
45809.4
17246.1
17166.9
44479.6
16836.7
45895.2
16498.1
43783.8
43674
16175.1
16031.6
44308.9
43925.4
16080.5
3765.19
1934.09
3765.03
3850.07
1993.71
1919.45
3760.82
1981.88
4029.58
4063.57
1953.13
3899.52
3894.74
1907.87
1875.13
61844.3
5869.21
18558.1
2326.93
2026.61
4996.24
73003.1
92011.8
71083
99719.9
74749.7
73031
95514
1641.73
1682.01
1721.73
1596.05
1708.85
1655.82
1684.2
1719.78
1722.88
1729.71
1664.28
1715.61
1702.44
1694.42
71943.1
96735.4
74556.7
73300.4
99859
76202.6
96042.4
7123.76
61212.6
6226.61
70190.3
62634.3
6241.73
6795.25
16787
48222.9
44240.1
50505.1
33345.3
17062.2
45368.4
48599.4
16435.9
45844.3
44812.7
17007.6
46899.5
16343.9
3816.43
1843.01
1914.87
1935.38
3868.68
3869.36
1873.37
4028.54
3991.03
1873.91
4256.01
1893.41
4139.57
1814.59
17878.5
17826.2
48567.9
19137.4
50869.3
51922.2
19181.7
27635
54250.7
4593.83
52132
24162.8
2024.92
4255
100637
98913.6
74600.5
105000
81071.8
102217
77309.8
1537.82
1579.09
1581.1
1649.51
1688.3
1621.71
1659.22
27045.1
58816.1
71609.1
5049.12
3431.8
68244.1
112805
78235.4
104131
80362.7
105628
82182.2
85017.3
109772
1609.56
1587.03
1604.03
1551.42
1589.66
1521.47
1471.3
103346
82407.9
77908.4
75088
103320
78903.1
99666.8
53622.3
31440.2
32681.2
18609.5
50773.3
17652.8
47625.7
39201
55008.9
39619.5
4768.11
5547.21
2790.47
4944.31
205403
396268
400514
453456
448216
224161
220186
2439.1
4014.51
1798.39
4038.69
1870.34
4211.22
1821.24
388802
299759
85929.3
97227.9
343450
437126
181255
21337.6
18448.7
51939.5
18210.3
50047.3
53472.4
19446.3
20565.4
60111.2
54192.6
55636.7
27187.3
21095.1
63812.7
4454.71
2507.28
1822.53
8541.22
4689.88
2007.12
4574.99
1637.5
1928.24
6447.97
4974.52
2026.22
1467.23
1604.39
15146
24099.8
7460.74
1571.25
1909.64
1712.08
3062.3
91569.9
110505
85958.8
111928
106316
86115.7
81202.5
94229.5
169592
110539
117303
101344
189602
212633
1577.02
1497.45
1486.71
1511.57
1522.02
1786.18
2190.58
180597
370477
312731
417419
186989
124796
344460
1547.84
1495.58
2270.11
1505.77
1592.33
1509.14
1554.33
93278.7
113936
87659.8
108477
83568.5
88814
114816
1478.6
2011.62
1482.81
1647.56
4997.22
3855.56
1718.73
7580.21
50397.3
28196.6
24750.1
44781.3
5136.41
2632.8
501029
224345
223704
223107
220615
557373
554227
95691.2
118019
92051.3
111384
86956.6
90161.2
116115
79056.1
64844.5
27280.6
54217.6
35000.7
20726.4
55064.6
105706
381446
486922
185013
186028
536276
417753
70783.2
64277.5
35643.5
66275.5
29984.2
59225.6
23273.7
20039
16795.2
54710.8
13349.2
10040.2
5797.13
2916.36
14703.4
9329.09
2125.68
8307.13
37486.8
40207.5
2064.44
3091.66
1696.93
3859.86
10892.7
2981.71
1761.06
1514.97
179352
112989
167758
97642.8
392962
494637
369905
65867.4
227897
59467.5
18555
147341
245662
161893
1443.51
1988.92
6413.39
3500.19
1741.78
5053.38
20072.2
1498.54
1794.43
4151.26
17179.3
1837.44
1928.39
4508
97536.8
131313
106207
124909
97823.8
118984
91658.8
281323
320670
170541
157514
222175
103694
109393
116598
125304
108893
209853
239686
229502
265101
15061.1
56074.1
50639.3
8950.75
11416.2
2424.25
2851.81
6072.46
4286.21
1840.22
12051.2
2328.35
8675.23
45803.1
22566.3
43864.7
12843.8
4059.7
1823.69
2440.4
8528.26
108537
128233
100700
128509
99281.1
94173.9
122148
112111
173533
118591
79570.6
107897
53068.2
111522
129047
219225
188777
582879
450857
623840
485277
115612
103529
151777
46958.8
42353.1
112676
99684.9
230126
218430
218896
600836
634361
591514
606755
43823.1
12948.2
3467.28
18726.2
57498.1
85797
49149.4
92260.8
163521
117489
396377
514043
373455
510233
22583.1
41190.5
48899.9
267116
262272
174705
171386
3231.18
19016.9
52967.6
43572
13430.6
87572
51705.9
29193.6
20473.3
118896
110166
139142
129094
58318.4
41089.3
101810
67692
35473.3
123268
68213.8
95425.2
140328
143450
126054
247446
263895
290031
316955
97474.3
140476
135427
39499.1
45144.1
90787.8
93367.3
16813.1
100138
54214.6
29282.4
4723.07
23771.6
69777
36842.7
75026.5
103961
24443.6
57853.3
6144.48
25002.3
143894
136758
122462
131787
106161
136897
121249
83372.1
40393.1
58315.7
102508
120055
137419
146967
90421.3
122989
130969
71507.3
21362.5
40689.1
92617.9
84191.3
162257
156388
152344
145547
113491
91454.8
125718
144455
136952
64459.5
104470
115757
93963.4
86951.5
108561
258084
239174
178977
182216
115748
82295.4
46949.3
108140
116904
110503
88587
131702
103267
141101
121454
142772
101156
122173
155915
133284
174199
146034
159740
183084
146223
107620
156569
135282
198883
202676
167760
152846
214112
141089
152275
128286
127761
98261.8
66663.8
113308
134132
147422
167126
81872.6
119849
134545
156386
126342
161493
135480
187909
162730
170151
195987
173418
164985
189393
175238
130318
131671
151751
204001
212090
166936
225528
178969
186770
234014
198725
146059
139749
159671
161427
181002
174757
142608
185382
160508
132121
140087
116550
156207
168676
208180
193634
158585
141179
126210
174059
212332
180223
181299
248447
166717
196940
229236
220163
248350
205354
261261
215832
184141
232976
220119
182431
156161
191171
145563
179144
206512
234922
259411
186195
208089
176018
195759
245097
198467
217548
257189
226408
169974
187801
207213
214476
226562
247779
219493
158876
181328
194608
229541
250974
201910
210373
291568
260414
238904
249643
276997
295961
247008
229774
198269
217039
271591
277159
244020
200334
224403
218532
298077
265819
288038
234824
220868
304657
272617
250891
363787
306407
339981
283751
304768
272913
252431
319197
294316
321753
266951
291016
266127
239748
355875
101300
102249
101330
101298
103136
101311
572134
564907
554514
528267
596763
501613
603404
1.01239e+06
707852
727917
766280
831529
673563
664151
606549
435253
500594
544813
500489
584872
606632
402562
609313
463980
489337
529494
596602
608685
457091
684991
562160
661596
670982
676730
544495
488971
528735
592153
461211
400717
604439
591214
646138
610863
642211
666722
641557
525612
607534
869767
681985
688940
665792
521177
593733
641189
1499.23
1706.69
1673
2240.67
1584.83
1686.25
1749.52
1470.38
1736.92
1710.72
1697.89
1719.52
1695.07
1690.83
1677.06
1654.58
1662.45
1698.46
1600.84
1599.38
1673.77
1657.56
1659.04
1521.6
1637.82
1543.16
1611.26
1552.4
1611
1596.13
1594.39
1638.41
1604.42
1652.88
1637.3
1567.57
1694.94
1454.66
1500.46
1457.35
3101.21
1555.51
1866.17
1585.97
1740.43
1488.21
1418.43
2208.62
1487.96
1740.56
1731.88
1588.61
1506.04
1567.28
1592.05
1598.87
1486.54
5145.9
21701.8
3598.65
1450.68
6859.33
1892.14
2358.82
458267
626992
665858
413637
276055
613525
607979
107016
101298
101298
101298
101441
101298
101298
601885
333282
427358
311348
208007
488786
554758
568151
558170
333246
208367
312349
427474
602815
327339
386284
444577
203594
163159
153644
125981
350512
202949
266014
433330
537535
577540
530635
510306
613937
668094
176945
370537
339289
510901
394370
159142
302535
254457
136955
119698
111481
249603
335807
249571
110763
128727
110761
104548
225285
425243
637472
169826
117123
342538
564903
498638
217354
133865
230485
107862
133767
380083
300836
200216
151289
108962
119130
106295
103372
300894
106322
119111
151516
232580
108955
103378
114818
181892
126180
301796
181092
352196
460259
591135
685076
105974
123300
194461
159363
112574
101779
103835
167998
118745
106410
104214
102174
101995
101501
245573
103362
111230
129770
163383
295569
443146
106421
118802
167945
104212
101501
102173
101996
129111
102078
101437
102393
106981
120081
217977
107174
101397
101560
101421
104222
102348
101341
101371
128996
106286
111947
101504
102439
101736
101401
101979
104247
117376
104526
178334
120437
101411
102084
103990
101361
102837
101731
101315
171518
147158
15987.7
63440.1
3201.33
185654
203489
35934.3
8943.62
2735.65
2140.33
2412.64
3504.77
12647.4
22789
5623.84
38117.9
13203.1
64266.5
5619.69
20316.1
38080.2
32345.5
13105.9
4785.43
22117
7391.01
46292.1
80229.9
126755
70082.3
49555
139683
61331.3
85013.8
158126
70025.4
125672
95819.7
42959.3
15101.1
68219.5
104039
106572
184822
131697
155659
80230.8
106452
171438
194096
166621
132111
98935.5
115690
176346
145262
214793
198877
169198
153046
135417
187172
158141
101511
102504
106834
101863
104006
101400
101318
102569
101559
102566
101347
101523
101347
101308
101346
101698
102468
101698
101303
101314
101427
101856
101320
101304
104892
102275
101440
101336
101330
101501
101995
101853
116799
101454
105526
101306
101329
101505
101620
101301
101311
101380
101329
101620
102054
101504
101301
101379
101306
101365
101300
101672
101311
102389
101339
101305
101831
101348
101300
101426
101317
101798
105021
101306
101337
101493
101299
101317
101401
101302
101298
101298
101298
101298
101298
101298
101298
101300
101307
101347
101335
101305
102274
101488
101298
101306
101299
101303
101325
101413
101332
101300
101303
101340
101329
101299
101523
101307
101299
101299
101303
101413
101332
101325
101306
101301
101299
101322
101402
101302
101299
101298
101299
101301
101298
101306
101344
101315
101300
101298
101298
101298
101298
101300
101306
101300
101298
101298
101299
101318
101304
101298
101299
101326
101300
101298
101298
101298
101298
101298
101298
101298
101299
101331
101299
101320
101324
101299
101300
101302
101299
101299
101298
101298
101298
101298
101298
101299
101309
101304
101298
101313
101298
101298
101298
101300
101298
101298
101298
101298
101298
101298
101298
101298
101298
101298
101298
101298
101298
101298
101298
101298
101298
101298
101298
101298
101298
101298
101298
101298
101298
101298
101298
101298
101298
101298
101298
101298
101298
101298
101298
101305
101298
101305
101298
101298
101298
101305
101305
101298
101298
101298
101298
101298
101299
101299
101312
101307
101299
101299
101299
101298
101298
101298
101303
101299
101320
101298
101298
101298
101299
101298
101301
101302
101312
101303
101298
101298
101298
101299
101298
101300
101303
101301
101298
101298
101298
101298
101298
101298
101298
101298
101298
101298
101298
101298
101299
101300
101306
101298
101298
101302
101298
101298
101301
101298
101299
101299
101324
101310
101299
101306
101298
101298
101298
101299
101298
101301
101303
101298
101298
101298
101298
101298
101298
101298
101301
101298
101304
101298
101298
101298
101299
101298
101305
101298
101298
101298
101299
101302
101298
101298
101298
101298
101300
101299
101299
101298
101298
101298
101298
101298
101298
101298
101299
101298
101303
101299
101298
101299
101298
101304
101300
101298
101299
101298
101301
101301
101298
101298
101298
101298
101298
101298
101298
101301
101299
101298
101298
101298
101298
101298
101302
101298
101298
101298
101298
101299
101298
101298
101298
101298
101298
101300
101298
101298
101298
101298
101298
101298
101298
101298
101299
101299
101302
101298
101298
101302
101299
101298
101298
101298
101298
101298
101298
101299
101298
101298
101298
101298
101298
101299
101298
101299
101298
101298
101298
101298
101298
101298
101300
101298
101298
101298
101298
101300
101298
101299
101298
101298
101298
101298
101300
101298
101300
101298
101298
101298
101298
101299
101298
101298
101298
101299
101298
101298
101298
101298
101299
101298
101298
101298
101298
101298
101298
101298
101298
101300
101298
101298
101298
101298
101298
101298
101301
101299
101299
101301
101298
101299
101298
101298
101298
101298
101298
101299
101299
101298
101298
101298
101298
101298
101298
101298
101298
101298
101298
101299
101298
101298
101298
101299
101298
101298
101298
101298
101298
101298
101298
101299
101298
101298
101298
101298
101298
101299
101298
101298
101298
101298
101298
101299
101298
101298
101298
101298
101298
101299
101298
101298
101298
101298
101298
101298
101298
101298
101298
101298
101298
101299
101298
101298
101298
101298
101298
101299
101298
101298
101298
101298
101299
101299
101298
101298
101298
101298
101298
101299
101299
101298
101298
101298
101298
101298
101299
101298
101298
101298
101298
101298
101298
101298
101298
101298
101298
101298
101298
101298
101298
101298
101298
101298
101298
101298
101298
101298
101298
101298
101298
101299
101298
101298
101298
101298
101298
101298
101298
101298
101298
101298
101298
101298
101298
101298
101298
101298
101298
101298
101298
101298
101298
101298
101298
101298
101298
101298
101298
101298
101298
101298
101298
101298
101298
101298
101298
101298
101298
101298
101298
101298
101298
)
;

boundaryField
{
    ground
    {
        type            zeroGradient;
    }
    outlet
    {
        type            zeroGradient;
    }
    wall
    {
        type            zeroGradient;
    }
    wall2
    {
        type            zeroGradient;
    }
    wall3
    {
        type            zeroGradient;
    }
    internalPatch
    {
        type            internal;
    }
    procBoundary1to0
    {
        type            processor;
        value           nonuniform List<scalar> 
566
(
101298
101298
101298
101298
101298
101298
101298
101298
101298
101298
101298
101298
101298
101298
101298
101298
101298
101298
101298
101298
101298
101298
101298
101298
101298
101298
101298
101298
101298
101298
101298
101298
101298
101298
101298
101298
101298
101298
101298
101298
101298
101298
101298
101298
101298
101298
101298
101298
101298
101298
101298
101298
101298
101298
101298
101298
101298
101298
101298
101298
101298
101298
101298
101298
101298
101298
101298
101298
101298
101298
101298
101298
101298
101298
101298
101298
101298
101298
101298
101298
101298
101298
101298
101298
101298
101298
101298
101298
101298
101298
101298
101298
101298
101300
101347
102745
150080
150080
105329
108137
230854
788438
1.34985e+06
1.66413e+06
1.90919e+06
2.24048e+06
2.73897e+06
3.00357e+06
2.81807e+06
2.24766e+06
1.78838e+06
1.56322e+06
1.45791e+06
1.39787e+06
1.35897e+06
1.48024e+06
1.50342e+06
1.27209e+06
796594
347811
225364
225364
256647
257941
237529
220404
205228
192291
181124
209007
274736
338502
356695
343965
331572
308290
278694
267773
277559
301937
339809
394874
488028
634944
648635
664440
674584
651126
536209
536209
583737
490328
490328
619399
577871
355157
129973
102464
101344
101300
101298
101299
101302
101309
101303
101300
101299
101299
101298
101298
101298
101298
101298
101298
101298
101298
101298
101298
101298
101298
101298
101298
101298
101298
101298
101298
101298
101298
101298
101298
101298
101298
101298
101298
101298
101298
101298
101298
101298
101298
101298
101298
101298
101298
101298
101298
101298
101298
101298
101298
101298
101298
101298
101298
101298
101298
101298
101298
101298
101298
101298
101298
101298
101298
101298
101304
101423
102997
112969
278378
278378
131940
156829
418182
686392
872080
987475
1.08488e+06
1.28599e+06
1.73348e+06
2.13726e+06
2.29746e+06
2.08996e+06
1.75683e+06
1.59274e+06
1.52967e+06
1.50097e+06
1.54292e+06
1.36039e+06
910176
407916
256684
256684
293134
296177
273622
254935
238168
222490
286828
340316
356050
343605
331470
309321
284005
275459
287172
312346
351180
408616
510274
543800
589713
508405
416861
416861
455483
598811
631943
540948
540948
640487
535045
269901
112239
101743
101315
101299
101298
101298
101300
101299
101298
101298
101298
101298
101298
101298
101298
101298
101298
101300
101298
101298
101298
101298
101298
101298
101298
101298
101298
101298
101298
101298
101298
101298
101298
101298
101298
101298
101298
101298
101298
101298
101298
101298
101298
101298
101298
101298
101298
101298
101298
101298
101298
101298
101298
101298
101298
101298
101298
101298
101298
101298
101298
101298
101298
101298
101298
101298
101298
101298
101298
101298
101298
101298
101298
101298
101298
101298
101298
101298
101303
101359
101793
105580
196038
497210
497210
292437
369083
605228
688248
652038
608133
634546
737460
1.01849e+06
1.45145e+06
1.73917e+06
1.85793e+06
1.73106e+06
1.6021e+06
1.5625e+06
1.4035e+06
999627
483715
308852
308852
345261
348742
330449
314295
300002
342835
359898
348690
336349
314888
293709
287242
300104
325875
366101
428068
456775
502133
508405
416861
455483
414077
414077
515115
659864
666204
601407
601407
638209
465967
183901
104964
101442
101303
101298
101298
101298
101298
101299
101298
101307
101526
101341
101304
101299
101298
101298
101298
101298
101298
101300
101318
101466
102404
129525
374655
621408
621408
491202
558771
688219
649890
518795
446721
423192
434115
503577
729747
1.07462e+06
1.33755e+06
1.45545e+06
1.43493e+06
1.00978e+06
494219
334440
334440
372549
385926
368704
352397
372012
362448
349587
328987
309146
303178
316418
342838
385613
412504
452303
568203
573057
504818
415763
356620
356620
391956
464912
600808
687453
663425
656027
656027
600908
356963
126682
102289
101336
107072
220211
518743
669713
669713
610319
658241
680772
545526
438855
383557
356273
348491
362063
408740
511614
692504
901130
445735
336740
336740
386238
416231
392116
385141
371738
351356
330225
323505
336856
364483
393084
367366
318953
318953
348470
322955
310663
316021
335583
362595
395449
321857
321857
381228
415608
401147
380712
356403
348963
362526
340581
294677
294677
282374
285994
297925
309847
309847
369579
354611
335107
328415
282374
285994
297925
101298
)
;
    }
    procBoundary1to2
    {
        type            processor;
        value           nonuniform List<scalar> 
637
(
101298
101298
101298
101298
101298
101298
101298
101298
101298
101298
101298
101298
101298
101298
101298
101298
101298
101298
101298
101298
101298
101298
101298
101298
101298
101298
101298
101298
101298
101298
101298
101298
101298
101298
101298
101298
101298
101298
101298
101298
101298
101298
101298
101298
101298
101298
101298
101298
101298
101298
101298
101298
101298
101298
101298
101298
101298
101298
101298
101298
101298
101298
101298
101298
101298
101298
101298
101298
101298
101298
101298
101298
101298
101298
101298
101298
101298
101298
101298
101298
101298
101298
101298
101298
101301
101332
101708
110250
269187
701421
1.01947e+06
1.15989e+06
1.1064e+06
1.0226e+06
990184
1.01209e+06
1.07223e+06
1.0966e+06
1.06655e+06
964607
896283
885287
899057
879901
842087
851710
669109
669109
527259
354472
221503
154120
123737
109424
103898
97773
95421.6
95421.6
92670.3
89217.5
86568.1
69686.1
46710.3
19502.6
4686.74
2005.99
1663.07
1622.11
1559.33
1571.39
1436
2401.04
15807.6
68632
133851
184502
184502
195446
208431
225416
305963
385024
517171
575319
574505
557596
518489
451771
187137
105348
101461
101304
101298
101298
101298
101298
101298
101298
101298
101298
101298
101298
101298
101298
101298
101298
101298
101298
101298
101298
101298
101298
101298
101298
101298
101298
101298
101298
101298
101298
101298
101298
101298
101298
101298
101298
101298
101298
101298
101298
101298
101298
101298
101298
101298
101298
101298
101298
101298
101298
101298
101298
101298
101298
101298
101298
101298
101298
101298
101298
101298
101298
101298
101298
101298
101298
101298
101298
101298
101298
101298
101298
101298
101298
101298
101298
101298
101298
101298
101298
101298
101298
101298
101298
101298
101298
101298
101298
101298
101298
101298
101298
101298
101298
101298
101298
101298
101298
101298
101298
101298
101298
101298
101298
101298
101298
101298
101298
101298
101298
101298
101298
101298
101298
101298
101298
101298
101298
101298
101298
101298
101298
101298
101298
101298
101298
101298
101299
101303
101346
101663
102721
132254
362697
629189
784119
817063
757915
703055
692867
730654
811462
867756
901829
876275
852088
863397
876786
899918
743429
743429
607585
426049
267764
176275
130983
106110
91117.3
80296.6
78137.6
78137.6
75564.8
72672.1
48949.8
20545.6
4781.9
1948.58
1592.36
1548.59
1552.36
1457.78
1923.1
7514.4
44639.6
104272
155855
200372
200372
211268
225763
244199
326705
415858
545941
577254
604797
610320
575231
344977
126426
102298
101337
101300
101298
101298
101298
101298
101298
101298
101299
101298
101298
101298
101298
101298
101299
101298
101300
101298
101313
101359
101359
106835
106835
204648
482984
649745
687972
630423
569016
544748
557692
607067
699237
775462
837227
861760
856431
875905
766472
766472
666612
523021
351068
228585
159296
115599
85075.3
58835.4
54560.8
54560.8
51478.9
21676.9
5024.06
1893.79
1511.78
1461.58
1460.23
1840.36
5090.24
31569.5
83687
132753
173092
219059
219059
231433
247400
266881
351774
456986
509861
569086
625126
645128
492734
209074
106531
101507
101306
101298
101298
101298
101298
101303
101421
101312
101299
101298
101301
101301
101330
102107
170032
252788
118708
118708
308784
569894
675242
635844
527340
463940
443344
453546
498089
590782
683671
755944
804175
789601
789601
704619
585466
416192
278833
197494
141336
82368.6
28363.7
24691.9
24691.9
6744.46
3180.15
2160.08
1787.75
2029.85
4786.23
25289.3
70753.3
118262
153469
192643
241946
241946
255932
272914
292908
384282
430654
496755
584196
660946
596912
345987
124096
102192
101332
101299
104492
101653
110180
377650
471324
471324
252788
118708
308784
569894
675242
635844
527340
463940
443344
453546
498089
590782
683671
755944
804175
711261
592605
429083
286898
202474
144983
84561.4
8752.51
6744.46
3180.15
2160.08
1787.75
2029.85
4786.23
25289.3
70753.3
118262
153469
192643
241946
255932
301865
301865
322606
357338
401608
468994
668420
551897
551897
176728
602124
602124
653438
652511
540549
671715
627773
499701
428928
396811
384560
394662
435023
515759
598425
660887
538276
389376
266984
191141
136500
75243.3
4349.65
3061.77
3149.58
5120.77
18928.7
55574.9
99621.5
131491
164139
205049
248560
278937
334706
334706
373836
428936
653438
602124
428936
518556
636533
493414
409213
362882
335426
320366
324330
351878
413752
482729
351396
246267
176487
124548
65159
63335.3
74316.4
95862.2
115808
137967
167064
203792
232595
264377
312483
373836
353329
406812
347430
306914
277310
258152
254596
268151
305763
221934
163811
120480
121340
125434
139802
163151
194196
224840
262176
302000
231152
208131
197465
201861
154882
154702
168365
192919
)
;
    }
    procBoundary1to3
    {
        type            processor;
        value           nonuniform List<scalar> 
240
(
309375
274318
346286
392414
460467
351840
291728
254935
223087
195866
244633
311350
321647
357543
406150
477606
577380
558051
408596
335352
283806
244738
210850
181649
155820
128888
172830
219708
283028
292703
305305
335189
372871
425883
503206
603611
662975
656666
649760
498922
390933
329267
284369
242788
206760
175361
147360
116127
68469.7
30530.1
91467.8
149915
198123
260097
268892
280371
294788
320760
352192
393092
452840
538598
633859
661969
393092
523817
607284
505035
255726
111565
101734
101316
101362
101490
101769
111500
243754
474615
571595
505239
373037
294788
320760
352192
460479
578532
553856
356191
136918
102837
105727
185537
427203
572866
541232
410593
4341.09
2023.19
1641.36
1528.42
1498.37
1667.16
1711.01
1745.83
1779.68
1796.1
2085.17
5072.76
21494.4
47860.6
66701.6
82032.6
86110.5
90236.6
94076.3
97808.2
102503
107757
113965
119629
123995
131069
146374
152411
189543
254384
289765
279371
267072
249731
226606
220577
228566
250270
211869
177946
146830
110819
57224
17903.3
3070.03
1712.28
1447.57
1520.91
1629.46
1696.61
1717.38
1741.49
1757.28
2033.27
4449.95
18967.1
46070.8
68986.5
71035.1
73482.1
76905.1
80405.2
84742.7
89458.5
94439.1
103057
120909
122791
144319
163125
159138
149549
153214
163949
178167
191263
155439
113010
53529
13085.7
2775.76
1637.99
1510.48
1614.66
1663.97
1687.02
1711.91
1729.48
2014.19
4308.17
18108.9
45592.5
46247.1
48007.9
50550.5
53544.3
58420.5
67848.7
85489.7
60478.5
52819.2
46273.9
42284.1
51658.7
81207.2
126313
58998.2
13021.4
3199.88
1661.64
1499.03
1585.7
1608.72
1663.21
1695.59
1986.42
4242.1
17987.4
18386.9
19419.8
20656
23757.3
32100.6
11811.7
6313.57
5339.14
7164.25
19300.8
1858.89
1456.3
1563.04
1577.31
1622.4
1901.44
4175.45
4364.64
4505.37
5455.28
2189.32
1728.9
1491.44
1596.62
1909.66
1829.88
)
;
    }
    procBoundary1to5
    {
        type            processor;
        value           nonuniform List<scalar> 
524
(
101298
101298
101298
101298
101298
101298
101298
101298
101298
101300
101355
102703
134181
350961
350961
419839
466784
497494
558589
456027
336204
267327
250169
236380
225078
215086
156339
84392.6
22710.1
3463.17
1587.13
1536.99
1656.53
1671.86
1689.44
1710.51
2014.44
4542.57
19116.3
45590.1
67464.3
82745.6
82223.1
81948.1
81882.9
81882.9
77695.4
74324.7
71805.2
73306.9
73336.7
74304.4
78024
64254.8
49986.5
26417.7
5407.48
5407.48
2123.55
1813.27
1794.91
1761.89
1719.56
1677.67
1503.66
1957.62
2050.98
2479.48
3952.55
9745.38
53784.4
122351
179009
241262
249316
259670
272815
272815
344962
470957
562991
483192
483192
257907
113564
101867
101588
101421
101341
101341
101300
101298
101298
101298
101299
101299
101299
101299
101300
101300
101300
101299
101299
101299
101299
101298
101303
101424
104312
164862
403742
403742
459322
495497
518205
545855
428613
316988
301706
289562
280433
274061
207279
145744
69551.1
15879.8
2709.02
1530.18
1597.78
1673.44
1693.01
1713.21
1733.59
2043.76
4649.4
19515.5
46109.7
67281
67413.7
67604.8
67604.8
65017.4
62871
61869.3
64561.1
65034.4
62368.9
62514.2
50109.5
38488.8
23244
6692.39
5413.2
4616.69
4616.69
2076.51
1792.37
1776.18
1743.85
1709.07
1665.92
1492.82
2065.15
8015.22
6291.3
7576.27
13148.9
25940.5
88549.4
159427
224563
232726
242710
255053
255053
324153
441913
551759
507774
483192
449989
449989
209938
107745
104222
102348
102348
103673
101396
101302
101306
101311
101318
101324
101329
101331
101332
101330
101326
101320
101314
101308
101532
106620
197310
440253
440253
485451
513660
530627
534675
407682
392021
381067
374238
370433
269836
201602
137769
61835.7
13097.5
2467.68
1520.79
1618.5
1684.71
1705.65
1728.49
1748.92
2058.77
4780.09
20168.3
46884.4
47484.5
47484.5
49252
50236.5
51532.3
51303.9
51470.7
58441.1
58495.3
51468.8
51083
51016
46488.1
40200
39501.9
26917.1
29562.2
12298.2
9797.98
6212.75
5083.37
4534.22
4065.51
4065.51
1999.77
1759.49
1747.79
1719.47
1698.22
1638.04
1522.01
2413.69
12662.3
61396.3
45904.9
37762.6
43648
62117.6
138687
209474
218002
228562
240594
240594
307660
418983
540996
523174
504644
474655
444601
400169
400169
163152
125986
125986
153645
185525
105725
101490
101617
101761
101897
102000
102056
102071
102037
101950
101819
101671
109476
227514
465089
465089
502369
525099
538254
525812
519752
516533
515674
516737
369732
268182
198930
134076
58519.2
12197.6
2399.79
1526.27
1628.29
1690.81
1712.95
1739.72
1756.81
2044
4863.97
20696.1
20696.1
24201.9
36960.3
38100.2
39842.6
46940.3
46399.1
46065
46178.7
46316.4
40431
30871.1
14496.7
11429
13089.6
9751.09
7797.88
5339.45
4723.98
4375.59
4069.52
3820.12
3820.12
1974.05
1730.52
1697.49
1683.09
1674.71
1551.98
1614.13
3509.28
22841.6
85183
158225
139732
122701
109929
118323
195198
204398
215980
228633
228633
294457
401355
531940
533003
518520
494500
455599
427243
386326
327382
327382
327382
386326
427243
455599
216309
108354
111340
114228
116439
117667
118012
117258
115386
112592
252130
481549
481549
513408
532448
543162
546401
549068
550485
550150
517950
371210
269103
199614
134462
58728.2
12210.8
2402.28
1529.64
1633.45
1695.55
1716.24
1738.51
1748.15
2026.38
4723.98
4375.59
4069.52
3820.12
1974.05
1730.52
1697.49
1683.09
1674.71
1551.98
1614.13
3509.28
22841.6
85183
158225
218084
284395
388445
525047
539650
527763
507751
474754
474754
242713
262492
275175
281499
283221
279586
269501
492166
492166
520504
537121
540551
542105
541446
538796
548054
518718
374003
271878
203191
138830
62245.3
13187.2
2482.33
1529.03
1629.02
1696.07
1713.28
1725.36
1734.1
2003.91
1988.8
1729.63
1713.06
1701.32
1689.45
1610.24
1543.08
2738.55
16033
70215.2
147299
209579
277028
379606
520795
544445
534140
516679
487480
487480
495599
499631
500774
498493
498493
525135
526971
526066
522773
495599
499631
500774
8138.41
21921.5
25210.8
28564
30463.5
40230.5
40330.7
40309.8
31471.4
16413.7
17255.9
13976.6
10188.7
31774.4
)
;
    }
}


// ************************************************************************* //
