/*--------------------------------*- C++ -*----------------------------------*\
  =========                 |
  \\      /  F ield         | OpenFOAM: The Open Source CFD Toolbox
   \\    /   O peration     | Website:  https://openfoam.org
    \\  /    A nd           | Version:  9
     \\/     M anipulation  |
\*---------------------------------------------------------------------------*/
FoamFile
{
    format      ascii;
    class       refinementHistory;
    location    "0.0002/polyMesh";
    object      refinementHistory;
}
// * * * * * * * * * * * * * * * * * * * * * * * * * * * * * * * * * * * * * //

// splitCells

4876
(
1 0()
2 8(0 66 67 68 69 70 71 72)
-1 8(1 3 12 21 30 39 48 57)
2 8(4 5 6 7 8 9 10 11)
3 0()
3 0()
3 0()
3 0()
3 0()
3 0()
3 0()
3 0()
2 8(13 14 15 16 17 18 19 20)
12 0()
12 0()
12 0()
12 0()
12 0()
12 0()
12 0()
12 0()
2 8(22 23 24 25 26 27 28 29)
21 0()
21 0()
21 0()
21 0()
21 0()
21 0()
21 0()
21 0()
2 8(31 32 33 34 35 36 37 38)
30 0()
30 0()
30 0()
30 0()
30 0()
30 0()
30 0()
30 0()
2 8(40 41 42 43 44 45 46 47)
39 0()
39 0()
39 0()
39 0()
39 0()
39 0()
39 0()
39 0()
2 8(49 50 51 52 53 54 55 56)
48 0()
48 0()
48 0()
48 0()
48 0()
48 0()
48 0()
48 0()
2 8(58 59 60 61 62 63 64 65)
57 0()
57 0()
57 0()
57 0()
57 0()
57 0()
57 0()
57 0()
1 0()
1 0()
1 0()
1 0()
1 0()
1 0()
1 0()
74 0()
75 8(73 139 140 141 142 143 144 145)
-1 8(74 76 85 94 103 112 121 130)
75 8(77 78 79 80 81 82 83 84)
76 0()
76 0()
76 0()
76 0()
76 0()
76 0()
76 0()
76 0()
75 8(86 87 88 89 90 91 92 93)
85 0()
85 0()
85 0()
85 0()
85 0()
85 0()
85 0()
85 0()
75 8(95 96 97 98 99 100 101 102)
94 0()
94 0()
94 0()
94 0()
94 0()
94 0()
94 0()
94 0()
75 8(104 105 106 107 108 109 110 111)
103 0()
103 0()
103 0()
103 0()
103 0()
103 0()
103 0()
103 0()
75 8(113 114 115 116 117 118 119 120)
112 0()
112 0()
112 0()
112 0()
112 0()
112 0()
112 0()
112 0()
75 8(122 123 124 125 126 127 128 129)
121 0()
121 0()
121 0()
121 0()
121 0()
121 0()
121 0()
121 0()
75 8(131 132 133 134 135 136 137 138)
130 0()
130 0()
130 0()
130 0()
130 0()
130 0()
130 0()
130 0()
74 0()
74 0()
74 0()
74 0()
74 0()
74 0()
74 0()
147 0()
148 8(146 436 445 454 455 464 473 474)
-1 8(147 149 222 231 272 281 322 363)
148 8(150 159 168 177 186 195 204 213)
149 8(151 152 153 154 155 156 157 158)
150 0()
150 0()
150 0()
150 0()
150 0()
150 0()
150 0()
150 0()
149 8(160 161 162 163 164 165 166 167)
159 0()
159 0()
159 0()
159 0()
159 0()
159 0()
159 0()
159 0()
149 8(169 170 171 172 173 174 175 176)
168 0()
168 0()
168 0()
168 0()
168 0()
168 0()
168 0()
168 0()
149 8(178 179 180 181 182 183 184 185)
177 0()
177 0()
177 0()
177 0()
177 0()
177 0()
177 0()
177 0()
149 8(187 188 189 190 191 192 193 194)
186 0()
186 0()
186 0()
186 0()
186 0()
186 0()
186 0()
186 0()
149 8(196 197 198 199 200 201 202 203)
195 0()
195 0()
195 0()
195 0()
195 0()
195 0()
195 0()
195 0()
149 8(205 206 207 208 209 210 211 212)
204 0()
204 0()
204 0()
204 0()
204 0()
204 0()
204 0()
204 0()
149 8(214 215 216 217 218 219 220 221)
213 0()
213 0()
213 0()
213 0()
213 0()
213 0()
213 0()
213 0()
148 8(223 224 225 226 227 228 229 230)
222 0()
222 0()
222 0()
222 0()
222 0()
222 0()
222 0()
222 0()
148 8(232 233 234 235 244 253 262 271)
231 0()
231 0()
231 0()
231 8(236 237 238 239 240 241 242 243)
235 0()
235 0()
235 0()
235 0()
235 0()
235 0()
235 0()
235 0()
231 8(245 246 247 248 249 250 251 252)
244 0()
244 0()
244 0()
244 0()
244 0()
244 0()
244 0()
244 0()
231 8(254 255 256 257 258 259 260 261)
253 0()
253 0()
253 0()
253 0()
253 0()
253 0()
253 0()
253 0()
231 8(263 264 265 266 267 268 269 270)
262 0()
262 0()
262 0()
262 0()
262 0()
262 0()
262 0()
262 0()
231 0()
148 8(273 274 275 276 277 278 279 280)
272 0()
272 0()
272 0()
272 0()
272 0()
272 0()
272 0()
272 0()
148 8(282 283 284 285 294 303 304 313)
281 0()
281 0()
281 0()
281 8(286 287 288 289 290 291 292 293)
285 0()
285 0()
285 0()
285 0()
285 0()
285 0()
285 0()
285 0()
281 8(295 296 297 298 299 300 301 302)
294 0()
294 0()
294 0()
294 0()
294 0()
294 0()
294 0()
294 0()
281 0()
281 8(305 306 307 308 309 310 311 312)
304 0()
304 0()
304 0()
304 0()
304 0()
304 0()
304 0()
304 0()
281 8(314 315 316 317 318 319 320 321)
313 0()
313 0()
313 0()
313 0()
313 0()
313 0()
313 0()
313 0()
148 8(323 324 333 334 335 344 353 362)
322 0()
322 8(325 326 327 328 329 330 331 332)
324 0()
324 0()
324 0()
324 0()
324 0()
324 0()
324 0()
324 0()
322 0()
322 0()
322 8(336 337 338 339 340 341 342 343)
335 0()
335 0()
335 0()
335 0()
335 0()
335 0()
335 0()
335 0()
322 8(345 346 347 348 349 350 351 352)
344 0()
344 0()
344 0()
344 0()
344 0()
344 0()
344 0()
344 0()
322 8(354 355 356 357 358 359 360 361)
353 0()
353 0()
353 0()
353 0()
353 0()
353 0()
353 0()
353 0()
322 0()
148 8(364 373 382 391 400 409 418 427)
363 8(365 366 367 368 369 370 371 372)
364 0()
364 0()
364 0()
364 0()
364 0()
364 0()
364 0()
364 0()
363 8(374 375 376 377 378 379 380 381)
373 0()
373 0()
373 0()
373 0()
373 0()
373 0()
373 0()
373 0()
363 8(383 384 385 386 387 388 389 390)
382 0()
382 0()
382 0()
382 0()
382 0()
382 0()
382 0()
382 0()
363 8(392 393 394 395 396 397 398 399)
391 0()
391 0()
391 0()
391 0()
391 0()
391 0()
391 0()
391 0()
363 8(401 402 403 404 405 406 407 408)
400 0()
400 0()
400 0()
400 0()
400 0()
400 0()
400 0()
400 0()
363 8(410 411 412 413 414 415 416 417)
409 0()
409 0()
409 0()
409 0()
409 0()
409 0()
409 0()
409 0()
363 8(419 420 421 422 423 424 425 426)
418 0()
418 0()
418 0()
418 0()
418 0()
418 0()
418 0()
418 0()
363 8(428 429 430 431 432 433 434 435)
427 0()
427 0()
427 0()
427 0()
427 0()
427 0()
427 0()
427 0()
147 8(437 438 439 440 441 442 443 444)
436 0()
436 0()
436 0()
436 0()
436 0()
436 0()
436 0()
436 0()
147 8(446 447 448 449 450 451 452 453)
445 0()
445 0()
445 0()
445 0()
445 0()
445 0()
445 0()
445 0()
147 0()
147 8(456 457 458 459 460 461 462 463)
455 0()
455 0()
455 0()
455 0()
455 0()
455 0()
455 0()
455 0()
147 8(465 466 467 468 469 470 471 472)
464 0()
464 0()
464 0()
464 0()
464 0()
464 0()
464 0()
464 0()
147 0()
147 0()
476 0()
477 8(475 797 798 799 800 801 802 803)
-1 8(476 478 519 560 633 674 683 756)
477 8(479 480 489 490 499 508 509 518)
478 0()
478 8(481 482 483 484 485 486 487 488)
480 0()
480 0()
480 0()
480 0()
480 0()
480 0()
480 0()
480 0()
478 0()
478 8(491 492 493 494 495 496 497 498)
490 0()
490 0()
490 0()
490 0()
490 0()
490 0()
490 0()
490 0()
478 8(500 501 502 503 504 505 506 507)
499 0()
499 0()
499 0()
499 0()
499 0()
499 0()
499 0()
499 0()
478 0()
478 8(510 511 512 513 514 515 516 517)
509 0()
509 0()
509 0()
509 0()
509 0()
509 0()
509 0()
509 0()
478 0()
477 8(520 521 530 531 540 549 558 559)
519 0()
519 8(522 523 524 525 526 527 528 529)
521 0()
521 0()
521 0()
521 0()
521 0()
521 0()
521 0()
521 0()
519 0()
519 8(532 533 534 535 536 537 538 539)
531 0()
531 0()
531 0()
531 0()
531 0()
531 0()
531 0()
531 0()
519 8(541 542 543 544 545 546 547 548)
540 0()
540 0()
540 0()
540 0()
540 0()
540 0()
540 0()
540 0()
519 8(550 551 552 553 554 555 556 557)
549 0()
549 0()
549 0()
549 0()
549 0()
549 0()
549 0()
549 0()
519 0()
519 0()
477 8(561 570 579 588 597 606 615 624)
560 8(562 563 564 565 566 567 568 569)
561 0()
561 0()
561 0()
561 0()
561 0()
561 0()
561 0()
561 0()
560 8(571 572 573 574 575 576 577 578)
570 0()
570 0()
570 0()
570 0()
570 0()
570 0()
570 0()
570 0()
560 8(580 581 582 583 584 585 586 587)
579 0()
579 0()
579 0()
579 0()
579 0()
579 0()
579 0()
579 0()
560 8(589 590 591 592 593 594 595 596)
588 0()
588 0()
588 0()
588 0()
588 0()
588 0()
588 0()
588 0()
560 8(598 599 600 601 602 603 604 605)
597 0()
597 0()
597 0()
597 0()
597 0()
597 0()
597 0()
597 0()
560 8(607 608 609 610 611 612 613 614)
606 0()
606 0()
606 0()
606 0()
606 0()
606 0()
606 0()
606 0()
560 8(616 617 618 619 620 621 622 623)
615 0()
615 0()
615 0()
615 0()
615 0()
615 0()
615 0()
615 0()
560 8(625 626 627 628 629 630 631 632)
624 0()
624 0()
624 0()
624 0()
624 0()
624 0()
624 0()
624 0()
477 8(634 635 636 637 646 655 664 673)
633 0()
633 0()
633 0()
633 8(638 639 640 641 642 643 644 645)
637 0()
637 0()
637 0()
637 0()
637 0()
637 0()
637 0()
637 0()
633 8(647 648 649 650 651 652 653 654)
646 0()
646 0()
646 0()
646 0()
646 0()
646 0()
646 0()
646 0()
633 8(656 657 658 659 660 661 662 663)
655 0()
655 0()
655 0()
655 0()
655 0()
655 0()
655 0()
655 0()
633 8(665 666 667 668 669 670 671 672)
664 0()
664 0()
664 0()
664 0()
664 0()
664 0()
664 0()
664 0()
633 0()
477 8(675 676 677 678 679 680 681 682)
674 0()
674 0()
674 0()
674 0()
674 0()
674 0()
674 0()
674 0()
477 8(684 693 702 711 720 729 738 747)
683 8(685 686 687 688 689 690 691 692)
684 0()
684 0()
684 0()
684 0()
684 0()
684 0()
684 0()
684 0()
683 8(694 695 696 697 698 699 700 701)
693 0()
693 0()
693 0()
693 0()
693 0()
693 0()
693 0()
693 0()
683 8(703 704 705 706 707 708 709 710)
702 0()
702 0()
702 0()
702 0()
702 0()
702 0()
702 0()
702 0()
683 8(712 713 714 715 716 717 718 719)
711 0()
711 0()
711 0()
711 0()
711 0()
711 0()
711 0()
711 0()
683 8(721 722 723 724 725 726 727 728)
720 0()
720 0()
720 0()
720 0()
720 0()
720 0()
720 0()
720 0()
683 8(730 731 732 733 734 735 736 737)
729 0()
729 0()
729 0()
729 0()
729 0()
729 0()
729 0()
729 0()
683 8(739 740 741 742 743 744 745 746)
738 0()
738 0()
738 0()
738 0()
738 0()
738 0()
738 0()
738 0()
683 8(748 749 750 751 752 753 754 755)
747 0()
747 0()
747 0()
747 0()
747 0()
747 0()
747 0()
747 0()
477 8(757 758 759 760 769 778 787 788)
756 0()
756 0()
756 0()
756 8(761 762 763 764 765 766 767 768)
760 0()
760 0()
760 0()
760 0()
760 0()
760 0()
760 0()
760 0()
756 8(770 771 772 773 774 775 776 777)
769 0()
769 0()
769 0()
769 0()
769 0()
769 0()
769 0()
769 0()
756 8(779 780 781 782 783 784 785 786)
778 0()
778 0()
778 0()
778 0()
778 0()
778 0()
778 0()
778 0()
756 0()
756 8(789 790 791 792 793 794 795 796)
788 0()
788 0()
788 0()
788 0()
788 0()
788 0()
788 0()
788 0()
476 0()
476 0()
476 0()
476 0()
476 0()
476 0()
476 0()
805 0()
806 8(804 870 871 872 873 874 875 876)
-1 8(805 807 816 825 834 843 852 861)
806 8(808 809 810 811 812 813 814 815)
807 0()
807 0()
807 0()
807 0()
807 0()
807 0()
807 0()
807 0()
806 8(817 818 819 820 821 822 823 824)
816 0()
816 0()
816 0()
816 0()
816 0()
816 0()
816 0()
816 0()
806 8(826 827 828 829 830 831 832 833)
825 0()
825 0()
825 0()
825 0()
825 0()
825 0()
825 0()
825 0()
806 8(835 836 837 838 839 840 841 842)
834 0()
834 0()
834 0()
834 0()
834 0()
834 0()
834 0()
834 0()
806 8(844 845 846 847 848 849 850 851)
843 0()
843 0()
843 0()
843 0()
843 0()
843 0()
843 0()
843 0()
806 8(853 854 855 856 857 858 859 860)
852 0()
852 0()
852 0()
852 0()
852 0()
852 0()
852 0()
852 0()
806 8(862 863 864 865 866 867 868 869)
861 0()
861 0()
861 0()
861 0()
861 0()
861 0()
861 0()
861 0()
805 0()
805 0()
805 0()
805 0()
805 0()
805 0()
805 0()
878 0()
879 8(877 1199 1200 1201 1202 1203 1204 1205)
880 8(878 1136 1145 1154 1163 1172 1181 1190)
-1 8(879 881 922 931 972 1013 1022 1095)
880 8(882 883 892 893 894 903 912 921)
881 0()
881 8(884 885 886 887 888 889 890 891)
883 0()
883 0()
883 0()
883 0()
883 0()
883 0()
883 0()
883 0()
881 0()
881 0()
881 8(895 896 897 898 899 900 901 902)
894 0()
894 0()
894 0()
894 0()
894 0()
894 0()
894 0()
894 0()
881 8(904 905 906 907 908 909 910 911)
903 0()
903 0()
903 0()
903 0()
903 0()
903 0()
903 0()
903 0()
881 8(913 914 915 916 917 918 919 920)
912 0()
912 0()
912 0()
912 0()
912 0()
912 0()
912 0()
912 0()
881 0()
880 8(923 924 925 926 927 928 929 930)
922 0()
922 0()
922 0()
922 0()
922 0()
922 0()
922 0()
922 0()
880 8(932 933 942 951 952 961 970 971)
931 0()
931 8(934 935 936 937 938 939 940 941)
933 0()
933 0()
933 0()
933 0()
933 0()
933 0()
933 0()
933 0()
931 8(943 944 945 946 947 948 949 950)
942 0()
942 0()
942 0()
942 0()
942 0()
942 0()
942 0()
942 0()
931 0()
931 8(953 954 955 956 957 958 959 960)
952 0()
952 0()
952 0()
952 0()
952 0()
952 0()
952 0()
952 0()
931 8(962 963 964 965 966 967 968 969)
961 0()
961 0()
961 0()
961 0()
961 0()
961 0()
961 0()
961 0()
931 0()
931 0()
880 8(973 982 983 992 993 994 995 1004)
972 8(974 975 976 977 978 979 980 981)
973 0()
973 0()
973 0()
973 0()
973 0()
973 0()
973 0()
973 0()
972 0()
972 8(984 985 986 987 988 989 990 991)
983 0()
983 0()
983 0()
983 0()
983 0()
983 0()
983 0()
983 0()
972 0()
972 0()
972 0()
972 8(996 997 998 999 1000 1001 1002 1003)
995 0()
995 0()
995 0()
995 0()
995 0()
995 0()
995 0()
995 0()
972 8(1005 1006 1007 1008 1009 1010 1011 1012)
1004 0()
1004 0()
1004 0()
1004 0()
1004 0()
1004 0()
1004 0()
1004 0()
880 8(1014 1015 1016 1017 1018 1019 1020 1021)
1013 0()
1013 0()
1013 0()
1013 0()
1013 0()
1013 0()
1013 0()
1013 0()
880 8(1023 1032 1041 1050 1059 1068 1077 1086)
1022 8(1024 1025 1026 1027 1028 1029 1030 1031)
1023 0()
1023 0()
1023 0()
1023 0()
1023 0()
1023 0()
1023 0()
1023 0()
1022 8(1033 1034 1035 1036 1037 1038 1039 1040)
1032 0()
1032 0()
1032 0()
1032 0()
1032 0()
1032 0()
1032 0()
1032 0()
1022 8(1042 1043 1044 1045 1046 1047 1048 1049)
1041 0()
1041 0()
1041 0()
1041 0()
1041 0()
1041 0()
1041 0()
1041 0()
1022 8(1051 1052 1053 1054 1055 1056 1057 1058)
1050 0()
1050 0()
1050 0()
1050 0()
1050 0()
1050 0()
1050 0()
1050 0()
1022 8(1060 1061 1062 1063 1064 1065 1066 1067)
1059 0()
1059 0()
1059 0()
1059 0()
1059 0()
1059 0()
1059 0()
1059 0()
1022 8(1069 1070 1071 1072 1073 1074 1075 1076)
1068 0()
1068 0()
1068 0()
1068 0()
1068 0()
1068 0()
1068 0()
1068 0()
1022 8(1078 1079 1080 1081 1082 1083 1084 1085)
1077 0()
1077 0()
1077 0()
1077 0()
1077 0()
1077 0()
1077 0()
1077 0()
1022 8(1087 1088 1089 1090 1091 1092 1093 1094)
1086 0()
1086 0()
1086 0()
1086 0()
1086 0()
1086 0()
1086 0()
1086 0()
880 8(1096 1105 1106 1107 1108 1117 1126 1135)
1095 8(1097 1098 1099 1100 1101 1102 1103 1104)
1096 0()
1096 0()
1096 0()
1096 0()
1096 0()
1096 0()
1096 0()
1096 0()
1095 0()
1095 0()
1095 0()
1095 8(1109 1110 1111 1112 1113 1114 1115 1116)
1108 0()
1108 0()
1108 0()
1108 0()
1108 0()
1108 0()
1108 0()
1108 0()
1095 8(1118 1119 1120 1121 1122 1123 1124 1125)
1117 0()
1117 0()
1117 0()
1117 0()
1117 0()
1117 0()
1117 0()
1117 0()
1095 8(1127 1128 1129 1130 1131 1132 1133 1134)
1126 0()
1126 0()
1126 0()
1126 0()
1126 0()
1126 0()
1126 0()
1126 0()
1095 0()
879 8(1137 1138 1139 1140 1141 1142 1143 1144)
1136 0()
1136 0()
1136 0()
1136 0()
1136 0()
1136 0()
1136 0()
1136 0()
879 8(1146 1147 1148 1149 1150 1151 1152 1153)
1145 0()
1145 0()
1145 0()
1145 0()
1145 0()
1145 0()
1145 0()
1145 0()
879 8(1155 1156 1157 1158 1159 1160 1161 1162)
1154 0()
1154 0()
1154 0()
1154 0()
1154 0()
1154 0()
1154 0()
1154 0()
879 8(1164 1165 1166 1167 1168 1169 1170 1171)
1163 0()
1163 0()
1163 0()
1163 0()
1163 0()
1163 0()
1163 0()
1163 0()
879 8(1173 1174 1175 1176 1177 1178 1179 1180)
1172 0()
1172 0()
1172 0()
1172 0()
1172 0()
1172 0()
1172 0()
1172 0()
879 8(1182 1183 1184 1185 1186 1187 1188 1189)
1181 0()
1181 0()
1181 0()
1181 0()
1181 0()
1181 0()
1181 0()
1181 0()
879 8(1191 1192 1193 1194 1195 1196 1197 1198)
1190 0()
1190 0()
1190 0()
1190 0()
1190 0()
1190 0()
1190 0()
1190 0()
878 0()
878 0()
878 0()
878 0()
878 0()
878 0()
878 0()
1207 0()
1208 8(1206 1496 1505 1514 1515 1524 1533 1534)
-1 8(1207 1209 1282 1323 1332 1405 1446 1487)
1208 8(1210 1219 1228 1237 1246 1255 1264 1273)
1209 8(1211 1212 1213 1214 1215 1216 1217 1218)
1210 0()
1210 0()
1210 0()
1210 0()
1210 0()
1210 0()
1210 0()
1210 0()
1209 8(1220 1221 1222 1223 1224 1225 1226 1227)
1219 0()
1219 0()
1219 0()
1219 0()
1219 0()
1219 0()
1219 0()
1219 0()
1209 8(1229 1230 1231 1232 1233 1234 1235 1236)
1228 0()
1228 0()
1228 0()
1228 0()
1228 0()
1228 0()
1228 0()
1228 0()
1209 8(1238 1239 1240 1241 1242 1243 1244 1245)
1237 0()
1237 0()
1237 0()
1237 0()
1237 0()
1237 0()
1237 0()
1237 0()
1209 8(1247 1248 1249 1250 1251 1252 1253 1254)
1246 0()
1246 0()
1246 0()
1246 0()
1246 0()
1246 0()
1246 0()
1246 0()
1209 8(1256 1257 1258 1259 1260 1261 1262 1263)
1255 0()
1255 0()
1255 0()
1255 0()
1255 0()
1255 0()
1255 0()
1255 0()
1209 8(1265 1266 1267 1268 1269 1270 1271 1272)
1264 0()
1264 0()
1264 0()
1264 0()
1264 0()
1264 0()
1264 0()
1264 0()
1209 8(1274 1275 1276 1277 1278 1279 1280 1281)
1273 0()
1273 0()
1273 0()
1273 0()
1273 0()
1273 0()
1273 0()
1273 0()
1208 8(1283 1284 1293 1302 1303 1312 1321 1322)
1282 0()
1282 8(1285 1286 1287 1288 1289 1290 1291 1292)
1284 0()
1284 0()
1284 0()
1284 0()
1284 0()
1284 0()
1284 0()
1284 0()
1282 8(1294 1295 1296 1297 1298 1299 1300 1301)
1293 0()
1293 0()
1293 0()
1293 0()
1293 0()
1293 0()
1293 0()
1293 0()
1282 0()
1282 8(1304 1305 1306 1307 1308 1309 1310 1311)
1303 0()
1303 0()
1303 0()
1303 0()
1303 0()
1303 0()
1303 0()
1303 0()
1282 8(1313 1314 1315 1316 1317 1318 1319 1320)
1312 0()
1312 0()
1312 0()
1312 0()
1312 0()
1312 0()
1312 0()
1312 0()
1282 0()
1282 0()
1208 8(1324 1325 1326 1327 1328 1329 1330 1331)
1323 0()
1323 0()
1323 0()
1323 0()
1323 0()
1323 0()
1323 0()
1323 0()
1208 8(1333 1342 1351 1360 1369 1378 1387 1396)
1332 8(1334 1335 1336 1337 1338 1339 1340 1341)
1333 0()
1333 0()
1333 0()
1333 0()
1333 0()
1333 0()
1333 0()
1333 0()
1332 8(1343 1344 1345 1346 1347 1348 1349 1350)
1342 0()
1342 0()
1342 0()
1342 0()
1342 0()
1342 0()
1342 0()
1342 0()
1332 8(1352 1353 1354 1355 1356 1357 1358 1359)
1351 0()
1351 0()
1351 0()
1351 0()
1351 0()
1351 0()
1351 0()
1351 0()
1332 8(1361 1362 1363 1364 1365 1366 1367 1368)
1360 0()
1360 0()
1360 0()
1360 0()
1360 0()
1360 0()
1360 0()
1360 0()
1332 8(1370 1371 1372 1373 1374 1375 1376 1377)
1369 0()
1369 0()
1369 0()
1369 0()
1369 0()
1369 0()
1369 0()
1369 0()
1332 8(1379 1380 1381 1382 1383 1384 1385 1386)
1378 0()
1378 0()
1378 0()
1378 0()
1378 0()
1378 0()
1378 0()
1378 0()
1332 8(1388 1389 1390 1391 1392 1393 1394 1395)
1387 0()
1387 0()
1387 0()
1387 0()
1387 0()
1387 0()
1387 0()
1387 0()
1332 8(1397 1398 1399 1400 1401 1402 1403 1404)
1396 0()
1396 0()
1396 0()
1396 0()
1396 0()
1396 0()
1396 0()
1396 0()
1208 8(1406 1407 1416 1417 1418 1427 1436 1445)
1405 0()
1405 8(1408 1409 1410 1411 1412 1413 1414 1415)
1407 0()
1407 0()
1407 0()
1407 0()
1407 0()
1407 0()
1407 0()
1407 0()
1405 0()
1405 0()
1405 8(1419 1420 1421 1422 1423 1424 1425 1426)
1418 0()
1418 0()
1418 0()
1418 0()
1418 0()
1418 0()
1418 0()
1418 0()
1405 8(1428 1429 1430 1431 1432 1433 1434 1435)
1427 0()
1427 0()
1427 0()
1427 0()
1427 0()
1427 0()
1427 0()
1427 0()
1405 8(1437 1438 1439 1440 1441 1442 1443 1444)
1436 0()
1436 0()
1436 0()
1436 0()
1436 0()
1436 0()
1436 0()
1436 0()
1405 0()
1208 8(1447 1448 1457 1458 1459 1468 1477 1486)
1446 0()
1446 8(1449 1450 1451 1452 1453 1454 1455 1456)
1448 0()
1448 0()
1448 0()
1448 0()
1448 0()
1448 0()
1448 0()
1448 0()
1446 0()
1446 0()
1446 8(1460 1461 1462 1463 1464 1465 1466 1467)
1459 0()
1459 0()
1459 0()
1459 0()
1459 0()
1459 0()
1459 0()
1459 0()
1446 8(1469 1470 1471 1472 1473 1474 1475 1476)
1468 0()
1468 0()
1468 0()
1468 0()
1468 0()
1468 0()
1468 0()
1468 0()
1446 8(1478 1479 1480 1481 1482 1483 1484 1485)
1477 0()
1477 0()
1477 0()
1477 0()
1477 0()
1477 0()
1477 0()
1477 0()
1446 0()
1208 8(1488 1489 1490 1491 1492 1493 1494 1495)
1487 0()
1487 0()
1487 0()
1487 0()
1487 0()
1487 0()
1487 0()
1487 0()
1207 8(1497 1498 1499 1500 1501 1502 1503 1504)
1496 0()
1496 0()
1496 0()
1496 0()
1496 0()
1496 0()
1496 0()
1496 0()
1207 8(1506 1507 1508 1509 1510 1511 1512 1513)
1505 0()
1505 0()
1505 0()
1505 0()
1505 0()
1505 0()
1505 0()
1505 0()
1207 0()
1207 8(1516 1517 1518 1519 1520 1521 1522 1523)
1515 0()
1515 0()
1515 0()
1515 0()
1515 0()
1515 0()
1515 0()
1515 0()
1207 8(1525 1526 1527 1528 1529 1530 1531 1532)
1524 0()
1524 0()
1524 0()
1524 0()
1524 0()
1524 0()
1524 0()
1524 0()
1207 0()
1207 0()
1536 0()
1537 8(1535 1601 1602 1603 1604 1605 1606 1607)
-1 8(1536 1538 1547 1556 1565 1574 1583 1592)
1537 8(1539 1540 1541 1542 1543 1544 1545 1546)
1538 0()
1538 0()
1538 0()
1538 0()
1538 0()
1538 0()
1538 0()
1538 0()
1537 8(1548 1549 1550 1551 1552 1553 1554 1555)
1547 0()
1547 0()
1547 0()
1547 0()
1547 0()
1547 0()
1547 0()
1547 0()
1537 8(1557 1558 1559 1560 1561 1562 1563 1564)
1556 0()
1556 0()
1556 0()
1556 0()
1556 0()
1556 0()
1556 0()
1556 0()
1537 8(1566 1567 1568 1569 1570 1571 1572 1573)
1565 0()
1565 0()
1565 0()
1565 0()
1565 0()
1565 0()
1565 0()
1565 0()
1537 8(1575 1576 1577 1578 1579 1580 1581 1582)
1574 0()
1574 0()
1574 0()
1574 0()
1574 0()
1574 0()
1574 0()
1574 0()
1537 8(1584 1585 1586 1587 1588 1589 1590 1591)
1583 0()
1583 0()
1583 0()
1583 0()
1583 0()
1583 0()
1583 0()
1583 0()
1537 8(1593 1594 1595 1596 1597 1598 1599 1600)
1592 0()
1592 0()
1592 0()
1592 0()
1592 0()
1592 0()
1592 0()
1592 0()
1536 0()
1536 0()
1536 0()
1536 0()
1536 0()
1536 0()
1536 0()
1609 0()
1610 8(1608 1674 1675 1676 1677 1678 1679 1680)
-1 8(1609 1611 1620 1629 1638 1647 1656 1665)
1610 8(1612 1613 1614 1615 1616 1617 1618 1619)
1611 0()
1611 0()
1611 0()
1611 0()
1611 0()
1611 0()
1611 0()
1611 0()
1610 8(1621 1622 1623 1624 1625 1626 1627 1628)
1620 0()
1620 0()
1620 0()
1620 0()
1620 0()
1620 0()
1620 0()
1620 0()
1610 8(1630 1631 1632 1633 1634 1635 1636 1637)
1629 0()
1629 0()
1629 0()
1629 0()
1629 0()
1629 0()
1629 0()
1629 0()
1610 8(1639 1640 1641 1642 1643 1644 1645 1646)
1638 0()
1638 0()
1638 0()
1638 0()
1638 0()
1638 0()
1638 0()
1638 0()
1610 8(1648 1649 1650 1651 1652 1653 1654 1655)
1647 0()
1647 0()
1647 0()
1647 0()
1647 0()
1647 0()
1647 0()
1647 0()
1610 8(1657 1658 1659 1660 1661 1662 1663 1664)
1656 0()
1656 0()
1656 0()
1656 0()
1656 0()
1656 0()
1656 0()
1656 0()
1610 8(1666 1667 1668 1669 1670 1671 1672 1673)
1665 0()
1665 0()
1665 0()
1665 0()
1665 0()
1665 0()
1665 0()
1665 0()
1609 0()
1609 0()
1609 0()
1609 0()
1609 0()
1609 0()
1609 0()
1682 0()
1683 8(1681 1779 1780 1781 1782 1783 1784 1785)
-1 8(1682 1684 1725 1734 1743 1752 1761 1770)
1683 8(1685 1694 1695 1704 1713 1722 1723 1724)
1684 8(1686 1687 1688 1689 1690 1691 1692 1693)
1685 0()
1685 0()
1685 0()
1685 0()
1685 0()
1685 0()
1685 0()
1685 0()
1684 0()
1684 8(1696 1697 1698 1699 1700 1701 1702 1703)
1695 0()
1695 0()
1695 0()
1695 0()
1695 0()
1695 0()
1695 0()
1695 0()
1684 8(1705 1706 1707 1708 1709 1710 1711 1712)
1704 0()
1704 0()
1704 0()
1704 0()
1704 0()
1704 0()
1704 0()
1704 0()
1684 8(1714 1715 1716 1717 1718 1719 1720 1721)
1713 0()
1713 0()
1713 0()
1713 0()
1713 0()
1713 0()
1713 0()
1713 0()
1684 0()
1684 0()
1684 0()
1683 8(1726 1727 1728 1729 1730 1731 1732 1733)
1725 0()
1725 0()
1725 0()
1725 0()
1725 0()
1725 0()
1725 0()
1725 0()
1683 8(1735 1736 1737 1738 1739 1740 1741 1742)
1734 0()
1734 0()
1734 0()
1734 0()
1734 0()
1734 0()
1734 0()
1734 0()
1683 8(1744 1745 1746 1747 1748 1749 1750 1751)
1743 0()
1743 0()
1743 0()
1743 0()
1743 0()
1743 0()
1743 0()
1743 0()
1683 8(1753 1754 1755 1756 1757 1758 1759 1760)
1752 0()
1752 0()
1752 0()
1752 0()
1752 0()
1752 0()
1752 0()
1752 0()
1683 8(1762 1763 1764 1765 1766 1767 1768 1769)
1761 0()
1761 0()
1761 0()
1761 0()
1761 0()
1761 0()
1761 0()
1761 0()
1683 8(1771 1772 1773 1774 1775 1776 1777 1778)
1770 0()
1770 0()
1770 0()
1770 0()
1770 0()
1770 0()
1770 0()
1770 0()
1682 0()
1682 0()
1682 0()
1682 0()
1682 0()
1682 0()
1682 0()
1787 0()
1788 8(1786 1884 1885 1886 1887 1888 1889 1890)
-1 8(1787 1789 1798 1807 1848 1857 1866 1875)
1788 8(1790 1791 1792 1793 1794 1795 1796 1797)
1789 0()
1789 0()
1789 0()
1789 0()
1789 0()
1789 0()
1789 0()
1789 0()
1788 8(1799 1800 1801 1802 1803 1804 1805 1806)
1798 0()
1798 0()
1798 0()
1798 0()
1798 0()
1798 0()
1798 0()
1798 0()
1788 8(1808 1817 1818 1827 1836 1845 1846 1847)
1807 8(1809 1810 1811 1812 1813 1814 1815 1816)
1808 0()
1808 0()
1808 0()
1808 0()
1808 0()
1808 0()
1808 0()
1808 0()
1807 0()
1807 8(1819 1820 1821 1822 1823 1824 1825 1826)
1818 0()
1818 0()
1818 0()
1818 0()
1818 0()
1818 0()
1818 0()
1818 0()
1807 8(1828 1829 1830 1831 1832 1833 1834 1835)
1827 0()
1827 0()
1827 0()
1827 0()
1827 0()
1827 0()
1827 0()
1827 0()
1807 8(1837 1838 1839 1840 1841 1842 1843 1844)
1836 0()
1836 0()
1836 0()
1836 0()
1836 0()
1836 0()
1836 0()
1836 0()
1807 0()
1807 0()
1807 0()
1788 8(1849 1850 1851 1852 1853 1854 1855 1856)
1848 0()
1848 0()
1848 0()
1848 0()
1848 0()
1848 0()
1848 0()
1848 0()
1788 8(1858 1859 1860 1861 1862 1863 1864 1865)
1857 0()
1857 0()
1857 0()
1857 0()
1857 0()
1857 0()
1857 0()
1857 0()
1788 8(1867 1868 1869 1870 1871 1872 1873 1874)
1866 0()
1866 0()
1866 0()
1866 0()
1866 0()
1866 0()
1866 0()
1866 0()
1788 8(1876 1877 1878 1879 1880 1881 1882 1883)
1875 0()
1875 0()
1875 0()
1875 0()
1875 0()
1875 0()
1875 0()
1875 0()
1787 0()
1787 0()
1787 0()
1787 0()
1787 0()
1787 0()
1787 0()
1892 0()
1893 8(1891 1989 1990 1991 1992 1993 1994 1995)
1894 8(1892 1958 1959 1968 1977 1986 1987 1988)
-1 8(1893 1895 1904 1913 1922 1931 1940 1949)
1894 8(1896 1897 1898 1899 1900 1901 1902 1903)
1895 0()
1895 0()
1895 0()
1895 0()
1895 0()
1895 0()
1895 0()
1895 0()
1894 8(1905 1906 1907 1908 1909 1910 1911 1912)
1904 0()
1904 0()
1904 0()
1904 0()
1904 0()
1904 0()
1904 0()
1904 0()
1894 8(1914 1915 1916 1917 1918 1919 1920 1921)
1913 0()
1913 0()
1913 0()
1913 0()
1913 0()
1913 0()
1913 0()
1913 0()
1894 8(1923 1924 1925 1926 1927 1928 1929 1930)
1922 0()
1922 0()
1922 0()
1922 0()
1922 0()
1922 0()
1922 0()
1922 0()
1894 8(1932 1933 1934 1935 1936 1937 1938 1939)
1931 0()
1931 0()
1931 0()
1931 0()
1931 0()
1931 0()
1931 0()
1931 0()
1894 8(1941 1942 1943 1944 1945 1946 1947 1948)
1940 0()
1940 0()
1940 0()
1940 0()
1940 0()
1940 0()
1940 0()
1940 0()
1894 8(1950 1951 1952 1953 1954 1955 1956 1957)
1949 0()
1949 0()
1949 0()
1949 0()
1949 0()
1949 0()
1949 0()
1949 0()
1893 0()
1893 8(1960 1961 1962 1963 1964 1965 1966 1967)
1959 0()
1959 0()
1959 0()
1959 0()
1959 0()
1959 0()
1959 0()
1959 0()
1893 8(1969 1970 1971 1972 1973 1974 1975 1976)
1968 0()
1968 0()
1968 0()
1968 0()
1968 0()
1968 0()
1968 0()
1968 0()
1893 8(1978 1979 1980 1981 1982 1983 1984 1985)
1977 0()
1977 0()
1977 0()
1977 0()
1977 0()
1977 0()
1977 0()
1977 0()
1893 0()
1893 0()
1893 0()
1892 0()
1892 0()
1892 0()
1892 0()
1892 0()
1892 0()
1892 0()
1997 0()
1998 8(1996 2062 2063 2064 2065 2066 2067 2068)
-1 8(1997 1999 2008 2017 2026 2035 2044 2053)
1998 8(2000 2001 2002 2003 2004 2005 2006 2007)
1999 0()
1999 0()
1999 0()
1999 0()
1999 0()
1999 0()
1999 0()
1999 0()
1998 8(2009 2010 2011 2012 2013 2014 2015 2016)
2008 0()
2008 0()
2008 0()
2008 0()
2008 0()
2008 0()
2008 0()
2008 0()
1998 8(2018 2019 2020 2021 2022 2023 2024 2025)
2017 0()
2017 0()
2017 0()
2017 0()
2017 0()
2017 0()
2017 0()
2017 0()
1998 8(2027 2028 2029 2030 2031 2032 2033 2034)
2026 0()
2026 0()
2026 0()
2026 0()
2026 0()
2026 0()
2026 0()
2026 0()
1998 8(2036 2037 2038 2039 2040 2041 2042 2043)
2035 0()
2035 0()
2035 0()
2035 0()
2035 0()
2035 0()
2035 0()
2035 0()
1998 8(2045 2046 2047 2048 2049 2050 2051 2052)
2044 0()
2044 0()
2044 0()
2044 0()
2044 0()
2044 0()
2044 0()
2044 0()
1998 8(2054 2055 2056 2057 2058 2059 2060 2061)
2053 0()
2053 0()
2053 0()
2053 0()
2053 0()
2053 0()
2053 0()
2053 0()
1997 0()
1997 0()
1997 0()
1997 0()
1997 0()
1997 0()
1997 0()
2070 0()
2071 8(2069 2167 2168 2169 2170 2171 2172 2173)
-1 8(2070 2072 2081 2090 2099 2108 2117 2126)
2071 8(2073 2074 2075 2076 2077 2078 2079 2080)
2072 0()
2072 0()
2072 0()
2072 0()
2072 0()
2072 0()
2072 0()
2072 0()
2071 8(2082 2083 2084 2085 2086 2087 2088 2089)
2081 0()
2081 0()
2081 0()
2081 0()
2081 0()
2081 0()
2081 0()
2081 0()
2071 8(2091 2092 2093 2094 2095 2096 2097 2098)
2090 0()
2090 0()
2090 0()
2090 0()
2090 0()
2090 0()
2090 0()
2090 0()
2071 8(2100 2101 2102 2103 2104 2105 2106 2107)
2099 0()
2099 0()
2099 0()
2099 0()
2099 0()
2099 0()
2099 0()
2099 0()
2071 8(2109 2110 2111 2112 2113 2114 2115 2116)
2108 0()
2108 0()
2108 0()
2108 0()
2108 0()
2108 0()
2108 0()
2108 0()
2071 8(2118 2119 2120 2121 2122 2123 2124 2125)
2117 0()
2117 0()
2117 0()
2117 0()
2117 0()
2117 0()
2117 0()
2117 0()
2071 8(2127 2136 2137 2146 2155 2156 2165 2166)
2126 8(2128 2129 2130 2131 2132 2133 2134 2135)
2127 0()
2127 0()
2127 0()
2127 0()
2127 0()
2127 0()
2127 0()
2127 0()
2126 0()
2126 8(2138 2139 2140 2141 2142 2143 2144 2145)
2137 0()
2137 0()
2137 0()
2137 0()
2137 0()
2137 0()
2137 0()
2137 0()
2126 8(2147 2148 2149 2150 2151 2152 2153 2154)
2146 0()
2146 0()
2146 0()
2146 0()
2146 0()
2146 0()
2146 0()
2146 0()
2126 0()
2126 8(2157 2158 2159 2160 2161 2162 2163 2164)
2156 0()
2156 0()
2156 0()
2156 0()
2156 0()
2156 0()
2156 0()
2156 0()
2126 0()
2126 0()
2070 0()
2070 0()
2070 0()
2070 0()
2070 0()
2070 0()
2070 0()
2175 0()
2176 8(2174 2272 2273 2274 2275 2276 2277 2278)
-1 8(2175 2177 2186 2195 2204 2213 2222 2263)
2176 8(2178 2179 2180 2181 2182 2183 2184 2185)
2177 0()
2177 0()
2177 0()
2177 0()
2177 0()
2177 0()
2177 0()
2177 0()
2176 8(2187 2188 2189 2190 2191 2192 2193 2194)
2186 0()
2186 0()
2186 0()
2186 0()
2186 0()
2186 0()
2186 0()
2186 0()
2176 8(2196 2197 2198 2199 2200 2201 2202 2203)
2195 0()
2195 0()
2195 0()
2195 0()
2195 0()
2195 0()
2195 0()
2195 0()
2176 8(2205 2206 2207 2208 2209 2210 2211 2212)
2204 0()
2204 0()
2204 0()
2204 0()
2204 0()
2204 0()
2204 0()
2204 0()
2176 8(2214 2215 2216 2217 2218 2219 2220 2221)
2213 0()
2213 0()
2213 0()
2213 0()
2213 0()
2213 0()
2213 0()
2213 0()
2176 8(2223 2224 2233 2242 2251 2252 2261 2262)
2222 0()
2222 8(2225 2226 2227 2228 2229 2230 2231 2232)
2224 0()
2224 0()
2224 0()
2224 0()
2224 0()
2224 0()
2224 0()
2224 0()
2222 8(2234 2235 2236 2237 2238 2239 2240 2241)
2233 0()
2233 0()
2233 0()
2233 0()
2233 0()
2233 0()
2233 0()
2233 0()
2222 8(2243 2244 2245 2246 2247 2248 2249 2250)
2242 0()
2242 0()
2242 0()
2242 0()
2242 0()
2242 0()
2242 0()
2242 0()
2222 0()
2222 8(2253 2254 2255 2256 2257 2258 2259 2260)
2252 0()
2252 0()
2252 0()
2252 0()
2252 0()
2252 0()
2252 0()
2252 0()
2222 0()
2222 0()
2176 8(2264 2265 2266 2267 2268 2269 2270 2271)
2263 0()
2263 0()
2263 0()
2263 0()
2263 0()
2263 0()
2263 0()
2263 0()
2175 0()
2175 0()
2175 0()
2175 0()
2175 0()
2175 0()
2175 0()
2280 0()
2281 8(2279 2345 2346 2347 2348 2349 2350 2351)
-1 8(2280 2282 2291 2300 2309 2318 2327 2336)
2281 8(2283 2284 2285 2286 2287 2288 2289 2290)
2282 0()
2282 0()
2282 0()
2282 0()
2282 0()
2282 0()
2282 0()
2282 0()
2281 8(2292 2293 2294 2295 2296 2297 2298 2299)
2291 0()
2291 0()
2291 0()
2291 0()
2291 0()
2291 0()
2291 0()
2291 0()
2281 8(2301 2302 2303 2304 2305 2306 2307 2308)
2300 0()
2300 0()
2300 0()
2300 0()
2300 0()
2300 0()
2300 0()
2300 0()
2281 8(2310 2311 2312 2313 2314 2315 2316 2317)
2309 0()
2309 0()
2309 0()
2309 0()
2309 0()
2309 0()
2309 0()
2309 0()
2281 8(2319 2320 2321 2322 2323 2324 2325 2326)
2318 0()
2318 0()
2318 0()
2318 0()
2318 0()
2318 0()
2318 0()
2318 0()
2281 8(2328 2329 2330 2331 2332 2333 2334 2335)
2327 0()
2327 0()
2327 0()
2327 0()
2327 0()
2327 0()
2327 0()
2327 0()
2281 8(2337 2338 2339 2340 2341 2342 2343 2344)
2336 0()
2336 0()
2336 0()
2336 0()
2336 0()
2336 0()
2336 0()
2336 0()
2280 0()
2280 0()
2280 0()
2280 0()
2280 0()
2280 0()
2280 0()
2353 0()
2354 8(2352 2410 2411 2412 2413 2414 2415 2416)
-1 8(2353 2355 2364 2373 2382 2383 2392 2401)
2354 8(2356 2357 2358 2359 2360 2361 2362 2363)
2355 0()
2355 0()
2355 0()
2355 0()
2355 0()
2355 0()
2355 0()
2355 0()
2354 8(2365 2366 2367 2368 2369 2370 2371 2372)
2364 0()
2364 0()
2364 0()
2364 0()
2364 0()
2364 0()
2364 0()
2364 0()
2354 8(2374 2375 2376 2377 2378 2379 2380 2381)
2373 0()
2373 0()
2373 0()
2373 0()
2373 0()
2373 0()
2373 0()
2373 0()
2354 0()
2354 8(2384 2385 2386 2387 2388 2389 2390 2391)
2383 0()
2383 0()
2383 0()
2383 0()
2383 0()
2383 0()
2383 0()
2383 0()
2354 8(2393 2394 2395 2396 2397 2398 2399 2400)
2392 0()
2392 0()
2392 0()
2392 0()
2392 0()
2392 0()
2392 0()
2392 0()
2354 8(2402 2403 2404 2405 2406 2407 2408 2409)
2401 0()
2401 0()
2401 0()
2401 0()
2401 0()
2401 0()
2401 0()
2401 0()
2353 0()
2353 0()
2353 0()
2353 0()
2353 0()
2353 0()
2353 0()
2418 0()
2419 8(2417 2475 2476 2477 2478 2479 2480 2481)
-1 8(2418 2420 2429 2438 2447 2456 2457 2466)
2419 8(2421 2422 2423 2424 2425 2426 2427 2428)
2420 0()
2420 0()
2420 0()
2420 0()
2420 0()
2420 0()
2420 0()
2420 0()
2419 8(2430 2431 2432 2433 2434 2435 2436 2437)
2429 0()
2429 0()
2429 0()
2429 0()
2429 0()
2429 0()
2429 0()
2429 0()
2419 8(2439 2440 2441 2442 2443 2444 2445 2446)
2438 0()
2438 0()
2438 0()
2438 0()
2438 0()
2438 0()
2438 0()
2438 0()
2419 8(2448 2449 2450 2451 2452 2453 2454 2455)
2447 0()
2447 0()
2447 0()
2447 0()
2447 0()
2447 0()
2447 0()
2447 0()
2419 0()
2419 8(2458 2459 2460 2461 2462 2463 2464 2465)
2457 0()
2457 0()
2457 0()
2457 0()
2457 0()
2457 0()
2457 0()
2457 0()
2419 8(2467 2468 2469 2470 2471 2472 2473 2474)
2466 0()
2466 0()
2466 0()
2466 0()
2466 0()
2466 0()
2466 0()
2466 0()
2418 0()
2418 0()
2418 0()
2418 0()
2418 0()
2418 0()
2418 0()
2483 0()
2484 8(2482 2540 2541 2542 2543 2544 2545 2546)
-1 8(2483 2485 2494 2503 2512 2513 2522 2531)
2484 8(2486 2487 2488 2489 2490 2491 2492 2493)
2485 0()
2485 0()
2485 0()
2485 0()
2485 0()
2485 0()
2485 0()
2485 0()
2484 8(2495 2496 2497 2498 2499 2500 2501 2502)
2494 0()
2494 0()
2494 0()
2494 0()
2494 0()
2494 0()
2494 0()
2494 0()
2484 8(2504 2505 2506 2507 2508 2509 2510 2511)
2503 0()
2503 0()
2503 0()
2503 0()
2503 0()
2503 0()
2503 0()
2503 0()
2484 0()
2484 8(2514 2515 2516 2517 2518 2519 2520 2521)
2513 0()
2513 0()
2513 0()
2513 0()
2513 0()
2513 0()
2513 0()
2513 0()
2484 8(2523 2524 2525 2526 2527 2528 2529 2530)
2522 0()
2522 0()
2522 0()
2522 0()
2522 0()
2522 0()
2522 0()
2522 0()
2484 8(2532 2533 2534 2535 2536 2537 2538 2539)
2531 0()
2531 0()
2531 0()
2531 0()
2531 0()
2531 0()
2531 0()
2531 0()
2483 0()
2483 0()
2483 0()
2483 0()
2483 0()
2483 0()
2483 0()
2548 0()
2549 8(2547 2605 2606 2607 2608 2609 2610 2611)
-1 8(2548 2550 2559 2568 2577 2586 2595 2596)
2549 8(2551 2552 2553 2554 2555 2556 2557 2558)
2550 0()
2550 0()
2550 0()
2550 0()
2550 0()
2550 0()
2550 0()
2550 0()
2549 8(2560 2561 2562 2563 2564 2565 2566 2567)
2559 0()
2559 0()
2559 0()
2559 0()
2559 0()
2559 0()
2559 0()
2559 0()
2549 8(2569 2570 2571 2572 2573 2574 2575 2576)
2568 0()
2568 0()
2568 0()
2568 0()
2568 0()
2568 0()
2568 0()
2568 0()
2549 8(2578 2579 2580 2581 2582 2583 2584 2585)
2577 0()
2577 0()
2577 0()
2577 0()
2577 0()
2577 0()
2577 0()
2577 0()
2549 8(2587 2588 2589 2590 2591 2592 2593 2594)
2586 0()
2586 0()
2586 0()
2586 0()
2586 0()
2586 0()
2586 0()
2586 0()
2549 0()
2549 8(2597 2598 2599 2600 2601 2602 2603 2604)
2596 0()
2596 0()
2596 0()
2596 0()
2596 0()
2596 0()
2596 0()
2596 0()
2548 0()
2548 0()
2548 0()
2548 0()
2548 0()
2548 0()
2548 0()
2613 0()
-1 8(2612 2614 2615 2624 2633 2634 2635 2636)
2613 0()
2613 8(2616 2617 2618 2619 2620 2621 2622 2623)
2615 0()
2615 0()
2615 0()
2615 0()
2615 0()
2615 0()
2615 0()
2615 0()
2613 8(2625 2626 2627 2628 2629 2630 2631 2632)
2624 0()
2624 0()
2624 0()
2624 0()
2624 0()
2624 0()
2624 0()
2624 0()
2613 0()
2613 0()
2613 0()
2613 0()
2638 0()
-1 8(2637 2639 2640 2649 2658 2659 2660 2661)
2638 0()
2638 8(2641 2642 2643 2644 2645 2646 2647 2648)
2640 0()
2640 0()
2640 0()
2640 0()
2640 0()
2640 0()
2640 0()
2640 0()
2638 8(2650 2651 2652 2653 2654 2655 2656 2657)
2649 0()
2649 0()
2649 0()
2649 0()
2649 0()
2649 0()
2649 0()
2649 0()
2638 0()
2638 0()
2638 0()
2638 0()
2663 0()
2664 8(2662 2728 2729 2730 2731 2732 2733 2734)
-1 8(2663 2665 2674 2683 2692 2701 2710 2719)
2664 8(2666 2667 2668 2669 2670 2671 2672 2673)
2665 0()
2665 0()
2665 0()
2665 0()
2665 0()
2665 0()
2665 0()
2665 0()
2664 8(2675 2676 2677 2678 2679 2680 2681 2682)
2674 0()
2674 0()
2674 0()
2674 0()
2674 0()
2674 0()
2674 0()
2674 0()
2664 8(2684 2685 2686 2687 2688 2689 2690 2691)
2683 0()
2683 0()
2683 0()
2683 0()
2683 0()
2683 0()
2683 0()
2683 0()
2664 8(2693 2694 2695 2696 2697 2698 2699 2700)
2692 0()
2692 0()
2692 0()
2692 0()
2692 0()
2692 0()
2692 0()
2692 0()
2664 8(2702 2703 2704 2705 2706 2707 2708 2709)
2701 0()
2701 0()
2701 0()
2701 0()
2701 0()
2701 0()
2701 0()
2701 0()
2664 8(2711 2712 2713 2714 2715 2716 2717 2718)
2710 0()
2710 0()
2710 0()
2710 0()
2710 0()
2710 0()
2710 0()
2710 0()
2664 8(2720 2721 2722 2723 2724 2725 2726 2727)
2719 0()
2719 0()
2719 0()
2719 0()
2719 0()
2719 0()
2719 0()
2719 0()
2663 0()
2663 0()
2663 0()
2663 0()
2663 0()
2663 0()
2663 0()
2736 0()
2737 8(2735 2801 2802 2803 2804 2805 2806 2807)
-1 8(2736 2738 2747 2756 2765 2774 2783 2792)
2737 8(2739 2740 2741 2742 2743 2744 2745 2746)
2738 0()
2738 0()
2738 0()
2738 0()
2738 0()
2738 0()
2738 0()
2738 0()
2737 8(2748 2749 2750 2751 2752 2753 2754 2755)
2747 0()
2747 0()
2747 0()
2747 0()
2747 0()
2747 0()
2747 0()
2747 0()
2737 8(2757 2758 2759 2760 2761 2762 2763 2764)
2756 0()
2756 0()
2756 0()
2756 0()
2756 0()
2756 0()
2756 0()
2756 0()
2737 8(2766 2767 2768 2769 2770 2771 2772 2773)
2765 0()
2765 0()
2765 0()
2765 0()
2765 0()
2765 0()
2765 0()
2765 0()
2737 8(2775 2776 2777 2778 2779 2780 2781 2782)
2774 0()
2774 0()
2774 0()
2774 0()
2774 0()
2774 0()
2774 0()
2774 0()
2737 8(2784 2785 2786 2787 2788 2789 2790 2791)
2783 0()
2783 0()
2783 0()
2783 0()
2783 0()
2783 0()
2783 0()
2783 0()
2737 8(2793 2794 2795 2796 2797 2798 2799 2800)
2792 0()
2792 0()
2792 0()
2792 0()
2792 0()
2792 0()
2792 0()
2792 0()
2736 0()
2736 0()
2736 0()
2736 0()
2736 0()
2736 0()
2736 0()
2809 0()
2810 8(2808 2874 2875 2876 2877 2878 2879 2880)
-1 8(2809 2811 2820 2829 2838 2847 2856 2865)
2810 8(2812 2813 2814 2815 2816 2817 2818 2819)
2811 0()
2811 0()
2811 0()
2811 0()
2811 0()
2811 0()
2811 0()
2811 0()
2810 8(2821 2822 2823 2824 2825 2826 2827 2828)
2820 0()
2820 0()
2820 0()
2820 0()
2820 0()
2820 0()
2820 0()
2820 0()
2810 8(2830 2831 2832 2833 2834 2835 2836 2837)
2829 0()
2829 0()
2829 0()
2829 0()
2829 0()
2829 0()
2829 0()
2829 0()
2810 8(2839 2840 2841 2842 2843 2844 2845 2846)
2838 0()
2838 0()
2838 0()
2838 0()
2838 0()
2838 0()
2838 0()
2838 0()
2810 8(2848 2849 2850 2851 2852 2853 2854 2855)
2847 0()
2847 0()
2847 0()
2847 0()
2847 0()
2847 0()
2847 0()
2847 0()
2810 8(2857 2858 2859 2860 2861 2862 2863 2864)
2856 0()
2856 0()
2856 0()
2856 0()
2856 0()
2856 0()
2856 0()
2856 0()
2810 8(2866 2867 2868 2869 2870 2871 2872 2873)
2865 0()
2865 0()
2865 0()
2865 0()
2865 0()
2865 0()
2865 0()
2865 0()
2809 0()
2809 0()
2809 0()
2809 0()
2809 0()
2809 0()
2809 0()
2882 0()
2883 8(2881 2947 2948 2949 2950 2951 2952 2953)
-1 8(2882 2884 2893 2902 2911 2920 2929 2938)
2883 8(2885 2886 2887 2888 2889 2890 2891 2892)
2884 0()
2884 0()
2884 0()
2884 0()
2884 0()
2884 0()
2884 0()
2884 0()
2883 8(2894 2895 2896 2897 2898 2899 2900 2901)
2893 0()
2893 0()
2893 0()
2893 0()
2893 0()
2893 0()
2893 0()
2893 0()
2883 8(2903 2904 2905 2906 2907 2908 2909 2910)
2902 0()
2902 0()
2902 0()
2902 0()
2902 0()
2902 0()
2902 0()
2902 0()
2883 8(2912 2913 2914 2915 2916 2917 2918 2919)
2911 0()
2911 0()
2911 0()
2911 0()
2911 0()
2911 0()
2911 0()
2911 0()
2883 8(2921 2922 2923 2924 2925 2926 2927 2928)
2920 0()
2920 0()
2920 0()
2920 0()
2920 0()
2920 0()
2920 0()
2920 0()
2883 8(2930 2931 2932 2933 2934 2935 2936 2937)
2929 0()
2929 0()
2929 0()
2929 0()
2929 0()
2929 0()
2929 0()
2929 0()
2883 8(2939 2940 2941 2942 2943 2944 2945 2946)
2938 0()
2938 0()
2938 0()
2938 0()
2938 0()
2938 0()
2938 0()
2938 0()
2882 0()
2882 0()
2882 0()
2882 0()
2882 0()
2882 0()
2882 0()
2955 0()
2956 8(2954 3012 3013 3014 3015 3016 3017 3018)
-1 8(2955 2957 2966 2975 2984 2985 2994 3003)
2956 8(2958 2959 2960 2961 2962 2963 2964 2965)
2957 0()
2957 0()
2957 0()
2957 0()
2957 0()
2957 0()
2957 0()
2957 0()
2956 8(2967 2968 2969 2970 2971 2972 2973 2974)
2966 0()
2966 0()
2966 0()
2966 0()
2966 0()
2966 0()
2966 0()
2966 0()
2956 8(2976 2977 2978 2979 2980 2981 2982 2983)
2975 0()
2975 0()
2975 0()
2975 0()
2975 0()
2975 0()
2975 0()
2975 0()
2956 0()
2956 8(2986 2987 2988 2989 2990 2991 2992 2993)
2985 0()
2985 0()
2985 0()
2985 0()
2985 0()
2985 0()
2985 0()
2985 0()
2956 8(2995 2996 2997 2998 2999 3000 3001 3002)
2994 0()
2994 0()
2994 0()
2994 0()
2994 0()
2994 0()
2994 0()
2994 0()
2956 8(3004 3005 3006 3007 3008 3009 3010 3011)
3003 0()
3003 0()
3003 0()
3003 0()
3003 0()
3003 0()
3003 0()
3003 0()
2955 0()
2955 0()
2955 0()
2955 0()
2955 0()
2955 0()
2955 0()
3020 0()
3021 8(3019 3085 3086 3087 3088 3089 3090 3091)
-1 8(3020 3022 3031 3040 3049 3058 3067 3076)
3021 8(3023 3024 3025 3026 3027 3028 3029 3030)
3022 0()
3022 0()
3022 0()
3022 0()
3022 0()
3022 0()
3022 0()
3022 0()
3021 8(3032 3033 3034 3035 3036 3037 3038 3039)
3031 0()
3031 0()
3031 0()
3031 0()
3031 0()
3031 0()
3031 0()
3031 0()
3021 8(3041 3042 3043 3044 3045 3046 3047 3048)
3040 0()
3040 0()
3040 0()
3040 0()
3040 0()
3040 0()
3040 0()
3040 0()
3021 8(3050 3051 3052 3053 3054 3055 3056 3057)
3049 0()
3049 0()
3049 0()
3049 0()
3049 0()
3049 0()
3049 0()
3049 0()
3021 8(3059 3060 3061 3062 3063 3064 3065 3066)
3058 0()
3058 0()
3058 0()
3058 0()
3058 0()
3058 0()
3058 0()
3058 0()
3021 8(3068 3069 3070 3071 3072 3073 3074 3075)
3067 0()
3067 0()
3067 0()
3067 0()
3067 0()
3067 0()
3067 0()
3067 0()
3021 8(3077 3078 3079 3080 3081 3082 3083 3084)
3076 0()
3076 0()
3076 0()
3076 0()
3076 0()
3076 0()
3076 0()
3076 0()
3020 0()
3020 0()
3020 0()
3020 0()
3020 0()
3020 0()
3020 0()
3093 0()
3094 8(3092 3158 3159 3160 3161 3162 3163 3164)
-1 8(3093 3095 3104 3113 3122 3131 3140 3149)
3094 8(3096 3097 3098 3099 3100 3101 3102 3103)
3095 0()
3095 0()
3095 0()
3095 0()
3095 0()
3095 0()
3095 0()
3095 0()
3094 8(3105 3106 3107 3108 3109 3110 3111 3112)
3104 0()
3104 0()
3104 0()
3104 0()
3104 0()
3104 0()
3104 0()
3104 0()
3094 8(3114 3115 3116 3117 3118 3119 3120 3121)
3113 0()
3113 0()
3113 0()
3113 0()
3113 0()
3113 0()
3113 0()
3113 0()
3094 8(3123 3124 3125 3126 3127 3128 3129 3130)
3122 0()
3122 0()
3122 0()
3122 0()
3122 0()
3122 0()
3122 0()
3122 0()
3094 8(3132 3133 3134 3135 3136 3137 3138 3139)
3131 0()
3131 0()
3131 0()
3131 0()
3131 0()
3131 0()
3131 0()
3131 0()
3094 8(3141 3142 3143 3144 3145 3146 3147 3148)
3140 0()
3140 0()
3140 0()
3140 0()
3140 0()
3140 0()
3140 0()
3140 0()
3094 8(3150 3151 3152 3153 3154 3155 3156 3157)
3149 0()
3149 0()
3149 0()
3149 0()
3149 0()
3149 0()
3149 0()
3149 0()
3093 0()
3093 0()
3093 0()
3093 0()
3093 0()
3093 0()
3093 0()
3166 0()
3167 8(3165 3231 3232 3233 3234 3235 3236 3237)
-1 8(3166 3168 3177 3186 3195 3204 3213 3222)
3167 8(3169 3170 3171 3172 3173 3174 3175 3176)
3168 0()
3168 0()
3168 0()
3168 0()
3168 0()
3168 0()
3168 0()
3168 0()
3167 8(3178 3179 3180 3181 3182 3183 3184 3185)
3177 0()
3177 0()
3177 0()
3177 0()
3177 0()
3177 0()
3177 0()
3177 0()
3167 8(3187 3188 3189 3190 3191 3192 3193 3194)
3186 0()
3186 0()
3186 0()
3186 0()
3186 0()
3186 0()
3186 0()
3186 0()
3167 8(3196 3197 3198 3199 3200 3201 3202 3203)
3195 0()
3195 0()
3195 0()
3195 0()
3195 0()
3195 0()
3195 0()
3195 0()
3167 8(3205 3206 3207 3208 3209 3210 3211 3212)
3204 0()
3204 0()
3204 0()
3204 0()
3204 0()
3204 0()
3204 0()
3204 0()
3167 8(3214 3215 3216 3217 3218 3219 3220 3221)
3213 0()
3213 0()
3213 0()
3213 0()
3213 0()
3213 0()
3213 0()
3213 0()
3167 8(3223 3224 3225 3226 3227 3228 3229 3230)
3222 0()
3222 0()
3222 0()
3222 0()
3222 0()
3222 0()
3222 0()
3222 0()
3166 0()
3166 0()
3166 0()
3166 0()
3166 0()
3166 0()
3166 0()
3239 0()
3240 8(3238 3272 3273 3274 3275 3276 3277 3278)
-1 8(3239 3241 3242 3243 3244 3253 3254 3263)
3240 0()
3240 0()
3240 0()
3240 8(3245 3246 3247 3248 3249 3250 3251 3252)
3244 0()
3244 0()
3244 0()
3244 0()
3244 0()
3244 0()
3244 0()
3244 0()
3240 0()
3240 8(3255 3256 3257 3258 3259 3260 3261 3262)
3254 0()
3254 0()
3254 0()
3254 0()
3254 0()
3254 0()
3254 0()
3254 0()
3240 8(3264 3265 3266 3267 3268 3269 3270 3271)
3263 0()
3263 0()
3263 0()
3263 0()
3263 0()
3263 0()
3263 0()
3263 0()
3239 0()
3239 0()
3239 0()
3239 0()
3239 0()
3239 0()
3239 0()
3280 0()
3281 8(3279 3345 3346 3347 3348 3349 3350 3351)
-1 8(3280 3282 3291 3300 3309 3318 3327 3336)
3281 8(3283 3284 3285 3286 3287 3288 3289 3290)
3282 0()
3282 0()
3282 0()
3282 0()
3282 0()
3282 0()
3282 0()
3282 0()
3281 8(3292 3293 3294 3295 3296 3297 3298 3299)
3291 0()
3291 0()
3291 0()
3291 0()
3291 0()
3291 0()
3291 0()
3291 0()
3281 8(3301 3302 3303 3304 3305 3306 3307 3308)
3300 0()
3300 0()
3300 0()
3300 0()
3300 0()
3300 0()
3300 0()
3300 0()
3281 8(3310 3311 3312 3313 3314 3315 3316 3317)
3309 0()
3309 0()
3309 0()
3309 0()
3309 0()
3309 0()
3309 0()
3309 0()
3281 8(3319 3320 3321 3322 3323 3324 3325 3326)
3318 0()
3318 0()
3318 0()
3318 0()
3318 0()
3318 0()
3318 0()
3318 0()
3281 8(3328 3329 3330 3331 3332 3333 3334 3335)
3327 0()
3327 0()
3327 0()
3327 0()
3327 0()
3327 0()
3327 0()
3327 0()
3281 8(3337 3338 3339 3340 3341 3342 3343 3344)
3336 0()
3336 0()
3336 0()
3336 0()
3336 0()
3336 0()
3336 0()
3336 0()
3280 0()
3280 0()
3280 0()
3280 0()
3280 0()
3280 0()
3280 0()
3353 0()
3354 8(3352 3418 3419 3420 3421 3422 3423 3424)
-1 8(3353 3355 3364 3373 3382 3391 3400 3409)
3354 8(3356 3357 3358 3359 3360 3361 3362 3363)
3355 0()
3355 0()
3355 0()
3355 0()
3355 0()
3355 0()
3355 0()
3355 0()
3354 8(3365 3366 3367 3368 3369 3370 3371 3372)
3364 0()
3364 0()
3364 0()
3364 0()
3364 0()
3364 0()
3364 0()
3364 0()
3354 8(3374 3375 3376 3377 3378 3379 3380 3381)
3373 0()
3373 0()
3373 0()
3373 0()
3373 0()
3373 0()
3373 0()
3373 0()
3354 8(3383 3384 3385 3386 3387 3388 3389 3390)
3382 0()
3382 0()
3382 0()
3382 0()
3382 0()
3382 0()
3382 0()
3382 0()
3354 8(3392 3393 3394 3395 3396 3397 3398 3399)
3391 0()
3391 0()
3391 0()
3391 0()
3391 0()
3391 0()
3391 0()
3391 0()
3354 8(3401 3402 3403 3404 3405 3406 3407 3408)
3400 0()
3400 0()
3400 0()
3400 0()
3400 0()
3400 0()
3400 0()
3400 0()
3354 8(3410 3411 3412 3413 3414 3415 3416 3417)
3409 0()
3409 0()
3409 0()
3409 0()
3409 0()
3409 0()
3409 0()
3409 0()
3353 0()
3353 0()
3353 0()
3353 0()
3353 0()
3353 0()
3353 0()
3426 0()
3427 8(3425 3491 3492 3493 3494 3495 3496 3497)
-1 8(3426 3428 3437 3446 3455 3464 3473 3482)
3427 8(3429 3430 3431 3432 3433 3434 3435 3436)
3428 0()
3428 0()
3428 0()
3428 0()
3428 0()
3428 0()
3428 0()
3428 0()
3427 8(3438 3439 3440 3441 3442 3443 3444 3445)
3437 0()
3437 0()
3437 0()
3437 0()
3437 0()
3437 0()
3437 0()
3437 0()
3427 8(3447 3448 3449 3450 3451 3452 3453 3454)
3446 0()
3446 0()
3446 0()
3446 0()
3446 0()
3446 0()
3446 0()
3446 0()
3427 8(3456 3457 3458 3459 3460 3461 3462 3463)
3455 0()
3455 0()
3455 0()
3455 0()
3455 0()
3455 0()
3455 0()
3455 0()
3427 8(3465 3466 3467 3468 3469 3470 3471 3472)
3464 0()
3464 0()
3464 0()
3464 0()
3464 0()
3464 0()
3464 0()
3464 0()
3427 8(3474 3475 3476 3477 3478 3479 3480 3481)
3473 0()
3473 0()
3473 0()
3473 0()
3473 0()
3473 0()
3473 0()
3473 0()
3427 8(3483 3484 3485 3486 3487 3488 3489 3490)
3482 0()
3482 0()
3482 0()
3482 0()
3482 0()
3482 0()
3482 0()
3482 0()
3426 0()
3426 0()
3426 0()
3426 0()
3426 0()
3426 0()
3426 0()
3499 0()
3500 8(3498 3564 3565 3566 3567 3568 3569 3570)
-1 8(3499 3501 3510 3519 3528 3537 3546 3555)
3500 8(3502 3503 3504 3505 3506 3507 3508 3509)
3501 0()
3501 0()
3501 0()
3501 0()
3501 0()
3501 0()
3501 0()
3501 0()
3500 8(3511 3512 3513 3514 3515 3516 3517 3518)
3510 0()
3510 0()
3510 0()
3510 0()
3510 0()
3510 0()
3510 0()
3510 0()
3500 8(3520 3521 3522 3523 3524 3525 3526 3527)
3519 0()
3519 0()
3519 0()
3519 0()
3519 0()
3519 0()
3519 0()
3519 0()
3500 8(3529 3530 3531 3532 3533 3534 3535 3536)
3528 0()
3528 0()
3528 0()
3528 0()
3528 0()
3528 0()
3528 0()
3528 0()
3500 8(3538 3539 3540 3541 3542 3543 3544 3545)
3537 0()
3537 0()
3537 0()
3537 0()
3537 0()
3537 0()
3537 0()
3537 0()
3500 8(3547 3548 3549 3550 3551 3552 3553 3554)
3546 0()
3546 0()
3546 0()
3546 0()
3546 0()
3546 0()
3546 0()
3546 0()
3500 8(3556 3557 3558 3559 3560 3561 3562 3563)
3555 0()
3555 0()
3555 0()
3555 0()
3555 0()
3555 0()
3555 0()
3555 0()
3499 0()
3499 0()
3499 0()
3499 0()
3499 0()
3499 0()
3499 0()
3572 0()
3573 8(3571 3637 3638 3639 3640 3641 3642 3643)
-1 8(3572 3574 3583 3592 3601 3610 3619 3628)
3573 8(3575 3576 3577 3578 3579 3580 3581 3582)
3574 0()
3574 0()
3574 0()
3574 0()
3574 0()
3574 0()
3574 0()
3574 0()
3573 8(3584 3585 3586 3587 3588 3589 3590 3591)
3583 0()
3583 0()
3583 0()
3583 0()
3583 0()
3583 0()
3583 0()
3583 0()
3573 8(3593 3594 3595 3596 3597 3598 3599 3600)
3592 0()
3592 0()
3592 0()
3592 0()
3592 0()
3592 0()
3592 0()
3592 0()
3573 8(3602 3603 3604 3605 3606 3607 3608 3609)
3601 0()
3601 0()
3601 0()
3601 0()
3601 0()
3601 0()
3601 0()
3601 0()
3573 8(3611 3612 3613 3614 3615 3616 3617 3618)
3610 0()
3610 0()
3610 0()
3610 0()
3610 0()
3610 0()
3610 0()
3610 0()
3573 8(3620 3621 3622 3623 3624 3625 3626 3627)
3619 0()
3619 0()
3619 0()
3619 0()
3619 0()
3619 0()
3619 0()
3619 0()
3573 8(3629 3630 3631 3632 3633 3634 3635 3636)
3628 0()
3628 0()
3628 0()
3628 0()
3628 0()
3628 0()
3628 0()
3628 0()
3572 0()
3572 0()
3572 0()
3572 0()
3572 0()
3572 0()
3572 0()
3645 0()
3646 8(3644 3710 3711 3712 3713 3714 3715 3716)
-1 8(3645 3647 3656 3665 3674 3683 3692 3701)
3646 8(3648 3649 3650 3651 3652 3653 3654 3655)
3647 0()
3647 0()
3647 0()
3647 0()
3647 0()
3647 0()
3647 0()
3647 0()
3646 8(3657 3658 3659 3660 3661 3662 3663 3664)
3656 0()
3656 0()
3656 0()
3656 0()
3656 0()
3656 0()
3656 0()
3656 0()
3646 8(3666 3667 3668 3669 3670 3671 3672 3673)
3665 0()
3665 0()
3665 0()
3665 0()
3665 0()
3665 0()
3665 0()
3665 0()
3646 8(3675 3676 3677 3678 3679 3680 3681 3682)
3674 0()
3674 0()
3674 0()
3674 0()
3674 0()
3674 0()
3674 0()
3674 0()
3646 8(3684 3685 3686 3687 3688 3689 3690 3691)
3683 0()
3683 0()
3683 0()
3683 0()
3683 0()
3683 0()
3683 0()
3683 0()
3646 8(3693 3694 3695 3696 3697 3698 3699 3700)
3692 0()
3692 0()
3692 0()
3692 0()
3692 0()
3692 0()
3692 0()
3692 0()
3646 8(3702 3703 3704 3705 3706 3707 3708 3709)
3701 0()
3701 0()
3701 0()
3701 0()
3701 0()
3701 0()
3701 0()
3701 0()
3645 0()
3645 0()
3645 0()
3645 0()
3645 0()
3645 0()
3645 0()
3718 0()
3719 8(3717 3783 3784 3785 3786 3787 3788 3789)
-1 8(3718 3720 3729 3738 3747 3756 3765 3774)
3719 8(3721 3722 3723 3724 3725 3726 3727 3728)
3720 0()
3720 0()
3720 0()
3720 0()
3720 0()
3720 0()
3720 0()
3720 0()
3719 8(3730 3731 3732 3733 3734 3735 3736 3737)
3729 0()
3729 0()
3729 0()
3729 0()
3729 0()
3729 0()
3729 0()
3729 0()
3719 8(3739 3740 3741 3742 3743 3744 3745 3746)
3738 0()
3738 0()
3738 0()
3738 0()
3738 0()
3738 0()
3738 0()
3738 0()
3719 8(3748 3749 3750 3751 3752 3753 3754 3755)
3747 0()
3747 0()
3747 0()
3747 0()
3747 0()
3747 0()
3747 0()
3747 0()
3719 8(3757 3758 3759 3760 3761 3762 3763 3764)
3756 0()
3756 0()
3756 0()
3756 0()
3756 0()
3756 0()
3756 0()
3756 0()
3719 8(3766 3767 3768 3769 3770 3771 3772 3773)
3765 0()
3765 0()
3765 0()
3765 0()
3765 0()
3765 0()
3765 0()
3765 0()
3719 8(3775 3776 3777 3778 3779 3780 3781 3782)
3774 0()
3774 0()
3774 0()
3774 0()
3774 0()
3774 0()
3774 0()
3774 0()
3718 0()
3718 0()
3718 0()
3718 0()
3718 0()
3718 0()
3718 0()
3791 0()
3792 8(3790 3856 3857 3858 3859 3860 3861 3862)
-1 8(3791 3793 3802 3811 3820 3829 3838 3847)
3792 8(3794 3795 3796 3797 3798 3799 3800 3801)
3793 0()
3793 0()
3793 0()
3793 0()
3793 0()
3793 0()
3793 0()
3793 0()
3792 8(3803 3804 3805 3806 3807 3808 3809 3810)
3802 0()
3802 0()
3802 0()
3802 0()
3802 0()
3802 0()
3802 0()
3802 0()
3792 8(3812 3813 3814 3815 3816 3817 3818 3819)
3811 0()
3811 0()
3811 0()
3811 0()
3811 0()
3811 0()
3811 0()
3811 0()
3792 8(3821 3822 3823 3824 3825 3826 3827 3828)
3820 0()
3820 0()
3820 0()
3820 0()
3820 0()
3820 0()
3820 0()
3820 0()
3792 8(3830 3831 3832 3833 3834 3835 3836 3837)
3829 0()
3829 0()
3829 0()
3829 0()
3829 0()
3829 0()
3829 0()
3829 0()
3792 8(3839 3840 3841 3842 3843 3844 3845 3846)
3838 0()
3838 0()
3838 0()
3838 0()
3838 0()
3838 0()
3838 0()
3838 0()
3792 8(3848 3849 3850 3851 3852 3853 3854 3855)
3847 0()
3847 0()
3847 0()
3847 0()
3847 0()
3847 0()
3847 0()
3847 0()
3791 0()
3791 0()
3791 0()
3791 0()
3791 0()
3791 0()
3791 0()
3864 0()
3865 8(3863 3929 3930 3931 3932 3933 3934 3935)
-1 8(3864 3866 3875 3884 3893 3902 3911 3920)
3865 8(3867 3868 3869 3870 3871 3872 3873 3874)
3866 0()
3866 0()
3866 0()
3866 0()
3866 0()
3866 0()
3866 0()
3866 0()
3865 8(3876 3877 3878 3879 3880 3881 3882 3883)
3875 0()
3875 0()
3875 0()
3875 0()
3875 0()
3875 0()
3875 0()
3875 0()
3865 8(3885 3886 3887 3888 3889 3890 3891 3892)
3884 0()
3884 0()
3884 0()
3884 0()
3884 0()
3884 0()
3884 0()
3884 0()
3865 8(3894 3895 3896 3897 3898 3899 3900 3901)
3893 0()
3893 0()
3893 0()
3893 0()
3893 0()
3893 0()
3893 0()
3893 0()
3865 8(3903 3904 3905 3906 3907 3908 3909 3910)
3902 0()
3902 0()
3902 0()
3902 0()
3902 0()
3902 0()
3902 0()
3902 0()
3865 8(3912 3913 3914 3915 3916 3917 3918 3919)
3911 0()
3911 0()
3911 0()
3911 0()
3911 0()
3911 0()
3911 0()
3911 0()
3865 8(3921 3922 3923 3924 3925 3926 3927 3928)
3920 0()
3920 0()
3920 0()
3920 0()
3920 0()
3920 0()
3920 0()
3920 0()
3864 0()
3864 0()
3864 0()
3864 0()
3864 0()
3864 0()
3864 0()
3937 0()
3938 8(3936 4002 4003 4004 4005 4006 4007 4008)
-1 8(3937 3939 3948 3957 3966 3975 3984 3993)
3938 8(3940 3941 3942 3943 3944 3945 3946 3947)
3939 0()
3939 0()
3939 0()
3939 0()
3939 0()
3939 0()
3939 0()
3939 0()
3938 8(3949 3950 3951 3952 3953 3954 3955 3956)
3948 0()
3948 0()
3948 0()
3948 0()
3948 0()
3948 0()
3948 0()
3948 0()
3938 8(3958 3959 3960 3961 3962 3963 3964 3965)
3957 0()
3957 0()
3957 0()
3957 0()
3957 0()
3957 0()
3957 0()
3957 0()
3938 8(3967 3968 3969 3970 3971 3972 3973 3974)
3966 0()
3966 0()
3966 0()
3966 0()
3966 0()
3966 0()
3966 0()
3966 0()
3938 8(3976 3977 3978 3979 3980 3981 3982 3983)
3975 0()
3975 0()
3975 0()
3975 0()
3975 0()
3975 0()
3975 0()
3975 0()
3938 8(3985 3986 3987 3988 3989 3990 3991 3992)
3984 0()
3984 0()
3984 0()
3984 0()
3984 0()
3984 0()
3984 0()
3984 0()
3938 8(3994 3995 3996 3997 3998 3999 4000 4001)
3993 0()
3993 0()
3993 0()
3993 0()
3993 0()
3993 0()
3993 0()
3993 0()
3937 0()
3937 0()
3937 0()
3937 0()
3937 0()
3937 0()
3937 0()
4010 0()
4011 8(4009 4107 4108 4109 4110 4111 4112 4113)
-1 8(4010 4012 4021 4030 4039 4048 4057 4098)
4011 8(4013 4014 4015 4016 4017 4018 4019 4020)
4012 0()
4012 0()
4012 0()
4012 0()
4012 0()
4012 0()
4012 0()
4012 0()
4011 8(4022 4023 4024 4025 4026 4027 4028 4029)
4021 0()
4021 0()
4021 0()
4021 0()
4021 0()
4021 0()
4021 0()
4021 0()
4011 8(4031 4032 4033 4034 4035 4036 4037 4038)
4030 0()
4030 0()
4030 0()
4030 0()
4030 0()
4030 0()
4030 0()
4030 0()
4011 8(4040 4041 4042 4043 4044 4045 4046 4047)
4039 0()
4039 0()
4039 0()
4039 0()
4039 0()
4039 0()
4039 0()
4039 0()
4011 8(4049 4050 4051 4052 4053 4054 4055 4056)
4048 0()
4048 0()
4048 0()
4048 0()
4048 0()
4048 0()
4048 0()
4048 0()
4011 8(4058 4067 4076 4085 4086 4087 4096 4097)
4057 8(4059 4060 4061 4062 4063 4064 4065 4066)
4058 0()
4058 0()
4058 0()
4058 0()
4058 0()
4058 0()
4058 0()
4058 0()
4057 8(4068 4069 4070 4071 4072 4073 4074 4075)
4067 0()
4067 0()
4067 0()
4067 0()
4067 0()
4067 0()
4067 0()
4067 0()
4057 8(4077 4078 4079 4080 4081 4082 4083 4084)
4076 0()
4076 0()
4076 0()
4076 0()
4076 0()
4076 0()
4076 0()
4076 0()
4057 0()
4057 0()
4057 8(4088 4089 4090 4091 4092 4093 4094 4095)
4087 0()
4087 0()
4087 0()
4087 0()
4087 0()
4087 0()
4087 0()
4087 0()
4057 0()
4057 0()
4011 8(4099 4100 4101 4102 4103 4104 4105 4106)
4098 0()
4098 0()
4098 0()
4098 0()
4098 0()
4098 0()
4098 0()
4098 0()
4010 0()
4010 0()
4010 0()
4010 0()
4010 0()
4010 0()
4010 0()
4115 0()
4116 8(4114 4212 4213 4214 4215 4216 4217 4218)
-1 8(4115 4117 4126 4135 4144 4185 4194 4203)
4116 8(4118 4119 4120 4121 4122 4123 4124 4125)
4117 0()
4117 0()
4117 0()
4117 0()
4117 0()
4117 0()
4117 0()
4117 0()
4116 8(4127 4128 4129 4130 4131 4132 4133 4134)
4126 0()
4126 0()
4126 0()
4126 0()
4126 0()
4126 0()
4126 0()
4126 0()
4116 8(4136 4137 4138 4139 4140 4141 4142 4143)
4135 0()
4135 0()
4135 0()
4135 0()
4135 0()
4135 0()
4135 0()
4135 0()
4116 8(4145 4154 4163 4164 4173 4174 4183 4184)
4144 8(4146 4147 4148 4149 4150 4151 4152 4153)
4145 0()
4145 0()
4145 0()
4145 0()
4145 0()
4145 0()
4145 0()
4145 0()
4144 8(4155 4156 4157 4158 4159 4160 4161 4162)
4154 0()
4154 0()
4154 0()
4154 0()
4154 0()
4154 0()
4154 0()
4154 0()
4144 0()
4144 8(4165 4166 4167 4168 4169 4170 4171 4172)
4164 0()
4164 0()
4164 0()
4164 0()
4164 0()
4164 0()
4164 0()
4164 0()
4144 0()
4144 8(4175 4176 4177 4178 4179 4180 4181 4182)
4174 0()
4174 0()
4174 0()
4174 0()
4174 0()
4174 0()
4174 0()
4174 0()
4144 0()
4144 0()
4116 8(4186 4187 4188 4189 4190 4191 4192 4193)
4185 0()
4185 0()
4185 0()
4185 0()
4185 0()
4185 0()
4185 0()
4185 0()
4116 8(4195 4196 4197 4198 4199 4200 4201 4202)
4194 0()
4194 0()
4194 0()
4194 0()
4194 0()
4194 0()
4194 0()
4194 0()
4116 8(4204 4205 4206 4207 4208 4209 4210 4211)
4203 0()
4203 0()
4203 0()
4203 0()
4203 0()
4203 0()
4203 0()
4203 0()
4115 0()
4115 0()
4115 0()
4115 0()
4115 0()
4115 0()
4115 0()
4220 0()
4221 8(4219 4285 4286 4287 4288 4289 4290 4291)
-1 8(4220 4222 4231 4240 4249 4258 4267 4276)
4221 8(4223 4224 4225 4226 4227 4228 4229 4230)
4222 0()
4222 0()
4222 0()
4222 0()
4222 0()
4222 0()
4222 0()
4222 0()
4221 8(4232 4233 4234 4235 4236 4237 4238 4239)
4231 0()
4231 0()
4231 0()
4231 0()
4231 0()
4231 0()
4231 0()
4231 0()
4221 8(4241 4242 4243 4244 4245 4246 4247 4248)
4240 0()
4240 0()
4240 0()
4240 0()
4240 0()
4240 0()
4240 0()
4240 0()
4221 8(4250 4251 4252 4253 4254 4255 4256 4257)
4249 0()
4249 0()
4249 0()
4249 0()
4249 0()
4249 0()
4249 0()
4249 0()
4221 8(4259 4260 4261 4262 4263 4264 4265 4266)
4258 0()
4258 0()
4258 0()
4258 0()
4258 0()
4258 0()
4258 0()
4258 0()
4221 8(4268 4269 4270 4271 4272 4273 4274 4275)
4267 0()
4267 0()
4267 0()
4267 0()
4267 0()
4267 0()
4267 0()
4267 0()
4221 8(4277 4278 4279 4280 4281 4282 4283 4284)
4276 0()
4276 0()
4276 0()
4276 0()
4276 0()
4276 0()
4276 0()
4276 0()
4220 0()
4220 0()
4220 0()
4220 0()
4220 0()
4220 0()
4220 0()
4293 0()
4294 8(4292 4358 4359 4360 4361 4362 4363 4364)
-1 8(4293 4295 4304 4313 4322 4331 4340 4349)
4294 8(4296 4297 4298 4299 4300 4301 4302 4303)
4295 0()
4295 0()
4295 0()
4295 0()
4295 0()
4295 0()
4295 0()
4295 0()
4294 8(4305 4306 4307 4308 4309 4310 4311 4312)
4304 0()
4304 0()
4304 0()
4304 0()
4304 0()
4304 0()
4304 0()
4304 0()
4294 8(4314 4315 4316 4317 4318 4319 4320 4321)
4313 0()
4313 0()
4313 0()
4313 0()
4313 0()
4313 0()
4313 0()
4313 0()
4294 8(4323 4324 4325 4326 4327 4328 4329 4330)
4322 0()
4322 0()
4322 0()
4322 0()
4322 0()
4322 0()
4322 0()
4322 0()
4294 8(4332 4333 4334 4335 4336 4337 4338 4339)
4331 0()
4331 0()
4331 0()
4331 0()
4331 0()
4331 0()
4331 0()
4331 0()
4294 8(4341 4342 4343 4344 4345 4346 4347 4348)
4340 0()
4340 0()
4340 0()
4340 0()
4340 0()
4340 0()
4340 0()
4340 0()
4294 8(4350 4351 4352 4353 4354 4355 4356 4357)
4349 0()
4349 0()
4349 0()
4349 0()
4349 0()
4349 0()
4349 0()
4349 0()
4293 0()
4293 0()
4293 0()
4293 0()
4293 0()
4293 0()
4293 0()
4366 0()
4367 8(4365 4431 4432 4433 4434 4435 4436 4437)
-1 8(4366 4368 4377 4386 4395 4404 4413 4422)
4367 8(4369 4370 4371 4372 4373 4374 4375 4376)
4368 0()
4368 0()
4368 0()
4368 0()
4368 0()
4368 0()
4368 0()
4368 0()
4367 8(4378 4379 4380 4381 4382 4383 4384 4385)
4377 0()
4377 0()
4377 0()
4377 0()
4377 0()
4377 0()
4377 0()
4377 0()
4367 8(4387 4388 4389 4390 4391 4392 4393 4394)
4386 0()
4386 0()
4386 0()
4386 0()
4386 0()
4386 0()
4386 0()
4386 0()
4367 8(4396 4397 4398 4399 4400 4401 4402 4403)
4395 0()
4395 0()
4395 0()
4395 0()
4395 0()
4395 0()
4395 0()
4395 0()
4367 8(4405 4406 4407 4408 4409 4410 4411 4412)
4404 0()
4404 0()
4404 0()
4404 0()
4404 0()
4404 0()
4404 0()
4404 0()
4367 8(4414 4415 4416 4417 4418 4419 4420 4421)
4413 0()
4413 0()
4413 0()
4413 0()
4413 0()
4413 0()
4413 0()
4413 0()
4367 8(4423 4424 4425 4426 4427 4428 4429 4430)
4422 0()
4422 0()
4422 0()
4422 0()
4422 0()
4422 0()
4422 0()
4422 0()
4366 0()
4366 0()
4366 0()
4366 0()
4366 0()
4366 0()
4366 0()
4439 0()
4440 8(4438 4504 4505 4506 4507 4508 4509 4510)
-1 8(4439 4441 4450 4459 4468 4477 4486 4495)
4440 8(4442 4443 4444 4445 4446 4447 4448 4449)
4441 0()
4441 0()
4441 0()
4441 0()
4441 0()
4441 0()
4441 0()
4441 0()
4440 8(4451 4452 4453 4454 4455 4456 4457 4458)
4450 0()
4450 0()
4450 0()
4450 0()
4450 0()
4450 0()
4450 0()
4450 0()
4440 8(4460 4461 4462 4463 4464 4465 4466 4467)
4459 0()
4459 0()
4459 0()
4459 0()
4459 0()
4459 0()
4459 0()
4459 0()
4440 8(4469 4470 4471 4472 4473 4474 4475 4476)
4468 0()
4468 0()
4468 0()
4468 0()
4468 0()
4468 0()
4468 0()
4468 0()
4440 8(4478 4479 4480 4481 4482 4483 4484 4485)
4477 0()
4477 0()
4477 0()
4477 0()
4477 0()
4477 0()
4477 0()
4477 0()
4440 8(4487 4488 4489 4490 4491 4492 4493 4494)
4486 0()
4486 0()
4486 0()
4486 0()
4486 0()
4486 0()
4486 0()
4486 0()
4440 8(4496 4497 4498 4499 4500 4501 4502 4503)
4495 0()
4495 0()
4495 0()
4495 0()
4495 0()
4495 0()
4495 0()
4495 0()
4439 0()
4439 0()
4439 0()
4439 0()
4439 0()
4439 0()
4439 0()
4512 0()
4513 8(4511 4577 4578 4579 4580 4581 4582 4583)
-1 8(4512 4514 4523 4532 4541 4550 4559 4568)
4513 8(4515 4516 4517 4518 4519 4520 4521 4522)
4514 0()
4514 0()
4514 0()
4514 0()
4514 0()
4514 0()
4514 0()
4514 0()
4513 8(4524 4525 4526 4527 4528 4529 4530 4531)
4523 0()
4523 0()
4523 0()
4523 0()
4523 0()
4523 0()
4523 0()
4523 0()
4513 8(4533 4534 4535 4536 4537 4538 4539 4540)
4532 0()
4532 0()
4532 0()
4532 0()
4532 0()
4532 0()
4532 0()
4532 0()
4513 8(4542 4543 4544 4545 4546 4547 4548 4549)
4541 0()
4541 0()
4541 0()
4541 0()
4541 0()
4541 0()
4541 0()
4541 0()
4513 8(4551 4552 4553 4554 4555 4556 4557 4558)
4550 0()
4550 0()
4550 0()
4550 0()
4550 0()
4550 0()
4550 0()
4550 0()
4513 8(4560 4561 4562 4563 4564 4565 4566 4567)
4559 0()
4559 0()
4559 0()
4559 0()
4559 0()
4559 0()
4559 0()
4559 0()
4513 8(4569 4570 4571 4572 4573 4574 4575 4576)
4568 0()
4568 0()
4568 0()
4568 0()
4568 0()
4568 0()
4568 0()
4568 0()
4512 0()
4512 0()
4512 0()
4512 0()
4512 0()
4512 0()
4512 0()
4585 0()
4586 8(4584 4650 4651 4652 4653 4654 4655 4656)
-1 8(4585 4587 4596 4605 4614 4623 4632 4641)
4586 8(4588 4589 4590 4591 4592 4593 4594 4595)
4587 0()
4587 0()
4587 0()
4587 0()
4587 0()
4587 0()
4587 0()
4587 0()
4586 8(4597 4598 4599 4600 4601 4602 4603 4604)
4596 0()
4596 0()
4596 0()
4596 0()
4596 0()
4596 0()
4596 0()
4596 0()
4586 8(4606 4607 4608 4609 4610 4611 4612 4613)
4605 0()
4605 0()
4605 0()
4605 0()
4605 0()
4605 0()
4605 0()
4605 0()
4586 8(4615 4616 4617 4618 4619 4620 4621 4622)
4614 0()
4614 0()
4614 0()
4614 0()
4614 0()
4614 0()
4614 0()
4614 0()
4586 8(4624 4625 4626 4627 4628 4629 4630 4631)
4623 0()
4623 0()
4623 0()
4623 0()
4623 0()
4623 0()
4623 0()
4623 0()
4586 8(4633 4634 4635 4636 4637 4638 4639 4640)
4632 0()
4632 0()
4632 0()
4632 0()
4632 0()
4632 0()
4632 0()
4632 0()
4586 8(4642 4643 4644 4645 4646 4647 4648 4649)
4641 0()
4641 0()
4641 0()
4641 0()
4641 0()
4641 0()
4641 0()
4641 0()
4585 0()
4585 0()
4585 0()
4585 0()
4585 0()
4585 0()
4585 0()
4658 0()
4659 8(4657 4723 4724 4725 4726 4727 4728 4729)
-1 8(4658 4660 4669 4678 4687 4696 4705 4714)
4659 8(4661 4662 4663 4664 4665 4666 4667 4668)
4660 0()
4660 0()
4660 0()
4660 0()
4660 0()
4660 0()
4660 0()
4660 0()
4659 8(4670 4671 4672 4673 4674 4675 4676 4677)
4669 0()
4669 0()
4669 0()
4669 0()
4669 0()
4669 0()
4669 0()
4669 0()
4659 8(4679 4680 4681 4682 4683 4684 4685 4686)
4678 0()
4678 0()
4678 0()
4678 0()
4678 0()
4678 0()
4678 0()
4678 0()
4659 8(4688 4689 4690 4691 4692 4693 4694 4695)
4687 0()
4687 0()
4687 0()
4687 0()
4687 0()
4687 0()
4687 0()
4687 0()
4659 8(4697 4698 4699 4700 4701 4702 4703 4704)
4696 0()
4696 0()
4696 0()
4696 0()
4696 0()
4696 0()
4696 0()
4696 0()
4659 8(4706 4707 4708 4709 4710 4711 4712 4713)
4705 0()
4705 0()
4705 0()
4705 0()
4705 0()
4705 0()
4705 0()
4705 0()
4659 8(4715 4716 4717 4718 4719 4720 4721 4722)
4714 0()
4714 0()
4714 0()
4714 0()
4714 0()
4714 0()
4714 0()
4714 0()
4658 0()
4658 0()
4658 0()
4658 0()
4658 0()
4658 0()
4658 0()
4731 0()
4732 8(4730 4796 4797 4798 4799 4800 4801 4802)
-1 8(4731 4733 4742 4751 4760 4769 4778 4787)
4732 8(4734 4735 4736 4737 4738 4739 4740 4741)
4733 0()
4733 0()
4733 0()
4733 0()
4733 0()
4733 0()
4733 0()
4733 0()
4732 8(4743 4744 4745 4746 4747 4748 4749 4750)
4742 0()
4742 0()
4742 0()
4742 0()
4742 0()
4742 0()
4742 0()
4742 0()
4732 8(4752 4753 4754 4755 4756 4757 4758 4759)
4751 0()
4751 0()
4751 0()
4751 0()
4751 0()
4751 0()
4751 0()
4751 0()
4732 8(4761 4762 4763 4764 4765 4766 4767 4768)
4760 0()
4760 0()
4760 0()
4760 0()
4760 0()
4760 0()
4760 0()
4760 0()
4732 8(4770 4771 4772 4773 4774 4775 4776 4777)
4769 0()
4769 0()
4769 0()
4769 0()
4769 0()
4769 0()
4769 0()
4769 0()
4732 8(4779 4780 4781 4782 4783 4784 4785 4786)
4778 0()
4778 0()
4778 0()
4778 0()
4778 0()
4778 0()
4778 0()
4778 0()
4732 8(4788 4789 4790 4791 4792 4793 4794 4795)
4787 0()
4787 0()
4787 0()
4787 0()
4787 0()
4787 0()
4787 0()
4787 0()
4731 0()
4731 0()
4731 0()
4731 0()
4731 0()
4731 0()
4731 0()
4804 0()
4805 8(4803 4869 4870 4871 4872 4873 4874 4875)
-1 8(4804 4806 4815 4824 4833 4842 4851 4860)
4805 8(4807 4808 4809 4810 4811 4812 4813 4814)
4806 0()
4806 0()
4806 0()
4806 0()
4806 0()
4806 0()
4806 0()
4806 0()
4805 8(4816 4817 4818 4819 4820 4821 4822 4823)
4815 0()
4815 0()
4815 0()
4815 0()
4815 0()
4815 0()
4815 0()
4815 0()
4805 8(4825 4826 4827 4828 4829 4830 4831 4832)
4824 0()
4824 0()
4824 0()
4824 0()
4824 0()
4824 0()
4824 0()
4824 0()
4805 8(4834 4835 4836 4837 4838 4839 4840 4841)
4833 0()
4833 0()
4833 0()
4833 0()
4833 0()
4833 0()
4833 0()
4833 0()
4805 8(4843 4844 4845 4846 4847 4848 4849 4850)
4842 0()
4842 0()
4842 0()
4842 0()
4842 0()
4842 0()
4842 0()
4842 0()
4805 8(4852 4853 4854 4855 4856 4857 4858 4859)
4851 0()
4851 0()
4851 0()
4851 0()
4851 0()
4851 0()
4851 0()
4851 0()
4805 8(4861 4862 4863 4864 4865 4866 4867 4868)
4860 0()
4860 0()
4860 0()
4860 0()
4860 0()
4860 0()
4860 0()
4860 0()
4804 0()
4804 0()
4804 0()
4804 0()
4804 0()
4804 0()
4804 0()
)

// visibleCells

4273
(
0
73
146
475
804
877
1206
1535
1608
1681
1786
1891
1996
151
223
232
273
282
323
365
479
520
562
634
675
685
757
808
817
826
835
844
853
862
882
923
932
974
1014
1024
1097
1211
1283
1324
1334
1406
1447
1488
1539
1548
1557
1566
1575
1584
1593
1612
1621
1630
1639
1648
1657
1666
1686
1726
1735
1744
1753
1762
1771
1790
1799
1809
1849
1858
1867
1876
1896
1905
1914
1923
1932
1941
1950
2000
2009
2018
2027
2036
2045
2054
437
446
454
456
465
473
474
797
798
799
800
801
802
803
1137
1146
1155
1164
1173
1182
1191
1497
1506
1514
1516
1525
1533
1534
1674
1675
1676
1677
1678
1679
1680
1779
1780
1781
1782
1783
1784
1785
1958
1960
1969
1978
1986
1987
1988
160
169
178
187
196
205
214
224
225
226
227
228
229
230
233
234
236
245
254
263
271
274
275
276
277
278
279
280
283
284
286
295
303
305
314
325
333
334
336
345
354
362
374
383
392
401
410
419
428
481
489
491
500
508
510
518
522
530
532
541
550
558
559
571
580
589
598
607
616
625
635
636
638
647
656
665
673
676
677
678
679
680
681
682
694
703
712
721
730
739
748
758
759
761
770
779
787
789
827
828
829
830
831
832
833
854
855
856
857
858
859
860
884
892
893
895
904
913
921
924
925
926
927
928
929
930
934
943
951
953
962
970
971
982
984
992
993
994
996
1005
1015
1016
1017
1018
1019
1020
1021
1033
1042
1051
1060
1069
1078
1087
1105
1106
1107
1109
1118
1127
1135
1220
1229
1238
1247
1256
1265
1274
1285
1294
1302
1304
1313
1321
1322
1325
1326
1327
1328
1329
1330
1331
1343
1352
1361
1370
1379
1388
1397
1408
1416
1417
1419
1428
1437
1445
1449
1457
1458
1460
1469
1478
1486
1489
1490
1491
1492
1493
1494
1495
1540
1541
1542
1543
1544
1545
1546
1567
1568
1569
1570
1571
1572
1573
1640
1641
1642
1643
1644
1645
1646
1694
1696
1705
1714
1722
1723
1724
1736
1737
1738
1739
1740
1741
1742
1772
1773
1774
1775
1776
1777
1778
1791
1792
1793
1794
1795
1796
1797
1800
1801
1802
1803
1804
1805
1806
1817
1819
1828
1837
1845
1846
1847
1868
1869
1870
1871
1872
1873
1874
1897
1898
1899
1900
1901
1902
1903
1915
1916
1917
1918
1919
1920
1921
1942
1943
1944
1945
1946
1947
1948
1199
1200
1201
1202
1203
1204
1205
1989
1990
1991
1992
1993
1994
1995
152
153
154
155
156
157
158
366
367
368
369
370
371
372
563
564
565
566
567
568
569
686
687
688
689
690
691
692
975
976
977
978
979
980
981
1025
1026
1027
1028
1029
1030
1031
1098
1099
1100
1101
1102
1103
1104
1212
1213
1214
1215
1216
1217
1218
1335
1336
1337
1338
1339
1340
1341
1687
1688
1689
1690
1691
1692
1693
1810
1811
1812
1813
1814
1815
1816
438
439
440
441
442
443
444
447
448
449
450
451
452
453
457
458
459
460
461
462
463
466
467
468
469
470
471
472
1138
1139
1140
1141
1142
1143
1144
1147
1148
1149
1150
1151
1152
1153
1156
1157
1158
1159
1160
1161
1162
1165
1166
1167
1168
1169
1170
1171
1174
1175
1176
1177
1178
1179
1180
1183
1184
1185
1186
1187
1188
1189
1192
1193
1194
1195
1196
1197
1198
1498
1499
1500
1501
1502
1503
1504
1507
1508
1509
1510
1511
1512
1513
1517
1518
1519
1520
1521
1522
1523
1526
1527
1528
1529
1530
1531
1532
1961
1962
1963
1964
1965
1966
1967
1970
1971
1972
1973
1974
1975
1976
1979
1980
1981
1982
1983
1984
1985
161
162
163
164
165
166
167
170
171
172
173
174
175
176
179
180
181
182
183
184
185
188
189
190
191
192
193
194
197
198
199
200
201
202
203
206
207
208
209
210
211
212
215
216
217
218
219
220
221
237
238
239
240
241
242
243
246
247
248
249
250
251
252
255
256
257
258
259
260
261
264
265
266
267
268
269
270
287
288
289
290
291
292
293
296
297
298
299
300
301
302
306
307
308
309
310
311
312
315
316
317
318
319
320
321
326
327
328
329
330
331
332
337
338
339
340
341
342
343
346
347
348
349
350
351
352
355
356
357
358
359
360
361
375
376
377
378
379
380
381
384
385
386
387
388
389
390
393
394
395
396
397
398
399
402
403
404
405
406
407
408
411
412
413
414
415
416
417
420
421
422
423
424
425
426
429
430
431
432
433
434
435
482
483
484
485
486
487
488
492
493
494
495
496
497
498
501
502
503
504
505
506
507
511
512
513
514
515
516
517
523
524
525
526
527
528
529
533
534
535
536
537
538
539
542
543
544
545
546
547
548
551
552
553
554
555
556
557
572
573
574
575
576
577
578
581
582
583
584
585
586
587
590
591
592
593
594
595
596
599
600
601
602
603
604
605
608
609
610
611
612
613
614
617
618
619
620
621
622
623
626
627
628
629
630
631
632
639
640
641
642
643
644
645
648
649
650
651
652
653
654
657
658
659
660
661
662
663
666
667
668
669
670
671
672
695
696
697
698
699
700
701
704
705
706
707
708
709
710
713
714
715
716
717
718
719
722
723
724
725
726
727
728
731
732
733
734
735
736
737
740
741
742
743
744
745
746
749
750
751
752
753
754
755
762
763
764
765
766
767
768
771
772
773
774
775
776
777
780
781
782
783
784
785
786
790
791
792
793
794
795
796
885
886
887
888
889
890
891
896
897
898
899
900
901
902
905
906
907
908
909
910
911
914
915
916
917
918
919
920
935
936
937
938
939
940
941
944
945
946
947
948
949
950
954
955
956
957
958
959
960
963
964
965
966
967
968
969
985
986
987
988
989
990
991
997
998
999
1000
1001
1002
1003
1006
1007
1008
1009
1010
1011
1012
1034
1035
1036
1037
1038
1039
1040
1043
1044
1045
1046
1047
1048
1049
1052
1053
1054
1055
1056
1057
1058
1061
1062
1063
1064
1065
1066
1067
1070
1071
1072
1073
1074
1075
1076
1079
1080
1081
1082
1083
1084
1085
1088
1089
1090
1091
1092
1093
1094
1110
1111
1112
1113
1114
1115
1116
1119
1120
1121
1122
1123
1124
1125
1128
1129
1130
1131
1132
1133
1134
1221
1222
1223
1224
1225
1226
1227
1230
1231
1232
1233
1234
1235
1236
1239
1240
1241
1242
1243
1244
1245
1248
1249
1250
1251
1252
1253
1254
1257
1258
1259
1260
1261
1262
1263
1266
1267
1268
1269
1270
1271
1272
1275
1276
1277
1278
1279
1280
1281
1286
1287
1288
1289
1290
1291
1292
1295
1296
1297
1298
1299
1300
1301
1305
1306
1307
1308
1309
1310
1311
1314
1315
1316
1317
1318
1319
1320
1344
1345
1346
1347
1348
1349
1350
1353
1354
1355
1356
1357
1358
1359
1362
1363
1364
1365
1366
1367
1368
1371
1372
1373
1374
1375
1376
1377
1380
1381
1382
1383
1384
1385
1386
1389
1390
1391
1392
1393
1394
1395
1398
1399
1400
1401
1402
1403
1404
1409
1410
1411
1412
1413
1414
1415
1420
1421
1422
1423
1424
1425
1426
1429
1430
1431
1432
1433
1434
1435
1438
1439
1440
1441
1442
1443
1444
1450
1451
1452
1453
1454
1455
1456
1461
1462
1463
1464
1465
1466
1467
1470
1471
1472
1473
1474
1475
1476
1479
1480
1481
1482
1483
1484
1485
1697
1698
1699
1700
1701
1702
1703
1706
1707
1708
1709
1710
1711
1712
1715
1716
1717
1718
1719
1720
1721
1820
1821
1822
1823
1824
1825
1826
1829
1830
1831
1832
1833
1834
1835
1838
1839
1840
1841
1842
1843
1844
1884
1885
1886
1887
1888
1889
1890
1727
1728
1729
1730
1731
1732
1733
1877
1878
1879
1880
1881
1882
1883
1906
1907
1908
1909
1910
1911
1912
1754
1755
1756
1757
1758
1759
1760
1924
1925
1926
1927
1928
1929
1930
818
819
820
821
822
823
824
836
837
838
839
840
841
842
1558
1559
1560
1561
1562
1563
1564
1585
1586
1587
1588
1589
1590
1591
1622
1623
1624
1625
1626
1627
1628
1649
1650
1651
1652
1653
1654
1655
1763
1764
1765
1766
1767
1768
1769
1850
1851
1852
1853
1854
1855
1856
1951
1952
1953
1954
1955
1956
1957
2001
2002
2003
2004
2005
2006
2007
4
13
22
31
40
49
58
77
86
95
104
113
122
131
809
810
811
812
813
814
815
863
864
865
866
867
868
869
1576
1577
1578
1579
1580
1581
1582
1601
1602
1603
1604
1605
1606
1607
1613
1614
1615
1616
1617
1618
1619
1745
1746
1747
1748
1749
1750
1751
1859
1860
1861
1862
1863
1864
1865
1933
1934
1935
1936
1937
1938
1939
2062
2063
2064
2065
2066
2067
2068
1658
1659
1660
1661
1662
1663
1664
870
871
872
873
874
875
876
845
846
847
848
849
850
851
1549
1550
1551
1552
1553
1554
1555
1594
1595
1596
1597
1598
1599
1600
2046
2047
2048
2049
2050
2051
2052
1631
1632
1633
1634
1635
1636
1637
1667
1668
1669
1670
1671
1672
1673
2019
2020
2021
2022
2023
2024
2025
14
15
16
17
18
19
20
23
24
25
26
27
28
29
96
97
98
99
100
101
102
78
79
80
81
82
83
84
2010
2011
2012
2013
2014
2015
2016
2037
2038
2039
2040
2041
2042
2043
2069
2174
2073
2082
2091
2100
2109
2118
2128
2178
2187
2196
2205
2214
2223
2264
2279
2283
2292
2301
2310
2319
2328
2337
2092
2093
2094
2095
2096
2097
2098
2110
2111
2112
2113
2114
2115
2116
2119
2120
2121
2122
2123
2124
2125
2136
2138
2147
2155
2157
2165
2166
2197
2198
2199
2200
2201
2202
2203
2206
2207
2208
2209
2210
2211
2212
2225
2234
2243
2251
2253
2261
2262
2265
2266
2267
2268
2269
2270
2271
2284
2285
2286
2287
2288
2289
2290
2329
2330
2331
2332
2333
2334
2335
2129
2130
2131
2132
2133
2134
2135
2139
2140
2141
2142
2143
2144
2145
2148
2149
2150
2151
2152
2153
2154
2158
2159
2160
2161
2162
2163
2164
2226
2227
2228
2229
2230
2231
2232
2235
2236
2237
2238
2239
2240
2241
2244
2245
2246
2247
2248
2249
2250
2254
2255
2256
2257
2258
2259
2260
2167
2168
2169
2170
2171
2172
2173
2083
2084
2085
2086
2087
2088
2089
2179
2180
2181
2182
2183
2184
2185
2215
2216
2217
2218
2219
2220
2221
2101
2102
2103
2104
2105
2106
2107
2188
2189
2190
2191
2192
2193
2194
2345
2346
2347
2348
2349
2350
2351
2311
2312
2313
2314
2315
2316
2317
2272
2273
2274
2275
2276
2277
2278
2074
2075
2076
2077
2078
2079
2080
2302
2303
2304
2305
2306
2307
2308
2338
2339
2340
2341
2342
2343
2344
2293
2294
2295
2296
2297
2298
2299
2320
2321
2322
2323
2324
2325
2326
66
67
68
69
70
71
72
139
140
141
142
143
144
145
2055
2056
2057
2058
2059
2060
2061
5
6
7
8
9
10
11
87
88
89
90
91
92
93
2028
2029
2030
2031
2032
2033
2034
41
42
43
44
45
46
47
59
60
61
62
63
64
65
105
106
107
108
109
110
111
123
124
125
126
127
128
129
50
51
52
53
54
55
56
114
115
116
117
118
119
120
132
133
134
135
136
137
138
32
33
34
35
36
37
38
2352
2417
2482
2547
2612
2637
2662
2735
2808
2881
2954
3019
3092
3165
3238
2666
2675
2684
2693
2702
2711
2720
2739
2748
2757
2766
2775
2784
2793
2812
2821
2830
2839
2848
2857
2866
2885
2894
2903
2912
2921
2930
2939
3279
3352
3425
3429
3438
3447
3456
3465
3474
3483
3498
3571
3644
3717
3502
3511
3520
3529
3538
3547
3556
3648
3657
3666
3675
3684
3693
3702
3548
3549
3550
3551
3552
3553
3554
3676
3677
3678
3679
3680
3681
3682
3457
3458
3459
3460
3461
3462
3463
2703
2704
2705
2706
2707
2708
2709
2758
2759
2760
2761
2762
2763
2764
2840
2841
2842
2843
2844
2845
2846
2886
2887
2888
2889
2890
2891
2892
3466
3467
3468
3469
3470
3471
3472
3721
3730
3739
3748
3757
3766
3775
3530
3531
3532
3533
3534
3535
3536
3694
3695
3696
3697
3698
3699
3700
2728
2729
2730
2731
2732
2733
2734
3096
3105
3114
3123
3132
3141
3150
3169
3178
3187
3196
3205
3214
3223
2740
2741
2742
2743
2744
2745
2746
2822
2823
2824
2825
2826
2827
2828
3283
3292
3301
3310
3319
3328
3337
3356
3365
3374
3383
3392
3401
3410
3521
3522
3523
3524
3525
3526
3527
3649
3650
3651
3652
3653
3654
3655
2947
2948
2949
2950
2951
2952
2953
2958
2967
2976
2984
2986
2995
3004
3023
3032
3041
3050
3059
3068
3077
2694
2695
2696
2697
2698
2699
2700
2749
2750
2751
2752
2753
2754
2755
2849
2850
2851
2852
2853
2854
2855
3491
3492
3493
3494
3495
3496
3497
3575
3584
3593
3602
3611
3620
3629
3557
3558
3559
3560
3561
3562
3563
3685
3686
3687
3688
3689
3690
3691
2895
2896
2897
2898
2899
2900
2901
2421
2430
2439
2448
2456
2458
2467
2858
2859
2860
2861
2862
2863
2864
3475
3476
3477
3478
3479
3480
3481
2356
2365
2374
2382
2384
2393
2402
2486
2495
2504
2512
2514
2523
2532
2551
2560
2569
2578
2587
2595
2597
2721
2722
2723
2724
2725
2726
2727
2794
2795
2796
2797
2798
2799
2800
2922
2923
2924
2925
2926
2927
2928
2801
2802
2803
2804
2805
2806
2807
2874
2875
2876
2877
2878
2879
2880
2676
2677
2678
2679
2680
2681
2682
2904
2905
2906
2907
2908
2909
2910
3512
3513
3514
3515
3516
3517
3518
3539
3540
3541
3542
3543
3544
3545
3667
3668
3669
3670
3671
3672
3673
3703
3704
3705
3706
3707
3708
3709
3776
3777
3778
3779
3780
3781
3782
3439
3440
3441
3442
3443
3444
3445
3484
3485
3486
3487
3488
3489
3490
3151
3152
3153
3154
3155
3156
3157
3215
3216
3217
3218
3219
3220
3221
3338
3339
3340
3341
3342
3343
3344
3402
3403
3404
3405
3406
3407
3408
2667
2668
2669
2670
2671
2672
2673
2712
2713
2714
2715
2716
2717
2718
2776
2777
2778
2779
2780
2781
2782
2785
2786
2787
2788
2789
2790
2791
2831
2832
2833
2834
2835
2836
2837
2867
2868
2869
2870
2871
2872
2873
2913
2914
2915
2916
2917
2918
2919
2940
2941
2942
2943
2944
2945
2946
3430
3431
3432
3433
3434
3435
3436
3710
3711
3712
3713
3714
3715
3716
3503
3504
3505
3506
3507
3508
3509
3005
3006
3007
3008
3009
3010
3011
3078
3079
3080
3081
3082
3083
3084
3603
3604
3605
3606
3607
3608
3609
3564
3565
3566
3567
3568
3569
3570
3658
3659
3660
3661
3662
3663
3664
3767
3768
3769
3770
3771
3772
3773
3329
3330
3331
3332
3333
3334
3335
3411
3412
3413
3414
3415
3416
3417
3241
3242
3243
3245
3253
3255
3264
2685
2686
2687
2688
2689
2690
2691
2767
2768
2769
2770
2771
2772
2773
2813
2814
2815
2816
2817
2818
2819
2931
2932
2933
2934
2935
2936
2937
3448
3449
3450
3451
3452
3453
3454
3749
3750
3751
3752
3753
3754
3755
3142
3143
3144
3145
3146
3147
3148
3224
3225
3226
3227
3228
3229
3230
2996
2997
2998
2999
3000
3001
3002
3069
3070
3071
3072
3073
3074
3075
2431
2432
2433
2434
2435
2436
2437
2487
2488
2489
2490
2491
2492
2493
2570
2571
2572
2573
2574
2575
2576
2410
2411
2412
2413
2414
2415
2416
3758
3759
3760
3761
3762
3763
3764
3621
3622
3623
3624
3625
3626
3627
2614
2616
2625
2633
2634
2635
2636
2639
2641
2650
2658
2659
2660
2661
3637
3638
3639
3640
3641
3642
3643
3115
3116
3117
3118
3119
3120
3121
3133
3134
3135
3136
3137
3138
3139
3179
3180
3181
3182
3183
3184
3185
3206
3207
3208
3209
3210
3211
3212
3293
3294
3295
3296
3297
3298
3299
3393
3394
3395
3396
3397
3398
3399
3284
3285
3286
3287
3288
3289
3290
3375
3376
3377
3378
3379
3380
3381
2959
2960
2961
2962
2963
2964
2965
2977
2978
2979
2980
2981
2982
2983
3060
3061
3062
3063
3064
3065
3066
2475
2476
2477
2478
2479
2480
2481
2540
2541
2542
2543
2544
2545
2546
3033
3034
3035
3036
3037
3038
3039
3612
3613
3614
3615
3616
3617
3618
2440
2441
2442
2443
2444
2445
2446
2505
2506
2507
2508
2509
2510
2511
2552
2553
2554
2555
2556
2557
2558
2561
2562
2563
2564
2565
2566
2567
3320
3321
3322
3323
3324
3325
3326
3384
3385
3386
3387
3388
3389
3390
2357
2358
2359
2360
2361
2362
2363
2375
2376
2377
2378
2379
2380
2381
3265
3266
3267
3268
3269
3270
3271
3012
3013
3014
3015
3016
3017
3018
3418
3419
3420
3421
3422
3423
3424
3783
3784
3785
3786
3787
3788
3789
3731
3732
3733
3734
3735
3736
3737
3106
3107
3108
3109
3110
3111
3112
3124
3125
3126
3127
3128
3129
3130
3188
3189
3190
3191
3192
3193
3194
3197
3198
3199
3200
3201
3202
3203
3311
3312
3313
3314
3315
3316
3317
2987
2988
2989
2990
2991
2992
2993
3051
3052
3053
3054
3055
3056
3057
3576
3577
3578
3579
3580
3581
3582
2605
2606
2607
2608
2609
2610
2611
3085
3086
3087
3088
3089
3090
3091
3740
3741
3742
3743
3744
3745
3746
3630
3631
3632
3633
3634
3635
3636
2422
2423
2424
2425
2426
2427
2428
2496
2497
2498
2499
2500
2501
2502
3790
3863
3936
3794
3803
3812
3821
3830
3839
3848
3867
3876
3885
3894
3903
3912
3921
3840
3841
3842
3843
3844
3845
3846
3922
3923
3924
3925
3926
3927
3928
3940
3949
3958
3967
3976
3985
3994
3849
3850
3851
3852
3853
3854
3855
3913
3914
3915
3916
3917
3918
3919
3856
3857
3858
3859
3860
3861
3862
3831
3832
3833
3834
3835
3836
3837
3877
3878
3879
3880
3881
3882
3883
3895
3896
3897
3898
3899
3900
3901
3929
3930
3931
3932
3933
3934
3935
3804
3805
3806
3807
3808
3809
3810
3822
3823
3824
3825
3826
3827
3828
3904
3905
3906
3907
3908
3909
3910
3959
3960
3961
3962
3963
3964
3965
3795
3796
3797
3798
3799
3800
3801
3886
3887
3888
3889
3890
3891
3892
4009
4114
4219
4292
4365
4438
4013
4022
4031
4040
4049
4059
4099
4118
4127
4136
4146
4186
4195
4204
4223
4232
4241
4250
4259
4268
4277
4296
4305
4314
4323
4332
4341
4350
4369
4378
4387
4396
4405
4414
4423
4023
4024
4025
4026
4027
4028
4029
4041
4042
4043
4044
4045
4046
4047
4068
4077
4085
4086
4088
4096
4097
4100
4101
4102
4103
4104
4105
4106
4119
4120
4121
4122
4123
4124
4125
4155
4163
4165
4173
4175
4183
4184
4187
4188
4189
4190
4191
4192
4193
4196
4197
4198
4199
4200
4201
4202
4060
4061
4062
4063
4064
4065
4066
4147
4148
4149
4150
4151
4152
4153
4069
4070
4071
4072
4073
4074
4075
4078
4079
4080
4081
4082
4083
4084
4089
4090
4091
4092
4093
4094
4095
4156
4157
4158
4159
4160
4161
4162
4166
4167
4168
4169
4170
4171
4172
4176
4177
4178
4179
4180
4181
4182
4511
4584
4515
4524
4533
4542
4551
4560
4569
4577
4578
4579
4580
4581
4582
4583
4516
4517
4518
4519
4520
4521
4522
4657
4730
4212
4213
4214
4215
4216
4217
4218
4014
4015
4016
4017
4018
4019
4020
4032
4033
4034
4035
4036
4037
4038
4205
4206
4207
4208
4209
4210
4211
4315
4316
4317
4318
4319
4320
4321
4379
4380
4381
4382
4383
4384
4385
4050
4051
4052
4053
4054
4055
4056
4128
4129
4130
4131
4132
4133
4134
4269
4270
4271
4272
4273
4274
4275
4588
4597
4606
4615
4624
4633
4642
4525
4526
4527
4528
4529
4530
4531
4534
4535
4536
4537
4538
4539
4540
4543
4544
4545
4546
4547
4548
4549
4570
4571
4572
4573
4574
4575
4576
4661
4670
4679
4688
4697
4706
4715
4734
4743
4752
4761
4770
4779
4788
4107
4108
4109
4110
4111
4112
4113
4442
4451
4460
4469
4478
4487
4496
4137
4138
4139
4140
4141
4142
4143
4233
4234
4235
4236
4237
4238
4239
4306
4307
4308
4309
4310
4311
4312
4388
4389
4390
4391
4392
4393
4394
4358
4359
4360
4361
4362
4363
4364
4324
4325
4326
4327
4328
4329
4330
4370
4371
4372
4373
4374
4375
4376
4251
4252
4253
4254
4255
4256
4257
4406
4407
4408
4409
4410
4411
4412
4552
4553
4554
4555
4556
4557
4558
4561
4562
4563
4564
4565
4566
4567
4589
4590
4591
4592
4593
4594
4595
4625
4626
4627
4628
4629
4630
4631
4278
4279
4280
4281
4282
4283
4284
4735
4736
4737
4738
4739
4740
4741
4662
4663
4664
4665
4666
4667
4668
4689
4690
4691
4692
4693
4694
4695
4762
4763
4764
4765
4766
4767
4768
4297
4298
4299
4300
4301
4302
4303
4333
4334
4335
4336
4337
4338
4339
4397
4398
4399
4400
4401
4402
4403
4461
4462
4463
4464
4465
4466
4467
4431
4432
4433
4434
4435
4436
4437
4224
4225
4226
4227
4228
4229
4230
4242
4243
4244
4245
4246
4247
4248
4803
4807
4816
4825
4834
4843
4852
4861
4817
4818
4819
4820
4821
4822
4823
4826
4827
4828
4829
4830
4831
4832
4869
4870
4871
4872
4873
4874
4875
4808
4809
4810
4811
4812
4813
4814
4844
4845
4846
4847
4848
4849
4850
4853
4854
4855
4856
4857
4858
4859
4835
4836
4837
4838
4839
4840
4841
4862
4863
4864
4865
4866
4867
4868
4351
4352
4353
4354
4355
4356
4357
4415
4416
4417
4418
4419
4420
4421
4650
4651
4652
4653
4654
4655
4656
4598
4599
4600
4601
4602
4603
4604
4616
4617
4618
4619
4620
4621
4622
4643
4644
4645
4646
4647
4648
4649
4260
4261
4262
4263
4264
4265
4266
4723
4724
4725
4726
4727
4728
4729
4796
4797
4798
4799
4800
4801
4802
4698
4699
4700
4701
4702
4703
4704
4771
4772
4773
4774
4775
4776
4777
3813
3814
3815
3816
3817
3818
3819
3868
3869
3870
3871
3872
3873
3874
3995
3996
3997
3998
3999
4000
4001
4680
4681
4682
4683
4684
4685
4686
4716
4717
4718
4719
4720
4721
4722
3941
3942
3943
3944
3945
3946
3947
3950
3951
3952
3953
3954
3955
3956
4285
4286
4287
4288
4289
4290
4291
4504
4505
4506
4507
4508
4509
4510
4342
4343
4344
4345
4346
4347
4348
4424
4425
4426
4427
4428
4429
4430
4753
4754
4755
4756
4757
4758
4759
4780
4781
4782
4783
4784
4785
4786
4470
4471
4472
4473
4474
4475
4476
4497
4498
4499
4500
4501
4502
4503
4607
4608
4609
4610
4611
4612
4613
4634
4635
4636
4637
4638
4639
4640
4707
4708
4709
4710
4711
4712
4713
4744
4745
4746
4747
4748
4749
4750
4789
4790
4791
4792
4793
4794
4795
4671
4672
4673
4674
4675
4676
4677
3977
3978
3979
3980
3981
3982
3983
3986
3987
3988
3989
3990
3991
3992
4443
4444
4445
4446
4447
4448
4449
4479
4480
4481
4482
4483
4484
4485
4488
4489
4490
4491
4492
4493
4494
4002
4003
4004
4005
4006
4007
4008
2366
2367
2368
2369
2370
2371
2372
2403
2404
2405
2406
2407
2408
2409
2588
2589
2590
2591
2592
2593
2594
3158
3159
3160
3161
3162
3163
3164
3345
3346
3347
3348
3349
3350
3351
3170
3171
3172
3173
3174
3175
3176
3366
3367
3368
3369
3370
3371
3372
3585
3586
3587
3588
3589
3590
3591
2459
2460
2461
2462
2463
2464
2465
2533
2534
2535
2536
2537
2538
2539
2651
2652
2653
2654
2655
2656
2657
2968
2969
2970
2971
2972
2973
2974
3042
3043
3044
3045
3046
3047
3048
2626
2627
2628
2629
2630
2631
2632
3231
3232
3233
3234
3235
3236
3237
3272
3273
3274
3275
3276
3277
3278
3722
3723
3724
3725
3726
3727
3728
2468
2469
2470
2471
2472
2473
2474
2515
2516
2517
2518
2519
2520
2521
2524
2525
2526
2527
2528
2529
2530
2579
2580
2581
2582
2583
2584
2585
2598
2599
2600
2601
2602
2603
2604
3246
3247
3248
3249
3250
3251
3252
3256
3257
3258
3259
3260
3261
3262
3968
3969
3970
3971
3972
3973
3974
3097
3098
3099
3100
3101
3102
3103
3302
3303
3304
3305
3306
3307
3308
3357
3358
3359
3360
3361
3362
3363
3024
3025
3026
3027
3028
3029
3030
3594
3595
3596
3597
3598
3599
3600
2449
2450
2451
2452
2453
2454
2455
2385
2386
2387
2388
2389
2390
2391
2394
2395
2396
2397
2398
2399
2400
2617
2618
2619
2620
2621
2622
2623
2642
2643
2644
2645
2646
2647
2648
4452
4453
4454
4455
4456
4457
4458
)


// ************************************************************************* //
