/*--------------------------------*- C++ -*----------------------------------*\
  =========                 |
  \\      /  F ield         | OpenFOAM: The Open Source CFD Toolbox
   \\    /   O peration     | Website:  https://openfoam.org
    \\  /    A nd           | Version:  9
     \\/     M anipulation  |
\*---------------------------------------------------------------------------*/
FoamFile
{
    format      ascii;
    class       volScalarField;
    location    "0.0004";
    object      impulse;
}
// * * * * * * * * * * * * * * * * * * * * * * * * * * * * * * * * * * * * * //

dimensions      [1 -1 -1 0 0 0 0];

internalField   nonuniform List<scalar> 
5235
(
34.8046
8.8242e-08
1.4518e-06
0.00108964
7.60915e-08
0.000920818
0.00352216
0.62636
0.000245796
0.00159556
0.00419171
2.43503e-06
122.26
1.75797e-09
1.62087e-09
2.02048e-08
3.18831e-08
7.63248e-08
4.34445e-10
4.23664e-09
1.13652e-05
6.4281e-09
3.79799e-06
0.999362
9.28041
1.96692e-05
1.38024e-07
4.80294
1.14515e-05
0.755314
170.559
0.389308
79.1492
299.994
0.340874
30.2815
18.5548
1.67963e-06
2.74177e-06
0.000525197
0.000988284
0.423069
43.0782
1.98906
2.94626e-06
4.09326e-07
0.0011214
5.08451e-05
347.163
322.391
306.298
248.354
253.671
228.762
161.008
0.0016505
1.05401e-06
9.82054e-07
0.00472095
0.00365861
1.7468e-06
1.82194e-06
9.16505e-05
0.00124691
0.00133264
1.82964e-06
8.03785e-07
1.77039e-06
7.75601e-07
3.82533e-07
1.61573e-05
7.48249e-08
0.00382337
2.23349e-07
0.000164146
9.74103e-07
0.000839564
2.30774e-07
8.68276e-08
2.10629e-05
0.000164379
9.25772e-07
3.73318e-07
0.102473
1.77158e-06
0.0115215
8.63956e-08
6.16065e-07
0.000409843
7.29301e-07
0.00511265
1.64405e-06
1.79485e-07
2.93692e-06
0.0161868
75.3823
0.0103952
1.18534e-06
0.00467901
0.91789
1.2018e-06
3.00854e-05
4.76955e-08
5.80515e-07
226.068
60.1399
155.795
46.2183
133.403
70.5159
12.3839
261.495
81.8638
168.885
82.3231
171.609
83.1317
22.3492
198.706
36.1316
135.432
26.9726
117.414
60.6207
6.25084
39.7521
40.0886
18.6372
2.79564
2.54459
0.571332
0.61875
20.4558
38.5803
18.0423
3.23641
2.52541
0.569424
0.720242
1.75317e-05
5.94909e-07
8.92164e-08
1.78858e-08
0.00262788
4.60001e-06
0.000124495
4.1016e-08
1.72109e-07
8.6873e-05
0.000425593
1.76784e-07
1.01424e-05
4.03585e-08
0.985007
6.24322e-07
0.0244115
2.10172e-08
2.17763e-07
3.93224e-06
1.0011e-07
2.37348e-08
2.97647e-09
1.42243e-07
4.3973e-06
7.30155e-08
1.77054e-06
1.46206e-08
4.6906e-08
1.21111e-06
1.93447e-06
0.0470626
0.0165027
2.1888e-07
5.36946e-07
1.3171e-06
0.0213312
0.00111004
1.5397e-08
6.64268e-07
5.66827e-07
1.78552e-07
25.6914
10.6291
2.7695
0.19483
1.06679
0.239318
0.0419653
20.5849
55.9025
41.9193
3.49452
2.43185
0.589405
0.981943
3.26071e-05
4.20086e-08
1.27604e-07
1.61509e-05
5.59962e-05
5.00168e-08
1.46315e-07
5.2857e-05
8.83205e-08
6.03633e-08
6.31318e-05
3.1521e-06
1.59648e-07
4.16542e-08
4.44182
7.48809
2.04426
0.326936
0.136783
0.0744119
0.00474312
0.0803081
2.91078
42.5608
11.5384
0.00567064
0.388476
0.245149
14.3879
18.7509
77.0398
19.8166
0.0235926
0.861696
1.35059
15.698
7.51767
66.1117
16.2713
0.0139622
1.05503
0.413776
0.362782
4.23355
4.35647
0.0725074
0.00616782
0.005339
0.0805161
4.96007
4.24865
0.345498
0.0746083
0.00706684
0.00556457
0.0931434
18.8543
18.3954
13.5969
1.29832
0.769428
0.713448
0.0221215
9.93342
1.6508
0.168494
0.0892275
0.0193879
0.0110502
0.00108421
0.181631
0.0238209
0.00861479
0.00602937
0.00241311
0.000350045
8.67739e-05
6.47775e-09
1.06599e-07
2.24666e-07
5.64403e-06
1.52624e-05
2.57364e-08
5.27947e-08
2.38857e-07
3.43702e-09
5.34181e-08
1.71106e-05
1.12574e-06
5.65791e-08
1.68949e-08
0.430178
9.19922
5.09481
0.0755881
0.00994869
0.00530399
0.136753
0.0529285
0.000772602
0.0442531
0.00940969
0.000204054
0.000162697
0.010986
0.346437
0.0239814
0.146601
0.0300418
0.000350388
0.00221812
0.00496655
0.0611918
0.000806232
0.0451666
0.00961163
0.00022965
0.000169747
0.0125431
0.210299
0.0370749
0.014724
0.00771195
0.00309138
0.000597536
0.000122184
0.0028986
0.00202491
0.001592
7.66821e-05
6.30827e-05
3.44615e-05
4.34441e-05
0.00289666
3.45165e-05
6.30135e-05
0.00203512
0.00352809
7.67764e-05
4.36337e-05
0.00413923
0.00366857
0.00384172
9.96082e-05
9.87066e-05
9.20621e-05
8.74617e-05
0.044496
0.00052727
0.0358073
0.00794569
0.000124629
0.000115169
0.0106649
0.00211896
0.00323704
0.00383134
8.2856e-05
3.5379e-05
6.96387e-05
4.51422e-05
0.00438511
0.00471917
0.00472369
0.000111861
0.000111843
0.000103499
0.000111903
8.71739e-05
9.18092e-05
0.00383243
0.00413053
0.00418435
9.93539e-05
9.84481e-05
8.25896e-05
0.00344849
0.00383946
0.00413727
0.00383945
9.80856e-05
9.16815e-05
2.73407e-05
5.40232e-05
0.00247928
0.0015583
0.00293813
6.40513e-05
3.37631e-05
0.00264964
0.00160269
0.00299639
6.53064e-05
2.89236e-05
5.74768e-05
3.46568e-05
0.00323049
0.00211399
0.001645
8.26845e-05
6.94829e-05
3.52426e-05
4.50279e-05
6.19463e-09
1.66556e-07
0.000276152
2.70974e-09
4.19199e-09
5.35291e-09
5.17864e-08
2.95923e-09
1.89601e-09
4.77865e-09
1.30624e-07
0.000139124
4.03911e-08
3.5837e-09
0.00206644
0.00035689
0.000918417
1.86856e-05
4.16399e-05
1.86481e-05
8.06117e-06
0.00308597
0.000298547
0.0175602
0.00384809
1.0943e-05
6.41533e-05
0.000637904
0.00186681
0.000372886
0.000924483
1.74684e-05
3.8301e-05
1.90291e-05
8.46338e-06
0.402138
0.000392178
0.0130381
0.000180174
0.00568409
0.000202872
6.98349e-06
0.909619
0.000535507
0.0281115
0.000316893
0.0158009
0.000521919
1.17633e-05
0.766302
0.000361499
0.0235187
0.000230438
0.0143117
0.000456695
8.66381e-06
0.0376666
8.16841e-05
0.0030763
1.56052e-05
0.000482961
4.07436e-05
1.67372e-06
7.36892e-05
4.30147e-09
8.01652e-08
5.99182e-09
3.15901e-09
4.35845e-09
2.94109e-08
0.846523
0.000259692
0.000488461
0.000377632
0.01608
0.0244989
0.011426
0.00166018
0.000114879
0.00664511
3.23714e-05
0.00168334
0.000111855
2.96739e-06
0.0285009
2.81549e-05
0.00191047
1.74665e-05
0.00108841
7.17241e-05
1.48725e-06
0.362509
0.000180723
0.0115642
0.000168076
0.0107539
0.000364725
7.68447e-06
0.111992
0.000187799
0.00494531
6.09288e-05
0.00134748
6.40922e-05
3.56518e-06
0.0294013
6.89969e-05
0.000855146
3.5106e-05
0.000384032
1.24396e-05
1.46994e-06
0.0185554
0.000732513
0.000616577
0.000328995
0.000271487
1.21591e-05
1.50909e-05
0.0170247
0.00082917
0.00064532
0.000372025
0.000286972
1.28439e-05
1.66085e-05
0.00115658
0.000107537
2.30266e-06
2.45489e-05
8.6821e-05
1.94704e-05
0.00138238
0.00121557
0.000121403
2.40004e-06
2.74504e-05
9.22694e-05
2.06366e-05
0.00157665
0.000116286
0.000721026
0.000531378
1.21388e-05
5.79444e-06
4.84466e-06
1.56541e-05
0.000710622
0.000123963
0.000545397
1.25797e-05
5.92472e-06
5.12096e-06
1.56377e-05
0.000400665
9.30226e-06
0.00051827
0.000115695
1.14689e-05
4.28411e-06
3.76706e-06
0.000531501
9.13677e-05
0.000117876
9.75608e-06
1.17447e-05
4.37885e-06
3.84852e-06
0.00167019
6.18248e-05
0.000895076
2.52689e-05
0.000353399
1.48268e-05
2.12954e-06
0.0195584
0.00144281
0.000646091
0.000475351
0.000251332
9.38334e-06
1.61917e-05
0.00689457
3.94459e-05
0.000249954
1.72358e-05
0.000108856
4.62549e-06
1.16819e-06
9.87438e-05
4.86902e-05
1.77779e-05
5.29915e-06
2.77866e-06
2.04139e-06
1.47122e-06
0.000930946
4.55108e-06
0.00019441
8.3367e-07
1.66214e-05
3.79276e-06
5.13426e-07
2.47273e-08
3.4961e-09
1.78554e-09
1.47096e-09
1.84057e-09
3.63439e-09
1.70064e-09
0.000978932
0.00010676
1.40144e-06
1.59296e-05
7.00241e-05
1.33744e-05
0.00143377
0.000466633
5.50713e-06
8.73129e-07
1.47303e-06
3.41778e-05
7.42944e-06
7.41061e-05
9.17637e-05
5.26834e-05
0.000267083
5.5727e-06
1.40633e-06
2.08927e-06
2.61496e-06
0.000107961
6.24437e-05
0.000293673
6.31009e-06
1.73154e-06
2.49796e-06
3.13845e-06
0.00219647
4.46555e-06
0.00024687
3.04029e-06
0.000145301
1.47403e-05
1.34696e-06
36.0876
1.52363
34.8955
114.781
0.0141184
1.25758e-06
0.00028851
3.2322e-05
76.5385
95.1036
23.536
57.1503
15.1169
9.17964
4.68102
67.0245
11.8496
33.3329
1.51708
6.67126
1.3823
0.214888
8.58975
3.5505
22.1366
0.152041
1.70251
0.631229
0.0486595
0.814237
0.00607865
0.372213
0.0029915
0.183206
0.0745318
0.00112142
8.74485
0.0782036
0.732519
0.142654
0.000958994
0.0179678
0.00894689
0.0201248
0.00169149
0.113552
0.0183733
3.80707e-05
0.00279425
0.000263556
0.00219293
0.000383247
0.0249225
0.00868256
9.64681e-06
0.000659021
0.000126914
0.00187391
1.31952e-05
4.21178e-06
2.63477e-06
0.000230094
0.000119213
2.58365e-05
0.000687631
4.6972e-06
0.000158964
1.43552e-06
1.16194e-05
3.4878e-06
1.12947e-06
3.3137e-05
2.07151e-06
7.8598e-07
4.23524e-07
5.33885e-06
1.55318e-06
3.46431e-07
0.000231502
1.13623e-06
4.67449e-05
5.976e-07
9.88996e-06
2.3406e-06
4.49002e-07
3.7768e-05
9.98842e-05
6.84431e-05
2.88756e-06
2.567e-06
3.488e-06
2.24216e-06
4.7013e-05
8.76286e-05
6.07538e-05
4.14401e-06
3.86946e-06
4.62943e-06
3.59806e-06
9.20214e-05
4.09316e-05
6.46849e-05
4.67429e-06
4.56632e-06
4.22317e-06
5.20722e-06
0.000104052
4.42857e-05
7.16048e-05
5.0992e-06
5.03132e-06
5.70989e-06
4.63234e-06
1.00381e-05
6.265e-06
4.99098e-06
6.32233e-07
6.66527e-07
5.76382e-07
4.5413e-07
5.41063e-06
5.70042e-06
0.000246432
9.41092e-06
1.37755e-06
1.50658e-06
1.52709e-06
1.57633e-05
2.00206e-05
2.92181e-05
1.58764e-06
1.29339e-06
1.41976e-06
1.39482e-06
6.50357e-06
1.02864e-05
0.000278569
6.17478e-06
1.5968e-06
1.74118e-06
1.6811e-06
3.2184e-06
1.72116e-06
8.21771e-05
3.55828e-06
5.70183e-07
6.2087e-07
6.61567e-07
5.68948e-06
7.05643e-06
0.000261532
1.04974e-05
1.53421e-06
1.71031e-06
1.69935e-06
1.4275e-05
1.20822e-05
0.000556688
1.39542e-05
2.72163e-06
2.96141e-06
2.89093e-06
4.73584e-06
6.34776e-06
0.000152127
3.00895e-06
1.03915e-06
1.08681e-06
1.1127e-06
2.30602e-05
1.22417e-06
4.09478e-06
8.4147e-07
1.09134e-06
8.35193e-07
7.77908e-07
2.5467e-05
1.13517e-06
1.95173e-05
9.68122e-07
6.74074e-07
6.45662e-07
1.09094e-06
2.21505e-05
2.11842e-05
3.16861e-05
1.8746e-06
1.61896e-06
1.73822e-06
1.69548e-06
4.4377e-06
1.4141e-05
2.24806e-05
1.48005e-06
1.11097e-06
1.3317e-06
1.18063e-06
2.70184e-06
5.99766e-06
4.19129e-06
1.00823e-06
9.64215e-07
9.35938e-07
8.9173e-07
3.23159e-06
3.02886e-06
1.61288e-06
6.79013e-07
6.36001e-07
6.21057e-07
5.79235e-07
9.78871e-06
2.74089e-06
1.28771e-05
1.89491e-06
1.73445e-06
1.7538e-06
1.8508e-06
1.75956e-09
1.91092e-09
2.13632e-09
1.79999e-09
1.84985e-09
4.82937e-09
9.95556e-09
1.88242e-09
1.60991e-09
1.70784e-09
1.71733e-09
1.03438e-08
1.63892e-09
4.08804e-09
1.2073e-05
4.96477e-06
1.96383e-05
2.44342e-06
2.20794e-06
2.23256e-06
2.34176e-06
1.20248e-06
1.09382e-06
2.52296e-05
2.31085e-06
7.2244e-07
7.45619e-07
7.48808e-07
1.52587e-05
7.20548e-07
5.56742e-07
1.23626e-06
5.41781e-07
5.57265e-07
5.69601e-07
9.26519e-07
1.90285e-06
1.84675e-05
8.21513e-07
5.70164e-07
5.85923e-07
5.83208e-07
6.03634e-07
2.65594e-07
2.18529e-07
3.46736e-07
2.07177e-07
2.19328e-07
2.10886e-07
2.45308e-06
2.73633e-06
1.30109e-05
1.8877e-06
1.72761e-06
1.84712e-06
1.74631e-06
9.85131e-07
1.94104e-06
2.03247e-05
8.98315e-07
6.01929e-07
6.27097e-07
6.0733e-07
5.18533e-07
2.73051e-07
4.68536e-06
3.96034e-07
2.11645e-07
2.29867e-07
2.17409e-07
9.44031e-07
3.29243e-05
1.60823e-05
8.1975e-07
6.19199e-07
6.29561e-07
9.55089e-07
1.82122e-06
2.11992e-05
1.75187e-05
1.68081e-06
1.42415e-06
1.4265e-06
1.74827e-06
4.91408e-06
2.08911e-07
3.12664e-06
2.74812e-07
1.70223e-07
1.74715e-07
3.2614e-07
5.11662e-06
5.19183e-07
4.13956e-06
6.08006e-07
4.68178e-07
4.63193e-07
6.55221e-07
5.70888e-06
5.48074e-07
4.42233e-06
6.43749e-07
4.91248e-07
4.87969e-07
6.96841e-07
1.20779e-05
4.61067e-06
4.00986e-06
2.20863e-06
2.16198e-06
2.01589e-06
2.03366e-06
1.2756e-05
5.09185e-06
4.27243e-06
2.39647e-06
2.32672e-06
2.16932e-06
2.20427e-06
2.39033e-06
1.74616e-06
2.38654e-06
1.75291e-06
2.33824e-06
2.39308e-06
1.75037e-06
7.01106e-07
6.21739e-07
4.63621e-06
9.14607e-07
5.75409e-07
5.82519e-07
5.80894e-07
3.71449e-06
1.06374e-06
8.97694e-07
8.41623e-07
8.70123e-07
8.41927e-07
8.29042e-07
7.58311e-07
1.39071e-06
5.51915e-06
7.11485e-07
6.46462e-07
6.49145e-07
6.56672e-07
3.38105e-07
1.89861e-07
1.25169e-06
2.15642e-07
1.75682e-07
1.78451e-07
1.82231e-07
5.9065e-06
2.32335e-06
2.29514e-06
1.38187e-06
1.38676e-06
1.34447e-06
1.34453e-06
3.36871e-06
7.77167e-07
1.24048e-06
6.98926e-07
7.30078e-07
7.08688e-07
6.88644e-07
9.85985e-07
9.85765e-07
1.03853e-06
1.11625e-06
9.87548e-07
1.09571e-06
9.87995e-07
9.96911e-07
9.31047e-07
9.30837e-07
9.33862e-07
1.02876e-06
1.05051e-06
9.343e-07
1.82044e-06
1.94226e-06
1.95012e-06
1.96372e-06
1.82258e-06
1.9638e-06
1.8211e-06
1.97255e-06
1.83101e-06
1.97255e-06
1.95894e-06
1.82886e-06
1.95105e-06
1.83019e-06
9.04862e-07
8.46746e-07
8.06016e-07
8.0392e-07
8.92801e-07
8.55673e-07
8.06263e-07
1.77284e-06
1.90186e-06
1.88592e-06
1.77393e-06
1.91254e-06
1.90051e-06
1.77204e-06
7.77641e-07
8.1595e-07
8.58199e-07
8.74841e-07
7.75769e-07
8.26305e-07
7.78124e-07
9.7368e-07
1.10211e-06
1.08164e-06
1.02334e-06
9.71996e-07
1.03993e-06
9.70888e-07
1.04184e-06
9.25226e-07
1.02019e-06
9.73196e-07
9.22415e-07
9.87992e-07
9.22104e-07
3.85849e-08
1.02233e-09
2.25422e-09
1.59602e-08
3.25053e-09
1.28477e-05
3.4275e-06
4.42833e-08
8.83613e-08
2.03496e-09
1.04827e-09
9.42648e-10
6.67569e-09
9.25661e-08
5.08591e-09
1.26638e-09
2.69619e-06
1.71075e-06
1.85264e-06
9.75483e-06
2.38876e-06
1.80832e-06
1.69169e-06
1.6105e-06
8.80455e-07
1.03542e-06
8.37416e-07
8.63427e-07
8.34266e-07
8.21826e-07
222.835
264.454
14.8312
288.024
138.951
267.301
34.7273
69.8473
280.574
299.305
292.382
267.945
275.251
268.482
263.601
314.885
311.811
308.444
308.888
281.809
266.35
239.136
262.35
287.485
295.264
238.504
182.286
178.846
238.272
98.7658
132.633
93.4611
227.129
226.614
196.276
199.083
256.758
299.52
281.119
226.915
117.88
160.775
188.59
175.717
110.649
74.0655
40.7594
214.856
179.032
135.631
51.937
48.467
13.2336
144.56
82.6281
78.5964
149.05
14.1376
1.71938
7.58412
124.286
32.1384
61.7267
82.8504
862.121
310.056
1110.92
288.696
324.377
1253.47
475.149
1257.09
1011.19
492.583
313.152
484.344
336.249
381.668
508.15
287.517
443.347
317.021
390.854
358.949
465.569
545.283
511.209
392.072
372.869
511.421
404.118
560.997
381.069
389.411
528.665
403.995
394.401
367.444
481.022
548.682
392.835
517.955
376.334
489.594
399.758
563.342
377.08
404.133
384.113
527.622
532.179
1189.87
480.516
483.637
1243.84
543.02
1180.72
547.685
493.64
1248.32
1191.96
495.109
555.702
1181.49
354.729
373.166
435.072
380.593
386.543
454.717
356.657
387.206
382.537
387.642
358.742
378.091
456.319
357.486
880.302
301.555
294.956
221.531
154.253
237.203
159.325
275.11
302.986
275.329
159.046
89.6391
164.73
92.3337
302.721
306.613
284.912
276.202
301.844
332.592
316.972
312.296
285.062
290.385
341.803
315.266
336.832
325.272
293.694
299.256
302.373
333.755
315.6
326.818
327.351
298.939
295.567
322.432
283.068
308.947
329.141
320.706
454.322
1006.73
441.398
1012.7
440.674
453.533
1107.73
446.659
1011.64
452.671
461.571
1113.25
467.066
1106.38
323.379
315.385
323.825
313.422
335.441
338.947
336.87
317.514
326.529
325.105
340.967
339.756
339.536
338.021
302.725
271.162
273.916
293.278
261.602
263.865
293.629
297.188
270.711
265.091
291.039
257.401
262.273
286.995
284.811
282.741
271.297
274.586
262.556
266.743
271.374
279.006
285.622
287.416
276.488
266.299
269.46
274.058
425.186
880.575
427.849
394.255
661.945
384.628
692.236
301.807
311.776
300.055
286.11
276.243
283.413
281.862
431.98
870.977
435.821
397.117
675.775
693.827
395.393
303.697
312.803
312.971
287.663
278.99
284.574
284.754
260.691
230.095
157.748
171.61
240.032
248.821
176.964
261.689
234.418
172.316
164.96
240.743
255.35
177.867
246.354
234.624
154.119
176.136
244.063
237.004
170.429
247.944
239.368
178.149
158.487
246.254
240.41
171.984
317.892
450.875
253.367
181.451
470.294
308.569
194.437
241.735
196.868
132.919
103.338
210.826
230.328
148.905
243.227
200.067
104.362
136.718
212.101
233.796
150.334
315.537
433.097
170.554
249.614
297.24
466.599
192.252
450.585
260.075
311.751
300.953
1039.31
353.321
1233.1
992.661
397.921
296.186
321.279
305.647
365.753
381.45
298.557
395.457
331.024
440.04
387.754
443.285
361.06
359.15
375.318
339.966
432.611
392.238
436.891
351.478
354.234
336.674
367.841
515.116
1257.31
531.252
498.638
1192.66
498.282
1167.36
421.53
380.553
387.707
366.11
365.273
374.96
366.391
354.61
319.098
327.291
370.268
351.147
354.359
327.275
327.806
334.674
341.893
349.071
361.904
341.2
327.066
358.839
13.4774
30.7181
284.783
97.7525
836.085
148.539
289.858
341.22
321.38
313.758
331.772
339.007
312.179
291.703
312.783
305.926
327.557
312.553
312.125
328.181
1124.15
504.175
504.319
1191.19
507.285
502.901
1118.12
488.606
946.887
1107.26
464.689
474.32
478.758
1074.54
361.844
353.208
360.059
375.373
373.254
359.607
365.464
339.324
334.306
324.377
346.083
348.46
344.418
353.741
303.131
305.002
317.296
315.768
328.107
328.321
314.287
339.609
302.062
353.1
313.036
346.984
341.316
312.293
277.04
312.811
322.236
263.92
296.411
288.854
260.141
753.835
917.653
492.852
496.093
868.641
474.382
1013.85
319.139
332.887
334.513
347.823
344.443
347.247
355.658
772.604
441.871
439.693
630.723
387.509
362.329
558.361
287.46
284.853
319.915
256.526
179.07
192.357
234.994
138.568
133.93
94.5017
222.49
240.683
208.33
194.79
548.237
677.707
416.505
311.158
332.152
229.771
458.291
109.387
201.172
152.719
406.071
285.31
242.641
337.321
13.3839
50.0352
48.8566
153.187
79.1208
82.6528
144.878
17.3333
86.0909
58.522
177.428
147.704
99.455
247.631
112.703
0.000128662
157.849
318.308
267.791
318.498
298.397
0.44253
35.9543
333.801
324.95
317.145
298.639
331.206
323.608
295.622
321.883
348.88
342.72
325.758
329.067
287.761
266.435
6.90316e-05
22.1991
46.4946
8.9953e-05
1.47273e-06
0.0254906
7.60792e-06
165.842
266.714
97.8794
270.702
217.681
209.022
89.9136
231.092
243.035
301.802
241.131
151.752
140.323
233.988
140.474
234.596
256.679
190.208
50.1127
73.5524
158.371
290.428
172.804
210.003
82.8069
117.217
214.607
180.072
135.351
4.74034
52.8817
3.51849
45.8111
125.298
30.8913
51.6671
3.75207
0.391302
16.1731
13.484
2.99914
0.294388
16.0328
1.68681
32.3998
104.734
9.98893
21.2292
74.3913
36.1338
3.57129
8.60729
0.6345
1.70707
0.152497
0.0489956
1.77004
0.0780793
0.0011736
0.0547456
0.000817932
1.29948
0.0184089
0.000747606
9.43299e-05
0.000992795
0.0613792
0.00595686
0.0469629
0.00442571
0.00608437
0.0239103
0.000353835
0.183039
0.628265
0.00864615
0.00243563
1.08469e-05
3.36408e-05
0.000385382
0.00872868
0.0249905
0.00220069
0.000664978
0.000150745
0.000143207
0.000306547
0.000664797
0.000965804
4.39654e-05
2.29716
7.41755e-09
21.1972
24.5584
210.003
2.4835e-06
1.76624
152.621
0.207123
290.462
214.564
267.659
179.835
172.578
117.164
82.6019
7.93327e-07
4.39286e-07
3.43534e-06
1093.37
815.115
437.98
119.085
300.123
309.795
305.224
76.3917
223.433
286.394
296.568
262.617
282.328
170.273
264.333
67.4061
255.136
281.955
344.207
250.284
65.7443
153.444
320.735
1213.73
368.094
1093.1
679.592
300.929
277.407
358.289
342.065
377.254
326.505
283.029
353.249
323.124
228.631
171.924
123.697
68.9152
1.2483
0.148035
0.000980901
0.000346224
0.000265427
2.75243e-05
285.608
12.6346
0.000203785
1.56258e-05
7.03994
8.84892e-05
134.604
73.3085
0.0134097
1.77667
6.02656e-06
0.00778902
0.546511
6.92632e-06
75.6503
268.288
65.2899
0.0157888
1.03926
1.52789e-05
0.0437044
15.2573
6.4322e-06
117.552
62.874
67.7347
11.3228
33.1246
0.451655
0.00310921
0.465911
1.15997e-06
0.00641919
1.15637e-06
0.000319225
9.21983e-08
0.0697878
0.0214147
7.48116e-07
1.93957e-05
1.77612e-07
3.44577e-06
2.54909e-08
6.51664e-08
6.6681e-08
1.89995e-09
2.81647e-08
1.10111e-09
1.28841e-09
3.76177e-11
557.993
1106.49
560.167
312.992
320.253
330.919
322.475
0.00662245
51.4036
446.244
690.716
329.276
316.615
278.83
290.476
269.679
303.428
262.431
290.393
323.194
344.558
281.723
299.867
311.305
165.452
106.771
19.8489
1074.29
311.345
288.838
1105.51
692.564
325.135
292.926
3985.15
460.938
401.547
392.066
337.794
356.121
355.57
263.755
353.751
308.44
327.798
269.395
339.842
312.687
219.913
307.863
231.065
317.086
328.912
213.012
208.807
530.95
888.911
534.212
438.741
721.576
552.976
437.02
661.968
1461.41
1330.36
762.639
1087.91
761.348
796.708
529.361
806.885
454.269
425.148
665.28
566.631
416.198
367.617
393.899
375.003
477.569
547.25
484.632
517.353
1481.75
3092.89
2817.04
1889.92
1777.46
2363.88
1654.98
1150.02
2039.82
1328.4
958.312
877.921
1868.43
1262.32
1153.13
2027.11
1260.28
979.656
1252.72
1792.84
880.847
1045.21
1197.15
726.009
775.72
1062.01
1019.97
682.629
410.633
351.974
353.365
332.187
405.764
335.556
312.886
423.082
376.441
366.819
344.763
420.591
338.711
324.62
382.588
467.262
417.531
466.814
428.931
543.713
401.701
323.533
375.307
365.185
343.526
356.659
419.995
417.416
296.616
269.856
335.225
341.605
276.582
342.984
292.636
379.823
354.261
371.942
433.188
386.061
453.275
381.362
302.231
332.303
301.839
284.623
323.653
306.232
276.232
341.442
290.39
312.812
311.934
315.315
336.373
285.054
294.096
334.135
302.585
299.468
316.128
287.782
327.917
295.244
309.06
288.429
328.8
283.105
321.834
298.69
320.256
337.503
70.8738
177.467
333.217
120.922
232.4
482.847
1241.96
503.808
1179.67
474.131
468.776
1148.39
357.417
367.792
365.757
408.833
380.356
353.892
355.797
367.61
353.385
379.867
357.072
364.799
407.683
376.999
299.392
112.045
10.3812
5.50156
123.694
246.916
150.9
306.162
276.394
294.683
319.481
279.504
312.236
291.076
327.645
341.341
320.674
295.194
327.4
328.14
301.545
311.64
345.564
333.07
304.059
319.779
326.847
312.096
290.011
311.674
318.576
305.565
293.931
319.65
276.016
321.061
340.797
295.91
312.939
338.436
289.623
331.616
347.623
319.975
349.648
307.835
343.778
290.896
347.701
320.834
285.187
305.366
316.976
288.179
301.382
303.828
287.608
8.12992
128.733
10.9065
65.6303
142.654
154.857
440.728
1110.45
1011.48
452.748
453.335
439.931
1006.3
306.173
299.164
328.027
313.42
292.225
328.852
312.965
316.406
287.747
300.716
299.676
305.017
285.012
320.061
336.512
323.585
313.053
338.473
335.955
334.724
315.049
1010
460.996
446.062
452.124
1112.51
466.493
1010.75
326.528
338.08
324.986
341.2
317.55
317.082
339.813
335.736
336.063
318.111
311.147
341.409
341.404
309.001
0.117894
0.00269905
0.0389484
136.361
89.5604
94.9384
157.739
267.325
242.984
222.194
229.273
248.527
263.483
229.966
286.539
257.185
261.86
294.406
270.411
296.647
264.929
271.174
266.443
274.324
282.399
274.981
271.198
284.534
263.788
261.518
293.35
274.039
301.041
302.335
271.015
276.396
266.214
273.971
279.196
287.427
285.469
275.172
469.159
1167.62
472.735
1002.15
468.099
469.41
1092.9
328.79
318.284
336.961
331.046
335.732
322.025
344.701
359.795
345.673
359.978
349.235
339.421
345.856
353.315
918.05
1052.5
460.242
444.643
1093.72
456.554
976.701
330.949
321.827
335.405
328.653
317.997
341.804
336.411
464.343
946.668
488.414
1106.81
478.364
992.159
474.236
329.29
348.076
350.044
342.902
324.645
319.992
346.873
347.223
343.232
329.058
350.269
348.28
324.821
329.42
457.381
976.547
445.076
460.757
917.914
446.616
1052.03
314.909
289.899
299.285
295.704
282.645
297.786
313.375
290.055
317.567
322.662
309.183
276.992
290.568
326.862
348.559
339.278
334.276
324.435
346.268
344.602
330.98
277.148
227.228
288.569
277.079
227.324
260.74
231.01
309.574
290.87
327.082
323.152
282.926
318.029
290.743
298.026
295.967
313.517
315.22
290.317
299.752
305.508
293.627
316.781
298.426
330.358
322.958
330.948
316.344
276.886
258.451
250.385
260.707
270.064
287.295
274.245
260.231
263.94
296.286
312.56
284.786
276.973
322.216
274.478
277.27
290.728
260.897
270.274
250.81
258.82
393.419
660.747
383.931
424.548
879.219
427.094
861.28
244.64
267.885
302.758
283.434
255.005
298.939
266.727
276.139
309.976
311.604
283.238
285.877
299.867
301.526
396.535
674.869
394.944
879.001
431.382
435.292
870.027
268.532
267.987
275.215
292.418
288.37
280.794
299.342
278.822
312.74
284.29
287.47
284.64
303.578
302.92
287.729
206.685
286.777
283.264
231.431
281.286
229.113
267.128
270.166
303.186
255.288
283.903
268.497
245.172
322.969
320.594
334.492
302.89
290.315
334.566
329.975
323.837
349.557
351.669
295.243
341.252
349.62
323.885
155.304
150.114
145.958
58.1344
55.013
44.2101
47.8317
822.345
981.023
462.582
679.088
401.405
867.039
453.048
289.2
208.83
292.363
192.777
285.403
275.676
167.379
290.527
303.105
334.592
330.061
334.685
320.78
344.267
1.49349
0.137525
0.0429079
22.4833
57.9223
0.0452271
0.000976412
0.00269447
8.4645
0.137449
60.3041
3.02324e-05
2.13848e-06
1.0287
340.949
258.875
318.233
324.28
283.492
337.325
317.589
292.287
167.349
275.591
192.755
285.296
289.056
223.373
324.355
318.378
341.094
283.563
317.683
311.428
259.08
422.332
734.137
410.026
602.284
367.264
330.135
509.283
303.432
300.041
302.812
261.654
276.155
256.644
230.029
867.087
401.821
453.187
462.833
822.463
438.356
980.775
362.171
630.146
387.261
441.57
772.329
835.534
439.605
409.492
507.878
733.548
601.132
366.576
421.814
814.609
302.608
256.333
276.012
229.633
261.441
309.731
303.294
314.795
239.261
267.252
266.405
281.741
308.852
311.785
259.884
165.166
240.389
240.724
260.228
281.516
314.96
172.402
246.329
177.935
246.629
287.294
255.363
300.719
270.514
222.501
217.399
153.907
157.361
244.676
237.003
158.132
237.66
245.172
271.018
282.353
218.134
223.166
211.092
224.543
293.24
248.393
149.788
146.953
230.928
207.315
88.6628
97.7467
270.401
217.547
156.087
264.851
147.998
231.713
249.187
265.002
293.833
225.479
211.969
118.414
149.582
136.367
36.6759
48.1377
36.6955
25.7488
296.024
231.947
242.871
301.268
240.606
151.49
138.216
212.971
124.585
227.223
185.543
79.9
177.896
78.5464
218.036
124.994
219.886
84.6697
183.639
184.81
83.047
335.805
212.304
292.766
236.091
143.954
232.294
308.183
220.376
165.14
127.537
220.554
250.457
297.293
308.688
15.0229
12.7125
87.9163
130.4
124.289
28.7285
32.1043
197.514
490.579
316.13
490.989
700.938
316.464
410.997
373.95
384.328
613.548
454.928
298.208
245.55
169.203
259.206
164.11
204.854
285.499
209.952
76.5596
112.903
259.495
210.137
205.099
172.284
164.576
113.178
76.9003
285.83
211.715
175.128
141.985
237.899
205.838
103.18
136.815
186.381
252.783
227.832
46.2275
151.562
106.844
282.375
126.913
247.537
194.248
75.8185
247.591
126.944
144.2
292.999
236.337
308.244
335.894
286.533
212.587
268.652
206.309
103.738
238.372
286.168
212.297
175.736
227.713
151.355
186.285
46.128
70.8033
136.785
252.724
170.357
456.103
299.12
614.549
374.66
263.727
385.985
169.842
104.442
208.253
168.389
35.9205
66.0693
126.914
1.76417e-07
3.71088e-07
7.4829e-08
0.000924056
0.00264522
1.78517e-05
0.00011805
79.0394
18.5889
82.8158
86.4001
19.8573
168.59
173.383
78.4747
172.885
82.5389
167.946
86.1738
18.3542
19.664
82.8788
173.798
133.121
373.149
263.828
208.404
287.525
53.0092
3.99022
8.47285
73.6018
111.005
22.0163
13.3482
21.9952
73.5785
110.977
89.5449
53.0092
13.3416
3.98955
1.19711e-07
8.26845e-07
1.79775e-07
0.000741855
6.41841e-05
0.000116046
4.45971e-05
13.2751
73.6198
70.3677
15.6999
76.4721
161.355
165.998
165.229
66.6281
69.6115
76.142
160.638
15.4545
13.0642
5.16662
0.137822
5.85351
3.13103
0.0774573
0.063075
3.71251
2.94918e-07
4.70551e-06
0.0176857
1.77723
4.63236e-05
2.98933e-07
4.82543e-06
0.00233547
0.000597837
3.97602e-07
5.37266e-05
2.48994
1.079e-05
4.09491e-07
30.2321
35.9453
135.292
4.73728
52.845
3.38198
44.8213
32.5055
6.77182
35.0788
53.5156
56.3846
121.85
121.21
38.6718
38.5843
8.2823
61.5774
62.7702
127.492
128.471
221.947
67.3525
127.721
57.5678
117.952
42.5058
11.1254
73.6626
44.3728
121.856
37.5311
13.8581
4.5128
160.028
69.5652
152.732
68.1251
16.0071
69.6687
153.602
244.664
159.606
121.5
73.488
44.2548
4.46724
13.7253
37.2388
209.74
107.33
138.132
57.6631
36.4388
48.08
8.099
183.411
102.503
20.1936
49.3709
120.837
28.6474
3.97401
3.70898
13.1243
0.282817
2.87512
0.389068
16.1245
45.55
28.6826
3.99428
49.5079
183.548
20.2702
102.729
67.8158
0.0803275
2.06629
3.80986
2.06933
0.0171797
0.0390264
0.979612
210.165
138.556
48.4277
8.19656
117.955
107.854
36.709
104.658
9.93675
74.2165
1.6821
32.3629
15.9557
0.438795
105.338
10.0534
70.4401
2.28048
34.3288
16.3438
0.511425
76.3052
30.2932
15.4877
134.88
85.0183
284.417
191.116
101.132
8.55027
19.8592
0.349585
13.7769
1.48175
30.3004
9.80931e-08
2.67017e-08
1.44431e-06
0.000110328
4.35243e-07
0.0077439
0.00178098
84.7512
283.659
190.408
118.307
75.6108
30.0598
15.3048
27.8353
1.05617
4.84781
49.7621
25.05
110.942
73.1301
19.92
30.4297
101.305
8.60318
69.1503
13.8928
0.353829
1.96912
0.398575
8.34642
32.0374
100.911
64.5472
14.0592
28.9201
1.04088
9.03917
0.148498
28.9292
5.31276
1.04149
0.00505201
0.380981
0.295454
1.21834
0.027936
0.0219392
1.52923
2.98166
7.94495
0.0399588
0.137091
0.521537
1.53818
34.2733
5.56984
50.0054
33.5906
88.6007
58.2653
133.426
186.183
1.53829
7.95938
34.2765
2.99424
19.871
0.522539
0.0401595
1.19377e-07
1.72298e-08
3.81546e-09
1.14075e-07
2.46997e-08
0.000216546
3.27218e-06
0.250549
0.0120446
0.354805
10.0644
0.428912
12.086
0.609103
14.3241
0.774429
16.8404
0.765056
0.540177
0.018932
0.0122122
0.461889
0.478386
0.016166
14.3622
15.0509
0.810221
0.873465
19.8934
21.427
1.14788
1.02861
0.0253083
1.13848
0.0269058
0.000934008
0.0618175
0.165165
0.727432
0.00507429
0.012668
0.309785
0.0126363
0.164924
0.725907
0.00506995
0.309538
0.0618089
0.000933882
0.0918369
0.0367444
3.57804
0.148606
0.0610079
0.00249827
0.00152266
0.119721
6.78032
32.4941
3.72117
0.00403009
0.276435
0.0607292
10.3003
2.30853
38.4424
3.91989
0.00475979
0.324099
0.062441
0.713165
13.7845
63.1121
9.4185
0.383691
0.0124765
0.451096
5.20878
0.605948
0.120271
0.119621
0.601645
0.00244977
0.0132951
13.7028
12.5913
0.709801
0.379914
9.31833
0.0123776
0.445157
55.4285
5.12533
0.235961
0.585739
11.3545
0.00806563
0.235098
1.69645
7.57913
0.0446053
2.89344
0.00314672
0.208523
0.136169
3.66529
0.0989626
0.151747
0.0401053
0.0627694
0.00255485
0.00164063
0.0176499
0.0254154
1.76785
0.0778937
0.0522421
0.00116894
0.000780515
0.00071492
0.0606062
0.00424865
0.0448818
0.00591874
9.2993e-05
6.54543e-05
0.538045
0.00668653
0.10784
1.02637
0.000653205
0.0522177
0.0122326
0.61609
33.4622
17.0234
1.76487
0.0265645
0.61054
0.0107141
0.236729
0.00776125
0.00138772
9.86605
2.76277
0.448331
0.0866429
7.64235
0.00318987
0.211546
1.71411
33.3045
2.93276
0.0452427
1.23611
0.0765664
0.0026665
4.71033
0.178188
27.2599
2.73784
0.0525223
0.000656789
0.0122605
0.541464
7.05514
0.108148
0.00672788
0.0524293
1.25038
1.76874
0.0254294
0.0780238
0.001171
0.000783251
1.30123
0.0548556
0.0184268
0.0255924
0.0785457
0.0011796
0.000818855
0.0443543
0.0523789
2.60592
0.638246
0.000210827
0.0101914
0.0112264
0.00626701
0.557299
0.237548
21.343
11.1362
1.23046
0.453683
0.0211437
0.562383
0.149252
0.00492571
0.00199575
0.000311924
7.16208e-05
0.559506
0.00198105
0.00770299
7.27412e-05
0.00487097
0.0209733
0.000311334
0.01398
2.79697e-05
0.001954
0.00129062
0.0863028
0.013989
0.000203902
0.0089261
0.000847517
0.000174243
0.0388176
2.29206
0.504917
0.00820128
5.73515e-05
6.52319e-05
0.00299433
0.0016048
0.00133261
2.89024e-05
3.46799e-05
5.42271e-05
0.00248463
0.00294087
0.00156194
0.00125186
3.39225e-05
2.75352e-05
0.000106836
0.000546092
0.00197417
0.00721239
0.0224408
9.03336e-06
3.0042e-05
9.14401e-06
0.00034642
0.00198006
0.0224451
0.00722735
0.00010712
0.00054894
0.0018642
1.90014e-05
3.82209e-05
0.000372734
0.000839088
1.74391e-05
8.44612e-06
0.00831868
0.00821343
0.000299429
6.49686e-06
0.000152098
6.90454e-06
0.000144132
0.0809418
2.57369e-05
9.39839e-05
9.6283e-05
0.0055674
0.00130584
0.00134416
0.000217541
1.1288e-05
0.000362671
0.0110004
0.0170467
0.000444976
0.000266302
0.000476946
1.48259e-05
0.000477304
0.022654
0.0238211
0.000588623
0.000596126
0.0132791
6.90784e-06
0.000269933
0.0001457
0.00863592
0.000215832
0.00637365
0.000113911
5.05283e-06
9.95107e-05
0.211057
0.00609332
0.000215773
0.00703635
0.0150519
0.00848391
0.00844797
0.000174536
0.000294951
8.48409e-06
0.000295955
0.0133309
0.455438
0.000271846
0.000147332
0.000216671
0.00873105
7.05841e-06
0.00293918
3.9142e-05
0.000112884
3.92583e-05
0.00292946
0.000857881
2.37358e-06
0.00028515
9.40318e-06
0.000624072
4.67083e-05
1.1169e-06
2.40932e-05
0.00176396
1.7887e-05
3.55413e-05
0.00162137
0.000309034
0.000743623
1.79213e-05
9.664e-06
0.00420817
0.000236938
0.00647057
4.62953e-06
0.000120061
7.37314e-05
6.56082e-06
7.24232e-07
1.5844e-08
1.68939e-08
8.53005e-07
1.59941e-08
1.71495e-08
7.33923e-09
0.000219316
3.8444e-05
1.87573e-06
0.0116705
0.00213108
4.95349e-05
0.000276925
8.95687e-05
0.00142442
2.55659e-06
1.58098e-06
8.7532e-06
0.000159368
4.62731e-07
2.12336e-05
3.79353e-06
6.56238e-05
6.74085e-05
0.00369849
0.0579028
0.000954769
0.000532549
9.14766e-05
0.000425985
9.7665e-06
4.39213e-06
1.17716e-05
3.85918e-06
8.72281e-05
0.000519732
0.00040237
4.37812e-06
1.15898e-05
9.41798e-06
3.85913e-06
5.06473e-05
8.11765e-05
0.0037688
7.11488e-05
2.20892e-06
4.37145e-05
2.8437e-06
9.98216e-06
1.66355e-05
0.00099556
4.28993e-05
8.9945e-07
2.58485e-05
1.22011e-06
8.23693e-05
0.0024943
0.00383396
7.246e-05
2.25302e-06
4.66679e-05
2.89126e-06
0.000650436
1.70667e-05
0.0010246
4.38861e-05
9.379e-07
1.24397e-06
2.78142e-05
4.82886e-05
2.5313e-05
2.17118e-06
0.0216301
0.00063231
0.000288314
1.04197e-05
9.06384e-05
0.00564914
0.00310815
2.05671e-06
6.24296e-05
4.33557e-05
2.41973e-06
0.0038246
0.00013533
2.40177e-05
3.66869e-06
1.18781e-05
6.31703e-05
1.78256e-06
0.00161777
6.81957e-05
0.00248943
4.23411e-05
3.39681e-06
3.89597e-06
2.82266e-05
0.000385634
1.12566e-06
1.84799e-05
9.65058e-07
1.24279e-05
6.54097e-06
4.65548e-06
4.37622e-06
0.000267995
0.00014604
0.0224613
0.00941432
0.00035492
0.000183621
1.03446e-06
3.11508e-06
9.3414e-06
0.000160041
0.00142664
1.99137e-05
9.03892e-05
9.88779e-05
4.87926e-05
0.000245973
5.30853e-06
1.48451e-06
2.05183e-06
2.79001e-06
0.000265987
6.54787e-06
0.000385943
1.851e-05
9.98247e-07
1.08829e-06
1.24968e-05
6.90028e-05
0.0017014
0.00251319
4.27454e-05
3.49631e-06
2.95751e-05
3.96819e-06
0.000277234
6.55604e-06
0.000388627
1.862e-05
9.66945e-07
1.30038e-05
1.0722e-06
16.5033
0.182773
0.163216
0.102692
11.9174
8.01119e-05
4.20281e-05
1.9119e-05
9.99133e-07
37.0905
0.236264
22.8286
4.82527e-05
0.000141608
1.55432e-06
6.07044e-07
51.6709
148.369
0.190527
161.868
0.175058
0.0628726
0.0673347
145.96
159.552
76.2674
17.1909
0.125942
0.282887
126.414
0.00503885
0.0232513
124.262
6.63052e-05
6.81243e-05
160.915
160.542
160.046
62.8775
64.8079
62.3106
64.5298
0.00249731
36.0373
3.39197
38.1287
231.257
36.6826
296.064
158.299
160.594
159.532
62.7167
62.7139
64.8523
60.4921
151.115
157.934
158.656
58.6563
45.6427
56.7584
48.4306
150.151
155.297
157.747
58.1347
44.1749
47.8275
54.9842
58.5827
0.00176738
54.0033
0.000869575
67.3459
0.00124281
0.00294343
38.2114
63.4103
0.00075783
0.146126
59.213
0.00335379
0.000141771
298.533
234.089
302.093
243.295
241.454
152.031
140.435
301.355
232.018
242.902
228.775
240.734
151.592
138.392
131.312
89.5376
95.5469
29.7158
32.5549
15.2207
13.174
130.416
87.8788
94.9233
28.6988
32.0947
15.0155
12.6988
7.02418
7.52427
0.188178
0.16836
6.84275
0.174915
7.45777
7.03057
0.189414
0.158141
7.02903
0.175087
7.53773
6.47935
229.213
2.56574
311.542
331.141
88.6812
325.043
89.9256
345.803
285.53
342.113
336.558
341.982
336.412
309.487
317.376
318.328
314.307
342.635
339.789
336.794
309.869
317.718
320.618
0.00112542
0.00674554
0.12575
57.2252
89.5649
143.556
157.924
283.457
231.528
281.462
287.837
206.708
286.889
213.042
322.521
323.094
330.675
316.893
293.625
298.438
316.4
323.84
333.866
331.285
317.313
295.698
298.86
318.565
231.291
232.393
282.152
288.335
208.689
213.711
288.8
158.646
151.129
148.365
58.6527
56.7411
48.455
45.6456
154.434
124.966
140.778
40.8148
51.3282
39.093
28.733
270.405
156.074
207.332
97.7378
217.53
264.857
165.43
270.802
97.9611
209.056
157.833
217.827
165.876
266.732
95.5788
15.2348
131.342
126.429
32.5835
29.7284
13.1835
0.117686
3.12395
5.16033
5.85271
0.0773336
3.70972
0.137749
5.94863
3.3302
0.125912
0.0795904
5.4757
3.80728
0.140481
59.4244
70.7486
68.9537
8.42746
6.59002
5.97074
9.48672
57.1295
75.1976
68.053
8.56274
7.46248
10.7097
5.92169
5.47176
0.140422
5.94795
0.0796996
3.81205
3.33096
0.0673416
76.5938
95.1539
114.822
23.5501
4.69349
9.19311
15.1311
55.9481
5.04347
5.85581
70.1655
68.2119
8.23821
9.3202
54.0004
6.53952
5.2828
73.8365
66.9663
8.27863
10.331
135.541
30.9164
125.353
53.0389
3.52701
45.8711
4.76714
30.2635
44.9009
123.787
35.9556
135.32
52.8919
4.74475
129.799
45.6974
142.324
57.6392
5.09838
49.5038
7.06611
4.80778
48.1682
127.316
45.1944
141.536
57.2979
6.966
0.0487033
0.0923603
4.32168
2.33913
0.020877
0.0441866
1.19792
34.1428
15.026
14.0986
2.37738
1.95543
0.384598
0.43517
16.1949
46.4822
13.487
3.75195
0.294429
2.9973
0.392053
60.1122
85.5114
69.1421
7.2084
6.8002
5.33905
8.60781
22.1167
40.3996
49.0047
4.10149
0.510899
2.74012
0.792172
2.87256
13.1259
45.5325
51.3894
16.1213
3.70673
0.388943
32.4348
34.44
13.3604
1.67203
2.05976
0.284374
0.365036
0.0218675
0.294892
1.21538
0.0278799
1.52753
0.380548
0.0066102
1.29562
0.0286186
1.56883
0.388172
0.00530075
0.310523
0.0067362
53.7789
4.2338
5.20987
83.2453
67.7813
6.90503
8.10834
16.1208
2.45429
0.461048
21.6745
48.1869
3.96858
0.765234
0.388719
0.0286743
1.57176
1.29687
0.00530636
0.0232729
0.310852
11.41
41.8843
31.9406
1.39095
1.89692
0.229581
0.333755
8.07176
2.11841
8.42659
0.858736
0.162285
0.175658
0.0317835
0.814997
0.00608655
0.00299734
0.0747789
0.0141296
0.183556
0.372713
0.0990719
0.128915
0.00248795
0.184665
0.00467107
0.00337702
0.234995
0.192082
0.150528
0.00486405
0.00221651
0.00355224
0.122862
0.242508
0.109765
0.0028037
0.00203686
0.194129
0.00524923
0.00368622
0.266595
0.203
0.173517
0.00555097
0.0023522
0.00386518
0.280641
0.126446
316.783
212.839
296.53
230.053
332.975
348.666
232.468
269.787
253.292
253.437
323.287
295.929
316.41
236.66
261.052
324.4
257.27
266.014
255.381
299.574
321.111
238.513
342.616
269.539
334.611
341.222
330.216
292.491
276.343
344.18
300.151
281.292
271.626
343.072
333.158
293.68
230.091
230.164
215.625
208.97
220.387
212.8
236.06
214.661
239.02
217.985
231.22
209.266
221.192
213.524
267.397
242.882
222.196
229.34
263.475
219.897
248.469
251.514
224.599
232.223
244.35
230.311
264.438
220.942
251.588
5.6032
139.161
73.485
329.124
215.054
334.42
359.942
354.628
335.919
325.083
349.136
356.516
329.185
336.081
360.618
353.014
362.579
341.576
359.858
332.987
307.671
287.744
325.763
342.723
348.861
321.87
318.236
266.284
227.26
298.033
292.763
196.64
288.971
281.954
173.867
304.057
321.799
345.978
296.857
157.632
223.596
246.485
187.023
259.711
290.78
257.28
85.9551
136.287
207.557
190.131
140.382
256.605
234.435
49.9878
158.164
112.54
193.639
57.8647
34.8257
24.0139
111.448
74.9675
133.144
2.71036
2.62364
0.180348
0.00317957
0.00300856
0.0437891
0.0471097
1.72096
0.144541
2.20858
0.00253191
0.00166061
0.0271357
0.0381563
0.0023577
0.1026
5.25353
7.37083
0.00372376
0.157091
0.198733
0.0613777
0.00442532
0.000746264
9.37236e-05
0.04693
0.00596694
0.00099213
7.42755
0.00377209
0.108127
0.134067
5.49884
0.15857
0.201605
0.000485104
0.000120062
0.000696279
0.0279526
0.0375613
0.00467451
0.00651185
1.28049
0.0150366
0.0859078
0.000228705
0.0013467
0.0196092
0.0034883
0.000798164
0.000117265
0.000618842
0.0434024
0.0344567
0.00659286
0.00769668
0.000714728
0.00425127
0.0448319
0.0605501
9.37057e-05
0.00591784
0.000980356
0.00104183
0.0690146
0.072696
0.127493
0.00156998
0.00196342
0.1289
0.135591
0.102705
0.00171889
0.00140094
0.00210665
0.0920476
0.140178
0.000129863
0.0430508
0.00756054
0.0746056
0.000219522
0.00132031
0.0125866
0.0775443
0.00833444
0.000225609
0.000850118
0.00137433
0.0484582
0.01303
0.085856
2.80442
1.5689
0.00167089
0.00111476
0.0201316
0.0306575
4.55528e-05
0.000254145
0.000287024
0.0194966
0.0216828
0.00312499
0.00358408
0.000243875
8.63865e-06
4.27642e-05
0.0142466
0.00258431
0.00285793
0.000493213
7.77502e-06
1.30122e-06
1.21081e-05
4.48361e-05
2.77703e-05
0.000444974
0.000669957
1.4685e-05
1.4259e-06
1.27781e-05
5.59605e-05
5.10025e-05
0.000733446
0.000818141
5.16197e-06
3.2488e-07
1.09166e-06
3.81365e-06
2.13213e-05
0.000314552
5.27573e-05
0.000384634
2.23345e-06
1.94638e-05
5.97659e-06
2.16137e-06
1.40191e-05
0.00027567
0.000606752
4.13107e-06
0.000129472
1.41911e-06
1.04393e-05
3.08241e-06
1.14771e-06
1.62094e-05
8.23121e-05
0.000217177
6.13635e-06
2.80521e-06
3.92745e-06
3.29947e-06
4.45023e-05
6.11114e-06
8.22285e-05
1.61857e-05
3.9057e-06
3.28378e-06
2.78644e-06
2.72567e-06
1.02863e-06
1.12994e-06
2.23618e-06
5.9656e-06
0.000123336
3.36004e-05
0.000109803
1.26437e-06
8.89739e-07
1.88072e-06
9.46395e-07
5.23197e-06
2.38389e-06
7.79858e-07
7.40518e-06
6.19723e-07
8.02119e-07
7.42738e-06
6.31279e-06
7.8215e-07
2.32992e-06
1.20151e-06
2.7607e-05
8.84638e-07
5.17984e-06
1.80054e-06
8.248e-07
1.59835e-05
1.40403e-06
1.37355e-06
4.73939e-06
4.7972e-06
0.000270677
0.000326878
6.98991e-07
2.85605e-06
3.83402e-06
1.88662e-06
7.88954e-07
7.45612e-07
7.45578e-07
3.47128e-06
1.05515e-06
1.11983e-06
0.000146902
4.18085e-06
1.18296e-06
6.29593e-06
3.69345e-06
1.07582e-06
1.17267e-06
5.97901e-06
3.89862e-06
0.000154937
1.18076e-06
2.78642e-06
6.5936e-07
6.89727e-07
1.83075e-06
3.78383e-06
8.78795e-05
7.06307e-07
2.96583e-07
6.34945e-07
6.41096e-07
1.58296e-07
1.06051e-05
1.84857e-07
1.66597e-07
1.02005e-06
1.77594e-05
3.27402e-06
7.71342e-07
9.75587e-07
7.72716e-07
6.94289e-07
2.00045e-07
1.67185e-07
2.63235e-07
1.54234e-07
1.63367e-07
4.27508e-07
1.59597e-07
1.04367e-06
8.88939e-07
1.61956e-06
8.41711e-07
8.7088e-07
8.45387e-07
8.2951e-07
1.25599e-06
1.2674e-06
1.95279e-06
1.25952e-06
1.12736e-05
1.38443e-06
1.25672e-06
4.09779e-07
4.05823e-07
6.12382e-07
4.13002e-07
2.85641e-06
4.83784e-07
4.09395e-07
7.92813e-07
8.79439e-07
8.91546e-07
8.31991e-07
7.89776e-07
7.88876e-07
8.416e-07
4.09542e-07
2.97834e-07
2.95973e-07
2.9517e-07
2.96373e-07
2.98718e-07
3.7035e-07
4.14356e-07
2.99015e-07
3.01817e-07
2.99828e-07
3.77865e-07
3.00204e-07
3.0257e-07
6.41792e-07
4.00589e-07
3.99953e-07
3.98388e-07
5.47015e-07
4.0096e-07
4.03115e-07
6.57815e-07
4.09644e-07
4.12612e-07
4.11276e-07
4.1221e-07
5.6884e-07
4.14363e-07
8.34403e-07
5.41951e-07
5.41653e-07
5.44151e-07
5.44113e-07
5.39839e-07
5.38854e-07
7.49809e-07
5.56818e-07
5.56509e-07
5.58861e-07
5.58815e-07
5.54542e-07
5.53564e-07
762.258
8255.3
491.817
415.621
2589.13
797.67
961.762
544.638
1329.45
1460.8
669.181
752.331
3982.34
797.838
1087.6
2011.63
2310.01
2011.37
133150
8254.59
4350.58
982.758
1130.15
1134.26
474.866
386.97
1967.24
490.016
897.759
806.113
530.567
452.622
425.103
569.041
459.437
661.773
8382.39
1043.33
2156.46
1930.35
132591
10222.2
5229.82
1517.01
691.083
1141.97
1392.83
798.244
3688.43
807.511
1235.3
499.607
505.34
1193.09
379.693
1756.39
498.559
703.198
426.327
470.067
819.874
427.313
579.92
470.251
9275.22
6268.05
6602.06
35370.5
12244.7
25564.7
4840.15
5262.88
3933.07
2052.08
3956.69
3366.61
10911.1
3301.77
1154.46
2019.54
981.133
1260.97
1793.44
882.847
1250.97
1150.52
964.54
2037.47
1328.44
879.443
1268.19
1867.43
1044.75
724.61
1197.68
764.883
1019.47
1062.07
681.691
1480.89
2815.57
3092.61
1888.16
1654.89
2363.38
1776.01
4803.02
3208.35
2582.8
1719.29
2772.82
2349.15
6530.64
6082.19
4287.26
4287.9
2086.63
2945.36
7907.6
2945.49
4803.37
3209.13
2584.74
1718.55
6531.04
2349.32
2772.99
28287.9
72498.2
72498.2
58800.1
49294
49510.3
49294.1
9275.68
6600.7
6268.36
35370.3
4840.15
25565
12245.7
7852.15
4260.36
4262.76
22498
9290.61
3023.26
9291.77
3004.65
1332.44
1432.5
1331.75
2054.79
1752.54
2053.74
775.996
1432.52
712.705
1104.49
1246.49
654.929
789.009
777.045
716.337
1430.18
1104.3
792.611
1246.92
654.898
588.413
392.806
572.899
394.23
394.406
561.402
577.01
855.104
1638.31
1636.82
948.419
929.149
1574.89
925.179
12483.9
8081.91
6635.13
34408.1
4467.37
15666.7
13136.7
3389.2
1515.16
1469.19
1446.94
2078.82
2072.9
1848.33
4657.35
3545.03
1847.18
2729.25
3196.29
6622.01
2597.24
4726.37
1829.15
3596.24
2890.48
5623.01
3015.52
2524.66
18708
77158.2
104682
80266.7
79111.8
43467.4
29495.2
11510.7
7536.7
5534.13
23931.5
17507.7
16847.7
4534.91
8642.91
3693.6
3575.27
14687.2
12024.8
12632.4
3210.81
1229.71
1040.69
1408.07
2285.72
912.862
1320.09
1843.82
1216.07
1340.41
2037.66
982.007
1308.88
1840.31
924.618
1054.47
755.293
1157.98
761.919
1145.79
1152.29
720.167
1532.25
3072.95
3119.52
2110.14
1652.24
1761.94
2573.49
825.62
1206.21
743.302
1448.62
709.979
825.294
1352.95
820.004
1169.68
1386.51
723.072
813.797
1357.86
694.15
607.155
402.394
565.917
399.046
584.788
579.341
405.867
892.706
1704.02
1696.72
930.396
902.65
893.425
1574.97
2.25083
1.10973e-06
85.0221
1.68762e-06
5.46991e-05
3.84972e-05
3.47717e-05
4.08139
1.04915
2.98386
198.31
13.5017
262.321
1.26236
0.0766722
2.97213e-06
0.242819
3.32767
139.583
198.045
148.333
10.1807
187.411
1.91194e-05
1.43262e-05
0.196111
0.088617
0.17146
2.49021
144.914
1.53978e-05
0.0938546
1.32548e-06
0.0054709
214.951
111.114
118.235
100.479
106.229
33.2749
31.9594
200.637
113.726
109.928
103.666
99.6239
31.5932
33.998
159.226
81.4634
86.6638
51.1118
54.1008
14.9585
14.2491
149.446
83.0503
79.0014
52.1679
48.6097
13.3466
14.9828
387.841
223.836
147.749
196.828
130.851
45.7552
79.8254
181.579
57.3664
92.5057
48.1341
81.9304
21.7703
7.62674
125.193
33.3658
62.5278
14.913
35.2469
7.80182
1.86899
264.317
158.522
106.198
97.1031
65.1861
20.1144
35.9785
25.062
2.30298
26.3252
1.19081
0.0422808
0.0400517
1.16915
1.57564e-06
0.065289
0.305011
6.24283e-08
2.81469e-08
1.04656e-06
1.74639e-06
1.03384e-06
0.00414605
0.0731196
3.05969e-08
6.46257e-08
1.84897e-06
6.87584e-07
1.08531
24.1248
24.7148
2.13137
0.0401783
2.14728
0.0366753
34.884
3.05708
36.6667
2.9825
0.0745246
0.0707461
2.93688
1.05058
26.014
23.909
2.08566
0.0461718
2.45835
0.0371894
2.8717
36.7948
34.4624
2.85476
0.0843133
0.0690445
3.31116
2.11776
26.2409
24.1299
1.06917
0.0467903
1.2839
0.0378638
4.76479
0.0870743
4.99991
0.399417
0.00666498
0.00616219
0.397016
5.00389
0.0752149
4.26356
0.350393
0.007142
0.00566077
0.429228
1255.86
545.137
1407.46
3535.31
1179.39
1148.75
391.473
311.288
504.57
508.734
860.545
423.961
670.241
422.302
537.397
611.088
1377.25
886.918
1311.46
737.318
655.478
1311.55
629.273
1431.45
1279.99
791.22
991.658
769.086
741.174
390.43
358.601
371.17
461.231
544.941
510.455
474.046
1467.38
3111.4
3015.43
2036.64
2085.08
1546.29
1538.34
1062.16
1880.54
1206.76
932.733
1749.82
830.243
1260.33
1064.39
1840.66
1166.21
941.987
1709.65
1252.59
845.063
954.243
1096.86
735.518
706.871
1121.5
676.272
1094.4
508.192
1288.67
551.772
550.504
1332.73
616.664
1288.44
334.203
366.639
351.31
330.177
349.833
406.831
401.247
1189.32
482.577
478.927
529.546
1242.49
541.259
1252.75
468.077
1213.71
482.152
1179.74
472.822
502.1
1241.69
1.5913
58.3137
33.2161
3.55414
0.142357
0.0507699
9.12261
5.3522
88.4468
50.9135
5.16685
0.358878
0.112334
13.0343
0.452259
4.61776
15.4239
0.943574
0.0024842
0.162912
0.0152213
1.36411
8.9615
24.2486
1.34934
0.00476819
0.0288984
0.23841
3.97262
63.5543
36.194
1.93435
0.169216
0.0585886
5.0227
11.9636
0.10056
6.4784
0.557013
0.0135147
0.0067047
1.37069
4.88551
0.972186
15.762
0.470857
0.00263527
0.0157694
0.0827538
0.37961
0.0313255
2.05113
0.153027
0.000384518
0.00232932
0.0262928
0.0590799
0.0013941
2.9571e-05
0.00180553
0.00142461
0.0725389
0.00109421
0.0594073
2.81856e-05
0.0012342
0.00160715
0.00139744
0.0635307
0.00105857
0.018628
0.000766641
1.17633e-05
0.000347536
0.000301748
0.000669764
0.019858
0.0173647
0.000837305
0.000374578
1.17938e-05
0.000291481
0.0216388
0.000656765
0.0622057
0.00162385
0.00142285
0.00127171
0.00111591
2.89555e-05
3.52769e-05
0.0597206
0.0018109
0.0014314
0.00140472
0.00110853
2.9775e-05
3.86006e-05
0.0905219
2.58721e-05
0.00302085
0.0044445
0.00169279
0.00121604
0.278927
0.0974959
0.00460637
0.00174341
0.00335726
0.00132602
2.71469e-05
5.79217e-05
0.0244917
1.19095e-05
6.90005e-05
9.08661e-05
0.000565322
0.00402041
0.00043045
0.0238998
0.00171336
1.06468e-05
0.000600326
0.000301422
0.000742447
0.0604487
0.00721062
4.21964e-05
4.83925e-06
1.90788e-05
0.000113949
0.000260104
0.00120388
0.024977
9.21939e-05
0.000570412
7.19177e-05
0.000441516
1.21688e-05
3.09657e-06
32.5526
190.991
237.88
273.215
82.9302
320.891
384.519
923.663
353.678
7.85731
34.1784
238.753
239.642
277.428
316.038
356.037
347.983
313.502
312.938
343.088
303.301
341.377
302.029
315.075
328.201
328.753
305.446
317.285
311.792
303.397
1025.77
494.413
498.85
885.897
479.061
454.486
764.994
348.007
344.494
347.392
332.683
334.931
319.032
306.234
303.727
347.506
307.47
304.978
205.047
223.324
273.917
274.763
309.242
317.922
277.487
206.734
204.09
274.921
262.048
323.346
286.682
290.961
181.684
196.713
261.984
238.602
287.734
295.289
264.669
182.794
179.352
262.712
596.877
781.834
463.417
386.798
408.314
274.361
601.714
271.475
314.044
325.785
271.564
147.211
188.418
240.2
227.449
299.395
282.422
257.121
119.998
161.691
224.579
478.03
698.602
424.348
365.255
345.414
237.199
562.089
217.342
102.146
111.708
34.2499
109.051
119.259
199.733
198.385
31.7899
104.091
113.898
100.047
110.124
201.005
266.302
47.5821
204.465
226.434
135.487
149.404
395.171
182.159
49.2841
22.0437
57.832
82.6794
92.8001
140.917
7.35477e-07
6.43202e-05
2.91668e-05
7.45273e-07
2.8457e-07
2.95555e-07
1.13053e-06
1.48665e-06
4.0226e-05
3.10474e-05
1.4869e-06
8.99157e-07
1.68821e-06
8.939e-07
1.40239e-06
3.63494e-05
2.99786e-05
1.40982e-06
8.56184e-07
8.38518e-07
1.58043e-06
3.68872e-05
8.86545e-07
1.76567e-05
1.01107e-06
6.6824e-07
6.76761e-07
1.30327e-06
2.17918e-05
1.67621e-06
1.84772e-05
1.82277e-06
1.42732e-06
1.41416e-06
1.93951e-06
2.37935e-05
1.76155e-06
1.86964e-05
1.9144e-06
1.50524e-06
1.48977e-06
2.06108e-06
1.1437e-06
2.24059e-06
8.97955e-06
1.14515e-06
1.01269e-06
1.01623e-06
1.0342e-06
1.45688e-06
7.4683e-07
5.69011e-06
7.93423e-07
6.76428e-07
6.85155e-07
6.94881e-07
)
;

boundaryField
{
    ground
    {
        type            calculated;
        value           nonuniform List<scalar> 
323
(
1.91092e-09
1.21111e-06
1.06599e-07
1.61509e-05
0.999362
55.9025
0.000525197
1.67963e-06
0.0470626
2.1888e-07
2.02048e-08
3.49452
0.981943
30.2815
1.13652e-05
4.20086e-08
5.00168e-08
5.64403e-06
2.57364e-08
4.23664e-09
9.19922
0.136753
0.00994869
0.000124629
0.0106649
0.044496
0.000475351
1.61917e-05
0.00144281
0.00010676
0.00143377
1.59296e-05
2.21505e-05
1.69548e-06
1.61896e-06
1.29339e-06
1.41976e-06
2.00206e-05
4.82937e-09
1.79999e-09
1.75797e-09
3.29243e-05
9.55089e-07
6.19199e-07
1.70223e-07
3.2614e-07
4.91408e-06
1.38187e-06
1.34453e-06
2.32335e-06
870.977
1257.09
1253.47
1006.73
1011.64
1248.32
1181.49
1191.96
1189.87
1180.72
1243.84
862.121
221.531
237.203
1012.7
1107.73
1110.92
1113.25
1106.38
1011.19
880.302
693.827
675.775
661.945
692.236
880.575
450.875
470.294
253.367
249.614
466.599
433.097
1124.15
548.237
1257.31
992.661
753.835
1192.66
1167.36
1233.1
836.085
201.172
30.7181
1191.19
1118.12
1039.31
946.887
1074.54
1107.26
917.653
1013.85
868.641
630.723
558.361
772.604
677.707
458.291
332.152
148.539
337.321
406.071
147.704
247.631
86.0909
0.00564914
1241.96
981.023
815.115
284.417
384.328
490.989
1093.1
679.592
976.547
30.0598
1.76487
6.02656e-06
0.557299
1074.29
1106.49
690.716
507.878
1052.5
557.993
692.564
1105.51
1213.73
1148.39
1179.67
456.103
10.3812
173.798
1011.48
1006.3
1110.45
1112.51
1010.75
1010
1002.15
1092.9
1167.62
946.668
992.159
1106.81
1093.72
976.701
918.05
1093.37
1052.03
917.914
660.747
861.28
879.219
879.001
870.027
674.869
822.345
679.088
867.039
734.137
509.283
602.284
822.463
980.775
867.087
733.548
814.609
601.132
630.146
835.534
772.329
245.55
454.928
613.548
700.938
490.579
296.568
246.916
385.985
614.549
373.149
287.525
112.045
134.88
30.2932
119.085
134.604
283.659
118.307
50.0054
186.183
88.6007
0.0265645
1.77667
33.4622
21.343
1.23046
0.0134097
0.000150745
2.41973e-06
6.24296e-05
0.000267995
0.0224613
0.00035492
41.8843
0.163216
1.40403e-06
0.000254145
76.2674
67.3459
0.000869575
0.00124281
85.5114
8.60781
6.8002
5.20987
8.10834
83.2453
16.5033
0.333755
1.89692
0.00156998
0.1289
0.072696
0.102705
0.140178
0.00171889
0.00167089
0.0306575
2.80442
0.0216828
0.00358408
4.20281e-05
4.73939e-06
0.000326878
1.9119e-05
0.196111
1.04656e-06
13.5017
387.841
4.08139
5.46991e-05
264.317
10.1807
1.91194e-05
196.828
79.8254
223.836
158.522
35.9785
97.1031
0.305011
1.10973e-06
2.81469e-08
1407.46
1179.39
1148.75
1288.67
1311.46
1311.55
1377.25
1332.73
1288.44
1255.86
1189.32
1252.75
1242.49
1213.71
1241.69
1179.74
88.4468
13.0343
0.358878
0.142357
9.12261
58.3137
11.9636
1.37069
0.0135147
0.169216
5.0227
63.5543
0.0044445
0.278927
0.00302085
0.00460637
5.79217e-05
0.00335726
0.000600326
0.0604487
0.00171336
478.03
1025.77
596.877
82.9302
923.663
764.994
885.897
408.314
601.714
781.834
698.602
562.089
345.414
204.465
395.171
226.434
2.8457e-07
1.13053e-06
6.43202e-05
3.68872e-05
1.30327e-06
6.6824e-07
)
;
    }
    outlet
    {
        type            calculated;
        value           nonuniform List<scalar> 0();
    }
    wall
    {
        type            calculated;
        value           nonuniform List<scalar> 0();
    }
    wall2
    {
        type            calculated;
        value           nonuniform List<scalar> 0();
    }
    wall3
    {
        type            calculated;
        value           nonuniform List<scalar> 0();
    }
    internalPatch
    {
        type            internal;
    }
    procBoundary4to0
    {
        type            processor;
        value           nonuniform List<scalar> 
125
(
2.04683e-09
1.49397e-10
1.71726e-10
4.74181e-09
4.13724e-08
4.13724e-08
1.75462e-08
9.01474e-07
1.83663e-06
1.83663e-06
2.61252e-05
0.00188711
0.143644
8.79016
75.1386
193.874
297.001
345.969
355.62
347.264
328.616
314.846
311.974
346.991
496.098
1013.7
868.538
677.512
457.983
310.968
256.503
235.118
238.462
238.687
227.143
188.94
118.327
42.7346
3.96349
0.0632552
0.000866759
0.000160795
0.000690767
0.00169937
0.00250081
0.00248591
0.0016108
2.65797e-05
3.2107e-07
2.47758e-07
4.00119e-09
1.28307e-07
1.78896e-06
1.92973e-06
1.92973e-06
1.88978e-06
9.3001e-07
3.78388e-06
3.78388e-06
1.12646e-06
9.58924e-07
2.73805e-06
0.000120264
0.00903009
0.739449
24.1346
111.721
223.887
304.163
334.462
332.769
317.304
305.465
302.084
341.399
474.414
416.463
320.005
284.999
287.798
295.29
299.499
281.248
222.27
128.054
38.6331
2.33243
0.0297377
0.00038791
1.28906e-05
3.66521e-06
1.17807e-05
2.78745e-05
4.09094e-05
4.07861e-05
3.6097e-07
2.48678e-07
3.10885e-07
1.28307e-07
1.28307e-07
2.7792e-06
2.7792e-06
1.30556e-05
1.30556e-05
1.01951e-05
1.01951e-05
2.49902e-06
1.28307e-07
5.10472e-08
5.10472e-08
5.33508e-07
3.77115e-06
5.96989e-07
1.0904e-07
1.0904e-07
3.10885e-07
3.10885e-07
3.10885e-07
1.28307e-07
5.10472e-08
5.10472e-08
4.99245e-07
1.0904e-07
1.0904e-07
1.30556e-05
)
;
    }
    procBoundary4to1
    {
        type            processor;
        value           nonuniform List<scalar> 
265
(
8.90541e-12
5.22244e-10
5.22244e-10
3.49786e-09
7.25198e-11
7.25198e-11
7.25198e-11
7.64836e-11
7.64836e-11
7.64836e-11
3.51697e-09
2.19588e-08
2.19588e-08
2.19588e-08
2.19588e-08
3.591e-09
4.41968e-09
2.13643e-08
2.13643e-08
2.13643e-08
3.73027e-08
3.73027e-08
3.87547e-08
3.87547e-08
1.4828e-08
1.4828e-08
3.14998e-10
2.95401e-08
2.95401e-08
7.6981e-07
4.3937e-06
6.7658e-07
2.49768e-08
2.49768e-08
2.99852e-08
2.99852e-08
1.12881e-06
2.33948e-05
2.33948e-05
9.95776e-07
2.34047e-08
2.34047e-08
1.12352e-08
1.12352e-08
1.51785e-07
1.51785e-07
1.51785e-07
2.30775e-06
6.45733e-06
1.5725e-05
2.11333e-05
2.08169e-05
1.42973e-05
4.00295e-06
1.68371e-06
3.10461e-06
1.86371e-05
9.20695e-05
0.00026833
0.000533189
0.000722241
0.000716112
0.000547953
0.000293857
0.000107962
2.31828e-05
4.19855e-06
9.14012e-07
2.63772e-08
4.02352e-09
4.0877e-09
4.74089e-09
1.84967e-10
1.84967e-10
1.84967e-10
1.84967e-10
4.74089e-09
4.74089e-09
1.69335e-08
1.69335e-08
1.6984e-08
1.6984e-08
4.79202e-09
4.57149e-09
1.46053e-08
3.38694e-09
1.8612e-09
1.47184e-08
1.47184e-08
1.47184e-08
2.25323e-09
3.28074e-09
7.37672e-10
7.37672e-10
7.37672e-10
7.37672e-10
5.22244e-10
5.22244e-10
5.22244e-10
2.48738e-08
2.48738e-08
3.78025e-08
3.87065e-09
7.25198e-11
7.64836e-11
3.93562e-09
4.81109e-08
2.19588e-08
2.19588e-08
2.19588e-08
2.19588e-08
4.81109e-08
4.11103e-09
4.75375e-09
3.73027e-08
2.13643e-08
3.73027e-08
3.87547e-08
3.87547e-08
1.4828e-08
1.4828e-08
4.11006e-09
3.14998e-10
3.14998e-10
3.14998e-10
2.33299e-09
2.95401e-08
2.95401e-08
5.17868e-07
2.49768e-08
2.49768e-08
2.99852e-08
2.99852e-08
7.12945e-07
2.27018e-06
2.27018e-06
7.01075e-07
2.34047e-08
2.34047e-08
1.12352e-08
1.12352e-08
1.51785e-07
1.51785e-07
1.51785e-07
1.51785e-07
1.51785e-07
5.99382e-07
6.5779e-07
1.45273e-06
1.53203e-06
1.4504e-06
1.35764e-06
8.78417e-07
8.498e-07
6.276e-07
8.38071e-07
2.62903e-06
5.60359e-06
1.21809e-05
1.56941e-05
1.57402e-05
1.26297e-05
6.30768e-06
3.13709e-06
1.17122e-06
8.53531e-08
4.24745e-09
5.13236e-09
5.13236e-09
4.74089e-09
1.82115e-08
1.69335e-08
1.69335e-08
1.6984e-08
1.6984e-08
1.83016e-08
5.87897e-09
5.87897e-09
4.65944e-09
3.65583e-08
3.42911e-08
1.5764e-08
1.83067e-08
7.28205e-08
2.25726e-07
2.25726e-07
2.32168e-07
2.32168e-07
2.32168e-07
1.83828e-08
1.83828e-08
2.12819e-08
5.13236e-09
5.13236e-09
2.12819e-08
1.82115e-08
1.82115e-08
1.82115e-08
1.83016e-08
1.83016e-08
1.83016e-08
5.87897e-09
5.87897e-09
6.08717e-09
4.74991e-09
4.6606e-09
4.89783e-09
1.8639e-08
2.25726e-07
2.25726e-07
2.32168e-07
1.83828e-08
1.83828e-08
2.12819e-08
2.12819e-08
2.37664e-08
2.37664e-08
6.08717e-09
6.08717e-09
6.08717e-09
2.37664e-08
1.8639e-08
1.8639e-08
1.8639e-08
2.37664e-08
1.47184e-08
1.47184e-08
8.74429e-08
8.74429e-08
7.37672e-10
7.37672e-10
7.37672e-10
7.37672e-10
5.22244e-10
5.22244e-10
5.22244e-10
2.48738e-08
2.48738e-08
2.48738e-08
3.78025e-08
3.78025e-08
3.78025e-08
4.81109e-08
4.81109e-08
4.81109e-08
4.81109e-08
4.81109e-08
4.81109e-08
3.78025e-08
4.1169e-09
4.53617e-09
3.57764e-09
2.48738e-08
2.48738e-08
2.48738e-08
3.78025e-08
3.78025e-08
3.78025e-08
3.71223e-09
8.74429e-08
8.74429e-08
8.74429e-08
8.74429e-08
8.74429e-08
8.74429e-08
)
;
    }
    procBoundary4to3
    {
        type            processor;
        value           nonuniform List<scalar> 
601
(
4.79444e-12
4.20555e-12
2.0175e-10
2.0175e-10
2.0175e-10
5.95826e-09
5.95826e-09
9.19636e-10
3.60874e-10
3.60874e-10
3.60874e-10
1.37432e-09
1.37432e-09
5.20263e-10
5.20263e-10
3.16075e-11
3.16075e-11
5.07231e-11
2.94993e-10
1.74036e-08
1.08983e-07
1.08983e-07
1.08983e-07
1.04161e-05
0.000600601
0.0384084
0.102064
0.1566
0.157381
0.107787
0.0445103
0.0102883
0.643969
16.4276
70.6389
135.847
179.212
196.442
199.149
194.871
208.254
242.396
336.919
405.503
450.04
469.139
465.113
431.69
371.683
285.934
184.775
87.634
21.0018
1.20636
0.0221825
0.000353095
4.71478e-06
5.41329e-07
3.77057e-07
2.90869e-06
2.90869e-06
3.57915e-07
2.46997e-07
4.59391e-07
4.59391e-07
2.43352e-07
7.04329e-08
7.04329e-08
9.76962e-07
2.73596e-06
2.73596e-06
6.74723e-07
1.39015e-08
1.33677e-09
1.33677e-09
3.05394e-10
3.05394e-10
2.86868e-11
2.86868e-11
2.86868e-11
2.59842e-11
2.59842e-11
2.18197e-10
2.18197e-10
2.18197e-10
2.18197e-10
2.18197e-10
1.34355e-09
6.46938e-11
6.46938e-11
5.425e-11
5.425e-11
1.03114e-09
2.0175e-10
5.95826e-09
5.95826e-09
5.95826e-09
2.49731e-08
2.49731e-08
2.49731e-08
1.21434e-09
3.60874e-10
1.37432e-09
1.37432e-09
5.20263e-10
5.20263e-10
3.16075e-11
3.16075e-11
4.92128e-11
5.22981e-11
1.56386e-09
1.74036e-08
1.74036e-08
1.74036e-08
1.08983e-07
3.15742e-06
0.000128089
0.00808295
0.497161
2.26916
5.22986
7.35034
7.37864
5.48011
2.61179
34.3551
105.374
175.73
214.842
226.606
227.07
222.532
240.582
285.046
308.179
317.341
314.685
296.453
262.997
207.259
132.281
57.4573
10.8913
0.442512
0.00927404
0.000182497
2.8873e-06
5.24621e-07
3.68569e-07
1.90942e-06
1.90942e-06
3.56771e-07
2.46334e-07
3.91349e-07
3.91349e-07
2.44106e-07
7.04329e-08
7.04329e-08
1.02739e-06
3.15894e-06
3.15894e-06
6.79994e-07
1.35505e-06
3.39942e-08
1.33677e-09
1.33677e-09
3.05394e-10
3.05394e-10
2.86868e-11
2.59842e-11
2.59842e-11
2.18197e-10
2.18197e-10
2.18197e-10
6.8326e-09
6.8326e-09
3.42554e-08
2.31796e-09
6.46938e-11
6.46938e-11
5.425e-11
5.425e-11
1.95306e-09
2.49731e-08
2.49731e-08
2.49731e-08
2.49731e-08
2.49731e-08
8.35992e-08
4.52706e-09
4.57992e-09
2.23947e-09
1.85066e-09
1.23722e-10
1.23722e-10
1.23722e-10
1.23722e-10
7.5388e-11
1.92146e-09
5.7663e-08
5.7663e-08
4.5212e-07
6.30809e-07
1.35266e-05
0.000938981
0.0568889
2.69068
13.9153
31.8626
48.0321
57.1955
57.4312
49.4112
129.657
199.915
233.652
240.307
239.235
234.379
255.16
261.41
260.144
248.345
226.697
184.71
120.789
52.6827
9.78786
0.415876
0.0107941
0.00026674
5.87313e-06
9.13607e-07
1.10338e-06
3.57905e-06
3.57905e-06
1.08728e-06
6.67392e-07
8.98452e-07
8.98452e-07
6.62145e-07
1.1502e-07
1.1502e-07
2.23011e-06
7.57576e-06
7.57576e-06
1.06133e-05
1.39957e-06
1.7016e-06
4.07725e-08
1.27785e-09
1.27785e-09
2.8949e-10
2.8949e-10
2.8949e-10
1.20303e-09
6.8326e-09
6.8326e-09
6.8326e-09
3.42554e-08
3.42554e-08
3.42554e-08
1.23576e-07
7.7929e-09
7.7929e-09
3.05009e-10
3.05009e-10
2.73001e-10
2.73001e-10
7.49478e-09
7.49478e-09
8.35992e-08
8.35992e-08
8.35992e-08
8.35992e-08
8.35992e-08
8.3851e-08
8.3851e-08
3.50072e-08
3.50072e-08
8.2907e-09
1.23722e-10
1.23722e-10
1.23722e-10
1.23722e-10
2.50457e-12
8.99125e-11
3.69839e-09
9.45148e-08
9.45148e-08
1.1097e-06
5.7663e-08
5.7663e-08
1.34904e-06
6.46588e-05
0.00363828
0.174923
4.63058
26.9644
64.1602
100.576
127.072
141.352
142.021
211.804
243.003
247.81
246.15
240.661
239.667
229.831
212.625
177.265
120.298
55.5762
11.7735
0.590227
0.0167171
0.000443554
9.66795e-06
1.00009e-06
1.15086e-06
5.37301e-06
5.37301e-06
1.11437e-06
6.73882e-07
1.04435e-06
1.04435e-06
6.64628e-07
1.1502e-07
1.1502e-07
2.78082e-06
1.06133e-05
1.22271e-05
1.22271e-05
9.68854e-06
1.66131e-06
6.11481e-07
1.35196e-08
1.27785e-09
1.27785e-09
2.8949e-10
1.61649e-09
3.42554e-08
3.42554e-08
3.42554e-08
1.23576e-07
1.23576e-07
1.23576e-07
1.23576e-07
7.7929e-09
7.7929e-09
7.68967e-09
3.05009e-10
3.05009e-10
2.73001e-10
2.73001e-10
7.48729e-09
7.49478e-09
7.49478e-09
8.35992e-08
8.35992e-08
8.3851e-08
8.3851e-08
8.3851e-08
3.50072e-08
3.50072e-08
3.50072e-08
8.2907e-09
8.2907e-09
8.2907e-09
1.99976e-09
4.14139e-09
1.72325e-10
4.56054e-12
4.07979e-11
1.86709e-09
5.48787e-08
8.27266e-08
8.27266e-08
1.15442e-06
9.45148e-08
9.45148e-08
5.86472e-06
0.000152915
3.77792e-06
0.00693378
0.20737
2.71122
24.7464
72.615
126.387
169.511
196.624
210.592
241.484
246.097
243.823
234.448
217.743
183.069
126.666
60.8042
14.0434
0.788043
0.0222758
0.000584418
1.27865e-05
1.36301e-06
9.9121e-07
8.64674e-06
8.64674e-06
9.18017e-07
9.25604e-07
1.39594e-06
1.39594e-06
9.14496e-07
1.48605e-07
1.48605e-07
3.3446e-06
3.00175e-06
9.68854e-06
2.76224e-06
2.76224e-06
9.44161e-07
5.93044e-07
1.28824e-07
3.8011e-09
3.73618e-09
1.23576e-07
3.42554e-08
1.23576e-07
1.23576e-07
1.28824e-07
1.28824e-07
1.28824e-07
7.68967e-09
7.68967e-09
7.68967e-09
1.21355e-07
6.34371e-09
3.93462e-09
5.99369e-09
5.99369e-09
2.94082e-09
7.48729e-09
7.48729e-09
7.48729e-09
8.3851e-08
8.3851e-08
8.3851e-08
3.50072e-08
3.50072e-08
3.50072e-08
8.2907e-09
1.42034e-07
3.22428e-08
3.22428e-08
1.43337e-09
5.94766e-08
5.94766e-08
5.00241e-07
5.48787e-08
5.48787e-08
5.48787e-08
8.27266e-08
8.27266e-08
4.14288e-06
0.000145839
6.23642e-06
0.000213603
0.00601986
0.0853328
0.439844
9.69829
49.2562
110.296
167.877
207.984
230.115
236.788
219.597
184.283
127.748
62.142
14.7851
0.854061
0.0234999
0.000592653
1.26235e-05
1.35621e-06
9.77066e-07
8.43499e-06
8.43499e-06
9.05832e-07
9.23905e-07
1.37187e-06
1.37187e-06
9.13131e-07
1.48605e-07
1.48605e-07
3.96778e-08
9.83715e-07
6.40487e-07
9.44161e-07
3.36261e-06
3.36261e-06
1.28824e-07
1.28824e-07
1.28824e-07
5.20107e-07
1.21355e-07
1.21355e-07
1.21355e-07
1.62605e-06
1.42034e-07
1.42034e-07
1.42034e-07
1.42034e-07
1.42034e-07
1.42034e-07
3.22428e-08
3.22428e-08
6.0499e-07
5.94766e-08
5.94766e-08
2.14709e-06
4.60993e-05
1.93028e-06
1.93028e-06
8.29605e-07
8.29605e-07
4.15773e-07
1.15213e-06
1.38362e-06
4.93225e-05
0.00211217
0.0115389
0.000275573
2.48436e-06
1.16882e-06
4.65477e-07
2.94708e-06
2.94708e-06
4.44449e-07
2.68524e-07
4.67291e-07
4.67291e-07
2.63426e-07
3.96778e-08
3.96778e-08
3.96778e-08
3.75738e-07
9.33984e-07
3.68516e-05
0.000197446
0.000197446
8.53922e-06
0.000513716
1.52191e-05
0.000804001
1.805e-05
1.42034e-07
1.805e-05
4.6676e-06
8.81598e-07
1.50574e-05
1.50727e-06
4.20662e-05
0.00109734
0.00109734
4.60993e-05
1.10909e-06
4.72591e-07
4.14419e-07
2.61231e-07
2.95523e-07
2.95523e-07
2.59744e-07
3.48983e-07
5.01846e-07
2.77346e-06
0.000253893
0.00242571
0.0124967
0.0124967
0.832483
0.0316721
0.0316721
0.000804001
0.000156238
0.00608936
0.000646544
0.0171608
0.0171608
0.16303
0.832483
0.832483
0.16303
1.72843e-05
1.28824e-07
)
;
    }
    procBoundary4to5
    {
        type            processor;
        value           nonuniform List<scalar> 
688
(
2.33903
2.33903
39.0858
39.0858
51.3242
4.32239
0.0924375
0.0441995
0.0441995
0.0208803
1.19774
28.7255
124.932
140.753
140.753
154.402
160.419
58.8264
5.90776
0.137649
0.137649
0.0924375
0.0441995
0.0208803
0.00665716
0.00665716
0.409358
16.1005
97.8199
217.745
233.248
234.822
234.822
231.2
226.207
223.387
162.756
62.5226
6.81346
0.164969
0.164969
0.10064
0.0803425
0.0487007
0.0168851
0.00384004
0.00133436
0.00133436
0.0891683
5.46329
61.3831
179.784
286.226
299.879
294.094
280.995
280.995
264.998
253.231
246.915
233.901
216.649
165.226
68.204
8.406
0.216125
0.216125
0.179997
0.105739
0.0392738
0.0384813
0.0298564
0.0071772
0.00938418
0.00941345
0.00678952
0.00329453
0.00102443
0.00574555
0.0203901
0.0493872
0.08442
0.105983
0.101181
0.0805648
0.0805648
0.0169036
0.00665832
0.00169561
0.000266252
0.0184548
1.38824
33.4032
173.995
173.995
282.049
336.116
356.521
366.56
366.534
352.362
337.886
338.169
360.137
498.337
1166.98
1192.26
1191.53
1181.25
1181.25
1249.06
1325.2
1428.75
1563.16
1461.55
1376.13
1311.75
1311.75
1312.13
1323.21
1321.27
1308.36
1278.92
1238.54
1178.55
1091.39
968.763
798.966
584.469
359.216
164.673
37.5995
1.49333
0.00201209
0.000142337
5.5049e-06
7.07268e-07
6.47772e-07
1.0631e-06
1.09008e-06
1.13403e-06
1.09835e-06
3.91152e-07
3.79638e-07
4.39927e-07
6.61216e-06
8.23671e-05
0.0462182
0.00363582
0.000151734
4.8677e-06
6.65023e-07
5.96023e-06
0.000278726
0.0137138
0.604366
0.00822868
0.000117905
2.80514e-06
1.21748e-06
1.78966e-06
1.26922e-05
0.000160203
0.0110495
0.816312
25.541
120.321
241.606
322.364
338.825
337.533
327.629
313.579
313.579
297.475
283.439
275.569
258.695
239.568
222.543
211.517
164.502
68.4654
8.45897
0.216989
0.216989
0.216312
0.202456
0.154768
0.084152
0.0294118
0.0155861
0.0492698
0.10367
0.155081
0.180394
0.165324
0.137634
0.137634
5.91035
3.90478
0.981124
0.409532
0.113746
6.68069
67.0741
215.131
227.304
196.721
196.721
289.008
329.16
349.057
365.503
375.535
369.285
355.855
357.222
374.04
497.71
494.478
493.075
493.075
555.364
668.796
904.674
822.536
773.575
939.715
737.304
613.861
613.861
658.415
668.481
638.601
584.493
543.135
517.284
501.909
492.744
479.584
447.509
373.548
254.558
119.502
24.8026
0.819679
0.00127098
8.76473e-05
3.31939e-06
3.93517e-06
4.44214e-06
4.73286e-06
3.87268e-06
7.59158e-07
3.63218e-05
0.000487956
0.246159
10.7882
2.99683
0.246613
0.00960132
0.000250334
0.0146397
0.847947
18.9767
81.4926
12.4362
0.250755
0.00328973
4.49371e-05
0.000880315
0.0658966
4.64435
56.3985
167.118
272.613
328.306
351.107
358.516
361.523
361.041
357.099
357.099
355.028
347.075
341.26
325.744
300.495
298.28
238.092
221.184
209.345
160.566
64.4983
7.44765
0.187839
0.187839
0.1903
0.167993
0.167993
6.83354
62.2788
58.8476
49.3004
26.0635
16.1078
97.85
233.306
234.855
232.205
231.266
208.7
208.7
288.749
320.468
339.495
358.927
378.588
384.837
377.705
380.647
388.876
403.468
403.468
528.031
795.352
949.302
1335.09
1747.73
1113.98
1028.49
1654.22
1187.5
891.638
993.819
637.881
637.881
771.279
795.981
678.973
550.124
459.755
397.843
361.707
342.66
333.713
325.185
294.205
215.402
104.048
21.0601
0.703607
0.00136341
0.000100232
0.000116129
0.000123366
9.52696e-05
0.00122851
0.566957
17.9843
93.4825
74.6891
42.2805
11.2075
0.643808
18.7651
88.8913
187.369
271.964
309.557
340.079
354.744
367.8
382.241
398.445
416.063
416.063
449.033
476.524
486.985
503.488
403.974
384.439
382.436
398.854
499.099
320.058
255.166
231.288
213.537
160.054
62.84
7.01476
0.174562
0.174562
0.174562
7.01476
62.84
160.054
160.907
160.483
153.536
120.329
236.869
231.243
224.613
220.938
230.296
232.355
213.699
213.699
288.238
317.51
336.516
357.63
382.847
400.315
403.793
403.727
403.727
560.469
765.483
1071.14
1802.42
1253.7
2044.69
3426.41
2365.17
1834.78
1248.8
1881.78
1208
833.877
744.647
744.647
676.842
734.3
766.943
717.148
813.711
597.682
465.538
386.739
339.493
312.686
297.3
286.35
262.676
198.435
97.9188
20.0036
0.690844
0.00150001
0.00158012
0.721456
20.4955
98.8717
199.199
196.5
179.733
138.278
74.3892
177.919
241.2
266.615
311.881
330.958
346.847
367.49
397.246
436.875
488.198
488.198
573.393
707.055
857.082
857.082
744.116
828.987
912.586
590.344
577.05
565.422
591.429
892.505
810.348
718.159
822.94
469.146
333.957
271.632
244.255
220.938
230.296
232.355
213.699
288.238
317.51
336.516
357.63
382.847
400.315
403.793
566.098
796.343
783.284
1244.84
1918.29
4143.53
2804.1
5067.69
4567.09
2508.03
4121.73
2144.68
1432.91
931.866
931.866
744.647
707.931
707.931
793.246
783.161
776.281
776.281
813.711
583.156
583.156
460.772
384.152
338.845
313.437
299.254
288.241
263.597
268.571
299.396
313.102
328.433
353.415
394.63
458.964
554.84
554.84
756.65
1159.75
1159.75
1405.7
857.082
857.082
1227.67
1415.38
1788.27
1779.37
961.659
929.431
1755.81
1697.19
1388.48
1190.64
1930.76
1394.38
983.176
809.416
579.969
428.762
343.357
293.622
264.453
282.015
309.564
342.286
388.096
457.034
528.431
755.657
1146.81
1154.35
2113.54
3686.32
10229.3
9881.47
9881.47
5531.21
5531.21
4121.73
2144.68
1432.91
1884.31
1255.29
1537.52
1093.85
1100.33
793.246
783.161
1236.54
1115.19
1866.53
1321.54
1048.01
944.638
944.638
944.638
1418.63
1159.75
1159.75
1893.75
2293.84
1444.9
2000.4
3066.6
3627.58
5411.54
5229.69
3574.97
2889.24
5620.45
3596.91
2032.8
1310.62
1654.66
3123.82
5537.18
16847.6
23930
25868.1
24697.7
7040.31
4120.91
5530.44
3110.92
3537.68
2037.63
1922.71
4143.35
3039.35
2351.83
1519.38
944.638
1521.18
2347.64
1870.11
2777.72
3020.22
5984.72
3781.16
5667.37
13592
13460.1
14687.3
12632.4
29495.1
104682
88683.5
45796
24697.7
25867.9
9881.29
8057.38
8140.41
3895.05
2605.63
3914.53
8033.28
3080.13
4358.97
10659.6
23085.6
18325.5
26289.4
96499.2
80266.6
132591
151205
88683.1
72349.1
36604.1
14407.7
11310.9
15230
27402.3
9369.38
93193.3
103318
128728
130773
81673.5
)
;
    }
}


// ************************************************************************* //
