/*--------------------------------*- C++ -*----------------------------------*\
  =========                 |
  \\      /  F ield         | OpenFOAM: The Open Source CFD Toolbox
   \\    /   O peration     | Website:  https://openfoam.org
    \\  /    A nd           | Version:  9
     \\/     M anipulation  |
\*---------------------------------------------------------------------------*/
FoamFile
{
    format      ascii;
    class       volScalarField;
    location    "0.0004";
    object      T;
}
// * * * * * * * * * * * * * * * * * * * * * * * * * * * * * * * * * * * * * //

dimensions      [0 0 0 1 0 0 0];

internalField   nonuniform List<scalar> 
5235
(
1631.48
287.926
287.926
288.044
287.926
287.979
288.12
370.539
287.94
288.016
288.151
287.926
1941.84
287.926
287.926
287.926
287.926
287.926
287.926
287.926
287.927
287.926
287.926
475.561
994.243
287.927
287.926
809.663
287.926
410.057
1893.9
350.194
1823.14
1260.7
333.983
1945.51
1251.69
287.926
287.926
287.98
287.994
342.015
1525.56
538.222
287.926
287.926
288.006
287.929
750.019
1151.2
1223.75
1621.46
1613.64
1675.35
1912.21
288.021
287.926
287.926
288.183
288.122
287.926
287.926
287.929
287.995
288
287.926
287.926
287.926
287.926
287.926
287.927
287.926
288.138
287.926
287.935
287.926
287.973
287.926
287.926
287.927
287.935
287.926
287.926
303.489
287.926
289.483
287.926
287.926
287.964
287.926
288.558
287.926
287.926
287.926
290.201
1909
289.346
287.926
288.506
418.384
287.926
287.928
287.926
287.926
1690.74
1854.12
1923.26
1750.73
1927.32
1897.77
1190.03
1586.23
1925.41
1898.77
1925.44
1896.99
1932.01
1452.53
1723.09
1614.59
1917.43
1480.9
1913.33
1842.86
898.004
1564.62
1496.85
1208.39
566.259
564.858
358.767
360.138
1248.5
1514.4
1224.19
600.184
555.298
357.383
372.799
287.927
287.926
287.926
287.926
288.234
287.926
287.935
287.926
287.926
287.931
287.95
287.926
287.926
287.926
423.626
287.926
291.189
287.926
287.926
287.926
287.926
287.926
287.926
287.926
287.926
287.926
287.926
287.926
287.926
287.926
287.926
296.728
289.837
287.926
287.926
287.926
290.301
288.042
287.926
287.926
287.926
287.926
1390.35
1037.18
618.489
312.625
418.366
317.87
293.221
1477.02
2259.87
1795.6
775.305
599.399
375.627
457.851
287.928
287.926
287.926
287.927
287.929
287.926
287.926
287.929
287.926
287.926
287.929
287.926
287.926
287.926
787.772
977.608
568.38
340.382
308.808
299.031
288.513
299.87
651.547
1701.88
1153.71
288.651
350.329
326.277
1259.28
1376.96
1919.33
1401.61
291.434
427.405
499.131
1291.93
968.617
1868.98
1308.92
289.899
456.233
354.274
333.67
719.155
700.643
296.909
288.506
288.461
297.258
738.948
708.873
333.593
296.973
288.607
288.473
298.871
1378.75
1368.2
1233.08
491.971
413.221
403.594
291.194
1021.22
512.146
309.798
301.002
290.359
289.221
288.039
312.636
290.785
288.814
288.605
288.167
287.956
287.933
287.926
287.926
287.926
287.926
287.927
287.926
287.926
287.926
287.926
287.926
287.927
287.926
287.926
287.926
359.487
1271.87
871.249
299.327
289.473
288.579
312.57
293.215
287.982
292.62
288.811
287.939
287.937
288.899
338.039
291.086
307.979
291.527
287.958
288.145
288.453
294.208
287.984
292.603
288.811
287.941
287.937
289.067
317.711
292.716
289.584
288.825
288.245
287.98
287.936
288.085
288.04
288.016
287.929
287.928
287.927
287.928
288.085
287.927
287.928
288.041
288.12
287.929
287.928
288.149
288.123
288.131
287.93
287.93
287.929
287.929
294.838
287.97
292.381
288.816
287.938
287.935
289.427
288.046
288.108
288.139
287.929
287.927
287.929
287.928
288.167
288.183
288.183
287.93
287.93
287.93
287.93
287.929
287.929
288.13
288.148
288.151
287.93
287.93
287.929
288.11
288.131
288.149
288.131
287.93
287.929
287.927
287.928
288.061
288.012
288.085
287.928
287.927
288.071
288.014
288.088
287.928
287.927
287.928
287.927
288.107
288.046
288.02
287.929
287.929
287.927
287.928
287.926
287.926
287.955
287.926
287.926
287.926
287.926
287.926
287.926
287.926
287.926
287.94
287.926
287.926
288.044
287.947
287.979
287.926
287.928
287.926
287.926
288.208
287.947
289.661
288.277
287.926
287.93
287.981
288.03
287.947
287.978
287.926
287.927
287.926
287.926
352.701
287.969
289.737
287.944
288.634
287.946
287.926
434.042
287.986
292.188
287.959
290.141
287.985
287.927
412.168
287.966
291.443
287.95
289.951
287.977
287.926
293.155
287.934
288.292
287.927
287.973
287.929
287.926
287.933
287.926
287.926
287.926
287.926
287.926
287.926
424.623
287.953
287.981
287.968
290.228
291.605
289.504
288.115
287.937
288.788
287.928
288.117
287.937
287.926
291.774
287.928
288.137
287.927
288.041
287.932
287.926
346.277
287.944
289.514
287.942
289.37
287.965
287.926
304.458
287.945
288.543
287.931
288.07
287.932
287.926
291.897
287.932
288.016
287.929
287.962
287.927
287.926
289.936
287.988
287.982
287.952
287.948
287.926
287.927
289.856
287.998
287.983
287.956
287.949
287.926
287.927
288.024
287.933
287.926
287.927
287.932
287.927
288.037
288.028
287.934
287.926
287.927
287.933
287.927
288.056
287.932
287.967
287.957
287.926
287.926
287.926
287.926
287.967
287.933
287.957
287.926
287.926
287.926
287.926
287.948
287.926
287.955
287.932
287.926
287.926
287.926
287.956
287.931
287.932
287.926
287.926
287.926
287.926
288.109
287.931
288.019
287.928
287.959
287.927
287.926
290.831
288.131
288
287.985
287.951
287.926
287.927
288.695
287.929
287.948
287.927
287.935
287.926
287.926
287.932
287.929
287.927
287.926
287.926
287.926
287.926
288.016
287.926
287.944
287.926
287.927
287.926
287.926
287.926
287.926
287.926
287.926
287.926
287.926
287.926
288.026
287.937
287.926
287.927
287.932
287.927
288.105
287.965
287.926
287.926
287.926
287.928
287.926
287.932
287.931
287.929
287.941
287.926
287.926
287.926
287.926
287.932
287.929
287.943
287.926
287.926
287.926
287.926
288.134
287.926
287.947
287.926
287.938
287.927
287.926
1450.99
496.393
1498.35
1561.11
288.991
287.926
287.947
287.928
1606.16
1612.92
1187.63
1594.82
1057.89
884.035
692.596
1636.45
1095.9
1475.32
468.976
799.611
454.409
316.133
925.657
666.882
1299.93
306.013
475.43
365.991
293.92
366.817
288.386
325.785
288.148
306.459
295.915
288.011
968.367
299.301
392.306
306.251
288.025
290.156
288.946
290.059
288.057
300.09
289.843
287.928
288.194
287.945
288.116
287.953
290.39
288.754
287.926
287.982
287.935
288.101
287.927
287.926
287.926
287.946
287.936
287.927
287.99
287.926
287.94
287.926
287.926
287.926
287.926
287.928
287.926
287.926
287.926
287.926
287.926
287.926
287.944
287.926
287.929
287.926
287.926
287.926
287.926
287.928
287.932
287.93
287.926
287.926
287.926
287.926
287.928
287.931
287.929
287.926
287.926
287.926
287.926
287.931
287.928
287.93
287.926
287.926
287.926
287.926
287.932
287.928
287.93
287.926
287.926
287.926
287.926
287.927
287.926
287.926
287.926
287.926
287.926
287.926
287.926
287.926
287.952
287.926
287.926
287.926
287.926
287.927
287.927
287.928
287.926
287.926
287.926
287.926
287.926
287.927
287.956
287.926
287.926
287.926
287.926
287.926
287.926
287.933
287.926
287.926
287.926
287.926
287.926
287.926
287.953
287.927
287.926
287.926
287.926
287.927
287.927
287.991
287.927
287.926
287.926
287.926
287.926
287.926
287.941
287.926
287.926
287.926
287.926
287.927
287.926
287.926
287.926
287.926
287.926
287.926
287.928
287.926
287.927
287.926
287.926
287.926
287.926
287.927
287.927
287.928
287.926
287.926
287.926
287.926
287.926
287.927
287.927
287.926
287.926
287.926
287.926
287.926
287.926
287.926
287.926
287.926
287.926
287.926
287.926
287.926
287.926
287.926
287.926
287.926
287.926
287.926
287.926
287.926
287.926
287.926
287.926
287.926
287.926
287.926
287.926
287.926
287.926
287.926
287.926
287.926
287.926
287.926
287.926
287.926
287.926
287.926
287.926
287.926
287.927
287.926
287.926
287.926
287.926
287.926
287.926
287.928
287.926
287.926
287.926
287.926
287.927
287.926
287.926
287.926
287.926
287.926
287.926
287.926
287.926
287.927
287.926
287.926
287.926
287.926
287.926
287.926
287.926
287.926
287.926
287.926
287.926
287.926
287.926
287.927
287.926
287.926
287.926
287.926
287.926
287.926
287.928
287.926
287.926
287.926
287.926
287.926
287.926
287.926
287.926
287.926
287.926
287.926
287.926
287.929
287.927
287.926
287.926
287.926
287.926
287.926
287.927
287.927
287.926
287.926
287.926
287.926
287.926
287.926
287.926
287.926
287.926
287.926
287.926
287.926
287.926
287.926
287.926
287.926
287.926
287.926
287.926
287.926
287.926
287.926
287.926
287.926
287.926
287.926
287.926
287.926
287.926
287.926
287.926
287.926
287.926
287.926
287.926
287.926
287.926
287.926
287.926
287.926
287.926
287.926
287.926
287.926
287.926
287.926
287.926
287.926
287.926
287.926
287.926
287.926
287.926
287.926
287.926
287.926
287.926
287.926
287.926
287.926
287.926
287.926
287.926
287.926
287.926
287.926
287.926
287.926
287.926
287.926
287.926
287.926
287.926
287.926
287.926
287.926
287.926
287.926
287.926
287.926
287.926
287.926
287.926
287.926
287.926
287.926
287.926
287.926
287.926
287.926
287.926
287.926
287.926
287.926
287.926
287.926
287.926
287.926
287.926
287.926
287.926
287.926
287.926
287.926
287.926
287.926
287.926
287.926
287.926
287.926
287.926
287.926
287.926
287.926
287.926
287.926
287.926
287.926
287.926
287.926
287.926
287.926
287.926
287.926
287.926
287.926
287.926
287.926
287.926
287.926
287.926
287.926
287.926
287.926
287.926
287.926
287.926
287.926
287.926
287.926
287.926
287.926
287.926
287.926
287.926
287.926
287.926
287.926
287.926
287.926
287.926
287.926
287.926
287.926
287.926
287.926
287.926
287.926
287.926
287.926
287.926
287.926
287.926
287.926
287.926
287.926
287.926
287.926
287.926
287.926
287.926
287.926
287.926
287.926
287.926
287.926
287.926
287.926
287.926
287.926
287.926
1687.36
1303.87
1143.09
472.551
1700.53
1224.43
1560.44
1773.62
342.882
512.873
364.785
643.496
700.079
999.584
933.823
681.403
643.442
936.775
448.161
878.297
1183.01
1484.76
1251.85
775.053
833.564
1401.68
1700.73
1731.49
1350.6
1749.76
1731.6
1767.66
1251.7
1316.49
1567.8
1523.24
1449.85
1002.06
1311.54
1541.24
1918.69
1817.52
1758.54
1706.92
1782.07
1769.14
1637.31
1481
1683.02
1829.92
1636.59
1642.79
1124.74
1779.3
1781.92
1797.62
1750.94
1213.39
529.129
937.46
1841.79
1583.56
1782.07
1872.92
1498.92
542.722
1017.48
226.664
213.995
816.648
211.08
890.268
1216.69
223.411
256.4
213.915
232.866
204.195
224.825
235.808
215.044
253.684
210.983
203.57
207.49
220.275
214.222
212.562
205.294
223.873
217.298
224.852
217.082
221.622
220.331
217.719
211.806
206.027
211.481
223.1
214.727
219.185
205.453
221.113
215.548
227.122
217.064
218.895
214.906
222.886
375.709
893.668
405.243
406.127
826.243
383.187
890.002
411.853
420.708
855.63
968.915
443.506
397.566
918.218
207.661
202.963
207.194
207.471
208.071
213.217
209.874
211.006
210.526
210.796
214.484
210.56
216.407
212.568
1507.48
341.603
349.979
2552.58
1609.86
2631.15
1634.35
297.573
364.568
277.317
1609.57
1794.3
1626.05
1809.61
252.99
248.897
224.739
223.316
203.702
216.894
209.944
271.82
236.531
229.96
223.539
216.921
229.642
215.109
230.655
239.457
233.432
215.044
216.956
216.181
216.347
230.161
231.406
207.509
225.564
206.187
211.593
212.082
465.541
1206.98
575.226
1188.51
560.654
459.196
1005.15
577.728
1291.27
622.618
474.579
1096.84
507.17
1033
311.003
242.286
295.593
247.169
210.467
212.068
230.426
244.963
316.928
298.161
214.94
239.325
217.607
233.066
373.998
301.332
282.365
580.828
519.769
460.344
651.958
332.52
276.827
287.394
568.195
502.116
453.548
619.064
290.867
305.047
287.965
492.693
494.856
446.804
546.596
281.189
312.022
293.801
494.65
503.355
450.357
551.047
768.345
1479.65
742.733
1073.85
1883.12
1114.34
1872
335.113
493.81
359.626
634.104
1041.65
962.981
701.046
762.355
1585.34
823.777
1096.81
1964.24
1898.47
1177.95
337.374
547.208
496.074
635.182
1044.08
964.401
703.007
1111.5
1049.91
1702.9
1584.94
960.559
1188.65
1688.91
1126.09
1074.35
1590.07
1738.28
969.604
1226.39
1697
1028.34
1033.17
1657.98
1577.81
939.246
1118.36
1630.71
1029.18
1043.38
1581.82
1669.13
942.515
1122.36
1633.74
1609.91
2357.27
2610.86
2076.19
2311.47
1684.97
2039.81
1246.35
1602.24
1740.91
1813.89
1559.61
1322.11
1730.75
1246.75
1607.88
1817.95
1751.79
1561.67
1323.78
1733.92
1588.52
2286.26
2016.45
2589.41
1627.15
2288.75
2023.25
1362.06
1299.06
773.84
753.103
1469.01
327.218
1018.56
1408.5
227.949
295.205
265.167
1226.53
283.25
220.941
289.565
213.129
350.242
225.533
222.135
222.767
232.951
217.643
225.842
219.707
222.604
218.908
220.072
217.466
216.861
218.499
215.31
467.193
939.743
432.398
534.018
1043.15
478.602
1150.35
214.586
214.917
212.129
215.831
220.524
211.649
237.005
257.703
269.281
230.425
231.759
220.772
257.894
229.947
228.785
272.412
229.508
219.256
217.428
229.117
228.252
1835.3
1146.29
2025.84
493.246
1859.37
1713.64
2689.34
253.107
271.48
302.673
221.683
372.05
242.323
235.601
250.705
301.57
256.658
236.142
220.885
233.643
221.54
1289.33
747.929
617.25
1135.1
525.508
619.698
1293.68
643.643
1565.58
1194.84
699.425
820.904
560.757
1328.98
421.165
303.494
236.328
213.797
230.574
235.858
283.381
511.457
372.845
278.581
248.073
257.957
225.836
307.973
718.718
407.71
439.014
387.441
416.179
277.997
270.018
899.89
424.262
510.592
401.676
338.74
543.627
274.563
351.181
450.716
627.779
669.628
820.194
1129.44
973.351
2041.5
1707.52
974.607
766.614
1768.61
1027.61
1494.64
929.397
544.18
795.312
737.563
510.513
312.781
441.174
1891.3
941.002
1135.89
2075.82
1337.84
1589.41
2246.66
1437.42
812.306
966.65
1523.44
1728.81
1855.23
1390.61
1810.46
1706.37
1748.81
1283.86
1420.39
1668.81
1549.29
2421.63
2122.8
1440.92
1908.87
2757.13
2218.9
2497.29
2180.02
2664.53
2140.07
2454.28
1827.41
2032.26
2604.9
1098.08
1705.42
1617.34
1890.74
1779
1897.64
1769.81
1451.56
2577.34
2033.67
2239.37
2809.82
2267.68
2761.84
1764.52
287.935
1623.54
944.982
1382.33
611.15
958.72
352.051
1497.56
327.69
534.407
564.448
952.266
309.942
490.402
1018.16
727.417
504.142
380.215
876.283
650.755
1167.15
1395.47
287.93
1301.01
1515.11
287.933
287.926
290.664
287.926
1599.2
1175.29
1730.88
1119.3
1512.35
1550.24
1731.57
1500.07
1442.63
887.296
1446.9
1788.32
1803.08
1490.72
1680.28
1487.47
1298.52
1639.29
1663.62
1723.16
1774.77
1125.84
1785.42
1617.15
1848.39
1833.52
1599.82
1763.77
1776.73
746.738
1678.17
668.256
1639.22
1789.03
1450.63
1534.78
623.339
333.242
1141.97
1082.8
578.046
322.389
1253.04
506.97
1522.59
1812.24
1040.71
1319.09
1812.83
1451.35
668.329
926.288
366.374
475.84
306.063
293.962
496.664
297.598
288.029
294.721
287.997
448.73
289.881
287.979
287.932
287.996
294.089
288.439
292.664
288.308
288.611
290.795
287.956
312.82
370.748
288.817
288.169
287.926
287.928
287.953
288.759
290.397
288.116
287.983
287.944
287.937
287.95
287.991
288.02
287.929
567.819
287.926
1318.61
1425.4
1616.27
287.926
536.638
1910.51
320.041
1125.43
1599.31
1382.22
1763.28
1784.63
1832.77
1847.21
287.926
287.926
287.926
1060.5
1563.53
899.196
2509.63
245.441
678.208
438.897
1670.25
1208.04
1268.88
2444.44
1780.15
406.764
1685.86
793.339
1698.13
1290.24
845.201
440.891
1430.61
1746.52
1861.81
218.488
879.988
198.808
1096.79
1855.31
207.532
745.43
201.9
249.223
202.402
213.755
728.874
274.877
807.282
1492.21
1745.22
1777.13
1772.16
443.114
307.913
287.995
287.95
287.946
287.928
1119.86
1180.64
287.94
287.927
882.809
287.934
2519.43
1707.88
290.215
617.392
287.926
288.767
363.837
287.926
1667.01
1326.13
1743.76
289.602
419.617
287.927
294.017
1194.95
287.926
1870.67
1817.55
1748.27
1135.41
1565.79
360.85
288.289
362.396
287.926
288.76
287.926
287.961
287.926
298.012
290.721
287.926
287.927
287.926
287.926
287.926
287.926
287.926
287.926
287.926
287.926
287.926
287.926
2245.39
1004.71
213.584
233.6
212.067
216.726
527.95
288.405
1531.15
708.262
1871
1470.44
209.9
273.844
567.88
469.755
290.82
495.231
510.509
311.133
299.743
701.968
943.527
943.147
1595.42
1736.87
1247.09
1329.89
235.64
1129.33
1033.05
1896.97
215.078
580.302
239.033
214.27
203.969
214.727
201.65
209.883
226.113
933.563
307.644
936.371
216.204
450.454
239.346
547.527
701.336
274.506
978.745
362.441
384.63
1344.87
1366.42
211.137
222.565
211.131
206.177
218.077
213.59
205.929
218.724
229.91
234.742
229.359
226.684
222.62
226.707
213.092
227.114
208.834
210.914
219.435
220.387
206.351
205.991
211.801
205.425
211.486
223.108
213.918
219.2
234.734
236.841
238.399
235.185
235.336
236.122
233.572
230.796
233.892
231.435
227.276
223.986
233.483
230.525
232.124
236.954
233.666
232.733
234.546
234.73
226.077
230.752
229.818
225.898
228.91
230.894
229.006
223.366
201.174
202.286
197.318
198.204
202.461
205.415
197.281
205.233
201.01
200.118
200.74
205.565
201.596
199.914
202.034
207.463
203.591
207.462
205.303
212.257
203.964
199.944
201.021
200.118
200.708
201.886
205.218
205.555
263.359
249.93
213.967
218.534
250.074
216.424
261.435
207.472
207.654
202.947
207.194
208.094
213.239
204.19
252.879
216.773
203.608
224.685
213.868
248.742
223.236
223.485
229.911
256.288
271.75
216.87
229.596
236.455
230.676
215.052
233.455
239.492
216.946
235.813
216.368
231.416
206.132
226.657
211.571
225.531
207.473
230.151
318.485
372.644
1699.44
1560.28
544.686
1873.32
1614.05
397.401
832.539
379.405
922.423
417.319
451.526
988.934
210.838
202.881
200.798
202.732
198.618
202.975
226.034
202.897
203.059
198.632
210.878
200.812
202.719
202.388
410.971
2473.7
1347.4
800.283
1653.94
2500.5
1726.7
273.052
234.681
203.929
239.573
273.408
331.163
214.182
226.796
202.434
195.938
249.24
292.918
226.717
207.483
209.931
199.905
198.65
250.18
261.148
213.704
209.89
214.313
331.652
239.745
273.164
203.891
218.45
234.728
302.715
271.645
295.29
221.658
242.36
253.081
372.301
218.05
303.605
224.332
274.473
214.362
256.715
218.035
209.578
236.768
206.505
221.975
274.351
216.574
290.358
356.346
894.851
1662.13
1087.18
1741.27
1786.9
1645.23
575.122
1017.11
1187.94
458.996
465.451
560.429
1206.41
256.629
289.47
236.046
220.874
250.681
221.538
301.356
222.145
274.748
216.701
245.577
206.495
236.841
209.603
230.434
295.627
247.247
212.061
232.89
210.47
242.303
1216.25
474.581
577.512
622.504
1097.37
507.304
1291.19
316.951
233.097
298.223
214.963
245.014
253.737
217.647
245.179
248.287
382.052
295.012
224.666
223.751
288.801
296.779
288.125
290.917
1456.47
1583.81
1587.2
1292.58
415.91
352.202
732.926
835.598
361.799
399.346
877.117
619.134
502.271
453.421
349.917
276.741
332.299
287.358
547.232
446.953
493.077
305.193
277.33
288.014
290.926
460.094
519.461
651.374
282.267
341.361
373.784
301.204
494.999
503.476
551.388
281.22
293.887
312.108
297.603
517.476
967.457
440.563
1255.85
633.382
517.52
1097.21
365.882
269.705
215.83
509.256
236.758
343.484
299.449
219.012
224.135
199.959
422.787
296.775
224.045
274.747
1371.27
1145.22
545.761
617.833
1059.91
489.986
1262.44
509.977
344.119
236.989
366.263
269.951
249.36
215.915
699.436
1565.74
643.912
1195.66
560.982
1408.66
820.979
583.911
312.492
245.724
264.631
443.878
318.434
228.712
228.741
264.603
384.617
245.715
312.364
443.824
583.758
490.01
1263.35
617.897
545.84
1372.64
708.318
1146.17
266.277
401.525
254.439
792.793
730.654
384.81
419.317
253.304
497.648
301.27
861.268
747.605
390.567
475.014
257.853
510.843
372.622
278.516
247.896
225.818
349.796
464.176
1146.6
572.948
464.091
818.35
392.468
978.771
859.362
390.007
474.503
300.91
405.399
496.319
252.975
384.364
791.351
418.864
265.987
400.374
254.162
437.828
1009.05
561.197
947.838
307.207
487.245
321.46
604.277
463.481
1001.41
926.403
632.746
696.565
356.851
330.213
973.094
669.397
819.8
450.664
493.363
351.134
628.012
329.866
462.208
509.275
631.767
695.429
924.47
999.672
1073.24
1882.21
1114.03
768.197
1479.06
742.446
1498.27
941.826
1067.26
574.017
767.68
642.397
411.389
330.777
1042.55
543.169
494.1
963.916
634.81
359.954
335.265
1095.81
1962.7
1176.85
1506.59
761.859
823.257
1584.53
999.297
643.535
700.211
364.7
472.346
342.855
512.411
1045.2
496.424
965.481
635.879
703.694
337.555
364.722
736.163
1379.46
784.611
537.536
1063.56
508.134
1107.6
330.45
468.341
572.704
641.515
766.833
1065.39
939.708
808.236
550.653
306.339
955.621
1249.28
755.432
518.96
846.779
443.506
296.79
1229.78
725.979
443.318
846.623
1316.96
1391.76
1411.98
1351.96
1348.23
1326.27
1340.36
1561.8
1281.31
649.466
1854.02
1245.5
1500.42
855.046
618.903
1366.28
785.714
1460.76
909.435
1120.96
1587.06
1248.64
954.516
754.996
518.553
305.94
549.603
440.394
484.531
308.883
294.069
1378.91
1796.13
293.907
288.031
288.124
853.091
304.244
1585.43
287.928
287.926
433.185
500.173
1388.02
877.299
644.715
1157.42
372.834
720.159
785.765
1587.14
1121.07
1460.96
909.535
618.855
1208.25
644.383
876.74
499.815
1157.48
720
942.923
1388.09
843.905
1703.95
1008.32
1947.17
1235.03
1470.26
2094.44
443.182
942.555
645.931
1222.72
879.565
1190.18
1483.12
1501.06
1245.15
854.975
649.556
1563.28
899.035
1282.34
1588.74
2074.39
1336.89
940.592
1890.58
1712.96
1135.61
1008.42
2092.85
1702.37
1945.98
1235
843.837
1562.44
647.135
1191.33
880.798
1483.34
1223.35
678.892
443.889
681.454
1485.1
1225.28
1182.99
878.732
448.048
642.868
1346.34
1598.25
1243.55
1242.64
1345.7
740.302
850.78
1604.89
1228.48
1660.48
1227.67
722.864
1289.7
783.048
777.729
1404.73
1340.03
1644.45
1700.47
1320.29
1256.12
1701.08
1254.14
1318.85
775.244
843.183
1338.41
1403.56
1349.9
1453.65
912.706
1374.54
1725.46
1635.61
1270.25
1539.45
1719.66
1727.65
1115.53
1507.95
1612.68
1166.62
1636.44
1268.04
1372.98
790.461
910.094
1452.38
1348.16
1521.63
1374.33
1456.74
1287.5
1334.83
1287.79
1200.05
952.129
1480.59
1438.16
883.914
1443.54
1784.88
1791.59
1247.65
1738.33
1365.84
1597.71
1652.04
1500.24
1727.04
1235.36
1703.84
1310.12
1672.84
1496.76
1554.75
1711.07
760.297
1659.92
1232.67
1606.69
1871.7
1614.05
1169.18
1649.11
1751.8
1854.19
1649.11
1430.35
1228.56
939.941
1033.62
982.843
1586.43
1501.78
1514.22
1232.4
1261.17
1979.04
2177.75
1668.16
2178.81
1829.23
1668.28
1228.72
1311.67
2308.31
1936.76
2221.55
1700.81
2496.97
2019.18
1379.34
1767.02
1606.03
1120.14
1586.1
1808.44
1811.19
1379.14
1586.57
1606.25
1746.08
1767.84
1812.33
1810.32
1021.5
1543.65
1744.59
1785.85
1464.08
1682.45
1865.28
1662.41
1624.1
1287.4
1476.54
1617.74
1754.1
1737.15
1063.88
1729.41
1399.97
1684.78
1782.35
1399.9
1729.44
1872.28
1232.07
1606.66
1168.82
759.808
1268.66
1660.16
1325.34
1682.62
1867.11
1463.48
1019.96
1543.27
1745.29
1476.46
1753.42
1623.63
1616.55
1698.76
1662.29
1287.37
2021.48
2223.88
1701.08
1938.61
1311.2
1780.76
2311.14
1696.02
1755.19
1477.09
1669.66
1567.04
1714.95
1804.92
287.926
287.926
287.926
287.978
288.071
287.927
287.932
1728.74
1199.8
1673.57
1733.39
1257.26
1615.24
1671.22
1726.29
1671.03
1672.82
1614.96
1732.87
1194.2
1252.83
1993.28
2524.18
2029.37
2333.79
1738.78
1910.38
2430.93
1554.31
649.196
853.393
1583.06
1544.31
1155.7
1005.2
1155.31
1582.78
1543.87
1583.59
1554.23
1005.01
649.132
287.926
287.926
287.926
287.967
287.928
287.932
287.928
1111.68
1709.53
1635.42
1125.87
1641.26
1608.32
1696.82
1696.05
1693.33
1631.58
1640.19
1607.99
1119.38
1105.24
620.602
298.181
647.764
527.145
293.867
292.781
557.128
287.926
287.926
289.799
497.375
287.929
287.926
287.926
288.161
287.975
287.926
287.93
586.999
287.926
287.926
1438.86
1496.75
1773.22
746.92
1677.06
658.116
1626.41
1466.37
828.887
1434.42
1642.2
1589.59
1763.23
1675.18
1480.34
1520.39
921.993
1631.59
1685.24
1686.17
1738.21
1678.87
1875.08
1905.12
1829.17
1917.4
1705.63
1143.16
1765.02
1676.16
1860.61
1612.9
1156.77
779.199
1762.09
1845.49
1866.65
1836.31
1284.11
1845.97
1861.98
1585.13
1761.67
1859.85
1764.31
1674.85
775.896
1152.81
1609.27
1671.04
1879.58
1877.45
1794.22
1620.51
1729.82
1000.62
1703.41
1853.19
1334.19
1731.39
1872.98
1488.73
739.558
620.488
1071.26
321.023
568.382
332.988
1140.42
1501.9
1489.34
741.051
1732.68
1703.62
1335.93
1854.23
1748.86
294.059
462.664
560.983
462.837
289.222
290.923
380.853
1671.27
1878.3
1733.08
1005.25
1872.06
1881.26
1624.01
1811.78
1038.83
1811.86
506.558
1522.29
1251.13
351.547
1845.21
1064.85
1828.08
579.218
1564.96
1273.21
364.033
1999.14
1964.99
1366.26
2520.02
2018.26
2461.79
1991.22
1789.31
974.157
1286.13
338.252
1180.66
483.278
1487.37
287.926
287.926
287.926
287.934
287.926
288.717
288.127
2016.96
2459.92
1989.9
2506.43
1995.22
1961.24
1360.79
1439.73
441.365
769.001
1666.97
1446.78
1801.13
1813.33
1287.33
1489.07
1790.38
976.47
1773.8
1183.96
338.84
545.1
346.748
980.425
1527.08
1823.3
1782.93
1199.49
1401.08
414.874
977.746
307.057
1401.23
725.761
414.934
288.293
324.961
316.997
400.621
290.044
289.576
425.097
621.073
895.474
292.771
304.209
352.308
459.28
1422.36
909.333
2197.44
1687.08
2437.64
1919.65
2050.5
2521.16
459.27
895.978
1422.47
622.01
1247.57
352.413
292.795
287.926
287.926
287.926
287.926
287.926
287.938
287.926
322.042
289.167
332.806
1009.11
347.35
1031.19
365.751
1138.93
386.385
1150.9
385.188
362.936
289.958
289.3
347.037
351.308
289.716
1103.6
1150.21
391.848
403.468
1225.25
1287.41
437.303
418.306
290.742
436.138
291.066
287.995
294.489
304.549
358.072
288.304
288.868
319.1
288.865
304.525
357.948
288.304
319.076
294.488
287.995
300.12
292.331
674.707
307.647
295.467
288.167
288.069
306.181
940.08
1593.89
731.829
288.418
332.108
296.913
1104.76
591.733
1648.34
744.352
288.524
339.744
297.08
403.298
1222.05
1819.02
1059.98
349.001
289.642
360.926
826.954
373.682
305.793
305.693
373.066
288.202
289.483
1219.55
1179.27
402.777
348.389
1055.68
289.627
359.957
1773.66
821.149
324.825
382.737
1136.65
288.998
324.687
522.461
970.103
294.301
652.265
288.308
320.606
308.676
680.759
301.11
308.045
292.783
295.686
288.172
288.082
289.796
290.658
496.547
297.588
294.406
288.028
287.994
287.976
294.004
288.292
292.428
288.436
287.932
287.93
364.799
288.663
301.704
432.895
287.991
295.363
289.376
395.306
2018.45
1410.79
615.575
292.808
394.356
289.447
320.678
288.789
288.073
1022.46
636.929
351.279
300.618
973.25
288.313
321.089
524.501
1568.36
655.781
294.396
468.115
299.271
288.238
802.067
315.727
1496.5
641.285
295.406
287.991
289.379
365.261
883.554
301.74
288.668
294.426
443.28
496.64
290.659
297.604
288.028
287.994
448.982
294.739
289.884
290.676
297.66
288.029
287.997
293.725
294.95
607.838
382.445
287.945
289.159
289.305
288.761
398.447
327.89
1768.91
1211.33
525.45
366.587
290.433
362.151
308.069
288.472
288.123
287.952
287.932
361.824
288.121
288.713
287.932
288.466
290.413
287.952
289.34
287.928
288.108
288.024
297.104
289.34
287.94
288.993
288.007
287.941
292.938
576.665
362.488
288.897
287.928
287.928
288.088
288.015
288
287.927
287.927
287.928
288.061
288.085
288.012
287.995
287.927
287.927
287.933
287.972
288.096
288.601
290.119
287.926
287.928
287.926
287.95
288.096
290.119
288.603
287.933
287.972
288.03
287.926
287.927
287.947
287.973
287.926
287.926
288.751
288.771
287.95
287.926
287.937
287.926
287.937
300.112
287.928
287.935
287.935
288.637
288.071
288.075
287.944
287.926
287.955
289.153
289.74
287.962
287.948
287.965
287.927
287.967
290.422
290.674
287.975
287.978
289.783
287.926
287.955
287.94
289.081
287.948
288.753
287.937
287.926
287.935
320.77
288.689
287.948
288.837
290.038
289.024
289.019
287.943
287.957
287.926
287.957
289.79
361.463
287.955
287.941
287.948
289.094
287.926
288.274
287.929
287.937
287.929
288.273
288.014
287.926
287.952
287.926
287.99
287.93
287.926
287.928
288.125
287.926
287.927
288.015
287.943
287.967
287.926
287.926
288.354
287.944
288.554
287.926
287.934
287.931
287.926
287.926
287.926
287.926
287.926
287.926
287.926
287.926
287.945
287.929
287.926
289.276
288.163
287.93
287.95
287.933
288.056
287.926
287.926
287.926
287.939
287.926
287.927
287.926
287.932
287.932
288.38
296.448
288.029
287.956
287.931
287.95
287.926
287.926
287.926
287.926
287.931
287.955
287.948
287.926
287.926
287.926
287.926
287.93
287.932
288.312
287.931
287.926
287.929
287.926
287.926
287.927
288.011
287.929
287.926
287.928
287.926
287.932
288.179
288.319
287.931
287.926
287.929
287.926
287.98
287.927
288.013
287.929
287.926
287.926
287.928
287.93
287.928
287.926
290.751
287.99
287.952
287.926
287.934
288.795
288.308
287.926
287.932
287.93
287.926
288.323
287.937
287.928
287.926
287.926
287.931
287.926
288.082
287.931
288.169
287.929
287.926
287.926
287.928
287.955
287.926
287.927
287.926
287.926
287.926
287.926
287.926
287.959
287.94
291.985
289.243
287.972
287.945
287.926
287.926
287.926
287.939
288.057
287.927
287.933
287.932
287.929
287.94
287.926
287.926
287.926
287.926
287.946
287.926
287.955
287.927
287.926
287.926
287.926
287.931
288.09
288.171
287.929
287.926
287.928
287.926
287.947
287.926
287.955
287.927
287.926
287.927
287.926
1574.07
310.288
318.883
301.296
1062.37
287.931
287.93
287.927
287.926
1449.37
321.019
1330.42
287.929
287.935
287.926
287.926
1534.86
1418.51
301.879
1227.14
300.707
292.768
293.158
1411.71
1231.74
2396.75
1244.07
304.975
321.021
1522.99
288.293
289.693
1513.72
287.93
287.93
1255.93
1213.75
1234.92
1338.85
1346.03
1351.24
1332.39
288.179
1498.67
658.726
1591.19
1499.1
1570.32
951.822
1254.47
1212.38
1231.71
1336.92
1336.81
1333.5
1340.65
1393.82
1321.29
1295.13
1355.77
1342
1361.77
1345.42
1391.75
1316.96
1292.64
1352.06
1325.91
1340.4
1348.08
1694.86
288.061
1649.75
288.018
2315.11
288.059
288.139
1532.66
1646.57
287.981
303.01
1611.85
288.174
287.936
958.121
1490.16
886.757
1442.23
1446.02
1788.27
1802.69
883.6
1480.83
1438.12
1492.06
1442.99
1784.89
1792.15
1504.41
1598.02
1590.73
1249.13
1266.89
1038.85
998.38
1501.63
1586.1
1587.11
1232.08
1261.22
1033.67
982.618
688.589
709.206
301.703
300.29
685.137
300.66
704.344
689.865
301.808
299.538
689.74
300.712
707.633
670.751
1107.47
498.889
295.084
321.431
1720.03
534.329
1731.68
230.068
540.621
223.782
248.318
224.66
245.192
288.828
362.504
382.115
300.465
227.211
254.778
247.824
291.051
364.965
387.81
288.011
288.415
297.414
1594.99
1597.95
1468.17
1320.86
537.677
1063.53
508.224
736.222
1379.26
784.632
1344.79
527.819
487.214
307.224
561.261
1009.09
947.862
604.265
490.287
327.701
309.918
564.421
1017.91
952.051
611.193
1109.86
1064.07
509.507
738.358
1386.46
1347.1
789.727
1294.98
1393.68
1418.11
1355.71
1361.4
1345.61
1341.89
1380.56
1541.1
1468.73
1335
1363.67
1318.19
1250.47
1115.58
1612.74
1539.79
1727.87
1508.11
1166.66
1595.48
1119.27
1731.18
1550.11
1623.63
1512.3
1599.25
1175.35
1590.86
1039.21
1504.46
1522.77
1267.26
1249.25
998.625
296.766
526.859
620.387
647.842
293.861
557.129
298.18
651.605
539.952
297.422
294.042
635.597
562.175
298.374
1624.29
1663.72
1731.93
900.486
784.281
788.354
904.444
1643.84
1683.68
1687.67
889.547
829.213
954.773
769.435
635.511
298.372
651.655
294.052
562.452
540.038
293.159
1606.06
1612.46
1560.68
1187.77
693.277
884.526
1058.16
1589.86
739.324
748.611
1660.48
1728.41
898.366
902.867
1614.49
785.75
733.453
1676.72
1681.12
879.747
945.267
1776.95
1451.18
1788.92
1679.48
669.067
1639.91
748.497
1439.29
1627.13
1777.76
1497.02
1773.46
1677.48
747.392
1824.87
1651.4
1812.79
1729.67
793.72
1688.46
897.436
774.217
1673.13
1813.91
1646.83
1809.51
1726.64
893.193
291.775
295.078
589.346
483.169
289.543
291.382
401.455
1451.25
1108.21
1109.31
534.012
502.764
334.175
338.963
1142.58
1515.14
1083.04
623.307
322.401
577.928
333.326
1930.99
2433.04
1963.67
936.608
1049.12
833.798
1157.56
1340.24
1560.51
1621.56
675.363
353.365
581.15
387.522
568.225
1071.28
1501.89
1531.26
1140.5
620.441
332.979
1458.89
1417.79
1061.26
483.627
505.784
323.535
330.44
289.571
316.954
400.449
290.041
425.06
324.939
288.404
407.799
290.103
428.276
325.698
288.314
318.611
288.414
1861.38
756.123
932.401
2420.88
1954.42
925.018
1135.07
1213.35
555.64
346.68
1332.72
1615.15
667.351
384.428
325.755
290.107
428.508
407.915
288.314
289.695
318.645
1174.22
2076.27
1634.71
481.446
591.258
321.959
348.057
934.517
552.088
935.502
393.234
308.257
309.525
291.778
366.898
288.387
288.149
295.941
288.992
306.494
325.838
298.903
301.144
288.107
308.139
288.269
288.189
311.712
308.712
303.238
288.28
288.096
288.2
301.458
312.238
299.586
288.132
288.077
308.361
288.317
288.205
315.233
309.224
305.776
288.338
288.102
288.218
316.495
301.392
217.279
641.974
263.39
877.226
218.988
222.255
334.499
418.195
245.957
246
214.468
217.813
217.227
244.802
245.651
220.079
248.161
249.412
247.781
219.199
219.21
246.16
216.428
249.906
213.96
218.514
216.698
261.434
250.08
219.177
268.391
254.549
251.956
220.888
218.931
263.548
334.233
334.279
664.611
624.46
329.038
641.895
340.127
635.741
341.973
661.749
335.837
624.782
329.978
643.614
416.032
352.175
733.019
835.66
399.383
701.317
361.83
363.809
730.469
875.706
353.646
835.306
400.538
701.791
1608.87
856.723
1761.31
1722.9
650.932
1373.64
837.126
256.011
237.611
390.441
325.736
273.596
320.867
450.749
587.513
444.142
714.733
305.244
544.353
445.778
841.763
1220.27
1167.11
876.785
380.447
504.669
727.73
945.619
1395.67
1212.72
784.888
621.893
1473.54
915.419
1124.77
1605.06
1224.4
1152.32
753.255
1266.87
1902.83
1669.97
1620.06
1575.53
1399.02
1058.72
1403.77
1841.13
1757.39
1699.74
1639.19
1680.42
1298.8
1487.94
1662.63
1774.61
1764.56
1719.89
1819.35
1594.24
1421.44
1891.23
1798.5
1910.06
579.199
581.119
310.75
288.21
288.204
292.956
293.182
502.037
305.459
534.424
288.148
288.078
291.013
292.074
288.164
301.535
799.516
908.063
288.307
308.586
314.652
294.088
288.308
287.979
287.932
292.66
288.44
287.996
910.219
288.312
302.283
306.103
815.086
308.753
315.003
287.96
287.933
287.974
290.786
291.597
288.347
288.482
455.102
289.768
299.257
287.946
288.051
290.126
288.281
287.981
287.933
287.969
292.254
291.376
288.508
288.593
287.976
288.292
292.424
294
287.932
288.436
287.995
288.015
296.819
299.482
304.392
288.096
288.099
308.387
305.3
304.189
288.112
288.048
288.111
299.831
310.039
287.935
292.484
288.635
296.073
287.941
288.025
289.15
296.389
288.718
287.942
287.989
288.029
293.128
289.195
301.495
736.375
523.854
288.15
288.047
290.639
293.154
287.929
287.951
287.949
290.221
291.159
288.253
288.389
287.943
287.926
287.929
289.291
288.158
288.18
287.967
287.926
287.926
287.926
287.929
287.928
287.961
287.977
287.927
287.926
287.926
287.93
287.929
287.984
287.989
287.926
287.926
287.926
287.926
287.927
287.951
287.93
287.955
287.926
287.927
287.926
287.926
287.927
287.947
287.982
287.926
287.937
287.926
287.926
287.926
287.926
287.927
287.931
287.938
287.926
287.926
287.926
287.926
287.928
287.926
287.93
287.927
287.926
287.926
287.926
287.926
287.926
287.926
287.926
287.926
287.935
287.928
287.934
287.926
287.926
287.926
287.926
287.926
287.926
287.926
287.926
287.926
287.926
287.926
287.926
287.926
287.926
287.926
287.928
287.926
287.926
287.926
287.926
287.927
287.926
287.926
287.926
287.926
287.951
287.963
287.926
287.926
287.926
287.926
287.926
287.926
287.926
287.926
287.926
287.926
287.94
287.926
287.926
287.926
287.926
287.926
287.926
287.926
287.926
287.942
287.926
287.926
287.926
287.926
287.926
287.926
287.934
287.926
287.926
287.926
287.926
287.926
287.927
287.926
287.926
287.926
287.927
287.926
287.926
287.926
287.926
287.926
287.926
287.926
287.926
287.926
287.926
287.926
287.926
287.926
287.926
287.926
287.926
287.926
287.926
287.926
287.926
287.926
287.926
287.926
287.927
287.926
287.926
287.926
287.926
287.926
287.926
287.926
287.926
287.926
287.926
287.926
287.926
287.926
287.926
287.926
287.926
287.926
287.926
287.926
287.926
287.926
287.926
287.926
287.926
287.926
287.926
287.926
287.926
287.926
287.926
287.926
287.926
287.926
287.926
287.926
287.926
287.926
287.926
287.926
287.926
287.926
287.926
287.926
287.926
287.926
287.926
287.926
287.926
287.926
287.926
287.926
287.926
287.926
287.926
287.926
287.926
287.926
287.926
222.611
242.912
219.29
206.337
242.415
232.744
232.081
220.784
234.727
229.9
218.708
229.351
239.034
226.695
226.675
237.872
234.415
237.882
249.016
242.913
243.278
224.745
234.17
234.197
213.614
221.273
238.439
219.291
226.403
227.094
213.076
208.824
210.888
220.364
214.261
219.421
246.788
232.866
241.904
238.969
249.515
243.758
243.651
239.615
227.913
234.753
235.991
231.149
240.071
230.073
238.023
218.393
222.267
235.296
221.532
238.749
221.09
226.524
212.749
214.595
229.709
213.47
223.318
216.569
241.649
240.98
241.946
244.874
243.593
243.18
239.616
242.533
243.693
244.851
242.543
242.97
243.843
242.07
232.123
236.946
232.718
233.653
234.729
226.06
234.54
230.796
227.258
233.89
231.434
223.985
230.515
233.482
230.751
225.879
229.815
228.909
228.994
230.9
223.371
234.73
238.395
236.837
235.181
233.563
236.124
235.334
239.121
239.26
239.115
238.158
236.785
237.249
241.312
238.587
237.407
237.407
235.995
236.188
240.068
236.19
239.125
239.267
239.116
238.165
241.316
237.25
236.784
244.628
247.738
247.74
247.961
246.3
245.848
246.301
241.652
241.944
240.981
244.879
239.62
243.179
243.593
241.957
241.892
241.89
245.579
243.893
240.09
243.896
236.461
232.389
231.357
232.399
233.571
234.12
233.574
229.939
236.004
230.31
233.807
234.137
224.407
231.846
229.943
230.325
236.019
233.822
231.861
234.134
224.416
227.833
219.906
227.855
219.91
217.114
227.772
227.777
233.816
237.296
237.299
234.177
233.937
235.593
233.927
244.749
245.853
245.961
247.424
244.75
246.206
246.239
240.773
239.778
238.832
237.652
240.073
239.178
238.738
242.39
243.171
243.488
241.631
241.825
243.954
241.071
241.347
241.474
240.164
239.922
242.069
239.722
239.881
246.336
249.104
248.334
248.448
247.525
247.739
246.939
243.713
243.581
242.864
245.589
245.164
244.337
242.551
243.778
243.252
242.519
246.009
245.343
244.526
242.157
238.033
238.358
240.889
240.43
234.326
237.937
240.291
236.504
237.472
238.161
233.915
235.818
238.242
230.768
236.272
232.23
232.056
230.644
233.077
234.266
229.566
239.061
240.128
239.605
236.659
236.955
237.789
239.711
233.12
238.826
233.838
238.395
229.698
233.743
238.016
232.554
237.115
236.854
231.155
232.497
236.882
228.108
229.503
221.322
228.059
220.767
228.819
228.29
219.11
235.737
238.527
237.906
234.402
235.095
234.462
237.679
557.444
287.926
1893.92
287.926
287.932
287.929
287.928
903.108
432.173
622.713
1695.87
1548.35
2194.29
449.68
299.251
287.926
325.655
651.01
1910.46
1695.88
1767.34
1387.06
2218.03
287.928
287.927
324.198
298.356
314.18
579.899
1787.69
287.927
298.998
287.926
288.507
1823.03
1833.08
1968.97
1824.78
1956.65
1552.07
1461.38
1664.27
1814.65
1834.12
1813.74
1832.61
1490.46
1489.44
1877.12
1788.55
1911.68
1638.75
1744.03
1199.38
1130.05
1753.76
1786.26
1803.36
1641.93
1645.83
1126.77
1149.77
2732.87
2890.99
2359.18
2881.64
2342.6
1980.91
2608.92
1788.33
1812.9
1863.25
1749.96
1849.69
1381.45
978.815
1857.06
1603.42
1792.62
1235.89
1568.56
945.225
545.919
2742.05
2824.86
2285.49
2645.96
2094.06
1542.98
2148.34
1367.35
580.225
1451.71
451.845
293.048
293.156
438.867
287.926
296.195
350.116
287.926
287.926
287.926
287.926
287.926
288.422
297.307
287.926
287.926
287.926
287.926
427.572
1346.84
1417.13
560.632
292.736
546.005
292.632
1499.26
650.22
1596.51
642.988
297.461
297.679
618.221
429.372
1379
1373.72
549.77
293.582
576.486
292.575
624.548
1523.75
1528.02
623.144
298.85
297.113
649.433
552.863
1384.75
1377.63
431.39
293.678
452.679
292.662
730.028
298.988
776.083
342.882
288.564
288.561
338.683
743.263
297.008
708.524
334.072
288.616
288.481
343.021
814.67
210.318
808.937
237.986
889.934
988.517
212.536
197.301
205.216
205.265
219.309
202.75
211.238
200.115
210.323
366.697
773.511
377.749
805.345
366.998
378.236
781.934
214.717
228.7
229.141
227.918
220.462
222.752
219.712
210.882
203.507
205.149
207.381
220.283
214.207
211.079
230.638
235.838
235.444
233.945
233.15
231.555
232.404
226.224
232.787
226.729
226.137
229.657
218.894
229.481
223.957
231.668
229.407
230.085
228.384
227.826
223.302
226.025
228.119
224.058
224.631
226.303
218.717
227.486
371.974
787.341
364.474
364.519
772.177
361.307
787.533
205.433
198.793
197.304
198.131
202.194
201.071
202.428
893.542
406.049
405.193
375.769
826.936
383.427
816.795
451.52
879.935
397.417
922.193
417.309
379.43
832.598
545.723
2433.58
1807.04
780.522
316.192
296.411
1317.29
939.591
2651.23
2033.48
924.147
361.048
307.787
1524.96
353.501
797.368
1233.26
424.654
288.208
312.868
289.789
480.309
1043.95
1430.61
478.609
288.504
291.733
324.962
824.39
2495.31
1861
595.9
321.949
297.901
1005.54
1441.73
303.555
978.733
382.352
290.143
288.788
542.97
815.249
428.292
1242.11
355.958
288.226
289.858
300.15
342.602
291.661
542.807
308.734
287.961
288.155
291.406
295.679
288.055
287.928
288.098
288.065
297.216
288.029
295.97
287.928
288.038
288.076
288.066
295.927
288.028
290.14
287.992
287.926
287.954
287.951
287.988
290.115
289.893
287.999
287.956
287.926
287.95
290.346
287.985
296.418
288.078
288.069
288.042
288.035
287.928
287.928
295.766
288.099
288.065
288.057
288.031
287.928
287.929
303.731
287.928
288.392
288.638
288.145
288.077
344.515
305.079
288.668
288.153
288.451
288.093
287.928
287.933
291.095
287.926
287.932
287.934
287.981
288.406
287.966
291.61
288.176
287.927
288.004
287.957
288.013
299.528
288.73
287.929
287.926
287.927
287.935
287.949
288.052
291.161
287.934
287.981
287.932
287.968
287.927
287.926
1470.54
1777.01
1374.75
1264.47
2630.5
1864.04
1801.89
1696.45
506.731
990.401
1493.07
1411.27
1650.33
1269.05
387.267
441.284
335.563
400.382
274.283
529.836
420.532
884.164
747.52
270.822
416.264
278.986
408.951
441.722
775.819
718.62
1479.08
965.953
756.647
1735.33
1000.6
1337.81
2016.2
737.904
511.084
313.806
548.223
798.654
933.13
1230.29
1402.08
876.731
738.839
1394.12
1682.57
1808.02
1260.68
1217.78
706.437
761.098
1270.36
1651.45
1683.45
1217.59
1490.46
935.401
799.527
1414.26
1723.53
1839.56
1287.91
1351.24
776.032
839.976
1309.12
1702.65
1738.42
1252.02
2383.21
2002.4
1327.54
1790.53
2710.72
2177.8
2371.57
1412.33
1203.66
911.945
1415.15
1906.04
1778.09
1653.5
1556.33
1013
1322.29
1459.4
1934.29
1829.48
1698.12
2448.85
2079.35
1396.01
1803.23
2731.18
2194.34
2388.89
1813.73
1828.13
1833.36
1568.22
1959.43
1969.04
1692.57
1699.24
1493.52
1816.12
1815.16
1836.92
1835.24
1665.13
2179.61
2003.99
2881.6
2888.53
2343.97
2357.84
2716.22
1794.17
1763.96
1386.9
1817.62
1857.46
1865.13
1917.9
287.926
287.933
287.929
287.926
287.926
287.926
287.926
287.926
287.929
287.928
287.926
287.926
287.926
287.926
287.926
287.928
287.928
287.926
287.926
287.926
287.926
287.93
287.926
287.927
287.926
287.926
287.926
287.926
287.927
287.926
287.927
287.926
287.926
287.926
287.926
287.928
287.926
287.927
287.926
287.926
287.926
287.926
287.926
287.926
287.927
287.926
287.926
287.926
287.926
287.926
287.926
287.926
287.926
287.926
287.926
287.926
)
;

boundaryField
{
    ground
    {
        type            zeroGradient;
    }
    outlet
    {
        type            zeroGradient;
    }
    wall
    {
        type            zeroGradient;
    }
    wall2
    {
        type            zeroGradient;
    }
    wall3
    {
        type            zeroGradient;
    }
    internalPatch
    {
        type            internal;
    }
    procBoundary4to0
    {
        type            processor;
        value           nonuniform List<scalar> 
125
(
287.926
287.926
287.926
287.926
287.926
287.926
287.926
287.926
287.926
287.926
287.927
288.102
306.375
970.282
1799.08
1719.49
1266.07
752.399
440.547
312.446
277.849
269.95
274.64
339.002
766.86
1495.45
1768.65
2122.16
2496.25
1908.54
1523.43
1390.27
1349.91
1401.25
1541.11
1758.95
1918.58
1708.07
747.568
297.2
288.017
287.94
287.991
288.09
288.169
288.168
288.081
287.928
287.926
287.926
287.926
287.926
287.926
287.926
287.926
287.926
287.926
287.926
287.926
287.926
287.926
287.926
287.936
288.956
393.227
1423.64
1891.83
1669.73
1223.56
794.276
543.318
438.466
407.453
424.495
544.134
1027.75
1440.89
967.145
812.39
774.49
832.635
1001.01
1310.72
1678.86
1905.97
1650.56
594.074
291.945
287.963
287.927
287.926
287.926
287.928
287.929
287.929
287.926
287.926
287.926
287.926
287.926
287.926
287.926
287.927
287.927
287.926
287.926
287.926
287.926
287.926
287.926
287.926
287.926
287.926
287.926
287.926
287.926
287.926
287.926
287.926
287.926
287.926
287.926
287.926
287.926
287.927
)
;
    }
    procBoundary4to1
    {
        type            processor;
        value           nonuniform List<scalar> 
265
(
287.926
287.926
287.926
287.926
287.926
287.926
287.926
287.926
287.926
287.926
287.926
287.926
287.926
287.926
287.926
287.926
287.926
287.926
287.926
287.926
287.926
287.926
287.926
287.926
287.926
287.926
287.926
287.926
287.926
287.926
287.926
287.926
287.926
287.926
287.926
287.926
287.926
287.928
287.928
287.926
287.926
287.926
287.926
287.926
287.926
287.926
287.926
287.926
287.926
287.927
287.927
287.927
287.927
287.926
287.926
287.926
287.927
287.931
287.942
287.957
287.968
287.967
287.957
287.943
287.932
287.927
287.926
287.926
287.926
287.926
287.926
287.926
287.926
287.926
287.926
287.926
287.926
287.926
287.926
287.926
287.926
287.926
287.926
287.926
287.926
287.926
287.926
287.926
287.926
287.926
287.926
287.926
287.926
287.926
287.926
287.926
287.926
287.926
287.926
287.926
287.926
287.926
287.926
287.926
287.926
287.926
287.926
287.926
287.926
287.926
287.926
287.926
287.926
287.926
287.926
287.926
287.926
287.926
287.926
287.926
287.926
287.926
287.926
287.926
287.926
287.926
287.926
287.926
287.926
287.926
287.926
287.926
287.926
287.926
287.926
287.926
287.926
287.926
287.926
287.926
287.926
287.926
287.926
287.926
287.926
287.926
287.926
287.926
287.926
287.926
287.926
287.926
287.926
287.926
287.926
287.926
287.926
287.926
287.926
287.926
287.926
287.926
287.926
287.926
287.926
287.926
287.926
287.926
287.926
287.926
287.926
287.926
287.926
287.926
287.926
287.926
287.926
287.926
287.926
287.926
287.926
287.926
287.926
287.926
287.926
287.926
287.926
287.926
287.926
287.926
287.926
287.926
287.926
287.926
287.926
287.926
287.926
287.926
287.926
287.926
287.926
287.926
287.926
287.926
287.926
287.926
287.926
287.926
287.926
287.926
287.926
287.926
287.926
287.926
287.926
287.926
287.926
287.926
287.926
287.926
287.926
287.926
287.926
287.926
287.926
287.926
287.926
287.926
287.926
287.926
287.926
287.926
287.926
287.926
287.926
287.926
287.926
287.926
287.926
287.926
287.926
287.926
287.926
287.926
287.926
287.926
287.926
287.926
287.926
287.926
287.926
287.926
287.926
287.926
287.926
287.926
287.926
287.926
287.926
287.926
287.926
287.926
287.926
287.926
287.926
)
;
    }
    procBoundary4to3
    {
        type            processor;
        value           nonuniform List<scalar> 
601
(
287.926
287.926
287.926
287.926
287.926
287.926
287.926
287.926
287.926
287.926
287.926
287.926
287.926
287.926
287.926
287.926
287.926
287.926
287.926
287.926
287.926
287.926
287.926
287.926
287.982
292.885
301.47
308.521
308.588
302.227
293.742
289.171
383.199
1275.14
1829.45
1831.02
1683.87
1568.3
1523.07
1548.77
1668.28
2031.28
2603.17
2452.48
2355.41
2309.45
2287.07
2284.89
2332.04
2427.99
2517.11
2431.64
1760.13
521.281
291.931
287.972
287.926
287.926
287.926
287.926
287.926
287.926
287.926
287.926
287.926
287.926
287.926
287.926
287.926
287.926
287.926
287.926
287.926
287.926
287.926
287.926
287.926
287.926
287.926
287.926
287.926
287.926
287.926
287.926
287.926
287.926
287.926
287.926
287.926
287.926
287.926
287.926
287.926
287.926
287.926
287.926
287.926
287.926
287.926
287.926
287.926
287.926
287.926
287.926
287.926
287.926
287.926
287.926
287.926
287.926
287.926
287.926
287.926
287.926
287.926
287.926
287.937
288.883
361.41
574.552
798.254
907.019
907.603
813.649
608.186
1565.09
1846.1
1708.06
1482.1
1317.28
1251.93
1283.29
1419.55
1826.1
1683.44
1608.35
1587.35
1626.46
1738.2
1909.06
2047.32
1912.83
1201.19
364.639
289.221
287.945
287.926
287.926
287.926
287.926
287.926
287.926
287.926
287.926
287.926
287.926
287.926
287.926
287.926
287.926
287.926
287.926
287.926
287.926
287.926
287.926
287.926
287.926
287.926
287.926
287.926
287.926
287.926
287.926
287.926
287.926
287.926
287.926
287.926
287.926
287.926
287.926
287.926
287.926
287.926
287.926
287.926
287.926
287.926
287.926
287.926
287.926
287.926
287.926
287.926
287.926
287.926
287.926
287.926
287.926
287.926
287.926
287.926
287.927
288.027
296.292
636.923
1195.43
1524.84
1672.09
1726.03
1728.28
1687.6
1825.43
1609.18
1325.18
1123.32
1043.76
1073.77
1225.38
1125.17
1111
1188.7
1366.24
1597.79
1761.27
1635.52
998.605
345.483
289.127
287.948
287.926
287.926
287.926
287.926
287.926
287.926
287.926
287.926
287.926
287.926
287.926
287.926
287.926
287.926
287.926
287.926
287.926
287.926
287.926
287.926
287.926
287.926
287.926
287.926
287.926
287.926
287.926
287.926
287.926
287.926
287.926
287.926
287.926
287.926
287.926
287.926
287.926
287.926
287.926
287.926
287.926
287.926
287.926
287.926
287.926
287.926
287.926
287.926
287.926
287.926
287.926
287.926
287.926
287.926
287.926
287.926
287.926
287.926
287.926
287.926
287.926
287.926
287.926
287.932
288.372
315.207
796.673
1491.71
1780.45
1822.12
1813.53
1809.72
1813.05
1562.86
1248.15
1030.11
942.839
969.115
960.442
1050.17
1248.22
1500.56
1673.55
1583.56
1020.78
363.265
289.701
287.962
287.926
287.926
287.926
287.926
287.926
287.926
287.926
287.926
287.926
287.926
287.926
287.926
287.926
287.926
287.926
287.926
287.926
287.926
287.926
287.926
287.926
287.926
287.926
287.926
287.926
287.926
287.926
287.926
287.926
287.926
287.926
287.926
287.926
287.926
287.926
287.926
287.926
287.926
287.926
287.926
287.926
287.926
287.926
287.926
287.926
287.926
287.926
287.926
287.926
287.926
287.926
287.926
287.926
287.926
287.926
287.926
287.926
287.926
287.926
287.926
287.926
287.926
287.926
287.926
287.926
287.942
287.926
288.823
320.18
632.125
1441.2
1810.31
1803.71
1695.92
1602.8
1560.56
1247.71
1029.37
939.775
1033.9
1236.18
1497.06
1684.85
1626.45
1094.59
388.988
290.374
287.975
287.927
287.926
287.926
287.926
287.926
287.926
287.926
287.926
287.926
287.926
287.926
287.926
287.926
287.926
287.926
287.926
287.926
287.926
287.926
287.926
287.926
287.926
287.926
287.926
287.926
287.926
287.926
287.926
287.926
287.926
287.926
287.926
287.926
287.926
287.926
287.926
287.926
287.926
287.926
287.926
287.926
287.926
287.926
287.926
287.926
287.926
287.926
287.926
287.926
287.926
287.926
287.926
287.926
287.926
287.926
287.926
287.926
287.926
287.926
287.926
287.926
287.94
287.926
287.948
288.679
300.417
350.044
1015.58
1662.35
1799.33
1669.44
1477.79
1323.29
1119.46
1311.13
1555.05
1737
1681.08
1142.82
400.925
290.631
287.978
287.927
287.926
287.926
287.926
287.926
287.926
287.926
287.926
287.926
287.926
287.926
287.926
287.926
287.926
287.926
287.926
287.926
287.926
287.926
287.926
287.926
287.926
287.926
287.926
287.926
287.926
287.926
287.926
287.926
287.926
287.926
287.926
287.926
287.926
287.926
287.926
287.926
287.926
287.93
287.926
287.926
287.926
287.926
287.926
287.926
287.926
287.93
288.16
289.259
287.95
287.926
287.926
287.926
287.926
287.926
287.926
287.926
287.926
287.926
287.926
287.926
287.926
287.926
287.926
287.926
287.928
287.941
287.941
287.926
287.972
287.927
288.003
287.927
287.926
287.927
287.926
287.926
287.927
287.926
287.929
288.041
288.041
287.93
287.926
287.926
287.926
287.926
287.926
287.926
287.926
287.926
287.926
287.926
287.948
288.17
289.301
289.301
402.994
291.942
291.942
288.003
287.94
288.616
287.991
290.105
290.105
310.619
402.994
402.994
310.619
287.927
287.926
)
;
    }
    procBoundary4to5
    {
        type            processor;
        value           nonuniform List<scalar> 
688
(
483.114
483.114
1318.38
1318.38
1364.05
589.311
295.081
291.382
291.382
289.543
401.413
1250.57
1541.77
1469.34
1469.34
1381.23
1316.89
1374.01
655.588
298.346
298.346
295.081
291.382
289.543
288.433
288.433
329.74
1082.71
1619.01
1366.91
1143.81
975.867
975.867
809.859
721.076
684.703
1284.13
1375.12
692.693
300.352
300.352
295.825
294.256
291.772
289.225
288.215
288.028
288.028
297.53
738.567
1623.3
1604.03
1110.48
776.482
571.386
465.862
465.862
393.356
361.728
350.33
331.548
625.236
1217.77
1360.79
744.58
303.936
303.936
301.563
296.273
291.061
290.977
290.272
288.463
288.627
288.634
288.439
288.177
288.005
288.369
289.539
291.911
294.703
296.294
295.873
294.28
294.28
289.227
288.434
288.057
287.945
289.852
455.038
1476.08
1604.51
1604.51
1123.98
586.933
320.593
236.87
215.754
217.425
218.474
219.71
233.036
534.31
1151.53
1044.12
969.676
918.778
918.778
856.673
835.702
837.254
846.633
796.689
772.591
781.384
781.384
803.862
834.468
855.148
883.117
932.441
1018.96
1147.15
1315.97
1534.38
1841.44
2193.4
2561.44
2705.12
2111.1
543.833
288.188
287.941
287.926
287.926
287.926
287.926
287.926
287.926
287.926
287.926
287.926
287.926
287.926
287.932
293.762
288.302
287.939
287.926
287.926
287.926
287.952
289.637
376.152
288.884
287.936
287.926
287.926
287.926
287.926
287.937
289.013
389.145
1368.85
1781.77
1480.88
932.302
579.382
387.95
310.831
281.373
281.373
262.612
254.899
252.736
246.903
245.475
327.579
614.518
1202.34
1345.8
742.452
303.977
303.977
303.952
303.114
299.86
294.68
290.268
289.139
291.901
296.137
299.885
301.595
300.384
298.352
298.352
655.846
573.656
383.076
329.767
300.11
800.07
1636.26
1372.86
1212.03
1473.1
1473.1
914.853
450.451
273.509
220.501
211.662
215.318
216.854
217.618
225.892
478.825
443.712
420.911
420.911
397.961
392.24
390.679
444.964
452.832
373.16
366.618
366.499
366.499
377.609
391.746
400.58
411.139
430.864
468.024
532.69
636.065
799.837
1092.94
1532
1989.89
2194.38
1594.79
412.682
288.061
287.934
287.926
287.926
287.926
287.926
287.926
287.926
287.928
287.966
318.435
1039.6
636.457
322.786
289.063
287.949
289.768
412.833
1333.93
1856.11
1135.66
322.614
288.265
287.929
288.003
296.22
745.718
1722.72
1787.53
1390.84
873.302
500.315
319.891
256.156
234.599
226.246
226.246
221.451
220.137
220.842
219.233
219.175
219.235
246.196
330.05
625.027
1213.94
1332.2
703.979
301.681
301.681
301.868
300.269
300.269
684.895
1350.82
1373.73
1370.9
1229.03
1082.83
1618.49
1143.03
975.185
875.298
1109.46
1386.24
1386.24
789.497
387.734
254.779
214.511
210.586
214.911
217.054
217.054
221.621
217.27
217.27
220.357
228.477
232.532
231.549
231.147
259.872
267.06
232.4
228.609
222.934
220.358
214.803
214.803
222.673
228.395
228.344
227.969
229.099
229.833
234.815
270.915
365.233
603.406
1084.89
1637.92
1868.25
1319.08
376.872
288.046
287.933
287.934
287.935
287.933
288.029
356.726
1221.72
1773.84
1782.72
1659.79
1110.12
383.59
1340.23
1883.82
1777.46
1388.75
946.911
513.785
308.406
237.681
215.748
213.981
213.212
213.212
213.884
216.155
219.136
221.97
221.27
221.661
221.53
220.773
221.084
219.252
247.845
335.919
643.753
1234.9
1338.6
688.306
300.638
300.638
300.638
688.306
1338.6
1234.9
1255.67
1316.39
1414.91
1565.95
964.962
809.448
730.295
701.766
835.125
1063.94
1347.08
1347.08
738.303
364.944
247.836
212.596
210.551
215.562
218.913
217.702
217.702
224.859
226.159
228.432
232.994
229.02
232.974
234.314
231.466
227.575
223.397
231.918
226.72
218.875
219.694
219.694
218.679
224.016
226.138
225.82
230.938
228.578
226.603
224.153
222.479
237.839
295.335
484.941
951.804
1534.87
1756.25
1245.38
369.786
288.049
288.057
373.348
1253.04
1753.16
1524.11
1578.07
1701.64
1853.99
1861.9
1805.95
1502.88
1202.56
653.973
354.078
250.232
217.492
214.563
218.234
219.161
219.161
223.212
228.505
233.046
233.046
233.685
233.782
235.311
228.848
228.187
228.052
228.291
234.46
232.486
231.153
229.71
216.572
218.958
251.995
353.686
701.766
835.125
1063.94
1347.08
738.303
364.944
247.836
212.596
210.551
215.562
218.913
227.132
231.146
229.347
229.849
235.094
238.792
236.432
239.48
237.191
233.305
236.611
233.446
228.69
226.123
226.123
219.694
224.612
224.612
227.911
229.332
230.589
230.589
230.938
229.588
229.588
226.674
222.942
221.154
236.552
292.552
475.172
934.737
1010.39
519.513
305.279
238.918
219.811
220.81
223.864
225.347
225.347
231.018
236.866
236.866
240.282
233.046
233.046
237.923
238.477
238.843
239.164
234.752
234.402
238.747
237.902
236.852
235.302
238.976
235.992
233.92
230.08
223.334
213.494
220.91
263.559
400.503
509.413
291.041
227.228
210.83
216.439
222.903
230.647
233.072
232.047
236.653
240.068
243.756
242.008
242.008
240.186
240.186
236.611
233.446
228.69
232.793
229.484
232.408
227.478
228.121
227.911
229.332
229.845
232.245
236.338
236.598
236.877
236.572
236.572
236.572
241.862
236.866
236.866
241.653
242.254
239.822
242.001
241.82
243.662
244.166
243.649
242.519
239.925
242.072
240.167
238.157
235.816
236.953
239.602
242.861
244.335
245.586
244.119
242.433
239.341
236.613
240.193
235.847
238
233.953
235.089
238.797
239.007
239.115
238.281
236.572
240.804
242.848
242.442
243.289
243.933
246.205
243.288
244.259
245.815
246.561
246.006
244.524
246.934
248.332
247.06
245.216
242.437
244.132
242.019
242.734
242.64
241.561
241.303
242.791
245.17
243.773
244.513
247.176
247.892
246.636
248.237
249.003
248.443
249.51
248.319
247.065
247.634
244.794
244.394
242.986
245.506
246.877
246.256
248.551
249.603
250.043
248.928
246.84
)
;
    }
}


// ************************************************************************* //
