/*--------------------------------*- C++ -*----------------------------------*\
  =========                 |
  \\      /  F ield         | OpenFOAM: The Open Source CFD Toolbox
   \\    /   O peration     | Website:  https://openfoam.org
    \\  /    A nd           | Version:  9
     \\/     M anipulation  |
\*---------------------------------------------------------------------------*/
FoamFile
{
    format      ascii;
    class       volVectorField;
    location    "0.00035";
    object      U;
}
// * * * * * * * * * * * * * * * * * * * * * * * * * * * * * * * * * * * * * //

dimensions      [0 1 -1 0 0 0 0];

internalField   nonuniform List<vector> 
4874
(
(0 0 1.30432e-17)
(0 3.02461e-16 5.27537e-15)
(0 0 -2.09908e-16)
(0 0 7.32816e-17)
(0 0 9.6749e-16)
(0 7.82611e-16 -2.4903e-14)
(0 7.82611e-16 -2.85793e-15)
(-2.02585e-15 2.6655e-17 3.3782e-15)
(7.84291e-15 8.95831e-16 7.58843e-17)
(-2.95061e-18 -3.9443e-16 1.49709e-17)
(0 -9.71289e-17 3.04013e-16)
(-5.8737e-18 7.18166e-19 8.91478e-15)
(1.57753e-17 0 -1.76591e-18)
(0 0 -4.23509e-15)
(-1.86972e-26 0 -5.01408e-15)
(0 1.34869e-15 -4.92031e-15)
(0 1.21926e-15 -3.56126e-15)
(0 0 -6.13186e-16)
(6.15526e-23 -1.11163e-14 7.93289e-15)
(-1.99184e-18 2.41816e-18 -3.14785e-15)
(0 0 0)
(6.92502e-16 0 -2.23313e-15)
(2.93335e-24 0 9.60544e-19)
(0 0 1.0566e-14)
(-1.31059e-19 0 2.9423e-15)
(9.90103e-24 -7.4907e-21 0)
(-7.95907e-20 -1.1499e-14 6.14351e-16)
(-4.64171e-18 1.35255e-15 2.58692e-15)
(-9.31245e-19 0 -1.62228e-15)
(-8.15634e-23 0 -2.27566e-14)
(0 0 -3.41798e-15)
(-7.82125e-18 1.44183e-15 2.55696e-15)
(-2.29855e-21 0 -1.30604e-14)
(0 0 -2.82436e-16)
(-1.08582e-19 9.18842e-17 0)
(-8.08261e-18 1.36978e-15 3.0232e-17)
(0 8.58539e-17 0)
(-4.44701e-18 1.42283e-15 0)
(1.02019e-23 -5.2586e-21 0)
(3.66322e-23 -1.02154e-22 1.09282e-23)
(4.14078e-24 -4.55282e-22 0)
(0 0 -4.07504e-18)
(0 -5.34039e-24 -3.2713e-16)
(0 0 2.87209e-26)
(6.38367e-16 0 6.71274e-24)
(0 -7.70714e-15 0)
(0 -3.23118e-19 1.5238e-15)
(-4.63994e-19 -3.19736e-19 5.19726e-15)
(-3.12343e-16 -1.20817e-22 5.1833e-15)
(0 0 0)
(-1.60645e-19 0 0)
(0 0 0)
(0 0 0)
(-1.05577e-20 0 0)
(-1.67496e-22 0 0)
(-6.36469e-41 -4.54296e-26 -1.19882e-25)
(0 0 -4.89406e-19)
(-4.64859e-18 0 6.03008e-15)
(0 0 5.66566e-15)
(0 0 3.93577e-16)
(-9.2025e-19 0 4.32377e-16)
(-2.28596e-20 0 3.9077e-16)
(-2.25321e-19 -1.14611e-18 -3.64684e-16)
(0 0 0)
(-4.22719e-21 0 0)
(0 0 0)
(0 0 0)
(-2.5174e-26 0 0)
(1.34193e-45 0 0)
(-1.11336e-38 0 -1.93953e-19)
(0 0 -1.01809e-20)
(-2.97383e-19 0 -3.18906e-19)
(0 0 -2.22777e-18)
(0 0 -1.03194e-17)
(-2.82333e-24 0 0)
(8.18434e-42 0 0)
(-1.42625e-19 -1.46479e-20 7.70033e-16)
(0 0 0)
(0 0 0)
(0 0 0)
(0 0 0)
(0 0 0)
(0 0 0)
(-7.62982e-35 0 0)
(0 0 0)
(0 0 0)
(0 0 0)
(0 0 0)
(0 0 1.79737e-17)
(0 0 -1.79737e-17)
(-1.18619e-21 -1.37613e-22 0)
(0 0 0)
(0 0 0)
(0 0 0)
(0 0 0)
(0 0 0)
(0 0 0)
(0 0 0)
(0 0 0)
(0 0 0)
(0 0 0)
(0 0 0)
(0 0 0)
(0 0 0)
(0 0 2.25577e-48)
(0 0 0)
(0 0 0)
(0 0 0)
(0 0 0)
(0 0 0)
(0 0 0)
(0 0 0)
(0 0 0)
(0 0 0)
(0 0 0)
(0 0 0)
(0 0 0)
(0 0 0)
(0 0 0)
(-7.67488e-20 -3.19366e-21 1.63899e-15)
(-7.95826e-22 -2.24664e-14 3.31192e-16)
(-3.56794e-19 -4.41067e-16 3.67569e-18)
(9.37561e-17 -1.7105e-24 1.44269e-15)
(0 0 -2.6901e-18)
(0 0 0)
(0 -5.30171e-19 0)
(0 0 0)
(0 0 1.02838e-45)
(0 0 0)
(0 0 0)
(-2.98382e-16 0 -1.59109e-14)
(0 0 -4.86133e-15)
(-5.54276e-18 0 1.36458e-14)
(-4.23228e-21 0 5.63365e-15)
(-4.5351e-17 7.3193e-15 6.78339e-15)
(-3.56794e-19 -2.21386e-14 1.23675e-16)
(-2.1145e-14 2.15679e-14 1.15651e-14)
(0 6.14961e-16 1.11054e-14)
(0 1.508e-17 0)
(0 2.58246e-17 -1.72219e-14)
(0 7.36585e-16 9.7775e-21)
(0 -2.22894e-19 5.29371e-34)
(0 0 3.43301e-43)
(0 0 0)
(0 -1.19526e-16 5.31667e-40)
(0 0 9.7659e-49)
(0 0 0)
(0 0 -1.06605e-14)
(0 1.69218e-14 1.07055e-15)
(0 -1.16687e-15 -2.25101e-14)
(0 0 4.61391e-15)
(0 0 0)
(0 0 -1.01919e-18)
(0 0 5.02709e-18)
(0 0 2.12849e-14)
(0 0 -2.31534e-14)
(0 0 -1.64122e-14)
(0 0 7.83673e-15)
(3.38426e-15 0 -1.39713e-14)
(-3.14158e-15 0 -2.00597e-14)
(2.46633e-16 2.66019e-18 7.59628e-15)
(-2.1934e-16 3.48805e-18 6.28536e-15)
(3.12872e-15 0 -1.7128e-14)
(-3.78665e-25 0 1.88026e-14)
(6.35152e-20 0 2.02037e-14)
(-2.74326e-15 0 4.33217e-18)
(-6.17126e-24 0 7.10474e-15)
(-7.55065e-20 0 7.04441e-16)
(2.58536e-15 -2.20413e-14 -1.12362e-14)
(-2.44164e-15 0 -2.13363e-14)
(6.46637e-16 0 -1.3232e-16)
(-3.41256e-15 -2.49192e-18 -3.46488e-16)
(-1.08808e-16 -5.02675e-15 -9.60775e-16)
(0 1.24266e-14 -7.25167e-15)
(1.42291e-17 4.70401e-15 1.63828e-15)
(0 0 -1.65885e-18)
(3.94126e-16 3.36236e-34 0)
(0 0 4.54257e-20)
(0 0 -5.33598e-16)
(0 -4.76225e-16 -1.15592e-14)
(-6.79001e-22 -8.31584e-15 -6.05181e-15)
(0 0 -8.49228e-17)
(0 0 0)
(0 0 0)
(0 -3.92012e-16 1.12909e-24)
(0 -9.95994e-18 0)
(0 -4.33644e-17 0)
(0 -1.24716e-16 2.69441e-22)
(-4.12824e-23 0 -2.23681e-18)
(0 0 0)
(0 0 0)
(0 -1.64582e-15 4.31678e-27)
(0 -5.76745e-17 -8.76497e-16)
(0 -1.36201e-16 0)
(0 -3.57676e-16 -1.2169e-25)
(0 -1.00765e-39 3.46849e-16)
(0 0 2.21408e-18)
(0 0 -3.39005e-16)
(0 5.41376e-23 3.35695e-15)
(0 -1.87019e-21 2.69732e-16)
(0 -1.62668e-20 -7.32948e-16)
(0 -1.92042e-19 1.6888e-16)
(0 -2.53129e-37 2.83663e-15)
(-2.10992e-20 0 1.1184e-15)
(-2.79327e-18 -8.87577e-32 -1.63258e-15)
(3.98468e-21 -1.42603e-25 2.31348e-14)
(8.78561e-19 -1.47627e-23 1.22597e-15)
(1.4147e-15 4.51384e-32 0)
(-3.40355e-18 -3.72196e-35 1.47986e-18)
(0 1.57524e-16 0)
(0 0 0)
(2.13124e-14 2.17931e-14 1.00249e-14)
(-1.92153e-14 0 -2.21234e-15)
(0 -5.77409e-16 -1.71128e-15)
(0 0 -4.06314e-16)
(0 0 0)
(0 0 0)
(0 0 3.42874e-19)
(0 0 1.25334e-16)
(0 0 3.25031e-20)
(0 0 1.5161e-20)
(0 0 -1.52184e-14)
(0 0 7.22569e-15)
(0 0 2.37344e-14)
(0 0 -1.99989e-28)
(0 0 0)
(0 0 0)
(0 0 2.82635e-15)
(0 0 0)
(-1.93614e-18 -1.20708e-16 -4.90553e-15)
(-2.02055e-15 0 -2.78349e-17)
(0 0 -3.02031e-15)
(0 0 -1.03264e-15)
(5.72335e-17 -1.80786e-15 0)
(0 -1.60513e-17 2.14731e-15)
(0 -7.38782e-18 -3.06356e-15)
(0 -5.77928e-19 -2.24649e-14)
(0 -8.76547e-18 6.41088e-16)
(0 0 1.58112e-21)
(1.64448e-24 -7.89831e-35 1.24277e-31)
(0 0 2.01516e-40)
(0 0 0)
(0 3.6011e-19 4.79174e-19)
(0 -9.86051e-23 3.74571e-29)
(8.22158e-23 0 1.22314e-37)
(0 2.68522e-32 1.55817e-30)
(0 0 7.60661e-38)
(0 0 3.22884e-46)
(0 1.14428e-34 4.17774e-39)
(0 0 0)
(0 0 0)
(0 3.06695e-37 0)
(2.2095e-18 5.34147e-20 1.53073e-15)
(5.48065e-26 -8.96046e-32 -1.95406e-24)
(0 0 0)
(-1.49845e-15 1.01359e-17 1.23874e-15)
(1.78251e-23 -7.42393e-16 -1.66542e-23)
(0 -1.06819e-14 2.20458e-15)
(-1.64546e-18 -4.60278e-16 -9.11297e-17)
(0 0 -2.48679e-25)
(0 6.09183e-23 1.78067e-18)
(0 -2.81189e-17 -1.98463e-17)
(0 -9.6671e-19 0)
(0 -1.03995e-20 1.14812e-20)
(0 0 0)
(0 8.53203e-26 0)
(0 0 0)
(0 0 2.17122e-31)
(0 0 0)
(0 1.17562e-28 0)
(0 0 0)
(0 0 5.18066e-40)
(0 0 0)
(0 1.79502e-31 0)
(0 0 0)
(0 0 0)
(9.27095e-15 0 -9.90457e-15)
(0 -1.78113e-14 -2.64877e-15)
(1.03702e-21 -2.22028e-15 -1.84431e-15)
(1.98161e-27 0 4.28946e-19)
(1.57379e-28 0 -1.10851e-15)
(0 0 0)
(5.93989e-28 0 5.44231e-19)
(6.88692e-21 -1.35261e-18 3.4883e-15)
(1.08467e-20 -2.47577e-16 -1.04487e-15)
(-1.74378e-20 -8.77617e-16 6.08141e-15)
(0 -4.14779e-18 9.58157e-18)
(0 -5.02542e-17 -4.08044e-16)
(0 -5.30175e-35 0)
(0 -4.61521e-34 -9.84011e-23)
(0 3.52813e-15 -4.21461e-15)
(0 -2.32086e-15 6.49639e-15)
(0 -1.14391e-19 -1.11997e-21)
(0 -2.37878e-14 -2.09344e-15)
(0 -2.27268e-16 0)
(0 -1.36503e-15 5.2364e-17)
(3.03821e-15 -2.40511e-14 -2.12182e-15)
(0 -5.53395e-16 0)
(0 -5.42032e-16 0)
(-3.13587e-17 -2.32089e-15 4.71762e-15)
(-1.25401e-18 -2.32088e-15 4.84334e-15)
(-2.41357e-15 -2.38703e-14 8.7222e-19)
(-4.02929e-25 -2.47922e-14 1.29928e-14)
(4.21171e-20 -5.53395e-16 0)
(-1.92114e-22 -5.53395e-16 0)
(3.43555e-39 -2.36791e-14 1.29928e-14)
(-2.94886e-16 -5.53435e-16 -9.62858e-15)
(2.18621e-17 -1.96118e-17 0)
(1.26052e-16 -5.53435e-16 0)
(2.23821e-18 -2.41658e-14 1.02368e-16)
(-2.82761e-17 -3.27105e-16 1.28532e-16)
(0 0 6.81022e-24)
(6.5275e-16 -5.00738e-15 1.40039e-21)
(0 0 5.04483e-15)
(0 0 -6.45943e-15)
(-3.09217e-15 0 1.26962e-14)
(0 0 1.06189e-15)
(-2.20458e-15 0 -8.7693e-15)
(0 0 -1.42058e-14)
(0 0 -2.40704e-14)
(2.01162e-14 0 1.29928e-14)
(0 2.24743e-14 1.36095e-14)
(1.94294e-22 0 -2.40195e-14)
(0 0 -5.3941e-15)
(-2.77889e-15 0 -8.46776e-22)
(0 -1.50769e-14 0)
(0 0 2.41495e-15)
(0 0 -1.43954e-14)
(0 0 7.73439e-15)
(0 0 8.31327e-16)
(0 0 0)
(0 0 2.15762e-14)
(0 0 -5.09423e-16)
(0 0 2.76026e-15)
(0 0 3.8669e-15)
(0 0 0)
(0 0 -2.00266e-14)
(0 0 0)
(0 0 -1.05812e-14)
(0 0 0)
(0 0 1.31006e-14)
(0 0 -2.8862e-15)
(0 0 6.46572e-15)
(0 0 0)
(0 1.1714e-14 -1.42715e-15)
(0 -1.30114e-14 2.2429e-14)
(0 -1.45442e-16 0)
(0 -1.82845e-16 0)
(0 -2.59856e-14 1.88641e-15)
(2.2875e-14 1.16646e-14 -5.29268e-15)
(0 -6.10504e-15 7.45737e-15)
(0 0 -2.31546e-14)
(0 0 2.35915e-15)
(0 0 4.21503e-15)
(0 0 6.73169e-15)
(0 0 1.58161e-14)
(0 0 -2.08735e-14)
(0 0 -1.38538e-14)
(0 0 -2.59064e-14)
(3.42515e-21 0 4.66558e-15)
(0 0 1.10246e-15)
(0 0 1.50085e-15)
(0 0 -2.96537e-15)
(0 0 -2.86946e-15)
(-2.88049e-15 0 1.27582e-14)
(-2.97997e-15 0 2.18925e-15)
(0 0 3.2724e-15)
(-2.97583e-15 0 -2.06416e-15)
(-2.97604e-15 0 2.5733e-15)
(0 0 3.34202e-15)
(-3.96841e-15 0 -2.33707e-15)
(0 0 -3.50239e-15)
(0 0 0)
(0 0 2.07058e-14)
(0 0 2.74413e-15)
(0 0 -2.01795e-14)
(0 0 -8.49422e-15)
(0 0 0)
(0 0 0)
(0 0 0)
(0 0 1.32966e-14)
(0 0 1.75397e-15)
(0 0 4.10815e-17)
(0 0 -2.02448e-14)
(0 0 -1.3996e-14)
(0 0 -4.04708e-18)
(0 0 -2.00791e-17)
(0 0 2.52378e-14)
(0 0 9.30145e-16)
(0 0 3.80353e-15)
(0 0 -2.07719e-14)
(0 0 -6.20652e-15)
(0 0 0)
(0 0 4.97898e-16)
(0 0 1.82447e-14)
(0 0 -2.83729e-15)
(0 0 0)
(0 0 5.92821e-15)
(0 0 3.20402e-15)
(0 0 0)
(0 0 5.13184e-16)
(0 0 1.82552e-14)
(0 0 -1.74489e-15)
(0 0 0)
(0 0 6.15888e-15)
(0 0 3.24269e-15)
(-2.58805e-15 0 -9.27968e-15)
(0 0 4.53307e-16)
(0 0 2.97407e-14)
(0 0 6.25076e-15)
(0 0 6.08356e-15)
(0 0 -2.95063e-14)
(0 0 -7.70613e-15)
(0 0 8.16888e-15)
(-4.76256e-15 0 -2.47197e-14)
(0 0 -1.74398e-14)
(-4.38522e-15 0 -2.34513e-14)
(0 0 2.46325e-15)
(0 0 5.57263e-15)
(-9.28387e-24 8.23009e-15 6.49639e-15)
(0 5.78536e-15 -4.17625e-15)
(-7.00469e-25 0 -2.06255e-14)
(0 0 6.87855e-15)
(0 0 6.36801e-15)
(-3.86301e-15 0 -1.82226e-14)
(8.33824e-19 -2.38974e-14 2.41495e-15)
(-3.19571e-15 -2.36761e-14 0)
(-4.14011e-15 0 -8.4718e-15)
(-3.72159e-15 0 6.32751e-15)
(-4.11694e-15 0 3.80276e-16)
(-1.86158e-14 1.16669e-14 3.92526e-15)
(-1.81939e-22 -2.36761e-14 0)
(-5.22995e-17 0 -3.6118e-21)
(-2.8145e-17 2.30653e-16 0)
(-2.7237e-17 2.76069e-16 0)
(-6.72374e-22 0 1.5338e-20)
(-5.14912e-18 0 8.74324e-19)
(-1.26694e-16 0 6.32565e-16)
(-1.38477e-18 0 3.5224e-19)
(-9.74379e-16 0 -2.7628e-14)
(3.69763e-15 0 -3.95256e-15)
(-6.50259e-16 0 -2.54189e-14)
(2.65114e-22 0 -3.68658e-16)
(5.38802e-18 0 1.15659e-15)
(3.00029e-16 -1.04089e-14 2.61072e-15)
(1.43644e-17 5.57775e-15 -6.26154e-15)
(3.20504e-15 0 -1.74251e-14)
(2.13058e-47 0 0)
(2.84138e-20 0 9.53695e-17)
(-5.2908e-16 -2.27674e-14 5.94743e-18)
(3.06509e-15 0 2.78331e-15)
(3.78868e-19 3.23548e-15 -1.77374e-16)
(0 0 1.09387e-14)
(0 0 -6.40244e-15)
(0 1.29692e-14 -5.38501e-17)
(0 -2.16277e-33 -1.48076e-18)
(0 1.29834e-14 1.06768e-14)
(0 -1.08717e-31 -9.78106e-16)
(0 0 1.43742e-14)
(0 1.29898e-14 -1.29168e-14)
(0 -3.61905e-29 0)
(0 0 0)
(0 0 -1.25733e-14)
(0 0 -1.01711e-14)
(0 0 -2.14294e-14)
(0 0 -2.29636e-16)
(0 0 -2.30832e-16)
(0 0 1.17651e-14)
(0 0 1.80248e-15)
(0 0 5.94843e-15)
(0 0 -2.29212e-14)
(0 0 -9.92782e-15)
(0 0 2.362e-14)
(0 0 2.35749e-14)
(0 0 -1.35909e-15)
(4.57656e-31 0 -1.29766e-14)
(0 0 0)
(0 0 0)
(0 0 -1.29964e-14)
(0 0 0)
(0 0 8.90995e-15)
(5.49601e-30 0 2.32014e-16)
(0 1.29928e-14 0)
(0 -1.11293e-18 -1.23542e-14)
(0 1.29928e-14 0)
(0 3.77621e-19 1.18909e-21)
(0 1.29928e-14 1.47985e-16)
(0 0 1.14817e-17)
(0 1.24904e-14 -1.59297e-15)
(0 -4.57384e-19 7.48881e-16)
(0 1.24733e-14 -1.18203e-15)
(0 0 0)
(0 0 0)
(0 0 0)
(0 0 0)
(0 1.29928e-14 0)
(0 0 0)
(0 1.29829e-14 -1.01004e-16)
(0 0 1.54347e-15)
(0 -1.10823e-31 0)
(0 1.29928e-14 6.57218e-18)
(0 -1.00343e-29 0)
(0 0 0)
(0 0 0)
(0 0 0)
(0 0 0)
(0 0 -7.58002e-15)
(0 1.2983e-14 0)
(0 0 0)
(0 1.2983e-14 6.62206e-19)
(0 0 0)
(0 -7.9843e-28 0)
(0 1.29928e-14 1.5866e-15)
(0 1.29928e-14 1.24013e-14)
(0 -5.77235e-26 0)
(0 -1.96133e-27 0)
(0 0 0)
(0 0 0)
(0 0 0)
(0 0 0)
(0 0 -4.89192e-16)
(0 1.2983e-14 0)
(0 0 0)
(0 1.2983e-14 4.52749e-19)
(0 0 0)
(1.00045e-22 1.26178e-14 -3.15089e-16)
(0 -4.48001e-24 0)
(0 -8.70932e-26 0)
(0 1.25262e-14 1.91819e-16)
(0 -2.47106e-22 0)
(1.24282e-22 -1.01313e-42 3.36174e-16)
(0 0 0)
(0 0 0)
(0 0 0)
(0 0 -3.82475e-16)
(0 1.29898e-14 0)
(0 0 0)
(0 1.29517e-14 0)
(0 0 0)
(0 -1.39996e-20 0)
(8.51362e-21 0 -1.59495e-15)
(0 1.24788e-14 1.33149e-15)
(0 -5.41956e-19 0)
(2.24104e-19 0 1.51708e-15)
(0 0 0)
(-5.12343e-16 -1.44213e-15 1.12938e-14)
(0 0 0)
(0 0 0)
(0 -1.40779e-14 1.17718e-14)
(-2.01162e-14 2.31224e-14 1.71155e-14)
(0 0 0)
(2.32106e-14 -2.02054e-14 1.57641e-14)
(0 0 0)
(0 0 0)
(0 0 0)
(0 0 0)
(0 0 0)
(0 0 0)
(0 0 0)
(0 0 0)
(0 0 1.39738e-19)
(0 0 0)
(0 0 0)
(0 0 0)
(0 0 0)
(0 0 0)
(0 0 0)
(0 0 0)
(0 0 0)
(0 0 0)
(0 0 0)
(0 0 0)
(0 0 0)
(0 0 0)
(0 0 2.50331e-17)
(0 0 0)
(0 0 0)
(0 0 0)
(0 0 9.28056e-16)
(0 0 0)
(0 0 0)
(0 0 0)
(0 0 0)
(0 0 0)
(0 0 0)
(0 0 0)
(0 0 0)
(0 0 0)
(0 0 4.18603e-17)
(0 0 0)
(0 0 0)
(0 0 0)
(0 0 0)
(0 0 0)
(0 0 0)
(0 0 0)
(0 0 0)
(0 0 0)
(0 0 0)
(0 0 0)
(0 0 0)
(0 0 8.03621e-15)
(0 0 6.9336e-16)
(0 0 0)
(0 0 0)
(0 0 0)
(0 0 8.77795e-15)
(0 0 0)
(1.52823e-29 0 2.63324e-14)
(0 0 8.34396e-15)
(0 0 -2.94279e-14)
(5.04748e-27 0 -1.14362e-14)
(0 0 2.64597e-15)
(1.80317e-28 0 2.99919e-14)
(3.15261e-28 0 -5.23086e-15)
(0 0 0)
(0 0 0)
(0 0 0)
(0 0 0)
(0 0 0)
(0 0 0)
(0 0 0)
(0 0 0)
(0 0 2.46384e-17)
(0 0 0)
(0 0 0)
(0 0 0)
(0 0 0)
(0 0 0)
(0 0 7.68693e-16)
(0 0 0)
(0 0 4.12436e-15)
(0 0 0)
(0 0 -3.03499e-15)
(0 0 0)
(0 0 0)
(2.57573e-25 0 2.23166e-14)
(0 0 -2.8333e-15)
(1.38389e-25 0 1.17651e-14)
(0 0 2.15494e-14)
(6.73328e-27 0 -1.44886e-14)
(0 0 7.4992e-16)
(3.31084e-24 0 4.67089e-16)
(0 0 2.28665e-15)
(0 0 3.01245e-16)
(0 0 0)
(0 0 -5.48266e-15)
(0 0 0)
(0 0 3.11022e-15)
(0 0 -5.81736e-17)
(0 0 0)
(0 0 0)
(0 0 0)
(0 0 0)
(0 0 0)
(0 0 0)
(0 0 0)
(0 0 0)
(0 0 3.685e-17)
(0 0 0)
(0 0 0)
(0 0 0)
(0 0 0)
(0 0 0)
(0 0 5.07096e-15)
(0 0 0)
(0 0 3.62499e-15)
(0 0 0)
(0 0 -3.11345e-15)
(0 0 0)
(0 0 -3.46214e-15)
(0 0 2.55441e-16)
(0 0 5.03038e-16)
(0 0 0)
(0 0 -4.06497e-15)
(0 0 0)
(0 0 5.49577e-15)
(0 0 -6.24348e-17)
(0 0 1.09128e-15)
(0 0 0)
(0 0 0)
(0 0 -7.03616e-19)
(0 0 -2.17419e-15)
(0 0 4.06968e-20)
(0 0 -2.80456e-17)
(0 0 -1.10617e-14)
(0 0 6.06986e-16)
(0 0 3.93721e-16)
(0 0 2.92758e-19)
(0 0 2.20773e-14)
(0 0 3.48304e-18)
(0 0 8.92495e-21)
(0 1.16884e-14 0)
(0 0 0)
(0 -1.88047e-17 0)
(4.89036e-18 0 0)
(0 1.73165e-14 -1.12234e-19)
(0 -3.8509e-16 -2.39807e-18)
(0 0 -5.6994e-21)
(0 0 0)
(0 0 0)
(0 0 -8.8908e-19)
(0 0 8.50379e-16)
(0 0 -9.63407e-20)
(0 0 -4.55233e-20)
(0 0 3.9218e-16)
(0 0 0)
(0 0 5.25029e-15)
(0 0 -2.01669e-17)
(0 0 -3.12351e-15)
(0 0 -1.24992e-18)
(0 0 -2.7148e-16)
(0 1.29928e-14 0)
(0 4.60401e-16 1.08789e-14)
(0 1.18327e-14 0)
(0 4.60401e-16 0)
(0 1.18327e-14 0)
(0 4.5953e-16 0)
(0 1.23008e-14 0)
(0 -3.2482e-15 0)
(0 0 0)
(0 0 0)
(0 0 0)
(0 1.16007e-15 -1.95258e-14)
(0 0 0)
(0 1.18327e-14 -2.46815e-15)
(0 0 0)
(0 0 0)
(0 0 0)
(0 0 0)
(0 0 0)
(0 1.16007e-15 0)
(0 1.16007e-15 0)
(0 0 0)
(0 1.18327e-14 0)
(0 0 0)
(0 0 0)
(0 0 0)
(0 0 0)
(0 0 0)
(0 1.16007e-15 0)
(0 1.16007e-15 0)
(0 0 0)
(0 1.18327e-14 0)
(0 0 0)
(0 0 0)
(0 0 0)
(0 1.43143e-15 0)
(0 0 0)
(0 0 0)
(0 0 0)
(0 0 0)
(0 0 0)
(0 0 0)
(0 0 0)
(0 0 0)
(0 0 0)
(0 0 0)
(0 0 0)
(0 0 0)
(0 0 0)
(0 0 0)
(0 0 0)
(0 0 0)
(0 0 0)
(0 0 0)
(0 0 0)
(0 0 0)
(0 0 0)
(0 0 0)
(0 0 0)
(0 0 0)
(0 0 0)
(0 0 0)
(0 0 0)
(0 0 0)
(0 0 0)
(0 0 0)
(0 0 0)
(0 0 0)
(0 0 0)
(0 0 0)
(0 0 0)
(0 0 0)
(0 0 0)
(0 0 0)
(0 0 0)
(0 0 0)
(0 0 0)
(0 0 0)
(0 0 0)
(0 0 0)
(0 0 0)
(0 0 0)
(0 0 0)
(0 0 0)
(0 0 0)
(0 0 0)
(0 0 0)
(0 0 0)
(0 0 0)
(0 0 0)
(0 0 0)
(0 0 0)
(0 0 0)
(0 0 0)
(0 0 0)
(0 0 0)
(0 0 0)
(0 0 0)
(0 0 0)
(0 0 0)
(0 0 0)
(0 0 0)
(0 0 0)
(0 0 0)
(0 0 0)
(0 0 0)
(0 0 0)
(0 0 0)
(0 0 0)
(0 0 0)
(0 0 0)
(0 0 0)
(0 0 0)
(0 0 0)
(0 0 0)
(0 0 0)
(0 0 0)
(0 0 0)
(0 0 0)
(0 0 0)
(0 0 0)
(0 0 0)
(0 0 0)
(0 0 0)
(0 0 0)
(0 0 0)
(0 0 0)
(0 0 0)
(0 0 -8.3996e-19)
(-1.72219e-17 0 -1.76621e-17)
(0 0 -1.14697e-16)
(0 0 -4.47274e-16)
(-8.6852e-23 -2.07862e-16 0)
(2.46926e-40 -2.21824e-16 0)
(-7.49683e-18 -2.19509e-16 1.00427e-14)
(0 0 0)
(0 0 0)
(0 0 0)
(0 0 0)
(0 0 7.60509e-16)
(0 0 -7.60509e-16)
(-2.13219e-19 -5.04879e-22 0)
(0 0 0)
(0 0 0)
(0 0 0)
(0 0 0)
(0 0 0)
(0 0 0)
(0 0 0)
(0 0 0)
(0 0 0)
(0 0 0)
(0 0 0)
(0 0 0)
(0 0 0)
(0 0 0)
(0 0 0)
(0 0 0)
(0 -7.03779e-16 0)
(0 0 0)
(0 -4.46357e-28 9.24018e-15)
(0 -3.82121e-19 -9.24018e-15)
(-1.17588e-17 -2.64654e-17 0)
(0 0 0)
(0 0 0)
(0 0 0)
(0 0 0)
(0 0 9.42314e-15)
(0 0 -9.42314e-15)
(-2.20511e-25 3.15257e-18 2.62429e-40)
(0 0 0)
(0 0 0)
(0 0 0)
(0 0 0)
(0 0 0)
(0 0 0)
(0 0 0)
(0 0 0)
(0 0 0)
(0 0 0)
(0 0 0)
(0 0 0)
(0 0 0)
(0 2.11838e-20 6.97296e-49)
(0 0 0)
(0 0 0)
(0 0 0)
(0 0 0)
(0 0 0)
(0 0 0)
(0 0 0)
(0 0 0)
(0 0 0)
(0 0 0)
(0 0 0)
(0 0 0)
(0 0 0)
(0 9.94111e-23 0)
(0 0 -1.42543e-17)
(-4.56406e-16 3.0041e-15 -3.461e-16)
(0 -1.99024e-15 -4.78847e-15)
(0 -4.99434e-15 5.19624e-15)
(0 0 -9.61157e-17)
(0 2.87011e-28 1.13162e-14)
(0 -6.2489e-25 0)
(0 0 -9.69053e-19)
(0 0 0)
(0 0 -6.7031e-21)
(0 3.18456e-27 -7.04906e-38)
(0 -6.25427e-25 -5.65323e-38)
(0 0 0)
(0 0 0)
(0 0 7.548e-18)
(0 1.3323e-25 -1.90077e-29)
(0 -6.46718e-25 -5.79454e-38)
(0 0 0)
(0 0 0)
(0 0 7.87371e-16)
(0 1.0571e-24 8.00111e-30)
(0 -7.84607e-25 0)
(0 0 0)
(0 0 0)
(4.10755e-25 0 -2.36545e-16)
(0 7.10608e-25 -4.47051e-25)
(0 -6.6637e-25 0)
(0 0 1.06273e-18)
(0 0 0)
(9.57383e-22 0 2.21369e-18)
(0 -7.87099e-25 4.41672e-25)
(0 0 -7.78904e-25)
(0 0 -1.06779e-18)
(0 0 -7.54119e-25)
(2.96793e-17 6.96101e-27 8.59169e-16)
(0 0 0)
(0 -2.44982e-26 0)
(0 0 0)
(0 0 0)
(0 0 0)
(2.33632e-17 0 2.47102e-37)
(0 0 0)
(0 0 0)
(0 0 0)
(0 0 0)
(0 0 0)
(0 0 0)
(0 0 4.51185e-46)
(0 0 0)
(0 0 0)
(0 0 0)
(0 0 0)
(0 0 0)
(0 0 0)
(0 0 0)
(0 0 0)
(0 0 0)
(0 0 0)
(0 0 0)
(0 0 0)
(0 0 0)
(0 0 0)
(-2.99426e-24 6.49639e-15 0)
(0 0 0)
(0 0 0)
(0 0 0)
(0 0 1.20067e-14)
(4.51274e-28 0 1.29928e-14)
(0 0 0)
(0 0 1.17747e-14)
(1.09434e-31 0 0)
(0 0 0)
(0 0 0)
(0 0 0)
(0 0 0)
(0 0 9.32274e-15)
(0 0 -8.48403e-15)
(0 0 1.04664e-14)
(0 0 1.29928e-14)
(0 0 0)
(0 0 0)
(0 0 0)
(0 0 0)
(0 0 0)
(0 0 0)
(0 0 0)
(0 0 0)
(0 0 0)
(0 0 0)
(0 0 0)
(0 0 0)
(0 0 0)
(0 0 0)
(0 0 0)
(0 0 0)
(0 0 0)
(0 0 0)
(0 0 0)
(0 0 0)
(0 0 0)
(0 0 0)
(0 0 0)
(0 0 0)
(0 0 -4.30443e-16)
(-1.17212e-20 6.49639e-15 4.05086e-17)
(0 0 0)
(0 0 0)
(0 0 6.44604e-20)
(0 0 0)
(3.05959e-26 0 0)
(0 0 0)
(0 0 0)
(2.85769e-29 0 0)
(0 0 0)
(0 0 0)
(0 0 0)
(0 0 0)
(0 0 0)
(0 0 0)
(0 0 0)
(0 0 0)
(0 0 0)
(0 0 0)
(0 0 0)
(0 0 0)
(0 0 0)
(0 0 0)
(0 0 0)
(0 0 0)
(0 0 0)
(0 0 0)
(0 0 0)
(0 0 0)
(0 0 0)
(0 0 0)
(0 0 0)
(0 0 0)
(0 0 0)
(0 0 0)
(0 0 0)
(0 0 0)
(0 0 0)
(0 0 0)
(0 0 0)
(0 0 0)
(0 0 0)
(9.85219e-28 0 -8.40622e-17)
(0 0 5.96508e-15)
(0 0 9.62858e-15)
(0 0 0)
(-1.19064e-18 6.49639e-15 0)
(0 6.49639e-15 -8.18828e-16)
(0 0 0)
(0 0 0)
(0 0 0)
(0 0 -8.4179e-16)
(4.36088e-24 0 0)
(0 0 0)
(0 0 0)
(6.09711e-27 0 0)
(0 0 0)
(0 0 0)
(0 0 0)
(0 0 0)
(0 0 0)
(0 0 0)
(0 0 0)
(0 0 0)
(0 0 0)
(0 0 0)
(0 0 0)
(0 0 0)
(0 0 0)
(0 0 0)
(0 0 0)
(0 0 0)
(0 0 0)
(0 0 0)
(0 0 0)
(0 0 0)
(0 0 0)
(0 0 0)
(0 0 0)
(0 0 0)
(0 0 0)
(0 0 0)
(0 0 0)
(0 0 0)
(0 0 0)
(0 0 0)
(0 0 0)
(0 0 0)
(0 0 -1.79827e-17)
(-1.06764e-23 0 -1.85935e-17)
(0 0 0)
(0 0 -1.48484e-16)
(0 0 1.20647e-14)
(0 1.68557e-14 1.79431e-14)
(0 1.29928e-14 1.66571e-14)
(0 0 0)
(0 6.49639e-15 0)
(0 6.49639e-15 0)
(0 6.49639e-15 1.14385e-14)
(0 0 0)
(0 0 0)
(0 0 0)
(0 0 0)
(2.02831e-22 0 0)
(0 0 0)
(0 0 0)
(1.08455e-24 0 0)
(0 0 0)
(0 0 0)
(0 0 0)
(0 0 0)
(0 0 0)
(0 0 0)
(0 0 0)
(0 0 0)
(0 0 0)
(0 0 0)
(0 0 0)
(0 0 0)
(0 0 0)
(0 0 0)
(0 0 0)
(0 0 0)
(0 0 0)
(0 0 0)
(0 0 0)
(0 0 0)
(0 0 0)
(0 0 0)
(0 0 0)
(0 0 0)
(0 0 0)
(0 0 0)
(0 0 0)
(0 0 0)
(0 0 0)
(0 0 0)
(0 0 0)
(0 0 0)
(0 0 -4.19065e-24)
(-2.24743e-14 0 -1.834e-20)
(0 0 -1.64376e-17)
(0 0 0)
(0 0 0)
(0 0 0)
(0 0 -1.88417e-16)
(0 0 1.17167e-14)
(0 1.68557e-14 1.61443e-14)
(0 1.29928e-14 1.65232e-14)
(0 0 0)
(0 6.49639e-15 -1.84775e-17)
(0 6.49639e-15 -3.31405e-17)
(0 6.49639e-15 -3.07972e-17)
(2.28546e-18 6.49639e-15 0)
(0 6.49639e-15 1.60299e-19)
(0 6.49639e-15 2.00435e-18)
(0 0 0)
(0 0 0)
(0 0 0)
(0 0 0)
(0 0 0)
(0 0 0)
(0 0 0)
(1.59498e-22 0 0)
(0 0 0)
(0 0 0)
(0 0 0)
(0 0 0)
(0 0 0)
(0 0 0)
(0 0 0)
(0 0 0)
(0 0 0)
(0 0 0)
(0 0 0)
(0 0 0)
(0 0 0)
(0 0 0)
(0 0 0)
(0 0 0)
(0 0 0)
(0 0 0)
(0 0 0)
(0 0 0)
(0 0 0)
(0 0 0)
(0 0 0)
(0 0 0)
(0 0 0)
(0 0 0)
(0 0 0)
(0 0 0)
(0 0 0)
(0 0 0)
(0 0 0)
(0 0 0)
(0 0 0)
(-6.49639e-15 0 -1.53646e-15)
(0 0 -1.22247e-18)
(0 0 0)
(0 0 0)
(0 2.77982e-17 6.24686e-15)
(0 0 0)
(0 0 0)
(0 0 -6.49639e-15)
(0 0 0)
(0 -6.49639e-15 -3.05233e-15)
(0 6.49639e-15 3.01799e-15)
(2.32532e-17 6.49639e-15 6.09177e-15)
(0 6.49639e-15 6.03766e-15)
(0 5.75857e-15 5.19122e-15)
(0 0 0)
(0 0 0)
(0 1.2249e-14 0)
(0 0 -1.29928e-14)
(0 0 0)
(0 0 -1.29928e-14)
(0 1.34861e-35 -3.03604e-17)
(0 0 0)
(0 0 0)
(0 0 0)
(0 0 0)
(0 0 0)
(0 0 0)
(0 0 0)
(7.52363e-21 0 -1.46893e-17)
(0 0 0)
(0 0 0)
(0 0 0)
(0 0 0)
(0 0 0)
(0 0 0)
(0 0 0)
(0 0 0)
(0 0 0)
(0 0 0)
(0 0 0)
(0 0 0)
(0 0 0)
(0 0 0)
(0 0 0)
(0 0 0)
(0 0 0)
(0 0 0)
(0 0 0)
(0 0 0)
(0 0 0)
(0 0 0)
(0 0 0)
(0 0 0)
(0 0 0)
(0 0 0)
(0 0 0)
(0 0 0)
(0 0 0)
(0 0 0)
(0 0 0)
(0 0 0)
(0 0 -5.52617e-17)
(0 0 -8.50451e-16)
(0 -1.2249e-14 -1.6241e-15)
(0 0 -6.49639e-15)
(0 -3.74263e-26 -8.12049e-15)
(0 -1.03268e-17 4.9116e-15)
(0 0 -7.24415e-16)
(0 0 -1.05148e-14)
(0 0 -9.74459e-15)
(0 0 -6.49639e-15)
(0 -9.17731e-24 -1.13687e-14)
(0 -4.86426e-22 1.6241e-15)
(-1.29689e-14 1.50044e-16 1.56007e-15)
(0 0 0)
(0 0 0)
(0 1.2249e-14 0)
(0 0 -1.29928e-14)
(0 0 0)
(0 0 -1.29928e-14)
(0 2.83741e-19 4.31507e-16)
(0 0 0)
(0 0 0)
(0 0 0)
(0 0 0)
(0 0 0)
(0 0 0)
(0 0 0)
(-5.69492e-18 0 1.01792e-14)
(0 0 0)
(0 0 0)
(0 0 0)
(0 0 0)
(0 0 0)
(0 0 0)
(0 0 0)
(0 0 0)
(0 0 0)
(0 0 0)
(0 0 0)
(0 0 0)
(0 0 0)
(0 0 0)
(0 0 0)
(0 0 0)
(0 0 0)
(0 0 0)
(0 0 0)
(0 0 0)
(0 0 0)
(0 0 0)
(0 0 0)
(0 0 0)
(0 0 0)
(0 0 0)
(0 0 0)
(0 0 0)
(0 0 0)
(0 0 0)
(0 0 0)
(0 0 0)
(0 0 0)
(0 0 0)
(0 0 0)
(0 0 0)
(0 0 0)
(0 0 0)
(0 0 0)
(0 0 0)
(0 0 0)
(0 0 0)
(0 0 0)
(0 0 0)
(0 0 0)
(0 0 0)
(0 0 0)
(-1.26989e-17 2.6045e-21 2.66638e-40)
(0 0 0)
(0 0 0)
(0 0 0)
(0 0 0)
(0 0 0)
(0 0 0)
(0 0 0)
(0 0 0)
(0 0 0)
(0 0 0)
(0 0 0)
(0 0 0)
(0 0 0)
(0 0 0)
(0 0 0)
(0 0 0)
(0 0 0)
(0 0 0)
(0 0 0)
(0 0 0)
(0 0 0)
(0 0 0)
(0 0 0)
(0 0 0)
(0 0 0)
(0 0 0)
(0 0 0)
(0 0 0)
(0 0 0)
(0 0 0)
(0 0 0)
(0 0 0)
(0 0 0)
(0 0 0)
(0 0 0)
(0 0 0)
(0 0 0)
(0 0 0)
(0 0 0)
(0 0 0)
(0 0 0)
(0 0 0)
(0 0 0)
(0 0 0)
(0 0 0)
(0 0 0)
(0 0 0)
(0 0 0)
(0 0 0)
(0 0 0)
(0 0 0)
(0 0 0)
(0 0 0)
(0 0 0)
(0 0 0)
(0 0 6.98415e-49)
(0 0 0)
(0 0 0)
(0 0 0)
(0 0 0)
(0 0 0)
(0 0 0)
(0 0 0)
(0 0 0)
(0 0 0)
(0 0 0)
(0 0 0)
(0 0 0)
(0 0 0)
(0 0 0)
(0 0 0)
(0 0 0)
(0 0 0)
(0 0 0)
(0 0 0)
(0 0 0)
(0 0 0)
(0 0 0)
(0 0 0)
(0 0 0)
(0 0 0)
(0 0 0)
(0 0 0)
(0 0 0)
(0 0 0)
(0 0 0)
(0 0 0)
(0 0 0)
(0 0 0)
(0 0 0)
(0 0 0)
(0 0 0)
(0 0 0)
(0 0 0)
(0 0 0)
(0 0 0)
(0 0 0)
(0 0 0)
(0 0 0)
(0 0 0)
(0 0 0)
(0 0 0)
(0 0 0)
(0 0 0)
(0 0 0)
(0 0 0)
(0 0 0)
(0 0 0)
(0 0 0)
(0 0 0)
(0 0 0)
(0 0 0)
(0 0 0)
(0 0 0)
(0 0 0)
(0 0 0)
(0 0 0)
(0 0 0)
(0 0 0)
(0 0 0)
(0 0 0)
(0 0 0)
(0 0 0)
(0 0 0)
(0 0 0)
(0 0 0)
(0 0 0)
(0 0 0)
(0 0 0)
(0 0 0)
(0 0 0)
(0 0 0)
(0 0 0)
(0 0 0)
(0 0 0)
(0 0 0)
(0 0 0)
(0 0 0)
(0 0 0)
(0 0 0)
(0 0 0)
(0 0 0)
(0 0 0)
(0 0 0)
(0 0 0)
(0 0 0)
(0 0 0)
(0 0 0)
(0 0 0)
(0 0 0)
(0 0 0)
(0 0 0)
(0 0 0)
(0 0 0)
(0 0 0)
(0 0 0)
(0 0 0)
(0 0 0)
(0 0 0)
(0 0 0)
(0 0 -1.70141e-15)
(6.32178e-26 0 -1.42275e-16)
(-1.29928e-14 0 -1.35704e-15)
(0 0 -1.20787e-15)
(-1.12416e-14 0 8.59476e-15)
(0 0 3.92131e-15)
(0 0 0)
(0 0 0)
(-2.20458e-15 0 1.04727e-14)
(0 0 -1.92587e-16)
(-1.29928e-14 0 -6.16459e-17)
(0 0 0)
(-1.13696e-14 0 -7.0725e-15)
(5.98804e-23 0 -5.31591e-17)
(-1.29928e-14 0 0)
(0 0 -1.38538e-15)
(-1.12446e-14 0 8.75045e-15)
(0 0 1.63492e-14)
(0 0 0)
(0 0 -3.8015e-16)
(0 0 -1.27794e-14)
(0 0 0)
(0 0 0)
(0 0 0)
(0 0 0)
(0 0 2.19124e-15)
(0 0 0)
(0 1.29928e-14 -1.09036e-14)
(0 1.29928e-14 -2.92728e-15)
(0 0 0)
(0 0 0)
(0 0 -2.04946e-14)
(0 0 0)
(0 0 1.56609e-14)
(0 0 1.29928e-14)
(0 0 0)
(0 0 0)
(0 0 1.58239e-14)
(0 2.89372e-15 1.37884e-14)
(0 0 1.29928e-14)
(0 1.62762e-14 1.28168e-16)
(0 0 -1.38042e-14)
(0 0 0)
(0 0 0)
(0 -2.7811e-15 1.29928e-14)
(0 -1.80896e-14 3.6153e-15)
(0 1.37479e-19 1.29834e-14)
(-2.59856e-14 1.80896e-14 1.38891e-14)
(0 1.68557e-14 0)
(0 1.29928e-14 -2.1933e-15)
(0 0 0)
(0 0 -3.3087e-16)
(0 0 0)
(0 0 0)
(0 0 1.35012e-14)
(0 0 0)
(0 0 4.4086e-17)
(0 0 -1.09751e-14)
(0 0 -1.42268e-14)
(0 1.29928e-14 5.60603e-15)
(0 0 0)
(0 0 0)
(0 1.14371e-14 -1.09814e-14)
(0 1.29928e-14 0)
(0 0 0)
(0 0 0)
(0 0 -4.31117e-16)
(0 0 0)
(0 0 0)
(0 0 -4.04903e-20)
(0 0 -1.15862e-15)
(0 0 1.43445e-14)
(0 0 0)
(0 -2.01162e-14 1.49778e-14)
(0 -2.06724e-14 5.81324e-15)
(0 2.08939e-14 9.00079e-15)
(0 2.06776e-14 1.30772e-14)
(0 0 -2.68286e-15)
(0 0 0)
(0 0 0)
(0 0 1.35979e-15)
(0 0 4.195e-16)
(0 0 5.14458e-16)
(0 0 3.94774e-15)
(0 0 -3.22407e-15)
(0 0 -4.58592e-15)
(0 0 2.07545e-14)
(0 0 7.60276e-16)
(0 0 0)
(0 0 -2.49659e-14)
(0 0 4.01571e-15)
(0 0 0)
(0 0 -6.7097e-16)
(0 0 0)
(0 0 0)
(0 0 0)
(0 0 0)
(0 0 0)
(0 0 1.39452e-14)
(0 0 3.52647e-17)
(0 0 -2.17222e-15)
(0 0 0)
(0 0 0)
(0 0 0)
(0 0 -1.37667e-14)
(0 0 0)
(0 0 0)
(0 0 4.6167e-16)
(0 0 0)
(0 0 8.34585e-17)
(0 0 0)
(0 0 0)
(0 0 0)
(0 0 4.91408e-16)
(0 0 0)
(0 0 -3.82671e-15)
(0 0 0)
(0 0 5.96709e-15)
(0 0 0)
(0 0 0)
(0 0 0)
(0 0 0)
(0 0 0)
(0 0 0)
(0 0 0)
(0 0 0)
(0 0 0)
(0 0 0)
(0 0 0)
(0 0 0)
(0 0 0)
(0 0 0)
(0 0 0)
(0 0 0)
(0 0 0)
(0 0 0)
(0 0 0)
(0 0 0)
(0 0 0)
(0 0 0)
(0 0 0)
(0 0 0)
(0 0 0)
(0 0 0)
(0 0 0)
(0 0 0)
(0 0 0)
(0 0 4.26583e-15)
(0 0 0)
(0 0 0)
(0 0 1.62616e-15)
(0 0 0)
(0 0 -4.18297e-17)
(0 0 5.20298e-15)
(0 0 -2.63978e-17)
(0 0 0)
(0 0 0)
(0 0 2.04847e-16)
(0 0 0)
(0 0 1.18018e-17)
(0 0 1.15892e-16)
(0 0 -1.45054e-15)
(0 0 0)
(0 0 0)
(0 0 3.28126e-15)
(0 0 0)
(0 0 -4.89556e-15)
(0 0 1.32717e-15)
(0 0 -1.23756e-14)
(0 0 0)
(0 0 0)
(0 0 1.47729e-14)
(0 0 2.17612e-14)
(0 0 4.85885e-15)
(0 0 3.63045e-15)
(0 0 -6.11526e-15)
(0 0 1.3137e-14)
(0 0 0)
(0 0 -1.62718e-14)
(0 0 -8.7576e-15)
(0 0 -1.29966e-14)
(0 0 7.93656e-15)
(0 0 -1.57714e-15)
(0 0 1.93597e-14)
(0 0 1.88035e-14)
(0 0 7.79283e-15)
(0 0 0)
(0 0 0)
(0 0 6.49639e-15)
(0 0 0)
(0 1.62867e-14 2.04946e-14)
(0 6.49639e-15 0)
(0 0 -4.00207e-16)
(0 0 0)
(0 0 -5.88864e-15)
(0 0 -1.29928e-14)
(0 1.62868e-14 1.52536e-14)
(0 6.49639e-15 2.3916e-18)
(0 1.13787e-14 -2.13815e-15)
(0 0 0)
(-1.12371e-14 0 0)
(0 0 0)
(0 0 0)
(-1.12371e-14 0 8.79908e-15)
(0 0 1.50495e-14)
(0 0 -1.24346e-14)
(0 0 0)
(0 0 0)
(0 1.1471e-14 -1.18458e-14)
(0 0 0)
(0 0 0)
(0 0 1.12852e-16)
(-1.12371e-14 0 -7.07033e-15)
(0 0 2.58722e-16)
(0 0 1.47154e-15)
(-1.12408e-14 0 1.11673e-14)
(0 0 1.47313e-14)
(0 0 -1.30242e-14)
(0 0 -8.95071e-18)
(0 0 2.78283e-16)
(0 0 0)
(0 1.12371e-14 -1.21863e-14)
(0 1.29928e-14 -2.26136e-15)
(0 0 0)
(0 0 0)
(-1.13745e-14 0 -1.23512e-14)
(0 0 1.15869e-14)
(0 0 0)
(0 1.29928e-14 2.385e-15)
(0 0 1.78842e-17)
(0 0 2.33778e-16)
(0 0 0)
(0 0 0)
(0 0 0)
(0 0 -1.76474e-16)
(0 0 0)
(0 0 0)
(0 0 0)
(0 0 3.24027e-19)
(0 0 0)
(0 0 6.97837e-17)
(0 0 3.79236e-16)
(0 0 4.46174e-16)
(0 0 2.25817e-17)
(0 0 1.85559e-17)
(-6.09835e-16 0 -1.50329e-19)
(-4.52608e-17 0 0)
(-1.08813e-22 0 0)
(-8.53296e-15 0 8.23349e-17)
(0 0 -2.17242e-18)
(0 0 -2.10544e-19)
(-1.29928e-14 0 1.90868e-16)
(0 0 0)
(-1.13676e-14 0 -8.29336e-15)
(0 0 -5.54687e-17)
(0 0 -5.27583e-18)
(0 0 -1.21278e-15)
(0 0 -1.14215e-16)
(0 0 1.36186e-14)
(0 0 2.22014e-14)
(0 0 -1.73312e-15)
(0 0 5.73709e-16)
(0 0 -6.08005e-16)
(0 0 -4.01628e-15)
(0 0 -1.45368e-14)
(0 1.29928e-14 5.49667e-15)
(0 0 0)
(0 0 0)
(0 0 -1.13905e-14)
(0 0 -3.59178e-15)
(0 0 -1.86246e-15)
(0 0 -7.06373e-16)
(0 1.29922e-14 0)
(0 0 0)
(0 0 0)
(0 0 -1.12104e-14)
(0 3.24395e-15 -1.64998e-15)
(0 0 -1.74611e-15)
(0 0 -3.42592e-16)
(0 0 -1.13477e-15)
(0 0 -1.29058e-16)
(0 0 0)
(0 0 0)
(0 0 1.48235e-15)
(0 0 -1.23956e-15)
(0 0 -8.7198e-15)
(0 0 0)
(0 0 -4.05828e-23)
(0 0 -1.84321e-24)
(0 0 0)
(0 0 0)
(0 0 -2.79968e-21)
(0 0 -1.11051e-22)
(0 0 1.10207e-14)
(0 2.23494e-15 0)
(0 9.17212e-17 0)
(0 0 -9.12731e-17)
(0 0 -4.88839e-18)
(0 0 -2.40803e-18)
(0 0 -2.02199e-19)
(0 0 0)
(0 2.91757e-18 0)
(0 1.74387e-19 0)
(0 0 -1.98807e-19)
(0 0 -6.77221e-21)
(0 0 -3.47408e-21)
(0 0 -1.47139e-22)
(0 0 0)
(0 0 0)
(0 0 0)
(0 0 0)
(0 0 0)
(0 0 0)
(0 0 0)
(0 0 0)
(0 0 7.63212e-16)
(0 0 4.43249e-15)
(0 0 -1.22416e-14)
(0 0 6.15662e-16)
(0 0 0)
(0 0 0)
(0 0 0)
(0 0 1.47123e-14)
(0 0 -1.04621e-14)
(0 0 -1.29798e-15)
(0 0 2.04242e-14)
(0 0 0)
(0 0 0)
(0 0 1.67427e-14)
(0 0 -1.40379e-14)
(0 0 0)
(0 0 8.28223e-15)
(0 0 -3.16948e-15)
(0 0 3.233e-15)
(0 0 2.86363e-15)
(0 0 6.4083e-20)
(0 0 0)
(0 0 0)
(0 0 5.36717e-17)
(0 0 8.74172e-17)
(0 0 2.75294e-18)
(0 0 3.53683e-18)
(0 0 0)
(0 0 0)
(0 0 0)
(0 0 0)
(0 0 5.04827e-16)
(0 0 0)
(0 0 0)
(0 0 1.63868e-14)
(0 0 3.37477e-15)
(0 0 0)
(0 0 -5.76671e-15)
(0 0 -1.30019e-14)
(0 0 -1.83953e-14)
(0 0 -3.79618e-15)
(0 0 0)
(0 0 0)
(0 0 8.27684e-16)
(0 0 0)
(0 0 3.82351e-17)
(0 0 3.33936e-18)
(0 0 4.27722e-17)
(0 0 0)
(0 0 3.51325e-15)
(0 0 5.53372e-15)
(0 0 -1.23228e-14)
(0 0 0)
(0 0 0)
(0 0 0)
(0 0 0)
(0 0 1.44133e-14)
(0 0 -1.29612e-14)
(0 0 -1.44475e-15)
(0 0 2.01461e-14)
(0 0 0)
(0 0 0)
(0 0 0)
(0 0 8.28593e-16)
(0 0 3.52234e-15)
(0 0 -1.25637e-14)
(0 0 5.24238e-16)
(0 0 0)
(0 0 0)
(0 0 0)
(0 0 1.45399e-14)
(0 0 -1.07942e-14)
(0 0 -1.74362e-15)
(0 0 2.15144e-14)
(0 0 0)
(0 0 0)
(0 0 -2.38046e-14)
(0 0 -2.20891e-14)
(0 0 -2.32014e-15)
(0 0 -4.64028e-16)
(0 0 1.55348e-14)
(0 0 7.60674e-16)
(0 0 5.06981e-15)
(0 1.29928e-14 1.59106e-14)
(8.25411e-33 1.29928e-14 1.60266e-14)
(0 1.29928e-14 0)
(0 6.49639e-15 1.29928e-14)
(5.58779e-27 6.49639e-15 1.29928e-14)
(0 6.49639e-15 1.29928e-14)
(0 1.29928e-14 1.64594e-14)
(9.49858e-29 1.29928e-14 1.70908e-14)
(0 1.18327e-14 0)
(0 6.49639e-15 0)
(4.14777e-25 6.49639e-15 0)
(0 6.49639e-15 0)
(0 1.29928e-14 1.6589e-14)
(3.14092e-25 1.29928e-14 1.8924e-14)
(0 1.18327e-14 0)
(6.73443e-23 6.49639e-15 0)
(0 6.49639e-15 0)
(0 1.20647e-14 0)
(0 6.49639e-15 0)
(0 0 0)
(0 0 0)
(0 1.38087e-15 6.26021e-18)
(0 1.29928e-14 0)
(0 0 -1.94405e-18)
(0 0 1.10063e-14)
(0 0 0)
(0 0 0)
(0 0 0)
(0 0 0)
(0 0 0)
(0 0 0)
(0 0 0)
(0 0 0)
(0 0 0)
(0 0 0)
(0 0 0)
(0 0 0)
(0 0 0)
(0 0 0)
(0 1.29928e-14 4.56646e-15)
(0 1.29928e-14 0)
(0 1.29928e-14 3.23531e-15)
(0 0 1.95923e-15)
(0 0 0)
(0 1.29928e-14 -1.11623e-14)
(0 1.29928e-14 0)
(0 0 0)
(0 0 0)
(0 1.29928e-14 0)
(1.88493e-31 0 1.95923e-15)
(0 0 0)
(2.30368e-31 1.29928e-14 -1.11311e-14)
(0 1.29928e-14 0)
(9.42557e-30 0 0)
(0 0 0)
(0 1.29928e-14 0)
(0 0 0)
(0 0 0)
(0 1.20647e-14 0)
(0 0 0)
(0 0 0)
(0 0 0)
(0 0 0)
(0 0 0)
(0 0 0)
(0 0 0)
(0 0 0)
(0 0 0)
(0 0 0)
(0 0 0)
(0 0 0)
(0 0 0)
(0 1.29928e-14 0)
(0 1.29928e-14 5.89669e-15)
(0 0 0)
(0 0 0)
(0 1.29928e-14 -1.0868e-14)
(0 1.29928e-14 0)
(0 0 0)
(0 0 0)
(0 1.29928e-14 0)
(1.06031e-27 0 0)
(0 0 0)
(3.18367e-27 1.29928e-14 -9.98986e-15)
(0 1.29928e-14 0)
(1.0756e-25 0 0)
(0 0 0)
(0 0 0)
(0 0 0)
(0 1.18327e-14 0)
(0 0 0)
(0 0 0)
(0 0 0)
(0 0 0)
(0 0 0)
(0 0 0)
(0 0 0)
(0 0 0)
(0 0 0)
(0 0 0)
(0 1.29928e-14 6.87605e-15)
(0 0 0)
(0 0 0)
(0 1.29928e-14 0)
(9.72035e-24 0 0)
(0 0 0)
(0 1.29928e-14 0)
(0 1.29928e-14 0)
(7.70353e-22 0 0)
(0 0 0)
(0 0 0)
(0 0 0)
(0 1.18327e-14 0)
(0 0 0)
(0 0 0)
(0 0 0)
(0 0 0)
(0 0 0)
(0 0 0)
(0 0 0)
(0 0 0)
(0 1.29928e-14 0)
(0 0 0)
(0 1.18138e-14 0)
(0 0 0)
(0 0 0)
(0 0 0)
(0 1.29409e-14 0)
(0 1.29928e-14 0)
(0 0 0)
(0 0 0)
(0 1.29928e-14 0)
(0 0 0)
(0 0 0)
(0 4.63228e-15 1.22967e-14)
(0 1.62762e-14 2.51348e-15)
(0 0 0)
(0 0 0)
(-2.27374e-14 1.67651e-14 1.76884e-14)
(0 -2.06724e-14 1.16136e-14)
(0 2.24742e-14 9.59681e-15)
(0 0 0)
(0 0 0)
(0 0 0)
(0 1.57407e-14 9.28056e-16)
(0 0 1.29928e-14)
(0 2.14558e-15 1.34802e-14)
(-1.80896e-14 -8.73231e-18 1.57898e-14)
(0 0 0)
(2.39664e-15 0 0)
(1.61472e-14 -1.21127e-14 1.45524e-14)
(0 -2.99978e-16 -8.24409e-16)
(0 0 0)
(0 -8.037e-17 0)
(0 0 -2.7381e-15)
(0 0 1.44789e-14)
(0 0 0)
(0 -1.80896e-14 3.86059e-15)
(0 1.80896e-14 1.40885e-14)
(0 0 2.06174e-16)
(0 0 0)
(0 0 0)
(0 0 -2.38092e-15)
(0 0 0)
(0 0 -2.31368e-16)
(0 0 2.95177e-15)
(0 0 -4.80411e-18)
(0 0 0)
(0 0 0)
(0 0 -5.18561e-16)
(0 0 8.13221e-16)
(0 0 -1.57849e-16)
(0 0 -3.50767e-17)
(0 0 0)
(0 0 0)
(0 0 0)
(0 0 0)
(0 0 0)
(0 0 0)
(0 0 0)
(0 0 0)
(0 0 0)
(0 0 0)
(0 0 0)
(0 0 0)
(0 0 0)
(0 0 0)
(0 0 0)
(0 0 0)
(0 0 0)
(0 0 0)
(0 0 0)
(0 0 0)
(0 0 0)
(0 0 0)
(0 0 0)
(0 0 0)
(0 0 0)
(0 0 0)
(0 0 0)
(0 0 0)
(0 0 0)
(0 0 0)
(0 0 0)
(0 0 0)
(0 0 0)
(0 0 0)
(0 0 0)
(0 0 0)
(0 0 0)
(0 0 0)
(0 0 0)
(0 0 0)
(0 0 0)
(0 0 0)
(0 0 0)
(0 0 0)
(0 0 0)
(0 0 0)
(0 0 0)
(0 0 0)
(0 0 0)
(0 0 0)
(0 0 0)
(0 0 0)
(0 0 0)
(0 0 0)
(0 0 0)
(0 0 0)
(0 0 0)
(0 0 0)
(0 0 0)
(0 0 0)
(0 0 0)
(0 0 0)
(0 0 0)
(0 0 0)
(0 0 0)
(0 0 0)
(0 0 0)
(0 0 0)
(0 0 0)
(0 0 0)
(0 0 0)
(0 0 0)
(0 0 0)
(0 0 0)
(0 0 0)
(0 0 0)
(0 0 0)
(0 0 0)
(0 0 0)
(0 0 0)
(0 0 0)
(0 0 0)
(0 0 0)
(0 0 0)
(0 0 0)
(0 0 0)
(0 0 0)
(0 0 0)
(0 0 0)
(0 0 0)
(0 0 0)
(0 0 0)
(0 0 0)
(0 0 0)
(0 0 0)
(0 0 0)
(0 0 0)
(0 0 0)
(0 0 0)
(0 0 0)
(0 0 0)
(0 0 0)
(0 0 0)
(0 0 0)
(0 0 0)
(0 0 0)
(0 0 0)
(0 0 0)
(0 0 0)
(0 0 0)
(0 0 0)
(0 0 0)
(0 0 0)
(0 0 0)
(0 0 0)
(0 0 0)
(0 0 0)
(0 0 0)
(0 0 0)
(0 0 0)
(0 0 0)
(0 0 0)
(0 0 0)
(0 0 0)
(0 0 0)
(0 0 0)
(0 0 0)
(0 0 0)
(0 0 0)
(0 0 0)
(0 0 0)
(0 0 0)
(0 0 0)
(0 0 0)
(0 0 0)
(0 0 0)
(0 0 0)
(0 0 0)
(0 0 0)
(0 0 0)
(0 0 0)
(0 0 0)
(0 0 0)
(0 0 0)
(0 0 0)
(0 0 0)
(0 0 0)
(0 0 0)
(0 0 0)
(0 0 0)
(0 0 0)
(0 0 0)
(0 0 0)
(0 0 0)
(0 0 0)
(0 0 0)
(0 0 0)
(0 0 0)
(0 0 0)
(0 0 0)
(0 0 0)
(0 0 0)
(0 0 0)
(0 0 0)
(0 0 0)
(0 0 0)
(0 0 0)
(0 0 0)
(0 0 0)
(0 0 0)
(0 0 0)
(0 0 0)
(0 0 0)
(0 0 0)
(0 0 0)
(0 0 0)
(0 0 0)
(0 0 0)
(0 0 0)
(0 0 0)
(0 0 0)
(0 0 0)
(0 0 0)
(0 0 0)
(0 0 0)
(0 0 0)
(0 0 0)
(0 0 0)
(0 0 0)
(0 0 0)
(0 0 0)
(0 0 0)
(0 0 0)
(0 0 0)
(0 0 0)
(0 0 0)
(0 0 0)
(0 0 0)
(1.00094e-24 0 0)
(3.11582e-24 0 0)
(0 0 0)
(0 0 0)
(9.24876e-26 0 0)
(0 0 0)
(0 0 0)
(0 0 0)
(0 0 0)
(0 0 0)
(0 0 0)
(0 0 0)
(0 0 0)
(0 0 0)
(0 0 0)
(0 0 0)
(0 0 0)
(0 0 0)
(0 0 0)
(0 0 0)
(0 0 0)
(0 0 0)
(0 0 0)
(0 0 0)
(0 0 0)
(0 0 0)
(0 0 0)
(0 0 0)
(0 0 0)
(0 0 0)
(0 0 0)
(0 0 0)
(0 0 0)
(0 0 0)
(0 0 0)
(0 0 0)
(0 0 0)
(0 0 0)
(0 0 0)
(0 0 0)
(0 0 0)
(0 0 0)
(0 0 0)
(0 0 0)
(0 0 0)
(0 0 0)
(0 0 0)
(0 0 0)
(0 0 0)
(0 0 0)
(0 0 0)
(0 0 0)
(0 0 0)
(0 0 0)
(0 0 0)
(0 0 0)
(0 0 0)
(0 0 0)
(0 0 0)
(0 0 0)
(0 0 0)
(0 0 0)
(0 0 0)
(0 0 0)
(0 0 0)
(0 0 0)
(0 0 0)
(0 0 0)
(0 0 2.63947e-15)
(0 0 0)
(0 0 0)
(0 0 -2.39813e-15)
(0 0 0)
(0 0 -3.07286e-16)
(0 0 -8.10211e-16)
(0 0 2.97972e-15)
(0 0 -1.19624e-14)
(0 0 0)
(0 0 3.91604e-15)
(0 0 0)
(0 0 2.15322e-14)
(0 0 9.49477e-16)
(0 0 -9.33007e-15)
(0 0 0)
(0 0 0)
(0 0 -1.89341e-15)
(0 0 1.80713e-14)
(0 0 -1.04294e-14)
(0 0 -1.02923e-16)
(0 0 -3.97075e-19)
(0 0 0)
(0 0 0)
(0 0 -8.68965e-17)
(0 0 0)
(0 0 -4.71348e-18)
(0 0 -4.69349e-18)
(0 0 -6.15255e-15)
(0 0 1.15873e-14)
(0 0 0)
(0 0 -2.09246e-14)
(0 0 2.71433e-15)
(0 0 -1.13226e-14)
(0 0 -1.28489e-14)
(0 0 1.66115e-14)
(0 0 -6.03869e-15)
(0 0 1.53409e-14)
(0 0 -1.08634e-14)
(-1.9098e-21 -4.99434e-15 5.89902e-15)
(5.0319e-39 -4.9953e-15 5.13177e-15)
(0 6.49639e-15 -1.13991e-14)
(6.18434e-19 1.29928e-14 0)
(9.26101e-21 6.49639e-15 0)
(2.22913e-19 0 0)
(0 3.19102e-15 0)
(0 0 -9.66692e-16)
(0 0 -1.10063e-14)
(0 0 0)
(0 0 0)
(0 1.29928e-14 -1.08196e-14)
(0 1.29928e-14 0)
(0 0 -3.38752e-15)
(0 0 -1.50563e-15)
(0 0 0)
(0 0 0)
(9.42657e-18 0 0)
(0 1.29928e-14 0)
(5.24183e-20 0 0)
(1.3058e-17 1.29918e-14 -1.86455e-14)
(1.33736e-18 0 0)
(2.16487e-21 0 0)
(1.35724e-17 1.97945e-14 1.58239e-14)
(1.79434e-16 -9.24404e-15 2.48771e-15)
(0 0 2.05731e-15)
(7.95322e-24 0 0)
(0 0 0)
(1.8324e-22 0 -4.80019e-15)
(0 0 0)
(2.00405e-15 0 8.14693e-15)
(1.63677e-14 0 1.75171e-14)
(0 0 0)
(0 0 -3.06215e-15)
(0 0 0)
(0 0 0)
(0 0 0)
(0 0 0)
(0 0 0)
(0 0 0)
(0 0 0)
(0 0 0)
(0 0 0)
(0 0 0)
(0 0 0)
(0 0 0)
(0 0 0)
(0 0 0)
(0 0 0)
(0 0 0)
(0 0 0)
(0 0 0)
(0 0 0)
(2.93491e-22 0 0)
(4.49865e-23 0 0)
(1.05107e-22 0 0)
(0 0 0)
(3.87414e-24 0 0)
(1.76859e-21 0 0)
(3.31006e-21 0 0)
(7.6322e-21 0 0)
(0 0 0)
(2.09724e-18 0 0)
(1.32435e-18 0 0)
(6.66551e-20 0 0)
(1.11676e-19 0 0)
(5.41074e-20 0 0)
(0 0 1.57796e-14)
(1.5672e-22 0 0)
(0 0 0)
(7.54804e-20 0 0)
(0 0 -1.09751e-14)
(6.2623e-21 0 0)
(0 0 0)
(0 0 0)
(3.90443e-18 0 0)
(1.78681e-18 0 0)
(0 0 0)
(0 0 0)
(3.44086e-17 0 0)
(0 0 0)
(0 0 1.16777e-18)
(0 0 0)
(0 1.14029e-14 0)
(0 1.29928e-14 0)
(0 0 0)
(0 3.17983e-15 1.82461e-16)
(0 0 1.94858e-17)
(0 0 0)
(0 2.24743e-14 1.81453e-15)
(0 0 1.82472e-16)
(0 -1.99217e-15 0)
(0 0 -5.88961e-17)
(0 0 2.26677e-16)
(0 -3.15613e-22 -1.41876e-15)
(0 0 1.4834e-15)
(0 -1.24617e-19 0)
(0 -1.53791e-20 -1.37819e-19)
(0 -9.56091e-20 8.75984e-23)
(0 -4.9608e-18 1.78246e-16)
(0 0 1.20881e-15)
(0 0 0)
(0 -1.46469e-16 0)
(0 0 -1.2326e-20)
(0 2.30146e-31 4.08197e-21)
(0 -1.67142e-15 0)
(0 0 -3.48208e-18)
(0 5.70945e-31 1.75397e-19)
(0 0 0)
(0 0 0)
(0 0 0)
(0 0 0)
(0 0 0)
(0 0 0)
(0 0 0)
(0 0 0)
(0 0 0)
(0 0 0)
(0 0 0)
(0 0 0)
(0 0 0)
(0 0 0)
(0 0 0)
(0 0 0)
(0 0 0)
(0 0 0)
(0 0 0)
(0 0 0)
(0 0 0)
(0 0 0)
(0 0 0)
(0 0 0)
(0 0 0)
(0 0 0)
(0 0 0)
(0 0 0)
(0 0 0)
(0 0 0)
(0 1.75442e-15 0)
(2.34454e-16 1.25288e-14 0)
(3.07479e-17 0 0)
(2.16582e-15 1.97727e-14 0)
(2.17073e-16 0 0)
(0 0 1.36554e-15)
(0 -1.07136e-23 -1.12371e-14)
(0 0 1.11426e-14)
(0 0 0)
(0 0 0)
(0 0 0)
(0 0 0)
(0 -2.26417e-21 0)
(0 0 1.20535e-15)
(0 0 8.90422e-15)
(0 0 0)
(0 0 0)
(0 0 0)
(0 0 0)
(0 0 0)
(0 0 0)
(0 0 0)
(1.77387e-16 0 0)
(4.82297e-17 0 0)
(2.66084e-15 0 0)
(5.08545e-16 0 0)
(0 0 0)
(-1.26294e-16 0 0)
(-1.37234e-15 0 -1.57688e-14)
(0 0 -9.03775e-15)
(-5.81877e-17 0 0)
(0 0 0)
(0 0 0)
(-1.31197e-15 0 1.59597e-14)
(0 0 0)
(0 0 0)
(0 0 -1.05734e-14)
(-9.83663e-17 0 -1.22135e-14)
(0 0 0)
(0 0 0)
(-1.28384e-15 0 1.52051e-14)
(0 0 0)
(0 0 0)
(0 0 -9.00638e-15)
(0 0 -1.26403e-15)
(0 0 -1.24408e-15)
(0 0 -2.18572e-16)
(0 0 0)
(-6.77584e-24 0 0)
(-1.00836e-21 0 0)
(0 0 7.50178e-15)
(0 0 1.66277e-15)
(0 0 0)
(0 0 -1.24e-14)
(0 0 0)
(0 0 2.66408e-16)
(-6.76782e-20 0 2.83153e-15)
(-1.47208e-18 0 0)
(-5.09035e-17 0 0)
(0 0 1.98773e-15)
(0 0 1.51413e-14)
(1.67957e-20 -1.57599e-18 2.26265e-17)
(6.61232e-16 -3.85877e-21 1.17288e-14)
(4.72797e-19 1.03628e-34 -5.99562e-16)
(-5.72356e-16 -2.9808e-16 6.26577e-15)
(-2.53187e-16 1.71513e-18 1.20888e-14)
(-4.50644e-16 1.08053e-15 0)
(2.12762e-14 -1.65602e-14 1.68438e-14)
(0 0 0)
(-4.8059e-15 2.0951e-14 1.09971e-14)
(-7.12211e-16 -2.43561e-19 0)
(0 9.60064e-17 -2.3918e-16)
(0 -6.39838e-17 0)
(0 5.46062e-18 -2.21723e-15)
(0 -3.57459e-16 -1.09406e-14)
(0 0 -6.18316e-15)
(0 0 1.14443e-14)
(0 0 0)
(0 0 -6.60128e-15)
(0 0 0)
(0 0 -2.66543e-14)
(0 0 -1.44375e-15)
(0 -3.37412e-15 -6.32431e-15)
(0 -4.69805e-16 1.09654e-14)
(0 -5.40748e-16 0)
(0 -3.16115e-15 -1.77668e-14)
(-8.96978e-18 -5.01287e-15 -5.74944e-15)
(0 0 1.90049e-16)
(0 0 1.96887e-17)
(0 0 -7.54888e-16)
(-1.31271e-17 0 -8.22468e-20)
(-5.31449e-16 0 0)
(0 -3.78774e-18 0)
(0 -5.50177e-17 0)
(0 -2.57871e-19 -1.88708e-18)
(0 -2.10686e-19 -2.76329e-17)
(0 0 0)
(0 -4.06255e-18 0)
(0 0 -9.01968e-17)
(0 -6.13217e-28 3.9227e-18)
(1.47535e-19 -6.84503e-17 -4.74704e-15)
(3.49279e-24 -2.66959e-17 -1.93111e-15)
(9.95708e-18 -2.18073e-15 -8.33986e-15)
(-2.05706e-15 2.61468e-15 -1.74397e-16)
(0 1.16078e-14 -1.03022e-14)
(0 1.2581e-14 -1.10506e-14)
(0 -7.00354e-17 1.15773e-14)
(0 1.24749e-14 -1.85844e-15)
(0 0 3.66119e-16)
(0 0 -1.04605e-16)
(0 1.16287e-14 8.06916e-15)
(0 0 6.01281e-15)
(0 0 -1.39114e-15)
(0 -2.14725e-43 -3.74436e-19)
(0 -2.94501e-41 0)
(0 1.26098e-14 8.68104e-15)
(0 0 3.7388e-19)
(0 0 2.84319e-18)
(0 0 6.79793e-15)
(0 0 1.45024e-14)
(0 1.67516e-22 -6.46957e-15)
(-1.74409e-14 2.25536e-14 1.32397e-15)
(0 0 3.1653e-17)
(0 0 -5.1603e-15)
(0 0 7.95845e-15)
(0 0 -5.2256e-15)
(0 0 0)
(0 0 -1.98532e-14)
(0 0 -2.69163e-14)
(0 0 0)
(0 0 3.79445e-16)
(0 0 -1.11299e-15)
(0 0 6.42814e-15)
(0 0 1.80903e-15)
(0 0 -5.19046e-15)
(0 0 0)
(0 0 -5.11225e-16)
(0 0 0)
(0 0 7.90665e-15)
(0 0 -8.08524e-15)
(0 0 7.26878e-15)
(0 0 -2.36846e-16)
(0 0 -1.7195e-14)
(0 0 0)
(0 0 1.48333e-15)
(0 0 -6.91621e-15)
(0 0 5.43605e-16)
(0 0 7.58828e-15)
(0 0 -5.07298e-15)
(0 0 6.69563e-16)
(0 1.29869e-14 -5.96744e-16)
(0 0 0)
(0 0 0)
(0 2.41116e-17 -8.66519e-15)
(0 0 -1.11817e-15)
(0 0 -1.14232e-15)
(0 0 -2.23426e-16)
(0 0 -4.83882e-15)
(0 0 4.13313e-15)
(0 0 1.49332e-14)
(0 0 -7.45737e-15)
(0 0 2.79586e-14)
(0 0 3.29309e-15)
(0 0 -2.03288e-14)
(0 0 -7.1646e-15)
(0 0 2.79847e-15)
(0 0 -6.63003e-15)
(0 0 -4.49902e-15)
(0 0 2.18639e-14)
(0 0 -2.53498e-14)
(0 0 -1.01034e-15)
(0 0 0)
(7.71493e-18 0 0)
(0 0 -8.28156e-15)
(3.39423e-21 1.08562e-14 1.16413e-15)
(0 0 1.68797e-14)
(0 0 -7.09505e-15)
(1.66892e-19 1.08648e-14 -1.25576e-14)
(3.41557e-18 1.0812e-14 1.05667e-14)
(0 0 1.7472e-14)
(1.09502e-16 1.91566e-14 2.96633e-15)
(1.98895e-15 -1.07699e-16 -4.56867e-15)
(0 0 2.47763e-18)
(0 0 0)
(0 0 0)
(0 0 1.70112e-21)
(0 0 -1.1885e-17)
(0 0 4.48231e-20)
(0 0 2.98878e-23)
(3.27657e-24 0 8.31469e-15)
(0 0 -6.54733e-15)
(0 0 -2.42347e-14)
(1.11455e-21 0 -1.68866e-14)
(0 0 1.54383e-14)
(6.62611e-23 0 8.40141e-15)
(1.16658e-22 0 -1.85611e-15)
(5.65674e-22 0 1.45098e-14)
(0 0 0)
(1.3852e-20 0 1.05746e-14)
(0 0 -2.32436e-14)
(1.14046e-21 0 -1.47169e-14)
(0 0 -1.05695e-15)
(5.6505e-21 0 -1.27524e-14)
(4.94722e-21 0 4.17625e-15)
(0 0 4.6854e-15)
(0 0 -2.40927e-14)
(9.37387e-19 0 -1.131e-14)
(0 0 2.63629e-14)
(8.10104e-20 0 1.61407e-14)
(1.56533e-19 0 -2.08813e-15)
(5.05548e-17 1.0812e-14 -8.44862e-15)
(4.68967e-16 1.03833e-16 -2.31158e-18)
(3.09419e-17 0 -8.95897e-17)
(0 -7.33e-20 1.45733e-14)
(8.60116e-17 -6.7185e-17 0)
(0 -1.52617e-17 0)
(0 0 -2.21832e-15)
(0 0 -1.36655e-14)
(0 1.26863e-25 -3.50425e-16)
(0 2.92726e-24 -1.63759e-15)
(0 0 5.09759e-15)
(0 0 0)
(6.90045e-18 0 1.55449e-14)
(0 0 -1.15464e-14)
(8.47044e-19 0 -2.04146e-14)
(0 0 2.29237e-14)
(0 0 -4.3544e-15)
(0 1.13351e-16 1.22314e-37)
(0 1.12698e-18 3.22884e-46)
(0 7.15959e-21 0)
(1.14426e-14 -1.64216e-15 -1.63481e-15)
(0 0 1.70942e-18)
(0 0 2.52275e-15)
(0 0 -6.44341e-15)
(0 -3.91082e-16 -1.31645e-14)
(-9.94428e-21 -8.15323e-15 -4.18004e-15)
(0 0 -1.33086e-15)
(0 0 0)
(0 0 0)
(0 -3.2143e-17 -5.97473e-15)
(0 -8.12169e-19 0)
(0 -1.84808e-18 3.27403e-15)
(0 -2.02473e-17 2.9364e-17)
(-1.21173e-21 0 -1.15836e-16)
(0 0 0)
(0 0 0)
(0 -5.93607e-16 -2.12839e-14)
(0 -2.3576e-18 -1.13227e-16)
(0 -3.23743e-17 1.71113e-14)
(0 -4.04579e-17 -3.87842e-15)
(0 7.10988e-21 1.62095e-15)
(0 0 1.56208e-14)
(0 8.80925e-29 5.74841e-19)
(0 1.61223e-21 0)
(-1.04113e-20 9.01078e-21 0)
(0 8.5148e-23 -2.16406e-21)
(-2.13644e-29 6.21266e-24 -2.46574e-21)
(0 0 0)
(6.56863e-16 -1.68409e-14 5.38707e-17)
(0 0 0)
(0 -1.71422e-18 -1.25271e-14)
(0 0 -1.79314e-15)
(0 0 3.47096e-17)
(0 0 0)
(0 0 7.00685e-24)
(0 0 1.90117e-15)
(0 0 1.63705e-24)
(0 0 1.21648e-23)
(0 0 5.55941e-17)
(0 0 0)
(0 0 0)
(0 0 2.99808e-17)
(0 0 -5.1997e-20)
(0 0 9.50954e-19)
(0 0 6.39382e-16)
(1.02891e-21 -7.06766e-17 4.12864e-35)
(0 -6.98761e-19 1.09613e-43)
(0 -4.61564e-21 0)
(2.91699e-15 -1.21471e-17 6.11186e-15)
(2.91825e-15 -1.21448e-17 3.43062e-20)
(7.61617e-15 -1.17214e-17 -2.3274e-17)
(0 0 2.20415e-14)
(0 0 2.76949e-14)
(0 0 0)
(0 0 0)
(0 0 7.00583e-16)
(0 0 5.27879e-15)
(0 0 4.23122e-15)
(0 0 -1.59069e-14)
(0 0 -6.39551e-15)
(0 0 0)
(0 0 -2.15783e-14)
(0 0 0)
(0 -1.73729e-15 -1.29389e-14)
(0 0 0)
(0 -1.73729e-15 -8.6782e-15)
(0 -2.80598e-29 1.10204e-24)
(0 -1.73729e-15 -1.00559e-14)
(0 -2.41376e-16 -7e-16)
(0 0 2.26504e-14)
(0 0 0)
(0 -1.73729e-15 7.39413e-15)
(0 -1.05529e-16 1.14476e-15)
(0 0 3.34696e-15)
(0 0 0)
(0 -2.41376e-16 -1.17387e-15)
(0 0 2.71697e-14)
(0 0 4.05359e-17)
(0 -1.73729e-15 7.4355e-15)
(0 -1.05529e-16 1.1439e-15)
(0 0 0)
(0 0 0)
(0 -2.41376e-16 -1.36778e-15)
(0 0 1.65967e-14)
(0 0 1.09751e-14)
(0 -1.15881e-14 1.48832e-15)
(0 0 -4.16901e-16)
(0 0 -2.70408e-14)
(0 0 1.80455e-16)
(0 0 -2.69353e-14)
(0 0 4.99395e-15)
(0 0 -2.2448e-16)
(0 0 -2.19734e-14)
(0 0 -1.49615e-14)
(0 0 1.27795e-14)
(0 0 1.61151e-14)
(0 0 -2.16254e-14)
(0 0 -1.10312e-14)
(0 0 1.39519e-14)
(0 0 3.00334e-16)
(0 0 -4.91993e-16)
(0 0 -3.9351e-15)
(0 0 -8.99093e-15)
(0 0 -2.20421e-14)
(0 0 5.04477e-15)
(0 0 1.17983e-14)
(0 0 6.69578e-15)
(0 0 3.72385e-15)
(0 0 7.18472e-15)
(0 0 5.04336e-15)
(0 0 3.55497e-17)
(0 0 -2.24441e-14)
(0 0 8.31969e-16)
(0 0 -9.00351e-15)
(0 2.00922e-39 0)
(0 1.77313e-39 0)
(0 1.06062e-37 -4.58452e-15)
(0 1.95206e-40 0)
(0 0 -2.4007e-15)
(0 1.71578e-38 0)
(0 -6.52357e-41 0)
(0 0 0)
(0 0 -5.04074e-16)
(0 0 0)
(0 -3.96169e-37 0)
(0 7.4307e-34 0)
(0 8.27074e-36 0)
(0 -6.0296e-35 0)
(0 0 -7.3309e-16)
(0 1.55477e-36 0)
(0 1.82114e-34 0)
(0 0 4.95742e-15)
(0 0 -6.6865e-16)
(0 0 -9.28056e-16)
(0 1.79036e-30 0)
(0 6.397e-32 0)
(0 2.45588e-32 -3.37519e-19)
(0 2.17228e-30 -3.95954e-17)
(0 0 -2.07279e-14)
(0 3.79649e-30 -2.32014e-16)
(0 4.48154e-32 -1.35981e-17)
(0 0 -5.17654e-15)
(0 0 3.65088e-15)
(0 0 3.93189e-16)
(0 -2.44245e-28 3.25577e-19)
(0 -7.35291e-27 0)
(0 -3.08628e-28 0)
(0 -6.1601e-27 0)
(0 0 -1.83653e-19)
(0 -5.61904e-28 1.05589e-17)
(0 -1.38839e-26 0)
(0 0 0)
(0 0 -3.0387e-15)
(0 0 -1.05717e-14)
(0 -6.92236e-24 0)
(0 -3.31493e-25 0)
(0 -3.51072e-25 0)
(0 -6.97055e-24 -2.64342e-17)
(0 0 8.65304e-16)
(0 -1.35234e-23 0)
(0 -7.4646e-25 0)
(0 0 0)
(0 0 3.7719e-15)
(0 0 -2.74749e-15)
(0 -2.90416e-22 0)
(0 6.51537e-21 0)
(0 -7.77025e-23 0)
(0 -3.85366e-21 0)
(0 0 -3.73238e-15)
(0 3.82226e-19 -1.6321e-18)
(0 0 0)
(0 -1.30835e-38 5.48757e-15)
(0 -3.28505e-37 -1.87561e-17)
(0 0 -9.78893e-16)
(0 0 -2.69363e-19)
(0 -1.40017e-36 -1.28624e-14)
(0 -3.63182e-35 3.6206e-17)
(0 0 0)
(0 -1.10055e-34 7.92481e-15)
(0 -3.53281e-33 -3.74655e-17)
(0 0 0)
(0 0 8.10137e-19)
(0 -6.40044e-33 -1.28624e-14)
(0 -2.93898e-31 3.6266e-17)
(0 0 0)
(0 0 -6.21947e-18)
(0 0 0)
(0 -1.66518e-31 -1.43231e-16)
(0 -1.99577e-29 -8.64724e-17)
(0 0 1.48853e-21)
(0 -2.48446e-27 4.63e-17)
(0 0 0)
(2.41356e-45 0 -2.92183e-15)
(2.35878e-45 0 1.63543e-15)
(3.37717e-21 0 -4.97326e-15)
(0 -1.14705e-14 1.25382e-15)
(0 0 0)
(0 -2.38359e-17 -8.66825e-16)
(9.9479e-41 0 0)
(1.44624e-20 -3.40706e-16 -3.45633e-17)
(1.17226e-18 -3.29542e-16 6.21189e-15)
(3.8156e-19 -6.10449e-15 3.53765e-25)
(5.76484e-18 3.84284e-16 1.62157e-14)
(0 0 1.70006e-15)
(0 0 -2.33912e-14)
(0 0 1.27225e-14)
(0 0 -1.42489e-14)
(0 0 1.3118e-14)
(0 0 -1.48562e-14)
(0 0 -1.89074e-14)
(0 0 1.30587e-14)
(0 0 -1.1343e-15)
(0 0 1.548e-15)
(0 0 -2.13389e-14)
(0 0 1.1724e-15)
(0 0 1.57596e-14)
(0 0 -5.08386e-15)
(0 0 -2.50485e-16)
(0 0 1.53756e-15)
(1.8282e-19 0 -5.05698e-15)
(9.2017e-41 0 4.83565e-15)
(0 0 2.18311e-14)
(8.92754e-19 0 1.71642e-14)
(3.29823e-20 0 1.20588e-14)
(3.84322e-21 0 -2.49212e-15)
(0 0 -1.87498e-15)
(0 0 -7.40345e-16)
(0 -1.08596e-41 -6.79328e-18)
(0 3.23813e-39 0)
(0 0 0)
(0 0 3.86777e-16)
(0 -2.3259e-35 0)
(0 0 -4.67108e-15)
(0 0 -4.63832e-15)
(0 -3.83728e-32 -4.25745e-16)
(0 -2.51279e-30 0)
(0 0 0)
(0 0 -3.59367e-16)
(0 -1.14425e-26 0)
(0 0 -3.05363e-15)
(0 0 3.89837e-15)
(0 -5.88241e-25 0)
(0 -1.02426e-23 -3.24037e-17)
(0 0 3.09498e-17)
(0 0 -1.24523e-14)
(0 0 -4.12487e-15)
(0 -5.45868e-22 0)
(0 -5.56033e-21 1.46457e-16)
(0 -3.97987e-22 7.04001e-17)
(0 -7.17425e-21 0)
(0 0 -1.7545e-16)
(0 0 2.72673e-17)
(0 0 5.37884e-15)
(9.8605e-37 -2.35753e-18 0)
(0 -1.44084e-19 0)
(0 -1.64949e-19 0)
(0 -2.64833e-18 0)
(5.54493e-19 -3.25065e-16 -3.6682e-21)
(1.40348e-36 0 6.81935e-16)
(0 0 -2.23174e-17)
(2.65493e-32 -3.00084e-17 0)
(1.2097e-18 -2.61046e-16 -2.05703e-19)
(0 -3.06905e-17 0)
(1.17226e-18 -2.5764e-16 -4.60804e-18)
(4.27065e-18 2.85146e-16 -9.16613e-15)
(2.29414e-19 0 -1.07504e-14)
(5.52486e-20 0 1.61107e-14)
(5.64326e-19 4.59337e-17 0)
(7.45675e-18 1.71926e-16 0)
(1.11159e-18 3.44551e-17 0)
(7.67256e-18 3.3095e-16 0)
(0 0 -2.58942e-14)
(0 0 3.76139e-15)
(0 -4.51854e-15 -6.36984e-15)
(0 0 7.15923e-16)
(0 0 -2.58676e-15)
(0 0 -3.21377e-14)
(0 0 2.5205e-15)
(0 0 1.24946e-14)
(0 0 1.43532e-14)
(0 0 -1.34619e-14)
(0 -1.15467e-23 1.50457e-15)
(0 -1.76013e-25 7.6024e-16)
(0 0 -6.61239e-15)
(0 0 2.23609e-14)
(0 0 -6.44318e-15)
(0 4.08858e-19 0)
(0 5.42069e-21 0)
(0 5.94687e-20 -5.81259e-16)
(0 2.35869e-20 0)
(0 0 0)
(1.19052e-14 0 0)
(0 -1.19212e-17 4.34584e-20)
(0 -1.53227e-15 6.10938e-15)
(-9.63653e-15 -1.53198e-15 6.10942e-15)
(0 0 0)
(9.05398e-15 -6.49639e-15 0)
(0 0 0)
(1.19365e-14 0 0)
(0 -1.19212e-17 2.15319e-27)
(0 -1.53227e-15 7.56831e-20)
(-9.61825e-15 -1.53198e-15 1.1417e-18)
(0 0 -4.1742e-16)
(9.74459e-15 -6.03599e-15 2.18863e-16)
(0 0 0)
(1.19326e-14 0 0)
(0 -1.19212e-17 1.35124e-17)
(0 -1.53227e-15 9.66829e-20)
(-9.17986e-15 -1.53198e-15 -6.97268e-19)
(0 0 4.22568e-16)
(9.74459e-15 -6.03599e-15 6.28434e-17)
(0 0 -1.32961e-17)
(1.18668e-14 0 -2.20103e-16)
(0 -1.1599e-17 -6.01947e-18)
(0 -1.15968e-17 -5.61553e-17)
(-3.28416e-20 -1.12922e-17 -2.1358e-15)
(0 0 -5.04715e-16)
(1.21828e-14 -6.49639e-15 -5.17639e-15)
(0 0 -1.526e-14)
(0 0 -1.6802e-14)
(0 0 0)
(0 0 -7.65163e-15)
(0 0 -4.59e-15)
(1.08577e-19 0 1.7423e-14)
(0 0 0)
(0 0 5.72319e-15)
(-2.95003e-27 0 0)
(0 2.37753e-30 0)
(0 4.5129e-17 -2.5461e-15)
(0 1.31244e-23 0)
(0 0 -2.21749e-15)
(-3.50661e-23 0 -7.82184e-20)
(0 0 4.95097e-20)
(0 -1.68975e-15 -1.60444e-15)
(0 0 0)
(0 -1.94892e-14 4.99913e-16)
(0 0 0)
(0 3.61762e-21 -7.20858e-16)
(0 -6.31995e-15 1.77105e-15)
(0 -1.95338e-14 -8.9198e-15)
(0 1.61653e-16 1.72761e-15)
(0 0 -7.88968e-16)
(0 -1.27948e-14 4.32924e-16)
(1.72119e-17 -1.15004e-14 1.82248e-15)
(0 -2.90771e-16 3.40874e-30)
(7.00525e-16 4.64581e-16 -4.22819e-15)
(0 0 0)
(0 0 1.25278e-14)
(0 0 0)
(0 0 1.4089e-14)
(0 0 3.85205e-16)
(0 0 4.31795e-15)
(0 0 0)
(0 0 8.49683e-16)
(0 0 4.70451e-15)
(0 0 1.38885e-14)
(0 0 1.92192e-14)
(0 0 -1.81106e-14)
(0 0 -4.16462e-16)
(0 0 1.68819e-14)
(0 0 4.94799e-15)
(0 0 -6.71923e-15)
(0 0 2.01977e-14)
(2.84579e-18 0 1.16007e-15)
(-1.07743e-14 -1.94892e-14 -9.90586e-15)
(0 0 7.68506e-16)
(0 0 -8.87592e-15)
(0 0 0)
(0 0 0)
(0 0 1.7939e-14)
(0 4.81312e-18 0)
(0 2.71703e-19 0)
(0 2.2491e-19 0)
(0 6.48309e-18 0)
(0 4.64982e-16 4.83454e-15)
(0 0 -1.06313e-15)
(0 0 -2.44577e-14)
(0 6.04836e-17 -2.78417e-15)
(0 2.79734e-16 1.98461e-32)
(0 4.52533e-17 0)
(0 3.17437e-16 1.78101e-34)
(0 0 0)
(0 0 -4.21071e-16)
(0 0 -1.51184e-14)
(0 -1.37717e-18 0)
(0 -3.78832e-19 0)
(0 -2.5178e-19 0)
(0 -3.29688e-18 0)
(0 -3.94483e-16 5.78114e-15)
(0 0 7.80012e-15)
(0 0 8.00718e-16)
(0 -2.66059e-17 4.96885e-17)
(0 -3.30816e-16 1.61536e-30)
(0 -4.49259e-17 0)
(0 -1.9741e-16 -2.09143e-28)
(9.29174e-16 4.64582e-16 5.52758e-15)
(0 0 -6.05385e-15)
(2.1117e-17 0 2.24765e-14)
(1.21776e-16 4.54056e-17 9.02276e-16)
(9.27686e-16 4.03749e-16 -3.21615e-23)
(0 5.60957e-17 0)
(9.29174e-16 2.39815e-16 -8.5909e-26)
(0 0 -1.0978e-14)
(0 0 1.96867e-14)
(0 0 6.49639e-15)
(0 0 0)
(0 0 -5.6183e-15)
(0 0 0)
(-1.12371e-14 -1.94892e-14 1.76979e-14)
(0 0 2.01336e-14)
(0 0 2.13059e-17)
(0 0 1.66519e-14)
(0 0 -2.64957e-14)
(0 0 1.32239e-17)
(0 0 7.98816e-19)
(-1.12371e-14 -1.94892e-14 -2.63248e-16)
(0 0 0)
(0 0 1.65415e-15)
(0 0 -9.97986e-15)
(0 0 7.64146e-20)
(0 0 8.74331e-15)
(-1.07743e-14 -1.94892e-14 8.01359e-15)
(0 1.26323e-34 0)
(0 0 4.84633e-16)
(0 0 3.74404e-17)
(-1.13105e-25 0 1.49994e-16)
(2.05409e-17 0 0)
(-1.77256e-15 0 1.6034e-15)
(-1.63458e-25 0 0)
(3.34723e-17 0 0)
(-6.2335e-24 0 -8.4698e-17)
(-1.73826e-15 0 -1.14816e-15)
(0 3.90103e-29 0)
(0 -3.27924e-15 1.25855e-14)
(0 -4.90035e-16 6.01345e-17)
(0 0 1.76535e-16)
(0 0 -9.56576e-15)
(0 1.80071e-27 -8.22763e-16)
(0 5.77378e-29 -3.63619e-15)
(0 3.8307e-17 7.7475e-15)
(0 -1.2387e-38 0)
(0 4.10887e-17 0)
(0 2.84283e-18 0)
(0 4.4831e-17 0)
(0 0 0)
(0 -3.39792e-37 0)
(0 1.10192e-23 0)
(0 1.32183e-18 0)
(0 1.28557e-19 0)
(0 0 0)
(0 -4.59734e-34 0)
(0 -1.47873e-35 0)
(0 -4.85338e-34 0)
(3.33144e-17 0 -7.52296e-18)
(-8.06219e-24 0 -3.70522e-19)
(3.58168e-17 0 1.58017e-18)
(-1.68744e-15 0 6.05698e-16)
(-1.00921e-21 0 1.23944e-17)
(-1.09174e-22 0 -7.69281e-18)
(-1.73687e-15 0 -9.30235e-17)
(0 0 3.77778e-20)
(0 0 -9.5541e-19)
(3.53239e-17 0 0)
(3.6759e-17 0 2.49329e-18)
(-1.78806e-15 0 -1.4124e-16)
(0 0 0)
(-1.75751e-15 0 0)
(0 0 5.94295e-15)
(0 0 0)
(0 0 0)
(0 6.96548e-33 0)
(0 1.45278e-34 0)
(0 4.48852e-36 1.85611e-15)
(0 2.24336e-34 2.52637e-15)
(0 -7.44811e-31 0)
(0 -4.18327e-16 -1.49065e-14)
(0 -5.7905e-17 0)
(0 0 4.6444e-17)
(0 0 2.66169e-18)
(0 2.76876e-31 5.58259e-18)
(0 1.03123e-32 8.00079e-19)
(0 0 0)
(0 0 2.23432e-14)
(0 0 5.04675e-15)
(0 0 2.66862e-14)
(0 0 -1.57739e-14)
(0 0 0)
(0 0 0)
(0 0 2.07341e-14)
(0 0 0)
(0 0 0)
(0 0 1.42145e-14)
(0 0 0)
(0 0 4.34841e-15)
(0 0 0)
(0 0 -1.58889e-14)
(0 0 -1.65014e-14)
(0 0 2.65627e-15)
(0 0 0)
(0 0 -5.99693e-15)
(0 0 0)
(0 0 0)
(0 0 0)
(0 0 -1.35252e-17)
(0 0 0)
(0 0 0)
(0 -1.73729e-15 1.10228e-24)
(0 0 0)
(0 0 0)
(0 0 1.10028e-19)
(0 -1.73729e-15 -1.00972e-15)
(0 0 -9.14601e-18)
(0 0 0)
(0 -1.73729e-15 -1.38067e-15)
(0 0 0)
(0 -1.29928e-14 0)
(0 0 1.4589e-14)
(0 0 -9.93885e-16)
(0 0 7.77533e-15)
(0 -1.94892e-14 -1.56734e-14)
(0 0 1.28852e-14)
(0 0 0)
(0 0 0)
(0 0 -1.44534e-14)
(0 0 2.05461e-15)
(0 0 1.00961e-14)
(0 0 0)
(0 0 -1.4009e-14)
(0 0 8.0619e-16)
(0 -1.73729e-15 2.15931e-15)
(0 0 0)
(0 0 -9.92801e-15)
(0 0 3.56022e-16)
(0 0 0)
(0 0 1.22189e-15)
(0 0 1.0071e-14)
(0 0 0)
(0 0 1.42454e-14)
(0 0 3.48468e-15)
(0 -1.73729e-15 2.13952e-15)
(0 0 0)
(0 0 0)
(0 0 0)
(0 0 0)
(0 0 0)
(0 -1.74955e-15 1.28524e-15)
(0 0 -1.61489e-14)
(0 0 -1.03958e-14)
(0 0 0)
(0 0 -2.41605e-14)
(0 0 -1.67401e-14)
(0 0 1.21866e-15)
(0 0 3.7485e-15)
(0 0 0)
(0 0 -5.25466e-15)
(0 0 -1.58839e-14)
(0 0 3.08001e-15)
(0 0 0)
(0 0 8.37508e-15)
(0 0 0)
(0 0 1.22985e-14)
(0 0 1.26694e-16)
(0 0 0)
(0 0 4.837e-15)
(0 0 1.82552e-14)
(0 0 -6.35231e-15)
(0 0 0)
(0 0 -2.13676e-14)
(0 0 1.38706e-14)
(0 0 -2.27475e-14)
(0 0 -1.36299e-14)
(0 0 -6.03942e-15)
(0 0 5.99955e-16)
(0 0 -1.85592e-14)
(0 0 1.8639e-14)
(0 0 -3.73185e-15)
(0 0 -4.41406e-15)
(0 0 1.28627e-14)
(0 0 -1.50741e-14)
(0 0 -1.46726e-14)
(0 0 1.01839e-15)
(0 0 -1.99727e-16)
(0 0 -2.07474e-15)
(0 0 1.54054e-14)
(0 0 -3.42971e-15)
(0 0 -1.21653e-14)
(0 0 1.28648e-14)
(0 0 7.36059e-15)
(0 0 -1.48919e-14)
(0 0 -2.53828e-15)
(0 0 3.91966e-15)
(0 0 1.20804e-14)
(0 0 1.59467e-14)
(0 0 -1.05703e-14)
(0 0 1.10677e-14)
(0 0 -2.36039e-14)
(0 0 1.77732e-16)
(0 0 -3.75445e-15)
(0 0 -2.01759e-14)
(0 0 6.87978e-16)
(0 0 -7.59954e-16)
(-5.29663e-23 0 -2.73253e-14)
(0 0 -4.02933e-15)
(0 0 1.23801e-16)
(0 0 1.32301e-14)
(0 0 -1.40913e-14)
(0 0 0)
(0 0 -4.88535e-15)
(0 1.13145e-45 0)
(0 1.83511e-45 0)
(0 1.55439e-43 0)
(0 3.72575e-47 0)
(0 0 1.67894e-15)
(0 0 -1.45852e-14)
(0 0 0)
(0 1.5676e-43 0)
(0 2.95003e-40 0)
(0 1.12487e-41 0)
(0 3.44598e-42 0)
(0 0 -2.38279e-15)
(0 0 0)
(0 0 -1.6241e-15)
(0 5.35056e-41 0)
(0 5.79707e-44 0)
(0 5.28563e-42 0)
(0 9.80768e-43 0)
(0 0 1.30946e-14)
(0 0 0)
(0 0 1.60071e-14)
(0 -6.84777e-40 0)
(0 3.0729e-40 0)
(0 -3.86502e-39 0)
(0 6.41238e-42 0)
(0 0 0)
(0 0 -7.6957e-16)
(0 0 0)
(0 3.28748e-39 0)
(0 2.34396e-38 0)
(0 3.62939e-40 0)
(0 2.81414e-37 0)
(0 0 -1.15962e-14)
(0 0 1.37207e-14)
(0 0 1.57321e-14)
(0 -9.64881e-38 0)
(0 -2.75267e-35 1.98501e-15)
(0 -7.52637e-37 0)
(0 -3.0262e-36 9.28056e-16)
(0 0 2.73356e-15)
(0 0 0)
(0 0 1.42648e-14)
(0 -1.99298e-36 0)
(0 7.92466e-39 0)
(0 2.21402e-37 0)
(0 -2.80559e-38 0)
(0 0 -1.00981e-14)
(0 0 6.15969e-15)
(0 0 1.69895e-14)
(0 -1.38312e-34 0)
(0 5.53279e-34 0)
(0 6.11303e-36 0)
(0 -4.4733e-33 0)
(0 0 0)
(0 0 -1.95807e-14)
(0 0 0)
(0 1.78444e-33 0)
(0 1.27192e-36 0)
(0 2.76909e-35 0)
(0 8.01002e-35 0)
(0 0 -1.18965e-14)
(0 0 -1.49294e-14)
(0 0 7.67736e-15)
(0 1.07467e-32 -1.16007e-15)
(0 8.75843e-33 0)
(0 3.72953e-34 0)
(0 3.60432e-31 0)
(0 0 0)
(0 0 3.76018e-16)
(0 0 3.92893e-15)
(0 1.31081e-31 0)
(0 2.28064e-31 0)
(0 4.80061e-33 0)
(0 6.24818e-30 0)
(0 0 -1.39296e-14)
(0 0 1.24682e-14)
(0 0 -1.16653e-14)
(0 1.53658e-30 0)
(0 -2.83815e-28 1.39208e-15)
(0 1.31082e-30 0)
(0 6.64274e-29 0)
(0 0 -7.2761e-15)
(0 0 0)
(0 0 1.95916e-14)
(0 -3.43098e-30 0)
(0 4.17482e-32 0)
(0 -1.32783e-31 0)
(0 2.49657e-30 0)
(0 0 0)
(0 0 -9.54e-18)
(0 0 3.37198e-16)
(0 -1.82829e-28 0)
(0 7.38806e-27 0)
(0 1.60185e-28 0)
(0 -3.4198e-27 0)
(0 0 0)
(0 0 2.80404e-15)
(0 0 6.52884e-16)
(0 7.49098e-27 0)
(0 8.90492e-30 0)
(0 2.16194e-28 0)
(0 1.34459e-28 0)
(0 0 1.55171e-14)
(0 0 -1.30544e-14)
(0 0 -3.35373e-15)
(0 1.80247e-25 0)
(0 6.53501e-26 0)
(0 4.74464e-27 0)
(0 2.21727e-24 0)
(0 0 0)
(0 0 1.30604e-15)
(0 0 -3.2059e-17)
(0 -6.87867e-25 0)
(0 3.82352e-25 0)
(0 -9.96123e-26 0)
(0 1.38604e-23 0)
(-6.51515e-22 0 -6.15134e-15)
(0 0 -4.65826e-16)
(0 0 8.77318e-16)
(0 2.93295e-23 0)
(-4.66249e-20 1.82731e-20 0)
(0 5.58098e-22 0)
(0 2.35539e-21 0)
(-2.69471e-19 0 0)
(0 0 -1.4792e-14)
(0 0 -1.20799e-14)
(0 0 -5.3082e-15)
(-4.48322e-17 0 -1.60427e-14)
(0 0 0)
(-5.17944e-20 -1.47548e-25 -7.43564e-16)
(0 -3.33488e-15 -1.14307e-15)
(0 0 4.22376e-18)
(0 -2.32014e-16 1.1172e-19)
(0 0 -3.04439e-15)
(0 0 1.44921e-14)
(0 -1.29928e-14 -1.13731e-14)
(0 0 1.65302e-14)
(-2.53196e-18 0 0)
(-1.58972e-17 -8.99939e-15 -2.77542e-18)
(-7.47136e-16 4.64584e-16 8.00703e-24)
(0 0 0)
(0 0 6.5067e-15)
(-7.21491e-22 0 1.65075e-14)
(0 0 4.41882e-15)
(0 0 1.25114e-14)
(0 0 3.8685e-15)
(0 0 1.53385e-14)
(0 0 2.1076e-14)
(0 0 5.92089e-15)
(0 0 -3.08958e-14)
(0 0 4.75309e-16)
(0 0 -8.36184e-16)
(-5.52483e-17 0 -5.42271e-16)
(-3.19516e-18 0 2.41198e-16)
(0 0 -5.10105e-15)
(0 0 1.26959e-14)
(0 0 3.04654e-15)
(0 0 7.49571e-16)
(0 8.66521e-26 0)
(0 -1.67798e-25 0)
(0 -6.58542e-28 0)
(0 -2.76962e-24 0)
(0 0 -1.61524e-14)
(0 0 5.1662e-15)
(0 0 1.13553e-15)
(0 6.34827e-24 0)
(0 2.42822e-21 0)
(0 6.26146e-23 0)
(0 2.01674e-22 0)
(0 0 -4.87374e-15)
(0 0 -1.25134e-14)
(0 0 -3.61047e-15)
(0 1.54417e-20 0)
(0 3.53004e-20 0)
(0 2.10244e-21 0)
(0 2.98354e-19 0)
(0 0 0)
(0 0 1.10049e-14)
(-7.81624e-21 0 2.91804e-15)
(0 2.94984e-18 0)
(-5.7856e-19 2.60006e-19 0)
(0 1.10436e-19 0)
(-1.31387e-17 6.07449e-18 0)
(-7.16345e-16 4.23507e-16 -1.13838e-14)
(-2.41999e-17 0 2.78759e-17)
(0 0 1.78231e-17)
(0 5.68243e-17 0)
(-8.66959e-16 4.01609e-16 -2.99897e-21)
(-1.24631e-16 6.08921e-17 0)
(-7.16345e-16 3.8667e-16 -2.22298e-19)
(0 0 0)
(0 0 -5.48757e-15)
(0 0 0)
(0 0 0)
(0 0 0)
(0 0 0)
(0 0 0)
(0 0 0)
(0 0 0)
(0 0 0)
(0 0 0)
(0 0 0)
(0 0 0)
(0 0 0)
(0 0 0)
(0 0 0)
(0 0 9.97659e-15)
(0 0 0)
(0 0 -2.5338e-19)
(0 0 0)
(0 0 -9.86438e-15)
(0 0 0)
(-1.78944e-15 0 0)
(-1.78948e-15 0 -1.55614e-16)
(0 0 0)
(0 0 0)
(0 0 0)
(0 0 0)
(0 -7.58274e-39 0)
(0 0 0)
(0 0 0)
(0 0 3.45667e-19)
(0 0 1.06283e-17)
(0 0 1.89175e-18)
(0 0 5.32026e-17)
(0 -1.11592e-37 0)
(0 0 1.17267e-16)
(0 0 0)
(0 0 1.31298e-15)
(0 0 9.86419e-15)
(0 0 0)
(0 0 -9.86414e-15)
(-1.65195e-22 -1.6004e-34 0)
(-2.20565e-21 -1.49359e-34 0)
(0 -6.94465e-36 -1.45563e-16)
(0 0 1.46996e-15)
(0 0 0)
(0 0 -6.89562e-17)
(0 0 -1.53844e-15)
(0 0 2.91682e-15)
(0 0 0)
(0 0 0)
(0 1.43397e-45 0)
(0 7.26068e-44 0)
(0 4.49792e-47 0)
(0 1.46172e-45 0)
(0 0 4.03476e-19)
(0 -3.76459e-39 1.96489e-18)
(0 -1.25021e-37 0)
(0 0 0)
(0 0 0)
(0 0 1.24717e-17)
(0 0 6.21689e-17)
(-6.24889e-20 -6.13129e-26 0)
(-6.33453e-21 -5.86039e-33 0)
(-9.64542e-20 -5.62614e-33 0)
(0 0 -2.12065e-16)
(0 0 4.23202e-17)
(-2.78099e-18 -1.06909e-31 0)
(-1.71938e-19 -1.06909e-31 0)
(0 0 0)
(0 0 1.40784e-15)
(0 0 2.66428e-16)
(0 0 0)
(0 0 -6.32179e-15)
(0 0 1.13916e-14)
(0 0 1.60122e-15)
(0 0 0)
(0 0 1.24127e-14)
(0 0 0)
(0 0 0)
(0 0 0)
(0 0 0)
(0 0 0)
(0 0 0)
(0 0 1.59311e-15)
(0 0 1.20159e-18)
(-2.22794e-21 0 0)
(0 0 0)
(0 0 -8.9134e-16)
(2.32887e-25 0 -9.87072e-16)
(-1.29046e-14 0 -5.61921e-15)
(4.66183e-24 0 2.39574e-16)
(0 0 0)
(-1.28895e-14 0 -8.31975e-16)
(-4.26315e-22 0 -2.24555e-16)
(-3.05165e-20 0 6.09674e-16)
(-1.26698e-14 0 6.55897e-15)
(0 0 -2.48104e-16)
(0 0 1.94068e-15)
(0 0 -2.47716e-15)
(0 0 -2.51298e-14)
(0 0 0)
(0 0 -4.69184e-15)
(0 0 -1.35173e-15)
(0 0 -9.23227e-16)
(0 0 7.80519e-15)
(0 0 -4.25999e-15)
(0 0 -1.41531e-14)
(0 0 0)
(0 0 -3.20943e-14)
(0 0 -1.04403e-14)
(0 0 2.05842e-14)
(0 0 9.42778e-15)
(0 0 -4.25406e-15)
(0 0 -1.2325e-14)
(0 0 1.11124e-15)
(0 0 -5.4976e-15)
(0 0 0)
(0 0 -2.28781e-15)
(0 0 0)
(0 0 0)
(0 0 8.45263e-18)
(0 0 0)
(0 0 -2.31517e-14)
(0 0 6.71338e-16)
(0 0 0)
(-1.27916e-14 0 2.34586e-16)
(0 0 -1.42447e-16)
(0 0 0)
(-1.28024e-14 0 9.75936e-15)
(0 0 -7.22816e-15)
(0 0 -2.04346e-16)
(-1.29928e-14 0 0)
(0 0 0)
(-1.27585e-14 0 -1.11049e-14)
(0 0 1.27506e-18)
(-1.29928e-14 0 -1.24243e-15)
(0 0 1.44709e-15)
(-1.27585e-14 0 1.14491e-14)
(0 0 -1.92492e-14)
(0 0 1.31325e-14)
(0 0 -1.61641e-17)
(-1.29928e-14 0 1.10951e-14)
(-1.26906e-14 0 -6.8049e-15)
(0 0 -2.25582e-14)
(0 0 0)
(0 0 0)
(0 0 -1.39208e-15)
(0 0 1.57236e-14)
(0 0 7.85655e-15)
(0 0 -8.95633e-16)
(0 0 -2.27374e-14)
(0 0 1.27296e-14)
(0 0 1.25874e-18)
(0 0 -8.26196e-15)
(0 0 4.3198e-16)
(0 0 0)
(0 0 0)
(0 0 -1.46384e-14)
(0 0 9.37711e-16)
(0 0 -4.25601e-15)
(0 0 0)
(0 0 8.52092e-15)
(0 0 -2.5462e-16)
(0 0 6.01191e-15)
(0 0 -8.95633e-16)
(0 0 1.25442e-14)
(0 0 1.29018e-18)
(0 0 -5.85675e-15)
(0 0 4.31564e-16)
(0 0 0)
(0 0 0)
(0 0 -1.51422e-14)
(0 0 1.69947e-14)
(0 0 -3.79668e-15)
(0 0 -6.96042e-16)
(0 0 6.37846e-15)
(0 0 -3.56909e-16)
(0 0 1.13343e-14)
(0 0 1.90209e-15)
(0 0 -1.31475e-15)
(0 0 9.28056e-16)
(0 0 0)
(0 0 5.40897e-15)
(0 0 -1.23546e-14)
(0 0 0)
(0 0 2.71857e-14)
(0 0 3.00304e-14)
(0 0 -4.68754e-15)
(0 0 0)
(0 0 1.11597e-14)
(0 0 -4.89378e-15)
(0 0 0)
(0 0 3.29077e-14)
(0 0 8.93778e-15)
(0 0 -3.82428e-15)
(0 0 -1.89642e-15)
(0 0 0)
(0 0 -2.10159e-14)
(0 0 0)
(0 0 -6.44823e-15)
(0 0 -1.58447e-14)
(-1.29928e-14 0 -9.52546e-15)
(-1.29928e-14 0 -1.50898e-15)
(0 0 0)
(0 0 1.40086e-14)
(0 0 0)
(0 0 0)
(0 0 0)
(0 0 -8.39072e-15)
(0 0 2.00187e-14)
(0 0 -1.16007e-15)
(0 0 0)
(0 0 -8.8296e-15)
(0 0 -8.5605e-15)
(0 0 0)
(0 0 -2.9622e-14)
(0 0 0)
(0 0 -9.15007e-15)
(-2.91655e-21 0 2.32273e-16)
(-7.10972e-15 -4.07977e-21 -1.34721e-15)
(0 0 0)
(0 0 0)
(0 0 1.32335e-14)
(0 0 -4.40551e-24)
(0 0 -1.40042e-14)
(0 0 0)
(0 0 1.38598e-14)
(0 0 0)
(0 0 1.57842e-14)
(0 0 -6.66747e-15)
(1.38815e-33 -8.20027e-25 -8.31554e-21)
(1.4289e-39 -2.22242e-15 9.85864e-16)
(0 -1.29162e-14 -5.38439e-17)
(0 0 0)
(0 -1.29162e-14 7.19281e-15)
(0 0 -8.20928e-21)
(0 -1.29162e-14 -7.29351e-15)
(0 0 -5.74577e-21)
(0 -1.29162e-14 7.18529e-15)
(0 0 -1.50765e-14)
(0 -1.29162e-14 -1.13586e-14)
(0 0 -1.53953e-14)
(0 -1.2969e-14 8.79889e-15)
(0 0 -2.60338e-20)
(0 -1.29689e-14 -7.48954e-15)
(0 0 0)
(0 -1.31267e-14 -3.59876e-17)
(0 3.43603e-16 -9.09898e-21)
(0 0 1.60483e-14)
(4.35219e-38 -7.23741e-15 -8.41935e-16)
(0 3.12831e-16 -2.91652e-14)
(0 0 -5.37856e-15)
(0 0 6.11163e-15)
(0 0 -7.23738e-15)
(0 0 -5.40687e-17)
(0 0 -2.74709e-14)
(0 0 1.33396e-14)
(0 0 -2.46997e-14)
(0 0 -1.43874e-14)
(0 0 1.57809e-14)
(0 0 1.52283e-14)
(0 0 -1.16247e-14)
(0 0 1.52923e-14)
(0 0 -1.26005e-14)
(0 0 1.51568e-14)
(0 0 0)
(0 0 4.63513e-15)
(0 0 1.41031e-15)
(0 0 -1.42701e-14)
(0 0 1.83313e-14)
(0 0 -1.36727e-14)
(0 0 0)
(0 0 -1.74834e-17)
(0 0 -6.46444e-16)
(0 0 -5.86694e-15)
(0 0 -1.65157e-14)
(0 0 2.13032e-14)
(0 0 1.5397e-14)
(0 0 5.20154e-15)
(0 0 5.21626e-16)
(0 0 -4.55337e-15)
(0 0 6.16194e-16)
(0 0 -2.36333e-14)
(0 7.08598e-38 0)
(0 5.14395e-41 0)
(0 3.41416e-39 -1.76003e-15)
(0 1.51968e-39 0)
(0 0 1.06354e-14)
(0 0 -8.74685e-15)
(0 0 -1.69401e-14)
(0 3.91782e-36 0)
(0 -3.19512e-35 0)
(0 -4.74554e-37 0)
(0 1.98153e-34 0)
(0 0 1.16271e-14)
(0 0 1.04177e-20)
(0 0 -1.59936e-14)
(0 4.65655e-31 0)
(0 -7.36987e-34 0)
(0 7.57717e-33 0)
(0 6.31649e-32 -6.25735e-16)
(0 0 0)
(0 0 3.57315e-15)
(0 0 1.21337e-14)
(0 3.32105e-29 0)
(0 -9.50399e-28 0)
(0 -2.08429e-29 0)
(0 1.67502e-27 0)
(0 0 0)
(0 0 1.16123e-14)
(0 0 4.0528e-15)
(0 3.96001e-24 0)
(0 -6.80794e-26 0)
(0 9.67299e-26 0)
(0 -1.61849e-24 -1.54676e-15)
(0 0 -1.53914e-14)
(0 0 1.23142e-14)
(0 0 3.56352e-15)
(0 1.87567e-22 0)
(0 4.98067e-21 0)
(0 1.77822e-22 0)
(0 5.42378e-21 0)
(0 0 0)
(0 0 1.31132e-16)
(0 0 -3.26317e-15)
(0 2.85929e-18 0)
(0 1.35292e-19 0)
(0 1.61339e-19 0)
(0 1.55055e-18 0)
(0 3.43603e-16 -6.96004e-15)
(0 0 6.31003e-16)
(0 0 2.37148e-14)
(0 4.58201e-17 0)
(0 2.66917e-16 -5.30548e-16)
(0 5.27965e-17 2.0172e-15)
(0 2.94386e-16 -1.32565e-17)
(0 0 0)
(0 0 -1.25438e-14)
(0 4.40212e-18 0)
(0 3.881e-19 0)
(0 4.65569e-18 0)
(0 2.46099e-16 -2.5961e-15)
(0 0 4.74732e-15)
(0 0 4.86075e-16)
(0 3.78194e-17 0)
(0 2.54276e-16 -6.37565e-15)
(0 5.42292e-17 0)
(0 2.48604e-16 -5.58985e-16)
(2.77235e-37 -4.73004e-24 0)
(2.22219e-37 -8.36291e-25 -5.24528e-15)
(2.59044e-37 -8.36291e-25 0)
(0 0 8.68891e-15)
(0 0 9.82201e-16)
(0 0 1.32168e-16)
(0 0 9.97702e-16)
(-3.18956e-13 2.8167e-14 2.29537e-13)
(-2.52759e-05 2.99817e-06 -6.58189e-07)
(-3.15286e-09 4.08293e-10 -3.20719e-11)
(-3.21191e-09 4.00208e-10 9.75232e-11)
(-1.48556e-09 1.06603e-10 2.21816e-10)
(-2.55206e-11 2.26339e-12 1.07484e-11)
(3.11751e-15 -4.1202e-19 6.20708e-15)
(-6.38636e-13 6.36492e-14 -7.70674e-15)
(-5.15383e-11 5.78404e-12 -2.33487e-13)
(3.65678e-15 -4.12047e-19 2.47163e-19)
(-6.25956e-13 5.26285e-14 1.11915e-14)
(-5.1093e-11 5.35327e-12 1.27898e-12)
(1.12148e-14 5.47293e-18 -1.71044e-15)
(-6.01626e-14 3.13219e-15 9.73529e-15)
(-8.83346e-12 6.18221e-13 1.47324e-12)
(2.0832e-16 9.37625e-18 3.50264e-15)
(-2.32683e-13 1.56221e-14 7.35219e-14)
(-5.56732e-15 8.53132e-15 5.19676e-15)
(-2.98117e-12 2.3708e-12 1.27608e-15)
(-2.39171e-10 1.91132e-10 -7.259e-13)
(0 0 -2.07266e-14)
(-8.69349e-15 1.85611e-14 -1.6302e-14)
(-1.23562e-12 2.87078e-12 -4.41924e-14)
(0 0 0)
(0 0 0)
(0 0 -6.65136e-15)
(-2.43367e-12 2.06481e-12 1.22851e-13)
(-2.6563e-10 2.0792e-10 1.66436e-11)
(0 0 -1.48035e-14)
(-7.15854e-15 1.94892e-14 -1.51204e-14)
(0 0 0)
(0 0 0)
(-2.06124e-13 1.70665e-13 4.07184e-14)
(-3.92578e-11 3.14077e-11 7.69196e-12)
(0 0 -1.47786e-14)
(-8.30787e-16 1.16007e-15 -1.49688e-14)
(0 0 0)
(0 0 0)
(-4.40845e-15 3.46232e-15 4.75783e-15)
(-1.0246e-12 8.10861e-13 3.18734e-13)
(0 0 -1.44677e-14)
(-1.57605e-17 0 -1.47724e-14)
(0 0 9.74268e-18)
(0 0 0)
(-2.46074e-16 0 -6.22913e-15)
(0 0 0)
(0 0 0)
(0 0 1.25591e-14)
(-3.33897e-16 0 1.00187e-14)
(0 0 0)
(0 0 0)
(-1.19203e-13 1.88395e-13 -1.16007e-15)
(0 0 0)
(0 0 0)
(-1.04e-14 2.71456e-14 1.22165e-14)
(-1.59784e-13 1.91179e-13 1.0266e-15)
(0 0 0)
(0 0 0)
(0 2.7852e-15 0)
(-2.67229e-12 3.41118e-12 -5.98815e-14)
(0 3.71494e-15 0)
(0 0 0)
(0 0 0)
(0 0 0)
(0 0 0)
(0 0 0)
(0 0 0)
(0 0 1.20755e-14)
(-2.49728e-16 0 -1.00725e-14)
(0 0 -1.54223e-19)
(0 0 0)
(0 0 1.27951e-14)
(-2.52018e-16 0 1.00046e-14)
(0 0 0)
(0 0 0)
(-1.07845e-13 1.50726e-13 6.56253e-16)
(0 0 0)
(0 2.83175e-17 0)
(-7.08299e-15 1.97212e-14 1.25592e-14)
(-9.65073e-14 1.77557e-13 5.62475e-15)
(0 0 0)
(0 7.97845e-18 9.05571e-19)
(0 0 0)
(0 0 0)
(0 0 0)
(0 0 -6.28272e-16)
(0 0 0)
(0 0 7.74025e-16)
(-1.51847e-17 0 -1.00867e-14)
(0 0 0)
(0 0 0)
(0 0 1.29484e-14)
(-4.89316e-18 0 9.79097e-15)
(0 0 0)
(0 0 0)
(-8.42161e-15 1.45938e-14 2.75926e-15)
(0 0 0)
(0 0 0)
(-2.95891e-16 0 1.27554e-14)
(-4.8789e-15 8.36025e-15 7.58473e-16)
(0 0 0)
(0 0 0)
(0 0 0)
(0 0 0)
(0 0 0)
(0 0 -6.19081e-16)
(0 0 0)
(0 0 7.74025e-16)
(-1.03988e-20 0 -9.79146e-15)
(0 0 2.7644e-17)
(0 0 0)
(0 -1.57649e-15 1.29553e-14)
(-1.7802e-24 0 1.0089e-14)
(0 3.17488e-17 1.09233e-21)
(0 2.06237e-16 -1.9236e-18)
(-2.5189e-17 1.34162e-16 1.03167e-16)
(0 0 0)
(0 0 0)
(-2.02322e-17 0 1.37396e-14)
(-2.63326e-18 2.25969e-17 8.42087e-18)
(7.79851e-24 -1.11573e-15 2.12338e-23)
(0 0 1.32246e-17)
(0 0 0)
(0 0 -8.20184e-19)
(0 0 -1.21274e-16)
(0 0 -6.19081e-16)
(1.23292e-19 0 0)
(0 0 8.61244e-16)
(1.52824e-16 0 -5.04077e-16)
(0 0 -1.34514e-17)
(0 0 0)
(0 0 0)
(0 0 0)
(0 0 0)
(0 0 0)
(0 0 0)
(0 0 0)
(0 0 0)
(0 0 0)
(0 0 0)
(0 0 0)
(0 0 0)
(0 0 0)
(0 0 0)
(0 0 0)
(0 0 0)
(0 0 0)
(0 0 0)
(0 0 0)
(0 0 0)
(0 0 0)
(0 0 0)
(0 0 0)
(0 0 0)
(1.39969e-18 7.16187e-17 2.8754e-16)
(2.36551e-15 -1.10419e-14 8.50616e-15)
(2.54076e-19 2.7348e-16 -3.61903e-15)
(0 0 -3.17095e-17)
(0 0 0)
(0 4.73613e-45 0)
(0 0 0)
(0 2.92044e-43 -2.04268e-17)
(0 0 0)
(0 0 0)
(0 0 0)
(0 1.01031e-21 0)
(0 0 0)
(0 0 0)
(0 1.53886e-28 0)
(0 0 0)
(0 0 0)
(0 0 -2.1689e-17)
(0 0 0)
(0 -3.73181e-39 0)
(0 0 0)
(0 -7.74399e-41 0)
(0 0 0)
(0 0 0)
(0 0 0)
(0 0 0)
(0 5.98849e-23 0)
(0 0 0)
(0 1.06015e-25 0)
(0 0 0)
(0 0 0)
(0 6.31979e-17 0)
(0 2.80589e-19 0)
(0 0 0)
(0 0 0)
(-3.28659e-53 4.38123e-26 0)
(0 0 0)
(0 5.94131e-17 0)
(-3.22442e-15 9.73308e-15 0)
(-1.85611e-15 1.04029e-14 0)
(-2.31665e-17 0 0)
(0 0 0)
(-4.17625e-15 1.46758e-14 -2.41701e-17)
(3.39732e-43 0 0)
(-3.22472e-15 7.88847e-15 0)
(0 5.39468e-17 0)
(0 0 0)
(-7.89398e-48 4.5998e-20 0)
(0 0 0)
(-4.77519e-50 1.15545e-22 0)
(0 0 0)
(0 8.20693e-18 0)
(-3.64211e-15 8.72309e-15 0)
(0 0 -1.08804e-16)
(-2.3219e-15 4.19486e-15 0)
(2.83479e-39 0 0)
(-5.56833e-15 1.38962e-14 -2.37499e-17)
(2.06064e-41 0 0)
(3.80499e-41 1.88038e-15 0)
(-4.87229e-14 2.29711e-13 -1.15971e-15)
(0 2.81618e-15 0)
(-4.96619e-14 2.39554e-13 -2.11004e-15)
(0 4.65688e-15 -1.15159e-15)
(-8.72379e-14 2.76647e-13 -7.08279e-16)
(-1.02764e-13 3.07575e-13 -3.46727e-15)
(0 0 0)
(0 0 0)
(0 0 0)
(0 0 2.10156e-17)
(0 0 0)
(0 0 0)
(0 0 0)
(0 0 0)
(0 0 0)
(-1.02556e-19 0 0)
(0 0 0)
(5.42053e-43 0 0)
(0 0 0)
(0 0 0)
(0 0 0)
(0 0 -3.48983e-16)
(6.24919e-39 0 0)
(6.00613e-41 0 0)
(0 0 -4.01762e-15)
(0 0 0)
(0 0 0)
(0 1.40003e-36 -4.14137e-18)
(0 0 0)
(0 0 -1.45274e-19)
(0 5.93697e-35 0)
(0 0 0)
(0 0 0)
(0 9.14193e-22 0)
(0 0 0)
(0 0 0)
(0 0 0)
(0 1.23124e-25 0)
(0 0 0)
(0 0 0)
(0 0 0)
(0 3.66878e-31 0)
(0 0 0)
(0 4.67707e-33 0)
(0 0 0)
(0 0 0)
(0 0 0)
(0 0 0)
(0 2.23245e-21 0)
(0 0 0)
(0 3.48265e-23 0)
(0 0 0)
(0 0 0)
(0 4.15304e-17 0)
(-1.63517e-45 2.16324e-19 0)
(0 0 0)
(0 0 0)
(0 3.71659e-17 -1.22499e-23)
(-2.40078e-44 1.40749e-23 0)
(0 0 0)
(-2.31862e-15 6.05306e-15 0)
(-2.78417e-15 4.42719e-15 2.34671e-18)
(4.84482e-37 0 0)
(0 5.25529e-17 0)
(3.34503e-39 5.10431e-15 4.11882e-22)
(-4.64028e-15 1.05726e-14 -9.86663e-19)
(3.12341e-35 0 0)
(0 6.452e-17 0)
(0 0 0)
(4.47236e-39 4.29465e-19 0)
(0 0 0)
(2.86806e-41 4.51137e-21 0)
(0 0 0)
(0 6.10628e-17 0)
(-3.18904e-15 7.42016e-15 0)
(0 7.19938e-17 -1.14627e-16)
(-4.64028e-16 4.78687e-15 8.75876e-17)
(1.08878e-31 0 0)
(-7.42445e-15 1.23806e-14 8.0311e-17)
(1.40867e-33 0 0)
(1.26841e-33 5.9837e-15 0)
(0 0 0)
(0 0 0)
(0 0 0)
(0 0 0)
(0 0 0)
(0 0 0)
(0 0 0)
(0 0 0)
(0 0 0)
(6.15796e-37 0 0)
(0 0 0)
(5.70292e-35 0 0)
(0 0 0)
(0 0 0)
(0 0 0)
(0 0 -3.46657e-16)
(3.69924e-31 0 0)
(4.78678e-33 0 0)
(0 0 0)
(0 3.28789e-29 0)
(0 0 0)
(0 0 0)
(0 0 0)
(0 2.96311e-27 0)
(0 0 0)
(0 0 0)
(0 1.38615e-23 0)
(0 0 0)
(0 0 0)
(0 0 0)
(0 7.07542e-25 0)
(0 0 0)
(0 0 0)
(0 0 -5.62493e-22)
(0 2.08016e-23 0)
(0 0 0)
(0 2.6159e-25 0)
(0 0 0)
(0 0 0)
(0 0 0)
(0 0 0)
(0 4.84591e-22 0)
(0 0 0)
(0 2.02627e-23 0)
(0 0 0)
(0 0 0)
(0 0 0)
(8.74718e-37 1.77676e-21 0)
(0 0 0)
(0 0 0)
(0 0 -2.35716e-22)
(2.01245e-35 -2.63168e-24 0)
(0 0 0)
(-1.31467e-29 0 0)
(0 2.27905e-16 2.18468e-17)
(7.77417e-30 0 0)
(0 0 0)
(4.05501e-32 0 1.18023e-19)
(0 2.65953e-16 2.31454e-17)
(4.94354e-28 0 0)
(0 0 0)
(0 0 0)
(2.01011e-30 -5.69494e-21 0)
(0 0 0)
(2.30552e-32 -1.73486e-22 0)
(0 0 0)
(0 0 0)
(-6.36902e-28 0 0)
(0 0 -1.11455e-16)
(0 9.36581e-17 0)
(1.36396e-24 0 0)
(0 1.46092e-16 2.22527e-18)
(2.77378e-26 0 0)
(-2.8104e-26 0 0)
(0 0 0)
(0 0 0)
(0 0 0)
(0 0 -2.11397e-21)
(0 0 0)
(0 0 0)
(0 0 0)
(0 0 0)
(0 0 0)
(2.64906e-29 0 0)
(0 0 0)
(1.76612e-27 0 0)
(0 0 0)
(0 0 0)
(0 0 0)
(0 0 -3.46158e-16)
(5.13657e-24 0 0)
(1.0149e-25 0 0)
(0 1.11568e-19 0)
(0 1.51153e-21 0)
(0 0 0)
(0 0 0)
(0 0 0)
(0 8.99442e-20 0)
(0 0 0)
(0 2.54655e-19 0)
(0 1.05336e-20 0)
(0 0 0)
(0 0 0)
(0 0 0)
(0 1.97876e-19 0)
(0 0 0)
(0 2.01928e-18 0)
(0 0 -1.31878e-21)
(0 3.23599e-17 -4.54336e-23)
(0 3.53045e-17 -1.50938e-18)
(0 1.56854e-18 0)
(0 0 0)
(0 4.22308e-17 -8.95168e-21)
(0 9.3214e-18 0)
(0 0 0)
(0 7.65523e-17 1.03304e-21)
(0 1.78685e-16 -1.21482e-16)
(0 4.28629e-18 0)
(0 0 0)
(0 1.85156e-16 2.09347e-19)
(0 -1.04108e-18 0)
(1.4044e-28 -2.00843e-19 0)
(0 0 0)
(0 0 0)
(0 0 0)
(7.70259e-27 -6.19898e-18 0)
(0 0 0)
(-3.63473e-24 0 0)
(0 7.03263e-19 0)
(5.78579e-23 0 0)
(0 0 0)
(-7.09641e-25 0 0)
(0 -3.90471e-18 0)
(1.96409e-21 0 0)
(0 -4.34469e-17 0)
(0 0 0)
(7.79851e-24 -1.39185e-15 2.31004e-22)
(7.0191e-24 -1.11573e-15 1.00229e-21)
(3.16312e-25 -1.17654e-16 0)
(0 0 0)
(7.79851e-24 -1.04212e-15 1.58458e-20)
(1.681e-21 0 0)
(0 0 -9.85105e-17)
(0 -1.44252e-15 6.09483e-18)
(6.86171e-19 0 2.31833e-20)
(0 -8.0256e-17 0)
(4.82292e-20 0 0)
(3.64468e-20 0 6.01141e-19)
(0 0 0)
(0 0 0)
(0 0 0)
(0 0 -6.37646e-21)
(0 0 -1.21274e-16)
(0 0 0)
(0 0 0)
(0 0 -4.64028e-15)
(0 0 0)
(2.2862e-22 0 0)
(0 0 0)
(8.93133e-21 0 0)
(0 0 0)
(0 0 0)
(0 0 0)
(0 0 -3.1546e-16)
(5.54302e-18 0 0)
(2.55866e-19 0 0)
(1.42997e-16 0 0)
(2.79788e-15 0 1.04757e-15)
(2.1961e-15 0 1.63927e-18)
(-2.40751e-12 2.09207e-12 -2.59856e-14)
(-4.36032e-13 4.45069e-13 -9.28056e-16)
(-3.71222e-15 8.1805e-15 0)
(-3.48021e-14 5.27463e-14 0)
(-4.07906e-13 4.11946e-13 -1.79736e-14)
(-3.71222e-15 6.47882e-15 0)
(-4.57947e-14 6.35379e-14 0)
(-2.4805e-10 1.97571e-10 -1.96773e-12)
(-7.93672e-11 8.25452e-11 -2.08824e-13)
(-3.77963e-11 3.76741e-11 -1.31149e-12)
(-5.57701e-13 9.67002e-13 -1.89349e-14)
(-5.35396e-12 7.23314e-12 -3.83983e-14)
(-8.37434e-13 1.57245e-12 -2.55215e-15)
(-5.47937e-12 6.94304e-12 7.30844e-15)
(-3.99266e-09 3.08456e-09 -5.24103e-11)
(-3.08537e-09 3.02357e-09 -6.02247e-11)
(-6.99325e-11 1.19987e-10 -1.68844e-12)
(-1.08071e-10 1.28107e-10 -1.37543e-12)
(-2.54787e-12 2.15023e-12 4.71814e-14)
(-4.79186e-13 4.90738e-13 2.43795e-14)
(-4.17625e-15 8.1825e-15 0)
(-3.66582e-14 5.35627e-14 1.26237e-16)
(-3.99837e-13 4.0578e-13 3.46593e-16)
(-3.2482e-15 6.31917e-15 0)
(-3.52725e-14 5.1558e-14 9.28056e-16)
(-2.38034e-10 1.88584e-10 2.19858e-12)
(-4.0186e-11 3.95208e-11 2.41329e-12)
(-4.12589e-11 4.15011e-11 1.15417e-12)
(-6.19861e-13 1.12124e-12 1.76331e-14)
(-5.28296e-12 6.67622e-12 1.34207e-14)
(-5.95407e-13 1.01871e-12 4.30386e-14)
(-5.86534e-12 7.86999e-12 3.45089e-13)
(-3.60266e-13 2.55128e-13 7.29546e-14)
(-1.17915e-13 1.15503e-13 3.95235e-14)
(-2.32014e-16 1.74701e-17 0)
(-2.78417e-15 3.18187e-15 6.48944e-16)
(-3.61942e-14 3.43395e-14 -7.24089e-15)
(0 4.08873e-18 0)
(-9.26436e-16 1.19179e-15 2.32014e-16)
(-5.34589e-11 4.0868e-11 1.20707e-11)
(-5.72213e-12 5.87144e-12 1.39079e-12)
(-1.52223e-11 1.62054e-11 3.20829e-12)
(-1.18118e-13 2.37319e-13 4.36186e-14)
(-7.68379e-13 9.58355e-13 3.06636e-13)
(-3.97134e-14 7.60302e-14 1.13687e-14)
(-4.76634e-13 6.00981e-13 9.21824e-14)
(-6.87676e-23 -3.72295e-18 4.93128e-19)
(-1.06726e-14 6.7131e-15 2.74416e-15)
(-1.1581e-15 2.19414e-16 1.95234e-14)
(-1.99528e-22 -1.16061e-17 3.26542e-15)
(-4.40827e-15 2.31325e-15 -7.63833e-16)
(0 -3.96024e-20 -3.50601e-16)
(0 2.86682e-17 1.90819e-17)
(-1.7192e-12 1.21627e-12 7.26112e-13)
(-9.28056e-15 1.35931e-14 2.20883e-15)
(-1.43506e-13 1.49278e-13 7.44237e-14)
(-1.12095e-15 7.18557e-16 3.48021e-16)
(-5.20957e-13 5.40335e-13 2.18284e-13)
(-3.2482e-15 6.44796e-15 1.68217e-15)
(-3.01618e-14 3.38517e-14 1.32595e-14)
(0 0 1.24259e-14)
(-1.58036e-35 0 0)
(-2.13357e-34 0 0)
(0 0 0)
(-9.63176e-33 0 0)
(-8.09703e-31 0 -2.27525e-18)
(-1.12401e-36 0 0)
(-1.21938e-35 0 -1.9767e-16)
(0 0 -1.66407e-15)
(0 0 1.56488e-15)
(-1.19271e-33 0 3.27358e-16)
(0 0 3.87558e-15)
(0 0 -2.23841e-15)
(-9.45606e-33 0 0)
(0 0 -5.542e-16)
(-9.93457e-35 0 0)
(-5.73786e-34 0 -5.52496e-16)
(0 0 -5.718e-15)
(0 -1.82823e-43 -7.47491e-16)
(-8.98737e-33 0 0)
(-2.46017e-32 0 -5.06067e-16)
(0 7.18356e-46 0)
(0 0 3.37172e-15)
(-4.8161e-32 0 -3.55794e-16)
(0 0 -5.25515e-15)
(0 -9.1446e-41 0)
(-1.87029e-30 0 0)
(-7.94463e-31 0 0)
(0 -7.53319e-39 0)
(0 0 2.47725e-15)
(-8.03134e-31 0 0)
(0 0 -5.41623e-15)
(0 2.58453e-34 0)
(-6.26672e-29 0 -9.78016e-17)
(0 -6.29853e-37 -4.65286e-17)
(-6.20524e-29 8.01524e-34 0)
(0 0 1.42384e-14)
(0 0 1.61593e-14)
(-1.02308e-29 0 -1.05695e-15)
(-1.17182e-23 0 -4.51138e-15)
(0 0 -1.6241e-15)
(0 0 1.73819e-14)
(4.47925e-44 0 0)
(0 0 -3.02323e-16)
(0 0 2.51441e-14)
(1.16687e-35 0 3.55755e-15)
(0 0 3.52684e-15)
(0 0 -5.16316e-15)
(0 0 1.64256e-14)
(0 0 -1.72721e-15)
(-1.52038e-30 0 1.39208e-15)
(0 0 6.96042e-16)
(-1.13462e-23 0 -1.2077e-14)
(-1.38537e-22 0 -2.91306e-15)
(-6.90104e-24 0 -1.0207e-14)
(-1.45536e-22 0 -7.38757e-15)
(0 0 0)
(-3.22139e-15 3.01147e-15 0)
(-1.33039e-42 0 -1.29928e-14)
(0 0 0)
(-3.67977e-15 3.69534e-15 0)
(3.45368e-34 0 -1.01146e-14)
(0 0 0)
(-2.32014e-16 0 0)
(8.52449e-27 0 -1.00154e-14)
(6.44289e-25 -1.15695e-19 0)
(1.23467e-20 0 -1.00238e-14)
(-7.05742e-36 -2.41376e-16 -4.22867e-16)
(0 0 -2.30673e-14)
(-1.86479e-33 -2.41203e-16 1.00663e-15)
(0 0 -9.55029e-15)
(-3.21589e-31 0 -4.08954e-15)
(0 0 2.1912e-14)
(-9.29135e-41 0 7.75265e-15)
(-2.52645e-29 0 0)
(-5.82027e-42 0 0)
(-4.87549e-31 -2.41376e-16 -1.02904e-15)
(0 0 -2.74958e-15)
(-1.24261e-28 -2.41203e-16 1.00235e-15)
(0 0 -2.21742e-14)
(-1.69463e-27 0 -1.11391e-15)
(2.59943e-39 0 1.90963e-14)
(2.35112e-32 0 7.75116e-15)
(-9.90969e-26 0 0)
(2.56787e-33 0 0)
(0 0 0)
(-2.95047e-26 -2.41376e-16 -1.03091e-15)
(0 0 3.74254e-15)
(-6.2312e-24 -2.33421e-16 1.01024e-15)
(0 0 7.78159e-16)
(-4.89284e-24 0 -1.39719e-15)
(1.3067e-28 0 0)
(0 0 0)
(3.58939e-25 0 7.66136e-15)
(-2.07678e-22 0 0)
(4.06203e-24 0 0)
(0 0 0)
(-9.47245e-22 -4.88755e-16 -7.76003e-16)
(-9.31545e-22 0 4.4672e-15)
(-1.83045e-20 0 -1.31753e-15)
(1.37208e-21 0 -1.39208e-15)
(-2.38902e-21 0 0)
(3.63955e-19 -3.71804e-15 5.43252e-15)
(-5.23657e-19 -1.18366e-14 -5.65726e-15)
(8.45969e-18 1.5855e-16 1.08739e-14)
(-1.41516e-17 9.26009e-19 0)
(-8.09444e-46 0 -1.8977e-14)
(0 0 -1.94355e-14)
(0 0 -6.39713e-15)
(0 0 -8.42045e-15)
(3.88033e-40 0 -1.90237e-14)
(0 0 -4.35389e-15)
(0 0 -2.49343e-14)
(-7.62062e-32 0 2.56638e-14)
(0 0 2.9713e-15)
(0 0 -2.85262e-14)
(3.82801e-24 0 1.73227e-15)
(0 0 5.16725e-15)
(0 0 7.59476e-16)
(0 0 0)
(0 0 2.15333e-15)
(0 0 -3.11415e-15)
(0 0 -1.02168e-14)
(0 0 5.27773e-15)
(0 0 4.75678e-15)
(-1.20818e-41 0 5.27495e-15)
(0 0 1.92108e-14)
(0 0 -1.47865e-15)
(0 0 -1.89987e-15)
(0 0 2.60868e-15)
(0 0 3.28864e-15)
(0 0 1.60716e-15)
(0 0 5.27773e-15)
(0 0 2.46523e-14)
(4.73543e-34 0 1.6145e-16)
(0 0 -2.07012e-15)
(0 0 0)
(-2.25138e-34 0 0)
(-1.21515e-32 0 0)
(0 0 0)
(0 0 -1.32985e-15)
(0 0 4.37426e-15)
(0 0 0)
(0 0 -1.78122e-14)
(0 0 -4.41091e-15)
(0 0 8.02427e-16)
(-6.2877e-31 0 0)
(-2.72681e-29 0 0)
(0 0 2.30695e-14)
(-4.83065e-28 0 -3.93592e-16)
(0 0 -2.46197e-17)
(-1.80197e-25 0 0)
(0 0 -1.37818e-18)
(-4.64191e-28 0 -6.32996e-20)
(0 0 -3.6126e-16)
(0 0 -5.0135e-16)
(0 0 -3.27247e-17)
(-1.22194e-22 0 0)
(0 0 1.60231e-15)
(-2.33311e-24 0 1.69092e-16)
(1.01267e-18 0 5.314e-15)
(-2.22093e-22 0 -3.74959e-16)
(0 0 -1.50678e-15)
(-1.15259e-18 0 0)
(-3.06733e-21 0 -5.15062e-17)
(-3.23872e-21 0 -5.94167e-19)
(0 0 1.72947e-14)
(0 0 0)
(0 0 1.42513e-14)
(0 -2.38292e-38 0)
(0 2.65842e-40 0)
(0 2.27507e-38 -4.95794e-17)
(0 -5.58826e-40 -1.16007e-15)
(0 0 -1.11367e-14)
(0 0 1.77547e-14)
(0 0 1.64144e-14)
(0 -1.80757e-36 0)
(0 1.64659e-35 0)
(0 6.69879e-37 0)
(0 -5.80563e-35 4.66467e-16)
(-1.28002e-43 0 -1.55689e-14)
(0 0 0)
(0 0 -1.80801e-14)
(0 -2.23102e-41 -3.68176e-15)
(0 1.51743e-41 0)
(-6.68923e-42 2.91129e-40 -3.03024e-15)
(0 -4.64015e-44 0)
(0 0 1.23698e-14)
(-3.4705e-40 0 5.1075e-16)
(0 0 -1.53707e-14)
(0 -4.19225e-39 0)
(-4.49481e-39 3.55574e-37 0)
(-4.45361e-40 1.59386e-38 0)
(0 -4.73276e-37 0)
(0 0 -2.73496e-15)
(0 0 5.0368e-15)
(0 0 1.38755e-14)
(0 1.22136e-31 0)
(0 3.07149e-34 0)
(0 7.66544e-33 -9.83811e-18)
(0 -1.23267e-33 1.10661e-17)
(0 0 -1.11367e-14)
(0 0 4.2165e-15)
(0 0 1.64144e-14)
(0 1.11124e-30 0)
(0 2.23715e-27 0)
(0 4.08441e-29 0)
(0 -1.12268e-28 2.71484e-17)
(0 0 1.21921e-14)
(2.75506e-36 0 -1.54436e-14)
(0 0 -1.63025e-14)
(0 -1.01167e-33 -1.98501e-15)
(2.23625e-36 2.03331e-34 0)
(0 -3.51398e-35 0)
(1.63148e-34 1.32909e-32 -1.77877e-15)
(0 0 1.11248e-14)
(1.29214e-32 0 0)
(0 0 -1.76291e-14)
(0 2.89858e-31 0)
(4.57448e-30 2.55788e-28 0)
(6.1003e-32 4.95126e-30 0)
(0 1.78665e-29 0)
(0 0 0)
(-5.22464e-33 0 0)
(-2.53629e-31 0 0)
(0 2.36538e-32 0)
(-4.35358e-30 2.23017e-30 0)
(-1.38915e-31 6.91072e-32 0)
(0 1.34778e-30 0)
(0 0 0)
(0 0 -3.85889e-15)
(0 0 1.79821e-16)
(0 3.00209e-25 0)
(0 1.38025e-25 0)
(0 1.83797e-26 0)
(0 5.87415e-24 0)
(0 0 0)
(0 0 -3.71977e-15)
(0 0 -8.57504e-16)
(0 -2.59867e-22 -1.60476e-19)
(0 8.43924e-21 0)
(0 2.70344e-22 0)
(0 -6.85178e-21 0)
(0 0 -1.76933e-14)
(-1.9212e-30 0 5.26196e-15)
(0 0 1.02648e-14)
(0 2.19317e-26 -8.39e-16)
(3.08039e-28 1.76028e-26 0)
(0 1.07033e-27 0)
(1.82375e-26 1.05876e-24 0)
(0 0 3.03352e-15)
(-1.35439e-29 0 0)
(-5.21913e-28 0 0)
(0 5.24354e-27 0)
(-2.99398e-28 1.57639e-28 0)
(0 8.9708e-29 0)
(-7.45597e-27 3.81389e-27 0)
(0 0 4.64028e-16)
(-1.19981e-26 0 -1.1289e-16)
(0 0 -6.23193e-18)
(0 4.00923e-24 0)
(3.94658e-23 1.99922e-21 0)
(9.40676e-25 4.32608e-23 0)
(0 1.67467e-22 0)
(-2.24512e-24 0 0)
(0 0 -3.86517e-19)
(-9.63203e-27 0 -1.41705e-20)
(0 2.73661e-25 0)
(-2.01456e-23 7.8096e-24 0)
(-4.20587e-25 1.93003e-25 0)
(0 1.31956e-23 0)
(0 0 -6.7956e-15)
(0 0 -3.01285e-15)
(0 0 4.62546e-17)
(-1.35423e-20 4.60373e-18 0)
(0 2.68458e-19 0)
(0 5.7502e-19 -3.83449e-17)
(0 4.19343e-18 0)
(0 0 -1.49619e-14)
(5.365e-23 0 4.42674e-15)
(0 0 1.71718e-14)
(0 1.72465e-19 0)
(1.346e-21 5.9534e-20 0)
(0 5.79235e-21 0)
(4.51647e-20 1.94162e-18 0)
(-2.16466e-21 0 0)
(0 0 3.88666e-15)
(-2.9801e-23 0 3.82126e-16)
(-3.35656e-20 1.1666e-20 0)
(-8.08438e-22 2.48926e-22 0)
(0 3.78014e-22 0)
(-2.57072e-20 5.38394e-21 0)
(6.9819e-18 3.1592e-20 1.24725e-14)
(-7.4977e-21 0 -8.51547e-17)
(0 0 -5.24347e-18)
(0 1.61625e-18 0)
(2.09416e-17 1.10827e-16 1.95832e-16)
(1.00825e-18 1.76607e-17 0)
(2.09416e-17 1.74818e-17 1.02708e-17)
(-1.31673e-17 9.30424e-19 0)
(-4.04444e-20 0 -1.69384e-18)
(-5.94256e-20 0 -2.50231e-20)
(-7.3128e-19 1.05804e-19 0)
(-1.48984e-17 9.08697e-19 0)
(-6.89788e-19 7.28242e-20 0)
(-1.48982e-17 1.89589e-18 0)
(0 2.33747e-20 0)
(0 -7.41482e-41 -4.04231e-16)
(0 -2.83666e-35 0)
(0 0 3.69334e-17)
(0 6.26574e-18 0)
(0 -1.21081e-38 1.11991e-15)
(0 -1.43161e-32 0)
(-2.2328e-14 1.3911e-14 0)
(0 -6.1881e-36 0)
(0 -1.41344e-38 0)
(-2.76942e-15 2.08813e-15 0)
(-1.91876e-14 1.28101e-14 0)
(0 -7.18248e-34 0)
(0 -6.70321e-36 0)
(0 2.57014e-20 0)
(0 -1.84561e-36 -1.15225e-15)
(0 -2.60761e-30 0)
(0 0 3.63718e-17)
(0 6.88309e-18 0)
(0 -2.46437e-34 1.1215e-15)
(0 -3.58761e-28 0)
(-2.14983e-14 1.45788e-14 -1.33327e-14)
(0 -1.21652e-31 0)
(0 -8.59389e-34 0)
(-2.76696e-15 2.32014e-15 2.10977e-15)
(-1.90669e-14 1.26351e-14 1.45627e-14)
(0 -1.84929e-29 0)
(0 8.02683e-32 0)
(0 0 0)
(0 -6.96468e-32 -1.13017e-15)
(0 -4.51216e-26 0)
(0 0 -1.55174e-18)
(0 0 0)
(0 -5.95917e-26 5.41515e-16)
(1.37269e-26 -4.19122e-24 0)
(-9.14869e-16 0 -1.29847e-14)
(0 -1.12224e-27 0)
(0 4.6453e-30 0)
(0 0 0)
(-4.61808e-16 0 1.44467e-14)
(0 0 0)
(0 0 0)
(0 0 -5.08325e-17)
(2.60087e-25 -9.37417e-23 -1.87189e-17)
(8.93884e-21 -1.68607e-19 0)
(2.64209e-26 -1.19219e-19 0)
(1.03364e-24 -1.64466e-19 1.38959e-14)
(0 0 -2.18804e-15)
(0 0 -1.29263e-14)
(0 0 -4.56397e-16)
(0 0 -2.23572e-15)
(1.75497e-14 0 -9.79329e-15)
(7.31774e-19 1.70361e-16 -7.71698e-15)
(3.41815e-17 0 3.65139e-18)
(3.86439e-18 3.11034e-30 -5.57837e-17)
(4.68932e-19 0 0)
(1.36914e-17 0 2.65995e-17)
(0 2.7887e-37 0)
(0 -3.24847e-28 8.2972e-17)
(0 0 1.09735e-14)
(0 0 2.50808e-14)
(0 0 -1.00211e-14)
(0 0 1.98827e-15)
(0 0 -1.68279e-15)
(0 -4.60399e-15 -1.02869e-14)
(0 -4.60399e-15 -8.86027e-15)
(0 -4.60399e-15 -8.94633e-15)
(0 0 -1.24174e-14)
(0 -4.60022e-15 8.67481e-15)
(0 0 0)
(0 0 -2.05138e-14)
(0 -4.60022e-15 8.6735e-15)
(0 0 0)
(0 0 -1.146e-14)
(0 -3.58333e-15 8.96575e-15)
(0 0 -1.95943e-14)
(0 0 0)
(0 0 -1.59851e-14)
(0 0 1.97424e-15)
(0 0 -1.88039e-15)
(0 0 -1.77352e-14)
(0 0 -2.19047e-14)
(0 0 3.03632e-15)
(0 0 -4.92478e-15)
(0 0 2.09443e-14)
(0 0 -4.12031e-16)
(0 0 4.47568e-15)
(0 0 5.05501e-15)
(0 0 1.95352e-14)
(0 0 5.29017e-15)
(0 0 3.28678e-14)
(0 0 -2.30435e-15)
(0 0 1.5132e-14)
(0 0 -4.81949e-15)
(0 0 2.19173e-14)
(0 -6.34956e-40 0)
(0 -2.77224e-40 -4.57235e-16)
(0 -2.50897e-38 0)
(0 -2.31016e-41 0)
(0 0 -5.71796e-15)
(0 0 4.34552e-15)
(0 0 2.19329e-14)
(0 -1.64513e-38 0)
(0 -9.40915e-35 0)
(0 -1.80379e-36 0)
(0 1.59995e-37 3.11285e-15)
(0 0 -1.36225e-14)
(0 0 1.11894e-16)
(0 0 1.38174e-14)
(0 -2.45806e-32 0)
(0 -8.62172e-33 -3.26493e-15)
(0 -9.16719e-36 -2.59551e-16)
(0 -2.99742e-31 0)
(0 0 -3.26195e-15)
(0 0 -1.3613e-14)
(0 0 1.35129e-14)
(0 -3.03954e-30 0)
(0 -4.54951e-28 0)
(0 -2.13332e-29 0)
(0 -7.23596e-29 6.96042e-16)
(0 0 1.30951e-14)
(0 0 1.46215e-14)
(0 0 -1.39254e-14)
(0 -9.97915e-26 0)
(0 -1.55663e-26 0)
(0 2.10642e-27 0)
(0 -1.19029e-25 -6.96042e-16)
(0 0 2.99965e-15)
(0 0 -1.3509e-15)
(0 -1.07115e-23 3.16696e-17)
(0 -3.42766e-22 0)
(-5.89447e-06 5.02391e-07 -2.58138e-07)
(-2.83702e-07 2.75558e-08 -4.98275e-09)
(-9.27008e-08 1.00075e-08 -5.38934e-09)
(-1.50703e-06 2.25814e-07 -6.26897e-08)
(-5.34256e-08 1.04291e-08 -1.55691e-09)
(-3.32489e-06 5.85103e-07 -8.66398e-08)
(-8.64926e-08 1.76921e-08 -1.31017e-09)
)
;

boundaryField
{
    ground
    {
        type            slip;
    }
    outlet
    {
        type            zeroGradient;
    }
    wall
    {
        type            slip;
    }
    wall2
    {
        type            slip;
    }
    wall3
    {
        type            slip;
    }
    internalPatch
    {
        type            internal;
    }
    procBoundary2to1
    {
        type            processor;
        value           nonuniform List<vector> 
317
(
(-3.47302e-15 -7.41241e-17 -6.404e-15)
(-3.47302e-15 -7.41241e-17 -6.404e-15)
(2.0831e-22 0 1.84726e-15)
(2.0831e-22 0 1.84726e-15)
(-6.94783e-34 -1.84894e-26 1.65169e-21)
(-8.12911e-24 -5.43909e-15 3.40987e-15)
(-6.83067e-17 -2.90349e-19 -4.73127e-16)
(-7.2741e-19 0 4.14111e-35)
(0 -2.44528e-18 9.89408e-33)
(0 -2.44528e-18 9.89408e-33)
(0 5.05676e-30 3.30129e-28)
(6.53689e-15 -1.87502e-16 5.1828e-15)
(-1.65542e-19 0 -8.2354e-18)
(-5.5332e-22 0 -1.41128e-14)
(-5.7637e-18 0 5.7756e-15)
(2.44798e-21 7.49687e-20 8.04391e-15)
(2.44798e-21 7.49687e-20 8.04391e-15)
(9.39685e-21 -1.7924e-24 0)
(1.61206e-14 5.63141e-16 -1.88456e-16)
(0 0 -7.8464e-17)
(0 0 -2.77173e-18)
(0 -5.63485e-15 2.23303e-16)
(-2.37151e-25 -2.69592e-16 -1.74454e-16)
(-4.17984e-19 1.30956e-24 -1.15696e-17)
(0 0 0)
(0 0 0)
(0 0 1.09484e-43)
(0 -1.68095e-20 2.63946e-41)
(0 -1.68095e-20 2.63946e-41)
(0 1.8174e-32 7.53953e-37)
(0 0 1.43031e-35)
(0 -1.55209e-20 5.89556e-27)
(5.05361e-17 6.76965e-17 9.04283e-17)
(-7.39475e-18 1.01863e-14 1.2946e-15)
(0 -1.02829e-37 1.09331e-16)
(-1.87829e-15 3.7608e-30 0)
(-5.22436e-17 -2.68334e-30 -2.43115e-18)
(4.61997e-16 -2.9706e-30 -9.87063e-15)
(2.15299e-16 -9.40079e-32 -1.02376e-14)
(2.15299e-16 -9.40079e-32 -1.02376e-14)
(1.02435e-20 -3.04219e-16 2.81033e-15)
(0 -7.36755e-19 -3.96528e-16)
(0 0 -3.77242e-15)
(0 0 -1.21722e-15)
(0 1.29927e-14 -1.11643e-14)
(0 0 0)
(0 0 9.6489e-21)
(0 -5.58589e-15 7.95264e-16)
(0 0 4.80118e-17)
(0 0 1.0587e-17)
(-4.10865e-27 0 -1.42391e-17)
(0 0 0)
(0 0 0)
(0 0 0)
(0 0 0)
(0 0 0)
(0 0 0)
(0 -7.74201e-23 0)
(0 -7.74201e-23 0)
(0 4.8638e-35 0)
(0 0 0)
(0 0 0)
(0 0 4.73087e-38)
(0 0 1.92942e-29)
(0 -5.42818e-23 2.37781e-18)
(-3.86231e-15 2.0225e-15 -2.70178e-15)
(-5.34158e-13 3.91601e-13 4.95382e-13)
(-8.56588e-15 1.48554e-14 7.86898e-15)
(-4.06703e-19 6.86217e-16 6.0626e-16)
(-1.7164e-14 3.0271e-28 -4.24635e-15)
(4.61997e-16 -2.9706e-30 -9.87063e-15)
(2.15299e-16 -9.40079e-32 -1.02376e-14)
(2.15299e-16 -9.40079e-32 -1.02376e-14)
(0 0 -2.80803e-20)
(0 0 -2.80803e-20)
(0 0 -1.15629e-17)
(0 0 0)
(0 -6.25966e-21 -2.2654e-15)
(0 0 -1.96973e-14)
(0 0 8.10329e-16)
(0 0 -1.22125e-14)
(0 1.18384e-14 2.17587e-16)
(0 1.18384e-14 2.17587e-16)
(0 1.18376e-14 -8.24542e-16)
(0 -6.33373e-40 0)
(0 -1.4073e-39 0)
(0 0 1.1449e-15)
(0 0 1.1449e-15)
(0 0 3.08279e-20)
(0 2.09583e-23 -2.97541e-27)
(0 1.84964e-22 1.39984e-27)
(0 1.07359e-22 -6.7504e-23)
(0 -1.18857e-22 6.66923e-23)
(0 -4.61914e-24 0)
(0 0 0)
(0 0 0)
(0 0 0)
(0 0 0)
(0 0 0)
(0 0 0)
(0 0 0)
(0 0 0)
(0 0 0)
(0 0 -1.42189e-22)
(0 0 0)
(0 0 0)
(0 0 0)
(0 0 0)
(0 0 0)
(0 0 -1.8223e-16)
(0 -1.17821e-22 0)
(0 2.29604e-26 1.42722e-16)
(0 0 -8.0903e-18)
(0 -1.24467e-16 -1.25004e-14)
(0 -1.24467e-16 -1.25004e-14)
(0 -1.98941e-39 -2.60302e-16)
(0 -1.98941e-39 -2.60302e-16)
(0 8.47434e-15 -8.69803e-16)
(0 0 1.0749e-14)
(0 0 -2.70145e-14)
(0 0 -3.15226e-16)
(0 0 0)
(0 0 0)
(0 0 2.13908e-15)
(0 0 0)
(0 0 0)
(0 0 8.467e-16)
(0 0 1.96598e-17)
(0 0 -6.48218e-15)
(0 0 2.43751e-17)
(0 0 1.87726e-17)
(0 0 4.36086e-15)
(0 0 -6.34867e-15)
(0 0 -6.34867e-15)
(0 0 4.64028e-15)
(0 0 1.73693e-14)
(0 0 -9.94604e-15)
(0 0 0)
(0 0 0)
(0 0 0)
(0 0 0)
(0 0 9.30217e-15)
(0 0 9.30217e-15)
(0 1.18384e-14 2.17587e-16)
(0 1.18376e-14 -8.24542e-16)
(0 1.2476e-14 7.18681e-15)
(0 -5.48103e-41 9.01034e-18)
(0 -5.48103e-41 9.01034e-18)
(0 0 1.1449e-15)
(0 -5.45756e-17 -2.24308e-19)
(0 -5.45756e-17 -2.24308e-19)
(0 0 -1.98475e-19)
(0 4.81296e-25 -1.07762e-35)
(0 -1.17869e-22 -1.06546e-35)
(0 -1.19538e-22 -1.07163e-35)
(0 -1.31713e-22 0)
(0 -1.14662e-22 0)
(0 0 -1.39135e-22)
(0 0 0)
(0 0 0)
(0 0 0)
(0 0 0)
(0 0 0)
(0 0 0)
(0 0 -1.83122e-16)
(0 0 1.82133e-16)
(0 0 0)
(0 0 0)
(0 0 0)
(0 -4.07833e-31 0)
(0 -7.39273e-38 1.85373e-16)
(0 -7.39273e-38 1.85373e-16)
(0 8.4664e-15 1.17065e-15)
(0 0 -1.54436e-14)
(0 0 -3.77285e-15)
(0 0 1.18814e-14)
(0 0 1.06249e-14)
(0 0 1.14369e-15)
(0 0 1.14369e-15)
(0 0 -1.29021e-15)
(0 0 2.01116e-16)
(0 0 -7.54604e-16)
(0 0 0)
(0 0 8.40278e-16)
(0 0 -1.64758e-15)
(0 0 -1.18274e-15)
(0 0 -1.18274e-15)
(0 0 0)
(0 0 -7.56868e-15)
(0 0 1.08058e-14)
(0 0 -1.61581e-14)
(0 1.2476e-14 7.18681e-15)
(0 1.29826e-14 -1.14625e-14)
(0 -6.61374e-28 0)
(0 -2.10327e-29 0)
(0 1.29928e-14 8.67765e-15)
(0 1.28418e-14 -9.96195e-15)
(0 1.28418e-14 -9.96195e-15)
(0 0 0)
(0 0 0)
(0 -3.96948e-34 0)
(0 -3.96948e-34 0)
(4.0874e-20 -1.23732e-34 0)
(6.7925e-20 -3.99322e-33 -7.67378e-18)
(-1.24156e-18 3.06406e-28 -2.52515e-15)
(-3.62932e-16 0 -1.02634e-14)
(0 0 1.70679e-14)
(0 0 -3.31642e-15)
(0 0 0)
(0 0 -1.198e-14)
(0 0 1.51242e-14)
(0 0 -4.02345e-15)
(0 0 0)
(0 0 -1.198e-14)
(0 0 1.51242e-14)
(0 0 -4.0595e-15)
(0 0 0)
(0 0 -1.2135e-14)
(0 0 -1.2135e-14)
(0 0 6.82457e-16)
(0 0 -1.89166e-14)
(0 0 0)
(0 0 1.73918e-14)
(0 3.51265e-15 0)
(-6.41688e-14 2.55635e-13 -6.37037e-16)
(-6.41688e-14 2.55635e-13 -6.37037e-16)
(-4.47644e-11 2.18632e-11 -3.05095e-12)
(-1.35613e-09 7.03677e-10 -8.44369e-11)
(-4.37378e-08 1.93714e-08 -2.43635e-09)
(-4.37378e-08 1.93714e-08 -2.43635e-09)
(-1.26421e-07 5.48082e-08 -3.04967e-09)
(-3.28961e-06 5.76978e-07 9.41162e-08)
(-2.48517e-05 3.00051e-06 6.20821e-07)
(-2.81692e-07 2.70686e-08 4.5607e-09)
(-2.81692e-07 2.70686e-08 4.5607e-09)
(-1.07245e-07 1.02767e-08 8.88565e-09)
(-9.07235e-08 8.31428e-09 1.78845e-08)
(-8.88922e-08 8.20286e-09 1.81027e-08)
(-2.03023e-09 2.59352e-10 1.17074e-09)
(-2.64904e-11 3.77725e-12 2.90731e-11)
(-1.60345e-13 2.05274e-14 2.35582e-13)
(-1.23046e-16 4.09955e-20 8.58104e-16)
(0 6.55016e-23 0)
(0 7.03101e-23 0)
(0 1.982e-25 0)
(-4.08684e-11 4.56611e-11 2.15942e-11)
(-2.74524e-13 5.67918e-13 1.37965e-13)
(-1.44973e-15 6.70581e-15 5.0882e-16)
(-8.57291e-15 1.43381e-14 8.08078e-15)
(-1.25408e-16 1.10793e-14 1.15557e-14)
(-2.89813e-15 0 1.67366e-14)
(-3.61018e-17 2.74803e-27 8.44817e-16)
(-2.74772e-20 -1.00013e-31 -4.0213e-18)
(2.96254e-18 -2.73386e-33 -3.23814e-20)
(0 -6.93015e-33 1.16087e-20)
(0 -6.93015e-33 1.16087e-20)
(0 0 6.28273e-16)
(0 0 -1.03123e-15)
(0 0 0)
(0 0 0)
(0 0 0)
(0 0 -1.20437e-15)
(0 0 0)
(0 0 0)
(0 1.86743e-15 8.03378e-17)
(0 5.96037e-15 -1.07539e-15)
(-4.64028e-16 5.06319e-15 0)
(-4.64028e-16 4.16673e-15 0)
(-4.64028e-16 4.16673e-15 0)
(0 5.10284e-15 0)
(-1.39208e-15 9.26396e-15 -4.33478e-15)
(0 2.78033e-15 0)
(-5.35495e-14 1.90916e-13 -2.91547e-15)
(-5.35495e-14 1.90916e-13 -2.91547e-15)
(-1.72154e-13 3.64806e-13 -1.12402e-14)
(-1.48289e-10 7.11997e-11 -2.32043e-12)
(-4.46968e-09 2.09726e-09 -9.59089e-11)
(-1.26421e-07 5.48082e-08 -3.04967e-09)
(-3.99896e-09 3.0832e-09 6.36677e-11)
(-8.69621e-08 1.72055e-08 1.5578e-09)
(-8.69621e-08 1.72055e-08 1.5578e-09)
(-4.97823e-08 1.04704e-08 3.25311e-09)
(-8.88586e-08 8.92147e-09 1.74873e-08)
(-8.86283e-08 8.87908e-09 1.80253e-08)
(-1.01413e-09 1.10526e-09 2.76999e-10)
(-5.67679e-11 6.27321e-11 3.39926e-11)
(-6.23654e-13 1.26591e-12 4.90037e-13)
(-4.92077e-15 2.30672e-14 5.13884e-15)
(0 6.06845e-18 0)
(0 1.03582e-16 0)
(0 1.44665e-15 5.24172e-17)
(0 7.40155e-17 0)
(-2.32014e-15 1.19766e-14 0)
(-3.2482e-15 1.60517e-14 6.93817e-16)
(-4.64028e-15 2.4715e-14 2.76102e-15)
(-5.10431e-15 2.42024e-14 2.76232e-15)
(-5.23849e-14 2.16379e-13 1.24412e-14)
(-6.15668e-14 2.71121e-13 6.18648e-15)
(-1.26957e-13 3.22815e-13 6.97029e-16)
(-1.17752e-13 2.97346e-13 4.64028e-16)
(-1.17752e-13 2.97346e-13 4.64028e-16)
(-1.11112e-13 3.25533e-13 5.46027e-15)
(-1.72154e-13 3.64806e-13 -1.12402e-14)
(-1.11112e-13 3.25533e-13 5.46027e-15)
(-4.57785e-12 3.71664e-12 6.16058e-14)
(-1.0644e-10 1.2546e-10 1.55042e-12)
(-1.0644e-10 1.2546e-10 1.55042e-12)
(-3.99896e-09 3.0832e-09 6.36677e-11)
(-3.08247e-09 2.94959e-09 2.29971e-10)
(-1.72004e-09 1.86089e-09 4.78495e-10)
(-1.41701e-11 2.82429e-11 6.68303e-12)
(-7.92772e-12 1.60153e-11 2.76487e-12)
(-9.40455e-14 2.76579e-13 2.98822e-14)
(-1.74613e-13 4.59875e-13 9.62648e-14)
(-1.50974e-12 3.09907e-12 1.77968e-13)
(-4.57785e-12 3.71664e-12 6.16058e-14)
(-6.91129e-11 1.20525e-10 6.52101e-12)
)
;
    }
    procBoundary2to4
    {
        type            processor;
        value           nonuniform List<vector> 
107
(
(0 0 0)
(0 0 0)
(0 0 0)
(0 0 0)
(0 0 0)
(0 0 0)
(0 0 0)
(0 0 0)
(0 0 0)
(0 0 0)
(0 0 0)
(0 0 1.56414e-27)
(0 0 -1.12462e-19)
(0 0 0)
(0 0 0)
(0 0 0)
(8.67474e-16 0 0)
(0 0 4.10075e-19)
(0 0 3.86368e-16)
(-5.86038e-16 0 3.86781e-16)
(2.00692e-16 0 3.8689e-16)
(-2.07302e-14 0 2.86579e-16)
(-1.91767e-12 5.45233e-15 -9.35857e-16)
(-1.45458e-10 5.64e-13 -5.95102e-13)
(-1.21622e-08 3.01484e-11 -1.38107e-10)
(-4.03211e-07 1.31778e-08 -2.71689e-08)
(-4.22359e-05 1.1561e-06 -2.26583e-06)
(-0.00018753 8.5097e-06 -6.43152e-06)
(-0.000216184 1.04968e-05 -3.99303e-06)
(-0.00013176 5.38145e-06 -3.49629e-06)
(-2.4087e-06 6.78401e-08 -4.44335e-08)
(-0.000130516 5.33556e-06 -4.32867e-06)
(-1.27023e-08 8.84652e-11 3.98336e-10)
(-1.82772e-09 -3.96362e-12 3.36048e-10)
(-7.59591e-11 -2.84734e-13 2.6449e-11)
(-8.34411e-13 -4.41006e-15 5.64924e-13)
(-4.62492e-15 0 5.9054e-15)
(0 0 8.50485e-18)
(0 0 0)
(0 0 0)
(0 0 0)
(0 0 0)
(0 0 0)
(0 0 0)
(0 0 0)
(0 0 0)
(0 0 0)
(0 0 0)
(0 0 0)
(0 0 0)
(0 0 0)
(-4.20777e-23 0 0)
(-2.16338e-21 0 0)
(2.97531e-17 0 8.17669e-25)
(8.24625e-16 0 -5.72904e-18)
(8.67714e-16 0 0)
(8.68597e-16 0 0)
(0 0 2.12875e-26)
(0 0 1.77355e-21)
(-5.84563e-16 0 3.54782e-20)
(1.99417e-16 0 7.35698e-22)
(-1.69516e-14 0 5.11404e-21)
(-1.76846e-12 1.19487e-14 5.49837e-14)
(-1.36349e-10 1.18823e-12 4.34584e-12)
(-2.09137e-11 3.97002e-15 3.65571e-12)
(-6.37166e-13 -1.85692e-15 1.86625e-13)
(-6.43878e-15 -4.73733e-21 3.29597e-15)
(0 0 0)
(0 0 -3.52277e-26)
(0 0 0)
(0 0 0)
(0 0 0)
(0 0 0)
(0 0 0)
(0 0 0)
(3.93953e-47 0 0)
(-1.70637e-28 0 0)
(0 0 0)
(0 0 0)
(0 0 0)
(0 0 0)
(0 0 -1.05233e-19)
(0 0 3.56007e-19)
(0 0 2.42748e-21)
(-5.48872e-16 0 -2.02222e-20)
(3.05229e-16 0 -4.39761e-19)
(-2.18329e-17 0 -5.75705e-17)
(-1.88581e-13 0 3.16171e-14)
(-3.22772e-15 -1.44334e-21 -5.20911e-16)
(5.15805e-21 0 5.70684e-17)
(1.43195e-28 0 -6.02246e-26)
(0 0 -8.19885e-20)
(0 0 0)
(-4.25308e-36 0 0)
(-2.39904e-37 0 -9.99338e-21)
(-3.86638e-39 0 -2.99891e-27)
(-8.66586e-25 0 0)
(-9.64841e-23 0 0)
(0 0 0)
(0 0 6.95778e-17)
(0 0 -1.02145e-18)
(-3.75108e-19 0 -5.77421e-17)
(-3.86134e-16 0 3.6311e-17)
(5.31336e-16 0 4.34475e-18)
(8.99618e-18 0 1.4705e-16)
(-1.30014e-17 0 2.99124e-16)
(-1.30051e-20 0 2.79735e-16)
)
;
    }
    procBoundary2to5
    {
        type            processor;
        value           nonuniform List<vector> 
16
(
(-0.000197803 3.28824e-05 -9.76885e-06)
(-5.47631e-05 1.08243e-05 -2.87225e-06)
(-5.02131e-05 9.28715e-06 -2.34607e-06)
(-9.9347e-05 1.25277e-05 -4.32851e-06)
(-0.000553304 4.25706e-05 -2.30708e-05)
(-0.00116806 0.000108292 -5.94132e-05)
(-0.00262849 0.000279039 -0.000141733)
(-0.000460248 8.66505e-05 -2.57095e-05)
(-9.7327e-05 1.98042e-05 -4.39455e-06)
(-6.41975e-05 1.71272e-05 -2.5741e-06)
(-4.44306e-05 1.05739e-05 -2.82293e-06)
(-4.37381e-05 1.04091e-05 -2.18291e-06)
(-6.61975e-05 1.76558e-05 -1.48349e-06)
(-0.000111142 2.32358e-05 -1.77002e-06)
(-0.000640404 0.000128323 -4.49666e-06)
(-0.0036893 0.000416951 -2.65927e-05)
)
;
    }
}


// ************************************************************************* //
