/*--------------------------------*- C++ -*----------------------------------*\
  =========                 |
  \\      /  F ield         | OpenFOAM: The Open Source CFD Toolbox
   \\    /   O peration     | Website:  https://openfoam.org
    \\  /    A nd           | Version:  9
     \\/     M anipulation  |
\*---------------------------------------------------------------------------*/
FoamFile
{
    format      ascii;
    class       volScalarField;
    location    "0.00085";
    object      overpressure;
}
// * * * * * * * * * * * * * * * * * * * * * * * * * * * * * * * * * * * * * //

dimensions      [1 -1 -2 0 0 0 0];

internalField   nonuniform List<scalar> 
8305
(
0.00233414
2.99825e-05
3.8273e-07
5.63159e-09
1.45519e-11
0.149849
7.90852
119.429
11.3392
0.00154475
0.00017023
0.00552552
0.000353952
2.47893e-05
2.28059e-06
3.70317e-07
3.11848e-08
4.61296e-09
3.7835e-10
4.74659e-06
6.56728e-08
8.58563e-10
4.1107e-05
6.38902e-07
8.57108e-09
1.62254e-07
2.21189e-09
0
0
7.31134e-05
2.99138e-06
4.4849e-08
5.67525e-10
0
595930
6.47852e-05
7.46276e-06
1.43147e-07
2.6339e-09
1.81668
0.00018535
8.34884e-06
1.32204e-07
1.94996e-09
0.0768954
8.02205e-05
1.22534e-06
2.00525e-08
2.61934e-10
0.000102396
6.4536e-06
1.25059e-07
1.99361e-09
0
0.00120293
1.26879e-05
2.66722e-07
4.65661e-09
4.36557e-11
0
9.83114e-06
2.72528e-07
5.6898e-09
4.36557e-11
0
0
4.48199e-09
4.36557e-11
0
0
0
1.45519e-11
0
0
0
0
0
0
0
0
0
0
0
0
0
0
0.0029459
5.72492e-05
8.04823e-07
1.32713e-08
30.4674
0.000162416
2.23347e-06
3.50556e-08
0.000489886
3.2708e-05
8.2927e-07
1.57161e-08
0.00110533
6.83358e-05
1.77516e-06
3.40951e-08
137.573
0.000190838
9.95336e-06
1.99288e-07
3.07045e-09
3806.03
0.000301648
1.96111e-05
4.32643e-07
7.10133e-09
0.00103558
2.39225e-05
5.52332e-07
1.12632e-08
1.45519e-10
0.007107
6.08937e-05
1.22977e-06
2.54222e-08
4.07454e-10
0.0480255
4.58888e-05
1.0707e-06
2.41853e-08
4.65661e-10
0
0.0817377
0.000119024
2.4187e-06
5.39876e-08
1.04774e-09
0
3.352e-05
1.1137e-06
3.00206e-08
6.1118e-10
0
0
7.2e-05
2.39833e-06
6.56437e-08
1.42609e-09
0
0
6.84289e-07
2.40398e-08
5.82077e-10
0
0
0
1.37347e-06
5.12082e-08
1.42609e-09
0
0
0
1.23255e-08
3.7835e-10
0
0
0
0
2.54659e-08
9.02219e-10
0
0
0
0
1.45519e-10
0
0
0
0
0
3.63798e-10
0
0
0
0
0
0
0
0
0
0
0
0
0
0
0
0
0
0.0129721
0.0216471
1.0387e-05
1.8481e-05
2.19661e-07
3.52156e-09
0
4.08327e-07
7.04313e-09
2.91038e-11
24.2113
0.055725
0.761836
0.757463
24.0824
127.768
0.0576763
0.0324051
4.71184
28.9428
0.532862
17.3444
109.901
0.0422432
736.511
0.00270462
2.18436e-05
3.23504e-07
4.03088e-09
1.0856e-06
1.48138e-08
0.0196139
0.00016157
2.19425e-06
3.26836e-08
4.65661e-10
0.000113961
1.06976e-05
2.3465e-07
3.98722e-09
0
826.372
868.989
0.00252825
0.00467594
2.47932e-05
3.21054e-05
3.68091e-07
5.48214e-07
4.5693e-09
7.72707e-09
942.663
0.00620412
0.0059765
6.42795e-05
6.22927e-05
1.09937e-06
1.61381e-08
0
0
0
0
0
0
0
0
0
0
0
0
0
0
1.45519e-11
0
0
0
0
0
0
0
0
0
8.58563e-10
4.45289e-09
5.15138e-09
1.22236e-09
2.91038e-11
0
0
0
0
0
0
0
2.93294e-07
3.40937e-07
8.99454e-08
6.28643e-09
4.22006e-10
0
0
0
0
0
0
1.47161e-05
1.71214e-05
5.1051e-06
4.67378e-07
3.65544e-08
1.30967e-09
0
0
0
0
0
0.00830896
0.000621326
0.00015827
4.18367e-05
2.42962e-06
9.19827e-08
2.06637e-09
0
0
0
0
39114.2
1.78185
0.204711
0.00771436
8.19619e-05
5.06526e-06
1.27286e-07
2.37196e-09
0
0
0
1.38838e+06
1.34135e+06
1.62396e+06
1.5698e+06
0.100383
0.000183664
5.44816e-06
1.1074e-07
1.76078e-09
0
0
70.4888
0.00012446
3.3893e-06
5.84114e-08
8.29459e-10
0
0
0
0
0
0
0
0
0
0
0
0
0
0
0
0
0
0
0
0
0
0
0
0
0
6.8394e-10
2.43017e-09
2.61934e-09
6.98492e-10
0
0
0
0
0
0
0
0
1.31564e-07
1.43729e-07
3.64234e-08
4.26371e-09
2.61934e-10
0
0
0
0
0
0
7.43114e-06
8.12038e-06
1.77906e-06
2.26195e-07
1.7375e-08
6.98492e-10
0
0
0
0
0
0.000460019
0.000504187
9.93988e-05
9.40516e-06
8.81832e-07
4.31173e-08
1.25146e-09
0
0
0
0
13.5199
0.0370223
0.00741251
0.000258345
3.94593e-05
2.07975e-06
6.1118e-08
1.35333e-09
0
0
0
509.904
1.0223e+06
457537
2170.23
0.00298114
9.23562e-05
2.41505e-06
5.53555e-08
1.01863e-09
0
0
0.124867
7.00384e-05
1.58991e-06
3.11265e-08
4.80213e-10
0
0
0
0
0
0
0
0
0
0
0
0
0
0
0
0
0
0
0
0
0
0
0
0
0
1.01863e-10
7.42148e-10
5.82077e-10
1.45519e-10
0
0
0
0
0
0
0
0
3.93629e-08
3.11848e-08
8.7748e-09
8.58563e-10
0
0
0
0
0
0
0
2.0117e-06
1.57418e-06
3.77549e-07
5.72909e-08
3.84171e-09
1.16415e-10
0
0
0
0
0
0.000113625
9.24023e-05
1.58654e-05
3.5406e-06
2.32016e-07
9.4733e-09
1.74623e-10
0
0
0
0
0.870051
0.00940957
0.00213305
0.000100381
1.13375e-05
5.35438e-07
1.37952e-08
2.18279e-10
0
0
0
32.0509
568709
34520.3
749.774
0.000395355
2.33313e-05
6.39353e-07
1.2602e-08
1.89175e-10
0
0
0.00337218
2.10803e-05
4.44503e-07
7.33417e-09
8.73115e-11
0
0
0
0
0
0
0
0
0
0
0
0
0
0
0
0
0
0
0
0
0
0
0
0
0
0
0
0
0
0
0
0
0
0
0
0
0
3.33239e-09
3.28873e-09
8.00355e-10
4.36557e-11
0
0
0
0
0
0
0
2.15645e-07
1.93337e-07
4.36412e-08
4.99131e-09
2.76486e-10
0
0
0
0
0
0
1.58504e-05
1.03917e-05
2.41298e-06
2.65587e-07
2.01399e-08
6.98492e-10
0
0
0
0
0
0.0019966
0.00024798
0.000163068
1.1425e-05
1.04289e-06
3.84462e-08
9.60426e-10
0
0
0
0
283.251
1315.78
114.518
0.00107609
4.91564e-05
1.708e-06
4.29281e-08
8.44011e-10
0
0
0
6.96684e-05
1.47753e-06
2.9715e-08
5.09317e-10
0
0
0
0
0
0
0
0
0
0
0
0
0
0
0
0
0
0
0
0
0
0
0
0
0
0
0
0
0
0
0
0
0
0
0
0
0
0
7.27596e-11
7.27596e-11
0
0
0
0
0
0
0
0
0
7.47968e-09
7.6252e-09
1.70257e-09
1.45519e-10
0
0
0
0
0
0
0
4.53962e-07
4.34695e-07
9.04693e-08
1.05356e-08
6.1118e-10
0
0
0
0
0
0
2.57216e-05
2.2724e-05
5.45155e-06
4.93441e-07
3.44153e-08
1.17871e-09
0
0
0
0
0
0.000457873
0.00740654
0.000203649
1.96135e-05
1.47092e-06
5.22559e-08
1.25146e-09
0
0
0
0
0.000169126
5.98507e-05
1.79494e-06
4.55329e-08
9.16771e-10
0
0
0
0
0
0
0
0
0
0
0
0
0
0
0
0
0
0
0
0
0
0
0
0
0
0
0
0
0
0
0
0
0
0
0
0
0
0
0
0
0
0
0
0
0
0
0
0
0
0
0
0
1.16415e-10
1.45519e-10
0
0
0
0
0
0
0
0
0
1.84809e-09
9.31323e-09
9.54606e-09
2.15368e-09
2.32831e-10
0
0
0
0
0
0
0
8.26112e-08
4.65981e-07
4.61878e-07
9.6712e-08
1.19471e-08
7.567e-10
0
0
0
0
0
0
1.97961e-05
1.98123e-05
4.53657e-06
4.58254e-07
3.18396e-08
1.13505e-09
0
0
0
0
0
1.21199e-05
1.02326e-06
3.78059e-08
9.60426e-10
0
0
0
0
0
0
0
0
0
0
0
0
0
0
0
0
0
0
0
0
0
0
0
0
0
0
0
0
0
0
0
0
0
0
0
0
0
0
0
0
0
0
0
0
0
0
0
0
0
0
0
0
0
0
0
0
0
0
0
0
0
0
0
0
0
1.16415e-10
1.45519e-10
0
0
0
0
0
0
0
0
0
1.57161e-09
7.55244e-09
7.87259e-09
1.8772e-09
1.89175e-10
0
0
0
0
0
0
0
2.86047e-07
2.91344e-07
6.34464e-08
8.67294e-09
5.67525e-10
0
0
0
0
0
0
2.41373e-07
1.77533e-08
6.1118e-10
0
0
0
0
0
0
0
0
0
0
0
0
0
0
0
0
0
0
0
0
0
0
0
0
0
0
0
0
0
0
0
0
0
0
0
0
0
0
0
0
0
0
0
0
0
0
0
0
0
0
0
0
0
0
0
0
0
0
0
0
0
0
0
0
0
0
0
0
0
0
0
0
0
0
0
0
0
0
8.73115e-11
7.27596e-11
0
0
0
0
0
0
0
0
0
3.97267e-09
4.2055e-09
1.06229e-09
1.01863e-10
0
0
0
0
0
0
0
3.84171e-09
2.32831e-10
0
0
0
0
0
0
0
0
0
0
0
0
0
0
0
0
0
0
0
0
0
0
0
0
0
0
0
0
0
0
0
0
0
0
0
0
0
0
0
0
0
0
0
0
0
0
0
0
0
0
0
0
0
0
0
0
0
0
0
0
0
0
0
0
0
0
0
0
0
0
0
0
0
0
0
0
0
0
0
0
0
0
0
0
0
0
0
0
0
0
0
0
0
0
0
0
0
0
0
0
0
0
0
0
0
0
0
0
0
0
0
0
0
0
0
0
0
0
0
0
0
0
0
0
0
0
0
0
0
0
0
0
0
0
0
0
0
0
0
0
0
0
0
0
0
0
0
0
0
0
0
0
0
0
0
0
0
0
0
0
0
0
0
0
0
0
0
0
0
0
0
0
0
0
0
0
0
0
0
0
0
0
0
0
0
0
0
0
0
0
0
0
0
0
0
0
0
0
0
0
0
0
0
0
0
0
0
0
0
0
0
0
0.0249272
0.145027
0.00396425
0.00108477
0.000286341
0.000108525
1.34496
7.50409e-06
7.73875e-06
1.51894e-06
6.83733e-05
9.07603e-08
9.44128e-08
2.36469e-08
9.89166e-07
1.22236e-09
1.26602e-09
3.34694e-10
1.56724e-08
0
0
0
1.89175e-10
688.447
4.85096e-05
1.51462e-06
0.0480083
1.95097e-05
4.64206e-07
0.00388007
7.00825e-06
1.31389e-07
2.58048e-05
5.72778e-07
1.06375e-08
3.92312e-05
9.53951e-07
2.0591e-08
3.34694e-10
7.71761e-07
2.13768e-08
4.65661e-10
0
1.36206e-08
3.34694e-10
0
0
1.30967e-10
0
0
0
0
0
0
0
0
0
0
0
0.332819
0.00503622
0.0262461
0.000397858
1.64771e-05
232.768
0.0541461
7.26075e-05
1.7915e-05
3.30487e-06
3.1403e-07
0.00231197
0.000510652
1.03924e-06
2.90282e-07
5.9139e-08
4.91855e-09
1.70984e-05
1.7147e-05
1.63127e-08
5.09317e-09
8.00355e-10
0
2.26079e-07
2.23488e-07
2.03727e-10
0
0
0
2.75031e-09
2.6921e-09
3.47695e-06
5.521e-08
9.02219e-10
0
0
9.65405e-05
1.30814e-06
2.13331e-08
3.34694e-10
0
0.000421728
1.6987e-05
2.90849e-07
5.09317e-09
0
10.8551
0.000336328
5.65514e-06
6.26023e-08
7.71252e-10
1.81462e-08
1.89175e-10
8.90577e-09
1.01863e-10
2.05182e-09
0
1.16415e-10
0
0
0
0
0
0
0
0
0
0
0
0
0
3.74564
0.000279184
5.92154e-06
6.42322e-08
7.27596e-10
1109.91
0.0840652
0.00688593
0.00109219
6.04128e-05
5.72209e-05
1.10555e-06
1.05472e-06
1.56579e-08
1.50612e-08
1092.91
32.8567
0.00791844
0.00987926
8.74757e-05
9.23466e-05
1.65767e-06
1.77421e-06
2.51166e-08
2.70229e-08
1.43182e+06
1.29218e+06
1.48542e+06
990776
697986
26505.9
8640.9
1.13613e+06
523104
667263
2357.47
744.491
336.641
95.7718
0
6.54836e-10
4.48636e-08
2.91684e-06
0.0002198
0
7.27596e-10
4.52419e-08
2.42346e-06
0.00010041
0
1.01863e-10
8.7166e-09
5.04893e-07
2.26108e-05
0.0253518
428828
0.0379373
9148.65
0.00454562
14.4538
0
0
0
0
0
0
0
0
0
0
0
0
0
0
0
0
0
0
0
0
0
0
0
0
0
0
0
0
0
0
0
0
0
0
0
0
0
0
0
0
0
0
0
0
0
0
0
0
0
0
0
0
0
0
0
0
0
0
0
1.92085e-09
0
0
0
0
0
0
0
0
2.09548e-09
1.26398e-07
0
0
0
0
0
0
0
1.44064e-09
1.06898e-07
6.23261e-06
0
0
0
0
0
0
0
0
0
0
0
0
0
0
0
0
0
0
0
0
0
0
0
0
0
0
0
0
0
0
0
0
0
0
0
0
0
0
0
0
0
0
0
0
0
0
0
0
0
0
0
0
0
0
0
0
0
0
0
1.01863e-09
0
0
0
0
0
0
0
0
1.1205e-09
5.05388e-08
0
0
0
0
0
0
0
8.14907e-10
4.47908e-08
1.94566e-06
0
0
0
0
0
0
0
0
0
0
0
0
0
0
0
0
0
0
0
0
0
0
0
0
0
0
0
0
0
0
0
0
0
0
0
0
0
0
0
0
0
0
0
0
0
0
0
0
0
0
0
0
0
0
0
0
0
0
0
1.45519e-10
0
0
0
0
0
0
0
0
1.60071e-10
9.79344e-09
0
0
0
0
0
0
0
8.73115e-11
8.96398e-09
4.70958e-07
0
0
0
0
0
0
0
0
0
0
0
0
0
0
0
0
0
0
0
0
0
0
0
0
0
0
0
0
0
0
0
0
0
0
0
0
0
0
0
0
0
0
0
0
0
0
0
0
0
0
0
0
0
0
0
0
0
0
0
0
0
0
0
0
0
0
0
0
0
6.98492e-10
0
0
0
0
0
0
0
0
6.54836e-10
3.51429e-08
0
0
0
0
0
0
0
0
0
0
0
0
0
0
0
0
0
0
0
0
0
0
0
0
0
0
0
0
0
0
0
0
0
0
0
0
0
0
0
0
0
0
0
0
0
0
0
0
0
0
0
0
0
0
0
0
0
0
0
0
0
0
0
0
0
0
0
0
0
0
0
0
0
0
0
0
0
0
0
9.60426e-10
0
0
0
0
0
0
0
0
0
0
0
0
0
0
0
0
0
0
0
0
0
0
0
0
0
0
0
0
0
0
0
0
0
0
0
0
0
0
0
0
0
0
0
0
0
0
0
0
0
0
0
0
0
0
0
0
0
0
0
0
0
0
0
0
0
0
0
0
0
0
0
0
0
0
0
0
0
0
0
0
0
0
0
0
0
0
0
0
0
0
0
0
0
0
0
0
0
0
0
0
0
0
0
0
0
0
0
0
0
0
0
0
0
0
0
0
0
0
0
0
0
0
0
0
0
0
0
0
0
0
0
0
0
0
0
0
0
0
0
0
0
0
0
0
0
0
0
0
0
0
0
0
0
0
0
0
0
0
0
0
0
0
0
0
0
0
0
0
0
0
0
0
0
0
0
0
0
0
0
0
0
0
0
0
0
0
0
0
0
0
0
0
0
0
0
0
0
0
0
0
0
0
0
0
0
0
0
0
0
0
0
0
0
0
0
0
0
0
0
0
0
0
0
0
0
0
0
0
0
0
0
0
0
0
0
0
0
0
0
0
0
0
0
0
0
0
0
0
0
0
0
0
0
0
0
0
0
0
0
0
0
0
0
0
0
0
0
0
0
0
0
0
0
0
0
0
0
0
0
0
0
0
0
0
0
0
0
0
0
0
0
0
0
0
0
0
0
0
0
0
0
0
0
0
0
0
0
0
0
0
0
0
0
0
0
0
0
0
0
0
0
0
0
0
0
0
0
0
0
0
0
0
0
0
0
0
0
0
0
0
0
0
0
0
0
0
0
0
0
0
0
0
0
0
0
0
0
0
0
0
0
0
0
0
0
0
0
0
0
0
0
0
0
0
0
0
0
0
0
0
0
0
0
0
0
0
0
0
0
0
0
0
0
0
0
0
0
0
0
0
0.0199911
1.72951e+06
0.00131799
143244
0.000252956
0.0793996
5.60895e-05
0.00162789
1.51848e-06
4.59741e-05
0.000555018
3.09266e-05
3.10247e-08
8.87187e-07
1.11454e-05
6.58969e-07
1.51853e-05
9.48104e-05
5.09317e-10
1.48138e-08
2.09708e-07
1.14087e-08
2.84621e-07
3.13268e-06
0
1.30967e-10
3.15777e-09
1.16415e-10
4.29281e-09
5.32309e-08
0
0
0
0
0
7.42148e-10
0
0
0
0
0
0
0
0
0
0
0
0
0
0
4.36557e-11
0
3.7835e-10
5.51518e-09
1.17871e-09
3.37459e-08
3.90835e-07
9.20554e-08
2.57198e-06
3.37926e-05
5.89933e-06
6.08796e-05
0.0058725
0.000216979
0.30887
210279
0
0
0
0
0
0
0
0
0
0
2.32831e-10
4.1473e-09
6.40284e-10
1.67784e-08
2.36672e-07
3.74275e-08
8.74905e-07
1.15033e-05
1.74463e-06
3.69844e-05
0.000286465
6.8485e-05
0.0203707
1005.14
0
0
0
0
0
0
0
0
0
0
0
8.14907e-10
7.27596e-11
3.21597e-09
5.45842e-08
7.07223e-09
1.929e-07
3.85355e-06
4.05897e-07
1.00583e-05
0.000121213
1.8725e-05
0.000162471
0.903793
0
0
0
0
0
0
0
0
0
0
0
1.45519e-11
0
2.61934e-10
4.11819e-09
5.52973e-10
1.69384e-08
2.32889e-07
3.17232e-08
9.34917e-07
1.07258e-05
1.48114e-06
4.25553e-05
0.0164623
0
0
0
0
0
0
0
0
0
0
0
0
0
0
8.73115e-11
0
5.23869e-10
8.55653e-09
9.02219e-10
2.85218e-08
4.25236e-07
4.28408e-08
1.27581e-06
1.71566e-05
0
0
0
0
0
0
0
0
0
0
0
0
0
0
0
0
0
1.30967e-10
0
5.67525e-10
9.64792e-09
8.44011e-10
2.63681e-08
3.94124e-07
0
0
0
0
0
0
0
0
0
0
0
0
0
0
0
0
0
0
0
0
1.16415e-10
0
4.07454e-10
7.07223e-09
0
0
0
0
0
0
0
0
0
0
0
0
0
0
0
0
0
0
0
0
0
0
0
8.73115e-11
0
0
0
0
0
0
0
0
0
0
0
0
0
0
0
0
0
0
0
0
0
0
0
0
0
0
0
0
0
0
0
0
0
0
0
0
0
0
0
0
0
0
0
0
0
0
0
0
0
0
0
0
0
0
5.38421e-10
2.93949e-08
1.40381e-06
0
0
0
0
0
0
6.54836e-10
5.14701e-08
3.39551e-06
0.000775333
0
0
0
0
0
1.45519e-10
1.38243e-08
1.13626e-06
8.29611e-05
634.179
0
0
0
0
0
3.0268e-09
1.78028e-07
9.78138e-06
0
0
0
0
2.18279e-10
1.69384e-08
1.11465e-06
8.3345e-05
0
0
0
0
0
0
0
0
3.63798e-10
2.53203e-08
1.28988e-06
5.37346e-05
0
0
0
0
0
1.01863e-10
8.25094e-09
4.53758e-07
2.02199e-05
0.0231317
0
0
0
0
0
1.74623e-09
1.13112e-07
7.61436e-06
0
0
0
0
2.32831e-10
1.78406e-08
1.00209e-06
4.31064e-05
0
0
0
0
0
0
0
0
2.91038e-11
5.18048e-09
3.26705e-07
1.67531e-05
0
0
0
0
0
0
1.68802e-09
1.0716e-07
6.10533e-06
0.00260229
0
0
0
0
0
3.0559e-10
1.91649e-08
1.13869e-06
0
0
0
0
0
3.30328e-09
2.04571e-07
1.02274e-05
0
0
0
0
0
0
0
0
0
3.34694e-10
2.39961e-08
1.25561e-06
0
0
0
0
0
0
1.01863e-10
8.64384e-09
4.86689e-07
2.18681e-05
0
0
0
0
0
0
1.67347e-09
1.00641e-07
0
0
0
0
0
1.74623e-10
1.17143e-08
5.69475e-07
0
0
0
0
0
0
0
0
0
0
6.98492e-10
3.70055e-08
0
0
0
0
0
0
0
2.61934e-10
1.66765e-08
8.01083e-07
0
0
0
0
0
0
1.45519e-11
3.75439e-09
0
0
0
0
0
0
4.65661e-10
2.42289e-08
0
0
0
0
0
0
1.23691e-09
6.05505e-08
0
0
0
0
0
0
0
0
0
6.98492e-10
0
0
0
0
0
0
0
0
2.76486e-10
1.75351e-08
0
0
0
0
0
0
0
2.91038e-11
0
0
0
0
0
0
0
6.25732e-10
0
0
0
0
0
0
0
1.64437e-09
0
0
0
0
0
0
0
0
0
0
0
0
0
0
0
0
0
0
0
2.18279e-10
0
0
0
0
0
0
0
0
0
0
0
0
0
0
0
0
0
0
0
0
0
0
0
0
0
0
0
0
0
0
0
0
0
0
0
0
0
0
0
0
0
0
0
0
0
0
0
0
0
0
0
0
0
0
0
0
0
0
0
0
0
0
0
0
0
0
0
0
0
0
0
0
0
0
0
0
0
0
0
0
0
0
0
0
0
0
0
0
0
0
0
0
0
0
0
0
0
0
0
0
0
0
0
0
0
0
0
0
0
0
0
0
0
0
0
0
0
0
0
0
0
0
0
0
0
0
0
0
0
0
0
0
0
0
0
0
0
0
0
0
0
0
0
0
0
0
0
0
0
0
0
0
0
0
0
0
0.000893714
7484.78
0.00248229
6.78887
0.000263974
0.861805
0.000868938
0.851767
7.39641e-05
0.0482366
0.00024232
0.0763602
5.10221e-06
0.00038705
2.48106e-05
0.002419
2.12822e-07
9.92211e-06
1.06743e-06
4.6443e-05
2.64513e-06
0.000118997
4.70027e-09
2.23721e-07
2.98314e-08
1.09756e-06
7.3167e-08
2.62384e-06
2.91038e-11
3.75439e-09
5.82077e-10
2.38215e-08
1.58616e-09
5.732e-08
0
0
0
3.7835e-10
0
1.03319e-09
0
0
0
0
0
0
0
0
0
0
0
0
0.0303953
0.000349574
4.75088e-06
7.05768e-08
1.01863e-09
0.000133522
0.932768
1.68022
8.42904e-06
9.27742e-05
2.46215
3.21731e-05
0.0157201
50.3026
7.5339e-05
0.00213033
1.40426e-07
3.40467e-06
2.85049e-05
6.70989e-07
1.06254e-05
0.000207391
1.51429e-06
2.09612e-05
2.02272e-09
4.62751e-08
4.25513e-07
1.23255e-08
2.23503e-07
2.69743e-06
2.86964e-08
4.65981e-07
0
5.96629e-10
7.02858e-09
1.30967e-10
3.68163e-09
3.65253e-08
4.36557e-10
8.11997e-09
0
0
2.91038e-11
0
0
4.80213e-10
0
8.73115e-11
6.62546e-05
0.00605632
5.63741e-08
2.67287e-06
0.00149455
14313.3
3.40951e-08
1.56682e-06
8.30174e-05
4.60064
8.41101e-09
3.522e-07
1.35233e-05
0.203839
6.98492e-10
3.74566e-08
2.02154e-06
0.000130887
0
1.46974e-09
7.70087e-08
4.18864e-06
1.45558e+06
182.645
10.7966
0.530152
0.000294919
0.00377462
638709
5707.53
1.41187e+06
1.29687e+06
1.48209e+06
990226
25220.2
974157
83.0418
512700
650517
1.13079e+06
2267.8
334.322
1258.81
1.26325
0.119325
1199.44
0.13939
0.155592
1400.07
534.432
0.419253
1.05098
0.501817
15.2993
1113.64
0.146984
1.37599e+06
1.39667e+06
1.37241e+06
470425
14324.1
3561.86
48.9608
906034
145636
493844
302.4
4.04056
35.8644
0.444933
643.426
0.102948
0.0753577
0.0870816
665.391
0.138761
1382.75
0.373124
646.791
12.0485
0.129228
1307.68
0.810585
24.8967
1122.96
1.10409
0.136592
0.143274
1320.1
1.10024
32.8258
208266
0.137554
4435.79
374875
15846.4
135.132
0.600065
0.930698
0.046609
357.28
986.311
390.872
0.0472399
0.0884464
159107
493926
99865.9
135.44
35.8019
0.598654
0.143306
401808
2050.06
1.1826e+06
8904.5
21.7698
1.63557e+06
580488
358524
28.3368
195671
1.70203
26718.4
8707.61
0.24338
0.744652
0.0496265
300.284
400.189
0.151722
0.953207
0.0464063
311.635
0.0500824
61.0559
0.0337405
287.62
0.0877185
0.0538554
1.39633e+06
1.29156e+06
1.39774e+06
1.60111e+06
1.52098e+06
1.60536e+06
1.51812e+06
3460.9
13.4131
1.55773e+06
11.4544
3127.36
1.56343e+06
398971
1.30983e+06
1.40147e+06
1.4165e+06
1.52353e+06
1.60837e+06
1.61305e+06
1.53252e+06
1.10835e+06
854444
833226
614853
382234
352060
573067
1.49305e+06
1.33992e+06
1.44677e+06
1.62636e+06
1.60852e+06
1.6397e+06
1.5626e+06
1.44411e+06
1.30607e+06
1.41184e+06
1.604e+06
1.56485e+06
1.61225e+06
1.53173e+06
115850
1769.52
16.0339
13.258
0.155541
0.0626915
0.0197209
1.47716e+06
1.56549e+06
1.56361e+06
1.56363e+06
1.16217e+06
1.57694e+06
1.1415e+06
1.12352e+06
855887
839954
362833
622408
598827
384999
745380
648355
727845
276280
217155
296864
197776
26578.5
1.58076
0.328148
1.40821
0.319402
63187.3
8880.27
1853.36
1.53597e+06
309474
1.08223e+06
25235.1
86.4296
0.311019
1.47032e+06
1.56751e+06
1.57502e+06
1.15479e+06
1.57501e+06
1.56002e+06
1.11841e+06
668872
746520
728487
216793
295705
270775
195572
8.01601
0.0531588
0.0550309
389.81
0.0225809
0.0333889
19.1566
0.177607
382.608
6.6946
0.024144
8.9319
0.0324065
19.2515
27167.3
0.0504248
3942.65
734.373
8.65116
0.0854046
0.013564
1.08817e+06
726661
799587
304298
412511
529368
213015
1.46012e+06
1.58517e+06
1.56909e+06
1.53697e+06
981060
1.4895e+06
1.08417e+06
0.207903
39724.1
5858.89
260.246
1925.63
0.0562142
0.025785
1.61656e+06
1.45134e+06
1.59299e+06
1.53069e+06
910148
1.04078e+06
1.46994e+06
699010
1.06128e+06
785111
282964
345590
482020
183635
1.49422e+06
1.46992e+06
1.5589e+06
1.60289e+06
1.60587e+06
1.54894e+06
1.61129e+06
1.06514e+06
2209.7
1.61854
180267
7.04865
0.0157174
488.104
611783
602564
686353
224317
95957.4
149229
154384
823704
32936.1
58.3343
0.0174538
5.34659
383092
801.105
1.55365e+06
1.54011e+06
1.62226e+06
1.64902e+06
1.62656e+06
1.5522e+06
1.64334e+06
597888
601188
682888
212580
86638.4
148913
132489
4279.6
0.0282363
11.6933
0.10794
0.114292
12.5971
0.0297453
401315
546253
373871
124338
109674
37760.8
31282.1
0.872629
0.00331075
0.0139302
2.39763
0.0654889
0.0096886
4.74277
938.83
0.121826
0.0332243
0.118802
0.0329721
3764.17
14.1356
1.44097e+06
1268.61
2.9729
112111
181.767
0.832498
0.00720388
1.60335e+06
1.6005e+06
1.25818e+06
817327
1.39837e+06
1.23858e+06
582056
548699
570436
402651
124385
108882
31049.5
37819.9
55919.3
3156.96
19840.9
0.00651142
0.0645759
15.3822
0.0885885
1267.05
0.371538
0.0188876
0.00682267
0.0793871
8.05254
0.0268289
131.283
0.368948
0.0316685
1.74011
157996
0.0451543
608.019
0.516728
159909
52203.9
0.0461899
0.0457785
637.843
203.408
1.55973e+06
1.60879e+06
1.61704e+06
1.39771e+06
1.31017e+06
1.10818e+06
1.532e+06
0.0126283
0.00385199
0.649148
82.2243
7.71888
0.0362784
0.0103795
1.46163e+06
1.57361e+06
955951
748651
711336
1.48424e+06
1.55687e+06
14.7052
0.00965675
0.0646667
716044
5774.32
19.5252
0.0860839
0.0265338
2388.21
8.45728
0.291698
97.4861
0.0271225
0.00610133
1.57542e+06
743707
1.4839e+06
1.45837e+06
943219
689617
1.56231e+06
607658
721333
433353
262736
114962
40265.4
118305
400852
326925
235545
40443.9
73572.7
22525.7
11777.6
312143
218186
403715
41029.3
78805.7
20100
9929
1.32965e+06
1.60726e+06
1.63043e+06
712243
1.35562e+06
1.16453e+06
452397
0.365556
0.0062654
0.0266142
0.38131
0.00643338
45.2248
0.0276368
7677.89
0.540848
0.0227871
24.1627
0.0712602
0.0169609
1.21327
1.41132e+06
1.47016e+06
862904
467371
618547
1.3183e+06
1.52713e+06
65.3328
0.00441378
0.525191
70.692
0.513843
0.0327768
0.00614822
1.40134e+06
1.46884e+06
404914
828333
573451
1.29084e+06
1.53455e+06
393678
309055
493049
36858.5
76022.1
19343.4
9068.41
1.66865e+06
1.68716e+06
1.63693e+06
1.36723e+06
1.27868e+06
1.0277e+06
1.54082e+06
559079
604412
828494
190503
86464.4
24390.3
68040.7
272454
460737
373331
31962
56041.3
14920.4
8519.68
1.46327e+06
1.57457e+06
1.48593e+06
752044
958543
714677
993441
1.46026e+06
1.57641e+06
1.48566e+06
747184
945990
692934
993040
0.00805983
0.27539
0.00383428
0.00240127
0.0677311
37.6428
0.0181238
52.5143
0.00234036
0.376059
0.0861469
0.0586787
0.0095266
0.00282828
2.79216
0.212895
7238.79
0.0216169
0.015554
28.2615
1.0776
3156.94
0.221464
0.04645
0.451312
7.62076
0.0251087
0.0102349
0.359033
0.0224687
17.802
0.0104686
0.00475591
0.0673715
0.0026016
1.40356e+06
1.4706e+06
1.29322e+06
831099
576444
407462
641396
0.380879
116.204
28.0294
0.00914165
0.00557838
0.0281137
0.030572
0.0310499
20204.3
297.568
0.0233927
0.0107978
80.4278
1.07017
1.09066e+06
451711
300486
23255.3
275614
1.11885e+06
425831
1.74292e+06
1.69196e+06
1.55844e+06
1.54414e+06
1.34372e+06
678569
982584
45.8076
0.128092
0.0303603
0.0458535
0.00655616
179.115
0.48022
441601
293324
1.11256e+06
1.06781e+06
19867.4
253486
395761
1.53888e+06
1.06234e+06
751160
981576
93322.8
608009
308362
1.34966e+06
283794
1.15776e+06
908780
238166
119394
1.13171e+06
1.32606e+06
220700
1.10373e+06
819476
182581
77836.4
1.07969e+06
104802
101457
247726
12548.7
3209.82
3431.9
777.918
1.45872e+06
1.30038e+06
1.09225e+06
910168
659691
208203
380202
0.0163702
2.37565
0.00961601
0.035115
61.7765
0.017926
9.91933
0.0211553
64.0753
19.8748
0.018148
0.0106539
9.98188
2.73632
218307
57606.2
183369
9278.51
6069.21
31508.5
1692.64
1.87618
0.0285478
0.00540933
0.405823
0.0073843
0.000719959
0.0381663
1066.11
0.0402208
0.0900163
0.136951
0.00532716
0.115377
0.00747093
681.602
0.137308
0.096183
0.0592826
0.0435209
0.00605932
0.00562896
0.00374
205.427
0.0758094
0.14339
660.498
0.0585696
0.00638211
805.687
0.0273812
0.0597195
246.302
0.00648805
0.00391402
0.0813954
37.8219
1200.32
1196.02
1312.49
46.5903
41.7664
42.2619
1.01653e+06
251410
131948
16172.7
215332
884403
357984
26511.7
79024.8
2070.39
923.377
70422.4
804.736
30520
1.09361e+06
455023
1.1219e+06
303363
23611.9
278194
26947.2
2702.29
0.0179415
6.07345
0.00114471
0.00572945
0.372868
0.0535919
0.11349
0.00405538
0.00704726
52.6545
409.443
0.0283027
0.0315277
971188
94651
189833
12090.9
179204
306601
810725
76186.1
902.918
29809.5
24463.4
1814.3
62353.9
742.215
1235.25
1390.09
1386.4
49.4225
42.6887
43.8277
49.3104
939793
1.30767e+06
1.51292e+06
865694
44100.9
466426
194585
1.07101e+06
444974
1.11573e+06
296085
20199.1
25642.2
256050
271594
130202
37006.9
15274.9
4620.43
3870.75
1060.93
1.32818e+06
822545
1.10646e+06
222511
183978
78686.2
404035
505.929
24.4774
570.248
18.5335
386.941
16.1925
12.0904
600.208
29.2784
950.711
651.619
32.202
21.2953
19.5078
15342.6
18348.4
219.175
1103.3
39113.2
466.319
7374.38
17983.1
26731.8
1423.48
284.97
50013.1
548.68
9407.3
16247
10637.7
589.672
289.208
513.166
18716.1
9168.75
80.8011
0.0240181
0.00558487
0.0194851
0.166101
0.00410538
0.000512458
10565.8
581.79
18438.2
15407.9
280.941
487.102
8929.61
1207.8
1316.96
1322.86
47.2349
42.8319
43.0881
46.704
1427.99
1386.42
1401.5
50.4318
50.3854
51.3918
49.501
566249
402170
72641.9
5996.58
30196.3
232051
801071
89001.5
15922.3
31741.9
5442.98
483.46
948.71
2865.42
1388.18
1253.96
1231.98
49.3243
49.2663
42.6091
43.7018
1191.43
1193.54
1086.02
46.4572
37.6311
41.579
42.1366
1173.42
1259.69
1173.58
42.2231
45.0132
42.2301
40.3797
1315.35
1205.37
1198.23
47.1539
46.663
42.8005
43.0186
139289
159855
19492.3
5032.82
598.419
6107.44
486.662
668.108
949.287
635.136
31.8834
33.3817
21.8185
20.5913
19396.2
139254
15918.4
595.433
6079.17
5052.35
489.593
144627
90240.3
319399
5140.63
2568.56
773.28
14983.7
71055.1
79839.7
30603.6
2090.77
2384.46
926.252
806.962
24612.5
77065.2
29938.7
1840.59
2296.86
907.084
746.93
974426
191992
814141
12285
181222
95832.5
5793.15
1.59989e+06
1.26289e+06
993646
813142
533696
129335
284133
4.91109
0.00199298
0.000247281
0.00688099
0.0986836
0.0103451
0.00239918
32.2118
745.666
24.9938
1068.46
879.992
37.2398
30.0893
5869.62
1337.55
7955.33
172.314
1006.5
233.253
37.8786
0.0153816
0.00443958
0.000388427
0.00061619
0.0290294
0.0057858
3.84642
1.55638
0.000447701
0.017711
0.000636689
0.0298187
0.00595518
3.87962
890.821
1304.94
1108.17
37.8024
45.6253
37.754
29.6948
941.874
30.7
883.902
1038.94
1089.25
38.8276
36.8762
11023.5
3255.24
175.69
193.015
346.191
5815.25
6272.42
16237
10595.3
18701.1
589.271
288.693
512.962
335.378
9935.09
144.564
2837.17
179.983
310.813
5885.68
4853.69
1109.98
966.936
949.925
39.5035
39.1749
32.8867
33.6617
133467
57000.5
681519
423922
1081.36
17378.3
47096.5
742.3
30.0047
877.234
1064.82
937.563
32.0608
37.1289
948.037
33.6334
966.169
1107.85
1112.78
39.4737
39.1078
47051.2
9747.07
97164.9
3125
129.301
295.876
1376.33
10153.1
4950.24
51923.8
3247.7
145.594
1529.83
309.326
35553.8
84512.4
580489
320103
564.518
9957.25
24874.9
460673
47386
3358.88
313867
153754
18047.4
713357
58637.6
15921.6
99393
3267.82
266.14
484.606
1781.79
15410.6
10511.4
18430.3
581.562
279.39
332.675
487.21
1.52495e+06
254332
1.05928e+06
113576
767563
187180
8357.33
0.830589
0.0503913
0.000846297
0.00446663
9.04037e-05
0.000509744
0.0245524
261733
136320
392627
34704.7
14638.4
3034.63
7338.33
713.044
22.4171
663.724
440.178
474.154
15.4939
14.2911
714.419
24.8695
733.429
472.827
487.508
15.9162
15.3442
544.29
416.934
644.127
27.3467
20.8316
17.3584
12.969
0.00387741
11243.3
0.591187
0.00613059
0.00103254
26.7433
0.0162807
31665
0.331824
0.0137504
0.706963
0.00611979
0.0220542
0.0015938
0.0350182
0.00760351
0.984669
0.0297392
0.00412337
0.00144972
0.000305882
0.0208738
1.15962
97.5731
0.000943108
0.000274579
0.0544693
0.00720127
0.00503081
0.000201328
0.00146743
0.0865404
18.7467
0.00892264
0.00238941
21.5404
0.022894
0.0503527
0.00106791
0.007086
0.000272884
0.00372696
0.0165205
0.000243207
0.000854747
73.8936
0.0434181
0.637429
0.00679066
473.39
487.527
15.8539
733.817
715.687
24.1206
24.8825
416.477
543.488
824.594
27.3048
12.9589
20.8128
17.3524
633.565
981.75
946.233
31.8359
21.809
20.6061
33.2938
594.602
943.884
861.65
29.0981
21.2151
19.3976
32.0399
384.44
18.4591
566.959
501.697
731.134
24.3389
16.1038
85664.4
322508
583625
36034.4
572.507
10082.6
2081.02
15475.2
18651
7451.9
1120.94
470.488
518.4
221.716
9954.33
2831.42
4876.31
179.188
311.489
145.358
82.9405
356379
75073.8
572766
14389.2
223173
31932.3
1691.18
463273
315777
155168
47870.2
18252.7
3397.93
8991.88
0.000992906
1.27579
0.177746
21.4741
0.0068422
0.125362
0.00175873
0.174949
0.014535
0.00339335
31.4179
0.0148808
0.195954
0.00363252
532.43
21.5086
646.508
421.87
340.738
13.5053
10.6739
0.00300387
7.79714
0.132045
0.00610844
0.00106079
0.976431
0.0486374
0.0039716
3.7343
0.982266
0.00148647
0.000674055
0.0609251
0.0250196
35.1452
0.00544743
0.0148437
0.00248272
0.000465689
0.182356
0.0354718
73.1028
0.332409
0.00400988
0.00395975
0.288812
0.0236672
65.8683
0.208586
0.00496078
0.00142944
0.381522
0.03036
20067.1
27.8186
0.0212126
6231.42
9.64699
0.00320738
0.0598272
0.00089433
0.00727207
934082
30774.1
413734
6260.88
131155
14745.8
673.558
1.22773
0.00354182
0.0117747
0.0194068
0.117532
0.00157225
0.000263334
0.0038248
0.000644593
0.0354621
0.00289998
0.00010809
0.0199568
0.000449568
0.0068972
0.769402
0.00476821
0.00174159
0.0626901
0.00080645
0.0310259
6805.68
76.2359
2707.04
706.463
49.0191
20.1221
1892.78
17.402
341.758
10.6609
13.4775
422.771
648.292
21.5617
11073.1
112.303
3921.43
1170
92.6677
3574.19
33.1117
1223.06
67.0758
2312.99
679.738
10.4871
19.931
361.09
4549.96
113.818
3856.49
33.2094
1135.63
940.863
27.6007
1231.51
73.7
2534.5
606.492
8.53542
17.7263
298.868
68936.3
1315.24
143689
4005.23
59941.2
1524.44
161381
67225.4
3930.39
1171.81
133265
1481.44
54047.9
159524
3331.13
5226.9
22052
95.5263
650.611
151.06
20.9338
753193
77277.9
505646
21901.8
4172.73
1550.78
57351.4
638163
11578.5
375005
40164.2
2267.96
769.69
112954
1.2197e+06
183761
933456
103718
12885.3
4466.08
248004
66344.5
131868
53349.1
1156.43
3881.52
1460.95
3088.18
142263
68049
59159
1297.34
3956.72
1503.49
3417.98
4394.12
900.828
1060.52
111.807
129.964
30.9749
26.3929
160.387
8.06791
265.595
12.5752
398.361
249.328
7.56988
15176.1
83348.5
32558.5
694.298
825.945
320.588
1832.71
0.00144218
44.2254
0.0618033
0.0015182
0.000159516
0.160032
0.00677182
0.00620501
0.0262009
0.000829807
0.00986978
3.73121
0.00158187
0.0613784
0.000480451
0.00280357
0.648336
7.81847e-05
0.000208235
0.00160893
0.00608249
24665.1
11389.1
1532.97
4540.12
735.583
307.214
45.4628
0.17269
0.0109303
39.0226
0.00390148
0.00124303
1.71726
0.0344152
179317
2225.21
781.265
261.623
4320.7
39257.3
11497
4540.72
112.084
3802.68
933.068
33.2674
27.3854
1136.86
176.134
385.164
189.746
11.9943
5.13597
11.0589
5.55737
368.397
190.769
177.507
12.1627
5.1597
11.3715
5.58311
108365
126.795
387.508
989.208
19645.2
2277.06
5698.93
49.5492
963.385
1698.99
455.075
7.49215
13.3479
259.368
12.6223
250.254
7.57347
266.937
161.075
8.09733
4.71549
455.642
172.219
287.461
8.65099
14.2723
8.65537
4.99535
18726.8
480.548
5358.86
51.1068
548.236
153.051
13.7429
702.589
84274.5
32957.9
15354.4
834.315
324.247
39521.7
368.077
190.53
177.654
12.1514
11.3795
5.1687
5.58223
354.015
188.634
174.568
11.9332
10.9737
5.09419
5.52938
345.193
1418.01
15343.2
40.8218
448.013
111.053
9.83664
106530
853.968
42787.3
5040.36
255.844
99.064
12596.3
3498.73
830.224
1031.71
102.378
126.473
30.156
24.3108
3845.93
4523.22
1127.97
113.626
134.752
32.9788
27.5384
4501.25
921.145
1124.31
111.017
134.003
32.8669
27.0193
635843
39842.5
373087
11472.4
2248.66
763.322
32633.7
101086
20903.8
40566.3
876.987
1123.88
448.34
2274.22
33146.5
3910.93
799.769
862.451
222.403
96.6527
22.4844
13117.9
438.681
805.515
223.958
413.197
25.2088
13.5836
253.1
130.583
273.949
8.48015
3.50079
7.78004
3.84324
134.024
271.104
281.292
8.70208
3.74056
8.33854
3.94017
238.641
82.9905
188.399
3.1754
7.22969
5.59447
2.37655
4277.81
220.027
431.623
63.0296
125.446
12.5924
6.33698
1102.74
70.1289
2413.3
583.304
7.72569
17.0753
270.9
103.143
311.624
146.147
6.87887
9.45205
4.1976
2.91947
0.0196224
8.0222e-05
0.00146931
0.212216
0.00476313
0.00236415
0.00016815
0.00139953
25.0388
0.0786367
0.00078604
0.0315839
0.000111779
0.00340432
145.994
225.983
105.424
4.21844
9.15455
6.73307
3.00961
145.936
103.08
232.829
4.1906
9.44778
6.87995
2.91787
224.408
297.663
104.606
144.652
9.08412
4.18398
2.99198
964.589
459.301
1712.54
50.0116
7.51612
13.451
28.4418
6915.31
716.976
2742.97
49.8836
185.874
77.3611
20.4465
461.292
64624.9
23530.4
2639.12
143.768
50.5555
7416.33
22548.7
7215.46
2893.54
464.835
146.462
57.3394
1151.54
98045.1
1257.26
6395.35
145.552
2126.21
407.623
28.2456
2565.12
596.742
298.712
74.3709
36.7759
17.4229
8.53812
109612
1002.41
19891.9
128.539
2306.11
392.209
22.0677
1094.02
575.959
268.122
69.4793
31.8695
16.8125
7.62896
12585.3
1343.96
284.699
331.415
89.3618
33.8184
8.04533
8437.97
6427.72
2613.93
434.15
177.049
53.089
132.764
0.000360964
0.00464152
0.67285
0.7233
0.00481968
0.00727727
0.000344409
0.00487924
0.000423215
0.00706072
1.17162
0.00503599
0.00730495
0.000431495
0.000286942
0.25093
0.0086316
0.000245272
0.000110079
0.00589658
0.00171897
1872.03
90.8237
168.914
29.754
55.195
4.94606
2.66051
2667.23
65241.1
23785.4
466.249
145.19
51.1097
1281.65
0.00606905
0.00043792
0.0043721
1.59112
0.00588062
0.000426271
0.00422208
0.000360688
0.932793
0.00410016
0.00403113
0.906465
0.00589581
0.000351806
5691.15
4290.53
1598.57
300.756
115.582
32.1084
85.5203
0.00174241
0.00473697
0.000210396
0.000213002
0.00586815
0.00123923
8.45138e-05
379.028
2.53627
90.2813
2.75604
97.6355
22.067
0.646152
273.788
156.606
21.543
1.37425
841.817
7.61524
47.742
9910.59
568.593
186.341
15.311
8643.35
214.2
648.226
461.768
3.74436
133.474
3.11731
110.384
30.0229
0.871634
5755.99
303.724
4333.55
32.4793
1617.39
116.881
14456.2
7000.73
9660.46
133496
2835.98
10.5542
191.703
151.682
2751.42
1248.12
65945.5
4284.71
3.90062
183.216
81.6372
19110.8
20882.7
343104
10873.8
18.7459
433.645
440.307
9759.19
560.201
8517.86
183.564
15.0627
210.895
13.211
476.354
30.0785
110.692
3.82746
13.7162
3.09008
0.854539
0.0253752
0.000588329
0.000108427
0.447274
0.00215191
0.00331261
0.000181083
0.00104204
0.00133542
0.000168099
0.771404
0.00274319
0.00358927
0.000252549
0.847179
2.2499
78.4534
53.9925
132.214
3.84516
1.55672
168.14
75.1636
21.4333
16.1869
4.68329
2.10338
0.459461
643.837
13.7263
31.819
8.39008
19.6058
1.01175
0.434414
1079.81
65.8426
54.1953
40.5582
33.2616
1.75574
2.13733
95.6137
292.458
4595.88
2089.31
3.02286
42.5499
133.293
0.487841
0.00361295
0.000194996
0.00110246
0.023388
0.000592358
0.000110888
0.00372657
0.000158891
0.00134635
0.000246017
0.0456682
0.00100559
0.00277466
161.828
14.1485
0.868832
2.32294
4.52958
27.7942
83.1145
149.021
10.2913
65.6581
0.637117
22.0722
4.12859
402.881
32.6804
2.40737
83.8992
150.192
64.8705
4.37261
1.85933
29.2447
152.144
82.2656
4.373
0.845079
2.32255
1.73107
9518.97
14.6299
161.294
486.091
205.477
617.954
7551.84
185.43
102.409
1140.93
32.2182
0.469762
5.1562
2.92538
321.441
113.366
5684.2
623.608
0.780995
12.4159
36.3877
83.5078
4.35136
149.37
64.4811
32.5233
1.84958
0.949144
2724.58
4250.98
65343.2
1235.87
3.88209
80.9753
57.7534
2060.21
287.884
4530.86
94.2576
2.97426
6.67911
41.9731
9377.63
478.266
7441.57
158.905
14.391
202.376
11.2655
3072.76
388.027
5903.31
125.083
4.68177
63.5496
9.10359
29.2176
152.065
61.0299
4.37054
2.32119
1.73003
0.844092
17.6299
71.0688
19.3427
1.80407
1.96736
0.571622
0.518845
13.7971
35.7848
8.98599
1.43982
0.981801
0.40082
0.264881
1319.38
65.8673
53.1169
40.5957
32.8004
1.7153
2.12873
323.823
16.0252
34.1515
9.62654
20.7904
1.08737
0.50714
798.25
43.7307
21.7384
17.9754
35.8055
1.02552
1.24781
689.44
44.0629
21.9407
37.2646
18.7854
1.0661
1.25786
470.034
6.56944
12.3363
24.6783
12.7276
0.700846
0.353303
587.013
158.816
79.5568
34.0159
17.226
4.75679
1.03072
12060.1
709.194
986.813
369.623
267.989
8.60104
23.2525
0.000116167
0.00074336
0.00398946
0.00129263
0.000161593
0.235481
0.00600487
0.00221325
0.000598853
0.000194755
0.0223214
0.000614008
0.00228243
0.000198577
0.0290141
0.000221038
0.000698581
0.0294714
0.000739986
0.00208972
0.000220385
148.503
0.488752
17.6839
5.06447
4.11438
182.216
14.3248
17.6203
5.0433
181.381
149.257
0.490732
4.13303
14.4312
93.8041
4.13783
1.20656
0.302029
2.58054
43.8833
8.98597
95.8497
1.49047
0.444598
7.73066
14.2508
2.70467
52.4194
70.6958
17.1176
64.4037
1.79926
0.589509
0.531139
1.97806
70.622
17.4964
64.7382
1.8143
0.591869
0.542929
1.97733
101.151
721.641
63.5846
20.4102
0.267099
2.80208
1.82838
2120.33
122.062
1.80004
264.962
89.4709
41.3643
6273.1
52.9795
136.917
2757.87
285.891
0.315804
5.54537
14.5353
6.26883
733.625
307.17
61.4449
3.18636
1.26883
152.476
377.398
22.012
89.6574
2.75895
10.8212
2.52583
0.657261
64.2355
17.0499
19.1379
1.79243
1.97394
0.585015
0.528074
45.1939
617.674
258.472
16.1735
7.31592
3.00691
1.3153
1526.73
120.504
619.928
12.6799
6.14018
2.42153
31.2843
424.787
5.45835
10.2765
11.4601
22.3316
0.646546
0.310563
4342.57
496.656
186.84
230.172
86.2427
3.86095
10.4311
6935
444.374
575.837
194.908
150.288
4.47959
13.4316
42.4927
47.0061
12.668
1.23184
1.36024
0.427603
0.386166
0.0263563
0.00134136
0.0137797
0.0280581
0.00137257
0.0145275
0.00111094
0.00038658
0.000221695
0.00494897
0.000531137
0.000108589
0.00136593
0.000135344
0.000242922
0.00606601
0.000635028
0.00179906
0.0155018
0.000138705
0.000396293
0.000335649
1.24026
0.00479521
0.0012614
0.00027088
0.0485756
0.00234587
3.19789
0.00416064
0.00246345
0.00550771
0.000567574
0.00311651
0.000480836
0.0130772
0.000909782
0.000442724
0.000163763
0.00197303
0.00101375
0.000138721
0.00331821
0.000166714
0.00172495
0.000102664
0.000194697
0.000285569
0.00525133
3.01419
34.3885
10.8475
0.320289
0.950293
0.320073
0.111534
12.0845
0.361794
1.02925
36.5441
12.784
0.378725
0.136292
149.072
17.5325
180.163
5.10182
0.490779
0.58754
4.20496
0.00463208
0.000160633
8.45793e-05
0.00156275
0.000205716
0.292332
0.00670761
0.000436533
0.000495964
0.00492076
0.00136353
0.000105915
0.00022111
0.000132647
33.0128
12.8718
8.00043
1.40573
0.93825
0.410765
0.273491
90.0455
1.09285
3.66742
0.297441
2.48561
8.56983
39.3565
726.268
1.09483
12.7639
4.107
204.585
14.7192
46.4852
33.0546
12.9215
50.4444
1.40974
0.273858
0.41207
0.939411
35.4595
13.6795
51.9541
1.46344
0.305241
0.439812
1.01374
436.715
22.8012
81.9803
0.608174
8.66989
30.7739
1139.7
126.122
14.6491
157.724
4.45331
0.399275
0.493204
3.54829
15.0128
136.305
161.846
4.56889
0.429346
3.83601
0.505898
146.332
17.4887
179.877
5.09357
0.479746
4.12501
0.585991
222.734
12.2725
43.269
0.287373
4.27103
14.9286
628.374
371.306
23.3052
194.926
63.2369
0.528223
4.28962
7.48838
288.961
138.607
2790.29
53.6901
0.326962
5.62011
2.98336
963.152
7.34793
367.79
66.6358
3.67879
1.34347
180.951
48.1668
11.9914
12.9422
1.30603
1.39149
0.436773
0.406506
26.957
9.67935
6.60644
1.06654
0.770366
0.316299
0.224464
14.5713
163.139
85.9447
2.45592
4.64767
0.879885
0.477108
1186.81
24.2882
359.018
1.85032
24.428
7.3745
0.571462
716.743
12.5831
202.047
1.07884
14.5312
4.05425
0.307004
953.281
65.8805
363.737
7.26463
3.63924
1.32739
19.3221
96.8376
7.77425
14.4016
1.50815
2.73949
0.467515
0.260984
151.257
66.7208
22.4172
10.5601
4.25483
1.73996
0.683749
364.342
31.9997
10.4259
6.9914
2.29089
0.940676
0.232227
29.3036
2.58092
4.63955
1.38044
0.802509
0.141532
0.0525568
2105.85
263.555
89.0119
121.197
41.0854
1.80583
5.33241
0.24127
16.2302
1.63829
3.69693
0.463645
0.126915
0.0728255
0.004849
0.000449163
0.0033111
0.0144508
0.000739322
0.00816228
0.000621794
1429.47
1.71054
2.25511
42.4019
31.1634
0.987393
0.069675
30.5725
5.62439
3.3266
1.51691
0.933855
0.200224
0.0771563
0.0289851
0.000623913
0.000127949
0.00301661
0.000106069
7.75486e-05
0.000172987
0.00430767
0.000720192
0.0368103
0.000129734
0.0011113
0.000205015
0.000101195
273.929
53.6749
20.6709
13.9952
5.46663
0.426995
1.08537
0.00209485
0.0191208
0.00172201
0.00170599
0.00205835
0.0361967
0.018827
0.00274401
0.000445077
0.000399673
0.00144801
0.00425506
0.990149
0.0348803
0.242145
0.000193736
0.00255867
0.00013857
0.000216633
0.0038572
0.000255844
0.00115344
0.00395464
0.320532
0.000332305
0.00195677
0.000291908
0.000833318
224.859
43.6446
15.0598
12.4115
4.33605
0.300211
0.851434
4.81371
0.800176
28.9846
6.55995
0.0443207
0.196829
1.05549
56.7474
1.79844
64.8009
27.4229
0.777846
23.8663
0.885604
1.7433
50.0939
62.5647
26.8967
0.724288
0.869949
22.1063
0.524286
2.6656
18.832
4.20498
0.0260826
0.589016
0.128097
20.1651
1.98832
9.26452
0.163566
0.574352
0.28271
0.0864807
87.824
3.78122
41.7757
0.30467
2.44103
1.17568
0.16387
88.6545
3.6352
38.8383
0.316799
2.465
1.0967
0.158085
346.208
4.37986
65.823
0.608645
8.42553
1.82276
0.152974
1.99931
0.28337
9.31086
20.2945
4.77045
0.573509
0.158467
634.815
3.56123
79.1666
0.774213
16.6761
2.3904
0.145099
26.7595
49.3743
21.9511
1.71452
1.38088
0.711522
0.857946
56.2004
27.3236
23.7882
1.77236
1.55948
0.767984
0.875427
89.7628
4.33316
2.59485
1.05677
0.666103
0.152696
0.0554727
20.0389
1.95051
3.4943
0.957293
0.560304
0.118897
0.0485212
0.00229479
0.00032641
0.000235419
0.000563483
0.0230212
0.000287772
0.0036632
0.000410648
0.0247398
0.0113535
0.000316349
0.000286824
0.00377918
0.00327579
27.8563
1.54632
83.4763
0.712725
0.620874
32.1987
72.2152
6.18161
29.8051
13.5689
0.402284
0.829447
0.439329
0.229636
0.00011775
0.00683207
0.0010265
0.000201039
0.000112787
0.00333277
0.000533763
0.000133401
0.0214411
0.000799564
0.000113208
0.000168494
0.00185996
0.000150303
0.000759189
0.000109614
0.000470182
0.000140863
0.00140462
0.000120923
8.87408e-05
0.00793971
0.000405472
0.000646138
0.00076204
0.00133714
0.000206368
0.000197398
0.00101693
0.0168535
0.00979245
0.000654581
0.000602217
0.00450175
0.00279018
30.2944
0.452494
0.417647
13.7086
13.7804
6.28019
0.239964
1.45476
0.432999
15.5919
4.20206
0.0290037
0.131248
0.392219
17.7859
8.54124
0.526138
0.370662
15.4054
0.597579
9.97201
17.5736
0.368629
0.503402
8.26661
0.592088
9.896
14.6417
0.348622
1.15554
12.6312
3.05045
0.0216228
0.0969403
0.281685
215.165
0.251661
0.1803
0.424825
8.88417
9.71074
4.14712
9.5281
2.92126
0.0274811
0.481279
0.190935
1.13601
23.7927
0.857138
3.22756
43.1058
8.42067
0.0252512
0.183528
0.628802
14.7347
17.3991
0.147732
0.812219
0.316854
6.63916
38.6486
24.7328
1.38919
81.7246
0.689672
0.549594
31.2701
65.0955
18.7995
1.02427
23.9494
0.215211
0.410383
9.48533
48.2368
1.56985
3.99651
17.7961
0.159826
0.523231
0.259362
0.0962231
21.6541
0.176529
6.15557
0.0675678
2.34367
0.617752
0.0292256
114.628
0.60596
21.2299
0.208169
7.66896
1.32267
0.0625294
7.7281
1.57171
3.99633
0.259687
0.523519
0.160074
0.0965318
15.8299
5.78278
86.6503
1.69119
0.0412182
0.339691
0.156375
17.571
8.29013
14.6286
0.497259
0.36515
0.585862
0.315822
38.4255
8.12583
16.0455
0.581315
1.06815
0.524755
0.298906
17.7874
8.53467
15.3998
0.519361
0.366443
0.591297
0.32325
75.9303
0.359027
4.22846
0.228336
2.1401
0.148552
0.0375106
29.6974
6.54561
1.0671
0.832281
0.211577
0.176087
0.0608948
509.756
1.19048
21.7476
0.60134
10.2772
0.461558
0.0433898
28.2338
84.5178
32.6388
0.722924
1.56588
1.80463
0.629879
82.7469
25.0489
31.6959
0.699537
1.40726
0.559145
1.76228
664.74
0.716327
0.866602
18.6891
14.5587
0.440809
0.0364615
11.8288
37.2068
14.5777
0.362671
0.692993
0.839747
0.300976
0.000409568
0.00139395
0.00393468
0.00409341
0.000410102
0.00145371
0.000294238
0.000144267
0.010045
0.000596122
0.00015898
0.00012061
0.00174567
0.000193801
0.0170093
0.000694215
0.000296626
0.000783381
0.000267261
0.000314599
0.000227599
0.0021762
0.000102453
5.72188e-05
4.93065e-05
5.58856e-05
7.90119e-05
0.00027837
0.00130366
0.0054651
0.0011698
0.00123463
0.00637304
0.00859516
0.00136592
0.00511073
0.00747781
0.00123953
0.0011604
0.00607452
0.00794568
0.00128773
0.00178872
0.00848099
0.00178879
0.0096035
0.00189217
0.0104421
0.00189793
0.00951757
0.00187579
0.00186793
0.00942779
0.00192719
0.00971488
0.00191517
0.00162712
0.000472146
0.000334347
0.000468798
0.000327252
0.00448557
0.00161121
0.00101586
7.38616e-05
5.9624e-05
5.28799e-05
3.87325e-05
0.00144278
0.000156476
0.109739
1.58696
0.113909
0.118129
1.39951
1.4357
0.122634
1.6883
1.42485
0.12172
0.13063
1.471
1.67764
0.131912
1.63558
0.137379
1.48734
0.142902
1.49195
1.61559
0.141385
1.75484
0.153989
0.15496
1.75458
1.78391
1.72094
0.153775
1.24299
0.114258
1.53075
1.24292
0.0927302
0.964047
0.103418
0.136378
1.69352
1.68332
1.43058
0.128488
1.47602
0.125288
1.59081
1.2657
0.120345
0.124017
1.40244
0.115583
1.43885
1.47034
0.138692
1.56229
1.47044
0.134754
1.40519
0.136374
0.143551
1.63511
1.6155
1.48718
0.138918
1.49118
0.139756
0.317438
5.19018
9.13906
4.16431
0.126857
0.177702
2.38734
0.14684
1.27774
4.78095
2.1438
0.039598
0.578923
0.0857379
55.0745
0.0815816
0.0869082
0.231231
1.05611
3.76333
3.21355
2.88399
0.124447
3.57598
0.866654
0.0491119
0.0510828
0.699869
0.128233
3.15976
3.67529
0.890303
0.048828
0.758923
0.0527819
3.21815
0.13728
3.82463
0.949645
0.053279
0.0566821
0.794367
0.136721
3.1502
3.80494
0.946733
0.0509743
0.0564179
0.778824
23.7144
0.0344482
0.0865761
0.0337113
0.447646
1.55035
1.212
4.01359
1.33962
14.8526
0.423889
0.0426265
0.140081
0.0745053
9.21312
2.79517
0.0294095
0.50287
0.986868
0.186428
25.3623
2.80446
0.879187
45.284
7.8096
0.0291614
0.175041
0.487561
1.15176
3.0339
12.4731
0.357297
0.0357142
0.111523
0.0640764
17.636
2.35407
34.9514
1.04536
0.1004
0.133045
0.559611
3.54649
0.590461
3.94413
0.134633
0.0432353
0.121639
0.0493544
0.223814
2.66337
1.60652
0.0267039
0.0838118
0.0582552
0.0231924
0.376064
6.62776
12.3679
0.769087
0.0376203
0.423695
0.0487415
22.4891
1.93325
41.5941
1.35268
0.104778
0.133365
0.761731
113.293
1.34135
20.9468
0.247484
2.79024
0.63472
0.103937
6.14223
0.0526626
2.31657
0.641538
0.0409904
0.0207613
1.69479
2.76229
7.7111
44.7191
0.867441
0.0287172
0.172344
0.0839547
4.12043
5.19119
9.10754
0.312249
0.126206
0.20548
0.173899
5.01241
5.58167
10.168
0.347782
0.141992
0.205196
0.221408
22.1471
0.18903
2.06059
0.0831483
0.607328
0.0789614
0.02803
4.19936
2.67309
0.616864
0.550003
0.160375
0.116619
0.0579944
8.51173
10.9049
4.34128
0.116516
0.477325
0.205402
0.252821
36.2836
12.5309
14.4685
0.362706
0.719595
0.319859
0.823805
213.718
0.435652
8.84592
0.237804
4.18033
0.197694
0.0307536
17.259
5.0945
1.94175
0.888457
0.353558
0.056905
0.121347
14.901
17.549
6.72128
0.841662
0.344403
0.176928
0.398862
16.1939
0.611544
5.79125
0.0986365
0.446219
0.212
0.0723666
0.000541698
0.000118332
9.02829e-05
0.000282422
0.00387889
0.000191066
9.8768e-05
0.00604464
0.000185033
0.000153319
0.000172896
0.000316453
0.000363789
0.000163469
0.00126156
0.000317339
0.000154228
0.00258714
0.000236358
0.000666907
0.000175724
0.00293801
0.000808951
0.000680191
0.00296974
0.000685893
0.00488764
0.000814165
0.00505151
0.00147356
0.00140131
0.00714188
0.00151046
0.00896682
0.00158335
0.0013214
0.00140095
0.00456741
0.00625706
0.00142304
0.00866524
0.00151528
0.000109675
0.00317082
0.00146058
0.000114819
8.78314e-05
0.001182
0.000249703
9.08285
0.0953525
3.61803
1.07986
0.0778265
0.0452699
2.68236
6.45611e-05
0.006288
0.000201452
9.29776e-05
6.06786e-05
0.0016325
9.89018e-05
5.85852e-05
0.00384584
0.00092706
0.000167648
4.45863e-05
7.26087e-05
4.17784e-05
0.000203107
0.000113634
0.000648324
0.000355281
0.000137239
0.000111316
0.000100563
0.937091
0.0820432
0.675967
0.0964754
0.618582
1.03458
0.0930044
0.000479273
0.000213881
0.000238676
0.000258832
0.000511703
0.00816425
0.00172799
0.00171405
5.86737e-05
0.000225457
0.000280393
5.9512e-05
7.11123e-05
5.34713e-05
0.0046243
0.000242442
0.00254642
0.00018196
0.000659556
0.000179467
0.000439259
0.00101692
0.00575468
0.000388812
0.000143645
0.00029136
0.000124584
0.000147287
10.5556
0.0989451
0.894326
0.0575929
0.305723
0.0545234
0.0303159
0.00017803
0.0025404
0.000666318
0.000203515
0.000154279
0.00155853
0.000309302
1.94677
0.0489768
0.890785
0.0363659
0.482265
0.22593
0.0283963
8.33204e-05
6.94823e-05
7.87445e-05
0.000210931
0.00304609
0.000147188
7.64877e-05
0.000699242
0.000116434
0.000129387
0.000125814
0.000293534
0.00541364
0.000268311
0.110306
0.811452
0.102303
0.119174
1.2308
0.985244
0.110936
0.144183
1.3405
1.32376
1.10117
0.139158
1.13112
0.136051
1.02074
0.0858729
0.695319
0.100337
0.654852
1.07491
0.098346
0.984764
0.103693
0.112401
1.04874
0.120649
0.111837
1.22967
1.03151
0.135003
0.129928
1.31811
0.137692
1.25067
0.142194
1.13098
0.136894
0.139295
1.33929
0.144567
1.32207
0.146391
0.0828395
0.0857543
1.02706
0.665544
0.0716362
0.608839
0.0734588
1.01091
0.0895383
1.06505
0.682689
0.0757691
0.642088
0.0763465
1.40853
0.0455294
0.223649
0.0307065
0.388143
0.0610021
0.803217
0.175793
0.631418
3.20322
0.111796
0.0347088
0.0550282
0.0476364
2.07823
0.0517025
1.02651
0.0380147
0.499104
0.251152
0.0299913
1.76884
0.118066
3.52232
0.365455
0.0274366
0.0322367
0.194146
3.33648
0.593398
3.8479
0.154151
0.0711463
0.142936
0.0706293
8.22149
0.0887222
2.46205
0.0429202
0.830906
0.235144
0.0299457
6.55181
0.789064
12.179
0.401791
0.0725358
0.0848395
0.244808
7.87946
0.10407
1.67236
0.0436344
0.262736
0.0792202
0.0296344
3.35112
0.58994
0.511178
0.152435
0.139952
0.0676806
0.069962
3.47064
0.596215
0.532786
0.154382
0.144646
0.0700016
0.071442
18.3182
0.220295
6.75861
0.152608
0.0248906
0.0162695
0.400579
15.438
0.12788
5.73965
0.197731
0.0217685
0.0143104
0.528004
27.3512
0.264279
10.0871
0.255506
0.0337362
0.0218451
0.68125
6.37361
0.0653575
0.324194
0.0494581
0.198856
0.0317338
0.0213849
6.71993
0.0547723
0.071181
0.313238
0.199508
0.0324287
0.0246487
3.07697
2.35188
0.928856
0.245512
0.111448
0.138303
0.0807145
2.19042
0.18072
2.59167
0.0771977
0.692781
0.0734765
0.0266873
23.9145
0.0916774
1.55885
0.0429496
0.457535
0.0419472
0.0140595
9.09762
2.76956
0.985753
0.510272
0.201583
0.0468842
0.082231
0.000555959
0.000631075
0.0028129
0.00410006
0.000684144
0.000602377
0.00219304
0.00529633
0.0010763
0.0010834
0.00313348
0.000959002
0.000964696
0.00323822
0.000239779
6.1736e-05
6.53463e-05
8.89217e-05
0.00114954
0.000140497
6.65335e-05
0.706386
0.0981494
0.0948831
0.490522
0.0846368
0.454533
0.0875405
0.783622
0.100443
0.101957
0.504897
0.0896668
0.487121
0.0911716
0.662774
0.0754863
0.0810803
0.0719236
0.418488
0.33488
0.0667921
0.00158963
0.000592507
0.00050147
0.00380111
0.00244805
0.000626358
0.00053545
0.00158355
0.000598952
0.000561991
0.00436275
0.000686294
0.00293458
0.000637429
4.57538e-05
0.00204328
0.000119001
5.17945e-05
4.38073e-05
0.000386928
6.21243e-05
4.59783
0.0450809
1.7119
0.0880128
0.0168161
0.0136403
0.22044
0.000218802
0.00249659
0.0022331
0.000193918
0.000177728
0.000335059
0.000277348
0.00555872
0.00725832
0.00047504
0.00035398
0.000533197
0.000563522
0.000364556
0.000527787
0.000446663
0.00589565
0.00054784
0.000470493
0.000354867
0.000344064
2.34472
0.216069
0.355929
0.0875465
0.110183
0.0618283
0.0575481
2.24361
0.033614
0.489924
0.0246278
0.150986
0.0491089
0.020751
0.000116416
9.61465e-05
9.16017e-05
0.00472024
0.0014263
0.000198599
0.000113087
0.113723
9.42106
3.15861
0.0822589
0.0251992
0.0201466
0.209581
0.00290266
0.000162697
7.4855e-05
5.78195e-05
5.49923e-05
0.000115711
6.55213e-05
0.00044466
0.000113257
0.000167125
0.000126258
0.00025455
0.000113602
0.000104109
0.264384
8.26926
2.46993
0.0760721
0.252484
0.123834
0.0643213
0.0987032
0.0802209
1.99076
0.0884831
0.111098
0.036794
0.0362901
0.64957
0.465384
0.105678
0.140664
0.0624354
0.0585959
0.047704
2.06014
1.25846
0.583623
0.177979
0.0984995
0.12297
0.0844805
3.83977
0.0505095
0.206582
0.0428458
0.134063
0.034705
0.0282425
0.0730224
0.335784
0.0676963
0.531519
0.0752917
0.660374
0.0804809
0.489047
0.0909035
0.0921765
0.754417
0.101677
0.779766
0.0997237
0.833491
0.39843
0.082332
0.0800962
0.630715
0.528114
0.0884176
0.564359
0.0704632
0.0777809
0.74672
0.0749028
0.492256
0.0831495
0.0781672
0.560933
0.0729908
0.0690468
0.486409
0.366977
0.0649502
0.833408
0.0814226
0.630318
0.0788481
0.52633
0.39719
0.0740356
1.24793
0.0183864
0.00896651
0.00874985
0.0300871
0.097034
0.150517
3.28181
0.0428779
0.119354
0.35447
0.10082
4.21135
0.283408
3.81081
0.123514
0.0456448
0.368491
0.11245
4.39097
0.326702
0.140586
2.45922
0.464761
0.105634
0.0477215
0.0585729
0.0624556
0.0848471
2.15256
0.410317
2.44519
0.137357
0.130174
0.0859637
0.417996
2.27273
2.49477
0.140389
0.08472
0.133694
0.0882667
1.75096
0.184193
1.12233
0.0547625
0.0903358
0.073963
0.0492047
0.0648995
0.834021
1.54378
0.155821
0.0259359
0.0282564
0.0948383
2.33591
0.220462
1.34518
0.065166
0.113448
0.0909204
0.0607806
3.47898
0.216109
1.78455
0.142452
0.0535738
0.0985501
0.0598774
5.78176
0.119198
1.23964
0.0584938
0.196856
0.0787805
0.0468249
0.119785
2.62961
2.11528
0.111336
0.0489088
0.126733
0.049688
2.63367
0.122204
2.16905
0.113737
0.0493354
0.127333
0.0505737
1.17186
0.051241
0.962182
0.0739703
0.0297763
0.0258922
0.0874162
2.55091
0.254001
0.395058
0.100514
0.122901
0.0702176
0.0663114
2.8443
0.123301
0.55903
0.183733
0.0775067
0.0685072
0.0586786
4.0892
0.0475667
0.0557915
0.20325
0.135958
0.0374203
0.0318701
0.531696
4.16089
1.67607
0.0650741
0.0577846
0.0419552
0.112993
3.14639
0.979744
0.824646
0.199799
0.182179
0.120859
0.129948
2.01435
0.259948
0.509305
0.0677815
0.0963774
0.0598316
0.047017
3.87007
0.375153
4.46101
0.125862
0.0467225
0.0474895
0.114524
0.360893
3.33204
4.27721
0.121547
0.0439429
0.0463986
0.102627
0.0807262
9.45756
3.16945
0.113032
0.0242871
0.0192468
0.308751
0.142448
14.957
4.98922
0.142512
0.0358861
0.0284913
0.381851
3.09782
0.983913
0.823898
0.202396
0.186232
0.132888
0.126777
6.13721
0.667327
2.3339
0.0863828
0.0751382
0.0532959
0.158359
1.96252
0.0942369
0.0764296
0.0867732
0.109233
0.0356932
0.0347486
0.233011
0.352009
0.0511234
0.0467976
0.0548312
0.221056
0.0503151
0.000362054
0.000291258
0.000183788
0.000214444
0.00128137
0.000205807
0.00117768
1.10137
0.0928561
1.33904
0.10232
0.0881733
0.0544806
0.0536083
1.85092
0.264541
0.503002
0.10358
0.127322
0.0964429
0.0861045
8.21386e-05
0.0010419
0.000188994
8.25285e-05
7.78128e-05
0.000219807
8.90465e-05
1.92378
0.133164
1.61754
0.113988
0.0760338
0.0750458
0.12186
0.053577
0.33236
0.306685
0.161142
0.0491365
0.1719
0.0488483
0.000508038
0.000520335
0.00249054
0.000448475
0.000760275
0.000458744
0.000890121
0.00230357
0.000521481
0.00247529
0.00045784
0.000788562
0.000462667
0.000884775
8.66284e-05
0.000120026
0.00159702
5.91228e-05
6.44188e-05
7.05839e-05
0.000316885
0.426053
0.0621012
0.0526045
0.0436192
0.0398945
0.0294888
0.0282274
8.61165e-05
0.000220438
8.88634e-05
0.000157462
0.00124289
8.91407e-05
0.000109799
0.331323
0.0518066
0.157795
0.0471591
0.306445
0.0522505
0.168211
0.335984
0.0478599
0.158769
0.0526617
0.314093
0.0529392
0.16961
0.220353
0.0503066
0.0466089
0.351124
0.054105
0.231972
0.0501495
0.247469
0.0583432
0.394019
0.247402
0.049117
0.0536055
0.157327
0.829085
0.0309009
0.0234662
0.0224652
0.0396348
0.145443
0.0927586
0.0545977
0.338151
0.316524
0.160153
0.0490005
0.170463
0.0485191
0.52543
0.0154078
0.0203575
0.0157216
0.0820899
0.0264172
0.0596264
0.108106
0.0246722
0.355263
0.0909957
0.0158775
0.0364778
0.0184004
1.87094
0.0908058
0.0456411
0.0345993
0.0645119
0.169031
0.83096
2.51405
0.0674786
0.0493918
0.139972
0.0901177
1.27388
0.234298
1.00795
0.0162516
0.0116843
0.0118794
0.11166
0.0281723
0.0696403
0.4001
0.0242938
0.198661
0.0203244
0.0878995
0.0510723
0.0197801
0.555526
0.0182673
0.129745
0.0167734
0.0658405
0.0257688
0.0147117
0.129717
1.91103
1.55992
0.110968
0.0743842
0.0732495
0.120287
0.171778
0.814295
1.49793
0.0866417
0.0500721
0.0534078
0.0697942
2.15768
0.0696196
0.491707
0.050158
0.100191
0.0583959
0.0446566
1.16518
0.0745297
0.598654
0.0346483
0.0277302
0.0460019
0.0242128
1.56467
0.210015
1.9647
0.0823885
0.0483516
0.049765
0.0746743
0.218802
1.73608
2.00461
0.0863891
0.0509812
0.0808257
0.0531241
1.76887
0.336156
0.571361
0.109386
0.126906
0.0979359
0.0907988
3.2098
0.0849809
1.22822
0.0521375
0.0325489
0.0294827
0.0883683
2.30938
0.0327446
0.795168
0.051928
0.0206816
0.018657
0.11855
2.32045
0.050442
0.798941
0.0323637
0.0199235
0.017865
0.059729
1.31317
0.244247
0.390334
0.0842588
0.0969564
0.0744397
0.0687941
2.16857
0.032942
0.248176
0.0222312
0.0578886
0.0232247
0.0183975
1.89831
0.0934525
0.843983
0.0359811
0.0669923
0.0480607
0.0329817
1.36671
0.0845607
0.0962712
0.1047
0.0903496
0.0562812
0.0542723
1.12872
0.0880577
0.0977575
0.0690037
0.0739382
0.045797
0.04512
1.12263
0.0856681
0.0968474
0.0675226
0.0732158
0.0450202
0.0440591
0.396317
0.0506136
0.0568695
0.0419234
0.0402408
0.0305265
0.0276331
0.529265
0.115957
0.139859
0.0535175
0.0501017
0.0363406
0.0346117
62.1818
1.47646e+06
0.0713502
1.02396
1410.54
6.21446
906115
1.48286e+06
1444.98
949981
7.07719
45026.4
0.262481
14225.5
57584.2
1.15134
15612
0.284594
0.319751
1.16764e+06
276709
1.40789e+06
987.073
834426
4.83349
2593.37
0.0343863
682.999
19128.1
0.787571
5790.76
0.196491
1.49063e+06
1.33202e+06
1.36013e+06
545331
740717
501664
782674
1.45782e+06
1.35326e+06
1.32193e+06
541187
735202
505921
772825
1.32142e+06
1.25588e+06
1.14294e+06
641579
423679
298621
486220
949700
283332
321234
174735
10769.1
147537
13422.1
916496
328304
304552
176603
12186.2
157003
13926.7
927143
702610
963860
161170
130737
56965.1
297567
55358
21393.5
26389.8
807.703
1304.78
656.758
1623.21
51189.9
23881.7
27268.3
832.269
1488.48
1688.92
730.477
693670
159320
245395
8511.37
115412
63968.5
4584.05
17264.5
10093.2
8385.95
546.904
262.485
451.189
318.779
9105.07
17736.4
10353.1
561.017
286.346
494.517
327.01
8740.94
35974.3
16445.9
1028.16
504.653
540.885
264.949
496239
24968.7
75833.7
26117.3
580.936
8357.01
1857.47
3351.23
10813.3
6362.55
195.577
340.143
175.112
98.6242
30620.1
63645.5
548.556
1716.2
25123.8
672.26
75811.4
30316.9
1671.35
64516.1
577.118
26205.6
666.637
73830.2
44721.6
395.873
18025.4
9548.2
506.802
206.497
23009.3
8007.97
1095.92
3665.58
68.2205
221.004
105.087
31.2221
3932.1
25.2428
2998.3
202.151
1206.38
81.5287
9365.4
373.686
2313.77
1265.74
67.2775
10.8756
20.0768
37.1682
4531.86
77.0606
262.132
7.82805
3640
96.6978
328.392
4607.16
8.10792
84.9113
297.673
3976.31
98.4862
340.362
57.4475
205.342
2707.02
1390.53
2.48876
29.4014
107.264
551.74
3.61757
13.2739
1.01976
176.054
11.5923
42.6777
24.1808
36.2934
0.612699
1.26458
19.5948
45.1786
0.745391
24.868
1.3083
41.2681
0.670117
46.8786
21.7635
0.765356
16.6016
0.433558
7.73434
0.313268
13.5945
0.523637
9.47236
17.0254
0.321968
0.472615
8.4676
14.9215
0.537188
9.72062
28.3382
0.457069
14.8495
0.420644
14.6897
7.58976
0.24779
0.320436
5.68359
10.068
5.04219
0.115526
0.177512
2.82904
1.76643
0.174817
5.8147
2.9194
0.0512281
0.877899
0.106614
1.89535
0.0423506
0.317959
0.0552345
0.573791
0.0775409
1.05275
0.514688
0.0414446
0.13299
0.0346275
0.0443118
0.0356367
0.0322423
0.222126
0.11867
0.0597428
0.0564415
0.2068
0.126082
0.0601566
0.228798
0.0587703
0.061795
0.125273
0.220687
0.129905
0.0625201
0.0455884
0.0986043
0.182566
0.147945
0.0408108
0.0831684
0.043949
0.000496767
0.000536731
0.000467523
0.000529925
0.00453263
0.000469661
0.000585549
0.132146
0.0285467
0.256828
0.0354033
0.0220631
0.0239265
0.02832
0.000304339
0.000273989
0.000261195
0.000287625
0.00202494
0.000265607
0.000342488
0.00117866
0.000295256
0.00207637
0.000273063
0.000272178
0.000350252
0.000316476
5.33144e-05
0.000117796
0.00048874
4.72985e-05
4.63455e-05
8.20324e-05
5.14475e-05
0.000903864
0.000196048
0.000108452
0.000110197
0.000170024
0.000106524
0.000112639
0.000381859
4.0206e-05
3.64177e-05
3.49334e-05
5.68805e-05
3.43931e-05
3.7421e-05
0.000315043
0.000206667
0.000229187
0.000206025
0.000220772
0.00116081
0.000582544
0.0532318
0.125635
0.229157
0.177386
0.0486919
0.0520861
0.102379
0.125274
0.0538954
0.235017
0.180136
0.0489594
0.052676
0.100978
0.18057
0.0543612
0.235619
0.125762
0.049108
0.0505127
0.101043
0.0528682
0.0540021
0.228776
0.125989
0.0492613
0.0506259
0.102726
0.0311371
0.0831145
0.259014
0.0786357
0.0253793
0.0393891
0.0271042
0.100112
0.225978
0.497033
0.0577228
0.047373
0.0521398
0.0493298
0.0840638
0.0652274
0.282784
0.127702
0.65378
0.070538
0.0590678
0.0242495
0.0319578
0.387952
0.0733732
0.0155212
0.0189375
0.017749
0.104277
0.214878
0.524821
0.0608511
0.0489978
0.0540452
0.051446
0.246877
0.0384021
0.131535
0.0290094
0.0329825
0.068661
0.575799
0.0293083
0.056026
0.452346
0.147786
0.0208662
0.023647
0.031264
0.224863
0.0485838
0.491454
0.059352
0.0347805
0.0390967
0.0439407
0.512738
0.108543
1.11745
0.103061
0.0751513
0.0759643
0.0877789
0.111226
1.05137
0.857824
0.128173
0.0918367
0.0923785
0.137834
0.115798
0.597964
1.21252
0.110583
0.0803532
0.0948296
0.0812752
0.255669
0.0491693
0.525708
0.0612331
0.0374884
0.0378884
0.0483633
0.414901
0.0917804
0.867816
0.0825853
0.0620588
0.0638864
0.0713402
0.0560643
0.494328
0.416049
0.0672917
0.0496004
0.0723595
0.048391
0.0309559
0.156752
0.285096
0.0381296
0.0239739
0.0308175
0.0257472
0.499642
0.0576106
0.434258
0.0692415
0.0508096
0.0735732
0.0496016
0.0976901
0.490553
0.953225
0.0880129
0.0665305
0.0678797
0.0766231
0.242017
0.0258855
0.113961
0.0239422
0.0583889
0.0378007
0.0233919
0.251364
0.0197922
0.0684502
0.0193358
0.0387337
0.0235893
0.0183246
0.717548
0.0480595
0.145827
0.0418064
0.0551189
0.0428242
0.0394571
0.00915623
0.0172964
0.19077
0.0140033
0.00557924
0.00605993
0.00658471
0.0356019
0.0549055
0.72453
0.0287249
0.0148813
0.0154856
0.0162821
0.0480769
0.0241994
0.624482
0.0317042
0.0128062
0.0133384
0.014147
0.0787287
0.0445088
1.07107
0.0437118
0.020385
0.0212048
0.0220832
0.254878
0.0125055
0.104513
0.0179557
0.0111178
0.0106478
0.0290015
0.219361
0.00960516
0.081113
0.0129769
0.00843629
0.00801627
0.0221287
0.279302
0.127633
0.0827259
0.0717018
0.0637279
0.0608804
0.0581042
0.522576
0.101441
0.0646665
0.0585072
0.0518351
0.0491889
0.0468124
0.935941
0.0294511
0.116818
0.0261453
0.0400741
0.0267462
0.024429
0.82978
0.100579
0.107589
0.0887996
0.0923789
0.0741739
0.0736931
0.851109
0.103883
0.111183
0.0917994
0.0957612
0.0773768
0.0753776
0.223371
0.0539327
0.0416518
0.0454967
0.0387985
0.0360449
0.0327864
0.222873
0.0570862
0.0439187
0.0471208
0.0408728
0.0362864
0.0348653
0.240833
0.0933108
0.0671201
0.0508341
0.0474983
0.0419955
0.0415154
0.14842
0.0536964
0.0593222
0.0342425
0.0336028
0.029567
0.0292614
0.0420665
0.0602336
0.0334925
0.0806765
0.0328356
0.0506854
0.0341071
0.207045
0.0463554
0.0471105
0.0498005
0.0485424
0.0443106
0.0438199
0.000193663
0.000932902
0.000278269
0.000205596
0.000193832
0.000196122
0.000192729
0.0584335
0.0524106
0.0638
0.04679
0.0470341
0.0464419
0.0464529
0.000257992
0.000277206
0.000251448
0.000872554
0.000266146
0.000256135
0.000323344
0.000351081
0.000256841
0.000263309
0.000271526
0.00091194
0.000261432
0.000323133
0.023604
0.0309877
0.243661
0.0260395
0.0199899
0.0202377
0.0202049
0.196523
0.037893
0.0696726
0.0361401
0.0391215
0.0365796
0.0353326
0.0810337
0.0834857
0.0537552
0.0493048
0.0465007
0.0472465
0.0450354
0.0650461
0.0367629
0.0356874
0.090793
0.036552
0.0378275
0.0578661
0.0887866
0.0346824
0.0431646
0.0348104
0.0359833
0.0621862
0.0545214
0.0929945
0.0338629
0.029529
0.0283454
0.029718
0.0350739
0.0799106
0.0961744
0.0298602
0.031089
0.0357882
0.085624
0.0312286
0.0366905
0.0906514
0.0379279
0.0369925
0.0365889
0.0577633
0.0463789
0.0356347
0.107297
0.0401288
0.0347133
0.0333428
0.0348933
0.0413026
0.0943697
0.106837
0.0330524
0.0343066
0.0396708
0.0345943
0.0925875
0.0410085
0.0890277
0.0350229
0.0623725
0.0349185
0.0546842
0.0433279
0.0339162
0.0251306
0.0313153
0.152192
0.050706
0.0228506
0.0236267
0.025031
0.0968973
0.0643012
0.029921
0.0411635
0.0289049
0.0291409
0.0355511
0.043962
0.0324725
0.217699
0.0801876
0.0296905
0.030307
0.0335549
0.134546
0.0481655
0.0447227
0.0885059
0.0603641
0.0457369
0.288324
0.159492
0.030858
0.0639817
0.0317526
0.0342252
0.0309132
0.0298134
0.366119
0.0618987
0.0992327
0.0592441
0.0648092
0.0598953
0.058746
0.0717124
0.0396377
0.0301609
0.0286877
0.0261552
0.0271482
0.0266562
0.393174
0.0949348
0.18468
0.0763053
0.0819809
0.0791905
0.0761346
0.0371795
0.046279
0.379563
0.0371848
0.0302182
0.0303269
0.030524
0.0270077
0.032086
0.243875
0.0248272
0.020951
0.0211676
0.0213288
0.010607
0.0081996
0.0647053
0.00988508
0.00718795
0.00751622
0.00764653
0.190267
0.0477558
0.0982514
0.0391775
0.0423231
0.0412481
0.0390647
0.338593
0.0494122
0.153244
0.0441912
0.0430603
0.0422648
0.0468183
0.04498
0.0818719
0.220876
0.0336824
0.030494
0.0316817
0.0311511
0.178916
0.0249589
0.0756825
0.0228731
0.0220513
0.0216447
0.0242376
0.107969
0.0994283
0.0674642
0.0602588
0.0577872
0.056895
0.0557544
0.117526
0.0780103
0.0542227
0.0425464
0.0407864
0.0391839
0.0401712
0.137161
0.0903811
0.0619977
0.0502728
0.0480954
0.0461316
0.04728
0.0417348
0.0438334
0.0383902
0.033518
0.0335432
0.0332911
0.0331751
0.0795309
0.0508338
0.0454071
0.0411702
0.0412736
0.0393045
0.0392469
)
;

boundaryField
{
    ground
    {
        type            calculated;
        value           nonuniform List<scalar> 
707
(
7215.46
0.00398946
7.46276e-06
1.43147e-07
2.6339e-09
1.27579
31.4179
5.72492e-05
0.000162416
8.04823e-07
2.23347e-06
1.32713e-08
3.50556e-08
0
0
8.58563e-10
0
0
4.45289e-09
2.93294e-07
1.47161e-05
0.00032641
0.368948
638709
0
1.45519e-11
5.15138e-09
3.40937e-07
1.71214e-05
0.000621326
1.78185
990776
0
0
1.22236e-09
8.99454e-08
5.1051e-06
0.00015827
0.204711
470425
0
0
2.91038e-11
6.28643e-09
4.67378e-07
4.18367e-05
0.00771436
2209.7
0
0
0
4.22006e-10
3.65544e-08
2.42962e-06
8.19619e-05
0.100383
0
0
0
0
1.30967e-09
9.19827e-08
5.06526e-06
0.000183664
0.706963
0
0
0
0
0
2.06637e-09
1.27286e-07
5.44816e-06
0.000167648
0
0
0
0
0
0
2.37196e-09
1.1074e-07
3.3893e-06
0
0
0
0
0
0
0
1.76078e-09
5.84114e-08
0
0
0
0
0
0
0
0
8.29459e-10
0
0
0
0
0
0
0
0
0
0.182356
8.20324e-05
1.51462e-06
1.81462e-08
1.89175e-10
1.29218e+06
1.34135e+06
697986
0
6.54836e-10
4.48636e-08
2.91684e-06
0.0002198
0.0236672
3127.36
0
0
0
0
0
0
0
0
0
0
0
0
0
0
0
0
0
0
0
0
0
0
0
0
0
0
0
0
0
0
0
0
0
0
0
0
0
0
0
0
0
0
0
0
0
0
0
0
0
0
0
0
0
0
0
0
0
0
0
0
0
0
0
1.44064e-09
0
0
0
0
0
0
2.09548e-09
1.06898e-07
0
0
0
0
0
1.92085e-09
1.26398e-07
6.23261e-06
0.00496078
5.34659
0
0
0
0
1.17871e-09
9.20554e-08
5.89933e-06
9.61465e-05
0
0
0
3.7835e-10
3.37459e-08
2.57198e-06
6.08796e-05
0.00320738
0
0
4.36557e-11
5.51518e-09
3.90835e-07
3.37926e-05
0.00078604
0.832498
0
0
0
0
0
0
0
0
0
0
0
0
0
0
0
0
0
0
0
0
0
0
2.18279e-10
0
1.45519e-10
3.0268e-09
1.69384e-08
6.54836e-10
1.38243e-08
1.78028e-07
1.11465e-06
5.14701e-08
1.13626e-06
9.78138e-06
8.3345e-05
3.39551e-06
3.49334e-05
5.78195e-05
0.00157225
0.000160633
0.00390148
0.0646667
86.4296
5.63741e-08
2.67287e-06
5.28799e-05
0.0458535
8904.5
1.38838e+06
1.29687e+06
990226
1.39667e+06
1.62396e+06
14324.1
1.68716e+06
1.45558e+06
401808
1.29156e+06
1.51812e+06
1.52098e+06
3460.9
1.55773e+06
1.56343e+06
1.52353e+06
1.53252e+06
1.30983e+06
1.56485e+06
1.53173e+06
1.30607e+06
1853.36
1.53597e+06
1.08223e+06
1.33992e+06
1.5626e+06
1.60852e+06
1.46992e+06
1.61129e+06
1.60289e+06
1.5698e+06
180267
1.61854
32936.1
1.72951e+06
383092
1.64902e+06
1.64334e+06
1.54011e+06
112111
1.59989e+06
1268.61
595930
15.3822
0.0645759
39114.2
157996
1.74011
159909
52203.9
0.516728
1.57361e+06
1.55687e+06
955951
19.5252
716044
7484.78
943219
1.56231e+06
1.57542e+06
1.31017e+06
1.532e+06
1.55973e+06
1.46884e+06
1.53455e+06
828333
862904
1.52713e+06
1.47016e+06
1.63693e+06
1.54082e+06
1.27868e+06
1.57457e+06
993441
958543
945990
993040
1.57641e+06
1.4706e+06
641396
831099
20204.3
297.568
0.0310499
1.34966e+06
1.13171e+06
238166
179.115
14313.3
0.128092
182581
1.07969e+06
1.32606e+06
1.69196e+06
982584
1.54414e+06
183978
404035
1.32818e+06
1.30038e+06
380202
910168
72641.9
801071
402170
813142
284133
1.26289e+06
313867
713357
47386
11243.3
0.591187
0.00387741
31665
0.331824
0.00611979
34704.7
7338.33
261733
315777
8991.88
47870.2
21.4741
0.0068422
0.0029459
30.4674
0.014535
0.0148808
688.447
0.0148437
0.00248272
0.0253518
73.1028
65.8683
3930.39
159524
133265
0.208586
20067.1
0.381522
0.30887
6231.42
0.0598272
0.0117747
634.179
0.117532
143689
161381
4005.23
4172.73
57351.4
753193
638163
112954
2267.96
12885.3
248004
1.2197e+06
3881.52
3088.18
131868
142263
3417.98
3956.72
44.2254
0.0618033
0.00144218
106530
12596.3
255.844
0.0109303
39.0226
1.71726
84274.5
39521.7
834.315
635843
32633.7
2248.66
83348.5
1832.71
825.945
1123.88
2274.22
101086
55919.3
1151.54
146.462
0.0315839
25.0388
0.0058725
143.768
7416.33
64624.9
6427.72
132.764
434.15
303.724
14456.2
4333.55
145.19
1281.65
65241.1
300.756
85.5203
4290.53
709.194
23.2525
986.813
0.235481
0.00129263
0.000116167
122.062
6273.1
264.962
3.18636
152.476
733.625
6.14018
31.2843
1526.73
496.656
10.4311
230.172
575.837
13.4316
444.374
43.269
628.374
12.2725
0.00156275
0.292332
0.00463208
22.8012
1139.7
81.9803
963.152
180.951
3.67879
953.281
19.3221
3.63924
121.197
5.33241
263.555
13.9952
1.08537
53.6749
43.6446
0.851434
12.4115
0.00830896
0.0230212
0.000563483
17.3991
38.6486
0.812219
0.0247398
0.0113535
0.000410648
83.4763
72.2152
1.54632
2.92126
23.7927
0.481279
1.38919
65.0955
81.7246
1.02427
48.2368
23.9494
84.5178
1.80463
1.56588
1.40726
1.76228
82.7469
36.2836
0.823805
0.719595
0.50287
25.3623
2.79517
0.00144278
0.00149455
7.38616e-05
0.0409904
1.69479
6.14223
0.477325
0.252821
10.9049
0.692993
0.839747
37.2068
5.0945
0.121347
0.888457
17.549
0.398862
0.841662
0.00317082
0.00146058
0.000109675
9.08285
2.68236
0.0778265
0.006288
0.000201452
6.45611e-05
27.3512
0.68125
0.0337362
0.00384584
0.00012446
4.45863e-05
0.0248906
0.400579
18.3182
0.0217685
0.528004
15.438
0.510272
0.082231
2.76956
4.16089
0.112993
0.0577846
0.00204328
0.000119001
4.57538e-05
4.59783
0.22044
0.0168161
0.000216979
0.00472024
0.000198599
0.000115711
0.00290266
0.000162697
9.45756
0.308751
0.0242871
0.0358861
0.381851
14.957
9.42106
0.209581
0.0251992
0.0751382
0.158359
6.13721
3.2098
0.0883683
0.0325489
0.000120026
0.00159702
8.66284e-05
0.0206816
0.11855
2.30938
0.0199235
0.059729
2.32045
927143
1.45782e+06
1.47646e+06
1410.54
1444.98
1.40789e+06
987.073
62.1818
1.48286e+06
772825
735202
740717
782674
1.49063e+06
641579
486220
1.32142e+06
1.16764e+06
297567
130737
1716.2
75811.4
63645.5
64516.1
73830.2
1671.35
506.802
23009.3
44721.6
2998.3
9365.4
202.151
0.00048874
5.33144e-05
4.72985e-05
4.0206e-05
0.000381859
5.68805e-05
0.0384021
0.575799
0.131535
0.0111178
0.0290015
0.254878
0.219361
0.0221287
0.00843629
0.0885059
0.288324
0.0481655
0.0430603
0.0468183
0.338593
0.178916
0.0242376
0.0220513
0.0425464
0.0401712
0.0780103
0.0903811
0.04728
0.0502728
)
;
    }
    outlet
    {
        type            calculated;
        value           nonuniform List<scalar> 
840
(
1.45519e-11
4.61296e-09
3.7835e-10
8.58563e-10
8.57108e-09
0
0
2.6339e-09
1.94996e-09
2.61934e-10
0
0
0
0
0
0
0
0
0
0
0
0
1.32713e-08
3.50556e-08
1.57161e-08
3.40951e-08
3.07045e-09
7.10133e-09
1.45519e-10
4.07454e-10
0
0
0
0
0
0
0
0
0
0
0
0
0
0
0
0
0
0
0
0
0
0
0
0
0
2.91038e-11
4.03088e-09
1.48138e-08
4.65661e-10
0
4.5693e-09
7.72707e-09
1.61381e-08
0
0
0
0
0
0
0
0
0
0
0
0
0
0
0
0
0
0
0
0
0
0
0
0
0
0
0
0
0
0
0
0
0
0
0
0
0
0
0
0
0
0
0
0
0
0
0
0
0
0
0
0
0
0
0
0
0
0
0
0
0
0
0
0
0
0
0
0
0
0
0
0
0
0
0
0
0
0
0
0
0
0
0
0
0
0
0
0
0
0
0
0
0
0
0
0
0
0
0
0
0
0
0
0
0
0
0
0
0
0
0
0
0
0
0
0
0
0
0
0
0
0
0
0
0
0
0
0
0
0
0
0
0
0
0
0
0
0
0
0
0
0
0
0
0
0
0
0
0
0
0
0
0
0
0
0
0
0
0
0
0
0
0
0
0
0
0
0
0
0
0
0
0
0
0
0
0
0
0
0
0
0
0
0
0
0
0
0
0
0
0
0
0
0
0
0
0
0
0
0
0
0
0
0
0
0
0
0
0
0
0
0
0
0
0
0
0
0
0
0
0
0
0
0
0
0
0
0
0
0
0
0
0
0
0
0
0
0
0
0
0
0
0
0
0
0
0
0
0
0
0
0
0
0
0
0
0
0
0
0
0
0
0
0
0
0
0
0
0
0
0
0
0
0
0
0
0
0
0
0
0
0
0
0
0
0
0
0
0
0
0
0
0
0
0
0
0
0
0
0
0
0
0
0
0
0
0
0
0
0
0
0
0
0
1.89175e-10
0
0
0
0
0
0
2.75031e-09
2.03727e-10
2.6921e-09
0
0
0
0
0
0
7.71252e-10
1.89175e-10
1.01863e-10
0
0
0
0
0
0
0
0
0
0
7.27596e-10
1.56579e-08
1.50612e-08
2.51166e-08
2.70229e-08
0
0
0
0
0
0
0
0
0
0
0
0
0
0
0
0
0
0
0
0
0
0
0
0
0
0
0
0
0
0
0
0
0
0
0
0
0
0
0
0
0
0
0
0
0
0
0
0
0
0
0
0
0
0
0
0
0
0
0
0
0
0
0
0
0
0
0
0
0
0
0
0
0
0
0
0
0
0
0
0
0
0
0
0
0
0
0
0
0
0
0
0
0
0
0
0
0
0
0
0
0
0
0
0
0
0
0
0
0
0
0
0
0
0
0
0
0
0
0
0
0
0
0
0
0
0
0
0
0
0
0
0
0
0
0
0
0
0
0
0
0
0
0
0
0
0
0
0
0
0
0
0
0
0
0
0
0
0
0
0
0
0
0
0
0
0
0
0
0
0
0
0
0
0
0
0
0
0
0
0
0
0
0
0
0
0
0
0
0
0
0
0
0
0
0
0
0
0
0
0
0
0
0
0
0
0
0
0
0
0
0
0
0
0
0
0
0
0
0
0
0
0
0
0
0
0
0
0
0
0
0
0
0
0
0
0
0
0
0
0
0
0
0
0
0
0
0
0
0
0
0
0
0
0
0
0
0
0
0
0
0
0
0
0
0
0
0
0
0
0
0
0
0
0
0
0
0
0
0
0
0
0
0
0
0
0
0
0
0
0
0
0
0
0
0
0
0
0
0
0
0
0
0
0
0
0
0
0
0
0
0
0
0
0
0
0
0
0
0
0
0
0
0
0
0
0
0
0
0
0
0
0
0
0
0
0
0
0
0
0
0
0
0
0
0
0
0
0
0
0
0
0
0
0
0
0
0
0
0
0
0
0
0
0
0
0
0
0
0
0
0
0
0
0
0
0
0
0
0
0
0
0
0
0
0
0
0
0
0
0
0
0
0
0
0
0
0
0
0
0
0
0
0
0
0
0
0
0
0
0
0
0
0
0
0
0
0
0
0
0
1.01863e-09
0
0
0
0
0
8.73115e-11
2.91038e-11
4.80213e-10
)
;
    }
    wall
    {
        type            calculated;
        value           nonuniform List<scalar> 0();
    }
    wall2
    {
        type            calculated;
        value           nonuniform List<scalar> 0();
    }
    wall3
    {
        type            calculated;
        value           nonuniform List<scalar> 0();
    }
    internalPatch
    {
        type            internal;
    }
    procBoundary3to0
    {
        type            processor;
        value           nonuniform List<scalar> 
180
(
2.19237e-05
0.000566658
0.00301504
0.0033409
0.0033409
0.067759
0.580905
19.0216
571.859
375.286
213.04
98.3173
33.9601
8.79921
1.52475
0.270224
0.0124391
0.0010561
2.80202e-05
0.00271624
0.0595346
0.630004
0.065634
0.00517453
5.52286e-05
0.00576474
0.0796869
0.318905
7.00239
75.9382
515.092
2182.94
5447.64
9111.11
13389.1
28032.4
208735
804474
1.26278e+06
1.43501e+06
627659
39756.4
862.289
18.5074
0.403487
0.00543818
5.09942e-05
7.64499e-07
1.28639e-08
1.63127e-08
3.53612e-09
2.32831e-10
0
0
0
0
0
0
0
0
0
0
0
0
6.1118e-10
4.64206e-09
4.64206e-09
3.41854e-07
3.41854e-07
2.19237e-05
0.000609944
0.000609944
0.00052565
0.0021627
0.0584944
0.060435
0.365917
11.9637
6.43018
2.84772
0.967289
0.290443
0.112522
0.0837601
0.00508736
0.000361864
0.000112793
9.37044e-06
6.09507e-07
2.45054e-08
1.19436e-06
3.42843e-08
1.40849e-06
4.33364e-05
0.000399265
0.00302403
0.0682822
0.0733804
0.268235
2.11594
15.0239
63.2054
165.491
284.634
411.068
800.474
6665.65
97263.1
401139
15577.5
336.746
7.11906
0.168537
0.0579695
0.00245249
0.00126987
5.17635e-05
1.05581e-06
2.5786e-07
1.79862e-08
5.38421e-10
0
0
0
0
0
0
0
1.45519e-10
3.56522e-09
4.25935e-08
2.71307e-06
0.000179242
0.0166927
0.0569289
0.0895671
0.137415
2.07714e-07
1.15542e-08
3.7835e-10
0
6.25732e-10
0
7.567e-10
3.20142e-08
1.01564e-06
1.7032e-05
0.000392159
0.00078004
0.0249801
0.0249801
0.0249801
0.44184
1.66945
4.7641
8.34159
12.0009
22.0075
158.447
2195.56
45.8643
0.863243
0.113713
0.0461113
0.0187836
0.00888275
0.00103226
0.000476423
0.00453384
0.0821411
0.0249801
0.111774
0.188876
0.290515
0.442818
0.685611
3.75243
0
0.000234315
0.045873
)
;
    }
    procBoundary3to1
    {
        type            processor;
        value           nonuniform List<scalar> 
75
(
2.663e-09
2.92493e-09
2.08704e-07
2.01602e-07
6.67933e-08
8.58563e-10
8.73115e-11
0
7.71252e-10
6.20203e-08
4.83062e-06
0.00012992
0.000216402
0.00193461
0.0281062
0.0281062
0.636034
3.21939
12.8419
36.7028
78.7629
132.639
188.84
239.01
271.296
281.217
8.63675
0.148025
0.148025
0.00120341
0.00117187
0.00117187
0.00117187
1.49597e-05
1.4931e-05
4.88279e-06
5.07192e-07
8.44011e-09
3.09874e-05
0.000585381
0.000160436
0.0281062
0.0281062
0.0495781
0.113332
0.381424
1.03403
2.25857
3.84114
5.57484
7.18594
8.28083
0.148025
0.148025
0.107571
0.00120341
0.00120341
0.00120341
0.00117187
0.000369945
0.000369945
0.000369945
0.0142561
0.00349229
0.0142561
0.0142561
0.0525779
0.0525779
0.107571
0.107571
0.107571
0.0525779
0.000369945
0.0525779
0.0142561
)
;
    }
    procBoundary3to2
    {
        type            processor;
        value           nonuniform List<scalar> 
199
(
0
0
0
0
0
0
0
0
0
0
0
0
0
0
0
0
0
0
0
0
0
0
0
0
0
0
0
0
0
0
0
0
0
0
0
0
0
0
4.80213e-10
3.81406e-08
2.81967e-06
8.78686e-05
0.0117607
1.0369
48.8253
2302.05
102198
865564
1.528e+06
1.41299e+06
1.01938e+06
360435
50401.3
18033.3
11032.9
6276.83
2538.87
608.395
94.1773
9.06281
0.529818
0.0632195
0.00418607
5.69774e-05
0.00435811
0.0713642
1.05633
0.0608284
0.00354526
3.86761e-05
3.86761e-05
0.0514463
0.0545543
0.147932
1.55265
0.87347
0.383326
0.140787
0.0278837
0.0257622
3.86761e-05
3.86761e-05
7.81132e-07
1.44355e-08
1.74623e-10
0
0
0
0
0
0
0
0
0
0
8.29459e-10
0
0
0
0
0
0
0
0
0
0
2.32831e-10
1.77679e-08
1.04542e-06
4.53723e-05
0.00113157
0.00340738
0.0918168
0.415579
19.0471
888.576
41098.5
621683
217466
16390.5
1434.95
550.229
346.577
193.246
73.9024
17.8129
2.62429
0.341202
0.0521881
0.0402989
0.00257441
0.00023161
3.05855e-05
1.36576e-06
3.82424e-08
1.36397e-06
2.96859e-08
7.81132e-07
1.44355e-08
1.74623e-10
0
0
0
0
0
8.14907e-10
3.1665e-08
7.52785e-07
2.72412e-08
3.7835e-10
0
0
0
0
0
0
3.72529e-09
2.5933e-07
1.49495e-05
0.000369868
0.000929942
0.0110776
0.0209428
0.0503976
0.237958
2.55097
126.891
5986.24
393.167
38.7313
16.0978
10.1872
5.59856
2.0329
0.515772
0.0298673
0.0298673
0.0298673
0.000804602
0.000286107
0.00380512
0.0980126
0.226897
0.353274
0.530528
1.08032
9.22782
0.0588098
0.0298673
8.00355e-10
0
5.38421e-10
3.86761e-05
0.0519239
0.0536056
0.0878852
0.0464211
0.000300874
0.0344083
)
;
    }
    procBoundary3to4
    {
        type            processor;
        value           nonuniform List<scalar> 
906
(
0.000268
0.000268
0.00044601
0.00044601
0.00517412
0.000389616
0.000389616
0.000268
0.00038062
0.00038062
0.00500108
0.00301605
0.000227359
0.000227359
0.00530408
0.0763523
0.0769897
0.0800255
0.0748129
0.00171057
0.00171057
0.0498674
0.0038849
0.0790478
0.00233295
0.00233295
0.110616
0.0540835
0.00103588
0.000173812
0.000121842
0.000121842
0.000161743
0.00213715
0.0456892
0.045981
0.0543829
0.0759355
0.0910327
0.629338
6.54431
0.327663
2.33661
0.126376
0.0387157
0.0083633
0.0083633
0.0254142
0.0734164
1.01425
0.146337
0.0361125
0.225191
2.63085
0.170519
0.0263639
0.0289703
0.0289703
0.0341053
0.245541
0.175117
0.0328323
0.00828682
0.00828682
0.00103588
0.000173812
0.000121842
0.000161743
0.000470571
0.000470571
0.0202419
0.0276631
0.0276631
0.0456762
0.0543489
0.502421
11.1814
0.636263
11.1273
142.62
1115.89
53.7989
252.785
10.9008
0.447392
0.0530891
0.0921269
0.0326457
0.0326457
0.0652805
0.0354644
0.25491
4.72438
79.225
17.2011
2.13385
31.9373
379.614
31.8798
1.8692
0.104671
0.847957
0.076884
0.0475812
0.0475812
0.0762665
0.916469
0.12273
2.54345
1.59847
0.0720826
0.364383
0.0266977
0.0187687
0.0187687
0.0220039
0.0571967
0.0188645
0.0124699
0.0118451
0.00103445
0.00777484
0.0194969
0.00393912
0.00393912
0.0329129
0.0570141
0.0527322
0.0217538
0.00480983
0.000661843
0.000661843
0.0155696
0.0267743
0.246501
5.19538
91.6094
205.24
2609.15
19497.4
84315.7
5160.73
13465.1
689.364
30.6653
1.26122
2.29412
0.13185
0.19592
0.0834612
0.0809963
0.0809963
0.0829517
0.138242
0.0941924
1.32334
0.728445
13.5421
222.595
3063.16
1098.81
245.147
2859.64
25619.6
3600.78
304.278
18.2061
134.249
6.21396
0.271272
0.0573645
0.0573645
0.270002
6.30994
152.058
22.7937
13.435
82.8213
2.14028
0.066106
0.0200509
0.0200509
0.0357006
0.257174
2.41326
0.539276
0.0877023
0.0210252
0.0990657
0.037168
0.0289658
0.0346742
0.0588087
0.0227899
0.0365499
0.0207418
0.0205457
0.0189569
0.0189569
0.0776779
0.0403104
0.205369
0.252039
0.0320045
0.0821792
0.0496544
0.0496544
0.00480983
0.000661843
0.0155696
0.0160004
0.0160004
0.0886188
2.66119
0.173003
32.0183
1118.98
8376.11
37154.6
93858.9
175341
255608
24661
1269.22
56.6326
111.379
4.35362
36.8722
1.22597
0.10117
0.0799677
0.0799677
0.0965668
0.7667
16.5475
2.37226
45.098
25.0626
409.541
5605.83
61020.1
33331.2
12210.7
102828
328562
147806
25281.2
2214.8
11700.2
721.301
33.5239
1.36416
0.0830317
0.0830317
1.29804
31.7874
732.768
374.643
9.6314
0.256322
0.0196408
0.0196408
0.099131
1.00523
8.96936
60.5158
18.0925
4.23008
0.726053
5.0651
0.725772
0.100659
0.540169
2.41956
0.261417
1.02293
0.101451
0.293574
0.0357176
0.0739157
0.0917189
0.0917189
0.311608
0.14776
3.49106
0.977171
1.29698
4.86174
0.21265
0.575717
0.0495993
0.0326911
0.0326911
0.0476124
0.428459
0.150885
0.0540113
0.0198591
0.0131708
0.0280819
0.268482
0.0430424
0.295682
0.0385155
0.0385155
0.892047
6.97653
245.782
1103.48
3085.1
5663.23
150555
230191
377260
49380.6
2560.78
21753.7
994.489
32238.7
1087.89
31.7496
0.865361
0.0376096
0.0376096
0.714024
18.6642
437.727
8296.11
304.714
4493
727.286
9689.57
99915.9
378501
283010
200217
461628
657111
553350
366465
121283
288242
48155.1
3018.09
138.789
5.24468
0.216593
0.216593
4.89772
123.718
2739.58
1283.39
33.3252
0.842672
0.0344533
0.0344533
0.291095
3.05285
24.9187
152.602
654.697
291.654
100.981
25.7095
118.694
25.7279
4.23525
18.1185
60.5757
8.98709
24.9042
3.07046
7.17149
0.72329
1.37475
0.131372
0.193505
0.0363999
0.0267824
0.0267824
0.0491163
1.01449
0.638842
22.0796
10.1802
14.7458
32.8985
1.29362
0.0716725
0.0345957
0.0345957
0.066807
0.99293
19.3221
8.28439
2.57268
0.66142
0.125075
1.90457
20.1311
2.80132
20.9543
2.29461
0.203978
0.203978
0.905449
32.1365
91.4608
170.684
288.518
9817.07
50651.3
573634
824057
270213
1.05889e+06
398147
1.24142e+06
466673
29242.7
767.332
18.6706
0.440315
0.440315
14.5146
431.719
10809.1
186147
765256
112705
511747
50025.6
295069
682770
975150
663143
552137
733925
838829
772986
702243
561098
940069
1.20332e+06
1.49644e+06
1.50246e+06
1.31049e+06
1.22307e+06
1.28976e+06
1.38727e+06
1.51544e+06
1.65391e+06
1.71535e+06
1.54314e+06
980696
246953
12824.4
442.91
13.4047
13.4047
575.193
23298.7
463127
1.34976e+06
1.76214e+06
1.71228e+06
1.50206e+06
1.57274e+06
1.71585e+06
1.2646e+06
285843
285843
815736
1.2807e+06
1.54241e+06
1.64453e+06
1.64985e+06
1.60899e+06
1.56291e+06
1.53262e+06
1.52343e+06
1.52073e+06
1.51761e+06
1.6006e+06
1.56441e+06
1.14363e+06
600657
363141
276097
197445
109413
31208.4
5048.32
489.839
33.295
1.73179
0.106294
0.0432239
0.0432239
0.114109
2.24844
56.6285
37.4976
1.07966
0.0512852
0.0276265
0.0276265
0.0377958
0.20589
2.17793
19.8775
14.6048
8.54996
3.92859
1.40312
12.0441
77.274
346.418
1164.14
2892.66
5236.3
7802.58
10404
12691
14085.1
14442.2
21299.2
27527.8
31098
33263.1
36733
38313.8
38224.1
38121.4
35491.8
28615
19888.2
11945.1
6191.22
2507.58
696.109
148.959
22.0375
2.44032
0.227812
0.227812
8.3118
316.848
11648.8
9786.34
6558.77
3375.6
87.5753
2.23796
0.0720697
0.0720697
0.721304
7.1711
54.5021
297.931
1197.53
3566.51
2174.94
1055.98
404.005
1240.25
404.275
101.101
291.967
654.834
152.568
297.32
54.336
93.9159
13.0688
18.7952
2.04839
2.43713
0.23027
0.0376347
0.0260363
0.0260363
0.0536653
1.24498
43.406
35.4124
53.7593
2.13956
0.109565
0.0416276
0.0416276
0.102515
1.66972
32.3397
479.599
291.457
127.637
40.4608
9.77756
110.462
774.963
150.975
651.368
95.8034
10.4117
0.905449
2.65666
2.65666
4.97974
8.1468
34.2535
1361.43
31118.9
514136
1.284e+06
1.47855e+06
1.75632e+06
1.65971e+06
1.76726e+06
1.67262e+06
1.08372e+06
236026
8007.8
194.697
4.47107
4.47107
149.806
4445.35
103141
676628
1.3421e+06
1.65656e+06
1.29512e+06
1.5666e+06
984043
1.29396e+06
1.45081e+06
1.5048e+06
1.13452e+06
839715
1.58055e+06
1.3915e+06
1.49378e+06
1.60948e+06
1.69759e+06
1.66055e+06
1.64498e+06
1.61074e+06
1.66528e+06
1.65743e+06
996039
130498
130498
536296
1.03041e+06
1.36927e+06
1.55376e+06
1.62787e+06
1.6407e+06
1.627e+06
1.61333e+06
1.60826e+06
1.605e+06
1.57774e+06
1.16447e+06
624501
385344
296590
216551
123745
37500.1
6041.45
592.159
40.3467
2.09517
0.120067
0.0439565
0.0439565
0.129103
2.6845
67.2909
44.0758
1.26527
0.0549671
0.0270037
0.0270037
0.0387358
0.234522
2.48022
22.3871
150.822
135.79
103.223
63.413
31.0619
180.613
736.415
2281.11
4939.9
8301.4
12115.5
15925.2
19086.2
20874.8
27179.9
31148.5
33483.1
36586.3
38263.3
38879
38445.3
35158.6
27778.6
19029.8
11335.1
5822.25
2294.11
622.361
130.372
18.8884
2.05838
0.192276
0.192276
6.94006
265.428
175.024
4.52444
0.129985
0.129985
1.37988
13.1253
94.42
473.151
1813.34
4892.56
9723.56
7430.45
5053.09
2877.71
5640.45
2879.09
1056.9
2175.76
3564.67
1195.95
1808.45
471.348
620.02
129.682
148.673
22.0066
695.47
702.894
640.068
503.182
332.222
1283.53
3606.66
7158.65
11771.8
17022.2
21883.9
25444.3
30342.1
33430.9
36423.6
38215.5
38496.8
36748.3
32138.2
24517.9
16484.8
12788.3
9012.32
13949.2
9017.52
5055.67
7433.07
9725.58
4886.81
5819.36
2288.9
2507.92
2517.14
2317.79
1873.62
4854.55
9309.94
15222.2
21736.1
27271.8
31214.3
34032.5
35618.2
35241.4
32189.6
26368.3
19407.2
19429.5
12803.6
16510.7
19079.1
11347.8
11982
6199.73
6160.43
5752.88
10963.4
17946.7
25415
27686.5
28745.4
27864.6
24571.8
19973.4
19452.4
11791.4
66.4014
2.65193
0.127346
0.042906
0.042906
0.118552
2.0795
40.1392
590.904
6035.31
4964.24
3079.13
1358.86
444.143
3186.92
12498.7
3428.19
8550.53
1792.21
267.877
29.913
55.7767
4.97974
8.1468
34.2535
681.119
681.119
14905.5
415989
1.29686e+06
1.6999e+06
14905.5
132443
469122
868594
1.16715e+06
1.3579e+06
1.47189e+06
1.53221e+06
1.56118e+06
1.576e+06
1.15713e+06
617143
382824
295493
216064
123570
37403.7
30646.5
19090.5
8976.29
36570.1
86484
32007.8
56462.9
15065.3
3303.61
490.046
785.338
90.6614
336.187
6335.19
44676.8
196524
455426
715521
913165
1.04353e+06
1.12091e+06
575671
352906
270695
194853
108010
75342.9
148419
212774
132898
184899
87418.5
24767.3
5216.83
15228.6
2609.98
69121.7
192670
348406
484861
284149
)
;
    }
    procBoundary3to5
    {
        type            processor;
        value           nonuniform List<scalar> 
1085
(
0.0118594
0.0118594
0.0152661
0.0152661
0.0308455
0.654144
0.10852
0.0337028
0.0513243
0.00190149
0.00190149
0.0202416
0.0117734
0.0226377
0.0879831
0.0210103
0.0443566
0.0178926
0.0178926
0.0966966
3.39968
132.104
24.0744
3.15786
0.335515
0.0644142
0.0521668
0.0512991
0.0512991
0.00190149
0.0202416
0.0106431
0.0106431
0.0118001
0.0270891
0.16565
0.0273752
0.142724
0.847382
3.50243
0.379141
1.3916
0.13943
0.0263575
0.0263575
0.369347
13.973
537.772
1067.65
247
41.8642
5.18154
0.506586
0.120862
0.103281
0.00754776
0.070399
0.0521668
0.0693362
0.0518766
0.0570973
0.247451
0.165818
0.029564
0.0353652
0.000672354
0.000672354
0.00356348
0.0121426
0.0174964
0.0843911
0.0223589
0.135053
1.10933
7.22867
1.15591
6.17657
24.8399
76.8414
11.9732
30.8381
3.89763
0.38011
0.0457992
0.0457992
1.11338
43.673
1677.63
3594.81
163.393
46.5509
10.3528
1.69327
0.219098
0.0403009
0.102131
0.103071
0.00531023
0.000410784
0.000214393
0.000470132
0.00788895
0.0677741
0.0683468
0.114894
1.18008
0.610481
8.35483
5.80201
0.309661
0.862666
0.0669153
0.0416804
0.00408634
0.0240868
0.0353652
0.000672354
0.00356348
0.020122
0.020122
0.0221876
0.014295
0.0366578
0.32731
2.98142
0.757713
5.65688
32.9906
145.653
34.4156
127.687
344.649
731.645
179.417
329.523
62.8349
8.46281
0.86404
0.0869761
0.0869761
2.69818
105.138
4018.97
8834.58
428.813
17.7811
6.47263
1.86633
0.412906
0.0910363
0.0526258
0.0526258
0.00531023
0.000410784
0.000214393
0.000214393
0.000470132
0.000337894
0.000337894
0.000122362
0.000230631
0.00155681
0.0231811
0.0236325
0.0273304
0.0832159
0.0633616
0.0218979
0.0328175
0.0872965
0.160754
0.322163
0.0288046
0.022245
0.022245
0.0247539
0.0663139
0.0369246
0.289635
0.113408
1.12731
9.6562
63.2088
21.6616
115.62
442.625
1297.49
467.873
1158.12
2266.86
3579.8
1272.82
1856.02
498.652
102.217
14.4457
1.53525
0.14615
0.14615
5.04138
194.21
7232.7
16681.9
848.601
36.5429
1.43935
0.688732
0.258277
0.0884194
0.0480425
0.0348336
0.0348336
0.0943204
1.58772
0.194605
0.0324894
0.0736449
0.074179
0.00499703
0.000407312
0.000407312
0.00658728
0.00646226
0.000254052
0.000122362
0.000122362
0.000230631
0.00155681
0.00677355
0.00677355
0.032874
0.0435357
0.354071
0.266448
1.14957
3.64496
9.29325
17.9633
0.562266
0.0335788
0.0231627
0.0231627
0.0271013
0.105531
1.05739
0.623054
6.06861
2.95354
23.451
140.377
588.317
295.126
1028.8
2709.46
5213.6
2878.6
4912.89
7109.28
9229.26
4813.31
5704.85
2298.4
635.172
134.731
19.6929
2.15576
0.201551
0.201551
7.27031
277.688
10219.9
24549.2
1282.67
56.3383
2.27189
2.27189
1.43935
0.688732
0.258277
0.0884194
0.0480425
0.413636
10.2527
218.825
34.0676
3.93794
0.366155
0.0858551
0.0739725
0.0403741
0.0234719
0.0224105
0.00309181
0.00309181
0.0333327
0.0353931
0.0531626
0.0526151
0.00228514
0.00228514
0.000254052
0.00295646
0.0265294
0.0197787
0.0271419
0.0523956
0.050818
0.050818
0.0761216
1.53618
5.16459
13.7377
27.4332
41.1679
26.404
0.795183
0.0537232
0.0387796
0.0387796
0.04444
0.140199
1.44114
13.1249
9.9118
70.286
45.1237
245.218
964.952
2866.54
1897.78
4383.3
7772.49
12055.7
8258.01
11691.7
15089.5
17772.8
10862.7
11710.6
6124.56
2502.88
699.512
150.16
22.264
2.46555
0.230216
0.230216
8.39899
320.194
11769.8
28798.6
1522.4
67.3658
2.73048
2.73048
77.4425
64.166
40.9055
19.5074
6.93574
1.91008
48.3402
1026.87
16316
3575.73
560.204
67.1682
6.15212
0.520235
5.43893
0.340521
0.0352614
0.0234722
0.0325227
0.0171924
0.0171924
0.0510388
0.0349211
0.0576073
0.0658321
0.0529782
0.038079
0.00986809
0.00986809
0.0230867
0.0357163
0.016178
0.068082
0.440399
0.0456972
0.178711
0.816283
2.91751
0.155432
0.421072
0.0440501
0.0298723
0.0298723
0.0455194
0.540493
0.208852
1.0925
1.65835
1.95768
48.3632
30.7328
0.91473
0.0563371
0.0395045
0.0395045
0.0457309
0.15787
1.6272
14.6332
99.1315
90.2322
435.462
354.213
1339.54
3719.94
7466.57
6031.64
10371
15859.9
21777.6
16916.8
21570.6
25195.4
27485.1
19303.1
33844.9
36294.3
36503.4
36680.5
34852.6
32242.5
1088.61
1088.61
940.85
711.87
473.108
15.4028
0.487822
0.0892557
0.0892557
0.0868819
0.0652528
0.0611641
0.0665082
0.0862778
0.0961263
0.0961263
0.866768
26.5234
773.68
25185.9
19270.3
13049.2
7820.29
3991.48
1503.68
411.862
85.6204
12.4957
1.37314
0.133385
0.0436408
0.0381572
0.0381572
0.0522556
0.744808
24.9475
38.7613
1.55642
0.111228
0.0672719
0.0672719
0.107913
1.29062
25.7189
398.735
4315.22
27704.6
102836
188748
259719
329449
500554
1.0072e+06
1.49188e+06
1.6159e+06
1.56253e+06
1.55702e+06
1.5531e+06
1.54304e+06
1.54374e+06
1.55858e+06
1.56936e+06
1.533e+06
1.40567e+06
1.14367e+06
727037
263851
34161.7
2696.02
164.82
8.07437
8.07437
389.549
18455
451492
557988
39579.8
1038.04
25.3321
25.3321
823.256
23200.5
349900
1.06823e+06
1.53127e+06
1.64498e+06
1.55674e+06
1.42294e+06
1.30531e+06
1.21782e+06
1.1616e+06
1.12866e+06
1.11145e+06
1.10665e+06
1.10854e+06
1.11615e+06
1.1301e+06
1.15028e+06
1.17876e+06
1.25245e+06
1.43018e+06
1.45996e+06
1.21645e+06
986581
884928
828900
783971
686179
452153
128687
9101.15
429.78
16.5102
0.611971
0.611971
14.9247
359.7
7445.77
15124.2
23548.5
28551.3
1511.65
67.0066
2.72128
2.72128
77.257
1993.85
1994.66
1643.05
1042.5
499.897
179.998
3830.19
59332.7
314063
151081
40082.3
6458.49
791.888
75.0373
569.079
44.179
2.77619
0.173255
0.725495
0.0607012
0.140044
0.0454965
0.0430598
0.0430598
0.0463862
0.211188
0.0931032
1.36515
0.318459
0.258671
1.11073
0.0667516
0.14867
0.0456026
0.0456026
0.0474797
0.031744
0.179114
0.0555208
0.457808
0.0655826
0.583915
4.99097
30.8022
2.73523
12.6553
46.8349
132.553
8.35771
17.7213
0.884603
0.0603687
0.0335843
0.0335843
0.0639255
0.114438
0.125155
0.121511
1.91873
47.3691
30.1346
0.897322
0.054925
0.0382535
0.0382535
0.0445047
0.155379
1.59973
14.3662
97.1462
459.256
469.476
1707.73
1604.89
4261.71
8373.39
14066.8
12661.9
19028.9
25359.2
30235.5
27119.1
31014.8
33299.4
33409.2
33224.6
32245.1
30880.8
1038.39
36.8598
38.809
38.809
32.8282
24.1762
0.757821
0.0986499
0.0986499
0.0953284
0.0715338
0.0959658
0.105973
0.105973
1.0851
32.8493
938.795
28976.4
30231.9
26744.2
20647.3
14015.9
8415.41
4332.11
1664.01
4445.15
8646.18
14442.9
21288.6
20834
27121.5
31084.8
31073
27506.5
1.25121
1.31921
1.31921
1.10391
0.135673
0.135673
0.130076
0.138353
0.138353
0.143648
0.143648
0.143648
0.06582
0.06582
0.117051
1.60194
32.1398
496.417
5338.21
34476.2
119916
211854
286655
361198
541608
1.04686e+06
1.51072e+06
1.61567e+06
1.61137e+06
1.59973e+06
1.58855e+06
1.57427e+06
1.53574e+06
1.43887e+06
1.24674e+06
934455
495937
133606
13540.9
1029.88
62.537
3.02204
3.02204
148.016
7185.59
255554
337737
14914.6
387.511
9.33219
9.33219
308.52
8890.3
182004
822771
1.38897e+06
1.63008e+06
1.62908e+06
1.52289e+06
1.41145e+06
1.31786e+06
1.24935e+06
1.20535e+06
1.1799e+06
1.16772e+06
1.16576e+06
1.1714e+06
1.1862e+06
1.2129e+06
1.37439e+06
1.42094e+06
1.20491e+06
996768
894368
848450
821650
756711
562103
218724
20264.5
969.672
37.6751
1.34472
1.34472
33.3273
771.199
1234.64
54.4358
2.20829
2.20829
62.4196
1607.35
33355.6
41115.6
41014.7
33784.6
21452.7
10350.2
138883
462802
688868
577872
407648
195751
46714.9
5854.24
25752.8
2643.44
208.454
13.3674
39.7052
2.20675
4.36692
0.24523
0.0476523
0.0435631
0.0435631
0.0489961
0.366269
8.26325
4.15788
3.38171
6.6951
0.253883
0.432288
0.0285388
0.0171625
0.0171625
0.0231143
0.127522
0.0804536
1.01107
0.51971
6.43474
2.12176
21.7579
4.68375
37.8142
233.734
1066.83
146.959
526.221
1461.2
3051.58
277.647
428.424
27.6029
1.37333
0.110878
0.0657211
0.0657211
0.0685637
0.0685637
0.120634
1.63756
32.9065
508.788
5473.4
35455.3
122321
215003
290225
365951
549773
1.05381e+06
1.50969e+06
1.49071e+06
1.45213e+06
1.38571e+06
1.27043e+06
1.08618e+06
810728
451126
140566
18467.4
1793.04
132.647
7.55685
0.356804
0.356804
17.6305
852.493
41262.2
62604
1763.53
44.2368
1.06045
1.06045
35.3816
1039.37
25392.4
320017
936423
1.38207e+06
1.591e+06
1.63427e+06
1.58867e+06
1.51601e+06
1.44237e+06
1.38194e+06
1.34216e+06
1.32284e+06
1.31769e+06
1.32109e+06
1.33827e+06
1.39349e+06
1.19173e+06
996326
893775
853972
837400
790870
623915
285102
315357
314241
285114
223236
562825
753251
818473
783371
712394
585192
389405
156625
279079
70702.4
7322.38
598.468
1182.19
78.992
156.058
8.5331
0.433433
0.0508807
0.0356854
0.0356854
0.0546871
0.649139
16.5552
13.0587
84.5957
2.2255
0.0691672
0.0176517
0.0176517
0.04245
0.483043
6.56371
1.70031
21.2723
12.6049
125.999
64.4913
498.068
176.367
1037.82
4781.49
15855
3898.46
9974.11
19844.4
30073.3
4647.47
109567
198389
272046
345752
526760
1.02969e+06
965128
851967
678938
448526
211029
54911.8
8673.75
1068.17
103.262
7.69252
0.527158
0.0320149
0.0320149
0.99244
44.1605
1946.04
2878.57
84.8659
2.34114
0.0725574
0.0725574
1.89964
52.0213
1210.39
22250.7
233467
716072
1.13464e+06
1.37452e+06
1.48174e+06
1.50232e+06
1.47644e+06
1.43822e+06
1.40585e+06
1.38909e+06
1.38292e+06
1.38184e+06
1.18701e+06
997268
895615
857777
844868
803797
648553
646328
621220
786976
834961
853653
847813
829870
781967
685663
520085
615256
380886
123430
14239
27941.3
2351.62
13559.9
972.298
54.1826
2.47415
0.122876
0.037416
0.037416
0.143641
3.86844
117.022
133736
482277
847216
1.07429e+06
1.18672e+06
1.22368e+06
1.22142e+06
1.20699e+06
1.19611e+06
1.19055e+06
999639
896906
857925
843808
801643
895313
895367
887608
849860
764676
887347
745107
505866
197400
964476
995228
1.00057e+06
999815
73.466
643.543
210.304
1594.79
955.494
5486.22
2969.2
12211.9
41970.5
98660.2
42428.6
80228.2
157003
222487
289938
459451
348205
210992
89367.9
22928
4482.74
8727.18
37642.2
22595.9
73745.9
149209
202543
108694
0.0399151
0.0412757
0.0739581
18.2681
)
;
    }
}


// ************************************************************************* //
