/*--------------------------------*- C++ -*----------------------------------*\
  =========                 |
  \\      /  F ield         | OpenFOAM: The Open Source CFD Toolbox
   \\    /   O peration     | Website:  https://openfoam.org
    \\  /    A nd           | Version:  9
     \\/     M anipulation  |
\*---------------------------------------------------------------------------*/
FoamFile
{
    format      ascii;
    class       volScalarField;
    location    "0.00105";
    object      p;
}
// * * * * * * * * * * * * * * * * * * * * * * * * * * * * * * * * * * * * * //

dimensions      [1 -1 -2 0 0 0 0];

internalField   nonuniform List<scalar> 
8976
(
185509
4170.64
4722.74
202036
43631
195846
49386.4
180634
88733.1
4320.26
4158.01
4150.69
4096.44
4160.11
4147.24
4273.07
116947
117935
192183
179350
127354
131177
182422
4369.73
4215.94
4394.71
4254.8
4151.34
4277.73
4080.68
88867.8
88275.8
4789.19
6260.39
102980
4811.24
78395.4
119983
211058
117536
125487
198902
125707
188497
39935.2
8505.77
5031.01
77754.2
5157.74
4566.1
48500.5
125385
208491
117360
201166
119890
125328
187533
40398
43862.6
5041.74
5227.99
8624.35
77989.8
4583.86
116573
188290
130238
116781
178216
127147
180974
79178.6
4834.35
4834.67
88913.4
6355.6
102873
4834.37
4101.48
4192.12
4194.26
4283.49
4169.14
4085.32
4289.26
4164.71
4050.69
4057.54
4218.47
4111.25
4111.29
4238.51
4277.18
4298.99
4148.15
4151.74
4213.65
4142.69
4286.25
4186.89
4149.57
4319.72
4177.98
4269.6
4281.48
4082.33
4055.37
4146.57
4045.28
4222.71
4101.74
4211.45
4105.58
4189.45
4367.24
4056.62
4367.23
4259.41
4148.49
4285.39
4268.35
4136.83
4134.58
4272.96
4155.56
4221.77
4134.54
4303.84
4205.93
4301.35
4153.14
4371.28
4167.14
4250.9
15778.6
13142.9
4745.7
5015.45
4880.68
17767.3
12533.2
54301.2
86319.5
49989.9
96832.3
47671
93626.1
57743.2
4211.79
4001.61
4041.77
4019.28
3905.96
4095.49
4140.19
4271.63
4180
4267.78
4138.04
4334.04
4149.05
4221.38
4219.09
4282.67
4156.92
4291.05
4017.83
4341.56
4254.37
143501
123007
115965
138592
122181
140964
141079
144024
139304
123566
116425
141732
122104
141940
173540
181623
172223
181167
171649
172730
185118
144171
126079
126390
147773
125134
143893
144519
4285.46
4285.84
4321.55
4478.26
4361.16
4398.71
4234.59
4300.26
4180.43
4172.09
4440.8
4375.68
4130.56
4370.06
4292.86
4308.68
4340.52
4489.84
4372.74
4406.39
4253.54
4335.36
4245.99
4244.76
4231.75
4238.48
4277.5
4290.57
4292.6
4273.3
4194.39
4141.33
4160.71
4357.7
4226.27
4283.27
4325.07
4334.03
4206.61
4389.32
4239.18
4247.76
4313.46
4270.02
4283.14
4273.32
4333.29
4330.08
4349.94
53659.2
97096.7
49796.8
86253.8
93821.8
46931.1
57558.9
52864.4
47780.9
96841.6
85511.3
93355.7
56406.1
45506.1
12693.6
4712.19
4725.93
10686.9
4697.76
11542.4
11282.4
20581
5700.06
25864.5
5790.22
5364.73
23590.4
23030.3
60200.7
102269
102241
64668.1
100021
63295.1
62791.4
16331.3
14625.2
4792.54
5117.74
4916.94
13390.8
18884.6
46568.7
81410.3
81070.6
36462.5
85538.1
41524.5
40935.5
10660.1
10398.5
5211.29
4689.12
10372.9
10483.1
5010.55
33911.7
72102
41073.3
77657.2
39628.7
72421.7
35451.1
11346.8
5364.33
4941.14
11516.5
11970.1
5134.1
11072.3
10191.6
4533.84
10839.3
4678.76
10949.1
9928.45
4726.7
10845.3
10466.9
5227.24
4710.87
10510.4
10585.9
5043.82
11809
12118.5
5426.28
4988.35
11579.1
12536.3
5180.03
34488.5
78071.1
72368.2
41373.7
35661
72900.1
40382.7
10455.3
4558.43
4707.97
10989.4
10034.7
11349.3
4755.74
142627
138157
115363
122517
140320
121269
140593
142743
115533
122617
138393
140715
140538
121318
171686
180091
171564
180143
171146
171013
183269
143150
125712
125750
147446
143524
124323
143454
47987.9
81989.9
37954.3
82003
42816
42797.3
86200.2
17098.6
14855.7
4837.28
5153.76
14034.2
19169.1
4982.42
13746.2
11444.3
4769.65
4764.52
12334.2
12296.3
4752.5
54318.9
86428.2
96948
50068.3
57793.7
47693.9
93667.3
21476.6
5856.84
26242.7
5861.02
23967.5
23940.8
5487.79
60885.6
102086
102129
64889.1
63517.1
99819.1
63492.8
17103
4834.78
14866.3
5157.76
19212.5
14020.9
4982.35
4223.65
4052.99
4000.41
4022.49
3909.54
4108.48
4140.21
4278.92
4185.25
4292.73
4285.52
4352.39
4043.78
4266.18
4196.25
4145.35
4166.13
4224.42
4323.17
4143.2
3964.41
4416.33
4066.37
4230.73
4141.17
4345.56
4157.49
4255.91
4226.19
4293.28
4162.66
4296.95
4351.2
4028.65
4254.5
4236.68
4178.46
4309.94
4307.89
4359.45
4268.21
4040.43
4247.71
4044.67
4149.57
4044.53
4196.49
4202.27
3941.55
4412.24
4264.48
4270.51
4227.82
4337.14
4317.58
4323.5
4181.97
4129.88
4202.6
4148.81
3950.33
4129.88
4299.28
4261.66
4180.68
4274.81
4288.13
4259.19
4034.65
4337.73
4397
4062.83
4125.59
4225.89
4142.87
4253.13
4322.45
4264.3
4149.38
4408.32
4150.79
4338.61
4106.62
4339.23
4271.79
4280.78
4462.74
4319.8
4341.87
4387.9
4228.99
4289.18
4255.01
4247.4
4247.46
4305.13
4305.25
4328.66
4271.9
4462.89
4280.99
4319.64
4229.02
4341.97
4387.88
4318.32
4246.14
4246.61
4232.89
4272.84
4237.91
4272.99
4271.39
4180.92
4268.17
4138.55
4221.3
4149.24
4333.86
4274.47
4325.18
4324.79
4209.43
4235.65
4381.36
4235.86
4219.14
4282.92
4290.98
4156.79
4254.51
4017.88
4341.51
4240.12
4037.01
4160.1
4036.81
4196.1
4196.2
3928.45
4413.48
4264.2
4263.79
4238.07
4320.63
4333.6
4320.86
101362
104379
1.3511e+06
174679
101352
101299
101298
101787
101302
101298
101298
102354
194337
101303
101298
756070
149174
101306
101299
144979
101359
751676
641085
101326
104383
102595
244598
101300
101298
130404
101338
677931
101301
101298
266149
103730
101298
101299
101298
101298
101298
104052
101333
1.2812e+06
1.13843e+06
1.01766e+06
877230
735799
324572
435533
101433
101298
101300
101298
101360
101298
101298
101298
103120
101322
101298
101298
101443
101300
636144
781559
663103
155667
185465
195880
149042
782422
628489
661730
154861
182154
146474
195305
134184
122504
107990
105157
102482
102083
101542
555107
559006
444844
156530
131811
117827
131181
1.10285e+06
270150
718079
147182
418443
160060
106334
101298
101298
101298
101298
101298
101298
101298
381787
155671
403747
114766
102595
102778
113130
154006
372316
400832
114488
102472
102729
112349
411083
203332
318126
108809
106363
104045
114640
704406
179874
557819
127519
105276
103264
153336
315224
116716
240581
102072
108828
105402
101708
219714
102852
165215
108460
101638
101471
115047
104949
101447
102410
101315
101429
101337
101303
108435
101512
102775
101335
101556
101350
101305
108066
125415
168580
103043
101359
101906
101474
104663
110084
103471
101678
101401
101543
101309
119104
116835
282426
106605
101330
101681
101741
102789
103703
101332
101371
101337
104033
102604
102765
101370
101330
103584
101337
102526
104009
104783
101561
101595
101387
101398
101308
101306
101436
101299
101339
101299
101326
101306
101298
102425
101610
114001
102712
101301
101332
101422
101319
102822
102119
101739
101319
101309
102107
104650
101538
101586
101377
101395
101307
101306
101459
102259
101382
101350
101325
101303
101301
101318
101303
101494
101401
101298
101301
101309
101329
101332
101538
101306
101298
101299
101299
101299
101615
101332
101659
101299
101307
101337
101651
101299
101329
101305
101307
101336
101592
101935
101329
101394
101299
101345
101313
102568
101491
101307
101300
101426
101303
101366
101655
101301
101334
101371
101339
101382
101301
101300
101339
101368
101381
101301
101299
101300
101300
101672
101311
101335
101303
101311
101299
101299
102118
101301
101333
101300
101320
101299
101298
101345
101310
101323
101299
101300
101299
101299
101712
101310
101333
101302
101310
101299
101298
101314
101303
101300
101299
101299
101298
101298
101425
101298
101299
101298
101307
101301
101309
101341
101298
101298
101300
101299
101313
101302
101299
101298
101307
101300
101298
101298
101298
101357
101298
101301
101298
101304
101298
101298
101299
101298
101303
101299
101298
101298
101298
101303
101301
101308
101298
101298
101298
101298
101298
101300
101298
101298
101301
101298
101298
101298
101300
101301
101298
101298
101298
101298
101299
101298
101299
101298
101298
101298
101298
101301
101298
101298
101298
101298
101298
101298
101299
101298
101301
101298
101298
101298
101298
101348
101298
476745
1.29429e+06
102057
641825
128056
683000
953292
146685
101316
1.17883e+06
1.29644e+06
993625
1.36932e+06
929125
866638
1.1842e+06
1.04223e+06
194070
807682
367565
1.17182e+06
764285
103187
755167
101788
708282
593279
234360
102080
101305
741589
715358
772461
794836
855181
894446
835456
937189
1.34107e+06
654043
1.26382e+06
1.34638e+06
434110
106292
931223
847691
815679
1.1636e+06
949379
993600
1.23418e+06
812848
810006
756546
949414
967965
1.02359e+06
891143
959636
1.09673e+06
1.00139e+06
1.25876e+06
1.11519e+06
1.11599e+06
1.30709e+06
897368
850047
776615
774833
894493
857489
724081
1.13341e+06
186143
101613
110679
942808
101541
101298
950439
1.21678e+06
1.01063e+06
1.06862e+06
1.24571e+06
1.2745e+06
1.01364e+06
769362
759343
749269
707021
639417
643378
550289
101298
487534
101723
102717
584988
101441
101298
1.07867e+06
948124
890759
1.0575e+06
1.36519e+06
1.14611e+06
1.30643e+06
410154
101429
101299
101330
105156
101298
101298
1.12632e+06
1.31727e+06
1.2114e+06
1.07039e+06
1.30105e+06
955356
1.32934e+06
881873
981240
1.02906e+06
1.07221e+06
1.12067e+06
1.23669e+06
1.19893e+06
1.3207e+06
1.34227e+06
1.14017e+06
1.20188e+06
1.22933e+06
1.34766e+06
1.36529e+06
1.14414e+06
1.31947e+06
1.34131e+06
1.19543e+06
1.23173e+06
1.32848e+06
1.09627e+06
815194
910218
930030
772465
473319
625168
628162
101321
101298
101298
394487
101472
118845
101301
106693
1.39461e+06
1.11684e+06
101311
152998
101298
101738
1.02757e+06
1.38165e+06
1.14058e+06
1.3915e+06
1.25114e+06
1.35205e+06
1.35229e+06
1.27058e+06
483511
954724
846052
807836
328403
1.2224e+06
681775
704506
756133
362688
531314
412774
242048
1.272e+06
1.11406e+06
1.26755e+06
1.31754e+06
1.34003e+06
1.34126e+06
1.36413e+06
264061
536329
667334
547781
135186
173650
418169
566511
667864
758357
314048
521679
400159
205104
1.11179e+06
1.29707e+06
1.15236e+06
1.34749e+06
1.40179e+06
1.3747e+06
1.32789e+06
1.27035e+06
1.29885e+06
1.31924e+06
1.36154e+06
1.18746e+06
1.07643e+06
1.37795e+06
1.37027e+06
1.34252e+06
989598
1.2042e+06
748752
1.00959e+06
449530
810245
427011
606525
266230
395641
184232
133537
438205
115633
315395
115621
315973
210599
106050
674531
602376
962846
124387
442689
193490
1.1261e+06
1.41701e+06
1.39762e+06
1.28154e+06
1.39418e+06
919405
1.28827e+06
1.21019e+06
601521
312376
213312
201477
294268
111257
112927
378965
110015
105680
151545
209241
121089
267936
448395
609194
413508
250628
107249
142268
131012
1.09798e+06
1.20093e+06
1.37209e+06
1.30951e+06
337888
804996
986288
548770
148020
204916
178082
256911
108345
105303
1.28021e+06
875511
1.13714e+06
323413
733893
1.01631e+06
1.35022e+06
534978
311644
190153
202280
131998
114316
105476
1.39681e+06
1.38471e+06
1.31964e+06
1.29849e+06
1.20672e+06
781596
924505
101298
101530
513706
101298
101320
101298
101298
105150
122419
194206
134233
101542
107984
102484
279200
123017
153027
119476
109474
103064
101915
101298
104620
101298
101298
101298
101298
101298
104640
114509
184816
129893
101451
102328
105604
1.10135e+06
146728
269102
159583
416746
716345
639149
1.21546e+06
340543
709608
317142
688757
194983
112935
1.38836e+06
666929
1.14073e+06
466789
968697
452913
152875
244094
104818
125866
102257
107933
102181
101422
710766
105997
225795
116347
400212
124512
102055
192451
131533
307459
111803
101650
102373
105036
352881
1.07415e+06
942407
265895
119972
110706
365239
102052
109743
122581
104435
101340
101405
102483
174930
101872
102421
106446
103771
101469
101336
108460
101335
101513
101350
102776
101557
102360
102491
125178
121483
102028
101351
101342
102159
141532
102450
113699
101439
102801
101753
101339
703016
127337
556463
179458
105253
103252
243977
102843
101385
103999
101536
101302
101306
101430
108925
102102
115169
101799
101314
101328
101569
101421
105656
105068
101639
101311
101696
101309
104930
101337
102408
101315
101784
101446
101303
168331
208985
615847
138369
101442
103097
104324
118976
106568
281521
116745
101330
101678
102587
134845
174438
129932
104018
102422
103522
101385
103449
110012
173996
104627
101309
101400
101674
102010
101306
101564
101300
101356
101318
101299
104594
101353
102383
101304
101412
101336
101300
101667
101539
104002
101394
101299
101307
101311
101771
101406
101494
101324
101314
101305
101299
103928
101350
101326
101485
101389
101304
101300
106183
101793
101541
101304
101418
101543
110916
101668
101303
101311
101299
101310
101335
101432
101332
101306
101538
101329
101298
101299
101302
183240
101461
104383
101767
710718
744551
668306
806750
102541
235612
101305
125533
101526
654657
733262
796454
266927
753801
663015
751021
751174
749790
728324
733653
700958
778434
680022
762662
747867
716853
695863
729533
795013
763760
801919
704214
658060
595199
101299
750473
181388
204152
101310
101380
101298
809439
762009
771316
630323
452240
435626
641003
800874
804631
743589
606008
338137
398261
563602
227507
575628
568638
441498
146231
141505
453039
793277
724609
784441
554912
647888
498773
357838
517265
209604
549926
413673
121108
132160
366048
785500
565387
744846
260540
496856
397718
183812
152377
465907
388518
111869
298830
222125
106113
608754
637078
409879
416333
235169
209685
124771
544470
431284
668950
274705
108299
168515
129109
110608
188762
287028
155733
101804
103067
117227
259900
102379
138602
109623
133730
108657
272664
233292
104829
115399
102085
124994
106877
195862
103091
108250
155462
124158
101386
102034
104121
436734
114178
204164
104840
128736
104840
101705
356754
108332
146388
102729
116066
103928
101524
106435
125982
102076
101418
105158
102027
101320
109007
101364
101325
101520
101546
103453
102174
506390
635180
535926
420063
283807
701908
587059
345496
425963
462029
468316
613255
616219
648824
646169
667186
455030
497234
437735
479470
622984
654879
580669
513865
520172
685861
723208
724112
683956
551563
734911
621417
599761
531786
690837
727363
534312
694906
694716
690554
493014
691688
489854
691713
455994
682424
524161
692996
686996
477527
675711
432704
337610
644325
640534
677766
427631
383976
659453
610527
669458
317483
629706
411888
101301
101335
102457
102156
112346
101649
101326
101298
101301
101407
101324
102145
101407
101301
101312
101343
101764
101379
101298
101305
101300
101299
101376
101300
101303
101298
101298
101299
101312
101358
101584
101308
101298
101300
101299
106012
101307
101469
101305
101433
101303
101298
101323
101298
101300
101299
101300
101327
101299
101300
101303
101352
101314
101298
101299
101299
102223
101302
101299
101300
101321
101344
101374
102112
101299
101333
101300
101359
101301
101298
101315
101298
101299
101298
101299
101299
101307
101303
101300
101351
101298
101301
101298
101298
101298
101298
101299
101298
101298
101299
101309
101299
101301
101298
101298
101298
101298
101298
101301
101298
101298
101298
101298
101298
101298
101298
101298
101302
101299
101298
101298
101298
101308
101298
101299
101298
101298
101298
101298
101301
101299
101309
101298
101298
101298
101298
101298
101298
101302
101298
101298
101298
101298
101299
101298
101301
101298
101298
101298
101298
800676
797810
111848
825105
136268
829405
586362
504430
460137
577360
467859
586507
595723
775474
769141
481974
653182
643225
606773
616459
792797
819400
768567
831351
762984
846728
722460
707215
852157
836450
792044
796616
850288
695769
856045
680363
810728
817652
784810
841640
613318
673579
830970
818786
832260
810171
844113
588219
646693
831800
718295
130697
412757
388531
390388
733177
367171
685738
271562
256157
121137
342613
322124
628339
1.25265e+06
685411
187868
104337
787835
101298
1.31447e+06
101298
102810
101300
1.37832e+06
525614
402099
160228
101588
1.26117e+06
611011
849397
595701
1.26676e+06
855519
1.26561e+06
1.07856e+06
194106
102265
185764
102244
1.28762e+06
684258
1.24223e+06
874179
1.28365e+06
1.01343e+06
1.36536e+06
932115
190829
101949
1.28775e+06
659399
418603
1.22321e+06
106482
101343
1.09266e+06
1.32792e+06
1.21131e+06
153157
925500
1.16433e+06
1.46023e+06
507744
101725
101303
101719
101303
603364
186833
988103
101509
122559
1.0961e+06
1.36467e+06
707696
128550
101301
574447
162357
105572
315896
101317
101298
917048
845110
913043
1.09645e+06
1.0455e+06
1.10056e+06
1.0395e+06
924354
847228
915601
1.0987e+06
1.05175e+06
1.1087e+06
1.04101e+06
690615
105068
847292
101300
103534
1.23015e+06
135155
941500
904834
969031
1.07777e+06
1.13133e+06
1.16779e+06
1.12044e+06
839139
881850
926178
921065
966841
1.08339e+06
1.04536e+06
1.02711e+06
1.25383e+06
1.02539e+06
1.22461e+06
1.33957e+06
1.22457e+06
1.34667e+06
752562
101311
289637
101298
101299
114365
101400
102493
101298
101310
268532
1.12741e+06
102792
101309
1.03953e+06
1.25748e+06
1.02926e+06
1.22805e+06
1.3451e+06
1.34801e+06
1.23699e+06
950133
1.06839e+06
1.01031e+06
1.21651e+06
1.24565e+06
1.2744e+06
1.17866e+06
1.28668e+06
1.29127e+06
1.08569e+06
1.15086e+06
1.16336e+06
788556
772215
1.06997e+06
1.29107e+06
1.08183e+06
1.14321e+06
1.16039e+06
783248
758038
1.05934e+06
1.31122e+06
1.09191e+06
1.34078e+06
1.25623e+06
1.28596e+06
1.32896e+06
820701
695447
829955
509649
371860
493328
388287
813519
695229
827299
507806
370236
388130
487474
895669
1.26065e+06
991591
1.32754e+06
1.04934e+06
1.20009e+06
1.42982e+06
1.3419e+06
1.20147e+06
1.13958e+06
1.32051e+06
1.23074e+06
1.34785e+06
1.29741e+06
1.05175e+06
1.28687e+06
1.01858e+06
1.10911e+06
704615
1.05068e+06
615356
787851
613308
743173
329683
441111
364414
266446
1.14398e+06
1.1954e+06
1.23166e+06
1.3196e+06
1.32869e+06
1.342e+06
1.36987e+06
365911
101328
101298
540399
108501
1.35695e+06
1.30832e+06
1.28492e+06
1.19357e+06
1.26103e+06
1.27542e+06
1.28333e+06
1.20985e+06
1.26062e+06
1.28723e+06
1.2779e+06
1.19673e+06
1.26869e+06
1.21213e+06
1.29204e+06
1.26197e+06
1.11164e+06
1.34755e+06
1.15221e+06
1.29697e+06
1.4021e+06
1.37514e+06
1.26372e+06
1.0016e+06
1.20337e+06
1.03789e+06
1.24466e+06
1.37376e+06
1.39038e+06
1.20626e+06
1.28607e+06
1.43672e+06
1.27139e+06
1.41266e+06
1.15762e+06
1.34484e+06
927380
1.16151e+06
1.28949e+06
1.30523e+06
1.32137e+06
1.18928e+06
1.09369e+06
1.32092e+06
603017
614542
522487
278471
293639
199098
188481
615004
508175
523118
277852
293792
199224
188031
1.03587e+06
684270
914413
573307
783667
465751
280247
536413
548886
668093
264732
135316
174199
194096
1.27088e+06
847586
955753
810134
955182
485472
330194
1.2718e+06
1.31855e+06
1.34007e+06
1.11589e+06
1.34202e+06
1.26885e+06
931323
521535
472409
409201
243813
196169
165025
136273
1.36204e+06
1.29892e+06
1.31931e+06
1.27155e+06
1.18895e+06
1.07808e+06
1.34211e+06
1.32296e+06
1.14098e+06
1.01517e+06
635264
1.31501e+06
1.03648e+06
1.15673e+06
1.32401e+06
1.08938e+06
1.34403e+06
809897
1.28923e+06
979129
1.34708e+06
1.41734e+06
1.39458e+06
1.28136e+06
1.39768e+06
920868
1.34701e+06
1.28912e+06
1.41674e+06
1.33797e+06
1.13604e+06
1.37044e+06
1.24154e+06
1.43171e+06
1.42295e+06
954641
1.09422e+06
1.31433e+06
1.29423e+06
421169
858572
1.02342e+06
1.32506e+06
629794
1.01082e+06
1.13532e+06
1.03588e+06
1.15462e+06
1.32141e+06
667245
556081
447773
417418
309645
194183
132463
1.39696e+06
1.29929e+06
782656
1.38508e+06
1.32013e+06
1.20761e+06
1.39468e+06
437767
210264
314556
115612
146504
115523
106031
1.38028e+06
1.42464e+06
1.4391e+06
1.40168e+06
1.37794e+06
1.03603e+06
1.15864e+06
360302
199448
378876
127161
104924
105550
123249
1.24321e+06
299188
748327
520725
1.14488e+06
714790
911732
359570
199333
379154
127148
104867
122986
105541
1.31057e+06
1.20233e+06
1.37256e+06
1.09969e+06
339560
807113
656430
1.28119e+06
579805
1.19361e+06
1.01612e+06
438892
338545
1.12914e+06
380344
151914
210177
110064
121303
105729
103201
676593
964736
444817
604929
194580
369666
124703
101434
101298
101298
101298
101598
801927
103251
126030
101298
101305
101298
101298
101299
101298
700860
204004
721787
287616
109105
273136
110067
200659
683088
715282
283267
108447
109797
262189
316815
133886
253267
103674
115907
109121
102513
1.4214e+06
662038
1.07593e+06
688702
1.12234e+06
517232
176258
616906
106197
133617
222770
513446
174361
103917
161636
126069
103355
102413
154573
103656
129929
160986
102407
103270
125617
103625
129826
152714
1.38877e+06
468034
453941
667926
1.14146e+06
1.11772e+06
969910
1.21642e+06
195850
711434
318330
944176
341875
113038
526897
124872
241443
111374
172668
107860
102180
1.44628e+06
811917
882549
1.28985e+06
1.2434e+06
723626
261281
102636
118066
137203
120430
101648
102004
110443
115446
246667
381713
133850
101674
112731
102394
112152
101792
113851
105665
101436
101459
105051
101791
112043
113844
105666
101434
101459
105015
737425
515478
112572
220440
395267
168248
872258
529048
320230
982728
738970
107853
171906
301081
114364
129699
184161
104608
101450
102321
101783
111919
193114
308888
131830
101652
110750
102383
369903
221816
605813
172223
102657
106526
121126
101298
101298
101298
101298
101298
102045
101298
108829
101451
105469
101389
103822
102607
101345
109384
101441
102556
101392
104058
101591
105258
255061
105302
162326
101828
109214
103706
101452
141777
101755
113747
101439
105177
102454
101339
124793
713053
227070
116519
187077
106058
102064
266396
1.07474e+06
943083
353299
120028
110734
477206
406601
1.1852e+06
1.06607e+06
406753
134196
117536
540574
432078
109687
103667
102598
195509
115361
153313
104473
109814
122845
102062
101341
101406
101616
101359
101834
103002
101828
101304
101467
101317
130130
174777
514927
135082
101385
104033
102431
152490
101401
104629
101657
113903
102064
101322
219039
231091
269680
108168
106348
108713
101559
138529
209324
616624
168500
101443
106706
103103
102283
101431
101329
101304
101334
101455
102136
102282
101304
101328
101429
101334
102126
101455
190925
282463
760147
190997
101540
108507
104420
102910
103410
102230
101433
101377
101360
101303
101318
101384
101856
101591
101300
101308
101342
101394
101667
104008
101539
101299
101330
101307
102990
102095
113990
101788
101302
101329
101362
101623
101322
102005
101452
101300
101303
101366
103949
101326
101304
101350
101486
102062
101390
109258
101377
101395
101698
101608
101314
101302
101730
101370
103924
101447
101299
101321
101302
115437
102104
101313
102330
101803
101695
129808
101416
101299
101303
101299
101334
101302
101315
101309
101318
101601
101386
101298
101304
101301
101515
101328
101335
101309
101307
101300
101298
729496
1.14316e+06
755227
713747
743665
1.12299e+06
1.16629e+06
114397
750041
239746
102791
1.0428e+06
481673
554142
599423
449894
1.02985e+06
721667
801845
564421
445699
568148
1.06222e+06
422476
804231
1.06587e+06
496766
570019
835364
1.23331e+06
532870
667763
799302
569830
456407
724319
1.30636e+06
645999
507014
528506
529239
425689
605921
774114
576888
728106
487274
434475
626295
204480
643315
512687
778044
597643
590573
543462
652752
712352
708958
659250
552802
592036
543601
651400
709979
654309
708595
499544
558113
492265
630066
698570
695955
632998
559972
503665
494164
630713
698990
633051
696556
459585
451825
472104
568346
534032
576104
527094
475934
448566
470452
566196
526281
569285
524440
423485
416645
437166
564852
538747
532362
570542
446743
416203
438008
565241
536923
569721
531989
605970
615751
588821
718970
669538
683980
732981
471815
488201
516605
546393
589371
608410
563116
508666
578454
521144
704342
640211
659923
721646
961029
1.19883e+06
1.35307e+06
891100
1.30594e+06
564316
717082
1.01119e+06
133835
874810
628758
1.32926e+06
715580
569640
433579
447373
470404
550751
581108
603958
574172
508283
568826
540117
633628
615164
665723
585507
634375
634765
609191
704454
804739
733232
760718
601965
589998
546237
701654
825928
760468
776840
420742
450275
444772
538013
531387
570423
577765
536165
447487
422945
419608
443749
530854
570258
679215
795234
628309
722333
787789
686578
621660
818938
101422
563450
130862
531533
576926
828919
788076
620405
679203
676587
719563
785027
618814
469306
536674
494810
646545
675004
715170
614055
448973
460936
479367
551515
576739
594049
623272
760397
885615
849828
1.03207e+06
878613
844127
766343
842514
876331
759063
758065
1.02824e+06
875475
841943
820636
1.06001e+06
878070
1.13429e+06
1.05815e+06
871047
829272
807999
640615
699419
717572
764935
826946
658389
826813
1.13707e+06
874442
820676
1.13303e+06
1.06002e+06
870483
604927
604427
650059
652798
706123
753527
698550
898273
862836
776747
792551
1.10552e+06
918588
888068
472861
557913
509612
673729
616977
665250
716261
1.07163e+06
896473
851184
893521
1.2062e+06
1.0933e+06
934842
371123
281396
826636
279324
769621
365850
101362
751359
899448
712123
805330
902288
707061
758933
712826
904432
758827
752147
806551
904819
707778
667998
780180
711107
867324
770295
816369
949560
785753
320723
101340
101359
112939
845847
130032
741374
794621
894322
715310
854953
772393
682817
900013
724735
776661
807633
794643
901890
746562
504007
597173
496809
653147
772937
660171
769845
605162
660448
501956
597185
496177
653514
770609
658669
812777
765170
925252
890317
1.03957e+06
1.0636e+06
602902
665475
706246
751938
810348
912012
822870
697405
758944
693842
721152
728459
734632
723188
768249
654136
705749
809141
825630
878785
753880
815403
1.1625e+06
993278
992808
948987
847545
930457
724295
756194
698605
759461
694608
721758
734427
518922
662617
545063
783688
677413
706560
800966
707428
737988
725418
715759
731265
745766
689604
849691
774893
858071
807703
894754
897010
776748
958503
1.25766e+06
1.11604e+06
1.09509e+06
1.11479e+06
999963
1.04101e+06
949343
756612
812888
866735
967893
1.02354e+06
810123
630534
670604
738076
722603
766705
788385
780009
715410
647810
586010
744745
801264
784231
814355
822442
860333
762205
873979
1.18913e+06
947665
1.0562e+06
1.13629e+06
947169
929233
1.18227e+06
1.36123e+06
1.23837e+06
1.22666e+06
706855
769463
749534
759535
549862
638843
755101
1.0572e+06
1.07778e+06
890714
948105
1.3651e+06
1.1458e+06
1.18338e+06
773468
673997
546714
774727
684645
772317
782668
774976
673259
772986
773814
546428
684016
782609
937270
981193
1.23659e+06
1.0721e+06
1.02904e+06
1.12057e+06
881961
995699
787666
851694
978332
763037
943923
841513
1.07104e+06
1.20993e+06
1.12533e+06
1.17157e+06
1.30154e+06
956654
1.31638e+06
770137
848559
764580
831975
853067
722025
708607
763956
825111
846953
831378
852255
721562
706228
648340
759097
773889
774167
415882
599885
727102
773457
815374
929967
910763
474292
626649
764853
811375
817452
841599
830558
800092
672293
611856
772666
789335
796031
663486
772856
714826
558620
727671
828604
800684
737240
794896
742651
609898
1.02745e+06
1.38155e+06
1.35208e+06
1.39188e+06
1.14036e+06
1.25094e+06
1.29381e+06
756314
412613
704472
363199
682195
593450
242154
837379
727646
798259
673792
757179
515163
376416
757953
312748
399319
565561
520629
707759
666819
1.13397e+06
1.34293e+06
451524
1.2053e+06
990778
750716
1.37012e+06
811380
185100
428272
267180
608229
397348
642787
727765
744672
814181
612798
190917
392251
404862
131603
720567
389143
733177
412846
393425
136444
645702
298934
660971
380306
122418
360623
126126
298537
644218
660947
379517
121848
357355
125942
387502
717422
732399
411532
130358
388895
135964
312401
190546
535682
410548
105491
202569
132082
606524
187179
540293
114965
310591
242911
108448
250271
412825
608818
448270
107235
142222
234126
684575
254994
627026
120884
341017
270218
111724
138478
302074
438127
171693
102180
104183
124178
182766
400307
534766
191029
102695
132395
105696
660613
826492
666154
607699
213817
683295
780351
817877
587324
585763
388171
388982
700303
679514
154030
658796
303581
652537
439926
281299
716809
408116
717335
645606
771914
395876
364883
822372
393535
315111
309777
382571
377051
468429
474713
395779
310620
317449
384780
377851
469181
477008
328987
343940
396900
414734
426402
491650
515050
580713
666412
102023
841159
435912
224775
845406
683836
478081
522539
508691
674537
557717
704178
795911
763153
814070
102179
555331
844076
750169
117136
798276
719891
608636
102027
784241
155687
365442
476952
489308
440751
452656
549948
603730
603867
725684
550359
699859
603877
725706
739950
697246
630961
504690
692276
498497
623977
817403
578107
468239
460585
587029
776470
596456
770026
776042
594234
466242
577873
459937
586482
770237
693079
499441
507448
624752
818770
634033
817478
580500
742516
651653
690077
619449
732542
742684
482467
644141
504942
793688
617313
653997
819984
523395
745767
549552
825237
654910
691267
835490
486757
525935
540154
598003
616357
684391
790909
415832
331074
722541
646346
800630
442017
472570
784086
306173
330482
379291
356948
407987
409362
440720
366601
446594
395750
513091
452803
486811
555872
375251
478303
406136
545564
461127
499087
601026
616559
664652
509159
673492
512477
557539
715906
512063
605870
479017
565575
611009
738766
781332
789811
503867
605298
685335
528442
448306
557213
372939
479040
687499
422420
673104
678000
654791
779842
788267
670738
766557
738007
576876
630323
719939
735299
666601
741515
672669
729522
723404
699181
590048
538249
708592
863384
780010
848643
783148
646050
588588
742150
829856
802053
841492
666554
741487
735200
780255
729517
723381
672658
801653
777676
814379
744226
714649
585383
647300
732169
758374
101433
101596
536998
101299
101477
555730
861138
851353
712641
730701
879466
885775
222997
383119
303533
620498
658697
620459
561237
852063
830823
796332
792675
696016
836969
856848
792690
695069
850427
829427
797401
836335
856083
188204
238259
340633
641104
577121
607987
523504
671050
868959
781297
839917
847912
880919
754763
725977
829448
815913
780828
854683
872382
676563
857985
585339
723823
850584
712200
840007
830440
844025
818558
810899
832702
587008
831388
797301
714471
772405
772765
662741
818615
788968
558091
703676
845527
755710
810797
838676
827567
740347
774753
757563
798238
579381
679872
579372
426947
828757
610209
742693
794979
737700
828933
727436
793145
724434
796342
498585
647810
554856
357744
154049
552496
467692
142696
443254
329200
115153
115146
213764
142670
552448
329162
467663
443215
854376
495446
729613
677590
860866
798545
754785
905906
903953
912054
808157
808057
775155
515566
861157
748377
877925
822391
264873
677137
498871
878095
819603
874075
841611
328582
703948
584430
744733
404962
612671
727517
190888
563398
392000
875023
844043
839512
802675
389306
623093
677879
346355
343314
685995
688422
321252
329116
587441
578467
334456
557537
549370
340944
329607
544152
551916
339552
330041
327261
538043
549347
538763
547579
323430
321043
321136
536826
536949
534394
541099
548423
550849
329152
324428
324439
543482
546260
686239
590938
686306
582800
683794
689047
587485
587041
588434
685887
684366
592534
684069
589778
687610
583242
579656
582536
688768
687523
585326
581081
691500
693018
690113
579228
691615
583135
12395.2
337655
425650
14604.6
320229
46070.6
415578
11330.8
323982
495288
333575
374185
73799.8
529810
348932
392774
442077
17224.5
347638
518839
194293
404001
168163
330004
304045
95462.8
472435
373200
558408
225935
9219.61
10027.6
7449.01
67528.3
49041
36783.4
51017.2
474809
472703
252524
124474
184940
38493.2
335053
58978.2
44309.1
8403.92
9802.6
7261.98
47203.3
35327
9577.11
11074.5
7757.4
38592.6
77567.1
52577.1
60257.9
70979.5
13010.8
8713.61
10741.6
7560.86
37158.8
58352
488670
155172
206071
409528
199364
601503
325868
94361.3
73085.1
12605.3
40511
30084.6
126305
157266
177369
34200.9
129897
64864.7
123391
194543
224466
211034
258001
354545
344998
229805
284150
364827
100220
21260.1
13264.9
47846.6
30957.7
122337
145544
575430
603694
519703
557735
422540
655026
524447
227165
399578
189723
150461
367024
182875
341253
356870
210696
168839
394592
184624
146181
336644
459108
620443
799310
498435
392668
599490
316382
465621
871911
739110
569813
279090
447953
224185
35030.8
96026.7
28263.8
83460.7
109095
186562
201666
29113.5
98966.7
84629.9
128389
110948
187140
201391
103272
160320
81147.6
203634
319520
244976
274093
134893
246958
176009
358156
278698
287840
355294
147481
327862
198554
306864
175764
308561
175973
319390
164998
193090
143984
306281
305789
173510
100217
152994
80291.9
192485
253268
253810
205849
56080.7
122921
93771
165934
197278
223735
247064
383414
262828
217173
278754
465579
329709
408752
448205
481439
299554
506651
365049
353763
482266
358031
293724
256998
320249
396194
358310
377379
378643
738484
830472
452852
238090
685658
361010
339134
207584
227701
261138
357554
370231
267812
376726
412360
414872
358335
431078
436151
389917
244930
329798
228802
280077
364130
358396
289329
245526
184508
171738
253650
315486
261305
310642
254576
246425
171481
254316
317937
263650
311632
244975
328782
229804
279361
360704
286268
356938
147766
233336
204737
265209
236301
267791
290486
323541
379120
386883
411758
413348
464466
460987
239495
338979
298847
370158
325933
378100
421663
375913
404585
420376
574231
586437
596207
608291
331579
488677
418083
466991
382377
369555
434429
268257
281873
229422
328756
277561
290244
342541
336657
414297
380392
417146
397411
436480
439072
223131
268049
274739
290228
298173
345649
333527
466655
688205
690329
393001
364316
689649
648910
536349
366084
572393
359994
387517
567284
587686
591803
359062
392908
387152
566484
564296
586085
588981
304037
375256
422733
325535
335894
391960
296982
390384
450652
427144
491906
424088
462453
407453
530242
461163
422050
407157
547320
455047
514721
266090
361536
287343
373498
301616
313532
386647
625379
415026
443154
471801
647548
443163
625366
424801
461519
419813
613728
647991
616595
646127
468280
616177
425877
461961
419938
613110
646191
465075
435439
422490
476502
497362
520129
464003
424873
395994
355885
442051
567157
522927
486006
262856
275869
297630
300364
322776
339224
366491
499588
434630
442735
516699
580936
567564
516725
325381
407251
467527
387655
401091
331726
381207
324123
466877
385297
404514
328664
400029
380310
379543
331206
306404
330789
440987
357185
408330
300015
272069
250064
307135
394145
332484
363538
479536
622996
437704
497295
455053
635182
667258
449160
524850
458451
495446
530034
563571
476288
501014
582560
498323
543542
654355
621942
550567
461448
518845
414241
472295
643718
519885
591102
392812
315865
327233
406675
455352
484063
387468
472495
361355
376073
431906
508302
541516
410725
194978
82918
461739
395144
324452
308933
267957
82079
26778.6
22342.6
76626.8
136758
99293.5
151141
78793.2
148796
25167.9
91212.2
22017.8
76523.1
136098
77056.4
314819
314255
190692
232062
336428
237710
336134
198937
242535
345499
317647
192139
233811
339376
251106
264122
422290
436013
271535
403831
230559
419773
452435
250593
249822
432210
402665
226906
294194
359461
388727
394522
304229
380204
360426
368330
393856
404058
295885
397559
381935
363565
418385
399250
342080
355018
511250
435568
416659
704163
508706
674527
522587
478109
652527
683848
303376
405024
343896
434582
368838
414921
486231
571804
556387
692305
690049
575577
560755
692806
579128
563679
580062
563381
689855
692978
692934
555885
690778
692494
542464
565989
692716
693635
536791
548855
668628
569888
584804
610486
509393
321651
405649
348159
458455
392157
420745
487958
366611
486964
395874
513001
415734
446610
555889
375619
546128
499434
478651
406446
461546
442428
589621
679108
722739
720087
638628
668016
610602
548060
696272
847736
741981
651186
596697
692299
547841
693693
486374
519616
692916
688762
692943
505191
561682
787685
598932
601544
637803
474957
528747
693102
485673
533853
491381
694456
690932
534614
493403
490083
690780
694879
695038
691953
477716
687238
693185
456142
506595
691828
682584
452815
458402
393047
472027
670535
549526
556824
557456
528683
448515
503965
789881
646441
605412
4227.49
4298.3
3961.45
3978.68
4161.63
3684.62
3727.17
3706.49
4102.45
4299.49
4065.03
4002.72
4299.81
4288.25
3971.82
4232.04
4072.36
4105.84
4003.55
4296
4294.33
3973.15
259816
3477.93
3865.77
3941.87
4047.24
3979.44
4075.1
3971.77
3887.81
3962.17
3863.15
4051.81
3941.78
4076.62
3971.74
3885.94
3748.3
4112.68
3698
4265.23
3868.36
3906.02
4295.43
3871.24
4118.56
4269.62
4156.92
3749.88
3905.85
4290.06
38689.4
308163
12154.8
8731.82
125758
145309
45445.4
3602.92
4292.26
4836.99
4091.02
3376.96
4950.85
4469.9
3564.83
3635.3
3529.61
3717.76
3816.28
3854.86
3759.67
3535.38
3645.96
3821.65
3688.44
3568.21
3856.26
3763.99
4081.15
4086.39
3614.26
3615.92
4192.23
3586.36
4221.27
8707.23
8711.76
38633.5
40749.4
9210.84
40989.8
9245.41
8756.47
38891.3
38662.3
40778
9293.6
9278.8
41227.9
3612.67
4078.41
3593.46
3612.32
4186.89
4225.93
3569.61
214965
220425
36544.1
37775.9
248408
8466.09
8451.38
249341
37841.3
8306.43
8443.25
36317
8496.7
35583.1
8565.24
36360.2
8381.78
8286.33
36304.7
8465.48
8563.73
35544.5
114450
222079
112933
113558
231943
226754
113030
112696
214431
114345
113483
231210
112830
226570
36176.2
8476.22
36855.4
8519.11
8587.72
36954.1
35724.1
36178.2
8489.91
8507.51
36726.4
35698.6
8582.66
36933.7
115676
240454
119814
245727
119352
236855
115582
115636
240553
246085
119735
115432
119360
236968
256165
125900
124933
132416
273598
134144
268907
3538.02
3556.07
3490.32
3518.84
3391.07
3485.42
3432.96
257553
255387
124837
133604
269368
132183
267559
3483.26
3535.15
3465.94
3555.59
3493
3513.45
3427.78
44481.2
9600.33
55398.8
11706.6
45248.1
9570.92
53475
55645.7
12449
9716.4
44486
11780.1
9601.32
53433.9
3288.36
3913.49
3760.62
4661.17
3243.25
3943.94
3698.37
3225.08
3919.71
3816.93
3283.4
4688.67
3947.48
3709.29
283727
164588
299381
143263
298783
161543
282251
3200.75
3170.93
3745.68
4063.12
3158.35
3182.3
3666.89
3190.8
3148.85
3827.88
3195.56
4103.38
3182.34
3681.3
143796
290344
167285
301784
146740
162587
284384
172517
265158
134309
3469.35
230647
285332
41654.1
40225.6
316942
13656
354729
99722.1
3880.59
3299.16
3586.36
5320.68
5548.97
75596.7
76474.7
39206.9
9023.24
8821.16
9187.89
41761.1
43254.9
9136.42
3564.39
4125.93
4099.39
4095.59
3502.61
3838.57
3255.54
231061
5198.34
7913.64
68653.9
299581
25234.2
340956
273244
132434
128205
280730
137791
143902
291308
3414.67
3516.81
3487.08
3267.66
3394.55
3149.93
3085.08
419222
371925
434560
320739
51194.3
371622
196936
307371
145349
382056
5050.38
4668.08
166346
147337
3224.25
3451.74
4003.39
5240.39
3945.9
3208.81
4121.68
44436.9
9344.79
9033.94
46423.8
11935.5
53754.4
9700.51
3955.9
4198.98
3202.17
8543.18
4344.25
3455.56
6236.46
9872.2
60005
46994.5
50759.9
18886.9
70441
10749
139074
302084
149022
153442
321868
168149
305781
3166.9
3199.63
3356.6
3168.79
4904.3
4148.17
3394.51
3256.29
4248.72
3163.46
3436.95
9106.96
6451.25
3775.68
299222
175915
152386
161774
327223
189914
311140
6007.74
6681.48
19303.3
8446.96
26346.3
31598.6
45290.1
59155.9
26584.9
36703
145952
79407
94714.4
13717.9
14785.7
21911.1
5908.69
4511.69
58751.6
10869.2
16242.3
11226.7
20846
22357.7
68642.6
71813.8
120428
71890.5
4038.73
11524.3
12263.5
8810.8
9276.36
42087.1
54960.6
4568.6
17187.5
25608.4
58874.5
11292.4
16780.9
5842.56
4052.15
12716.9
9046.38
13785.2
9553.08
43096.3
58073.8
176435
337807
339361
239834
198204
211182
324388
13254.6
28324.3
13238
72432.2
41404.5
72374.4
112139
163665
336664
336907
186790
190490
224070
353751
10685.4
43151.5
16109.5
108700
59994.3
83851.7
139932
90303.2
251881
112604
264846
126134
153721
284723
206658
68926.2
117896
206622
278573
295433
172457
81112.7
223966
128995
211698
292402
305891
180555
120111
52939.1
40367.9
120010
244944
213305
145216
61558.9
136521
47123
124090
256152
150291
220404
266751
31404.5
120858
363241
251909
633110
232653
472246
180730
137236
72051.6
58135.6
13064.3
353726
299811
43744.5
305291
46457.9
254969
36776.6
55096.3
3897.89
3315.43
3394.52
3947.06
4088.73
3397.76
38657
8467.07
8596.95
8748.57
39262.6
41069.9
8991.04
3991.34
3636.82
3523
4047.28
3554.62
3493.6
4041.76
41241.6
199687
82337.3
3702.15
46491.5
4277.18
3408.75
264391
121249
127252
266967
128972
136382
280707
3427.83
3568.64
3429.11
3418.36
3484.6
3394.52
3340.33
392146
324083
59224.6
377499
355422
464470
436535
150602
5842.31
5919.8
319838
254032
268283
299152
9203.37
40911.2
8960.47
43751.7
11050.6
9204.63
50444.6
9707.96
9038.33
41686.6
44456.9
11948.2
53794.4
9348.2
3282.07
4039.22
3499.92
3281.83
5016.47
3897.62
4047.61
3209.27
4001.16
3450.23
3223.69
5245.97
4124.73
3880.47
3231.51
3442.57
3373.78
3005.7
3153.77
3019.08
3745.8
147016
279468
135625
146998
320572
162339
299696
153353
284725
138968
148960
321586
168124
301749
3223.19
3371.39
3400
3223.11
4626.06
3315.46
4061.25
3169.15
3199.53
3355.8
3166.84
4907.09
4150.74
3299.45
35296.4
3413.87
3156.12
246696
226061
8414.67
37705.9
253406
267548
39215.9
4266.55
3931.1
3925.94
3657.56
3652.74
4042.88
3340.5
8370.43
35197.3
34805.1
8278
34557.6
34927.8
8405.63
4024.06
4292.39
4309.17
3877.63
4274.91
3968.45
4271.86
3542.01
44608
3698.96
3537.18
5327.36
3153.87
3426.73
110927
113462
233198
235650
110959
112502
241238
3825.07
3900.9
4005.49
3840.26
3867.19
3943.31
3761.65
36386.7
8544.23
8449.46
35270
8365.86
34683.5
8539.29
36886.9
8543.03
8450.57
8408.96
35735.2
35419.8
8421.7
4127.7
3808.84
3667.4
3809.15
4267.09
3896.11
4266.52
3598.72
3816.47
4047.39
4082.65
4231.7
3744.13
4184.37
254019
115939
120352
115970
239975
112774
246960
259054
124030
121004
117603
244310
115728
249083
3497.77
3463.32
3587.95
3532.41
3765.68
3685.93
3570.7
3808.25
3703.97
3758.83
3640.16
3631.61
3581.49
3511.92
3664.41
3761.85
3604.49
3762.04
3793.25
3861.44
3664.43
41051.6
8989.68
8739.34
38639.5
8594.58
36732.2
8459.64
3494.41
3556.02
4047.61
3991.54
3523.7
3638.18
4090.07
3296.56
3339.16
3200.95
3396.74
3124.1
3031.32
3595.45
129060
281020
136431
264590
127281
121309
255435
3394.96
3418.77
3485.57
3397.9
3429.62
3569.43
3428.14
3486.74
3463.85
3488.92
3324.57
3475.74
3399.78
3100.6
3413.91
3488.69
3676.7
3534.65
3488.44
3413.82
3271.38
4064.6
2961.68
3041.91
2961.48
5664.72
3113.65
4062.74
3861.61
3092.18
3011.87
2976.1
7634.85
3413.6
4342.1
3373.85
3408.84
3442.15
3231.98
3744.75
3005.59
3018.26
51214.5
120529
20861.4
22413.1
71889.2
11231.5
68666.3
4039.47
42194.7
11534.1
12300.4
9298.66
5052.37
8817.84
4517.92
14856.1
10911
22019.3
16310.9
59021.2
75900.3
13743.6
26680.2
79541.8
36873.8
94933
146256
100074
4052.96
43178.6
12723
13805.9
9572.99
4669.18
9051.98
3943.05
3171.1
6047.24
15878.7
4262.54
8385.51
44689.6
7059.48
3196.99
3874.61
7659.77
3874.83
7062.15
26446.8
3095.94
9056.81
3924.54
10007.6
4062.6
7704.65
33766.8
163645
224117
336617
336791
190519
186797
320571
176435
337667
198275
339286
211322
240005
354729
4572.6
17221.1
11328.6
25614.3
16822
59061.3
76595.9
13047.4
3941.43
8372.08
3169.06
15831
4258.03
6036.84
211815
81409
129205
224155
292435
197166
305915
124381
61824.8
47330.7
136967
256417
166797
220716
95877.9
155548
83448.1
29709.2
95913.4
7844.73
29736.9
56310
116612
41329.9
116541
198342
198584
134244
126395
31330.1
78613.5
218341
167226
118340
179704
267740
353541
222284
267710
393241
316079
371945
353928
278741
229495
271000
392231
323859
371512
64030.5
131337
48029.1
120451
206977
205612
137066
68706.8
126457
78727.4
167233
118431
179688
218262
151447
95105.5
32172.8
87420.5
35393.8
7916.05
28064.7
96134.6
171680
123902
104054
56082.1
10739
34335.4
288167
358148
278893
135222
176381
247215
226244
274452
245314
203939
103615
81398.1
160807
194794
336003
191207
308873
146248
278732
191199
308896
207180
205893
120661
64150.3
147575
48195
131663
323994
371468
271091
353886
229592
278903
371584
253324
168325
192582
205791
100233
80436.3
153334
301206
232725
177939
205533
355806
254134
319791
396196
358592
320646
358085
257267
293989
373204
297707
348877
430375
359288
364273
371704
281061
214493
345069
311674
320278
276826
247419
284387
176904
216813
176888
279878
248848
213204
248796
364964
237157
341121
374812
276248
299469
399478
206389
186168
144107
275587
232982
257296
297684
149498
238433
194439
154612
206336
159260
86237.6
386871
460856
379055
413370
411661
323615
316447
378436
421836
339145
370378
326245
239867
279375
266806
399569
365013
237199
374932
276374
341209
317866
415145
413654
413801
366355
370792
392943
199879
250606
318478
255946
255745
262175
199986
438904
414149
380503
417005
397577
336883
392589
275048
333779
346031
298470
290393
224389
223447
293808
259792
220839
368057
318782
284244
328186
327268
295045
481138
433497
394313
327213
433465
415547
356941
313526
336730
510330
383897
445416
66050.9
189809
4393.85
4469.86
163291
4241.51
170883
4404.59
4292.48
4353.63
4292.55
10528.1
10529.2
10413.8
10724.1
4392.34
4407.05
4371.03
11012.2
11223
11078
11299.8
4390.31
4247.84
4280.34
10753.7
12201.5
10763.9
11929.6
4555.56
4406.39
4361.29
11247.1
13205.5
12450.8
11707.3
52353.5
163811
52370.2
163270
52112
163226
53042.1
54833
171984
167503
56075.3
167792
54953.2
56541.1
193687
178606
58934.7
56509
187485
173397
62543.2
54200
185119
62681.6
171924
54810.9
169612
60678.1
3815.31
4000.77
3149.84
3236.09
3790.71
3110.35
3977.69
3185.04
3878.09
3987.72
3878.74
3990.34
3995.55
3894.97
3861.05
3861.82
3989.6
3881.06
3880.84
3986.14
3989.42
3895.55
3918.58
3791.96
3908.12
3852.55
3956.12
3966.49
3830.39
3902.65
3816.62
3916.69
3947.99
3829.83
3855.04
3962.38
3616.34
3614.59
3213.85
3257.63
3629.96
3231.27
3595.17
3216.36
3611.65
3627.62
3627.35
3248.71
3637.27
3216.38
3539.82
3142.66
3504.97
3589.77
3173.9
3189.2
3561.41
3522.38
3136.94
3549.99
3144.43
3578.22
3601.25
3175.04
3127.92
3736.56
3582.84
4629.13
3175.56
3761.65
3716.27
3511.86
3838.52
3751.23
3762.43
3853.56
3774.64
3664.24
3631.76
3854.16
3736.82
3841.99
3751.89
3774.41
3663.16
3630.35
3412.68
3140.09
3448.4
3245.07
3302.74
3203.21
3288.23
3493.14
3509.17
3620.24
3534.31
3389.86
3509.99
3419.09
3363.41
3185.48
3388.86
3160.41
3436.07
3233.68
3317.12
3500.1
3391.86
3584.6
3513.35
3619.65
3534.93
3419.6
3083.73
3681.71
3016.68
4430.97
3058.25
3635.41
3015.84
3063.07
4638.28
3026.36
3084.56
4441.98
3654.71
3020.79
249800
216760
4858.5
16109.7
4863.67
326800
329062
47157.3
4783.14
5975.71
5760.92
16114.2
15265.3
23770
25758.1
5027.31
6126.73
5840.81
17065.6
15746.1
24129.9
26364.5
18308
8798.84
8188.97
42616.1
90887
47366.1
83396.6
18131.2
89991.4
8850.13
16097.3
8240.62
42732.5
82956.4
217838
110743
81245.9
211121
76368.4
104136
243278
210299
79384.5
75361.4
103964
250486
110769
243240
286194
157076
214137
148069
320819
280172
205864
148487
287981
215754
321794
158372
280938
206566
371690
200101
325517
159288
103978
220924
342590
3416.56
8810.78
3923.9
113736
10608
118342
269407
3202.1
3030.29
3098.94
3245.05
3337.12
3846.72
5118.03
234821
442506
150590
313131
82317.2
177436
300150
3096.2
7696.3
4060.27
9049.57
4277.48
9998.77
33719.4
99276.4
186242
336873
380708
494982
330622
714193
47185.1
12666
3968.11
24616.9
5342.11
17458.7
78256.3
40280.9
3995.08
8475.7
23541.5
5574.75
17173.3
74190.2
484728
413699
457854
516661
476509
585928
734448
368899
284606
455708
316119
356191
798306
683491
283626
199762
117232
47574.2
363182
265107
414812
275968
34266.5
55978.5
10714.8
46428.4
171751
96078.5
123860
43997
61386.9
12769.5
47576.3
174161
99294.1
123108
28031.5
32161.6
7911.96
35354
87372.5
95059.3
151434
99321.9
44037
12761.6
118378
61339.4
122982
174068
205202
38542.1
119725
70312.5
226134
155170
159070
69549.4
140734
176912
174430
204791
238025
256894
297715
359248
281072
348859
364270
430376
419166
237456
321785
471980
517466
310904
682694
894229
199714
149488
86189.8
206418
154619
194489
238505
362901
719565
545878
532991
784000
365461
776875
194389
165340
93031.8
211513
165316
194394
235176
102646
211812
157933
221459
167145
199782
246088
214644
320406
247507
311730
276907
345240
382147
167221
221545
157933
102725
177518
246060
211756
168344
220656
194355
246152
193058
220734
269159
256122
262408
200035
250671
255829
318672
307523
117263
220844
246440
220933
168428
193283
194546
144066
257443
232821
206547
233124
275797
297865
370861
392886
317931
413616
366381
415164
434484
199316
236094
147622
267503
204509
233165
290271
31701.9
182932
7811.77
3161.35
3477.06
26409.3
88309.6
7321.93
3476.3
3073.68
3496.62
3109.4
3202.8
3447.29
3563.06
3496.02
3071.32
3110.97
3167.13
3205.26
3430.67
3534.61
571353
9041.38
26386.4
7984.92
3649.09
3545.97
5825.8
6601.4
3707.13
6519.07
3597.38
5677.07
26498
6446.79
20221.1
7979.18
6492.42
31619.2
9070.54
3628.69
3537.14
5790.21
24860
3661.8
6261.96
6394.78
3583.47
5625.95
19804.2
367612
256584
51598
258795
45064.1
369867
480504
44773.7
114175
154015
104088
143436
211691
220065
52175.6
104860
115384
155692
144436
212814
222009
94314.6
171486
84018.5
19483.8
89905.8
25018.2
77706.7
184081
171864
83915.4
24200.3
94135.9
19283
77010.8
194725
250398
184841
270404
329242
276068
324587
251352
186119
196496
271535
331500
278344
325496
289270
271462
214298
285887
233753
303256
357920
263406
362598
256683
304712
413416
309702
408843
415819
311881
265557
363541
257763
305755
409741
427771
323178
279302
395206
295767
337847
445722
251955
318830
284339
259919
293893
328320
368136
190647
275470
229640
229667
320927
271263
275507
259133
263688
213585
237463
338274
282146
287535
249270
249051
203050
235602
338872
284761
283739
235520
202938
249123
284663
338732
248898
299957
339328
297643
238128
366479
300340
262754
322666
213633
263781
287545
259168
282151
313215
338296
414385
491224
426461
491211
557061
550178
484697
459910
434303
412871
459906
490230
508317
457814
442729
516623
434535
499550
580858
567433
495209
463875
435294
422521
465070
497260
520096
459001
417736
378041
342183
417837
543557
455756
505858
442435
486238
396162
425169
567424
465770
523373
299692
306800
249756
271817
393838
332202
325587
445502
415692
313704
357137
510403
384052
472400
277015
304827
254114
322047
410896
348317
380037
305261
387176
316256
387290
443315
470889
368990
327574
387770
407116
393139
455680
484526
374431
565764
416364
421402
355198
477916
359573
472731
574356
566673
417295
423743
361826
356151
473614
274504
328399
385748
376538
321251
381047
442458
591275
436478
372971
389052
619855
455952
518243
372938
399117
335417
445095
372990
399136
471946
417165
289362
335928
387740
335979
417203
477188
307501
409093
346153
451314
383896
428448
503552
274549
376564
381067
385842
321274
328459
325594
486080
343791
404868
303202
434351
368648
360796
392321
420800
348192
458637
378780
405712
488040
545887
409695
468301
368216
563090
420739
488132
511136
532846
537420
629414
569714
563065
491597
409729
488160
368301
563077
420831
468345
633048
412156
599813
660943
525511
444513
484147
552220
554529
638277
652023
679338
619932
611040
563148
510262
653961
668330
779915
549791
629243
618973
474064
537929
544575
726937
583750
575998
446025
556771
392993
458300
452797
670567
549543
529774
437591
444292
377495
444285
631417
527135
517456
536617
544790
448133
475576
735087
582693
570726
450187
462271
393158
483551
693442
560149
577754
565302
605596
478842
511993
781343
610859
660496
623243
461939
532276
532278
809420
623819
719517
373030
479174
439991
654863
678044
687571
673212
663323
584148
488042
548656
833784
666855
738754
585330
850563
840122
857939
712139
763162
723812
532247
827908
812056
830258
674274
656907
640841
634195
851295
871161
847033
752821
775719
816501
536760
563207
475300
445827
640821
393073
411916
346018
276797
597916
548652
676961
552053
841639
440382
673168
432981
141332
568039
686079
668625
748292
518404
131995
691105
680466
340678
619445
801763
221961
589466
705529
860604
1.04549e+06
1.4298e+06
662242
857666
491661
683935
897089
976216
651171
1.40097e+06
838773
548608
930854
841171
279354
1.34441e+06
996580
883639
549658
1.04374e+06
884023
1.46018e+06
974073
434803
882396
253872
321814
304554
330371
348109
379770
410666
448022
838821
875049
304073
844260
458154
898582
712692
634241
499141
643727
794592
826540
464718
307332
408943
428351
365265
383745
451149
503462
520197
587222
513887
580828
684124
723496
724417
684478
722360
585004
513390
580238
683780
722898
511163
537517
532880
563093
569788
629510
586017
509297
548718
584687
569720
610346
668401
620213
660712
411940
599763
444353
483892
525345
714143
365133
476640
395601
549527
452340
489056
603424
531953
600070
551671
621619
702039
727680
735067
554612
652089
638304
611090
620068
679452
734467
510013
668042
653865
618813
628775
779483
798041
473802
544251
537809
575834
583296
726505
683183
610538
679055
638430
720130
667833
722514
799391
597115
696773
651899
742717
693206
849023
872808
505742
562133
602212
599453
638613
788796
739779
732525
580563
690056
651747
716840
742545
742654
462176
483498
450155
532959
560143
577746
693492
597573
717331
643453
738424
762000
812848
683701
597740
738666
643624
717504
762177
813065
662417
582634
705746
624866
705816
739569
792484
651237
475525
544610
536554
570694
582588
682535
735040
495489
432348
543520
407596
455145
698363
950116
585687
704664
472682
418311
336010
1.06522e+06
822999
761125
646901
369735
382528
331678
488740
434441
467158
519039
407392
461006
421973
530118
514939
547434
558292
427132
424329
390767
450805
462799
492141
472464
325498
304023
296812
375045
391930
422885
403934
476201
449067
458576
524946
529960
563551
498426
550479
498382
500891
582559
654372
621827
599436
520171
461658
414506
519206
644274
591662
570164
410972
361468
376363
472842
508572
542058
448044
508489
633862
540417
568986
615198
665786
532934
609372
761006
634394
634821
805080
733326
667845
602189
702217
546369
590336
826894
777834
646439
494873
469093
613884
536931
675035
715781
506960
604948
604249
753368
652703
649930
706058
564258
667949
780382
816272
867778
710991
770281
717222
659287
813781
1.04115e+06
926597
766312
891712
716277
603446
665922
912724
752138
707163
811186
569828
525727
486613
435695
540005
790973
616339
684256
738864
663387
487958
584110
833946
666926
776967
754239
751398
663327
751450
728283
750010
733694
666120
751935
727910
750816
662677
750844
733382
808945
653893
753672
768007
825471
878616
713512
763132
778665
701241
716733
748047
744583
695638
782894
741687
588243
645862
830243
801910
822417
638574
425071
337055
431569
676844
643434
345013
427714
675899
678056
644527
337527
345616
640574
1.0568e+06
762034
873846
822241
1.18972e+06
961347
947588
758479
763293
695318
786754
1.02743e+06
861348
897225
758503
786969
695519
763454
1.02719e+06
861508
857607
726518
751034
674078
751095
980105
835783
838755
669651
383997
659571
317316
629730
610510
283677
1.18338e+06
948427
1.22811e+06
1.1378e+06
1.36197e+06
1.12434e+06
1.23852e+06
825319
1.03033e+06
802428
1.07648e+06
1.26364e+06
1.04474e+06
1.29606e+06
824759
1.07512e+06
801570
1.02945e+06
1.26277e+06
995995
1.29537e+06
701909
983689
746574
966121
903279
1.09623e+06
883423
789126
1.00732e+06
772784
1.00703e+06
1.21602e+06
973882
1.28905e+06
677988
956515
721041
956259
947674
1.13718e+06
882307
532245
827883
812038
656892
674218
830279
894235
763698
795009
729617
733194
594949
704128
657783
838914
921056
1.08348e+06
881785
926061
966766
787659
797783
856499
843653
1.01292e+06
888340
900844
745764
788104
852841
978445
996374
762167
874754
943244
702463
966814
747397
984553
902874
1.09624e+06
884197
555678
879643
851449
666197
730797
861267
885971
816597
847182
851342
752864
775836
871253
784103
525780
847556
816610
643736
681013
847594
910165
281365
608058
641186
577102
188220
523517
238213
703376
827834
755640
811254
844100
845669
740747
676603
850648
728318
852948
844265
850680
794877
205545
16157.8
115356
8208.75
174342
281022
445547
363521
8819.67
16147.8
18343.4
42749.5
47489.5
90963.7
83535.5
10715.1
43272.7
25300
83975.9
60142.6
108811
140026
35058.5
234589
204199
42030.6
224562
8654.41
186470
77898.5
37304.1
9001.07
8635.58
37375.1
8368.93
8667.46
35123.3
36738.5
8555.28
36638.8
8417.6
35810.4
38115.2
8496.12
125055
195291
125233
117277
199847
119674
207582
49401.7
4589.28
5259.54
40483.6
5116.78
44020.5
8639.39
34574
77999.4
41366
72311.8
72842.3
35741.4
40395.1
10513.6
11019.1
4713.46
4563.46
10096.4
4757.59
11383.3
11870.3
12164.3
5035.43
5452.59
11637.8
5220.27
12590.3
10954.1
4781.43
10619.9
5277.03
10643.8
10710
5096.41
34864.1
8446.96
8422.83
35316.9
8290.3
8403.7
34601
119401
215557
112999
113004
224282
110349
215107
229639
113528
112810
112691
212671
114307
219109
240624
112446
113403
110928
232834
110939
225256
35546.6
3570.78
4348.03
41846.7
243093
279713
234909
36498.7
267552
9299.45
3268.9
4235.64
3501.44
4303.51
3856.21
3614.62
3433.6
35922
8662.29
8542.19
36936.9
8577.08
37234.6
8498.54
4277.42
3905.81
3870.71
3705.5
4166.59
4124.72
3748.9
35811.7
8439.03
8438.51
37018.3
8559.98
8479.43
37786.3
4185.41
3815.71
3743.28
3651.84
4047.77
4085.48
3597.31
3205.24
26396.6
3639.2
78258.3
3098
3399.89
3510.65
238886
115682
115382
119662
244139
119384
247721
3821.38
3727.7
3764.8
3645.66
3568.88
3688.34
3535.73
3585.5
4225.51
4195.18
3602.03
4093.08
4086.04
3612.72
40955.3
41134.6
9248.76
38874.7
8776.78
38895.5
8752.1
3765.26
3685.5
3657.82
3587.57
3463.09
3497.83
3531.61
248285
115628
117511
120874
258155
123909
252142
43300.9
9145.42
9209.23
39323.3
9038.38
8849.21
40290.7
132391
272399
134056
125814
254470
124930
258354
3837.7
3253.92
4096.12
3585.51
4126.01
4101.93
3563.21
3391.74
3518.1
3484.99
3537.42
3489.81
3555.04
3477.49
3535.15
3584.04
3621.85
3509.84
3493.47
3390.15
3419.67
137648
290551
143763
128060
272334
132290
263953
3084.46
3394.14
3149.37
3516.21
3414.4
3469.04
3486.23
3476.1
3489.51
3537.87
3463.95
3486.97
3324.43
3100.04
3166.83
3496.5
3477.36
3071.15
3426.3
3531.02
3111.96
3685.5
3058.71
3084.35
3017.59
4435.89
4634.1
3017.15
3866.05
2977.23
3012.39
3093.58
7655.19
5336.59
3415.75
3335.56
3201.97
3416.69
3029.61
5116.82
3843.45
3245.52
3761.66
3297.63
4296.42
4376.26
4011.18
4309.57
3971.67
4082.23
4211.42
3512.41
3758.79
3089.85
3632.75
3291.98
3948.35
3137.84
4360.87
4117.69
4207.78
4117.46
4326.54
4362.93
4050.81
4064.43
4307.87
4003.18
4235.2
3971.6
4305.84
4102.84
4152.16
4281.3
4269.34
4177.53
4106.91
4321.98
4186.69
4222.77
4101.97
4105.85
4146.54
4055.81
4160.05
4045.62
4396.57
4125.95
4225.81
4060.3
4139.24
4251.66
4323
4181.58
4151.4
4203.25
4140.75
4134.86
3947.26
4299.37
4260.83
4287.9
4274.59
4180.87
4034.4
4258.54
4337.37
4211.81
4021.67
4055.49
3999.23
4096.05
3898.08
4139.79
4273.82
3930.57
3877.22
4023.62
4276.43
4312.69
3968.17
4102.37
4177.85
4070.67
4102.28
3952.06
4011.32
4035.76
3941.64
3866.12
3888.34
4047.02
3979.88
4074.91
3961.81
3830.33
3962.9
3855.7
3791.63
3917.6
3903.37
3817.66
3900.55
3839.94
3825.18
4005.25
3867.2
3926.09
3943.14
3874.13
3921.04
3797.15
3759.24
3825.72
3874.51
3717.81
3665.5
3752.28
3775.94
3737.64
3854.75
3839.49
3763.7
3111.19
3144.77
3175.31
3578.58
3601.8
3522.88
3550.67
3582.27
3632.08
3704.69
3699.57
3759.07
3808.85
3640.45
3121.96
3476.18
3090.43
3109.45
3539.75
3476.29
3380.87
3306.57
3142.11
3129.98
3203.05
3245
3412.73
3448.73
3597.81
3400.42
3158.08
3031.43
3123.91
3338.92
3200.9
3627.45
5779.39
7987.03
31564.8
6476.56
9073.31
3536.69
3967.23
24681.2
47164.3
17475.4
8799.57
12683.3
5346.43
52191.8
104885
45137.4
155746
212869
222016
144579
288046
148735
158578
215870
321847
329111
206728
319737
301250
178090
232768
355709
340929
254071
99345.4
140737
69611.4
176985
256752
238024
204713
257802
305731
409653
265584
415758
311852
369863
279283
395071
337696
427590
323096
380605
295644
3577.5
24076.6
70244.1
3988.97
342215
196896
34697.7
311358
3656.06
5608.3
6239.76
6358.71
7276.15
24665.7
19652.9
5565.28
17146.5
8449.24
23458.1
10544.8
40063.4
74025.5
93977.1
19205
83778.7
88017.9
171665
183937
76719.8
27985.8
123881
108477
95609.7
186089
201278
83051.8
158918
38425.1
119571
113443
225910
205052
154912
93522.9
55724.7
154586
122471
246790
223382
165582
184682
246194
317730
254012
263437
254420
171134
205807
281609
289965
328512
277358
268099
229162
233578
196443
518014
835311
414364
480362
699764
388728
186090
271494
251251
258718
278307
331413
325356
214241
303077
285663
271342
289199
342422
357685
574045
473457
566382
356059
417099
361756
423595
468797
310412
377531
384546
317318
395596
476677
619492
494692
590806
388855
372815
436209
455674
343668
396571
328778
407814
514587
491188
426067
692591
499106
818233
817073
624182
507141
633382
745264
716656
824765
522936
690566
654107
549116
725973
872674
829723
781299
816061
854828
845651
842084
1.20553e+06
1.10046e+06
1.17729e+06
943009
958408
991298
895513
1.32786e+06
1.2003e+06
1.26102e+06
991559
1.09308e+06
1.04942e+06
575655
227296
146157
441064
235578
568475
452874
142408
442916
228391
575038
146477
235708
453017
209347
413130
549706
517040
121020
365555
183061
1.29175e+06
1.44103e+06
1.44029e+06
1.16151e+06
1.22752e+06
1.37233e+06
1.34089e+06
1.03563e+06
572124
464250
683345
913575
846639
782400
1.28667e+06
1.41266e+06
926197
1.437e+06
1.31544e+06
1.27115e+06
1.15701e+06
1.12862e+06
759314
697505
797862
1.05215e+06
1.00538e+06
936535
839576
802914
677983
844184
389425
623369
750240
783553
859851
826086
859889
482193
699055
783572
822689
748609
878104
861312
264978
677357
580856
867942
618426
875485
875533
341662
749535
618471
904033
912079
808188
906003
515618
775282
808098
609078
552634
831921
744974
132681
423506
369772
751905
446899
193766
666724
132351
416918
309160
750399
416282
637045
409863
124769
235166
209662
106106
125519
388425
465731
111838
298487
152299
105281
208242
343269
208255
102195
129790
105282
630603
667978
843285
781971
190661
539240
497913
103066
110608
287007
188770
101804
117221
104384
320860
464680
136967
127069
416551
165626
103719
489685
154382
395332
140699
442294
174021
104641
823117
539338
195002
197328
537002
197323
107334
136973
103719
165643
732278
127082
416661
320915
577172
114883
119158
106745
326113
219568
191586
526578
111364
107847
124848
241238
289534
172526
158989
103840
144091
680648
120687
348288
308343
244169
102183
104820
102256
125911
107938
128036
101364
136915
102616
101375
131788
103040
102844
136529
101375
102572
102732
130733
103018
102828
101320
101461
106435
125986
101418
105158
102076
102139
102250
120918
111555
101319
101729
101792
1.15837e+06
121000
101298
526193
103894
181355
106843
101310
674727
755482
105740
869172
711082
370193
101371
771468
298170
134833
763579
108618
807021
293246
101309
261061
1.2064e+06
1.42266e+06
1.14199e+06
745642
1.47564e+06
991415
804782
255838
119361
744485
101299
102032
101306
589642
698363
537778
707940
779667
848472
863646
101302
108700
1.12156e+06
1.28072e+06
1.228e+06
146043
936346
819810
191721
101310
101298
103409
489688
101433
797651
856393
843587
900721
888282
1.01289e+06
976202
113969
109180
101299
118359
843064
101427
458084
273912
101299
101332
101301
104281
811879
108906
101771
101298
101300
106425
668618
101299
101546
781277
841159
670814
881186
847972
840373
755226
806590
631661
809636
771560
640930
452882
439143
809640
761759
771070
629933
640737
451763
434821
842004
1.2058e+06
1.17739e+06
958362
942989
1.10052e+06
1.40108e+06
800793
743146
710116
605479
563014
397300
337252
846132
758063
837213
516580
798976
728502
377534
854353
678339
861196
496621
799242
730427
365804
1.24479e+06
1.00163e+06
1.0379e+06
1.20346e+06
1.37377e+06
1.39037e+06
1.16442e+06
967665
1.18102e+06
1.00488e+06
1.18104e+06
1.35089e+06
1.37611e+06
1.14202e+06
785213
564751
653998
397277
496292
259931
183518
1.29218e+06
1.44132e+06
1.44041e+06
1.34084e+06
1.37233e+06
1.46015e+06
1.16122e+06
1.12872e+06
758717
797653
1.00491e+06
1.05201e+06
696934
434312
874195
841898
878217
704159
666518
584760
328719
340623
536701
812346
603005
131033
411352
226764
745439
553280
832392
609824
132782
424038
225235
1.37054e+06
1.41687e+06
1.13617e+06
1.33808e+06
1.24107e+06
1.46014e+06
1.43156e+06
1.31807e+06
1.39488e+06
1.08952e+06
1.31811e+06
1.32955e+06
1.44948e+06
1.47562e+06
781760
630099
667803
539112
497551
303781
190541
710677
602226
535944
410829
340198
226233
130928
111628
204232
588479
313217
601973
214036
113035
311634
584140
600914
212903
111169
200867
112860
544214
430798
274471
266700
168448
129030
108288
1.38029e+06
1.03573e+06
1.42446e+06
1.43906e+06
1.40162e+06
1.37772e+06
1.35697e+06
262530
102418
108872
109696
273327
138950
102554
109602
259375
272393
138462
102372
133515
102537
547741
204113
486412
108274
177493
147642
105265
232722
104809
195445
102079
124804
115298
101763
191829
183450
536078
401385
102705
132649
130246
516018
1.42123e+06
1.07529e+06
687847
1.22977e+06
661241
175924
1.47179e+06
740444
1.18933e+06
840335
1.28061e+06
740174
237145
758431
174035
442392
154371
395341
140714
104641
680505
158976
348220
144061
308160
120669
103838
171737
369082
604710
221356
102650
135012
106498
169101
110209
273967
106136
209027
116728
101908
356622
108327
146335
103927
116057
102727
101524
1.44625e+06
723231
811332
882362
1.28974e+06
1.30812e+06
1.24303e+06
152604
278581
393506
122862
101912
109434
103050
103084
124089
155233
108213
101386
104110
101524
256086
458504
729014
255896
103509
110468
145976
577524
114896
326280
106754
219760
119177
102023
525952
116715
208862
110206
169007
106127
101908
254619
103699
162169
101826
114326
105294
101452
323013
106479
202449
102137
118341
106475
101542
178260
101887
117181
101516
107098
102452
101341
246550
102893
138729
101653
109231
102912
101370
247116
101655
102918
102898
138861
109274
108944
174679
102418
118800
101469
103763
101871
101336
101652
105208
101426
105700
101311
101700
101443
105637
101311
101420
101636
105039
101694
101440
108995
101364
103451
101325
102172
101520
101305
353298
586058
420397
565871
327454
563276
387370
589623
330110
339755
343454
538315
538920
549516
547916
337773
370050
353378
556964
546434
557080
569191
393036
359323
364490
566697
586357
589130
564655
392814
404668
376014
574382
608350
596313
586498
592434
684491
684154
685921
586743
686095
588204
687812
579284
690456
592022
686448
687872
585973
689870
563075
692898
578790
692909
689729
579786
692713
542273
693590
690799
555594
692411
575228
202882
284724
4533.85
6012.54
5773.68
169772
4393.65
243419
4397.35
4248.96
4281.49
10761.5
10770.8
12224.8
11952.4
4989.74
4536.35
4294.34
13616.6
11414.2
13633.3
17468.5
5989.23
4790.43
4866.22
16165.5
23852.1
25843.7
15313.9
8461.9
6695.86
5205.31
19357.1
45385.3
31691.9
26379.4
172019
54253.4
54852.6
62779.5
185351
60789.9
189989
69721.2
182980
59317.3
69787.2
223810
202950
84671.1
79538.8
250612
104150
210538
110940
75528.6
216927
90441.2
251915
153811
264934
126289
230752
112663
102825
101375
101305
103198
141304
104786
101458
101311
101512
106255
183142
105021
106508
101526
104124
101477
101309
101576
106030
175987
106029
230786
269555
801486
218804
101558
108161
106332
102606
101301
101350
105523
101306
101467
101495
101385
101534
103974
102830
101302
101429
101347
101557
101561
107491
102091
101299
101332
101330
126026
101377
102230
102910
101303
101433
101360
104787
102825
141328
103199
101305
101458
101375
102988
101787
101362
102094
101302
101400
101329
104217
102320
123747
102320
101304
101346
101427
101561
107479
102090
101556
101299
101330
101310
101628
101391
101310
101481
101299
101321
101305
102006
101318
101306
101300
101563
101355
101321
109235
101377
101314
101395
101698
103246
101607
101324
104615
101494
101406
101299
101314
101305
101379
101312
101764
101343
101298
101305
101299
104018
101304
101301
101305
101511
101392
101372
106029
101303
101470
101305
101531
101307
101298
101309
109910
101604
101309
101604
101309
101298
101309
101300
101335
101328
102044
101515
101307
101324
101299
101298
101298
101302
101299
101309
101298
101299
101313
101623
101311
101363
101301
101298
101301
101379
101298
101301
101298
101298
101298
101303
101298
101300
101375
101316
101299
101298
101332
101299
101298
101301
101298
101298
101316
101298
101298
101298
101299
101300
101299
101307
101307
101444
101298
101304
101298
101298
101303
101300
101341
101298
101300
101298
101298
101298
101309
101299
101308
101299
101312
101539
101298
101298
101300
101341
101298
101303
101300
101379
101298
101298
101298
101305
101302
101301
101298
101301
101309
101299
101298
101298
101298
101302
101316
101299
101299
101298
101298
101298
101298
101299
101298
101298
101298
101308
101298
101298
101298
101307
101298
101298
101298
101298
101299
101298
101298
101298
101298
101298
101298
101298
101298
101300
101298
101298
101298
101298
101298
101298
101298
101301
101298
101299
101298
101298
101298
101298
101298
101298
101298
101298
101298
101298
101298
101298
101298
101298
101298
101298
101298
101299
101298
101298
101298
101298
101298
101298
101298
101298
101298
101298
101298
101298
101298
101298
101298
101298
101298
101298
101298
101298
101298
101298
101298
101298
101298
)
;

boundaryField
{
    ground
    {
        type            zeroGradient;
    }
    outlet
    {
        type            zeroGradient;
    }
    wall
    {
        type            zeroGradient;
    }
    wall2
    {
        type            zeroGradient;
    }
    wall3
    {
        type            zeroGradient;
    }
    internalPatch
    {
        type            internal;
    }
    procBoundary4to0
    {
        type            processor;
        value           nonuniform List<scalar> 
285
(
101298
101298
101298
101299
101304
101323
101344
103026
163052
693886
1.23554e+06
1.27315e+06
1.06595e+06
864763
731756
627817
532985
455846
399861
361825
339243
317997
302345
287362
272832
260872
127934
39610.2
8914.26
4092.93
3565.11
3503.18
3464.64
3412.14
3035.57
3968.75
12254
67259
173711
276935
378191
424584
490891
585914
711704
803758
609800
238695
107235
102147
101393
101306
101557
108932
264915
653543
330949
122676
102335
101344
102205
115865
244538
490891
164837
103788
101389
101301
101319
101393
101599
101985
101323
101299
101300
101304
101298
101300
101323
101527
102239
135915
574055
1.16039e+06
1.28901e+06
1.11664e+06
930066
797739
688290
578272
486660
403811
323206
251986
205538
172027
149915
136744
42225.3
9314.84
4068.94
3463.53
3368.1
3220.09
3108.39
3881.17
8851.3
46224.5
137765
234994
320438
369870
432965
518799
649031
823125
746916
406327
126817
104226
183235
556670
820901
808285
845970
691562
350333
122491
317809
610909
759801
774250
648713
320191
116466
101878
103915
109088
118910
140223
102762
101350
101489
103541
101362
102232
109945
333176
966665
1.30457e+06
1.23425e+06
1.03798e+06
883057
764505
659875
565146
451104
311379
184309
99097.8
61252.2
47570.8
10142.9
3997.91
3222.28
3181.26
3334.97
4104.41
8822.56
39487.4
118564
211437
286113
339388
404875
488058
612843
791891
843566
677925
819222
784392
677573
593370
732704
715537
473904
166786
246461
334403
452893
730246
239632
107074
172296
554413
136114
1.10639e+06
1.3315e+06
1.26068e+06
1.0421e+06
849699
713484
605156
490638
321903
148156
40092
14628.6
5967.72
4465.57
4537.82
5861.04
11938.6
43129.6
114998
202661
268139
325629
393739
479355
604541
785353
624466
516239
457673
430898
549683
709490
751513
575618
662686
800597
1.06545e+06
1.28395e+06
1.12303e+06
649393
1.15364e+06
888528
704341
573654
453988
287789
113027
21522.3
15685.4
16351.6
26088.6
61856.2
126874
204138
264740
325027
395919
485597
414741
368776
344037
337619
431527
548754
726236
802846
907601
1.07343e+06
845782
639808
512941
394099
239165
87538.1
85816.8
109162
160979
222694
273262
337457
296273
264441
234490
222086
351715
456628
579348
776012
)
;
    }
    procBoundary4to2
    {
        type            processor;
        value           nonuniform List<scalar> 
212
(
337088
338150
555216
556108
690721
575741
577912
578577
574465
565096
547491
517385
472502
409292
317978
211971
133852
418042
716909
758750
676205
596468
529483
477533
338463
230744
106204
24273
5252.19
3092.55
3330.83
3489.96
3486.56
3566.99
3630.12
4065.68
8486.1
37174.9
121193
251444
243855
236569
228354
219351
209203
201550
194946
126661
126661
76300.1
38252.2
9574.11
4505.67
4114.18
4263.67
4319.66
4310.59
4240.64
4240.64
4124.43
3979.69
3856.74
3585.66
3202.8
4447.55
11810.5
59347.6
179454
181824
189971
344507
557874
689071
690012
689315
690874
692135
691110
683796
666282
627698
550506
745521
724279
688401
653496
623201
435817
298540
175924
58568.2
10553.3
3882.8
3019.86
3476.85
3538.25
3644.24
3753.47
3805.8
4221.3
8405.8
35541.6
116027
112816
111237
113139
119551
126151
126661
126661
76376.4
37584.3
10091.3
4633.5
4158.61
4364.24
4371.55
4304.8
4240.64
4240.64
4244.46
4114.29
3959.4
3831.49
3557.93
3180.27
4455.23
12045.4
60549.5
64421.3
73688.3
206462
357378
566853
581111
599516
403776
263276
125728
31979.6
6821.4
3472.21
3110.76
3579.61
3705.3
3820.31
3897.29
3929.76
4282.2
8364.97
34865
34941.5
36678.6
40959.7
47761.5
47761.5
47761.5
11519.9
4945.87
4181.61
4335.51
4298.83
4298.83
4298.83
4229.9
4195.14
4079.94
3929.76
3800.69
3518.28
3148.99
4514.28
12780.2
14941.2
20420.7
91840.5
231364
378354
5409.37
3227.77
3307.96
3697.83
3812.18
3924.74
4007.92
4031.28
4303.9
8286.34
8449.15
8666.29
8666.29
11265.1
47761.5
5168.34
4176.15
4232.92
4298.83
4369.98
4369.98
4354.36
4132.52
4112.08
4015.04
3880.43
3760.8
3449.89
3141.82
4753.9
4369.98
8666.29
8666.29
4369.98
)
;
    }
    procBoundary4to3
    {
        type            processor;
        value           nonuniform List<scalar> 
1249
(
101298
101298
101298
101298
101298
101298
101298
101298
101298
101298
101298
101298
101298
101298
101298
101298
101298
101298
101298
101298
101298
101298
101298
101298
101298
101298
101298
101298
101298
101298
101298
101298
101298
101299
101298
101298
101298
101298
101298
101298
101298
101298
101298
101298
101298
101298
101298
101298
101298
101298
101298
101298
101298
101298
101298
101298
101298
101298
101298
101298
101298
101298
101298
101298
101298
101298
101298
101298
101298
101299
101298
101298
101298
101298
101298
101309
101541
101309
101309
101299
101298
101298
101298
101298
101298
101298
101298
101298
101298
101298
101298
101298
101298
101298
101298
101298
101298
101298
101298
101298
101298
101298
101298
101298
101298
101298
101298
101298
101302
101298
101298
101298
101298
101298
101298
101308
101298
101298
101298
101298
101298
101299
101318
101318
101304
101299
101298
101298
101307
101512
106254
106254
101541
101313
101299
101298
101298
101298
101298
101298
101298
101298
101298
101298
101298
101298
101298
101298
101298
101298
101301
101298
101298
101301
101298
101298
101298
101298
101298
101298
101298
101298
101298
101298
101298
101298
101298
101298
101298
101298
101298
101302
101375
101375
101302
101298
101298
101298
101298
101305
101510
101510
101308
101298
101298
101298
101298
101298
101298
101299
101309
101600
101600
101386
101316
101300
101304
101444
105020
183134
183134
106508
101596
101312
101299
101298
101304
101380
101303
101351
101301
101298
101299
101308
101298
101301
101298
101298
101298
101298
101300
101319
101319
101299
101298
101298
101298
101298
101298
101298
101298
101298
101298
101298
101298
101298
101298
101298
101298
101298
101298
101298
101298
101300
101321
102227
102227
101344
101300
101298
101298
101301
101392
104013
104013
101372
101304
101298
101298
101298
101298
101298
101298
101298
101298
101309
101600
101386
101316
101300
101301
101301
101304
101444
105020
183134
106508
101540
101540
101308
101304
101392
102457
112343
102155
102155
101351
101301
101299
101308
101358
101358
101583
101312
101298
101298
101298
101298
101306
101404
101404
101302
101298
101298
101298
101298
101298
101298
101298
101298
101298
101298
101298
101298
101298
101303
101299
101298
101298
101298
101298
101298
101298
101301
101418
106204
106204
101543
101309
101298
101299
101314
101803
115415
115415
101694
101309
101300
101298
101298
101298
101298
101298
101298
101298
101298
101298
101298
101298
101298
101301
101299
101298
101298
101299
101332
101332
101300
101298
101298
101307
101526
101309
101299
101308
101298
101304
101392
102457
112343
112343
101649
101326
101300
101298
101298
101298
101300
101308
101583
102376
102376
101353
101300
101298
101298
101300
101331
101730
101730
101313
101299
101298
101298
101298
101298
101299
101299
101298
101298
101299
101298
101299
101298
101300
101330
101647
101355
101305
101299
101298
101298
101298
101298
101298
101304
101542
110957
110957
101795
101320
101299
101299
101332
102330
129764
129764
102102
101320
101299
101298
101298
101298
101298
101298
101298
101298
101298
101298
101298
101298
101298
101298
101298
101298
101298
101298
101298
101298
101298
101298
101310
101628
101628
101321
101299
101298
101298
101298
101298
101298
101298
101298
101298
101298
101298
101301
101335
101649
101309
101309
101299
101298
101298
101298
101298
101298
101298
101299
101336
101411
104564
104564
101470
101306
101298
101298
101304
101406
102690
102690
101348
101300
101298
101298
101298
101299
101300
101300
101298
101298
101298
101298
101299
101301
101301
101339
101308
101463
103066
109405
102958
101577
101335
101302
101298
101299
101298
101306
101372
101830
104474
115846
158710
158710
102779
101335
101299
101298
101298
101299
101299
101300
101300
101300
101300
101299
101298
101298
101298
101298
101298
101298
101299
101313
101313
101303
101299
101298
101299
101312
101694
111540
111540
102144
101351
101301
101301
101361
102532
122210
122210
102055
101324
101299
101298
101302
101335
101558
102702
107076
119631
148042
185561
222649
255625
279964
294092
299186
298343
296146
300916
305634
308738
309938
304667
289801
264245
229642
190589
151473
121168
107543
102836
101583
101338
101302
101298
101298
101298
101298
101298
101301
101371
103034
136885
380862
662010
645508
608025
541891
439632
439632
138909
102706
101349
101315
101417
101832
103009
105255
109334
133441
379480
909312
1.24188e+06
1.32347e+06
1.34667e+06
1.34318e+06
1.27982e+06
1.12732e+06
870112
513505
218811
114943
102560
101394
101304
101298
101301
101298
101298
101299
101298
101299
101298
101298
101298
101298
101298
101298
101298
101298
101298
101298
101298
101298
101298
101298
101298
101301
101391
103898
103898
101481
101308
101298
101298
101298
101298
101298
101298
101298
101298
101298
101298
101298
101299
101298
101298
101298
101298
101298
101298
101298
101298
101298
101298
101298
101298
101302
101307
101566
108844
108844
101718
101318
101299
101299
101315
101575
104843
104843
101428
101303
101298
101298
101298
101300
101303
101303
101298
101298
101298
101298
101298
101298
101299
101339
101984
101984
108563
133018
133018
102097
101318
101298
101298
101298
101298
101299
101299
101299
101299
101298
101298
101298
101298
101298
101298
101298
101299
101299
101316
101316
101304
101299
101298
101299
101315
101764
113308
113308
102292
101360
101301
101301
101371
102726
125366
125366
102166
101328
101299
101298
101302
101339
101586
102848
107566
121167
151208
189816
228159
261954
286658
300797
305285
303755
308830
311382
311865
305240
288916
262025
226599
187493
148582
119564
106993
102667
101550
101333
101302
101298
101298
101298
101298
101298
101300
101359
102749
131107
358916
312200
244234
172429
124374
303085
303085
113036
101733
101313
101303
101334
101468
101835
102551
104033
112584
245084
745730
1.14305e+06
1.2882e+06
1.19208e+06
1.01409e+06
735107
393563
164641
108403
101930
101345
101307
101424
101309
101420
101304
101356
101301
101321
101302
101299
101299
101298
101298
101298
101298
101298
101299
101319
101889
117233
117233
102456
101363
101301
101298
101298
101298
101298
101298
101298
101298
101298
101298
101298
101298
101298
101298
101298
101299
101298
101298
101298
101298
101298
101298
101298
101298
101298
101298
101298
101299
101315
101794
115010
115010
102092
101338
101300
101300
101332
101843
108061
108061
101555
101307
101298
101298
101298
101301
101308
101308
101298
101299
101313
101316
101316
101304
101299
101298
101299
101315
101761
113257
113257
102285
101360
101301
101301
101370
102706
125003
125003
102153
101327
101299
101298
101302
101338
101583
102834
107539
121182
151565
190810
230018
264700
290239
305024
310153
311994
309479
299895
281001
252607
217016
178741
141545
116182
105864
102342
101486
101323
101301
101298
101298
101298
101298
101298
101300
101338
102263
121191
111686
105568
102616
101625
107130
178638
178638
104298
101405
101302
101299
101307
101339
101435
101621
101998
104583
151796
526494
980494
736411
429994
194571
113880
102700
102414
109597
101725
103891
101445
101324
101309
101302
101299
101298
101300
101306
101326
101366
101450
102053
113737
299311
152694
101313
101299
101298
101298
101298
101298
101298
101298
101298
101298
101298
101298
101298
101298
101298
101298
101298
101299
101303
101322
101302
101298
101298
101298
101298
101298
101298
101299
101299
101301
101298
101298
101299
101323
102021
121274
121274
102478
101358
101301
101301
101349
102122
111337
111337
101686
101312
101299
101298
101299
101303
101313
101302
101333
101548
102661
106977
119544
148600
187606
226836
262339
289226
305482
300025
286891
265187
235535
200828
164359
131019
111804
104414
101967
101413
101313
101299
101298
101298
101298
101298
101298
101299
101319
101798
101497
101360
101301
101298
101298
101298
101298
101298
101298
101298
101298
101298
101298
101298
101298
101298
101299
101303
101326
101425
101756
101396
101314
101300
101298
101299
101301
101305
101313
101323
101485
102337
105848
116150
141520
178788
217163
252828
281219
265294
241713
212194
179554
146199
120150
107728
103047
101656
101355
101305
101299
101298
101298
101298
101298
101298
101298
101306
101298
101298
101298
101298
101298
101301
101299
101298
101300
101314
101302
101322
101425
101818
103101
106105
102677
101609
101354
101305
101321
101355
101412
101964
104405
111788
131005
164391
200927
235675
212254
184805
154923
127655
111525
104654
102102
101456
101321
101305
101354
101609
101396
101756
103100
106691
114206
127675
111532
104655
102102
101456
101655
103044
107724
120153
146230
179614
154947
130738
114199
106101
102676
101298
101298
101298
101298
101298
101298
101298
101315
101478
108563
101302
101298
101298
101298
101298
101298
101298
101298
101298
101298
101298
101298
101298
101298
101298
101298
101298
101298
101298
101298
101298
101298
101298
101298
101298
)
;
    }
    procBoundary4to5
    {
        type            processor;
        value           nonuniform List<scalar> 
630
(
560176
533169
490649
430852
344382
235295
146312
109674
102552
101442
101311
101299
101298
101300
101351
102729
136518
413234
722329
831880
768981
772106
782952
800551
800551
728040
417521
134322
102529
109212
136652
196644
266662
363901
613628
1.04925e+06
1.32849e+06
1.28643e+06
1.1682e+06
1.12079e+06
905237
765288
658718
563476
488608
431480
390268
365046
345094
327011
310643
310643
298537
289532
283468
266243
253739
243833
234834
224756
213173
200654
187380
181907
180986
179288
180711
183255
188272
139578
118060
88162.6
47468.5
12979.8
4715.11
4167.24
4299.86
4310.53
4398.46
4308.45
4194.37
4163.89
4009.87
3884.52
3624.16
3229.27
4380.99
11095.4
55760.5
171387
331206
551623
691376
577322
577646
579198
583061
585141
582901
575154
690222
692870
694375
690656
676403
642917
574517
452563
273056
138888
105696
101700
101328
102167
125393
389338
733345
852960
764026
596307
605017
625270
661626
661626
544402
705771
774221
601034
254441
410343
522217
613501
742644
1.01793e+06
1.287e+06
1.31199e+06
1.09267e+06
969453
827321
717956
608844
517094
436668
358860
284586
230057
189993
161712
161712
152304
146693
143791
132213
124872
119389
115700
113558
114351
119734
125242
138285
140881
143734
171443
172155
173309
173591
144918
142438
123872
96925.5
56159.3
17603.7
5012.68
4154.81
4248.37
4252.71
4341.15
4314.71
4279.22
4342.37
4220.85
4056.21
3999.82
3897.68
3635.16
3256.25
4394.9
10993.2
54781.5
167934
326318
548249
691074
691636
690180
687656
687780
552396
567800
588159
614065
646365
683894
722886
750678
733096
640634
452677
213964
113036
313231
696077
856789
769822
577444
467063
474382
488158
510701
510701
435153
386309
478933
622534
745317
690149
738091
794593
901758
1.09385e+06
1.20743e+06
1.10674e+06
919119
792963
684308
589157
482652
354191
224889
123705
70570
50817.8
50817.8
47069.5
45365.4
44641.5
41016.9
38948.1
37265
36494
36607.6
38023.5
43797.4
72089
77687
88681.9
116707
122842
125967
127279
147685
148209
127517
126646
102287
62528.7
22783.9
5682.26
4248.24
4294.95
4252.62
4343.1
4281.86
4233.35
4250.55
4172.35
4171.14
4151.66
3990.19
3894.73
3630
3257.36
4405.61
11069.7
54928.3
167484
324485
546319
543642
544482
329873
341259
360373
387858
420068
461757
513579
580382
662740
750826
809588
771448
601896
836951
792466
586167
459615
380849
387372
398892
416252
416252
354683
313254
287073
361274
448666
576259
724972
746265
807899
894447
935940
888735
733225
615751
506607
365168
194823
65115.4
18942.8
10761.9
10761.9
9890.17
9629.58
9611.29
9340.6
8799.5
8588.34
8663.48
8642.08
8386.07
10541.6
10606.9
9998.23
35562.9
41115.2
49745.8
57522.4
96948
102192
102949
103053
64442.8
25570.1
6205.71
4256.49
4243.92
4219.47
4294.48
4277.53
4213.46
4227.56
4149.35
4196.79
4044.34
4142.69
3995.44
3878.26
3616.93
3231.24
4369.92
11006.5
54830.4
167856
324606
173568
187741
211418
243515
280391
320956
362624
408833
472739
565794
692276
817372
623845
468190
376796
310387
380849
387372
398892
416252
354683
313254
287073
145315
145315
267580
357301
447072
573875
604090
660155
722030
578541
465640
329862
157559
40671.1
8565.74
4347.34
4347.34
3957.88
3915.99
3947.17
4230.69
4097.24
4170.47
4307.64
4313.38
4239.44
4113.72
5105.41
4760.59
4540.19
4572.07
10881.3
14630
18865.9
23578.7
63284
64672.5
25869.7
6261.06
4254.71
4231.84
4206.57
4239.18
4325.14
4264.43
4317.63
4254.52
4162.85
4218.6
4111.52
3966.76
3853.24
3590.76
3189.46
4361.41
11248.9
56548.3
62648.4
76561.9
104424
148386
206022
256689
304669
355115
416254
498377
387994
309590
245313
171478
253374
325097
331526
341834
301417
265740
99836.5
21126
47720.8
47720.8
30963.7
122319
261002
370047
470322
521056
408607
278795
126473
30152.7
6246.11
3456.74
3456.74
3202.07
3242.71
3287.51
3610.77
3610.72
3747.59
3906.22
4004.38
4106.6
4194.09
3998.19
4139.98
4025.96
4064.55
4085.61
4150.52
4812.58
5116.79
5788.55
4244.39
4277.63
4226.34
4234.27
4321.26
4293.04
4277.35
4369.62
4283.09
4185.23
4265.35
4254.4
4230.66
4272.98
4285.5
4292.36
4141.03
4164.8
4057.92
3919.26
3816.4
3540.92
3150.57
4472.06
12467.7
15791.7
24224.2
42892.9
83138.7
143572
211691
270317
324463
250242
171330
77559.7
20120.5
84294.6
186751
279774
289152
244493
70515.9
12910.7
4280.5
5303.92
9087.35
9087.35
6451.14
3436.81
3436.81
3162.64
3157.95
3200.25
3512.42
3554.15
3684.57
3854.87
3971.73
4076.59
3979.04
3855.11
3762.9
3436.86
3162.04
4869.91
5853.62
8264.64
16155.1
44889.8
104141
184788
83970.5
19454.9
5668.29
3593.73
6490.6
28888.1
110507
228227
57863.6
10664.5
4053.31
3181.13
3169.36
3252.99
3772.78
3772.78
3772.78
3252.99
3169.36
3181.13
3428.12
3492.38
3565.28
3760.25
3886.33
3775.45
3664.38
3234.05
3320.21
3658.74
4449.62
8004.53
26417.4
5823.89
3446.12
3202.46
3496.93
3514.28
3620.84
3535.83
3085.12
3022.53
3547.29
3109.93
3419.96
)
;
    }
}


// ************************************************************************* //
