/*--------------------------------*- C++ -*----------------------------------*\
  =========                 |
  \\      /  F ield         | OpenFOAM: The Open Source CFD Toolbox
   \\    /   O peration     | Website:  https://openfoam.org
    \\  /    A nd           | Version:  9
     \\/     M anipulation  |
\*---------------------------------------------------------------------------*/
FoamFile
{
    format      ascii;
    class       labelList;
    note        "nPoints:6341  nCells:4499  nFaces:15216  nInternalFaces:12870";
    location    "0.0002/polyMesh";
    object      neighbour;
}
// * * * * * * * * * * * * * * * * * * * * * * * * * * * * * * * * * * * * * //


12870
(
1
2
3
262
3822
3838
2
3
4
112
238
389
878
879
882
3820
3832
4
978
1018
3823
4
3818
3824
3836
6
3818
3821
6
271
389
1013
3819
3828
389
1018
3819
3825
8
43
44
3417
3949
3951
12
31
45
3418
3952
11
1550
3973
3978
11
13
14
19
1550
3449
4380
4383
4384
15
3450
3987
3992
13
26
110
3485
3991
27
111
3486
3992
15
1691
1692
1693
1694
3530
4436
4437
4438
3532
4061
17
1634
1636
1637
1648
1650
1651
1627
1683
4373
4377
4379
4382
27
3543
4380
4381
4384
22
28
64
1067
1068
1069
1628
1761
1762
1764
1766
1629
1760
1762
1763
1817
1818
1820
1821
4282
4286
4287
4326
4328
4329
24
29
76
1095
1096
1097
1630
1767
1769
1771
1773
1572
1631
4226
4227
4229
4324
25
26
30
88
1123
1124
1125
1632
4389
4392
4393
27
4136
4387
4389
4392
27
31
100
1151
1152
1153
3544
101
1158
1159
1160
3545
4381
4384
4386
4387
4390
4392
29
34
63
1060
1061
1062
1622
30
37
75
1088
1089
1090
1624
31
40
87
1116
1117
1118
1626
43
99
1144
1146
1148
3542
33
35
1222
1485
1488
1489
1609
34
36
1223
1492
1495
1496
1610
37
62
1053
1054
1057
1621
36
38
1225
1499
1502
1503
1614
37
39
1226
1506
1509
1510
1615
40
74
1081
1082
1085
1623
39
41
1228
1513
1516
1517
1619
40
42
1229
1520
1523
1524
1620
43
86
1109
1110
1113
1625
42
1527
1529
1530
1531
2979
3793
43
1535
1536
1537
1538
2980
3949
98
1138
1139
1141
3541
45
98
112
388
390
391
1137
1139
1140
3954
4036
99
110
113
392
395
396
1145
1146
1147
3955
1568
1580
4233
4234
4236
54
140
287
288
289
292
1034
1029
1575
1587
4065
4067
4069
54
57
178
305
306
307
309
1041
1036
1043
1045
1046
1658
1687
4219
4220
4221
4241
4243
4246
4303
4304
4305
57
60
216
323
324
325
327
1048
1043
1050
1051
1546
4252
4385
142
274
286
287
290
144
293
295
296
299
1035
146
286
293
294
298
300
180
278
304
306
310
311
182
312
313
314
317
1042
184
311
313
315
318
322
218
282
322
323
328
329
220
330
331
332
335
1049
1551
222
329
330
333
336
1557
1053
1057
1059
1061
1081
1060
1061
1066
1067
1088
65
1067
1068
1073
1096
1074
1075
1080
1102
1766
119
122
413
414
416
418
1055
1238
119
126
129
440
441
444
446
1063
126
133
136
468
469
472
474
1070
133
140
143
496
497
500
502
1079
120
340
341
1171
127
147
343
344
134
150
346
347
141
153
349
350
1081
1085
1087
1089
1109
1088
1089
1094
1095
1116
77
1095
1096
1101
1124
1102
1104
1108
1130
1773
122
157
160
563
564
566
567
1083
1247
129
157
164
167
590
591
594
595
1091
136
164
171
174
618
619
622
623
1098
143
171
178
181
646
647
650
651
1107
158
352
353
527
1167
151
165
185
355
356
154
172
188
358
359
156
179
191
361
362
1109
1113
1115
1117
1138
1116
1117
1122
1123
1144
89
1123
1124
1129
1152
1130
1132
1136
1158
4392
160
195
198
712
713
716
717
1111
1257
167
195
202
205
740
741
744
745
1119
174
202
209
212
768
769
772
773
1126
181
209
216
219
796
797
800
801
1135
196
364
365
677
1315
189
203
223
367
368
192
210
226
370
371
194
217
229
373
374
1137
1138
1139
1146
100
1144
1145
1146
110
1151
1153
1154
111
1151
1158
1160
1164
198
233
236
862
863
866
867
1142
1268
205
233
240
243
890
891
894
895
1149
212
240
247
250
918
919
922
923
1155
219
247
254
257
946
947
950
951
1163
224
234
376
377
1331
227
241
261
379
380
230
248
264
382
383
232
255
267
385
386
111
114
397
400
401
1151
1154
1157
3977
402
404
405
407
1160
1161
1164
1550
3978
236
388
390
4038
243
388
392
393
395
250
392
397
398
400
402
403
408
4007
4060
265
271
393
1012
1013
4018
268
272
398
1015
1016
4022
270
273
406
409
410
4014
123
419
420
423
425
1056
412
414
415
1180
127
147
420
421
422
123
427
428
430
432
1058
1241
129
157
433
435
437
439
1059
148
412
426
430
431
1169
131
149
159
434
435
436
130
447
448
451
453
1064
441
442
443
134
150
448
449
450
130
454
456
458
460
1065
136
164
461
463
465
467
1066
151
165
455
456
457
138
152
166
462
463
464
137
475
476
479
481
1071
469
470
471
141
153
476
477
478
137
482
484
486
488
1072
143
171
489
491
493
495
1073
154
172
483
484
485
145
155
173
490
491
492
144
504
505
506
509
1077
497
498
499
503
504
507
551
144
510
512
514
516
1080
178
517
519
520
523
1078
156
179
511
512
513
503
517
518
522
558
524
525
340
527
529
1166
151
185
530
531
533
534
536
537
154
188
539
540
542
543
545
546
156
191
548
549
555
556
161
569
570
573
574
1084
426
562
564
565
1170
165
185
570
571
572
161
577
578
580
582
1086
1250
167
195
583
585
587
589
1087
186
562
576
580
581
1395
169
187
197
584
585
586
168
597
598
601
602
1092
591
592
593
172
188
598
599
600
168
604
606
608
610
1093
174
202
611
613
615
617
1094
189
203
605
606
607
176
190
204
612
613
614
175
625
626
629
630
1099
619
620
621
179
191
626
627
628
175
632
634
636
638
1100
181
209
639
641
643
645
1101
192
210
633
634
635
183
193
211
640
641
642
182
654
655
656
658
1105
647
648
649
653
655
659
667
701
182
660
662
664
666
1108
216
668
669
670
673
1106
194
217
661
662
663
667
669
671
708
803
674
675
352
677
679
1306
189
223
680
681
683
684
686
687
192
226
689
690
692
693
695
696
194
229
698
699
705
706
199
719
720
723
724
1112
576
713
714
715
1423
203
223
720
721
722
199
726
728
730
732
1114
1261
205
233
733
735
737
739
1115
224
234
727
728
729
1436
207
225
235
734
735
736
206
747
748
751
752
1120
741
742
743
210
226
748
749
750
206
754
756
758
760
1121
212
240
761
763
765
767
1122
227
241
755
756
757
214
228
242
762
763
764
213
775
776
779
780
1127
769
770
771
217
229
776
777
778
213
782
784
786
788
1128
219
247
789
791
793
795
1129
230
248
783
784
785
221
231
249
790
791
792
220
804
805
806
808
1133
797
798
799
803
804
809
817
851
220
810
812
814
816
1136
254
818
819
820
823
1134
232
255
811
812
813
817
818
821
858
953
824
825
827
828
1320
227
261
830
831
833
834
836
837
230
264
839
840
842
843
845
846
232
267
848
849
855
856
237
869
870
873
874
1143
863
864
865
1466
241
261
870
871
872
237
876
878
880
882
1140
1272
243
388
883
885
887
889
1137
262
877
878
879
1478
245
263
389
884
885
886
244
897
898
901
902
1150
891
892
893
248
264
898
899
900
244
904
906
908
910
1147
250
392
911
913
915
917
1145
265
393
905
906
907
252
266
394
912
913
914
251
925
926
929
930
1156
919
920
921
255
267
926
927
928
251
932
934
936
938
1154
257
397
939
941
943
945
1157
268
398
933
934
935
259
269
399
940
941
942
258
954
955
956
958
1162
1551
947
948
949
953
954
959
968
1001
1552
258
405
960
962
964
966
1164
404
967
969
970
973
1161
270
406
961
962
963
403
967
968
971
1008
974
975
977
978
1335
265
271
980
981
983
984
986
987
268
272
989
990
992
993
995
996
270
273
998
999
1005
1006
389
1018
3826
394
1019
1020
4026
399
1022
1023
4030
275
276
551
277
286
300
552
277
290
291
303
279
281
319
701
280
301
304
702
281
302
308
310
321
283
285
337
851
284
318
322
852
285
320
326
328
339
288
291
503
288
292
504
289
293
505
291
292
296
291
292
298
295
296
517
295
297
301
304
518
299
305
519
298
299
298
299
302
308
303
309
301
303
558
302
559
303
305
308
653
306
309
654
307
312
655
309
310
314
309
310
316
312
316
319
667
313
314
668
317
324
669
316
317
316
317
320
326
321
327
319
320
708
321
709
321
324
326
803
324
325
331
804
327
805
327
328
332
327
328
334
331
334
337
817
331
335
818
1559
332
819
334
335
334
335
338
1561
339
1562
337
338
858
1554
339
859
339
1555
342
412
1172
342
415
524
417
526
529
345
442
533
345
443
525
536
445
535
538
348
470
542
348
471
534
545
473
544
547
351
498
553
351
499
543
555
501
554
557
354
562
1178
354
528
565
674
568
676
679
357
537
592
683
357
593
675
686
596
685
688
360
546
620
692
360
621
684
695
624
694
697
363
556
648
703
363
649
693
705
652
704
707
366
678
714
824
366
715
827
1316
718
826
829
369
687
742
833
369
743
825
836
746
835
838
372
696
770
842
372
771
834
845
774
844
847
375
706
798
853
375
799
843
855
802
854
857
378
828
864
974
378
865
977
1329
868
976
979
381
837
892
983
381
893
975
986
896
985
988
384
846
920
992
384
921
984
995
924
994
997
387
856
948
1003
387
949
993
1005
952
1004
1007
389
391
393
885
886
889
1018
4008
391
3820
3844
4040
395
3844
4008
394
396
394
906
907
910
1012
1013
1014
4009
398
913
914
917
1019
1020
1021
4010
396
3849
4009
400
3849
4010
399
401
405
399
934
935
938
1015
1016
1017
4011
406
941
942
945
1022
1023
1024
4012
401
3850
4011
407
3850
4012
404
407
4060
404
406
967
971
973
1025
1026
1027
1028
405
406
407
408
409
410
411
962
963
966
408
4060
4006
4012
4060
411
1006
1027
4015
411
1023
4006
4016
1028
4006
4013
416
417
1181
416
417
418
419
427
416
418
1184
417
418
421
430
1185
424
431
425
423
424
425
433
423
425
441
424
425
524
423
424
434
443
525
437
444
438
526
428
429
527
1188
430
431
432
433
430
432
564
1191
431
432
436
528
565
1192
438
529
439
566
437
438
439
437
438
455
530
437
439
456
570
438
439
531
571
458
532
573
444
445
446
447
454
444
446
445
446
449
444
445
455
458
452
459
453
451
452
453
461
451
453
469
452
453
533
451
452
462
471
534
465
472
466
535
458
459
460
461
458
459
536
458
460
591
459
460
464
537
592
466
538
467
594
465
466
467
465
466
483
539
465
467
484
598
466
467
540
599
486
541
601
472
473
474
475
482
472
474
473
474
477
472
473
483
486
480
487
481
479
480
481
489
479
481
497
480
481
542
479
480
490
499
543
493
500
494
544
486
487
488
489
486
487
545
486
488
619
487
488
492
546
620
494
547
495
622
493
494
495
493
494
511
548
493
495
512
626
494
495
549
627
514
550
629
500
501
502
506
510
500
502
501
502
507
500
501
511
514
508
515
509
505
508
552
505
509
506
517
508
509
520
508
509
553
522
554
514
515
516
520
514
515
555
514
516
647
515
516
521
556
648
522
557
523
650
519
520
519
521
559
653
523
654
522
523
522
523
560
657
561
658
526
526
530
532
528
1175
529
531
532
532
536
532
674
535
535
539
541
538
538
540
541
541
545
541
683
544
544
548
550
547
547
549
550
550
555
550
692
552
553
554
558
554
561
557
557
560
561
559
561
560
702
561
703
567
568
1195
566
567
568
569
577
566
567
1198
566
568
571
573
580
1200
575
581
573
574
575
583
573
574
591
573
575
674
574
575
584
593
675
587
595
588
676
578
579
677
1396
580
581
582
583
580
582
713
1398
581
582
586
678
714
1399
588
679
589
716
587
588
589
587
588
605
680
587
589
606
720
588
589
681
721
608
682
723
594
595
596
597
604
594
595
594
596
599
595
596
605
601
608
603
609
601
602
603
611
601
602
619
601
603
683
602
603
612
621
684
615
623
616
685
608
609
610
611
608
609
686
608
610
741
609
610
614
687
742
616
688
617
744
615
616
617
615
616
633
689
615
617
634
748
616
617
690
749
636
691
751
622
623
624
625
632
622
623
622
624
627
623
624
633
629
636
631
637
629
630
631
639
629
630
647
629
631
692
630
631
640
649
693
643
651
644
694
636
637
638
639
636
637
695
636
638
769
637
638
642
696
770
644
697
645
772
643
644
645
643
644
661
698
643
645
662
776
644
645
699
777
664
700
779
650
651
652
656
660
650
651
650
652
657
651
652
661
658
664
659
665
654
657
702
655
658
656
668
658
659
670
658
659
703
672
704
664
665
666
670
664
665
705
664
666
797
665
666
671
706
798
672
707
673
800
668
672
709
669
670
673
805
672
673
672
673
710
807
711
808
676
676
680
682
678
1307
679
681
682
682
686
682
824
685
685
689
691
688
688
690
691
691
695
691
833
694
694
698
700
697
697
699
700
700
705
700
842
702
704
709
703
704
711
707
707
710
711
709
710
852
711
711
853
716
717
718
719
726
716
717
1426
716
718
721
717
718
727
1424
723
730
1428
725
731
723
724
725
733
723
724
741
723
725
824
724
725
734
743
825
737
745
738
826
730
731
732
733
730
731
827
1438
730
732
863
1440
731
732
736
828
864
1441
738
829
739
866
737
738
739
737
738
755
830
737
739
756
870
738
739
831
871
758
832
873
744
745
746
747
754
744
745
744
746
749
745
746
755
751
758
753
759
751
752
753
761
751
752
769
751
753
833
752
753
762
771
834
765
773
766
835
758
759
760
761
758
759
836
758
760
891
759
760
764
837
892
766
838
767
894
765
766
767
765
766
783
839
765
767
784
898
766
767
840
899
786
841
901
772
773
774
775
782
772
773
772
774
777
773
774
783
779
786
781
787
779
780
781
789
779
780
797
779
781
842
780
781
790
799
843
793
801
794
844
786
787
788
789
786
787
845
786
788
919
787
788
792
846
920
794
847
795
922
793
794
795
793
794
811
848
793
795
812
926
794
795
849
927
814
850
929
800
801
802
806
810
800
801
800
802
807
801
802
811
808
814
809
815
805
807
852
805
806
819
808
808
809
820
808
809
853
822
854
814
815
816
820
814
815
855
814
816
947
815
816
821
856
948
822
857
823
950
819
822
859
819
823
955
820
822
823
822
823
860
957
861
958
826
826
830
832
829
1322
829
831
832
832
836
832
974
835
835
839
841
838
838
840
841
841
845
841
983
844
844
848
850
847
847
849
850
850
855
850
992
852
854
859
853
854
861
857
857
860
861
859
860
1002
861
861
1003
866
867
868
869
876
866
867
1468
866
868
871
867
868
877
1464
873
880
1470
875
881
873
874
875
883
873
874
891
873
875
974
874
875
884
893
975
887
895
888
976
880
881
882
883
880
881
977
1480
880
882
1482
881
882
886
978
1483
888
979
889
887
888
889
887
888
905
980
887
889
906
888
889
981
908
982
894
895
896
897
904
894
895
894
896
899
895
896
905
901
908
903
909
901
902
903
911
901
902
919
901
903
983
902
903
912
921
984
915
923
916
985
908
909
910
911
908
909
986
908
910
909
910
914
987
916
988
917
915
916
917
915
916
933
989
915
917
934
916
917
990
936
991
922
923
924
925
932
922
923
922
924
927
923
924
933
929
936
931
937
929
930
931
939
929
930
947
929
931
992
930
931
940
949
993
943
951
944
994
936
937
938
939
936
937
995
936
938
937
938
942
996
944
997
945
943
944
945
943
944
961
998
943
945
962
944
945
999
964
1000
950
951
952
956
960
950
951
950
952
957
951
952
961
958
964
959
965
955
957
1002
1557
955
956
969
1558
958
1559
958
959
970
958
959
1003
972
1004
964
965
966
970
964
965
1005
964
966
965
966
971
1006
972
1007
973
969
973
969
972
1009
970
972
973
972
973
1010
1011
976
976
980
982
979
1337
979
981
982
982
986
982
1018
985
985
989
991
988
988
990
1012
991
991
995
991
1019
994
994
998
1000
997
997
999
1015
1000
1000
1005
1000
1022
1002
1004
1009
1553
1003
1554
1004
1011
1007
1007
1010
1011
1009
1010
1026
1011
1011
1027
1014
1019
4019
1014
4001
4020
1021
4001
4017
1017
1022
4023
1017
1020
4003
4024
1024
4003
4021
3827
1021
4027
1021
4002
4028
4002
4025
1024
4031
1024
4004
4032
4004
4029
1026
1028
4005
4007
1027
4033
1028
4035
4007
4034
1567
1579
4072
4074
4076
1031
1035
1038
4073
4074
4077
4078
4101
4102
4103
4104
1034
4234
4235
4238
4239
4269
4270
4271
4272
1033
1035
1039
1075
1570
4075
4076
4077
4078
4086
4087
4088
1034
1076
1569
4236
4237
4238
4239
4254
4255
4256
1035
1077
1041
1078
1574
1586
4240
4241
4243
1038
1042
1045
4241
4242
4245
4246
4276
4277
4278
4279
1041
4066
4067
4070
4071
4108
4109
4110
4111
1040
1041
1103
1576
4068
4069
4070
4071
4093
4094
4095
1042
1046
1104
1577
4243
4244
4245
4246
4261
4262
4263
1042
1105
1048
1106
1044
1047
1657
1686
1045
1049
1050
1656
1048
1659
1047
1048
1131
1689
1049
1051
1132
1688
1049
1133
1052
1134
1052
1547
4251
1052
1159
1548
4386
1162
1549
1551
1054
1056
1062
1055
1057
1492
1056
1058
1494
1059
1063
1058
1082
1496
1059
1083
1498
1065
1084
1062
1064
1069
1062
1065
1090
1063
1064
1065
1066
1070
1066
1091
1072
1092
1069
1072
1097
1069
1071
1074
1070
1071
1072
1073
1079
1073
1098
1080
1099
1076
1079
1764
1076
1078
1103
1765
1077
1763
1078
1079
1080
1105
1080
1107
1082
1084
1090
1083
1085
1506
1084
1086
1508
1087
1091
1086
1110
1510
1087
1111
1512
1093
1112
1090
1092
1097
1090
1093
1118
1091
1092
1093
1094
1098
1094
1119
1100
1120
1097
1100
1125
1097
1099
1102
1098
1099
1100
1101
1107
1101
1126
1108
1127
1103
1107
1771
1104
1105
1770
1106
1131
1772
1106
1107
1108
1133
1108
1135
1110
1112
1118
1111
1113
1520
1112
1114
1522
1115
1119
1114
1141
1524
1115
1142
1526
1121
1143
1118
1120
1125
1118
1121
1148
1119
1120
1121
1122
1126
1122
1149
1128
1150
1125
1128
1153
1125
1127
1130
1126
1127
1128
1129
1135
1129
1155
1136
1156
1131
1135
4393
1132
1133
4391
1134
1159
4390
1134
1135
1136
1162
1136
1163
1140
1143
1147
1141
1143
1148
1140
1141
1536
1142
1232
1142
1538
1143
1540
1149
1148
1150
1153
1147
1150
1154
1147
1148
1149
1149
1150
1155
1152
1157
1153
1156
1158
1155
1155
1157
1156
1157
1163
1164
1159
1163
1160
1162
1161
1548
1162
1164
1549
1163
1164
1168
1171
1173
1276
1169
1172
1174
1175
1170
1175
1177
1178
1180
1182
1186
1353
1181
1187
1188
1192
1188
1194
1195
1198
1172
1180
1173
1181
1174
1182
1277
1176
1187
1293
1176
1188
1177
1189
1295
1179
1194
1278
1179
1195
1306
1196
1211
1280
1181
1184
1182
1185
1183
1187
1354
1185
1186
1190
1238
1355
1185
1186
1238
1192
1238
1238
1358
1189
1190
1359
1189
1191
1193
1194
1361
1192
1193
1241
1362
1192
1193
1198
1241
1241
1199
1241
1365
1196
1199
1380
1196
1200
1395
1197
1252
1382
1199
1200
1247
1383
1397
1199
1200
1247
1247
1385
1247
1399
1239
1275
1276
1288
1248
1278
1279
1294
1296
1258
1281
1282
1308
1318
1269
1284
1285
1323
1333
1235
1287
1288
1237
1287
1290
1291
1242
1275
1290
1293
1294
1244
1291
1296
1297
1246
1297
1299
1300
1251
1279
1299
1302
1303
1252
1302
1305
1306
1254
1308
1309
1312
1256
1311
1312
1324
1259
1281
1314
1316
1321
1262
1285
1311
1317
1318
1263
1317
1320
1321
1330
1265
1323
1324
1327
1267
1326
1327
3803
1270
1284
1329
1330
1336
1273
1326
1332
1333
3834
1274
1332
1335
1336
3837
1485
1486
1488
1485
1492
1493
1495
1234
1238
1240
1355
1356
1357
1358
1493
1488
1499
1500
1502
1495
1499
1506
1507
1509
1240
1243
1247
1249
1383
1384
1385
1386
1507
1502
1513
1514
1516
1509
1513
1520
1521
1523
1249
1253
1257
1260
1418
1419
1420
1421
1521
1266
1527
1528
1533
1534
3790
1272
1534
1536
1540
4036
1260
1264
1268
1271
1460
1461
1462
1463
1539
1236
1341
1342
1343
1344
1487
1338
1339
1344
1240
1243
1348
1349
1350
1351
1491
1338
1345
1346
1348
1241
1494
1339
1352
1353
1356
1241
1362
1363
1364
1365
1497
1247
1498
1345
1352
1359
1360
1364
1245
1369
1370
1371
1372
1501
1346
1366
1367
1371
1249
1253
1376
1377
1378
1379
1505
1367
1373
1374
1376
1250
1508
1360
1366
1380
1381
1384
1250
1390
1391
1392
1393
1511
1257
1397
1398
1399
1400
1512
1373
1381
1387
1388
1392
1387
1394
1395
1397
1255
1404
1405
1406
1407
1515
1401
1402
1404
1409
1260
1264
1411
1412
1413
1414
1519
1408
1409
1414
1444
1261
1425
1426
1427
1428
1522
1401
1415
1416
1421
1430
1415
1422
1424
1425
1437
1261
1432
1433
1434
1435
1525
1268
1439
1440
1441
1442
1526
1408
1429
1430
1433
1458
1429
1436
1437
1442
1465
1266
1446
1447
1448
1449
1533
1443
1444
1446
1451
1271
1453
1454
1455
1456
3791
1450
1451
1456
3805
1272
1467
1468
1469
1470
1540
1443
1457
1458
1463
1472
1457
1464
1465
1467
1479
1272
1474
1475
1476
1477
1534
4037
1481
1482
1483
1484
4038
1450
1471
1472
1475
3831
1471
1478
1479
1484
3832
1277
1289
1352
1277
1353
1293
1354
1280
1295
1380
1280
1298
1381
1302
1382
1283
1319
1415
1283
1303
1310
1416
1304
1314
1417
1286
1334
1457
1286
1325
1458
1317
1330
1459
1289
1338
1289
1339
1290
1340
1292
1345
1292
1346
1294
1296
1347
1295
1359
1295
1360
1361
1298
1366
1298
1367
1299
1368
1301
1373
1301
1309
1374
1303
1310
1375
1304
1387
1304
1388
1305
1389
1307
1314
1394
1307
1395
1315
1396
1310
1313
1401
1310
1402
1403
1313
1325
1408
1313
1409
1318
1410
1315
1422
1316
1423
1322
1424
1319
1429
1319
1430
1321
1431
1322
1331
1436
1322
1437
1438
1325
1328
1443
1325
1444
1445
1328
1450
3804
1328
1451
1333
1452
1331
1337
1464
1331
1465
1466
1334
1471
3835
1334
1472
1336
1473
1337
1478
3838
1337
1479
1480
1340
1341
1340
1342
1343
1345
1352
1343
1344
1348
1343
1344
1356
1350
1357
1347
1350
1347
1351
1349
1360
1366
1350
1351
1350
1351
1363
1370
1364
1371
1354
1357
1354
1358
1355
1359
1357
1358
1362
1357
1358
1364
1361
1362
1361
1363
1365
1380
1364
1365
1364
1365
1384
1385
1368
1370
1368
1369
1372
1373
1381
1371
1372
1376
1371
1372
1384
1378
1386
1375
1378
1375
1379
1402
1377
1388
1403
1378
1379
1378
1379
1391
1405
1392
1406
1382
1385
1382
1386
1383
1387
1385
1386
1390
1385
1386
1392
1389
1390
1389
1391
1416
1393
1394
1417
1392
1393
1397
1392
1393
1419
1400
1420
1396
1400
1422
1396
1399
1398
1423
1399
1400
1399
1400
1426
1427
1403
1407
1410
1403
1406
1405
1416
1406
1407
1411
1406
1407
1419
1413
1421
1410
1412
1445
1410
1411
1413
1430
1413
1414
1413
1414
1433
1447
1434
1448
1417
1418
1431
1417
1419
1420
1422
1420
1421
1425
1432
1420
1421
1427
1434
1423
1427
1424
1426
1428
1438
1427
1428
1439
1427
1428
1441
1431
1435
1459
1431
1434
1432
1437
1434
1435
1439
1434
1435
1461
1442
1462
1438
1440
1466
1438
1439
1441
1441
1442
1441
1442
1468
1469
1445
1449
1452
1445
1448
1447
1458
1448
1449
1453
1448
1449
1461
1455
1463
1452
1454
3805
1452
1453
1455
1472
1455
1456
1455
1456
1475
3805
1476
3805
1459
1460
1473
1459
1461
1462
1465
1462
1463
1467
1474
1462
1463
1469
1476
1466
1470
1480
1466
1469
1468
1469
1470
1481
1469
1470
1483
1473
1477
3831
1473
1476
1474
1479
1476
1477
1481
1476
1477
3831
1484
3831
1480
1482
3832
1480
1481
1483
1483
1484
1483
1484
3832
3832
1487
1489
1487
1490
1491
1493
1489
1490
1491
1495
1499
1491
1500
1497
1501
1494
1496
1494
1497
1498
1496
1497
1498
1506
1498
1507
1508
1501
1503
1501
1504
1505
1507
1503
1504
1505
1509
1513
1505
1514
1511
1515
1508
1510
1508
1511
1512
1510
1511
1512
1520
1512
1521
1522
1515
1517
1515
1518
1519
1521
1517
1518
1530
1519
1523
1531
1519
1532
1525
1533
1522
1524
1522
1525
1526
1524
1525
1537
1526
1538
1526
1539
1540
1529
1531
1535
3790
1529
1532
3790
1530
3790
1531
1532
1533
1537
1533
1539
1535
1539
4036
1536
1537
4036
1538
4036
1538
1539
1540
1540
1690
1694
3678
4079
4081
4085
1809
1810
1812
1718
1719
1721
1740
1655
1656
4250
4290
4294
4295
4299
4300
4301
4302
1546
1691
4247
4248
4252
1547
1548
1550
4383
1549
1550
4248
1549
1550
4384
1550
1558
1559
1560
1562
1553
1557
1558
1563
1554
1556
1555
1557
1556
1561
1563
1559
1561
1559
1560
1562
1562
1563
1562
1563
1634
1704
1705
1708
1566
1705
1816
1817
1819
1635
1774
1776
1777
1575
1725
1727
1728
1823
1824
1826
1824
4254
4255
4260
1726
4086
4087
4089
4254
1685
1711
1713
1717
1865
1775
1782
1783
1785
1684
1768
1865
1867
1869
1687
1830
1831
1833
1732
1734
1735
1733
4093
4095
4096
4261
1689
1831
4261
4262
4266
1739
1740
1743
1810
1587
1746
1748
1749
1837
1838
1840
1809
4268
4271
4274
1739
4100
4102
4105
4268
1662
1663
1664
1590
1592
1593
1594
1589
1844
1846
1850
4289
1658
1851
1852
1854
1753
1755
1756
1718
4100
4107
4110
4113
1659
4275
4279
4281
1599
1600
1601
1661
1669
1670
1671
1595
1598
1599
1749
1595
1596
1664
1596
1598
1600
1742
1597
1665
1750
1597
1666
1743
1598
1667
1744
1751
1605
1745
1752
1602
1605
1756
1603
1605
1721
1602
1603
1670
1604
1672
1757
1604
1673
1722
1605
1674
1723
1758
1724
1759
1607
1611
2972
3012
1608
1612
3013
1609
1613
3014
1610
1614
3015
1615
1621
3016
1612
1616
2973
3050
1613
1617
3051
1614
1618
3052
1615
1619
3053
1620
1623
3054
1617
2974
2976
3088
1618
2977
3089
1619
2978
3090
1620
2979
3091
1625
2980
3092
1622
1623
3399
1624
1628
3400
1624
1625
3403
1626
1630
3404
1626
3407
3541
1632
3408
3542
1641
4128
4129
4134
4186
1630
1677
1678
1680
1681
3458
1676
4282
4284
4287
1632
1697
1699
1701
1703
3464
4114
4115
4117
4163
1633
3470
3544
4135
4136
4141
1703
3471
4135
4138
4141
1635
1638
1636
1639
1705
1640
1650
1776
1638
1640
1651
1728
1639
1708
1729
1640
1709
1730
1777
1654
1731
1779
1646
1683
4129
4133
4134
4137
4145
4146
4147
4148
4185
1684
4140
4142
4143
4146
1685
1788
1792
1794
4142
1795
1796
1798
3581
1646
4129
4149
4151
4155
4188
3584
4139
4150
4151
4155
4156
4158
4161
4162
4187
3585
4138
4156
4157
4159
1649
1652
1712
1650
1653
1713
1781
1654
1782
1652
1654
1735
1653
1715
1736
1654
1716
1737
1784
1738
1786
1659
4289
4290
4295
1657
1659
4251
4219
4220
4223
4225
4252
4297
4298
4301
4302
4219
4221
4222
4220
4221
4224
4225
4276
4279
4281
4289
4293
4295
4253
4296
4297
4299
1802
1803
1804
1665
1668
1840
1666
1668
1812
1665
1666
1667
1841
1667
1813
1668
1814
1842
1815
1843
1672
1675
1802
1854
1672
1673
1673
1675
1804
1847
1674
1855
1674
1848
1675
1849
1856
1806
1850
1857
1760
4163
4165
4168
1678
1681
1697
1761
4166
4167
4168
4169
1680
1762
4285
4286
4287
4288
3459
4394
4396
4397
1681
3651
4395
4396
4399
4400
1701
3652
4170
4172
4175
4176
3653
4170
4171
4174
4394
1688
4377
4378
4379
4381
4387
4404
4405
4406
4407
4388
4401
4402
4404
1858
1862
1863
4401
1688
4303
4304
4307
4309
4375
4376
4378
4379
4385
4303
4305
4306
1689
4386
4390
4262
4265
4266
4304
4305
4308
4309
4391
4402
4403
4406
4407
1692
1695
3566
4081
4083
4085
4352
4353
4354
4382
1692
1693
1695
4383
1694
3564
4380
1694
4247
4411
4412
4413
4414
3528
4079
4084
4085
4429
4430
4431
4252
4385
4409
4410
4413
4414
4253
4408
4409
4411
1699
1701
1767
4117
4118
4119
4120
1768
4140
4310
4311
4314
1703
1769
4141
4313
4314
4315
4316
1703
3465
4178
4317
4319
4322
1703
3630
4177
4178
4182
4183
3631
4171
4177
4179
4180
3632
4317
4322
4323
1706
1707
1706
1709
1710
1816
1708
1710
1826
1709
1827
1710
1819
1828
1822
1829
1712
1714
1858
1713
1715
1716
1866
1715
1717
1833
1860
1716
1834
1717
1835
1868
1836
1862
1870
1720
1724
1741
1720
1722
1845
1723
1846
4107
1722
1724
1742
1723
1848
1724
1849
4112
1745
4113
1726
1729
1823
4072
1727
1730
1825
4075
1731
1734
4076
4087
1729
1731
1735
1730
1827
1731
1828
4089
1738
4091
1733
1736
1830
4065
1734
1737
1832
4068
1738
4069
4093
1736
1738
1737
1834
1738
1835
4096
4098
1741
1744
1811
1741
1742
1745
4100
1743
1745
1744
1813
1745
1814
4105
4106
1747
1750
1837
4072
1748
1751
1839
4073
4101
1752
1755
4074
4103
1750
1752
1756
1751
1841
1752
1842
4105
1759
4106
1754
1757
1851
4065
1755
1758
1853
4066
4108
1759
4067
4109
1757
1759
1758
1855
1759
1856
4112
4113
1774
4324
4326
4328
1762
1766
1767
4327
4328
4329
4330
1764
1764
1765
4255
4256
4258
4259
1766
1766
1770
4086
4088
4090
4092
4325
4326
4329
4330
1771
1769
1771
4229
4230
4231
4232
1769
1772
1867
1869
1871
4226
4228
4230
4231
4310
4314
4315
4388
1773
4389
1771
1772
4094
4095
4097
4099
4227
4228
4231
4232
1773
1773
4262
4263
4265
4267
4391
4393
1775
1780
1817
1776
1778
4324
1779
1782
1779
1780
1819
4089
1779
1780
1785
4090
4325
1786
4091
1821
4092
4326
1782
1783
1784
1866
1786
1787
1867
4226
1786
1787
1868
4096
1786
1787
4097
4227
4098
1871
4099
4228
1789
1790
1858
1791
1794
1859
4131
1791
1792
1795
1793
1797
4132
1793
1799
4144
1794
1800
4133
4145
1863
4134
4147
1797
1799
1797
1801
3701
4153
1800
4154
1799
1801
3702
4157
1800
4160
1801
4155
4161
3705
4150
4158
1805
1806
4222
1805
1807
4296
1806
1807
4292
1808
4223
4298
1808
4224
4293
1808
4294
4300
4225
4295
4301
1811
1815
1811
1813
1814
4268
1813
1815
1814
1815
4273
4274
1818
1822
1818
1821
1820
1821
1822
4257
1821
1822
4258
4259
4260
1825
1827
4233
1825
1829
4236
1828
4237
4254
1827
1829
1828
1829
4257
4260
1832
1834
4240
1832
1836
4243
4305
1835
4244
4261
1834
1836
4306
1835
1836
4264
4266
4308
1839
1841
4233
1839
1843
4234
4269
1842
4235
4270
1841
1843
1842
1843
4273
4274
1845
1847
4291
1846
1848
1849
4275
1848
1850
4292
1849
1850
4280
4281
4293
1853
1855
4240
1853
1857
4221
4241
4276
1856
4242
4277
1855
1857
4222
1856
1857
4280
4224
4281
1859
1860
1861
1863
4374
1861
1862
4306
1864
4307
4376
1864
4308
4403
1864
4377
4405
4309
4378
4406
1866
1870
4401
1867
1868
1871
1870
1871
4264
1870
1871
4265
4402
4266
4403
4267
1873
1882
1952
1874
1883
1953
1875
1884
1954
1876
1885
1955
1877
1886
1956
1878
1887
1957
1879
1888
1958
1880
1889
1959
1881
1890
1960
1891
1961
2732
1883
1892
1962
1884
1893
1963
1885
1894
1964
1886
1895
1965
1887
1896
1966
1888
1897
1967
1889
1898
1968
1890
1899
1969
1891
1900
1970
1901
1971
2735
1893
1902
1972
1894
1903
1973
1895
1904
1974
1896
1905
1975
1897
1906
1976
1898
1907
1977
1899
1908
1978
1900
1909
1979
1901
1910
1980
1911
1981
2738
1903
1912
1982
1904
1913
1983
1905
1914
1984
1906
1915
1985
1907
1916
1986
1908
1917
1987
1909
1918
1988
1910
1919
1989
1911
1920
1990
1921
1991
2741
1913
1922
1992
1914
1923
1993
1915
1924
1994
1916
1925
1995
1917
1926
1996
1918
1927
1997
1919
1928
1998
1920
1929
1999
1921
1930
2000
1931
2001
2744
1923
1932
2002
1924
1933
2003
1925
1934
2004
1926
1935
2005
1927
1936
2006
1928
1937
2007
1929
1938
2008
1930
1939
2009
1931
1940
2010
1941
2011
2747
1933
1942
2012
1934
1943
2013
1935
1944
2014
1936
1945
2015
1937
1946
2016
1938
1947
2017
1939
1948
2018
1940
1949
2019
1941
1950
2020
1951
2021
2750
1943
2022
2981
1944
2023
2982
1945
2024
2983
1946
2025
2984
1947
2026
2985
1948
2027
2986
1949
2028
2987
1950
2029
2988
1951
2030
2989
2031
2753
2990
1953
1962
2032
1954
1963
2033
1955
1964
2034
1956
1965
2035
1957
1966
2036
1958
1967
2037
1959
1968
2038
1960
1969
2039
1961
1970
2040
1971
2041
2756
1963
1972
2042
1964
1973
2043
1965
1974
2044
1966
1975
2045
1967
1976
2046
1968
1977
2047
1969
1978
2048
1970
1979
2049
1971
1980
2050
1981
2051
2759
1973
1982
2052
1974
1983
2053
1975
1984
2054
1976
1985
2055
1977
1986
2056
1978
1987
2057
1979
1988
2058
1980
1989
2059
1981
1990
2060
1991
2061
2762
1983
1992
2062
1984
1993
2063
1985
1994
2064
1986
1995
2065
1987
1996
2066
1988
1997
2067
1989
1998
2068
1990
1999
2069
1991
2000
2070
2001
2071
2765
1993
2002
2072
1994
2003
2073
1995
2004
2074
1996
2005
2075
1997
2006
2076
1998
2007
2077
1999
2008
2078
2000
2009
2079
2001
2010
2080
2011
2081
2768
2003
2012
2082
2004
2013
2083
2005
2014
2084
2006
2015
2085
2007
2016
2086
2008
2017
2087
2009
2018
2088
2010
2019
2089
2011
2020
2090
2021
2091
2771
2013
2022
2092
2014
2023
2093
2015
2024
2094
2016
2025
2095
2017
2026
2096
2018
2027
2097
2019
2028
2098
2020
2029
2099
2021
2030
2100
2031
2101
2774
2023
2102
3019
2024
2103
3020
2025
2104
3021
2026
2105
3022
2027
2106
3023
2028
2107
3024
2029
2108
3025
2030
2109
3026
2031
2110
3027
2111
2777
3028
2033
2042
2112
2034
2043
2113
2035
2044
2114
2036
2045
2115
2037
2046
2116
2038
2047
2117
2039
2048
2118
2040
2049
2119
2041
2050
2120
2051
2121
2780
2043
2052
2122
2044
2053
2123
2045
2054
2124
2046
2055
2125
2047
2056
2126
2048
2057
2127
2049
2058
2128
2050
2059
2129
2051
2060
2130
2061
2131
2783
2053
2062
2132
2054
2063
2133
2055
2064
2134
2056
2065
2135
2057
2066
2136
2058
2067
2137
2059
2068
2138
2060
2069
2139
2061
2070
2140
2071
2141
2786
2063
2072
2142
2064
2073
2143
2065
2074
2144
2066
2075
2145
2067
2076
2146
2068
2077
2147
2069
2078
2148
2070
2079
2149
2071
2080
2150
2081
2151
2789
2073
2082
2152
2074
2083
2153
2075
2084
2154
2076
2085
2155
2077
2086
2156
2078
2087
2157
2079
2088
2158
2080
2089
2159
2081
2090
2160
2091
2161
2792
2083
2092
2162
2084
2093
2163
2085
2094
2164
2086
2095
2165
2087
2096
2166
2088
2097
2167
2089
2098
2168
2090
2099
2169
2091
2100
2170
2101
2171
2795
2093
2102
2172
2094
2103
2173
2095
2104
2174
2096
2105
2175
2097
2106
2176
2098
2107
2177
2099
2108
2178
2100
2109
2179
2101
2110
2180
2111
2181
2798
2103
2182
3057
2104
2183
3058
2105
2184
3059
2106
2185
3060
2107
2186
3061
2108
2187
3062
2109
2188
3063
2110
2189
3064
2111
2190
3065
2191
2801
3066
2113
2122
2192
2114
2123
2193
2115
2124
2194
2116
2125
2195
2117
2126
2196
2118
2127
2197
2119
2128
2198
2120
2129
2199
2121
2130
2200
2131
2201
2804
2123
2132
2202
2124
2133
2203
2125
2134
2204
2126
2135
2205
2127
2136
2206
2128
2137
2207
2129
2138
2208
2130
2139
2209
2131
2140
2210
2141
2211
2807
2133
2142
2212
2134
2143
2213
2135
2144
2214
2136
2145
2215
2137
2146
2216
2138
2147
2217
2139
2148
2218
2140
2149
2219
2141
2150
2220
2151
2221
2810
2143
2152
2222
2144
2153
2223
2145
2154
2224
2146
2155
2225
2147
2156
2226
2148
2157
2227
2149
2158
2228
2150
2159
2229
2151
2160
2230
2161
2231
2813
2153
2162
2232
2154
2163
2233
2155
2164
2234
2156
2165
2235
2157
2166
2236
2158
2167
2237
2159
2168
2238
2160
2169
2239
2161
2170
2240
2171
2241
2816
2163
2172
2242
2164
2173
2243
2165
2174
2244
2166
2175
2245
2167
2176
2246
2168
2177
2247
2169
2178
2248
2170
2179
2249
2171
2180
2250
2181
2251
2819
2173
2182
2252
2174
2183
2253
2175
2184
2254
2176
2185
2255
2177
2186
2256
2178
2187
2257
2179
2188
2258
2180
2189
2259
2181
2190
2260
2191
2261
2822
2183
2262
3095
2184
2263
3096
2185
2264
3097
2186
2265
3098
2187
2266
3099
2188
2267
3100
2189
2268
3101
2190
2269
3102
2191
2270
3103
2271
2825
3104
2193
2202
2272
2194
2203
2273
2195
2204
2274
2196
2205
2275
2197
2206
2276
2198
2207
2277
2199
2208
2278
2200
2209
2279
2201
2210
2280
2211
2281
2828
2203
2212
2282
2204
2213
2283
2205
2214
2284
2206
2215
2285
2207
2216
2286
2208
2217
2287
2209
2218
2288
2210
2219
2289
2211
2220
2290
2221
2291
2831
2213
2222
2292
2214
2223
2293
2215
2224
2294
2216
2225
2295
2217
2226
2296
2218
2227
2297
2219
2228
2298
2220
2229
2299
2221
2230
2300
2231
2301
2834
2223
2232
2302
2224
2233
2303
2225
2234
2304
2226
2235
2305
2227
2236
2306
2228
2237
2307
2229
2238
2308
2230
2239
2309
2231
2240
2310
2241
2311
2837
2233
2242
2312
2234
2243
2313
2235
2244
2314
2236
2245
2315
2237
2246
2316
2238
2247
2317
2239
2248
2318
2240
2249
2319
2241
2250
2320
2251
2321
2840
2243
2252
2322
2244
2253
2323
2245
2254
2324
2246
2255
2325
2247
2256
2326
2248
2257
2327
2249
2258
2328
2250
2259
2329
2251
2260
2330
2261
2331
2843
2253
2262
2332
2254
2263
2333
2255
2264
2334
2256
2265
2335
2257
2266
2336
2258
2267
2337
2259
2268
2338
2260
2269
2339
2261
2270
2340
2271
2341
2846
2263
2342
3133
2264
2343
3134
2265
2344
3135
2266
2345
3136
2267
2346
3137
2268
2347
3138
2269
2348
3139
2270
2349
3140
2271
2350
3141
2351
2849
3142
2273
2282
2352
2274
2283
2353
2275
2284
2354
2276
2285
2355
2277
2286
2356
2278
2287
2357
2279
2288
2358
2280
2289
2359
2281
2290
2360
2291
2361
2852
2283
2292
2362
2284
2293
2363
2285
2294
2364
2286
2295
2365
2287
2296
2366
2288
2297
2367
2289
2298
2368
2290
2299
2369
2291
2300
2370
2301
2371
2855
2293
2302
2372
2294
2303
2373
2295
2304
2374
2296
2305
2375
2297
2306
2376
2298
2307
2377
2299
2308
2378
2300
2309
2379
2301
2310
2380
2311
2381
2858
2303
2312
2382
2304
2313
2383
2305
2314
2384
2306
2315
2385
2307
2316
2386
2308
2317
2387
2309
2318
2388
2310
2319
2389
2311
2320
2390
2321
2391
2861
2313
2322
2392
2314
2323
2393
2315
2324
2394
2316
2325
2395
2317
2326
2396
2318
2327
2397
2319
2328
2398
2320
2329
2399
2321
2330
2400
2331
2401
2864
2323
2332
2402
2324
2333
2403
2325
2334
2404
2326
2335
2405
2327
2336
2406
2328
2337
2407
2329
2338
2408
2330
2339
2409
2331
2340
2410
2341
2411
2867
2333
2342
2412
2334
2343
2413
2335
2344
2414
2336
2345
2415
2337
2346
2416
2338
2347
2417
2339
2348
2418
2340
2349
2419
2341
2350
2420
2351
2421
2870
2343
2422
3177
2344
2423
3178
2345
2424
3179
2346
2425
3180
2347
2426
3181
2348
2427
3182
2349
2428
3183
2350
2429
3184
2351
2430
3185
2431
2873
3186
2353
2362
2432
2354
2363
2433
2355
2364
2434
2356
2365
2435
2357
2366
2436
2358
2367
2437
2359
2368
2438
2360
2369
2439
2361
2370
2440
2371
2441
2876
2363
2372
2442
2364
2373
2443
2365
2374
2444
2366
2375
2445
2367
2376
2446
2368
2377
2447
2369
2378
2448
2370
2379
2449
2371
2380
2450
2381
2451
2879
2373
2382
2452
2374
2383
2453
2375
2384
2454
2376
2385
2455
2377
2386
2456
2378
2387
2457
2379
2388
2458
2380
2389
2459
2381
2390
2460
2391
2461
2882
2383
2392
2462
2384
2393
2463
2385
2394
2464
2386
2395
2465
2387
2396
2466
2388
2397
2467
2389
2398
2468
2390
2399
2469
2391
2400
2470
2401
2471
2885
2393
2402
2472
2394
2403
2473
2395
2404
2474
2396
2405
2475
2397
2406
2476
2398
2407
2477
2399
2408
2478
2400
2409
2479
2401
2410
2480
2411
2481
2888
2403
2412
2482
2404
2413
2483
2405
2414
2484
2406
2415
2485
2407
2416
2486
2408
2417
2487
2409
2418
2488
2410
2419
2489
2411
2420
2490
2421
2491
2891
2413
2422
2492
2414
2423
2493
2415
2424
2494
2416
2425
2495
2417
2426
2496
2418
2427
2497
2419
2428
2498
2420
2429
2499
2421
2430
2500
2431
2501
2894
2423
2502
3221
2424
2503
3222
2425
2504
3223
2426
2505
3224
2427
2506
3225
2428
2507
3226
2429
2508
3227
2430
2509
3228
2431
2510
3229
2511
2897
3230
2433
2442
2512
2434
2443
2513
2435
2444
2514
2436
2445
2515
2437
2446
2516
2438
2447
2517
2439
2448
2518
2440
2449
2519
2441
2450
2520
2451
2521
2900
2443
2452
2522
2444
2453
2523
2445
2454
2524
2446
2455
2525
2447
2456
2526
2448
2457
2527
2449
2458
2528
2450
2459
2529
2451
2460
2530
2461
2531
2903
2453
2462
2532
2454
2463
2533
2455
2464
2534
2456
2465
2535
2457
2466
2536
2458
2467
2537
2459
2468
2538
2460
2469
2539
2461
2470
2540
2471
2541
2906
2463
2472
2542
2464
2473
2543
2465
2474
2544
2466
2475
2545
2467
2476
2546
2468
2477
2547
2469
2478
2548
2470
2479
2549
2471
2480
2550
2481
2551
2909
2473
2482
2552
2474
2483
2553
2475
2484
2554
2476
2485
2555
2477
2486
2556
2478
2487
2557
2479
2488
2558
2480
2489
2559
2481
2490
2560
2491
2561
2912
2483
2492
2562
2484
2493
2563
2485
2494
2564
2486
2495
2565
2487
2496
2566
2488
2497
2567
2489
2498
2568
2490
2499
2569
2491
2500
2570
2501
2571
2915
2493
2502
2572
2494
2503
2573
2495
2504
2574
2496
2505
2575
2497
2506
2576
2498
2507
2577
2499
2508
2578
2500
2509
2579
2501
2510
2580
2511
2581
2918
2503
2582
3265
2504
2583
3266
2505
2584
3267
2506
2585
3268
2507
2586
3269
2508
2587
3270
2509
2588
3271
2510
2589
3272
2511
2590
3273
2591
2921
3274
2513
2522
2592
2514
2523
2593
2515
2524
2594
2516
2525
2595
2517
2526
2596
2518
2527
2597
2519
2528
2598
2520
2529
2599
2521
2530
2600
2531
2601
2924
2523
2532
2602
2524
2533
2603
2525
2534
2604
2526
2535
2605
2527
2536
2606
2528
2537
2607
2529
2538
2608
2530
2539
2609
2531
2540
2610
2541
2611
2927
2533
2542
2612
2534
2543
2613
2535
2544
2614
2536
2545
2615
2537
2546
2616
2538
2547
2617
2539
2548
2618
2540
2549
2619
2541
2550
2620
2551
2621
2930
2543
2552
2622
2544
2553
2623
2545
2554
2624
2546
2555
2625
2547
2556
2626
2548
2557
2627
2549
2558
2628
2550
2559
2629
2551
2560
2630
2561
2631
2933
2553
2562
2632
2554
2563
2633
2555
2564
2634
2556
2565
2635
2557
2566
2636
2558
2567
2637
2559
2568
2638
2560
2569
2639
2561
2570
2640
2571
2641
2936
2563
2572
2642
2564
2573
2643
2565
2574
2644
2566
2575
2645
2567
2576
2646
2568
2577
2647
2569
2578
2648
2570
2579
2649
2571
2580
2650
2581
2651
2939
2573
2582
2652
2574
2583
2653
2575
2584
2654
2576
2585
2655
2577
2586
2656
2578
2587
2657
2579
2588
2658
2580
2589
2659
2581
2590
2660
2591
2661
2942
2583
2662
3309
2584
2663
3310
2585
2664
3311
2586
2665
3312
2587
2666
3313
2588
2667
3314
2589
2668
3315
2590
2669
3316
2591
2670
3317
2671
2945
3318
2593
2602
2594
2603
2595
2604
2596
2605
2597
2606
2598
2607
2599
2608
2600
2609
2601
2610
2611
2948
2603
2612
2604
2613
2605
2614
2606
2615
2607
2616
2608
2617
2609
2618
2610
2619
2611
2620
2621
2951
2613
2622
2614
2623
2615
2624
2616
2625
2617
2626
2618
2627
2619
2628
2620
2629
2621
2630
2631
2954
2623
2632
2624
2633
2625
2634
2626
2635
2627
2636
2628
2637
2629
2638
2630
2639
2631
2640
2641
2957
2633
2642
2634
2643
2635
2644
2636
2645
2637
2646
2638
2647
2639
2648
2640
2649
2641
2650
2651
2960
2643
2652
2644
2653
2645
2654
2646
2655
2647
2656
2648
2657
2649
2658
2650
2659
2651
2660
2661
2963
2653
2662
2654
2663
2655
2664
2656
2665
2657
2666
2658
2667
2659
2668
2660
2669
2661
2670
2671
2966
2663
3353
2664
3354
2665
3355
2666
3356
2667
3357
2668
3358
2669
3359
2670
3360
2671
3361
2969
3362
2673
2675
2678
2753
2990
2674
2676
2679
2754
2677
2680
2755
2676
2681
3000
3455
2677
2682
3456
2683
3457
3609
3610
3611
2679
2681
2684
2777
3028
2680
2682
2685
2778
2683
2686
2779
2682
2687
3038
3461
2683
2688
3462
2689
3463
3616
3617
3618
2685
2687
2690
2801
3066
2686
2688
2691
2802
2689
2692
2803
2688
2693
3076
3467
2689
2694
3468
2695
4331
4332
4333
4334
2691
2693
2696
2825
3104
2692
2694
2697
2826
2695
2698
2827
2694
2699
3114
3473
2695
2700
3474
2701
3475
2697
2699
2702
2849
3142
2698
2700
2703
2850
2701
2704
2851
2700
2705
3152
3479
2701
2706
3480
2707
3481
2703
2705
2708
2873
3186
2704
2706
2709
2874
2707
2710
2875
2706
2711
3196
3487
2707
2712
3488
2713
3489
2709
2711
2714
2897
3230
2710
2712
2715
2898
2713
2716
2899
2712
2717
3240
3495
2713
2718
3496
2719
3497
2715
2717
2720
2921
3274
2716
2718
2721
2922
2719
2722
2923
2718
2723
3284
3503
2719
2724
3504
2725
3505
2721
2723
2726
2945
3318
2722
2724
2727
2946
2725
2728
2947
2724
2729
3328
3511
2725
2730
3512
2731
3513
2727
2729
2969
3362
2728
2730
2970
2731
2971
2730
3372
3519
2731
3520
3521
2733
2735
2756
2734
2736
2757
2737
2758
2736
2738
2759
2737
2739
2760
2740
2761
2739
2741
2762
2740
2742
2763
2743
2764
2742
2744
2765
2743
2745
2766
2746
2767
2745
2747
2768
2746
2748
2769
2749
2770
2748
2750
2771
2749
2751
2772
2752
2773
2751
2753
2774
2752
2754
2775
2755
2776
2754
2777
2755
2778
2779
2757
2759
2780
2758
2760
2781
2761
2782
2760
2762
2783
2761
2763
2784
2764
2785
2763
2765
2786
2764
2766
2787
2767
2788
2766
2768
2789
2767
2769
2790
2770
2791
2769
2771
2792
2770
2772
2793
2773
2794
2772
2774
2795
2773
2775
2796
2776
2797
2775
2777
2798
2776
2778
2799
2779
2800
2778
2801
2779
2802
2803
2781
2783
2804
2782
2784
2805
2785
2806
2784
2786
2807
2785
2787
2808
2788
2809
2787
2789
2810
2788
2790
2811
2791
2812
2790
2792
2813
2791
2793
2814
2794
2815
2793
2795
2816
2794
2796
2817
2797
2818
2796
2798
2819
2797
2799
2820
2800
2821
2799
2801
2822
2800
2802
2823
2803
2824
2802
2825
2803
2826
2827
2805
2807
2828
2806
2808
2829
2809
2830
2808
2810
2831
2809
2811
2832
2812
2833
2811
2813
2834
2812
2814
2835
2815
2836
2814
2816
2837
2815
2817
2838
2818
2839
2817
2819
2840
2818
2820
2841
2821
2842
2820
2822
2843
2821
2823
2844
2824
2845
2823
2825
2846
2824
2826
2847
2827
2848
2826
2849
2827
2850
2851
2829
2831
2852
2830
2832
2853
2833
2854
2832
2834
2855
2833
2835
2856
2836
2857
2835
2837
2858
2836
2838
2859
2839
2860
2838
2840
2861
2839
2841
2862
2842
2863
2841
2843
2864
2842
2844
2865
2845
2866
2844
2846
2867
2845
2847
2868
2848
2869
2847
2849
2870
2848
2850
2871
2851
2872
2850
2873
2851
2874
2875
2853
2855
2876
2854
2856
2877
2857
2878
2856
2858
2879
2857
2859
2880
2860
2881
2859
2861
2882
2860
2862
2883
2863
2884
2862
2864
2885
2863
2865
2886
2866
2887
2865
2867
2888
2866
2868
2889
2869
2890
2868
2870
2891
2869
2871
2892
2872
2893
2871
2873
2894
2872
2874
2895
2875
2896
2874
2897
2875
2898
2899
2877
2879
2900
2878
2880
2901
2881
2902
2880
2882
2903
2881
2883
2904
2884
2905
2883
2885
2906
2884
2886
2907
2887
2908
2886
2888
2909
2887
2889
2910
2890
2911
2889
2891
2912
2890
2892
2913
2893
2914
2892
2894
2915
2893
2895
2916
2896
2917
2895
2897
2918
2896
2898
2919
2899
2920
2898
2921
2899
2922
2923
2901
2903
2924
2902
2904
2925
2905
2926
2904
2906
2927
2905
2907
2928
2908
2929
2907
2909
2930
2908
2910
2931
2911
2932
2910
2912
2933
2911
2913
2934
2914
2935
2913
2915
2936
2914
2916
2937
2917
2938
2916
2918
2939
2917
2919
2940
2920
2941
2919
2921
2942
2920
2922
2943
2923
2944
2922
2945
2923
2946
2947
2925
2927
2948
2926
2928
2949
2929
2950
2928
2930
2951
2929
2931
2952
2932
2953
2931
2933
2954
2932
2934
2955
2935
2956
2934
2936
2957
2935
2937
2958
2938
2959
2937
2939
2960
2938
2940
2961
2941
2962
2940
2942
2963
2941
2943
2964
2944
2965
2943
2945
2966
2944
2946
2967
2947
2968
2946
2969
2947
2970
2971
2949
2951
2950
2952
2953
2952
2954
2953
2955
2956
2955
2957
2956
2958
2959
2958
2960
2959
2961
2962
2961
2963
2962
2964
2965
2964
2966
2965
2967
2968
2967
2969
2968
2970
2971
2970
2971
2973
3011
3018
2974
3049
3056
2975
3087
3094
2976
3125
3132
3171
2977
3126
3172
2978
3127
3173
2979
3128
3174
2980
3129
3175
3130
3176
3541
2982
2991
3019
2983
2992
3020
2984
2993
3021
2985
2994
3022
2986
2995
3023
2987
2996
3024
2988
2997
3025
2989
2998
3026
2990
2999
3027
3000
3028
2992
3001
3029
2993
3002
3030
2994
3003
3031
2995
3004
3032
2996
3005
3033
2997
3006
3034
2998
3007
3035
2999
3008
3036
3000
3037
3397
3038
3398
3002
3009
3039
3003
3010
3040
3004
3011
3041
3005
3012
3042
3006
3013
3043
3007
3014
3044
3008
3015
3045
3016
3046
3397
3010
3017
3047
3011
3018
3048
3012
3049
3013
3050
3014
3051
3015
3052
3016
3053
3054
3399
3018
3055
3056
3020
3029
3057
3021
3030
3058
3022
3031
3059
3023
3032
3060
3024
3033
3061
3025
3034
3062
3026
3035
3063
3027
3036
3064
3028
3037
3065
3038
3066
3030
3039
3067
3031
3040
3068
3032
3041
3069
3033
3042
3070
3034
3043
3071
3035
3044
3072
3036
3045
3073
3037
3046
3074
3038
3075
3401
3076
3402
3040
3047
3077
3041
3048
3078
3042
3049
3079
3043
3050
3080
3044
3051
3081
3045
3052
3082
3046
3053
3083
3054
3084
3401
3048
3055
3085
3049
3056
3086
3050
3087
3051
3088
3052
3089
3053
3090
3054
3091
3092
3403
3056
3093
3094
3058
3067
3095
3059
3068
3096
3060
3069
3097
3061
3070
3098
3062
3071
3099
3063
3072
3100
3064
3073
3101
3065
3074
3102
3066
3075
3103
3076
3104
3068
3077
3105
3069
3078
3106
3070
3079
3107
3071
3080
3108
3072
3081
3109
3073
3082
3110
3074
3083
3111
3075
3084
3112
3076
3113
3405
3114
3406
3078
3085
3115
3079
3086
3116
3080
3087
3117
3081
3088
3118
3082
3089
3119
3083
3090
3120
3084
3091
3121
3092
3122
3405
3086
3093
3123
3087
3094
3124
3088
3125
3089
3126
3090
3127
3091
3128
3092
3129
3130
3407
3094
3131
3132
3096
3105
3133
3097
3106
3134
3098
3107
3135
3099
3108
3136
3100
3109
3137
3101
3110
3138
3102
3111
3139
3103
3112
3140
3104
3113
3141
3114
3142
3106
3115
3143
3107
3116
3144
3108
3117
3145
3109
3118
3146
3110
3119
3147
3111
3120
3148
3112
3121
3149
3113
3122
3150
3114
3151
3409
3152
3410
3116
3123
3153
3117
3124
3154
3118
3125
3155
3119
3126
3156
3120
3127
3157
3121
3128
3158
3122
3129
3159
3130
3160
3409
3124
3131
3161
3125
3132
3162
3126
3163
3127
3164
3128
3165
3129
3166
3130
3167
3168
3411
3132
3169
3170
3134
3143
3177
3135
3144
3178
3136
3145
3179
3137
3146
3180
3138
3147
3181
3139
3148
3182
3140
3149
3183
3141
3150
3184
3142
3151
3185
3152
3186
3144
3153
3187
3145
3154
3188
3146
3155
3189
3147
3156
3190
3148
3157
3191
3149
3158
3192
3150
3159
3193
3151
3160
3194
3152
3195
3413
3196
3414
3154
3161
3197
3155
3162
3198
3156
3163
3199
3157
3164
3200
3158
3165
3201
3159
3166
3202
3160
3167
3203
3168
3204
3413
3162
3169
3205
3163
3170
3206
3164
3171
3207
3165
3172
3208
3166
3173
3209
3167
3174
3210
3168
3175
3211
3176
3212
3415
3170
3213
3714
3171
3214
3715
3172
3215
3716
3173
3216
3717
3174
3217
3718
3175
3218
3719
3176
3219
3793
3220
3417
3949
3178
3187
3221
3179
3188
3222
3180
3189
3223
3181
3190
3224
3182
3191
3225
3183
3192
3226
3184
3193
3227
3185
3194
3228
3186
3195
3229
3196
3230
3188
3197
3231
3189
3198
3232
3190
3199
3233
3191
3200
3234
3192
3201
3235
3193
3202
3236
3194
3203
3237
3195
3204
3238
3196
3239
3419
3240
3420
3198
3205
3241
3199
3206
3242
3200
3207
3243
3201
3208
3244
3202
3209
3245
3203
3210
3246
3204
3211
3247
3212
3248
3419
3206
3213
3249
3207
3214
3250
3208
3215
3251
3209
3216
3252
3210
3217
3253
3211
3218
3254
3212
3219
3255
3220
3256
3421
3214
3257
3720
3215
3258
3721
3216
3259
3722
3217
3260
3723
3218
3261
3724
3219
3262
3725
3220
3263
3726
3264
3423
3950
3222
3231
3265
3223
3232
3266
3224
3233
3267
3225
3234
3268
3226
3235
3269
3227
3236
3270
3228
3237
3271
3229
3238
3272
3230
3239
3273
3240
3274
3232
3241
3275
3233
3242
3276
3234
3243
3277
3235
3244
3278
3236
3245
3279
3237
3246
3280
3238
3247
3281
3239
3248
3282
3240
3283
3425
3284
3426
3242
3249
3285
3243
3250
3286
3244
3251
3287
3245
3252
3288
3246
3253
3289
3247
3254
3290
3248
3255
3291
3256
3292
3425
3250
3257
3293
3251
3258
3294
3252
3259
3295
3253
3260
3296
3254
3261
3297
3255
3262
3298
3256
3263
3299
3264
3300
3427
3258
3301
3734
3259
3302
3735
3260
3303
3736
3261
3304
3737
3262
3305
3738
3263
3306
3739
3264
3307
3740
3308
3429
3794
3266
3275
3309
3267
3276
3310
3268
3277
3311
3269
3278
3312
3270
3279
3313
3271
3280
3314
3272
3281
3315
3273
3282
3316
3274
3283
3317
3284
3318
3276
3285
3319
3277
3286
3320
3278
3287
3321
3279
3288
3322
3280
3289
3323
3281
3290
3324
3282
3291
3325
3283
3292
3326
3284
3327
3431
3328
3432
3286
3293
3329
3287
3294
3330
3288
3295
3331
3289
3296
3332
3290
3297
3333
3291
3298
3334
3292
3299
3335
3300
3336
3431
3294
3301
3337
3295
3302
3338
3296
3303
3339
3297
3304
3340
3298
3305
3341
3299
3306
3342
3300
3307
3343
3308
3344
3433
3302
3345
3748
3303
3346
3749
3304
3347
3750
3305
3348
3751
3306
3349
3752
3307
3350
3753
3308
3351
3754
3352
3435
3795
3310
3319
3353
3311
3320
3354
3312
3321
3355
3313
3322
3356
3314
3323
3357
3315
3324
3358
3316
3325
3359
3317
3326
3360
3318
3327
3361
3328
3362
3320
3329
3363
3321
3330
3364
3322
3331
3365
3323
3332
3366
3324
3333
3367
3325
3334
3368
3326
3335
3369
3327
3336
3370
3328
3371
3437
3372
3438
3330
3337
3373
3331
3338
3374
3332
3339
3375
3333
3340
3376
3334
3341
3377
3335
3342
3378
3336
3343
3379
3344
3380
3437
3338
3345
3381
3339
3346
3382
3340
3347
3383
3341
3348
3384
3342
3349
3385
3343
3350
3386
3344
3351
3387
3352
3388
3439
3346
3389
3762
3347
3390
3763
3348
3391
3764
3349
3392
3765
3350
3393
3766
3351
3394
3767
3352
3395
3768
3396
3441
3797
3354
3363
3355
3364
3356
3365
3357
3366
3358
3367
3359
3368
3360
3369
3361
3370
3362
3371
3372
3364
3373
3365
3374
3366
3375
3367
3376
3368
3377
3369
3378
3370
3379
3371
3380
3372
3443
3444
3374
3381
3375
3382
3376
3383
3377
3384
3378
3385
3379
3386
3380
3387
3388
3443
3382
3389
3383
3390
3384
3391
3385
3392
3386
3393
3387
3394
3388
3395
3396
3445
3390
3776
3391
3777
3392
3778
3393
3779
3394
3780
3395
3781
3396
3782
3447
3799
3398
3399
3401
3400
3402
3455
3400
3403
3404
3458
3402
3403
3405
3404
3406
3461
3404
3407
3408
3464
3406
3407
3409
3408
3410
3467
3408
3411
3412
3470
3410
3411
3413
3412
3414
3473
3412
3415
3541
3416
3476
3542
3414
3415
3419
3416
3420
3479
3416
3417
3421
3418
3422
3482
3418
3423
3541
3424
3485
3542
3420
3421
3425
3422
3426
3487
3422
3423
3427
3424
3428
3490
3424
3429
3951
3430
3493
3952
3426
3427
3431
3428
3432
3495
3428
3429
3433
3430
3434
3498
3430
3435
3956
3436
3501
3957
3432
3433
3437
3434
3438
3503
3434
3435
3439
3436
3440
3506
3436
3441
3961
3442
3509
3962
3438
3439
3443
3440
3444
3511
3440
3441
3445
3442
3446
3514
3442
3447
3965
3448
3517
3966
3444
3445
3446
3519
3446
3447
3448
3522
3448
3969
3525
3970
3450
3484
3486
3530
3543
4184
4189
4190
4436
4441
4442
3451
3492
3494
3532
3452
3500
3502
3534
3987
3453
3508
3510
3536
3988
3454
3516
3518
3538
3989
3524
3526
3540
3990
3456
3458
3461
3462
3609
3611
3614
3615
3654
3655
3656
3657
3609
3610
3617
4206
4208
4210
4211
3464
3651
3652
3654
3656
3549
3651
3653
3655
3708
3711
3712
4394
4395
4396
4492
4496
4498
3595
3597
3598
3462
3464
3467
3468
3616
3618
3621
3622
3633
3634
3635
3636
3616
3617
4333
4367
4368
4371
4372
3470
3630
3632
3633
3635
3556
3632
3636
3694
3697
3698
4317
4318
4319
4416
4486
4487
4489
4490
3581
3602
3603
3605
3468
3470
3473
3474
4332
4334
4336
4337
4418
4419
4420
4421
3472
3475
4331
4335
4337
3471
3476
4415
4418
4420
3632
4415
4416
4418
3587
4360
4361
4364
4365
4423
4460
4461
4462
4463
3474
3476
3479
3475
3477
3480
3481
4331
4332
4337
4423
4424
4427
4428
3477
3482
3544
3478
3483
3545
4415
4417
4420
4421
4426
4427
4428
3584
4187
4422
4426
4427
3480
3482
3487
3481
3483
3488
3484
3489
3483
3485
3490
3484
3486
3491
3492
3529
4424
4425
4426
4428
3486
3493
3544
3494
3545
3488
3490
3495
3489
3491
3496
3492
3497
3491
3493
3498
3492
3494
3499
3500
3531
3494
3501
3991
3502
3992
3496
3498
3503
3497
3499
3504
3500
3505
3499
3501
3506
3500
3502
3507
3508
3533
3502
3509
3993
3510
3994
3504
3506
3511
3505
3507
3512
3508
3513
3507
3509
3514
3508
3510
3515
3516
3535
3510
3517
3995
3518
3996
3512
3514
3519
3513
3515
3520
3516
3521
3515
3517
3522
3516
3518
3523
3524
3537
3518
3525
3997
3526
3998
3520
3522
3521
3523
3524
3523
3525
3524
3526
3539
3526
3999
4000
3529
3560
3588
3594
4123
4125
4126
4127
4451
4454
4455
3564
4429
4430
4435
4438
3531
3588
3592
3594
4439
4440
4441
4442
3564
4436
4438
4441
3532
3533
3534
4436
4437
4440
4442
3534
3535
3536
4061
3536
3537
3538
4062
3538
3539
3540
4063
3540
4064
3542
3544
3545
4184
4185
4190
3545
4135
4136
4137
4139
4185
4187
4190
3595
3679
3680
3685
3548
3637
3639
3640
3679
3567
3568
3572
3596
3707
3708
3711
3557
3658
3659
3662
4493
3614
3655
4444
4445
4446
3558
3615
3657
4192
4193
4194
3619
3623
3625
3626
3638
3583
3620
3686
3687
3690
3574
3576
3578
3603
3585
3693
3694
3697
3631
3644
3645
3647
3621
3634
4198
4199
4202
3586
3622
3636
4339
4340
4341
4439
4450
4451
4454
3589
3665
3666
3668
4188
4345
4347
4351
4355
3665
3672
3674
3676
3565
3566
4184
4353
4357
4358
4430
4434
4435
3594
4189
4348
4349
4350
4351
4441
4453
4454
4455
4456
3678
4353
4354
4357
3569
3571
3597
3569
3573
3575
3639
3570
3576
3571
3573
3577
3658
3572
3599
3660
3573
3600
3640
3661
3579
3643
3664
3575
3580
3604
3624
3576
3579
3625
3577
3578
3579
3644
3580
3606
3646
3580
3627
3648
3607
3628
3649
3700
3701
3702
3584
3705
4150
4457
4459
4462
4335
4359
4360
4362
3587
4417
4457
4462
4463
4464
4466
4469
4470
4416
4464
4465
4467
3587
4336
4339
4340
4344
4362
4363
4364
4365
4419
4467
4468
4469
4470
4337
4421
4427
3592
4474
4475
4476
4477
4121
4122
4123
4121
4471
4473
4475
3592
3593
4423
4472
4473
4476
4477
3594
4424
3594
4122
4124
4126
4127
4345
4346
4349
4350
4422
4425
3596
3601
3597
3600
3679
3599
3599
3601
3707
3600
3709
3601
3682
3710
3685
3713
3604
3608
3687
3700
3604
3606
3607
3688
3606
3608
3693
3702
3607
3695
3608
3689
3696
3692
3699
3704
3611
3615
3618
3611
4479
4481
4483
4484
3614
3680
4478
4479
4480
3637
4205
4208
4209
4478
3615
4444
4446
4447
4480
4482
4483
4484
3621
4192
4194
4195
4207
4209
4210
4211
3618
3622
4334
3618
4213
4215
4217
4218
3621
4205
4212
4213
4214
4335
4366
4367
4369
3622
4198
4202
4203
4214
4216
4217
4218
4336
4339
4341
4342
4369
4370
4371
4372
3624
3629
3686
4212
3625
3628
3688
3627
3639
3627
3629
3641
4198
4214
3628
3643
4200
3629
3689
4201
3691
4203
4216
3632
3633
3652
4485
4486
4490
4491
4485
4487
4488
4493
3635
3634
3635
3656
3636
3657
4199
4202
4204
4488
4489
4490
4491
3636
4418
4340
4341
4343
4419
3638
3642
3681
3639
3641
4205
3643
3642
3643
3682
4191
3642
3643
4192
4207
3684
4195
4209
4197
3646
3648
3658
3646
3650
3694
4487
3649
3695
3648
3650
3662
4199
4488
3649
3664
4200
3650
3696
4201
3698
4204
4489
3652
3654
3656
4492
4494
4497
4498
3659
4492
4493
4496
3655
3656
3657
4445
4446
4448
3657
4193
4194
4196
4495
4496
4497
4498
3660
3664
3660
3663
3708
3661
3709
3663
3664
3710
4191
3663
3664
4193
4495
3712
4196
4496
4197
3667
3669
3667
3671
4122
4346
3670
3674
4347
3669
3671
4123
4451
3670
3676
4452
3671
3677
4348
4453
4126
4350
4455
3673
3675
4080
3674
3678
4081
4354
3677
4356
3676
3678
4079
4431
3677
4433
3678
4357
4434
4430
3681
3682
3681
3683
3684
4478
3684
3685
4443
3684
3685
4444
4480
4447
4482
4449
3688
3691
4366
3688
3692
4359
3689
3691
3692
4338
3691
3692
4339
4362
4369
4342
4370
4344
4363
3695
3699
4465
3695
3698
3696
3698
3699
4338
3698
3699
4340
4467
4343
4344
4468
3703
3704
4359
3703
3705
4459
3704
3705
4465
3706
4361
4461
3706
4363
4468
3706
4466
4364
4462
4469
3709
3713
3709
3712
3710
3712
3713
4443
3712
3713
4445
4448
4449
3715
3720
3716
3721
3717
3722
3718
3723
3719
3724
3725
3793
3721
3727
3734
3722
3728
3735
3723
3729
3736
3724
3730
3737
3725
3731
3738
3726
3732
3739
3733
3740
3793
3950
3728
3741
3729
3742
3730
3743
3731
3744
3732
3745
3733
3746
3747
3790
3953
3735
3741
3748
3736
3742
3749
3737
3743
3750
3738
3744
3751
3739
3745
3752
3740
3746
3753
3747
3754
3794
3742
3755
3743
3756
3744
3757
3745
3758
3746
3759
3747
3760
3761
3958
3749
3755
3762
3750
3756
3763
3751
3757
3764
3752
3758
3765
3753
3759
3766
3754
3760
3767
3761
3768
3795
3756
3769
3757
3770
3758
3771
3759
3772
3760
3773
3761
3774
3775
3796
3763
3769
3776
3764
3770
3777
3765
3771
3778
3766
3772
3779
3767
3773
3780
3768
3774
3781
3775
3782
3797
3770
3783
3771
3784
3772
3785
3773
3786
3774
3787
3775
3788
3789
3798
3777
3783
3778
3784
3779
3785
3780
3786
3781
3787
3782
3788
3789
3799
3784
3785
3786
3787
3788
3789
3800
3791
3792
3793
4036
3792
3805
4037
3806
4039
3949
3795
3950
3956
3958
3796
3797
3961
3798
3812
3958
3963
3798
3799
3965
3800
3813
3967
3800
3969
3814
3971
3802
3803
3805
3807
3808
3804
3805
3807
3811
3829
3804
3805
3810
3805
3809
3834
3806
3831
3807
3839
3808
3811
3901
3810
3811
3810
3811
3912
3914
3813
3815
3927
3929
3814
3816
3930
3817
3931
3816
3843
3936
3817
3940
3944
3819
3820
3821
3824
3855
3886
3902
3825
3828
3851
3856
4001
4008
3840
3844
4008
3823
3824
3825
3874
3823
3824
3875
3916
3827
3876
3877
3918
3827
3828
3881
3827
3828
3882
4018
3883
3884
4020
3831
3833
3834
3901
3914
3832
3833
3836
3837
3902
3915
3832
3833
3834
3835
3839
4037
3836
3837
3838
3840
4038
3835
3901
3911
3835
3912
3837
3913
3838
3902
3918
3838
3917
3916
3840
3901
3919
4039
3902
3919
4040
3842
3843
3885
3887
3888
3890
3928
3936
3892
3893
3895
3898
3932
3937
3921
3922
3925
3926
3927
3849
3851
3885
3886
3887
3919
3928
3954
4008
3847
3857
3858
3860
3865
4041
3848
3864
3865
3870
4042
3848
3858
3860
3863
4043
3865
3867
3870
4044
3850
3852
3892
3897
3898
3932
3955
4009
4010
3933
3977
4011
4012
4060
3852
3885
3886
3889
3892
3896
3897
4001
3855
3871
3873
3877
3907
3856
3871
3878
3880
3881
3856
3871
3874
3877
3891
3903
3878
3881
3884
3889
4043
3859
3862
3866
4045
3859
3863
4046
3861
4047
3862
3863
3867
3862
3863
3869
3866
3868
4052
3866
3867
4053
3869
4054
3869
3870
3869
3870
3872
3874
3873
3876
3880
3875
3900
3876
3877
3881
3876
3877
3905
3883
3910
3879
3884
4046
3880
3882
4047
3883
3883
3884
3883
3884
4049
4051
3887
3888
3892
3887
3891
3920
3890
3921
3889
3890
3895
3891
3896
3891
3926
3924
3895
3898
3894
3895
3898
3896
3897
4044
3896
4043
3898
4002
3901
3919
3920
3922
3923
3905
3906
3907
3902
3911
3914
3903
3915
3918
3920
3904
3907
3909
3910
3924
3908
3909
3910
3915
3908
3910
3916
3908
3909
3909
3910
3917
3918
3913
3914
3915
3913
3914
3917
3917
3918
3917
3918
3920
3921
3922
3927
3953
4039
4040
3921
3924
3922
3926
3925
3924
3925
3926
3926
3928
3958
3929
3932
3959
3930
3934
3936
3963
3931
3938
3940
3967
3942
3944
3971
3933
3934
3960
3935
3979
4059
3935
3937
3938
3964
3939
3946
3981
3937
3940
3941
3939
3941
3942
3968
3943
3947
3983
3941
3944
3945
3943
3945
3972
3948
3985
3945
3947
3982
4059
3948
3984
3986
3950
4036
3951
3953
3952
3954
3956
3955
3957
3991
3954
3958
4036
3955
3959
3960
3977
3957
3959
3961
3960
3962
3993
3959
3960
3963
3964
3979
3962
3963
3965
3964
3966
3995
3964
3967
3968
3981
3966
3967
3969
3968
3970
3997
3968
3971
3972
3983
3970
3971
3972
3999
3972
3985
3974
3980
3987
3975
3982
3988
3976
3984
3989
3986
3990
3978
3979
3991
3980
3992
4060
3980
3981
3993
3982
3994
4059
3982
3983
3995
3984
3996
3984
3985
3997
3986
3998
3986
3999
4000
3988
3994
4061
3989
3996
4062
3990
3998
4063
4000
4064
3992
3993
3994
3994
3995
3996
3996
3997
3998
3998
3999
4000
4000
4002
4009
4017
4020
4043
4003
4010
4025
4028
4044
4004
4011
4021
4024
4006
4012
4029
4032
4007
4033
4034
4007
4013
4016
4034
4009
4010
4011
4012
4015
4016
4034
4015
4016
4030
4035
4032
4019
4020
4025
4048
4019
4020
4049
4027
4050
4051
4023
4024
4029
4023
4024
4026
4031
4028
4027
4028
4055
4027
4028
4056
4057
4058
4031
4032
4031
4032
4035
4035
4037
4038
4039
4040
4038
4039
4040
4040
4043
4045
4046
4048
4053
4044
4052
4053
4058
4044
4046
4048
4051
4053
4055
4058
4047
4050
4054
4047
4051
4049
4050
4051
4055
4050
4051
4057
4054
4056
4054
4055
4057
4057
4058
4057
4058
4060
4062
4063
4064
4066
4068
4240
4067
4070
4242
4071
4074
4069
4070
4244
4071
4076
4071
4245
4078
4073
4075
4233
4074
4077
4235
4078
4076
4077
4237
4078
4078
4238
4080
4084
4081
4082
4083
4083
4084
4408
4085
4410
4085
4412
4413
4088
4092
4256
4088
4091
4093
4090
4094
4091
4092
4257
4091
4092
4097
4098
4259
4094
4098
4095
4097
4099
4263
4098
4099
4264
4098
4099
4267
4104
4106
4102
4103
4105
4270
4104
4272
4104
4106
4109
4110
4106
4273
4113
4111
4112
4275
4109
4111
4112
4277
4110
4113
4111
4278
4113
4280
4116
4120
4226
4310
4116
4118
4164
4180
4119
4181
4312
4118
4120
4167
4229
4119
4169
4182
4120
4183
4313
4230
4315
4124
4125
4124
4126
4125
4126
4127
4473
4127
4475
4127
4476
4130
4131
4186
4373
4130
4133
4186
4132
4149
4186
4132
4134
4374
4133
4154
4134
4155
4377
4136
4139
4415
4137
4141
4139
4140
4387
4139
4140
4156
4159
4162
4317
4318
4320
4323
4416
4417
4141
4143
4146
4148
4311
4314
4316
4388
4389
4144
4147
4401
4144
4148
4159
4145
4160
4147
4148
4161
4147
4148
4404
4405
4162
4152
4154
4188
4151
4153
4155
4152
4188
4457
4153
4188
4458
4154
4459
4155
4158
4162
4464
4158
4160
4465
4161
4466
4160
4162
4161
4162
4164
4167
4324
4165
4169
4173
4166
4174
4284
4168
4169
4175
4285
4168
4169
4327
4287
4328
4176
4172
4175
4395
4492
4172
4173
4493
4176
4177
4494
4174
4176
4180
4175
4398
4176
4399
4182
4178
4182
4485
4179
4183
4486
4181
4319
4487
4181
4182
4183
4321
4183
4322
4186
4189
4380
4186
4187
4381
4188
4352
4353
4355
4358
4382
4188
4190
4189
4345
4349
4351
4422
4190
4425
4426
4195
4196
4197
4443
4195
4197
4198
4196
4197
4199
4195
4196
4446
4447
4448
4200
4200
4203
4200
4204
4201
4203
4204
4338
4203
4204
4341
4342
4343
4206
4207
4208
4211
4213
4209
4211
4214
4210
4481
4210
4482
4211
4483
4218
4215
4216
4366
4215
4218
4216
4218
4217
4368
4217
4370
4218
4371
4220
4223
4221
4225
4224
4223
4224
4225
4225
4228
4230
4228
4232
4325
4231
4230
4232
4327
4231
4232
4330
4235
4237
4235
4239
4238
4237
4239
4238
4239
4242
4244
4242
4246
4245
4244
4246
4245
4246
4249
4253
4249
4251
4250
4251
4253
4252
4253
4297
4299
4302
4409
4411
4414
4256
4257
4256
4258
4259
4259
4260
4259
4260
4263
4264
4263
4265
4267
4266
4267
4266
4267
4272
4273
4270
4271
4274
4272
4273
4272
4274
4278
4280
4277
4279
4281
4278
4280
4279
4281
4283
4286
4284
4288
4397
4285
4398
4287
4288
4399
4287
4288
4400
4291
4293
4291
4294
4292
4293
4294
4295
4295
4298
4300
4298
4302
4301
4300
4302
4301
4302
4304
4307
4305
4309
4308
4307
4308
4309
4309
4312
4315
4312
4316
4320
4313
4321
4315
4316
4322
4315
4316
4323
4318
4323
4319
4320
4321
4321
4323
4322
4323
4325
4327
4326
4330
4329
4328
4330
4329
4330
4332
4333
4334
4337
4334
4335
4336
4336
4360
4362
4365
4367
4369
4372
4337
4342
4343
4344
4342
4344
4343
4344
4342
4343
4346
4349
4347
4350
4348
4356
4350
4351
4357
4350
4351
4358
4353
4354
4355
4358
4356
4356
4358
4357
4358
4361
4363
4361
4365
4364
4363
4365
4364
4365
4368
4370
4368
4372
4371
4370
4372
4371
4372
4374
4375
4382
4376
4377
4376
4379
4382
4378
4378
4379
4382
4382
4383
4382
4386
4385
4384
4385
4386
4386
4388
4390
4389
4391
4402
4404
4407
4393
4391
4392
4393
4393
4395
4398
4396
4399
4400
4398
4400
4399
4400
4403
4405
4403
4407
4406
4405
4407
4406
4407
4410
4412
4410
4414
4413
4412
4414
4413
4414
4417
4420
4417
4419
4464
4467
4470
4421
4419
4420
4421
4421
4423
4425
4457
4458
4460
4463
4424
4427
4425
4428
4426
4428
4428
4431
4432
4438
4431
4434
4433
4433
4435
4438
4450
4434
4452
4435
4453
4438
4456
4437
4442
4438
4440
4439
4440
4441
4450
4454
4456
4442
4442
4447
4448
4449
4447
4449
4448
4449
4447
4448
4452
4456
4452
4455
4453
4455
4456
4455
4456
4458
4463
4459
4460
4461
4461
4463
4462
4463
4466
4470
4466
4468
4469
4468
4470
4469
4470
4472
4474
4473
4477
4476
4475
4477
4476
4477
4481
4482
4481
4484
4482
4484
4483
4483
4484
4486
4491
4494
4487
4490
4489
4489
4491
4495
4490
4491
4497
4494
4498
4494
4495
4497
4496
4497
4498
4498
)


// ************************************************************************* //
