/*--------------------------------*- C++ -*----------------------------------*\
  =========                 |
  \\      /  F ield         | OpenFOAM: The Open Source CFD Toolbox
   \\    /   O peration     | Website:  https://openfoam.org
    \\  /    A nd           | Version:  9
     \\/     M anipulation  |
\*---------------------------------------------------------------------------*/
FoamFile
{
    format      ascii;
    class       volScalarField;
    location    "0.00025";
    object      T;
}
// * * * * * * * * * * * * * * * * * * * * * * * * * * * * * * * * * * * * * //

dimensions      [0 0 0 1 0 0 0];

internalField   nonuniform List<scalar> 
4631
(
287.926
287.926
287.926
287.926
287.926
287.926
287.926
287.926
287.926
287.926
287.926
287.926
287.926
287.926
287.926
287.926
287.926
287.926
287.926
287.926
287.926
287.926
287.926
287.926
287.972
287.926
288.532
287.926
287.926
288.215
287.926
287.926
287.928
287.926
287.926
288.08
287.926
287.928
287.926
287.926
287.926
288.396
287.926
287.926
287.926
287.926
287.926
287.926
287.926
287.926
287.926
287.926
287.926
287.926
287.926
287.926
287.926
287.926
287.926
287.926
287.926
287.926
287.926
287.926
287.926
287.926
287.926
287.926
287.926
287.926
287.926
287.926
287.926
287.926
287.926
287.926
287.926
287.926
287.926
287.926
287.926
287.926
287.926
287.926
287.926
287.926
287.926
287.926
287.926
287.926
287.926
287.926
287.926
287.926
287.926
287.926
287.926
287.926
287.926
287.926
287.926
287.926
287.926
287.926
287.926
287.926
287.926
287.926
287.926
287.926
287.926
287.926
287.926
287.926
287.926
287.926
287.926
287.926
287.926
287.926
287.926
287.926
287.926
287.926
287.926
287.926
287.926
287.926
287.926
287.926
287.926
287.926
287.926
287.926
287.926
287.926
287.926
287.926
287.926
287.926
287.926
287.926
287.926
287.926
287.926
287.926
287.926
287.926
287.926
287.926
287.926
287.926
287.926
287.926
287.926
287.926
287.926
287.926
287.926
287.926
287.926
287.926
287.926
287.926
287.926
287.926
287.926
287.926
287.926
287.926
287.926
287.926
287.926
287.926
287.926
287.926
287.926
287.926
287.926
287.926
287.926
287.926
287.926
287.926
287.926
287.926
287.926
287.926
287.926
287.926
287.926
287.926
287.926
287.926
287.926
287.926
287.926
287.926
287.926
287.926
287.926
287.926
287.926
287.926
287.926
287.926
287.926
287.926
287.926
287.926
287.926
287.926
287.926
287.926
287.926
287.926
287.926
287.926
287.926
287.926
287.926
287.926
287.926
287.926
287.926
287.926
287.926
287.926
287.926
287.926
287.926
287.926
287.926
287.926
287.926
287.926
287.926
287.926
287.926
287.926
287.926
287.926
287.926
287.926
287.926
287.926
287.926
287.926
287.926
287.926
287.926
287.926
287.926
287.926
287.926
287.926
287.926
287.926
287.926
287.926
287.926
287.926
287.926
287.926
287.926
287.926
287.926
287.926
287.926
287.926
287.926
287.926
287.926
287.926
287.926
287.926
287.926
287.926
287.926
287.926
287.926
287.926
287.926
287.926
287.926
287.926
287.926
287.926
287.926
287.926
287.926
287.926
287.926
287.926
287.926
287.926
287.926
287.926
287.926
287.926
287.926
287.926
287.926
287.926
287.926
287.926
287.926
287.926
287.926
287.926
287.926
287.926
287.926
287.926
287.926
287.926
287.926
287.926
287.926
287.926
287.926
287.926
287.926
287.926
287.926
287.926
287.926
287.926
287.926
287.926
287.926
287.926
287.926
287.926
287.926
287.926
287.926
287.926
287.926
287.926
287.926
287.926
287.926
287.926
287.926
287.926
287.926
287.926
287.926
287.926
287.926
287.926
287.926
287.926
287.926
287.926
287.926
287.926
287.926
287.926
287.926
287.926
287.926
287.926
287.926
287.926
287.926
287.926
287.926
287.926
287.926
287.926
287.926
287.926
287.926
287.926
287.926
287.926
287.926
287.926
287.926
287.926
287.926
287.926
287.926
287.926
287.926
287.926
287.926
287.926
287.926
287.926
287.926
287.926
287.926
287.926
287.926
287.926
287.926
287.926
287.926
287.926
287.926
287.926
287.926
287.926
287.926
287.926
287.926
287.926
287.926
287.926
287.926
287.926
287.926
287.926
287.926
287.926
287.926
287.926
287.926
287.926
287.926
287.926
287.926
287.926
287.926
287.926
287.926
287.926
287.926
287.926
287.926
287.926
287.926
287.926
287.926
287.926
287.926
287.926
287.926
287.926
287.926
287.926
287.926
287.926
287.926
287.926
287.926
287.926
287.926
287.926
287.926
287.926
287.926
287.926
287.926
287.926
287.926
287.926
287.926
287.926
287.926
287.926
287.926
287.926
287.926
287.926
287.926
287.926
287.926
287.926
287.926
287.926
287.926
287.926
287.926
287.926
287.926
287.926
287.926
287.926
287.926
287.926
287.926
287.926
287.926
287.926
287.926
287.926
287.926
287.926
287.926
287.926
287.926
287.926
287.926
287.926
287.926
287.926
287.926
287.926
287.926
287.926
287.926
287.926
287.926
287.926
287.926
287.926
287.926
287.926
287.926
287.926
287.926
287.926
287.926
287.926
287.926
287.926
287.926
287.926
287.926
287.926
287.926
287.926
287.926
287.926
287.926
287.926
287.926
287.926
287.926
287.926
287.926
287.926
287.926
287.926
287.926
287.926
287.926
287.926
287.926
287.926
287.926
287.926
287.926
287.926
287.926
287.926
287.926
287.926
287.926
287.926
287.926
287.926
287.926
287.926
287.926
287.926
287.926
287.926
287.926
287.926
287.926
287.926
287.926
287.926
287.926
287.926
287.926
287.926
287.926
287.926
287.926
287.926
287.926
287.926
287.926
287.926
287.926
287.926
287.926
287.926
287.926
287.926
287.926
287.926
287.926
287.926
287.926
287.926
287.926
287.926
287.926
287.926
287.926
287.926
287.926
287.926
287.926
287.926
287.926
287.926
287.926
287.926
287.926
287.926
287.926
287.926
287.926
287.926
287.926
287.926
287.926
287.926
287.926
287.926
287.926
287.926
287.926
287.926
287.926
287.926
287.926
287.926
287.926
287.926
287.926
287.926
287.926
287.926
287.926
287.926
287.926
287.926
287.926
287.926
287.926
287.926
287.926
287.926
287.926
287.926
287.926
287.926
287.926
287.926
287.926
287.926
287.926
287.926
287.926
287.926
287.926
287.926
287.926
287.926
287.926
287.926
287.926
287.926
287.926
287.926
287.926
287.926
287.926
287.926
287.926
287.926
287.926
287.926
287.926
287.926
287.926
287.926
287.926
287.926
287.926
287.926
287.926
287.926
287.926
287.926
287.926
287.926
287.926
287.926
287.926
287.926
287.926
287.926
287.926
287.926
287.926
287.926
287.926
287.926
287.926
287.926
287.926
287.926
287.926
287.926
287.926
287.926
287.926
287.926
287.926
287.926
287.926
287.926
287.926
287.926
287.926
287.926
287.926
287.926
287.926
287.926
287.926
287.926
287.926
287.926
287.926
287.926
287.926
287.926
287.926
287.926
287.926
287.926
287.926
287.926
287.926
287.926
287.926
287.926
287.926
287.926
287.926
287.926
287.926
287.926
287.926
287.926
287.926
287.926
287.926
287.926
287.926
287.926
287.926
287.926
287.926
287.926
287.926
287.926
287.926
287.926
287.926
287.926
287.926
287.926
287.926
287.926
287.926
287.926
287.926
287.926
287.926
287.926
287.926
287.926
287.926
287.926
287.926
287.926
287.926
287.926
287.926
287.926
287.926
287.926
287.926
287.926
287.926
287.926
287.926
287.926
287.926
287.926
287.926
287.926
287.926
287.926
287.926
287.926
287.926
287.926
287.926
287.926
287.926
287.926
287.926
287.926
287.926
287.926
287.926
287.926
287.926
287.926
287.926
287.926
287.926
287.926
287.926
287.926
287.926
287.926
287.926
287.926
287.926
287.926
287.926
287.926
287.926
287.926
287.926
287.926
287.926
287.926
287.926
287.926
287.926
287.926
287.926
287.926
287.926
287.926
287.926
287.926
287.926
287.926
287.926
287.926
287.926
287.926
287.926
287.926
287.926
287.926
287.926
287.926
287.926
287.926
287.926
287.926
287.926
287.926
287.926
287.926
287.926
287.926
287.926
287.926
287.926
287.926
287.926
287.926
287.926
287.926
287.926
287.926
287.926
287.926
287.926
287.926
287.926
287.926
287.926
287.926
287.926
287.926
287.926
287.926
287.926
287.926
287.926
287.926
287.926
287.926
287.926
287.926
287.926
287.926
287.926
287.926
287.926
287.926
287.926
287.926
287.926
287.926
287.926
287.926
287.926
287.926
287.926
287.926
287.926
287.926
287.926
287.926
287.926
287.926
287.926
287.926
287.926
287.926
287.926
287.926
287.926
287.926
287.926
287.926
287.926
287.926
287.926
287.926
287.926
287.926
287.926
287.926
287.926
287.926
287.926
287.926
287.926
287.926
287.926
287.926
287.926
287.926
287.926
287.926
287.926
287.926
287.926
287.926
287.926
287.926
287.926
287.926
287.926
287.926
287.926
287.926
287.926
287.926
287.926
287.926
287.926
287.926
287.926
287.926
287.926
287.926
287.926
287.926
287.926
287.926
287.926
287.926
287.926
287.926
287.926
287.926
287.926
287.926
287.926
287.926
287.926
287.926
287.926
287.926
287.926
287.926
287.926
287.926
287.926
287.926
287.926
287.926
287.926
287.926
287.926
287.926
287.926
287.926
287.926
287.926
287.926
287.926
287.926
287.926
287.926
287.926
287.926
287.926
287.926
287.926
287.926
287.926
287.926
287.926
287.926
287.926
287.926
287.926
287.926
287.926
287.926
287.926
287.926
287.926
287.926
287.926
287.926
287.926
287.926
287.926
287.926
287.926
287.926
287.926
287.926
287.926
287.926
287.926
287.926
287.926
287.926
287.926
287.926
287.926
287.926
287.926
287.926
287.926
287.926
287.926
287.926
287.926
287.926
287.926
287.926
287.926
287.926
287.926
287.926
287.926
287.926
287.926
287.926
287.926
287.926
287.926
287.926
287.926
287.926
287.926
287.926
287.926
287.926
287.926
287.926
287.926
287.926
287.926
287.926
287.926
287.926
287.926
287.926
287.926
287.926
287.926
287.926
287.926
287.926
287.926
287.926
287.926
287.926
287.926
287.926
287.926
287.926
287.926
287.926
287.926
287.926
287.926
287.926
287.926
287.926
287.926
287.926
287.926
287.926
287.926
287.926
287.926
287.926
287.926
287.926
287.926
287.926
287.926
287.926
287.926
287.926
287.926
287.926
287.926
287.926
287.926
287.926
287.926
287.926
287.926
287.926
287.926
287.926
287.926
287.926
287.926
287.926
287.926
287.926
287.926
287.926
287.926
287.926
287.926
287.926
287.926
287.926
287.926
287.926
287.926
287.926
287.926
287.926
287.926
287.926
287.926
287.926
287.926
287.926
287.926
287.926
287.926
287.926
287.926
287.926
287.926
287.926
287.926
287.926
287.926
287.926
287.926
287.926
287.926
287.926
287.926
287.926
287.926
287.926
287.926
287.926
287.926
287.926
287.926
287.926
287.926
287.926
287.926
287.926
287.926
287.926
287.926
287.926
287.926
287.926
287.926
287.926
287.926
287.926
287.926
287.926
287.926
287.926
287.926
287.926
287.926
287.926
287.926
287.926
287.926
287.926
287.926
287.926
287.926
287.926
287.926
287.926
287.926
287.926
287.926
287.926
287.926
287.926
287.926
287.926
287.926
287.926
287.926
287.926
287.926
287.926
287.926
287.926
287.926
287.926
287.926
287.926
287.926
287.926
287.926
287.926
287.926
287.926
287.926
287.926
287.926
287.926
287.926
287.926
287.926
287.926
287.926
287.926
287.926
287.926
287.926
287.926
287.926
287.926
287.926
287.926
287.926
287.926
287.926
287.926
287.926
287.926
287.926
287.926
287.926
287.926
287.926
287.926
287.926
287.926
287.926
287.926
287.926
287.926
287.926
287.926
287.926
287.926
287.926
287.926
287.926
287.926
287.926
287.926
287.926
287.926
287.926
287.926
287.926
287.926
287.926
287.926
287.926
287.926
287.926
287.926
287.926
287.926
287.926
287.926
287.926
287.926
287.926
287.926
287.926
287.926
287.926
287.926
287.926
287.926
287.926
287.926
287.926
287.926
287.926
287.926
287.926
287.926
287.926
287.926
287.926
287.926
287.926
287.926
287.926
287.926
287.926
287.926
287.926
287.926
287.926
287.926
287.926
287.926
287.926
287.926
287.926
287.926
287.926
287.926
287.926
287.926
287.926
287.926
287.926
287.926
287.926
287.926
287.926
287.926
287.926
287.926
287.926
287.926
287.926
287.926
287.926
287.926
287.926
287.926
287.926
287.926
287.926
287.926
287.926
287.926
287.926
287.926
287.926
287.926
287.926
287.926
287.926
287.926
287.926
287.926
287.926
287.926
287.926
287.926
287.926
287.926
287.926
287.926
287.926
287.926
287.926
287.926
287.926
287.926
287.926
287.926
287.926
287.926
287.926
287.926
287.926
287.926
287.926
287.926
287.926
287.926
287.926
287.926
287.926
287.926
287.926
287.926
287.926
287.926
287.926
287.926
287.926
287.926
287.926
287.926
287.926
287.926
287.926
287.926
287.926
287.926
287.926
287.926
287.926
287.926
287.926
287.926
287.926
287.926
287.926
287.926
287.926
287.926
287.926
287.926
287.926
287.926
287.926
287.926
287.926
287.926
287.926
287.926
287.926
287.926
287.926
287.926
287.926
287.926
287.926
287.926
287.926
287.926
287.926
287.926
287.926
287.926
287.926
287.926
287.926
287.926
287.926
287.926
287.926
287.926
287.926
287.926
287.926
287.926
287.926
287.926
287.926
287.926
287.926
287.926
287.926
287.926
287.926
287.926
287.926
287.926
287.926
287.926
287.926
287.926
287.926
287.926
287.926
287.926
287.926
287.926
287.926
287.926
287.926
287.926
287.926
287.926
287.926
287.926
287.926
287.926
287.926
287.926
287.926
287.926
287.926
287.926
287.926
287.926
287.926
287.926
287.926
287.926
287.926
287.926
287.926
287.926
287.926
287.926
287.926
287.926
287.926
287.926
287.926
287.926
287.926
287.926
287.926
287.926
287.926
287.926
287.926
287.926
287.926
287.926
287.926
287.926
287.926
287.926
287.926
287.926
287.926
287.926
287.926
287.926
287.926
287.926
287.926
287.926
287.926
287.926
287.926
287.926
287.926
287.926
287.926
287.926
287.926
287.926
287.926
287.926
287.926
287.926
287.926
287.926
287.926
287.926
287.926
287.926
287.926
287.926
287.926
287.926
287.926
287.926
287.926
287.926
287.926
287.926
287.926
287.926
287.926
287.926
287.926
287.926
287.926
287.926
287.926
287.926
287.926
287.926
287.926
287.926
287.926
287.926
287.926
287.926
287.926
287.926
287.926
287.926
287.926
287.926
287.926
287.926
287.926
287.926
287.926
287.926
287.926
287.926
287.926
287.926
287.926
287.926
287.926
287.926
287.926
287.926
287.926
287.926
287.926
2460.68
287.926
287.926
287.926
287.926
287.926
1998.14
287.926
287.926
287.926
287.926
287.926
287.926
287.926
287.926
287.926
287.926
287.926
287.926
287.926
287.926
287.926
287.926
287.926
287.926
287.926
287.926
287.926
287.926
287.926
287.926
287.926
287.926
287.926
287.926
287.926
287.926
287.926
287.926
287.926
287.926
287.926
287.926
287.926
287.926
287.926
287.926
287.926
287.926
287.926
287.926
287.926
287.926
287.926
287.926
287.926
287.926
287.926
287.926
287.926
287.926
287.926
287.926
287.926
287.926
287.926
287.926
287.926
287.926
287.926
287.926
287.926
287.926
465.885
1393.24
1986.96
287.961
293.265
287.926
287.926
547.363
289.457
2032.33
287.959
294.905
287.926
287.926
1956.76
1984.95
1862.05
1855.76
1768.61
1027.55
1231.61
2105.17
2030.61
1890.63
1922.73
1942.66
1307.6
1227.95
889.756
287.927
287.955
287.926
287.926
287.926
287.926
287.926
298.994
287.998
287.926
287.926
287.926
287.926
1663.22
1883.13
2111.08
825.324
1431.69
564.216
333.365
1262.59
2163.79
1987.25
682.747
1605.22
711.808
316.458
287.926
287.926
287.926
287.964
289.97
287.926
287.926
287.926
287.926
287.926
293.487
287.948
287.926
287.926
460.902
1549.58
1602.37
291.437
429.797
380.977
289.901
287.926
287.987
287.926
287.926
287.926
287.926
287.926
407.601
515.22
1547.9
345.253
290.838
289.174
405.97
741.23
292.148
637.117
288.327
331.324
316.404
288.166
287.926
287.926
287.945
287.926
287.926
287.926
287.926
672.958
290.112
504.706
304.012
288.238
288.058
322.262
923.866
291.231
311.213
298.412
287.947
288.122
289.161
321.698
374.346
1053.97
305.334
287.94
288.241
288.662
292.412
288.617
371.68
293.08
287.927
287.965
288.144
347.044
300.236
298.699
288.565
288.443
288.049
287.932
293.635
288.276
333.752
290.544
287.928
287.946
288.203
287.926
287.926
287.926
287.926
287.926
287.926
287.926
287.926
287.926
287.926
287.926
287.926
287.926
287.926
287.926
287.926
287.926
287.926
288.227
289.406
288.651
287.932
287.941
287.933
287.929
289.153
288.503
288.007
287.979
287.935
287.93
287.926
287.926
287.926
287.926
287.926
287.926
287.926
287.926
288.532
289.364
288.569
287.932
287.932
287.928
287.94
287.927
288.302
287.93
289.107
288.426
287.931
287.938
287.931
287.928
288.191
289.287
288.637
287.939
287.933
288.439
287.955
287.937
287.926
287.938
287.93
289.123
287.961
287.94
289.421
288.797
287.926
287.945
287.934
292.659
287.994
287.978
287.954
287.947
287.926
287.927
290.994
288.007
287.988
287.968
287.959
287.926
287.927
287.93
287.934
288.026
287.927
287.926
287.926
287.926
287.972
287.932
288.038
287.927
287.926
287.926
287.926
287.926
287.928
287.969
287.932
288.04
287.927
287.926
287.926
287.926
287.926
287.926
287.926
287.926
287.926
288.067
287.926
287.926
287.926
287.929
287.927
287.932
289.522
287.926
287.945
287.926
287.94
287.926
287.926
288.412
287.926
287.932
287.926
287.931
287.926
287.926
287.949
287.926
287.926
287.932
288.002
287.926
287.926
287.926
287.926
287.926
287.926
287.926
287.926
287.926
287.926
287.926
287.926
287.926
287.926
287.926
287.926
288.005
287.926
287.926
287.926
287.927
287.926
287.934
287.926
287.927
288.03
287.926
287.932
287.926
287.926
287.926
288.013
287.927
287.926
287.93
287.926
287.926
287.928
287.926
287.928
287.926
287.926
287.926
287.926
288.253
287.926
287.926
287.93
287.929
287.926
287.926
287.926
287.926
287.961
287.93
287.928
287.926
287.926
287.926
287.973
287.926
287.929
287.927
287.926
287.926
287.945
287.926
287.927
287.926
287.926
287.926
287.926
287.929
287.926
287.926
287.926
287.926
287.926
287.926
287.926
287.926
287.932
287.926
287.926
287.926
287.926
287.926
287.926
287.926
287.926
287.926
287.926
287.926
287.926
287.926
287.926
287.926
287.926
287.926
287.926
287.926
287.926
287.926
287.926
287.926
287.926
287.926
287.926
287.926
287.926
287.926
287.926
287.926
287.926
287.926
287.926
287.926
287.926
287.926
287.926
287.926
287.926
287.926
287.926
287.926
287.926
287.926
287.926
287.926
287.926
287.926
287.926
287.926
287.926
287.926
287.926
287.926
287.926
287.926
287.926
287.926
287.926
287.926
287.926
287.926
287.926
287.926
287.926
287.926
287.926
287.926
287.926
287.926
287.926
287.926
287.926
287.926
287.926
287.926
287.926
287.926
287.926
287.926
287.926
287.927
287.926
287.926
287.926
287.926
287.926
287.926
287.926
287.926
287.926
287.926
287.926
287.926
287.926
287.926
287.926
287.926
287.926
287.926
287.926
287.926
287.927
287.926
287.926
287.926
287.926
287.926
287.926
287.926
287.926
287.926
287.926
287.926
287.926
287.926
287.926
287.926
287.926
287.926
287.926
287.926
287.926
287.926
287.926
287.926
287.926
287.926
287.926
287.926
287.926
287.926
287.926
287.926
287.926
287.926
287.926
287.926
289.68
287.926
287.926
287.926
287.926
287.926
287.926
287.926
287.926
287.926
287.926
287.926
287.926
287.926
287.926
287.926
287.926
287.926
287.926
287.926
291.312
658.486
287.927
2166.69
299.5
707.676
287.928
287.962
287.926
377.999
289.142
293.984
287.927
622.839
287.926
1939.39
2199.68
2053.48
2062.05
2021.55
1419.95
1573.22
521.443
815.939
892.797
301.815
297.948
290.479
292.278
2036.59
2102.33
1405.29
2185.37
1656.98
829.5
328.123
837.82
1907.55
1809.69
471.576
298.27
292.756
604.832
287.926
287.926
288.012
287.926
287.926
287.926
287.926
287.927
287.926
288.176
287.926
287.926
287.926
287.926
304.021
377.449
609.85
288.687
291.898
288.682
288.044
288.732
293.581
288.309
903.531
711.065
334.089
375.45
290.798
357.282
326.835
288.247
287.972
287.947
288.529
362.15
1302.58
442.969
319.188
287.953
288.572
289.239
292.81
288.7
287.98
287.928
382.306
295.332
288.228
287.926
287.926
287.926
287.926
287.926
287.926
287.926
287.959
287.941
287.926
289.681
288.02
287.968
291.726
287.978
288.493
298.853
288.005
287.926
287.93
287.935
287.927
288.063
288.02
287.948
287.926
287.965
287.926
287.926
287.926
287.926
287.926
287.926
287.926
287.926
288.595
287.951
287.935
287.942
287.932
287.926
287.926
287.932
287.926
287.96
287.932
287.926
287.926
287.927
288.036
287.933
287.929
287.928
287.927
287.926
287.926
287.926
287.926
287.926
287.926
287.926
287.926
287.926
287.926
287.926
287.926
287.926
287.926
287.926
287.926
287.926
287.926
287.926
288.168
287.926
287.931
287.936
287.928
287.926
287.926
287.926
287.926
287.931
287.926
287.93
287.926
287.927
287.926
287.926
287.926
287.926
287.945
287.926
287.926
287.926
287.926
287.926
287.926
287.926
287.926
287.926
287.926
287.926
287.926
287.926
2640.54
2149.62
1922.27
639.765
478.719
1003.1
292.751
1122.65
2549.99
321.765
780.926
303.209
1126.2
423.57
325.136
752.47
344.012
1286.81
335.807
322.44
290.878
301.875
296.693
320.853
344.355
320.663
351.043
314.764
349.279
375.854
310.27
333.507
341.941
332.93
306.28
311.588
330.538
311.099
350.262
323.318
349.238
321.949
353.244
340.546
365.648
318.736
452.195
1355.09
591.706
561.407
965.226
441.394
1284.24
506.108
587.881
1016.71
1493.25
654.848
465.668
1340.4
635.547
414.252
329.645
392.535
403.431
327.857
574.411
436.19
398.673
409.624
647.722
426.766
334.379
580.596
2804.82
1625.16
1753.39
288.162
331.568
288.374
347.661
1590.9
2077.46
1393.18
337.347
288.136
351.596
288.152
882.304
766.203
635.41
733.696
416.271
442.959
391.617
912.715
756.766
646.049
458.731
442.087
512.078
403.856
647.433
878.178
757.16
443.967
444.523
410.115
486.415
751.228
869.824
472.955
738.931
425.969
437.014
400.501
881.86
2511.5
1461.46
2503.03
1339.15
814.866
1838.4
1368.26
2655.97
1533.46
845.084
2067.8
954.208
1895.41
1892.65
1117.52
1785.67
1278.47
653.618
580.45
998.852
1123.03
1912.11
1794.36
586.257
1139.57
664.103
1005.71
1795.16
1601.44
1408.56
2168.25
2127
2130.58
2150.23
1611.86
1398.62
1573.47
2140.81
2055.45
2111.4
2046.43
1604.18
1763.13
1575.41
2171.13
2079.05
2121.59
2118.1
1400.21
1774.31
1609.92
2186.88
2138.08
2143.25
2158.9
417.691
2165.57
1610.44
868.322
316.446
1324.29
341.877
843.584
330.411
587.197
1476.1
347.279
857.539
1258.34
325.994
335.412
311.595
325.994
314.175
311.823
319.41
314.071
327.431
324.034
346.622
362.414
323.98
373.955
324.903
319.04
414.763
835.844
414.956
437.149
888.009
431.287
904.094
326.495
351.107
336.066
316.47
332.1
323.013
323.061
330.693
356.619
365.856
329.576
382.147
328.037
329.355
421
853.625
417.944
451.991
903.63
437.088
945.551
328.669
337.316
350.682
322.016
334.605
325.171
332.275
317.752
319.952
332.009
324.906
332.869
320.479
328.902
328.641
333.981
338.96
330.882
324.024
331.503
335.755
339.125
346.388
348.335
344.949
340.011
342.279
343.991
332.508
337.792
343.781
332.336
325.742
336.006
339.189
331.563
335.885
326.286
325.489
321.194
331.842
333.809
327.168
329.474
336.923
330.113
330.603
322.864
331.238
333.436
336.005
343.298
339.018
329.074
339.666
335.434
339.064
345.191
347.888
345.21
339.553
343.707
341.295
334.117
336.847
328.688
332.772
331.951
326.128
337.149
567.564
377.123
487.973
335.947
358.668
324.173
390.193
424.797
970.18
455.472
455.954
1139.19
517.647
970.955
431.241
502.635
390.783
402.381
371.338
344.982
337.619
556.43
1044.94
479.652
910.723
439.13
482.108
1046.49
1402.41
591.543
625.437
492.573
1024.23
477.453
1068.19
1351.42
652.686
601.459
513.001
1046.29
485.411
1127.7
1741.79
1067.6
782.868
1640.58
729.616
576.829
1303.29
1971.32
734.047
989.359
541.526
1482.89
673.446
1197.54
2080.28
2757.87
2065.69
2114.09
1513.3
1905.91
1944.95
1989.38
2194.09
2056.42
2113.47
1221.51
1488.09
1980.62
2092.43
2818.81
2174.01
2152.92
1792.56
2008.12
2071.11
1998.72
2177.86
2204.86
2128.61
1254.57
1500.66
2018.99
1426.1
1317.94
306.722
407.33
1643.35
1066.79
341.439
1471.65
1432.18
421.017
316.922
1674.32
1224.52
349.519
1506.98
1362.91
314.856
418.496
1674.56
1198.12
354.617
1530
1462.22
431.447
319.698
1707.63
1264.51
358.975
905.568
350.995
288.828
292.898
404.438
692.535
298.507
911.439
313.683
292.348
288.424
345.761
652.479
298.863
926.915
315.695
288.442
292.848
347.682
681.699
299.376
852.679
322.332
290.646
288.669
556.017
387.416
296.767
1623.4
364.248
374.462
288.298
287.926
287.926
640.623
2674.69
1918.33
883.986
288.12
287.927
287.926
287.926
1758.77
2165.9
813.901
1841.6
462.534
2048.88
2089.57
1036.83
2020.2
509.844
914.737
1564.3
2102.25
2117.4
680.77
548.008
1939.4
415.578
585.242
2206.39
1595.96
453.36
673.003
1951.19
1444.17
2184.8
337.292
1346.05
287.929
289.496
1608.32
833.46
1949.65
2008.36
2937.1
1689.52
1652.9
2819.71
403.269
1691.73
1496.55
592.927
1847.72
373.722
1671.12
469.228
2075.72
342.771
371.445
333.179
594.117
388.335
431.952
503.671
336.584
386.128
337.71
556.519
390.382
502.464
410.739
498.936
408.795
435.156
881.857
639.534
764.738
738.502
467.368
445.143
414.064
885.154
643.129
768.209
745.138
440.982
449.183
484.335
877.883
649.516
747.26
760.698
422.447
497.66
455.96
894.164
655.932
759.038
769.528
734.15
1312.74
578.04
1087.66
1774.95
796.611
2197.45
373.009
740.864
517.361
768.217
841.899
513.443
1263.42
1017.79
542.112
869.934
1237.35
1632.74
1058.99
1766.21
287.926
293.251
449.543
289.124
342.867
2635.79
1642.35
287.927
612.586
290.076
288.658
431.097
1526.34
1661.7
654.693
881.241
553.951
1826.91
1668.43
1237.58
1060.32
878.894
627.234
1025.19
1245.13
1650.82
1064.96
1815.91
603.411
945.948
287.926
325.597
409.022
2738.84
2165.08
287.926
287.929
482.24
293.394
765.257
2085.03
2225.02
991.428
1511.28
840.033
577.121
494.531
1000.46
843.148
836.397
1649.61
954.81
494.869
543.751
952.412
834.732
561.238
1021.32
639.525
1675.1
1841.48
1257.03
1072.81
457.228
287.926
319.765
287.926
298.587
1278.51
2107.33
1936.39
828.975
899.236
1449.68
2481.19
1318.8
2511.88
1871.07
931.703
841.344
1478.67
2511.15
1329.37
2611.61
658.55
1122.2
990.244
1279.66
1791.73
1119.17
1902.96
369.596
287.926
287.926
2171.72
288.309
2729.37
287.931
1083.09
1063.34
1282.56
558.325
1864.49
669.638
891.796
1068.01
1822.53
1238.12
1011.75
555.499
879.552
629.012
592.777
999.12
1138.98
1305.14
1805.16
1131.66
1935.48
292.375
1551.12
634.907
287.926
287.926
287.939
287.926
2145.05
2124.85
2075.24
1774.15
1394.96
1574.61
1617.47
409.906
293.432
498.828
287.926
287.926
287.926
287.937
1443.82
297.135
742.681
287.926
287.926
287.926
287.94
322.863
336.967
1282.69
287.926
287.94
287.926
287.926
2119.42
2022.99
2027.83
1731.84
1378
1579.81
1559.06
2120.49
2143.89
2159.47
1750.33
1381.8
1582.25
1571.7
2213.83
2135.22
2142.28
1796.97
1402.62
1593.22
1627.71
2311.46
1620.74
1165.68
2922.78
2189.47
1814.28
2782.02
899.311
1413.62
1468.59
1664.52
2130.49
2083.4
2043.47
2450.3
1109.71
1526.8
1744.93
2627.53
2030.12
2596.5
1409.92
909.141
1484.09
2109.36
2249.62
1694.5
2144.34
2627.97
2118.7
1568.27
2141.29
1052.95
1583.87
2642.54
1664.13
2934.97
2365.02
1869.53
2220.56
1203.32
2712.97
2197.11
1950.27
1306.87
740.568
1210.44
1303.04
1841.9
2205.51
2104.69
1666.93
1394.73
1475.2
897.319
1931.22
1955.46
1507.13
1919.29
1957.22
1985.63
1545.48
1663.88
1949.6
1690.94
2031.65
1993.63
2077.26
1671.83
1707.93
1710.83
2090.71
1539.59
2194.28
2127.14
1951.37
2007.56
1533.92
2151.08
1694.44
2129.21
2198.22
1963.44
2013.08
1013.93
1225.1
1850.94
1953.05
1981.51
1859.77
1979.72
2122.71
1630.02
1924.23
2068.73
2771.79
2038.97
2680.37
2047.28
1429.24
2025.05
2206.31
2160.46
2045.75
1925.83
1917.04
2124.76
2173.12
2142.23
2813.78
2058.73
2826.34
1306.41
1227.15
1918.81
2029.99
2029.55
1888.41
2104.08
1304.43
2175.18
2032.77
2079.15
2251.2
2016.15
2196.29
2046.44
1571.82
2059.41
2170.22
2226.39
2080.4
1942.29
1594.27
2070.84
2179.68
2115.53
2260.03
2028.69
2239.33
2010.4
2125.82
2178.55
2083.38
2143.31
1684.82
1530.83
1948.87
2137.37
2172.39
2094.87
1733.33
2210.73
1550.95
2156.51
1873.17
1763.54
2218.86
2182.56
1414.56
1675.11
1949.5
2079.4
2220.69
2050.71
2015.76
1407.32
1558.15
1121.36
2730.11
2306.62
2151.78
2572.99
2304.34
2958.8
1541.91
2188.17
1777.26
1926.62
2192.38
1977.9
2203.01
2944.64
2303.67
2131.2
2601.14
2297.89
1624.96
1154.01
1943.36
2204.55
1996.16
2219.63
1829.05
1567.51
615.959
287.926
287.926
287.926
287.966
287.926
287.94
514.273
1419.09
331.877
553.672
2106.91
1651.15
1873.28
2454.64
1778.55
435.958
1238.1
2191.93
2206.11
2268.18
2759.78
316.217
1602.68
710.734
2160.87
1259.21
1995.06
1985.2
775.57
875.247
1710.66
2149.1
1482.15
2230.8
2108.28
2289.22
1950.38
2023.24
2107.86
2010.11
1131.04
646.111
2113.2
1947.28
2046.31
1551.64
2059.81
1222.42
436.668
1929.35
2127.4
2052.16
1427.84
2049.79
825.419
342.966
1232.22
1671.09
1352.47
317.149
416.408
335.874
361.929
1682.43
1263.28
1507.63
422.98
319.547
354.921
349.107
1554.82
1449.25
1697.24
426.786
362.882
321.088
349.215
1426.36
1045.17
1278.03
400.949
326.861
305.327
341.058
2116.55
2288.19
2197.56
1128.06
1730.21
866.74
411.641
287.926
287.934
288.416
287.926
287.926
287.926
287.926
287.926
287.932
289.436
287.926
287.926
287.926
287.926
650.169
1900.7
1804.08
467.4
298.368
292.733
601.138
580.115
1586.23
1685.77
447.667
293.418
579.071
290.299
403.95
1543.13
1380.07
403.866
290.792
289.126
512.762
507.323
1721.09
1690.12
508.313
294.36
614.44
291.45
381.595
1605.26
1552.01
462.541
291.491
289.921
550.569
754.018
1978.65
2028.02
756.796
308.779
297.938
946.862
950.763
2029.52
1983.52
770.938
308.592
298.177
952.184
474.489
1814.56
1901.29
657.723
298.366
292.855
835.683
605.766
1910.23
1833.21
671.856
298.354
293.054
840.429
360.393
1786.02
1522.7
364.713
290.295
288.835
463.013
302.872
1062.16
1314.89
332.072
288.771
288.28
387.225
319.621
984.236
697.734
293.218
288.59
288.185
301.499
892.887
335.523
718.16
293.751
288.729
288.325
299.235
293.348
299.047
288.728
881.827
693.449
332.933
373.288
331.238
316.359
737.597
292.111
288.327
294.826
288.166
368.867
436.58
971.365
293.753
289.071
300.224
288.486
363.558
719.637
978.028
288.587
301.277
293.672
288.213
724.293
374.545
893.392
293.907
288.724
299.164
288.337
309.915
1257.02
1684.45
411.238
288.122
289.441
310.575
399.44
665.964
1621.06
402.991
287.986
289.333
293.63
889.062
330.466
568.74
290.738
288.82
297.441
288.207
303.376
321.614
668.652
288.232
293.178
290.036
288.052
410.451
1657.96
440.056
290.622
290.881
289.618
287.959
290.576
315.561
579.743
295.44
287.929
287.981
288.374
323.391
1347.84
468.254
368.927
287.957
288.644
291.744
321.192
729.817
1203.3
320.781
287.972
288.309
293.213
297.945
461.577
909.75
310.451
287.947
288.115
291.165
332.647
462.12
1267.94
332.724
287.951
290.074
288.482
305.346
373.85
1054.75
321.804
287.94
288.242
289.451
293.045
810.931
1399.11
374.253
288.014
288.676
302.183
288.437
346.249
886.207
300.067
287.932
288.047
288.554
301.001
762.42
1364.3
322.338
288.007
288.634
292.361
294.149
296.544
395.46
288.829
287.929
287.989
287.972
287.985
288.007
288.755
300.84
389.949
296.122
288.737
288.142
371.207
293.06
288.612
287.927
287.959
287.965
405.479
288.897
303.906
288.874
287.932
287.991
288.025
1277.29
505.338
448.144
956.187
2095.64
951.485
380.422
325.718
383.456
347.253
401.096
352.471
322.356
354.129
433.21
1266.01
340.486
335.301
321.534
361.659
2059.14
1185.07
1534.89
1937.21
755.606
411.762
1762.43
2372.29
1195.8
377.441
1766.64
2597.19
2113.91
1989.58
835.15
403.042
510.575
1469.45
1246.79
1704.73
437.044
315.215
308.141
315.157
308.104
321.057
315.096
320.537
319.474
350.367
355.145
329.093
362.783
321.787
324.989
335.279
333.849
326.825
315.386
334.908
324.575
327.779
314.216
335.294
335.687
315.015
354.103
321.555
357.153
331.753
362.627
361.345
335.871
374.74
334.553
331.207
352.887
334.551
335.59
328.044
337.403
336.959
333.479
328.134
336.775
332.253
320.13
327.339
323.018
332.414
325.731
342.101
339.211
325.164
358.712
326.404
366.142
341.998
349.23
349.14
346.838
343.395
344.574
345.395
340.711
346.562
343.161
341.952
342.474
335.377
342.97
333.053
343.798
337.108
332.524
336.196
324.902
339.366
332.813
342.731
334.317
334.328
324.338
338.585
337.674
334.956
337.963
328.017
333.067
334.878
325.047
336.945
346.082
350.515
349.95
347.581
346.255
345.852
347.376
338.851
343.973
338.149
336.638
340.142
330.221
340.274
341.469
339.03
336.274
336.104
339.299
338.59
333.748
395.64
560.271
416.589
374.559
386.996
341.585
341.547
493.126
402.846
554.621
327.958
361.157
326.011
376.525
318.41
309.635
344.621
318.469
479.036
383.705
353.015
328.382
319.666
484.166
392.241
353.363
329.845
393.388
324.341
335.551
567.248
358.704
390.004
417.21
488.091
328.042
380.8
326.231
554.691
361.258
376.561
493.383
422.397
636.619
573.482
339.733
409.668
338.383
430.263
406.731
579.503
647.002
349.806
414.819
343.427
439.696
668.865
401.069
621.479
924.922
462.455
489.131
833.092
508.752
778.331
839.488
364.869
747.156
511.13
465.578
299.034
287.926
1694.67
2055.4
287.982
290.899
1722.52
771.72
518.467
842.26
469.64
740.283
375.455
518.327
587.61
454.277
822.336
1185.69
852.324
588.16
1614.84
540.689
988.454
1481.81
1608.28
672.931
733.05
1970.04
838.961
508.59
364.733
778.087
746.73
465.479
1277.03
1605.49
823.041
1472.23
955.713
480.021
554.827
822.918
1237.37
1633.53
1060.08
542.833
1016.89
640.448
870.083
1493.67
968.762
1654.81
968.815
485.3
542.537
835.29
1865.08
1179.21
1049.39
1413.61
639.442
709.127
1287.24
1816.94
627.903
1652.12
1066.62
548.874
1025.71
879.654
1712.43
1751.18
1738.44
1442.83
1352.61
1751.1
1676.14
2618.57
1445.43
1920.77
1444.8
1918.07
960.98
2372.18
2629.67
2031.53
1744.99
1525.54
2164.74
1108.88
2450.06
2086.21
2133.59
1666.58
2045.36
899.739
1414.22
1919.99
919.789
1505.7
1356.24
1994.15
1921.75
2060.27
2062.6
1836.65
1331.21
1911.81
1331.29
1231.61
754.107
1837.17
2056.24
1920.22
1505.1
1693.56
1356.35
920.57
1992.86
1074.51
1886.73
1532.95
1746.56
1659.88
1885.85
1996.87
1553.09
1666.06
1958.7
1956.91
1919.59
1641.7
1506.83
1669.25
2076.84
1992.91
1948.8
2031.07
1691.12
1526.68
579.554
1474.61
1321.66
1888.57
1986.47
1966.5
1946.88
295.916
364.477
947.536
890.053
1581.38
1988.41
1765.51
449.439
1991.78
1768.21
365.735
1587.54
894.865
296.03
2014.74
650.416
1140.69
2291.39
2024.94
1950.5
2636.11
1221.23
1553.88
2060.67
1662.42
2046.45
1948.08
2115
2053.73
1433.28
2130.84
830.196
1934.86
1284.92
343.912
1470.75
2114.36
1875.69
2078.88
2115.5
1473.02
444.114
288.273
338.079
1002.3
338.426
287.935
289.223
288.275
290.63
295.573
583.858
316.039
287.929
288.382
288.124
441.564
515.039
1661.04
411.736
287.96
290.635
289.639
332.082
288.193
290.419
288.263
287.928
287.945
287.96
289.099
287.929
288.298
288.077
287.93
287.927
288.417
289.402
287.933
288.648
288.227
287.932
287.929
288.526
289.924
287.926
287.994
287.977
287.947
292.618
287.954
296.41
288.111
288.181
287.927
288.008
288.038
305.65
291.018
287.926
288.007
287.989
287.959
293.551
287.968
296.702
287.927
288.108
288.175
288.01
288.039
305.572
287.927
287.941
287.96
289.68
288.022
287.968
291.749
288.189
289.282
287.93
287.933
288.392
287.928
288.635
289.354
288.21
287.932
287.932
287.928
288.56
288.524
288.802
287.962
287.945
287.94
287.934
287.926
287.926
288.648
287.95
287.942
287.926
287.935
287.932
289.744
289.1
287.955
287.937
287.937
287.93
287.926
287.926
288.413
287.926
287.926
287.926
287.931
287.948
287.932
287.949
288.927
287.933
287.926
287.941
287.926
287.926
287.969
287.932
287.926
287.927
287.926
287.928
288.039
287.974
287.933
287.926
287.927
287.926
287.929
288.025
287.971
287.934
287.926
287.927
287.926
288.024
287.93
287.975
287.933
287.927
287.926
287.926
288.024
287.929
287.932
287.927
288.038
287.972
287.926
287.926
287.928
287.926
291.539
287.967
287.926
287.967
287.926
287.926
289.505
287.926
287.955
287.926
287.944
287.926
287.926
288.246
287.926
287.926
287.926
287.929
287.93
287.964
289.211
287.926
287.927
287.927
287.938
287.942
288.089
289.138
287.926
287.926
287.926
287.937
287.941
287.978
287.926
287.926
287.928
288.19
287.926
287.932
287.952
287.961
287.93
287.926
287.926
287.987
287.926
287.928
287.929
287.926
287.972
287.944
287.926
287.926
287.927
287.948
287.932
287.926
287.926
287.926
288
287.928
288.001
287.926
287.927
287.926
287.926
287.926
287.926
288.067
287.926
287.929
287.926
287.927
287.926
287.926
287.926
287.949
287.926
288.938
287.926
287.941
287.933
288.028
287.926
287.926
287.926
287.927
287.927
287.932
287.931
287.926
287.926
287.926
287.926
287.926
287.926
287.928
287.926
287.926
287.926
287.926
287.926
287.926
287.933
287.926
287.926
287.926
287.926
287.926
287.926
287.933
287.926
287.926
287.926
287.926
287.926
287.926
287.926
287.926
287.926
287.926
287.926
287.926
287.926
287.926
287.926
287.926
287.926
287.926
287.926
287.926
287.926
287.926
287.926
287.926
287.926
287.926
287.926
287.926
287.926
287.926
287.926
287.926
287.926
287.926
287.926
287.926
287.926
287.926
287.926
287.926
287.926
287.926
287.926
287.926
287.926
287.926
287.926
287.926
287.926
287.926
287.926
287.926
287.926
287.926
287.926
287.926
287.926
287.926
287.926
287.926
287.926
287.926
287.926
287.926
287.926
287.926
287.926
287.926
287.926
287.926
287.926
287.926
287.926
287.926
287.926
287.926
287.926
287.926
287.926
287.926
287.926
287.926
287.926
287.926
287.926
287.926
287.926
287.926
287.926
287.926
287.926
287.926
287.926
287.926
287.926
287.926
287.926
287.926
287.926
287.926
287.926
287.926
287.926
287.926
287.926
287.926
287.926
287.926
287.926
287.926
287.926
287.926
287.926
287.926
287.926
287.926
287.926
287.926
287.926
287.926
287.926
287.926
287.926
287.926
287.926
287.926
287.926
287.926
287.926
287.926
287.926
287.926
287.926
287.926
287.926
287.926
287.926
287.926
287.926
287.926
287.926
287.926
287.926
287.926
287.926
287.926
287.926
287.926
287.926
287.926
287.926
287.926
287.926
287.926
287.926
287.926
287.926
287.926
287.926
287.926
287.926
287.926
287.926
287.926
287.926
287.926
287.926
287.926
287.926
287.926
287.926
287.926
287.926
287.926
287.926
287.926
287.926
287.926
287.926
287.926
287.926
287.926
287.926
287.926
287.926
287.926
287.926
287.926
287.926
287.926
287.926
287.926
287.926
287.926
287.926
287.926
287.926
287.926
287.926
287.926
287.926
287.926
287.926
287.926
287.926
287.926
287.926
287.926
287.926
287.926
287.926
287.926
287.926
287.926
287.926
287.926
287.926
287.926
287.926
287.926
287.926
287.926
287.926
)
;

boundaryField
{
    ground
    {
        type            zeroGradient;
    }
    outlet
    {
        type            zeroGradient;
    }
    wall
    {
        type            zeroGradient;
    }
    wall2
    {
        type            zeroGradient;
    }
    wall3
    {
        type            zeroGradient;
    }
    internalPatch
    {
        type            internal;
    }
    procBoundary3to0
    {
        type            processor;
        value           uniform 287.926;
    }
    procBoundary3to1
    {
        type            processor;
        value           nonuniform List<scalar> 
568
(
287.926
287.926
287.926
287.926
287.926
287.926
287.926
287.926
287.926
287.926
287.926
287.926
287.926
287.926
287.926
287.926
287.926
287.926
287.926
287.926
287.926
287.926
287.926
287.928
288.188
321.1
1326.36
2165.24
1772.26
1772.26
1895.63
2103.42
2237.73
1918.96
739.017
297.125
288.021
287.975
287.975
287.986
290.893
372.471
917.6
299.515
288.02
287.927
287.926
287.932
287.972
288.027
288.025
287.971
287.933
287.926
287.926
287.926
287.926
287.926
287.926
287.927
288.082
288.082
287.927
287.926
287.926
287.926
287.926
287.926
287.956
287.956
287.926
287.926
287.926
287.926
287.926
287.926
287.926
287.926
287.926
287.926
287.926
287.926
287.926
287.926
287.926
287.926
287.926
287.926
287.926
287.926
287.926
287.926
287.926
287.926
287.926
287.926
287.926
287.926
287.926
287.926
287.926
287.926
287.926
287.926
287.926
287.926
287.926
287.926
287.926
287.926
287.926
287.926
287.926
287.926
287.926
287.926
287.926
287.926
287.926
287.926
287.926
287.926
287.926
287.926
287.926
287.926
287.926
287.926
287.926
287.926
287.926
287.926
287.926
287.926
287.926
287.926
287.926
287.933
288.81
390.671
1683.09
2227.86
2227.86
2226.62
2156.64
1665.96
597.148
295.45
288.025
287.927
287.926
287.941
289.07
289.07
287.936
287.926
287.926
287.95
288.654
287.932
287.926
287.926
287.926
287.929
287.933
287.933
287.929
287.926
287.926
287.926
287.926
287.926
287.937
289.173
289.173
287.942
287.926
287.926
287.926
287.926
287.932
288.213
288.213
287.928
287.926
287.926
287.926
287.926
287.926
287.926
287.926
287.926
287.926
287.926
287.926
287.926
287.926
287.926
287.926
287.926
287.926
287.926
287.926
287.926
287.926
287.926
287.926
287.926
287.926
287.926
287.926
287.926
287.926
287.926
287.926
287.926
287.926
287.926
287.926
287.926
287.926
287.926
287.926
287.926
287.926
287.926
287.926
287.926
287.926
287.926
287.926
287.926
287.926
287.926
287.926
287.926
287.926
287.926
287.926
287.926
287.926
287.943
289.808
466.432
1789.07
1789.07
1581.88
1022.46
395.38
291.522
287.994
287.927
287.926
287.926
287.926
287.927
288.037
296.408
296.408
288.006
287.926
287.926
287.926
287.926
287.926
287.926
287.926
287.926
287.926
287.926
287.926
287.926
287.926
287.926
287.927
288.007
296.3
296.3
288.038
287.927
287.926
287.926
287.927
287.969
289.742
289.742
287.941
287.926
287.926
287.926
287.926
287.926
287.926
287.926
287.926
287.926
287.926
287.926
287.926
287.926
287.926
287.926
287.926
287.926
287.926
287.926
287.926
287.926
287.926
287.926
287.926
287.926
287.926
287.926
287.926
287.926
287.926
287.926
287.926
287.926
287.926
287.926
287.926
287.926
287.926
287.926
287.926
287.926
287.926
287.926
287.926
287.926
287.926
287.951
290.348
458.038
458.038
370.772
303.321
288.86
287.956
287.926
287.926
287.926
287.926
287.926
287.926
287.926
287.929
288.174
305.46
305.46
288.107
287.928
287.926
287.926
287.926
287.926
287.926
287.926
287.926
287.926
287.926
287.926
287.926
287.928
288.112
305.65
305.65
288.181
287.929
287.926
287.926
287.928
288.022
291.747
291.747
287.959
287.926
287.926
287.926
287.926
287.926
287.926
287.926
287.926
287.926
287.926
287.926
287.926
287.926
287.926
287.926
287.926
287.926
287.926
287.926
287.926
287.926
287.926
287.926
287.926
287.926
287.926
287.926
287.926
287.926
287.926
287.926
287.926
287.926
287.926
287.926
287.926
287.926
287.926
287.926
287.926
287.926
287.926
287.926
287.926
287.926
287.926
287.926
287.926
287.926
287.926
287.926
287.926
287.951
289.694
289.694
288.694
288.051
287.934
287.938
287.938
287.926
287.926
287.926
287.926
287.926
287.926
287.928
288.021
291.738
291.738
287.959
287.926
287.926
287.926
287.926
287.926
287.926
287.926
287.926
287.926
287.926
287.926
287.926
287.926
287.926
287.926
287.926
287.926
287.926
287.942
287.942
287.933
287.927
287.926
287.926
287.928
288.203
288.203
287.932
287.926
287.927
287.97
289.812
289.812
287.942
287.926
287.926
287.926
287.926
287.926
287.926
287.926
287.926
287.926
287.926
287.926
287.926
287.926
287.926
287.926
287.926
287.926
287.926
287.926
287.926
287.926
1938.74
1890.65
1876.56
1894.43
2024.72
1936.09
634.49
761.228
709.079
510.609
1773.39
1966.69
1243.58
1053.87
1056.99
1236.42
1656.34
2147.44
1586.29
368.02
288.589
292.154
295.484
294.097
290.221
288.234
327.412
1365.13
2089.28
1747.92
1097.67
625.344
523.93
533.269
615.446
888.261
1459.98
2074.65
1984.15
667.048
292.178
287.958
828.416
501.107
354.202
315.338
307.963
297.567
303.095
499.641
1128.4
1561.95
2144.84
2561.8
2332.31
698.055
291.854
287.951
700.8
389.719
352.444
363.003
390.291
498.176
)
;
    }
    procBoundary3to2
    {
        type            processor;
        value           nonuniform List<scalar> 
144
(
288.149
288.054
300.855
308.56
306.098
288.116
287.928
287.928
287.927
287.926
287.964
292.2
616.057
870.464
968.042
946.984
816.893
297.984
288.02
287.927
287.926
287.948
290.498
522.665
1728.99
1361.17
627.037
404.503
404.503
418.327
462.739
596.196
927.246
725.631
653.457
647.379
712.993
1189.57
1866.75
2137.88
1431.02
345.205
288.456
287.931
287.928
287.962
288.168
288.407
288.348
288.093
287.948
287.928
287.931
287.933
287.929
287.965
288.192
288.52
288.55
288.212
287.966
287.928
287.931
288.49
348.958
1459.77
2163.17
2083.21
1578.83
556.941
294.718
722.155
1970.37
2214.17
1943.09
1509.25
1187.51
1055.26
1055.26
1870.56
1992.92
763.795
294.238
287.975
287.926
287.926
287.926
287.931
288.542
358.364
1476.81
1757.42
1680.1
838.268
466.856
466.856
496.502
593.905
850.564
1348.8
1934.24
1517.09
1206.28
1078.35
1070.42
1769.79
2162.81
1661.9
411.151
289.165
287.937
287.93
288.016
288.558
289.306
289.187
288.432
287.997
288.013
288.521
289.353
289.459
288.604
288.021
287.93
287.938
289.198
413.708
1669.55
2171.41
1779.14
1888.08
2074.89
2196.57
1877.67
2202.35
1885.13
1344.86
919.174
716.111
644.424
644.424
1291.54
1949.21
)
;
    }
    procBoundary3to4
    {
        type            processor;
        value           uniform 287.926;
    }
    procBoundary3to5
    {
        type            processor;
        value           nonuniform List<scalar> 
437
(
287.926
287.926
287.926
287.926
287.926
287.926
287.926
287.926
287.926
287.926
287.926
287.926
287.926
287.926
287.926
287.926
287.926
287.926
287.929
288.25
327.203
1324.81
1714.12
1751.73
1692.16
1657.91
1171.74
544.685
375.277
324.066
326.044
331.123
339.345
362.032
362.032
351.819
345.468
348.256
303.905
300.969
304.748
293.971
279.595
392.453
830.25
822.034
869.482
932.584
932.584
847.882
826.808
863.455
860.189
821.646
835.444
903.352
1066.87
1400.42
1934.91
2512.4
2683.75
1642.49
331.772
288.216
288.216
288.841
289.091
288.495
287.926
287.926
287.926
287.926
287.926
287.926
287.926
287.926
287.926
287.926
287.926
287.926
287.926
287.926
287.926
287.926
287.926
287.926
287.926
287.926
287.926
287.926
287.926
287.926
287.926
287.926
287.926
287.948
290.837
581.976
1892.73
1968.95
1751.35
1442.53
1239.26
571.895
384.136
327.881
318.432
314.505
319.451
320.811
317.752
321.623
317.971
319.464
319.464
316.84
310.069
312.571
307.044
308.013
302.994
293.675
293.296
391.253
416.378
442.202
442.202
412.499
395.988
450.309
442.283
442.563
452.385
402.599
414.28
436.382
491.706
624.426
898.731
1450.18
2071.77
1932.32
575.191
290.828
290.828
297.645
300.428
293.855
287.933
287.926
287.926
287.926
287.926
287.926
287.926
287.926
287.926
287.926
287.926
287.926
287.926
287.926
287.926
287.926
287.926
287.926
287.926
287.926
287.926
287.927
288.038
303.044
1065.97
2110.88
1940.22
1414.04
924.111
668.433
411.416
334.973
313.891
326.821
322.193
332.201
341.39
329.693
328.376
329.832
332.803
343.948
335.878
327.458
330.312
319.89
319.89
321.082
320.838
315.59
317.146
313.558
303.918
311.218
308.144
313.437
313.437
320.13
318.706
326.167
335.957
339.137
337.546
339.434
345.02
341.95
334.493
326.456
326.31
316.01
323.475
373.338
498.906
882.826
1734.13
2028.93
1054.04
305.741
305.741
341.988
355.903
320.053
287.975
288.027
287.927
287.926
287.926
287.926
287.926
287.926
287.926
287.926
287.926
287.926
287.926
287.926
287.926
287.926
287.926
287.926
287.926
287.926
287.926
287.926
287.926
287.926
287.926
287.926
287.929
288.284
332.445
1417.02
2185.01
1875.3
1179.68
708.502
488.414
356.717
314.78
315.39
324.647
324.931
337.115
345.88
335.806
337.834
343.994
348.011
340.854
341.904
348.647
345.359
340.127
339.82
349.389
341.004
331.086
328.365
328.365
321.694
324.14
322.59
318.24
321.468
313.246
324.567
324.567
323.956
333.647
341.448
328.411
329.743
336.856
342.808
335.745
338.508
345.482
343.179
339.024
336.187
346.623
337.766
325.764
323.221
319.436
347.143
436.014
740.086
1560.93
2031.1
1283.05
327.33
327.33
401.879
423.958
349.834
349.788
288.026
287.927
287.926
287.974
287.933
287.926
287.926
287.933
287.942
287.926
287.926
287.926
287.926
287.926
287.926
287.935
288.654
287.932
365.078
1523.78
2198.39
1905.21
1123.17
636.504
429.819
339.509
319.518
321.957
350.676
441.69
748.946
1577.04
2078.78
1357.22
336.376
336.376
416.918
427.066
363.204
321.13
293.637
288.211
288.589
288.59
287.942
287.932
287.926
287.926
287.935
288.841
360.558
1305
2034.91
2081.82
1281.93
659.318
422.36
362.943
484.997
879.63
1776.85
2148.36
1235.53
317.373
317.373
362.197
301.513
301.341
293.241
288.186
288.186
287.932
288.598
319.683
698.637
293.241
332.353
332.542
335.267
345.356
350.914
346.375
352.019
355.257
355.561
352.629
347.5
350.912
346.091
336.98
336.543
333.673
333.463
342.829
347.841
340.353
347.111
351.882
353.9
351.573
346.756
350.748
345.615
336.065
355.475
356.096
358.823
358.737
355.973
353.368
356.819
357.909
)
;
    }
}


// ************************************************************************* //
