/*--------------------------------*- C++ -*----------------------------------*\
  =========                 |
  \\      /  F ield         | OpenFOAM: The Open Source CFD Toolbox
   \\    /   O peration     | Website:  https://openfoam.org
    \\  /    A nd           | Version:  9
     \\/     M anipulation  |
\*---------------------------------------------------------------------------*/
FoamFile
{
    format      ascii;
    class       volScalarField;
    location    "0.0007";
    object      T;
}
// * * * * * * * * * * * * * * * * * * * * * * * * * * * * * * * * * * * * * //

dimensions      [0 0 0 1 0 0 0];

internalField   nonuniform List<scalar> 
7474
(
287.926
287.926
287.926
287.926
287.926
287.926
287.926
287.926
287.926
287.926
287.926
287.926
287.926
287.926
287.926
287.926
287.926
287.926
287.926
287.926
287.926
287.926
287.926
287.926
287.926
287.926
287.926
287.926
287.926
287.926
287.926
287.926
287.926
287.926
287.926
287.926
287.926
287.926
287.926
287.926
287.926
287.926
287.926
287.926
287.926
287.994
287.926
287.926
287.926
287.926
287.926
287.926
287.926
287.926
287.926
287.926
287.926
287.926
287.926
287.926
287.926
287.926
287.926
287.926
287.926
287.926
287.926
287.926
287.926
287.926
287.926
287.926
287.926
287.926
287.926
287.926
287.926
287.926
287.926
287.926
287.926
287.926
287.926
287.926
287.926
287.926
287.926
287.926
287.926
287.926
287.926
287.926
287.926
287.926
287.926
287.926
287.926
287.926
287.926
287.926
287.926
287.926
287.926
307.281
287.926
287.926
287.926
287.926
287.926
287.926
287.926
287.926
287.926
287.926
287.926
287.926
287.926
287.926
287.926
287.926
287.926
287.926
287.926
287.927
287.926
287.926
287.926
287.926
287.926
287.926
287.926
287.926
287.926
287.926
287.926
287.926
287.926
287.926
287.926
287.926
287.926
287.926
287.926
287.926
287.926
287.926
287.926
287.926
287.926
287.926
287.926
287.926
287.926
287.926
287.926
287.926
287.926
287.926
287.926
287.926
287.926
287.926
287.926
287.926
287.926
287.926
287.926
287.926
287.926
287.926
287.926
287.926
287.926
287.926
287.926
287.926
287.926
287.926
287.926
287.926
287.926
287.926
287.926
287.926
287.926
287.926
287.926
287.926
287.926
287.926
287.926
287.926
287.926
287.926
287.926
287.926
287.926
287.926
287.926
287.926
287.926
287.926
287.926
287.926
287.926
287.926
287.926
287.926
287.926
287.926
287.926
287.926
287.954
287.967
287.926
287.926
287.926
287.926
287.926
287.926
287.926
287.926
287.926
287.926
287.926
287.926
287.926
287.926
287.926
287.926
287.926
287.926
287.926
287.926
287.926
287.926
287.926
287.926
287.926
287.926
287.926
287.926
287.926
287.926
287.926
287.926
287.926
288.295
312.099
287.926
288.436
287.926
287.949
287.926
287.939
287.957
287.926
287.94
287.926
287.926
289.626
287.934
301.176
287.926
288.197
287.926
287.926
287.926
287.926
287.932
287.926
287.929
287.926
287.926
287.926
287.932
288.183
287.926
287.926
287.926
287.926
287.926
287.926
287.969
287.926
287.926
287.926
287.926
287.926
287.926
288.073
287.926
287.926
287.926
287.929
287.926
287.926
287.926
287.926
287.926
287.926
287.926
287.926
287.926
287.926
287.926
287.926
287.926
287.926
287.926
287.926
287.93
287.931
287.926
287.926
287.926
287.926
287.926
287.926
287.926
287.926
287.932
287.926
287.926
287.926
287.926
287.926
287.926
287.926
287.926
287.926
287.926
287.926
287.926
287.926
287.926
287.926
287.926
287.926
287.926
287.926
287.926
287.926
287.926
287.926
287.926
287.926
287.926
287.926
287.926
287.926
287.926
287.926
287.926
287.926
287.926
287.926
287.926
287.926
287.926
287.926
287.926
287.926
287.926
287.926
287.926
287.926
287.926
287.926
287.926
287.926
287.926
287.926
287.926
287.926
287.926
287.926
287.926
287.926
287.926
287.926
287.926
287.926
287.926
287.926
287.926
287.926
287.926
287.926
287.926
287.926
287.926
287.926
287.926
287.926
287.926
287.926
287.926
287.927
287.926
287.926
287.926
287.926
287.926
287.926
287.926
287.926
287.926
287.926
1665.66
1719.08
387.177
297.352
287.926
287.926
287.926
287.926
287.926
287.926
287.926
287.926
287.926
287.926
287.926
287.926
287.926
287.926
287.926
287.926
287.926
287.926
287.926
287.926
287.926
287.926
287.926
287.926
287.926
287.926
287.926
287.926
287.926
287.926
287.926
287.926
287.926
287.926
287.926
287.926
287.926
287.926
287.926
287.926
287.926
287.926
287.926
287.926
287.926
287.926
287.926
287.926
287.926
287.926
287.926
287.926
287.926
287.926
287.926
287.926
287.926
287.926
287.926
287.926
287.926
287.926
287.926
287.926
287.926
287.926
287.926
287.926
287.926
287.926
287.926
287.926
287.926
287.926
287.926
287.926
287.926
287.926
287.926
287.926
287.926
287.926
287.926
287.926
287.926
287.926
287.926
287.926
287.926
287.926
287.926
287.926
287.926
287.926
287.926
306.824
288.15
287.926
287.926
287.926
287.926
287.926
287.926
287.926
287.926
287.926
287.926
287.926
287.926
287.926
287.926
287.926
287.926
287.926
287.926
287.926
287.926
287.926
287.926
287.926
287.926
287.926
287.926
287.926
287.926
287.926
287.926
287.926
287.926
287.926
287.926
287.926
287.926
287.926
287.926
287.926
287.926
287.926
287.926
287.926
287.926
287.926
287.926
287.926
287.926
287.926
287.926
287.926
287.926
287.926
287.926
287.926
287.926
287.926
287.926
287.926
287.926
287.926
287.926
287.926
287.926
287.926
287.926
287.926
287.926
287.926
287.926
287.926
287.926
287.926
287.926
287.926
287.926
287.926
287.926
287.926
287.926
287.926
287.926
287.926
287.926
287.926
287.926
287.926
287.926
287.926
287.926
287.926
287.926
287.926
287.926
287.926
287.926
294.532
287.937
287.926
287.926
287.926
287.926
287.926
287.926
287.926
287.926
287.926
287.926
287.926
287.926
287.926
287.926
287.926
287.926
287.926
287.926
287.926
287.926
287.926
287.926
287.926
287.926
287.926
287.926
287.926
287.926
287.926
287.926
287.926
287.926
287.926
287.926
287.926
287.926
287.926
287.926
287.926
287.926
287.926
287.926
287.926
287.926
287.926
287.926
287.926
287.926
287.926
287.926
287.926
287.926
287.926
287.926
287.926
287.926
287.926
287.926
287.926
287.926
287.926
287.926
287.926
287.926
287.926
287.926
287.926
287.926
287.926
287.926
287.926
287.926
287.926
287.926
287.926
287.926
287.926
287.926
287.926
287.926
287.926
287.926
287.926
287.926
287.926
287.926
287.926
287.926
287.926
287.926
287.926
287.926
287.926
287.926
287.926
287.926
287.926
287.926
287.926
287.926
287.926
287.926
287.926
287.926
287.926
287.926
287.926
287.926
287.926
287.926
287.926
287.926
287.926
287.926
287.926
287.926
287.926
287.926
287.926
287.926
287.926
287.926
287.926
287.926
287.926
287.926
287.926
287.926
287.926
287.926
287.926
287.926
287.926
287.926
287.926
287.926
287.926
287.926
287.926
287.926
287.926
287.926
287.926
287.926
287.926
287.926
287.926
287.926
287.926
287.926
287.926
287.926
287.926
287.926
287.926
287.926
287.926
287.926
287.926
287.926
287.926
287.926
287.926
287.926
287.926
287.926
287.926
287.926
287.926
287.926
287.926
287.926
287.926
287.926
287.926
287.926
287.926
287.926
287.926
287.926
287.926
287.926
287.926
287.926
287.926
287.926
287.926
287.926
287.926
287.926
287.926
287.926
287.926
287.926
287.926
287.926
287.926
287.926
287.926
287.926
287.926
287.926
287.926
287.926
287.926
287.926
287.926
287.926
287.926
287.926
287.926
287.926
287.926
287.926
287.926
287.926
287.926
287.926
287.926
287.926
287.926
287.926
287.926
287.926
287.926
287.926
287.926
287.926
287.926
287.926
287.926
287.926
287.926
287.926
287.926
287.926
287.926
287.926
287.926
287.926
287.926
287.926
287.926
287.926
287.926
287.926
287.926
287.926
287.926
287.926
287.926
287.926
287.926
287.926
287.926
287.926
287.926
287.926
287.926
287.926
287.926
287.926
287.926
287.926
287.926
287.926
287.926
287.926
287.926
287.926
287.926
287.926
287.926
287.926
287.926
287.926
287.926
287.926
287.926
287.926
287.926
287.926
287.926
287.926
287.926
287.926
287.926
287.926
287.926
287.926
287.926
287.926
287.926
287.926
287.926
287.926
287.926
287.926
287.926
287.926
287.926
287.926
287.926
287.926
287.926
287.926
287.926
287.926
287.926
287.926
287.926
287.926
287.926
287.926
287.926
287.926
287.926
287.926
287.926
287.926
287.926
287.926
287.926
287.926
287.926
287.926
287.926
287.926
287.926
287.926
287.926
287.926
287.926
287.926
287.926
287.926
287.926
287.926
287.926
287.926
287.926
287.926
287.926
287.926
287.926
287.926
287.926
287.926
287.926
287.926
287.926
287.926
287.926
287.926
287.926
287.926
287.926
287.926
287.926
287.926
287.926
287.926
287.926
287.926
287.926
287.926
287.926
287.926
287.926
287.926
287.926
287.926
287.926
287.926
287.926
287.926
287.926
287.926
287.926
287.926
287.926
287.926
287.926
287.926
287.926
287.926
287.926
287.926
287.926
287.926
287.926
287.926
287.926
287.926
287.926
287.926
287.926
287.926
287.926
287.926
287.926
287.926
287.926
287.926
287.926
287.926
287.926
287.926
287.926
287.926
287.926
287.926
287.926
287.926
287.926
287.926
287.926
287.926
287.926
287.926
287.926
287.926
287.926
287.926
287.926
287.926
287.926
287.926
287.926
287.926
287.926
287.926
287.926
287.926
287.926
287.926
287.926
287.926
287.926
287.926
287.926
287.926
287.926
287.926
287.926
287.926
287.926
287.926
287.926
287.926
287.926
287.926
287.926
287.926
287.926
287.926
287.926
287.926
287.926
287.926
287.926
287.926
287.926
287.926
287.926
287.926
287.926
287.926
287.926
287.926
287.926
287.926
287.926
287.926
287.926
287.926
287.926
287.926
287.926
287.926
287.926
287.926
287.926
287.926
287.926
287.926
287.926
287.926
287.926
287.926
287.926
287.926
287.926
287.926
287.926
287.926
287.926
287.926
287.926
287.926
287.926
287.926
287.926
287.926
287.926
287.926
287.926
287.926
287.926
287.926
287.926
287.926
287.926
287.926
287.926
287.926
287.926
287.926
287.926
287.926
287.926
287.926
287.926
287.926
287.926
287.926
287.926
287.926
287.926
287.926
287.926
287.926
287.926
287.926
287.926
287.926
287.926
287.926
287.926
287.926
287.926
287.926
287.926
287.926
287.926
287.926
287.926
287.926
287.926
287.926
287.926
287.926
287.926
287.926
287.926
287.926
287.926
287.926
287.926
287.926
287.926
287.926
287.926
287.926
287.926
287.926
287.926
287.926
287.926
287.926
287.926
287.926
287.926
287.926
287.926
287.926
287.926
287.926
287.926
287.926
287.926
287.926
287.926
287.926
287.926
287.926
287.926
287.926
287.926
287.926
287.926
287.926
287.926
287.926
287.926
287.926
287.926
287.926
287.926
287.926
287.926
287.926
287.926
287.926
287.926
287.926
287.926
287.926
287.926
287.926
287.926
287.926
287.926
287.926
287.926
287.926
287.926
287.926
287.926
287.926
287.926
287.926
287.926
287.926
287.926
287.926
287.926
287.926
287.926
287.926
287.926
287.926
287.926
287.926
287.926
287.926
287.926
287.926
287.926
287.926
287.926
287.926
287.926
287.926
287.926
287.926
287.926
287.926
287.926
287.926
287.926
287.926
287.926
287.926
287.926
287.926
287.926
287.926
287.926
287.926
287.926
287.926
287.926
287.926
287.926
287.926
287.926
287.926
287.926
287.926
287.926
287.926
287.926
287.926
287.926
287.926
287.926
287.926
287.926
287.926
287.926
287.926
287.926
287.926
287.926
287.926
287.926
287.926
287.926
287.926
287.926
287.926
287.926
287.926
287.926
287.926
287.926
287.926
287.926
287.926
287.926
287.926
287.926
287.926
287.926
287.926
287.926
287.926
287.926
287.926
287.926
287.926
287.926
287.926
287.926
287.926
287.926
287.926
287.926
287.926
287.926
287.926
287.926
287.926
287.926
287.926
287.926
287.926
287.935
287.926
287.926
287.926
287.926
287.926
287.926
287.926
287.926
287.926
287.926
287.926
287.926
287.926
287.926
287.926
287.926
287.926
287.926
287.926
287.926
287.926
287.926
287.926
287.926
287.926
287.926
287.926
287.926
287.926
287.926
287.926
287.926
287.926
287.926
287.926
287.926
287.926
287.926
287.926
287.926
287.926
287.926
287.926
287.926
287.926
287.926
287.926
287.926
287.926
287.926
287.926
287.926
287.926
287.926
287.926
287.926
287.926
287.926
287.926
287.926
287.926
287.926
287.926
287.926
287.926
304.334
287.926
287.926
287.926
287.926
287.926
287.926
287.926
287.926
287.926
287.926
287.926
287.926
287.926
287.926
287.926
287.926
287.926
287.926
287.926
287.926
287.926
287.926
287.926
287.926
287.926
287.926
287.926
287.926
287.926
287.926
287.926
287.926
287.926
287.926
287.926
287.926
287.926
287.926
287.926
287.926
287.926
287.926
287.926
287.926
287.926
287.926
287.926
287.926
287.926
287.926
287.926
287.926
287.926
287.926
287.926
287.926
287.926
287.926
287.926
287.926
287.926
287.926
287.926
287.926
287.926
287.926
287.926
287.926
287.926
287.926
287.926
287.926
287.926
287.926
287.926
287.926
287.926
287.926
287.932
287.926
287.926
287.926
287.926
287.926
287.926
287.926
287.926
287.926
287.933
287.926
287.926
287.926
287.926
287.926
287.926
287.926
287.926
287.926
354.257
1926.83
494.825
288.658
288.079
287.927
287.926
363.835
292.486
308.37
287.926
287.926
287.926
287.926
287.926
287.926
287.926
287.926
287.926
287.926
287.926
287.926
287.926
287.926
287.926
287.926
287.926
287.926
287.926
287.926
288.001
287.926
287.933
287.926
287.926
1078.4
289.174
288.018
287.926
287.926
287.926
287.926
287.926
287.926
287.926
287.926
287.926
287.926
287.926
287.926
287.926
287.926
287.926
287.926
287.926
287.926
287.926
287.926
287.926
287.926
287.926
287.926
287.926
287.926
287.926
287.926
287.926
287.926
287.926
287.926
287.926
287.926
287.926
287.926
287.926
287.926
287.926
287.926
287.926
287.926
287.926
287.926
287.926
287.926
287.926
287.926
287.926
287.926
287.926
287.926
287.926
287.926
287.926
287.926
287.926
287.926
287.926
287.926
287.926
287.926
287.926
287.926
287.926
287.926
287.926
287.926
287.926
287.926
287.926
287.926
287.926
287.926
287.926
287.926
287.926
287.926
287.926
287.926
287.926
287.926
287.926
287.926
287.926
287.926
287.926
287.926
287.926
287.926
287.926
287.926
287.926
287.926
287.926
287.926
287.926
287.926
287.926
287.926
287.926
287.926
287.926
287.926
287.926
287.926
287.926
287.926
287.926
287.926
287.926
287.926
287.926
287.926
287.926
287.926
287.926
287.926
287.926
287.926
287.926
287.926
287.926
287.926
287.926
287.926
287.926
287.926
287.926
287.926
287.926
287.926
287.926
287.926
287.926
287.926
287.926
287.926
287.926
287.926
287.926
287.926
287.926
287.926
287.926
287.926
287.926
287.926
287.926
287.926
287.926
287.926
287.926
287.926
287.926
287.926
287.926
287.926
287.926
287.926
287.926
287.926
287.926
287.926
287.926
287.926
287.926
287.926
287.926
287.926
287.926
287.926
287.926
287.926
287.926
287.926
287.926
287.926
287.926
287.926
287.926
287.926
287.926
287.926
287.926
287.926
287.926
287.926
287.926
287.926
287.926
287.926
287.926
287.926
287.926
287.926
287.926
287.926
287.926
287.926
287.926
287.926
287.926
287.926
287.926
287.926
287.926
287.926
287.926
287.926
287.926
287.926
287.926
287.926
287.926
287.926
287.926
287.926
287.926
287.926
287.926
287.926
287.926
287.926
287.926
287.926
287.926
287.926
287.926
287.926
287.926
287.926
287.926
287.926
287.926
287.926
287.926
287.926
287.926
287.926
287.926
287.926
287.926
287.926
287.926
287.926
287.926
287.926
287.926
287.926
287.926
287.926
287.926
287.926
287.926
287.926
287.926
287.926
287.926
287.926
287.926
287.926
287.926
287.926
287.926
287.926
287.926
287.926
287.926
287.926
287.926
287.926
287.926
287.926
287.926
287.926
287.926
287.926
287.926
287.926
287.926
287.926
287.926
287.926
287.926
287.926
287.926
287.926
287.926
287.926
287.926
287.926
287.926
287.926
287.926
287.926
287.926
287.926
287.926
287.926
287.926
287.926
287.926
287.926
287.926
287.926
287.926
287.926
287.926
287.926
287.926
287.926
287.926
287.926
287.926
287.926
287.926
287.926
287.926
287.926
287.926
287.926
287.926
287.926
287.926
287.926
287.926
287.926
287.926
287.926
287.926
287.926
287.926
287.926
287.926
287.926
287.926
287.926
287.926
287.926
287.926
287.926
287.926
287.926
287.926
287.926
287.926
287.926
287.926
287.926
287.926
287.926
287.926
287.926
287.926
287.926
287.926
287.926
287.926
287.926
287.926
287.926
287.926
287.926
287.926
287.926
287.926
287.926
287.926
287.926
287.926
287.926
287.926
287.926
287.926
287.926
287.926
287.926
287.926
287.926
287.926
287.926
287.926
287.926
287.926
287.926
287.926
287.926
287.926
287.926
287.926
287.926
287.926
287.926
287.926
287.926
287.926
287.926
287.926
287.926
287.926
287.926
287.926
287.926
287.926
287.926
287.926
287.926
287.926
287.926
287.926
287.926
287.926
287.926
287.926
287.926
287.926
287.926
287.926
287.926
287.926
287.926
287.926
287.926
287.926
287.926
287.926
287.926
287.926
287.926
287.926
287.926
287.926
287.926
287.926
287.926
287.926
287.926
287.926
287.926
287.926
287.926
287.926
287.926
287.926
287.926
287.926
287.926
287.926
287.926
287.926
287.926
287.926
287.926
287.926
287.926
287.926
287.926
287.926
287.926
287.926
287.926
287.926
287.926
287.926
287.926
287.926
287.926
287.926
287.926
287.926
287.926
287.926
287.926
287.926
287.926
287.926
287.926
287.926
287.926
287.926
287.926
287.926
287.926
287.926
287.926
287.926
287.926
287.926
287.926
287.926
287.926
287.926
287.926
287.926
287.926
287.926
287.926
287.926
287.926
287.926
287.926
287.926
287.926
287.926
287.926
287.926
287.926
287.926
287.926
287.926
287.926
287.926
287.926
287.926
287.926
287.926
287.926
287.926
287.926
287.926
287.926
287.926
287.926
287.926
287.926
287.926
287.926
287.926
287.926
287.926
287.926
287.926
287.926
287.926
287.926
287.926
287.926
287.926
287.926
287.926
287.926
287.926
287.926
287.926
287.926
287.926
287.926
287.926
287.926
287.926
287.926
287.926
287.926
287.926
287.926
287.926
287.926
287.926
287.926
287.926
287.926
287.926
287.926
287.926
287.926
287.926
287.926
287.926
287.926
287.926
287.926
287.926
287.926
287.926
287.926
287.926
287.926
287.926
287.926
287.926
287.926
287.926
287.926
287.926
287.926
287.926
287.926
287.926
287.926
287.926
287.926
287.926
287.926
287.926
287.926
287.926
287.926
287.926
287.926
287.926
287.926
287.926
287.926
287.926
287.926
287.926
287.926
287.926
287.926
287.926
287.926
287.926
287.926
287.926
287.926
287.926
287.926
287.926
287.926
287.926
287.926
287.926
287.926
287.926
287.926
287.926
287.926
287.926
287.926
287.926
287.926
287.926
287.926
287.926
287.926
287.926
287.926
287.926
287.926
287.926
287.926
287.926
287.926
287.926
287.926
287.926
287.926
287.926
287.926
287.926
287.926
287.926
287.926
287.926
287.926
287.926
287.926
287.926
287.926
287.926
287.926
287.926
287.926
287.926
287.926
287.926
287.926
287.926
287.926
287.926
287.926
287.926
287.926
287.926
287.926
287.926
287.926
287.926
287.926
287.926
287.926
287.926
287.926
287.926
287.926
287.926
287.926
287.926
287.926
287.926
287.926
287.926
287.926
287.926
287.926
287.926
287.926
287.926
287.926
287.926
287.926
287.926
287.926
287.926
287.926
287.926
287.926
287.926
287.926
287.926
287.926
287.926
287.926
287.926
287.926
287.926
287.926
287.926
287.926
287.926
287.926
287.926
287.926
287.926
287.926
287.926
287.926
287.926
287.926
287.926
287.926
287.926
287.926
287.926
287.926
287.926
287.926
287.926
287.926
287.926
287.926
287.926
287.926
287.926
287.926
287.926
287.926
287.926
287.926
287.926
287.926
287.926
287.926
287.926
287.926
287.926
287.926
287.926
287.926
287.926
287.926
287.926
287.926
287.926
287.926
287.926
287.926
287.926
287.926
287.926
287.926
287.926
287.926
287.926
287.926
287.926
287.926
287.926
287.926
287.926
287.926
287.926
287.926
287.926
287.926
287.926
287.926
287.926
287.926
287.926
287.926
287.926
287.926
287.926
287.926
287.926
287.926
287.926
287.926
287.926
287.926
352.025
287.926
287.926
287.929
287.926
287.926
287.926
287.926
287.926
287.926
287.926
287.926
287.926
287.926
287.926
287.926
287.926
287.926
287.926
287.926
287.926
287.926
287.926
287.926
287.926
287.926
287.926
287.926
287.926
287.926
287.926
287.926
287.926
287.926
287.926
287.926
287.926
287.926
287.926
287.926
287.926
287.926
287.926
287.926
287.926
287.926
287.926
287.926
287.926
287.926
287.926
287.926
287.926
287.926
287.926
287.926
287.926
287.926
287.926
287.926
287.926
287.926
287.926
287.926
287.926
287.926
287.926
287.926
287.926
287.926
287.928
287.926
287.926
287.926
287.926
287.926
287.926
287.926
287.926
287.926
287.926
287.926
287.926
287.926
287.926
287.926
287.926
287.926
287.926
287.926
287.926
287.926
287.926
287.926
287.926
287.926
287.926
287.926
287.926
287.926
287.926
287.926
287.926
287.926
287.926
287.926
287.926
287.926
287.926
287.926
287.926
287.926
287.926
287.926
287.926
287.926
287.926
287.926
287.926
287.926
287.926
287.926
287.926
287.926
287.926
287.926
287.926
287.926
287.926
287.926
287.926
287.926
287.926
287.926
287.926
287.926
287.926
287.926
287.926
287.926
287.926
287.926
287.926
287.926
287.926
287.926
287.926
287.926
287.926
287.926
287.926
287.926
287.926
287.926
287.926
287.926
287.926
287.926
287.926
287.926
287.926
287.926
287.926
287.926
287.926
287.926
287.926
287.926
287.926
287.926
287.926
287.926
287.926
287.926
287.926
287.926
287.926
287.926
287.926
287.926
287.926
287.926
287.926
287.926
287.926
287.926
287.926
287.926
287.926
287.926
287.926
287.926
287.926
287.926
287.926
287.926
287.926
287.926
287.926
287.926
287.926
287.926
287.926
287.926
287.926
287.926
287.926
287.926
287.926
287.926
287.926
287.926
287.926
287.926
287.926
287.926
287.926
287.926
287.926
287.926
287.926
287.926
287.926
287.926
287.926
287.926
287.926
287.926
287.926
287.926
287.926
287.926
287.926
287.926
287.926
287.926
287.926
287.926
287.926
287.926
287.926
287.926
287.926
287.926
287.926
287.926
287.926
287.926
287.926
287.926
287.926
287.926
287.926
287.926
287.926
287.926
287.926
287.926
287.926
287.926
287.926
287.926
287.926
287.926
287.926
287.926
287.926
287.926
287.926
287.926
287.926
287.926
287.926
287.926
287.926
287.926
287.926
287.926
287.926
287.926
287.926
287.926
287.926
287.926
287.926
287.926
287.926
287.926
287.926
287.926
287.926
287.926
287.926
287.926
287.926
287.926
287.926
287.926
287.926
287.926
287.926
287.926
287.926
287.926
287.926
287.926
287.926
287.926
287.926
287.926
287.926
287.926
287.926
287.926
287.926
287.926
287.926
287.926
287.926
287.926
287.926
287.926
287.926
287.926
287.926
287.926
287.926
287.926
287.926
287.926
287.926
287.926
287.926
287.926
287.926
287.926
287.926
287.926
287.926
287.926
287.926
287.926
287.926
287.926
287.926
287.926
287.926
287.926
287.926
287.926
287.926
287.926
287.926
287.926
287.926
287.926
287.926
287.926
287.926
287.926
287.926
287.926
287.926
287.926
287.926
287.926
287.926
287.926
287.926
287.926
287.926
287.926
287.926
287.926
287.926
287.926
287.926
287.926
287.926
287.926
287.926
287.926
287.926
287.926
287.926
287.926
287.926
287.926
287.926
287.926
287.926
287.926
287.926
287.926
287.926
287.926
287.926
287.926
287.926
287.926
287.926
287.926
287.926
287.926
287.926
287.926
287.926
287.926
287.926
287.926
287.926
287.926
287.926
287.926
287.926
287.926
287.926
287.926
287.926
287.926
287.926
287.926
287.926
287.926
287.926
287.926
287.926
287.926
287.926
287.926
287.926
287.926
287.926
287.926
287.926
287.926
287.926
287.926
287.926
287.926
287.926
287.926
287.926
287.926
287.926
287.926
287.926
287.926
287.926
287.926
287.926
287.926
287.926
287.926
287.926
287.926
287.926
287.926
287.926
287.926
287.926
287.926
287.926
287.926
287.926
287.926
287.926
287.926
287.926
287.926
287.926
287.926
287.926
287.926
287.926
287.926
287.926
287.926
287.926
287.926
287.926
287.926
287.926
287.926
287.926
287.926
287.926
287.926
287.926
287.926
287.926
287.926
287.926
287.926
287.926
287.926
287.926
287.926
287.926
287.926
287.926
287.926
287.926
287.926
287.926
287.926
287.926
287.926
287.926
287.926
287.926
287.926
287.926
287.926
287.926
287.926
287.926
287.926
287.926
287.926
287.926
287.926
287.926
287.926
287.926
287.926
287.926
287.926
287.926
287.926
287.926
287.926
287.926
287.926
287.926
287.926
287.926
287.926
287.926
287.926
287.926
287.926
287.926
287.926
287.926
287.926
287.926
287.926
287.926
287.926
287.926
287.926
287.926
287.926
287.926
287.926
287.926
287.926
287.926
287.926
287.926
287.926
287.926
287.926
287.926
287.926
287.926
287.926
287.926
287.926
287.926
287.926
287.926
287.926
287.926
287.926
287.926
287.926
287.926
287.926
287.926
287.926
287.926
287.926
287.926
287.926
287.926
287.926
287.926
287.926
287.926
287.926
287.926
287.926
287.926
287.926
287.926
287.926
287.926
287.926
287.926
287.926
287.926
287.926
287.926
287.926
287.926
287.926
287.926
287.926
287.926
287.926
287.926
287.926
287.926
287.926
287.926
287.926
287.926
287.926
287.926
287.926
287.926
287.926
287.926
287.926
287.926
287.926
287.926
287.926
287.926
287.926
287.926
287.926
287.926
287.926
287.926
287.926
287.926
287.926
287.926
287.926
287.926
287.926
287.926
287.926
287.926
287.926
287.926
287.926
287.926
287.926
287.926
287.926
287.926
287.926
287.926
287.926
287.926
287.926
287.926
287.926
287.926
287.926
287.926
287.926
287.926
287.926
287.926
287.926
287.926
287.926
287.926
287.926
287.926
287.926
287.926
287.926
287.926
287.926
287.926
287.926
287.926
287.926
287.926
287.926
287.926
287.926
287.926
287.926
287.926
287.926
287.926
287.926
287.926
287.926
287.926
287.926
287.926
287.926
287.926
287.926
287.926
287.926
287.926
287.926
287.926
287.926
287.926
287.926
287.926
287.926
287.926
287.926
287.926
287.926
287.926
287.926
287.926
287.926
287.926
287.926
287.926
287.926
287.926
287.926
287.926
287.926
287.926
287.926
287.926
287.926
287.926
287.926
287.926
287.926
287.926
287.926
287.926
287.926
287.926
287.926
287.926
287.926
287.926
287.926
287.926
287.926
287.926
287.926
287.926
287.926
287.926
287.926
287.926
287.926
287.926
287.926
287.926
287.926
287.926
287.926
287.926
287.926
287.926
287.926
287.926
287.926
287.926
907.54
915.333
287.999
288.579
287.926
287.977
287.926
287.926
287.926
287.926
287.926
287.926
287.926
287.926
287.926
287.926
287.926
287.926
287.926
287.926
287.926
287.926
287.926
287.926
287.926
287.926
287.926
287.926
287.926
287.926
287.926
287.926
287.926
287.926
287.926
287.926
287.926
287.926
287.926
287.926
287.926
287.926
287.926
287.926
287.926
287.926
287.926
287.926
287.926
287.926
287.926
287.926
287.926
287.926
287.926
287.926
287.926
291.618
1898.77
1706.24
1460.36
2011.21
292.426
1104.39
288.25
1292.38
1230.84
1303.08
288.935
1187.41
288.256
287.926
287.926
287.926
287.926
287.926
287.926
287.926
287.926
287.926
287.926
287.926
287.926
287.926
287.926
287.926
287.926
287.926
287.926
287.926
287.926
287.927
1418.88
287.926
287.926
287.926
287.926
287.926
287.926
287.926
289.769
1912.18
1701.65
324.413
287.96
2098.75
1006.74
288.109
1244.15
1182.81
287.93
287.939
776.86
584.795
287.926
287.926
1075.59
297.971
288.12
331.478
287.941
288.019
287.926
326.754
1929.94
488.801
288.638
287.927
300.837
287.926
291.795
304.748
362.541
287.926
287.926
287.926
1000.95
293.226
287.926
287.927
424.829
287.997
1442.68
1457.75
1710.56
1593.97
1078.67
1116.33
1567.39
1722.9
1461.97
1715.83
1599.13
1105.13
1591.61
1120.89
1256.05
1309.68
1269.96
834.292
855.315
889.46
802.559
1311.2
1261.93
1270.67
834.307
869.695
811.577
890.585
1999.54
2000.6
1898.67
1977.7
2128.86
1963.63
2138.97
1913.96
2003.68
1904.37
1981.83
2139.57
1979.64
2140.45
1187.44
1203.44
1244.86
780.294
653.116
682.27
751.761
1233.78
1202.53
1244.72
779.628
655.283
756.44
681.581
1406.32
1336.72
1688.5
984.627
1502.66
1386.81
831.805
2011.95
2041.33
1937.79
2111.78
1934.25
1876.8
2082.92
1210.71
1153.21
1117.81
761.108
711.943
569.593
614.501
287.935
287.926
287.926
287.935
287.926
287.926
287.937
288.373
287.928
287.926
293.695
287.93
2075.76
705.452
287.926
287.926
287.945
287.926
287.927
483.267
357.13
1132.11
1018.96
1084.9
570.884
663.272
525.473
448.673
287.928
287.926
287.926
287.926
287.926
287.934
287.926
289.537
1498.76
310.598
287.971
287.926
287.926
287.926
294.525
288.029
290.758
287.926
287.926
287.926
287.926
287.926
287.933
306.788
287.927
422.032
287.926
287.93
287.926
287.926
287.993
301.611
287.989
287.926
287.926
288.006
293.311
287.926
287.926
287.926
287.927
287.926
287.928
287.926
287.926
287.926
287.929
287.926
287.937
287.926
287.929
287.926
287.926
287.936
287.926
287.926
287.935
287.926
287.926
287.926
287.936
287.926
287.926
287.927
287.926
287.933
287.926
287.931
306.798
401.062
288.088
287.926
287.926
288.733
287.929
287.926
287.926
287.926
287.926
287.927
287.932
287.927
287.926
287.926
287.926
287.928
287.926
287.926
287.934
287.926
287.926
288.015
290.98
287.965
287.926
287.926
287.926
287.926
287.951
287.926
290.045
287.926
287.926
298.442
287.952
288.465
287.926
288.126
287.926
287.932
287.928
287.926
2078.21
1954.57
1961.46
1766.26
1896.17
1561.26
2025.5
1212.74
1543.22
1646.72
1201.63
404.949
929.772
623.552
1003.2
726.384
957.806
412.309
325.904
447.702
316.465
1099.12
821.694
855.427
487.721
516.486
341.979
330.852
489.401
821.192
1073.05
1096.97
853.898
516.068
341.93
287.926
287.926
287.926
287.927
287.926
287.926
287.926
287.926
287.926
287.926
287.926
287.926
287.926
287.926
1622.14
1907.96
1601.09
732.282
1139.88
767.301
1101.27
287.926
287.926
336.701
287.926
287.926
329.975
287.988
1621.67
698.222
1903.98
1142.45
763.239
1579.13
1931.71
287.93
287.926
287.926
287.926
287.926
306.712
287.934
735.515
1909.96
1603.83
1624.86
1142.79
770.676
1928.64
835.054
678.7
917.698
382.661
298.962
308.958
340.255
1902.37
1619.02
1576.61
1139.69
759.979
695.299
1075.87
862.308
727.962
575.83
419.71
344.587
311.957
297.292
288.044
287.926
288.903
287.926
287.926
287.926
287.926
289.955
287.926
287.926
287.926
287.926
287.926
287.926
1029.8
338.18
453.772
292.984
355.732
491.436
975.67
478.348
349.844
1014.41
1038.03
293.221
359.326
497.265
287.926
287.926
287.927
287.926
287.926
287.926
288.044
287.926
287.926
287.926
287.926
287.949
287.933
287.926
346.609
343.672
332.162
289.562
289.156
288.871
289.156
1284.01
1820.18
1468.15
561.391
674.245
413.641
913.096
1377.3
1848.16
1526.69
628.714
769.02
477.245
980.558
287.978
287.926
287.926
287.926
287.926
287.926
287.926
476.415
1034.48
1011.15
348.87
293.127
358.122
292.36
353.023
344.086
335.157
288.933
289.597
289.304
289.165
327.278
304.995
320.887
288.605
288.331
288.761
288.256
287.948
287.926
287.926
287.926
287.926
287.952
287.932
343.901
288.877
347.42
289.582
289.161
363.305
332.439
287.926
309.966
287.957
288.358
287.926
287.926
287.926
563.691
1821.6
1470.54
1286.39
676.323
414.916
1667.1
335.238
289.313
353.412
344.198
289.613
289.168
364.443
451.267
1026.24
972.282
292.884
354.592
337.357
291.541
308.433
327.29
319.778
288.333
288.763
288.586
288.253
1867.76
1946.13
1621.06
1626.16
1218.56
729.058
1149.91
287.926
287.926
287.926
287.927
287.926
287.926
287.926
287.926
287.927
287.926
287.926
287.926
287.926
287.926
287.933
287.926
287.926
287.926
287.926
287.926
287.926
314.253
385.921
851.726
661.492
288.587
297.912
327.461
654.337
309.537
402.766
290.867
303.772
290.21
288.308
288.185
287.929
687.107
287.927
287.926
287.926
287.926
328.911
301.091
317.018
288.521
288.284
288.746
288.181
287.926
288.226
287.927
287.926
287.928
287.926
287.926
421.324
771.705
927.439
326.796
289.082
305.463
290.631
287.926
287.939
287.929
287.926
287.926
287.926
287.926
288.44
320.841
313.034
298.114
288.171
288.122
301.083
287.926
287.926
287.929
287.926
287.988
287.926
287.926
287.926
287.926
287.933
287.926
288.249
287.926
287.926
327.196
288.585
304.607
288.33
288.761
308.278
319.73
304.966
288.604
320.845
327.177
288.328
288.758
308.248
658.656
384.234
848.609
313.851
288.574
289.732
297.767
297.993
320.293
312.799
288.435
288.166
288.567
288.119
1327.45
390.041
964.513
306.409
569.713
330.869
289.712
1139.56
1174.68
815.573
521.99
356.649
304.806
352.43
643.172
307.694
610.59
303.763
303.257
288.313
288.412
644.382
307.777
607.489
303.408
302.728
288.301
288.413
288.052
287.926
287.926
287.926
287.926
287.926
287.926
296.956
298.459
308.018
288.327
288.008
288.097
288.122
287.926
287.926
287.926
287.927
517.819
287.926
287.985
287.944
287.926
287.926
287.926
287.926
287.927
287.926
288.094
287.926
287.926
287.926
287.926
287.928
287.926
287.962
287.926
287.926
287.927
287.926
287.926
287.926
1014.93
1057.75
663.918
440.27
326.118
296.194
324.026
1017.52
441.565
296.3
1060.12
326.558
666.572
1420.62
288.293
297.768
306.286
295.406
287.996
288.067
291.783
451.511
300.876
482.866
292.973
288.113
291.783
288.171
298.283
291.869
453.349
300.887
482.255
292.964
288.172
295.372
297.835
306.265
288.293
287.996
288.11
288.067
450.483
311.224
305.777
293.119
291.963
288.263
288.351
415.667
294.391
301.051
289.276
290.823
288.173
288.042
532.398
291.641
291.525
297.124
297.073
288.147
288.013
519.395
290.859
290.822
296.291
296.095
288.123
287.995
287.928
287.926
287.926
287.926
287.926
287.926
287.926
287.926
287.926
287.926
287.926
287.926
287.926
287.926
288.951
293.254
288.734
288.044
288.02
287.945
287.941
289.269
302.301
289.067
288.201
288.165
287.945
287.949
287.926
287.926
287.926
287.926
287.926
287.926
287.926
287.926
287.926
287.926
287.926
287.926
287.927
287.926
293.143
288.043
294.487
288.944
287.941
287.945
288.721
288.679
287.926
287.926
287.926
287.926
287.926
287.926
525.644
1572.92
1148.58
351.265
307.248
291.68
549.65
450.895
288.102
288.421
290.085
290.54
325.722
299.257
288.734
288.02
293.246
288.043
294.481
288.942
287.945
386.402
289.716
325.787
288.023
289.918
288.617
287.959
559.248
372.698
293.298
288.288
293.518
289.108
288.007
289.003
304.21
289.258
288.199
288.153
287.944
287.948
293.216
294.56
288.957
288.044
288.02
287.941
287.945
287.926
287.926
287.926
287.926
287.926
287.926
287.926
287.926
287.926
287.926
287.926
287.926
287.926
287.926
287.926
287.926
287.926
287.926
287.935
287.926
287.926
287.926
287.935
287.928
287.926
287.926
287.926
287.926
749.953
312.814
465.969
290.623
289.196
288.225
299.652
287.932
287.926
287.96
287.926
287.926
287.926
287.926
287.926
287.926
287.926
287.926
287.926
287.926
287.926
287.926
287.926
287.926
287.926
287.926
287.926
287.926
300.172
344.452
288.542
288.107
288.079
302.327
336.085
287.926
287.926
287.926
287.989
287.926
287.926
287.926
287.926
287.927
287.926
287.926
287.926
287.926
287.926
290.773
287.945
288.978
287.934
288.36
288.086
287.929
289.933
287.945
287.934
288.126
287.964
288.33
288.927
290.722
287.992
287.937
288.62
287.978
291.693
288.474
343.245
288.1
301.787
298.143
288.447
288.052
329.557
289.084
615.573
378.297
298.584
288.498
288.048
337.56
292.295
289.382
288.891
288.042
288.006
287.945
287.952
289.258
288.559
288.226
287.951
287.979
287.938
287.932
292.238
288.214
296.869
288.575
288.069
287.937
287.931
298.023
288.291
288.672
288.01
288.089
287.938
287.932
288.388
288.114
289.153
287.948
287.98
287.934
287.929
299.058
325.188
449.078
288.098
290.501
288.414
287.959
332.282
297.646
288.976
288.123
288.145
287.951
287.931
287.926
287.926
287.926
287.926
287.926
287.926
287.926
287.927
287.926
287.926
287.926
287.926
287.926
287.926
295.392
300.868
288.296
287.964
288.017
290.99
317.761
287.926
287.926
287.926
287.926
287.926
287.926
287.926
293.045
296.066
287.948
288.187
287.988
289.707
309.768
288.988
288.366
290.81
287.945
287.977
287.934
287.929
377.22
336.982
613.119
289.068
288.491
288.046
293.622
290.677
288.605
291.61
287.991
287.978
287.937
287.939
288.326
289.916
288.927
287.945
287.964
287.934
287.93
300.349
345.126
302.534
288.11
288.551
288.081
288.668
298.275
343.869
301.979
288.103
288.452
288.054
288.647
290.467
289.471
288.261
288.124
287.97
287.954
287.929
293.773
288.618
319.814
288.656
288.056
287.943
287.929
287.926
287.926
287.926
287.926
287.926
287.926
287.926
312.879
292.579
294.153
288.004
288.163
287.984
288.239
308.875
294.154
293.194
288.005
288.188
287.993
288.231
293.578
291.117
289.273
288.087
287.967
287.944
287.994
287.926
287.926
287.926
287.926
287.926
287.926
287.926
287.926
287.926
287.926
287.926
287.933
287.926
287.928
287.926
287.926
287.926
287.926
287.926
287.926
287.926
287.926
287.926
287.926
287.926
287.926
287.926
287.926
287.926
287.926
287.926
287.926
287.926
287.926
287.926
288.354
289.508
297.702
288.095
287.927
287.954
287.934
302.184
296.487
492.825
291.264
287.933
288.1
288.052
288.476
288.057
287.958
287.959
287.935
287.928
287.926
289.375
288.017
288.282
287.946
287.932
287.927
287.926
293.108
296.146
289.729
288.19
287.989
287.948
288.02
423.912
301.773
290.852
298.293
290.09
287.968
288.122
287.926
287.926
287.926
287.926
287.926
287.926
287.926
287.926
287.926
287.926
287.926
287.926
287.926
287.926
287.926
287.926
287.927
287.926
287.926
287.926
287.926
287.926
287.926
287.934
287.926
287.926
287.926
287.926
287.926
287.926
287.926
287.926
287.926
287.926
287.926
287.926
287.926
287.926
287.926
287.926
287.926
287.926
288.803
288.013
287.941
287.927
287.938
288.955
288
300.885
289.951
288.308
288.682
288.075
287.931
287.95
287.926
287.926
287.926
287.926
287.926
287.926
287.926
287.926
287.926
287.926
287.926
287.926
287.926
287.926
287.98
289.415
289.032
287.948
287.927
287.927
287.953
287.926
287.926
287.926
287.926
287.926
287.926
287.926
288.009
287.94
288.899
288.628
287.927
287.936
287.986
287.931
287.977
288.206
287.965
287.926
287.926
287.933
287.996
288.21
293.622
288.468
287.926
287.933
287.953
302.599
288.723
288.012
288.111
287.927
287.946
287.938
291.75
287.937
288.826
288.131
287.936
287.928
288.742
290.023
287.932
288.399
288.023
287.931
287.927
288.353
287.977
287.965
288.207
287.931
287.926
287.927
287.926
289.235
389.148
312.827
291.944
288.792
287.937
287.973
339.709
291.862
293.44
288.64
288.908
287.94
287.999
287.926
287.926
287.926
287.926
287.926
287.926
287.926
287.926
287.926
287.926
287.926
287.926
287.926
287.926
287.926
287.926
287.926
287.926
287.926
287.926
287.926
288.42
287.969
287.984
287.933
287.927
287.931
287.927
288.361
287.985
287.975
287.933
287.927
287.932
287.927
288.324
288.027
288.353
287.932
287.931
287.927
287.947
288.165
287.931
288.239
287.932
287.934
287.926
287.926
288.246
287.933
287.931
287.933
287.934
287.926
287.926
289.969
288.445
288.045
288.03
287.95
287.927
287.932
287.926
287.926
287.926
287.926
287.926
287.926
287.926
287.926
287.926
287.926
287.926
287.926
287.926
287.926
288.083
287.942
287.949
287.929
287.926
287.93
287.926
287.926
287.926
287.926
287.926
287.926
287.926
287.926
287.926
287.926
287.926
287.926
287.926
287.926
287.926
287.926
287.926
287.926
287.926
287.926
287.926
287.926
288.352
287.933
288.262
287.935
287.926
287.926
287.937
287.926
287.926
287.926
287.926
287.926
287.926
287.926
287.926
287.926
287.926
287.926
287.926
287.926
287.926
287.926
287.934
287.935
287.936
287.926
287.926
287.926
288.466
287.945
287.929
287.927
287.934
288.16
287.971
287.948
287.961
287.926
287.926
287.954
287.926
287.953
288.818
288.015
288.974
287.941
287.927
287.939
287.927
287.926
287.926
287.926
287.926
287.926
287.926
287.926
287.926
287.926
287.926
287.926
287.926
287.926
287.926
287.926
287.926
287.926
287.926
287.926
287.926
287.926
287.926
287.926
287.926
287.926
287.926
287.926
287.926
287.926
287.926
287.926
287.926
287.926
287.926
287.926
288.015
287.927
287.926
287.929
287.927
287.994
287.931
287.93
287.927
287.996
288.015
287.926
287.927
287.931
288.28
287.928
287.937
287.926
287.931
287.956
288.054
287.96
287.926
287.953
287.946
287.926
287.951
287.926
287.934
287.937
287.937
287.926
287.926
287.926
287.926
288.689
288.137
287.926
287.969
287.968
287.935
291.925
287.966
288.309
288.728
287.942
287.926
287.927
287.933
287.927
288.016
287.999
287.932
287.926
287.926
287.934
288.305
287.932
288.231
287.934
287.926
287.926
287.937
288.254
287.935
288.354
287.935
287.926
287.926
287.937
287.933
288.304
288.219
287.934
287.926
287.937
287.926
288.205
288.46
293.536
287.995
287.926
287.933
287.93
288.64
288.011
288.917
287.94
287.927
287.927
287.936
289.206
287.929
287.928
287.952
287.956
287.926
287.926
287.977
287.939
288.573
287.927
287.941
287.926
287.926
288.29
288.004
287.937
287.933
287.927
287.927
287.926
290.046
288.024
288.404
287.932
287.931
287.927
287.951
288.263
287.935
288.351
287.935
287.937
287.926
287.926
288.349
287.933
287.935
287.935
287.937
287.926
287.926
287.926
287.926
287.926
287.926
287.926
287.926
287.926
287.926
287.926
287.926
287.926
287.926
287.926
287.926
287.926
287.926
287.926
287.926
287.926
287.926
287.956
287.945
287.951
287.926
287.926
287.926
287.926
287.951
287.947
287.952
287.926
287.926
287.926
287.926
288.045
287.939
287.956
287.926
287.93
287.927
287.926
287.984
287.93
287.929
287.927
287.927
287.926
287.926
287.928
287.926
287.928
287.926
287.927
287.926
287.926
287.928
287.926
287.931
287.929
287.926
287.926
287.926
287.937
287.931
287.926
287.926
287.939
287.926
287.93
287.94
288.035
287.926
287.932
287.927
287.926
287.926
287.938
287.933
287.926
287.926
287.943
287.926
287.931
287.94
287.934
287.926
287.926
287.926
287.944
287.933
287.926
287.926
287.926
287.926
287.926
287.926
287.926
287.985
287.929
288.096
287.93
287.926
287.926
287.927
287.934
287.926
287.944
287.94
287.926
287.926
287.932
287.926
287.928
287.962
287.939
287.926
287.926
287.926
287.935
287.936
287.936
287.926
287.926
287.926
287.926
287.938
287.937
287.937
287.926
287.926
287.926
287.926
287.927
287.951
287.979
287.931
287.926
287.926
287.928
287.958
287.941
287.927
287.926
287.926
287.93
288.06
287.971
287.931
287.937
287.928
287.926
287.926
287.927
287.929
287.999
288.104
287.931
287.926
287.928
287.926
288.113
287.927
287.998
287.931
287.926
287.926
287.928
288.005
287.929
287.929
287.927
287.926
287.926
287.927
287.929
287.929
287.993
287.927
287.926
287.926
287.927
287.937
287.935
287.934
287.926
287.926
287.926
287.926
287.935
287.934
287.933
287.926
287.926
287.926
287.926
287.935
287.936
287.935
287.926
287.926
287.926
287.926
287.936
287.935
287.935
287.926
287.926
287.926
287.926
287.929
287.984
288.083
287.93
287.926
287.926
287.927
287.995
288.016
287.931
287.927
287.926
287.927
287.926
287.929
287.931
287.928
287.926
287.926
287.926
287.926
287.93
287.926
287.929
287.932
287.93
287.926
287.926
287.931
287.996
287.93
287.926
287.927
287.927
287.926
287.998
287.934
288.014
287.927
287.926
287.926
287.927
287.955
287.961
287.953
287.926
287.927
287.926
287.926
287.946
287.96
287.953
287.926
287.927
287.926
287.926
288.285
287.937
288.056
287.926
287.931
287.928
287.926
296.203
287.931
288.076
287.93
288.039
287.928
287.926
287.993
287.927
288.006
287.93
287.927
287.926
287.926
288.005
287.929
287.929
287.927
287.927
287.926
287.926
287.984
287.929
287.93
287.927
287.927
287.926
287.926
291.871
288.135
287.968
287.968
287.935
287.926
287.928
287.926
287.926
287.926
287.926
287.926
287.926
287.926
287.926
287.928
287.976
287.928
287.927
287.926
287.926
287.943
287.934
287.932
287.926
287.926
287.926
287.926
287.932
287.944
287.934
287.926
287.926
287.926
287.926
287.931
287.941
287.938
287.926
287.926
287.926
287.926
287.977
287.928
287.928
287.926
287.927
287.926
287.926
287.926
287.93
287.926
287.933
287.931
287.926
287.926
287.927
287.926
287.927
287.926
287.926
287.926
287.926
287.926
287.926
287.926
287.926
287.926
287.926
287.926
287.926
287.926
287.926
287.926
287.926
287.926
287.926
287.93
287.935
287.932
287.926
287.926
287.926
287.926
287.932
287.926
287.932
287.934
287.934
287.926
287.926
287.934
287.927
287.926
287.926
287.926
287.929
287.93
287.94
287.934
287.944
287.926
287.926
287.926
287.926
287.934
287.926
287.927
287.926
287.926
287.929
287.929
287.934
287.932
287.932
287.926
287.926
287.926
287.926
287.932
287.927
287.997
287.942
287.926
287.926
287.927
287.941
287.962
287.927
287.926
287.926
287.926
287.926
287.926
287.931
287.93
287.926
287.926
287.926
287.926
287.945
287.928
287.968
287.926
287.926
287.926
287.926
287.926
287.931
287.93
287.926
287.926
287.926
287.926
287.93
287.926
287.931
287.933
287.932
287.926
287.926
287.932
287.926
287.932
287.934
287.934
287.926
287.926
287.939
287.928
287.962
287.926
287.926
287.926
287.926
287.934
287.932
287.932
287.926
287.926
287.926
287.926
287.928
287.927
287.941
287.926
287.926
287.926
287.926
287.926
287.929
287.959
287.932
287.926
287.926
287.926
287.94
287.926
287.926
287.932
287.927
287.926
287.989
287.951
287.931
287.978
287.927
287.926
287.926
287.926
288.02
287.926
287.938
287.926
287.927
287.926
287.926
288.103
287.926
287.94
287.926
287.929
287.926
287.926
287.987
287.926
287.929
287.926
287.927
287.926
287.926
287.94
287.934
287.944
287.926
287.926
287.926
287.926
287.944
289.363
287.986
287.928
287.975
287.926
287.926
290.113
287.927
287.927
287.957
287.967
287.926
287.926
288.48
287.926
287.943
287.926
287.933
287.926
287.926
287.941
287.927
287.926
287.926
287.926
287.926
287.926
287.926
287.926
287.926
287.926
287.926
287.926
287.926
287.934
287.928
287.943
287.927
287.926
287.926
287.926
287.939
287.927
287.926
287.926
287.926
287.926
287.926
287.93
287.926
287.929
287.928
287.928
287.926
287.926
287.93
287.926
287.93
287.928
287.928
287.926
287.926
287.929
287.926
287.928
287.927
287.927
287.926
287.926
287.963
287.927
287.93
287.926
287.926
287.926
287.926
287.927
287.934
287.93
287.926
287.926
287.926
287.926
287.929
287.942
287.926
287.926
287.926
287.926
287.926
287.928
287.927
287.928
287.926
287.926
287.926
287.926
287.926
287.926
287.926
287.926
287.926
287.926
287.926
287.926
287.926
287.926
287.926
287.926
287.926
287.926
287.926
287.926
287.926
287.926
287.926
287.926
287.926
287.926
287.926
287.926
287.926
287.926
287.926
287.926
287.927
287.926
287.928
287.926
287.926
287.926
287.926
287.926
287.926
287.926
287.926
287.926
287.926
287.926
287.926
287.926
287.926
287.926
287.926
287.926
287.926
287.928
287.926
287.94
287.926
287.926
287.926
287.926
287.926
287.926
287.926
287.926
287.926
287.926
287.926
287.966
287.926
287.926
287.926
287.928
287.926
287.928
287.928
287.928
287.926
287.93
287.93
287.926
287.926
287.927
287.926
287.929
287.926
287.926
287.926
287.926
287.927
287.928
287.93
287.926
287.926
287.926
287.926
287.928
287.931
287.931
287.926
287.926
287.926
287.926
287.928
287.931
287.931
287.926
287.926
287.926
287.926
287.927
287.926
287.928
287.928
287.929
287.926
287.926
287.926
287.928
287.93
287.929
287.926
287.926
287.926
287.932
287.926
287.927
287.926
287.926
287.926
287.926
287.948
287.926
287.93
287.926
287.926
287.926
287.926
287.946
287.926
287.93
287.926
287.926
287.926
287.926
287.941
287.926
287.928
287.926
287.926
287.926
287.926
287.929
287.933
287.96
287.926
287.926
287.926
287.926
287.926
288.144
287.973
287.926
287.926
287.926
287.929
288.056
287.926
287.954
287.926
287.926
287.926
287.929
288.032
287.926
287.95
287.926
287.926
287.926
287.927
287.937
287.931
287.93
287.926
287.926
287.926
287.926
287.933
287.927
287.929
287.926
287.926
287.926
287.926
287.933
287.926
287.933
287.926
287.927
287.926
287.926
287.94
287.926
287.926
287.926
287.926
287.926
287.926
287.94
287.926
287.926
287.926
287.926
287.926
287.926
287.948
287.927
287.926
287.926
287.926
287.926
287.926
287.94
287.933
287.927
287.926
287.926
287.926
287.926
287.926
287.926
287.926
287.926
287.926
287.926
287.926
287.926
287.926
287.926
287.926
287.926
287.926
287.926
287.928
287.926
287.929
287.927
287.927
287.926
287.926
287.927
287.929
287.926
287.926
287.927
287.926
287.93
287.927
287.926
287.929
287.926
287.927
287.926
287.93
287.928
287.926
287.926
287.926
287.926
287.926
287.927
287.926
287.926
287.926
287.926
287.926
287.926
287.926
287.926
287.926
287.926
287.926
287.926
287.926
287.926
287.926
287.929
287.941
287.926
287.926
287.926
287.926
287.926
287.926
287.926
287.926
287.926
287.926
287.926
287.926
287.926
287.926
287.926
287.926
287.926
287.926
287.926
287.926
287.926
287.926
287.926
287.926
287.926
287.926
287.926
287.926
287.926
287.926
287.926
287.926
287.965
287.926
287.928
287.926
287.926
287.926
287.926
287.926
287.926
287.926
287.926
287.926
287.926
287.926
287.926
287.926
287.926
287.926
287.926
287.926
287.926
287.926
287.926
287.926
287.926
287.926
287.926
287.926
287.927
287.926
287.927
287.926
287.926
287.926
287.926
287.929
287.926
287.926
287.926
287.926
287.926
287.926
287.926
287.927
287.926
287.926
287.927
287.929
287.926
287.928
287.926
287.927
287.926
287.926
287.926
287.926
287.926
287.926
287.927
287.926
287.926
287.926
287.926
287.928
287.926
287.927
287.927
287.928
287.926
287.926
287.928
287.926
287.928
287.926
287.926
287.926
287.926
287.926
287.926
287.927
287.926
287.926
287.926
287.926
287.928
287.926
287.934
287.926
287.928
287.926
287.935
287.928
287.926
287.926
287.933
287.926
287.927
287.935
287.932
287.926
287.927
287.926
287.926
287.926
287.926
287.93
287.926
287.927
287.926
287.926
287.926
287.926
287.926
287.927
287.932
287.926
287.926
287.926
287.926
287.949
287.926
287.931
287.926
287.926
287.926
287.926
287.926
287.974
287.935
287.926
287.926
287.926
287.927
288.011
287.926
287.942
287.926
287.926
287.926
287.927
287.935
287.926
287.928
287.926
287.926
287.926
287.926
287.974
287.926
287.935
287.926
287.926
287.926
287.926
287.93
287.926
287.926
287.926
287.926
287.926
287.926
287.927
287.93
287.926
287.926
287.926
287.926
287.926
287.928
287.932
287.927
287.926
287.926
287.926
287.926
287.934
287.928
287.928
287.926
287.926
287.926
287.926
287.928
287.926
287.931
287.926
287.926
287.926
287.926
287.926
287.934
287.938
287.926
287.926
287.926
287.926
287.931
287.926
287.926
287.926
287.926
287.926
287.926
287.926
287.926
287.926
287.926
287.926
287.926
287.926
287.928
287.926
287.926
287.926
287.926
287.926
287.926
287.926
287.926
287.926
287.926
287.927
287.926
287.926
287.928
287.926
287.927
287.926
287.926
287.926
287.926
287.926
287.929
287.927
287.926
287.926
287.926
287.926
287.926
287.926
287.926
287.926
287.926
287.926
287.926
287.926
287.926
287.926
287.926
287.926
287.926
287.926
287.926
287.926
287.926
287.926
287.926
287.926
287.926
287.928
287.926
287.926
287.926
287.926
287.926
287.926
287.926
287.926
287.926
287.926
287.926
287.926
287.926
287.928
287.926
287.926
287.926
287.926
287.926
287.926
287.928
287.926
287.928
287.926
287.926
287.926
287.926
287.926
287.927
287.926
287.926
287.926
287.926
287.926
287.927
287.926
287.926
287.926
287.926
287.926
287.926
287.927
287.926
287.926
287.926
287.926
287.926
287.926
287.926
287.926
287.926
287.926
287.926
287.926
287.926
287.926
287.926
287.926
287.926
287.926
287.926
287.926
287.927
287.926
287.926
287.926
287.926
287.926
287.926
287.926
287.926
287.926
287.926
287.926
287.926
287.926
287.93
287.926
287.927
287.926
287.926
287.926
287.926
287.926
287.929
287.927
287.926
287.926
287.926
287.927
287.927
287.926
287.926
287.926
287.926
287.926
287.926
287.927
287.926
287.926
287.926
287.926
287.926
287.926
287.926
287.926
287.929
287.926
287.926
287.926
287.926
287.927
287.926
287.926
287.926
287.926
287.926
287.926
287.927
287.926
287.926
287.926
287.926
287.926
287.926
287.928
287.928
287.926
287.926
287.926
287.926
287.926
287.928
287.926
287.926
287.926
287.926
287.926
287.926
287.934
287.926
287.928
287.926
287.926
287.926
287.926
287.93
287.926
287.927
287.926
287.926
287.926
287.926
287.927
287.926
287.926
287.926
287.926
287.926
287.926
287.929
287.926
287.926
287.926
287.926
287.926
287.926
287.927
287.926
287.926
287.926
287.926
287.926
287.926
287.929
287.926
287.926
287.926
287.926
287.926
287.926
287.926
287.926
287.926
287.926
287.926
287.926
287.926
287.926
287.926
287.926
287.926
287.926
287.926
287.926
287.926
287.926
287.926
287.926
287.926
287.926
287.926
287.926
287.926
287.926
287.926
287.926
287.926
287.926
287.926
287.926
287.926
287.926
287.926
287.926
287.926
287.927
287.926
287.926
287.926
287.926
287.926
287.926
287.926
287.927
287.926
287.926
287.926
287.926
287.926
287.926
287.926
287.928
287.926
287.926
287.926
287.926
287.926
287.926
287.926
287.926
287.926
287.926
287.926
287.926
287.926
287.927
287.926
287.926
287.926
287.926
287.926
287.926
287.926
287.926
287.926
287.926
287.926
287.926
287.926
287.926
287.926
287.926
287.926
287.926
287.926
287.926
287.926
287.926
287.926
287.926
287.926
287.926
287.926
287.926
287.926
287.926
287.926
287.926
287.926
287.926
287.926
287.926
287.926
287.926
287.926
287.926
287.926
287.926
287.926
287.926
287.926
287.926
287.926
287.926
287.926
287.926
287.926
287.926
287.926
287.926
287.926
287.926
287.926
287.926
287.926
287.926
287.926
287.926
287.926
287.926
287.926
287.926
287.926
287.926
287.926
287.926
287.926
287.926
287.926
287.926
287.926
287.926
287.926
287.926
287.926
287.926
287.926
287.926
287.926
287.927
287.926
287.926
287.926
287.926
287.926
287.926
287.926
287.926
287.926
287.926
287.926
287.927
287.926
287.927
287.926
287.926
287.926
287.926
287.926
287.926
287.926
287.926
287.926
287.926
287.926
287.926
287.926
287.926
287.926
287.926
287.926
287.926
287.927
287.926
287.926
287.926
287.926
287.926
287.926
287.927
287.926
287.926
287.926
287.926
287.926
287.926
287.927
287.926
287.926
287.926
287.926
287.926
287.926
287.926
287.926
287.926
287.926
287.926
287.926
287.926
287.926
287.926
287.926
287.926
287.926
287.926
287.926
287.926
287.926
287.926
287.926
287.926
287.926
287.926
287.926
287.926
287.926
287.926
287.926
287.926
287.926
287.926
287.926
287.927
287.926
287.926
287.926
287.926
287.926
287.926
287.926
287.926
287.926
287.926
287.926
287.926
287.926
287.926
287.926
287.926
287.926
287.926
287.926
287.926
287.926
287.926
287.926
287.926
287.926
287.926
287.926
287.926
287.926
287.926
287.926
287.926
287.926
287.926
287.926
287.926
287.926
287.926
287.926
287.926
287.926
287.926
287.926
287.926
287.926
287.926
287.926
287.926
287.926
287.926
287.926
287.926
287.926
287.926
287.926
287.926
287.926
287.926
287.926
287.926
287.926
287.926
287.926
287.926
287.926
287.926
287.926
287.926
287.926
287.926
287.926
287.926
287.926
287.926
287.926
287.926
287.926
287.926
287.926
287.926
287.926
287.926
287.926
287.926
287.926
287.926
287.926
287.926
287.926
287.926
287.926
287.926
287.926
287.926
287.926
287.926
287.926
287.926
287.926
287.926
287.926
287.926
287.926
287.926
287.926
287.926
287.926
287.926
287.926
287.926
287.926
287.926
287.926
287.926
287.926
287.926
287.926
287.926
287.926
287.926
287.926
287.926
287.926
287.926
287.926
287.926
287.926
287.926
287.926
287.926
287.926
287.926
287.926
287.926
287.926
287.928
287.926
287.926
287.927
287.926
287.968
287.926
287.945
287.927
287.926
287.926
287.926
287.926
287.932
287.926
287.926
287.926
287.926
287.926
287.926
287.926
287.926
287.926
287.926
287.926
287.926
287.926
287.926
287.926
287.926
287.926
287.926
287.926
287.926
287.926
287.926
287.926
287.926
287.926
287.926
287.926
287.926
287.926
287.926
287.926
287.926
287.926
287.926
287.926
287.926
287.926
287.926
287.926
287.926
287.926
287.926
287.926
287.926
287.926
287.926
287.951
287.926
287.926
287.926
287.926
287.926
287.926
287.926
287.926
287.926
287.926
287.926
287.926
287.926
287.926
287.926
287.926
287.926
287.926
287.926
287.926
287.926
287.926
287.926
287.926
287.937
287.926
287.927
287.926
287.926
287.926
287.927
287.929
287.926
287.926
287.926
287.926
287.926
287.926
287.926
287.926
287.926
287.926
287.926
287.926
287.926
287.926
287.926
287.926
287.926
287.926
287.926
287.926
287.926
287.926
287.926
287.926
287.926
287.926
287.926
287.926
287.926
287.926
287.926
287.926
287.926
287.926
287.926
287.926
287.926
287.926
287.926
287.926
287.926
287.926
287.926
287.926
287.926
287.926
287.926
287.926
287.926
287.926
287.926
287.926
287.926
287.926
287.926
287.926
287.926
287.926
287.926
287.926
287.926
287.926
287.926
287.926
287.926
287.926
287.926
287.926
287.926
287.926
287.926
287.926
287.926
287.926
287.926
287.926
287.926
287.926
287.926
287.926
287.926
287.926
287.926
287.926
287.926
287.926
287.926
287.926
287.926
287.926
287.926
287.926
287.926
287.926
287.926
287.926
287.926
287.926
287.926
287.926
287.926
287.926
287.926
287.926
287.926
287.926
287.926
287.926
287.926
287.926
287.926
287.926
287.926
287.926
287.926
287.926
287.926
287.926
287.926
287.926
287.926
287.926
287.926
287.926
287.926
287.926
287.926
287.926
287.926
287.926
287.926
287.926
287.926
287.926
287.926
287.926
287.926
287.926
287.926
287.926
287.926
287.926
287.926
287.926
287.926
287.926
287.926
287.926
287.926
287.926
287.926
287.926
287.926
287.926
287.926
287.926
287.926
287.926
287.926
287.926
287.926
287.926
287.926
287.926
287.926
287.926
287.926
287.926
287.926
287.926
287.926
287.926
287.926
287.926
287.926
287.926
287.926
287.926
287.926
287.926
287.926
287.926
287.926
287.926
287.926
287.926
287.926
287.926
287.926
287.926
287.926
287.926
287.926
287.926
287.926
287.926
287.926
287.926
287.926
287.926
287.926
287.926
287.926
287.926
287.926
287.926
287.926
287.926
287.926
287.926
287.926
287.926
287.926
287.926
287.926
287.926
287.926
287.926
287.926
287.926
287.926
287.927
287.926
287.926
287.926
287.926
287.926
287.926
287.926
287.926
287.926
287.926
287.926
287.926
287.926
287.926
287.926
287.926
287.926
287.926
287.926
287.926
287.926
287.926
287.926
287.926
287.926
287.926
287.926
287.926
287.926
287.926
287.926
287.926
287.926
287.926
287.926
287.926
287.926
287.926
287.926
287.926
287.926
287.926
287.926
287.926
287.926
287.926
287.926
287.926
287.926
287.926
287.926
287.926
287.926
287.926
287.926
287.926
287.926
287.926
287.926
287.926
287.926
287.926
287.926
287.926
287.926
287.926
287.926
287.926
287.926
287.926
287.926
287.926
287.926
287.926
287.926
287.926
287.926
287.926
287.926
287.926
287.926
287.926
287.926
287.926
287.926
287.926
287.926
287.926
287.926
287.926
287.926
287.926
287.926
287.926
287.926
287.926
287.926
287.926
287.926
287.926
287.926
287.926
287.926
287.926
287.926
287.926
287.926
287.926
287.926
287.926
287.926
287.926
287.926
287.926
287.926
287.926
287.926
287.926
287.926
287.926
287.926
287.926
287.926
287.926
287.926
287.926
287.926
287.926
287.926
287.926
287.926
287.926
287.926
287.926
287.926
287.926
287.926
287.926
287.926
287.926
287.926
287.926
287.926
287.926
287.926
287.926
287.926
287.926
287.926
287.926
287.926
287.926
287.926
287.926
287.926
287.926
287.926
287.926
287.926
287.926
287.926
287.926
287.926
287.926
287.926
287.926
287.926
287.926
287.926
287.926
287.926
287.926
287.926
287.926
287.926
287.926
287.926
287.926
287.926
287.926
287.926
287.926
287.926
287.926
287.926
287.926
287.926
287.926
287.926
287.926
287.926
287.926
287.926
287.926
287.926
287.926
287.926
287.926
287.926
287.926
287.926
287.926
287.926
287.926
287.926
287.926
287.926
287.926
287.926
287.926
287.926
287.926
287.926
287.926
287.926
287.926
287.926
287.926
287.926
287.926
287.926
287.926
287.926
287.926
287.926
287.926
287.926
287.926
287.926
287.926
287.926
287.926
287.926
287.926
287.926
287.926
287.926
287.926
287.926
287.926
287.926
287.926
287.926
287.926
287.926
287.926
287.926
287.926
287.926
287.926
287.926
287.926
287.926
287.926
287.926
287.926
287.926
287.926
287.926
287.926
287.926
287.926
287.926
287.926
287.926
287.926
287.926
287.926
287.926
287.926
287.926
287.926
287.926
287.926
287.926
287.926
287.926
287.926
287.926
287.926
287.926
287.926
287.926
287.926
287.926
287.926
287.926
287.926
287.926
287.926
287.926
287.926
287.926
287.926
287.926
287.926
287.926
287.926
287.926
287.926
287.926
287.926
287.926
287.926
287.926
287.926
287.926
287.926
287.926
287.926
287.926
287.926
287.926
287.926
287.926
287.926
287.926
287.926
287.926
287.926
287.926
287.926
287.926
287.926
287.926
287.926
287.926
287.926
287.926
287.926
287.926
287.926
287.926
287.926
287.926
287.926
287.926
287.926
287.926
287.926
287.926
287.926
287.926
287.926
287.926
287.926
287.926
287.926
287.926
287.926
287.926
287.926
287.926
287.926
287.926
287.926
287.926
287.926
287.926
287.926
287.926
287.926
287.926
287.926
287.926
287.926
287.926
287.926
287.926
287.926
287.926
287.926
287.926
287.926
287.926
287.926
287.926
287.926
287.926
287.926
287.926
287.926
287.926
287.926
287.926
287.926
287.926
287.926
287.926
287.926
287.926
287.926
287.926
287.926
287.926
287.926
287.926
287.926
287.926
287.926
287.926
287.926
287.926
287.926
287.926
287.926
287.926
287.926
287.926
287.926
287.926
287.926
287.926
287.926
287.926
287.926
287.926
287.926
287.926
287.926
287.926
287.926
287.926
287.926
287.926
287.926
287.926
287.926
287.926
287.926
287.926
287.926
287.926
287.926
287.926
287.926
287.926
287.926
287.926
287.926
287.926
287.926
287.926
287.926
287.926
287.926
287.926
287.926
287.926
287.926
287.926
287.926
287.926
287.926
287.926
287.926
287.926
287.926
287.926
287.926
287.926
287.926
287.926
287.926
287.926
287.926
287.926
287.926
287.926
287.926
287.926
287.926
287.926
287.926
287.926
287.926
287.926
287.926
287.926
287.926
287.926
287.926
287.926
287.926
287.926
287.926
287.926
)
;

boundaryField
{
    ground
    {
        type            zeroGradient;
    }
    outlet
    {
        type            zeroGradient;
    }
    wall
    {
        type            zeroGradient;
    }
    wall2
    {
        type            zeroGradient;
    }
    wall3
    {
        type            zeroGradient;
    }
    internalPatch
    {
        type            internal;
    }
    procBoundary3to0
    {
        type            processor;
        value           nonuniform List<scalar> 
243
(
287.926
287.926
287.926
287.926
287.926
287.926
287.926
287.926
287.926
287.926
287.926
287.926
287.926
287.926
287.926
287.926
287.926
287.926
287.926
287.926
287.926
287.926
287.926
287.926
287.926
287.926
287.926
287.926
287.926
287.926
287.926
287.931
288.301
318.164
983.854
1850.31
2136.14
2034.19
1939.48
1733.92
1443.1
1269.34
1226.93
1192.44
1136.44
1004.42
735.303
392.862
293.805
288.116
287.931
287.926
287.926
287.926
287.926
287.926
287.926
287.926
287.926
287.926
287.926
287.926
287.926
287.926
287.926
287.926
287.926
287.926
287.926
287.926
287.926
287.926
287.926
287.926
287.926
287.926
287.926
287.926
287.926
287.926
287.926
287.926
287.926
287.926
287.926
287.926
287.926
287.926
287.926
287.926
287.926
287.926
287.926
287.926
287.926
287.926
287.926
287.926
287.926
287.926
287.926
287.926
287.926
287.927
288.019
295.508
631.857
1529.52
1968.5
1554.66
1041.45
796.61
735.624
676.901
579.974
426.9
313.533
290.094
288.033
287.93
287.926
287.926
287.926
287.926
287.926
287.926
287.926
287.926
287.926
287.926
287.926
287.926
287.926
287.926
287.926
287.926
287.926
287.926
287.926
287.926
287.926
287.926
287.926
287.926
287.926
287.926
287.926
287.926
287.926
287.926
287.926
287.926
287.926
287.926
287.926
287.926
287.926
287.926
287.926
287.926
287.926
287.926
287.926
287.934
288.474
327.369
930.367
422.452
329.069
317.068
308.049
298.488
290.996
288.391
287.965
287.928
287.926
287.926
287.926
287.926
287.926
287.926
287.926
287.926
287.926
287.926
287.926
287.926
287.926
287.926
287.926
287.926
287.926
287.926
287.926
287.926
287.926
287.926
287.926
287.926
287.926
287.926
287.926
287.926
287.926
287.926
287.926
287.926
287.926
287.926
287.926
287.927
287.971
290.66
288.749
288.522
288.328
288.122
287.98
287.935
287.926
287.926
287.926
287.926
287.926
287.926
287.927
287.93
287.934
287.938
287.943
287.926
287.926
287.926
287.926
287.926
287.926
287.926
287.926
287.926
287.926
287.926
287.926
)
;
    }
    procBoundary3to1
    {
        type            processor;
        value           nonuniform List<scalar> 
183
(
287.926
287.926
287.926
287.926
287.926
287.926
287.926
287.926
287.926
287.926
287.926
287.926
287.926
287.926
287.926
287.926
287.926
287.926
287.926
287.926
287.926
287.926
287.926
287.926
287.926
287.926
287.926
287.926
287.926
287.926
287.926
287.926
287.926
287.926
287.926
287.926
287.926
287.926
287.926
287.926
287.926
287.926
287.926
287.926
287.926
287.926
287.926
287.926
287.926
287.926
287.926
287.926
287.926
287.926
287.926
287.926
287.926
287.973
288.137
288.584
289.417
287.988
287.928
287.926
287.926
287.926
287.926
287.929
288.053
287.928
287.926
287.926
287.926
287.926
287.926
287.927
287.929
287.933
287.936
287.938
287.948
288.116
290.234
298.004
288.044
287.927
287.926
287.926
287.926
287.926
287.926
287.926
287.926
287.926
287.926
287.926
287.926
287.926
287.926
287.926
287.926
287.926
287.926
287.926
287.926
287.926
287.926
287.926
287.926
287.929
287.955
287.926
287.926
287.926
287.926
287.926
287.926
287.926
287.926
287.926
287.926
287.926
287.926
287.926
287.926
287.926
287.926
287.926
287.926
287.926
287.926
287.926
287.926
287.926
287.926
287.926
287.926
287.926
287.926
287.926
287.926
287.926
287.926
287.926
287.926
287.926
287.926
287.926
287.926
287.926
287.926
287.926
287.926
287.926
287.926
287.926
287.926
287.926
287.926
287.926
287.926
287.926
287.926
287.926
287.927
287.934
287.952
287.927
287.926
287.926
287.926
287.926
287.926
287.926
287.926
287.926
287.926
287.926
287.926
287.926
287.926
287.926
287.926
)
;
    }
    procBoundary3to2
    {
        type            processor;
        value           nonuniform List<scalar> 
97
(
287.926
287.926
287.926
287.926
287.926
287.926
287.926
287.926
287.926
287.926
287.926
287.926
287.926
287.926
287.926
287.926
287.926
287.926
287.926
287.926
287.926
287.926
287.926
287.928
287.931
287.938
287.945
287.954
287.961
287.963
287.963
287.959
287.951
287.942
287.931
287.927
287.926
287.926
287.926
287.926
287.926
287.926
287.926
287.926
287.926
287.926
287.926
287.926
287.926
287.926
287.926
287.926
287.926
287.926
287.926
287.926
287.927
287.929
287.932
287.935
287.937
287.938
287.938
287.936
287.934
287.928
287.926
287.926
287.926
287.926
287.926
287.926
287.926
287.926
287.926
287.926
287.926
287.926
287.926
287.926
287.927
287.928
287.928
287.929
287.929
287.928
287.926
287.926
287.926
287.926
287.926
287.926
287.926
287.926
287.926
287.926
287.926
)
;
    }
    procBoundary3to4
    {
        type            processor;
        value           nonuniform List<scalar> 
1033
(
287.926
287.926
287.926
287.926
287.926
287.926
287.926
287.926
287.926
287.926
287.926
287.926
287.926
287.926
287.926
287.926
287.926
287.926
287.926
287.926
287.93
287.926
287.926
287.926
287.926
287.926
287.926
287.926
287.926
287.926
287.926
287.926
287.926
287.939
288.19
287.931
288.002
287.927
287.926
287.926
287.926
287.934
287.986
288.177
287.944
287.927
287.926
287.926
287.926
287.926
287.93
287.927
287.976
287.932
287.934
287.926
287.926
287.926
287.926
287.926
287.944
288.294
293.712
292.102
330.505
288.758
287.942
287.926
287.926
287.932
288.008
288.534
290.458
293.67
288.488
287.968
287.928
287.926
287.926
287.926
287.926
287.936
288.4
288.141
288.209
287.992
287.927
287.926
287.926
287.926
287.926
287.926
287.926
287.926
287.926
287.926
287.926
287.926
287.934
288.047
289.187
344.096
540.06
507.029
294.432
288.044
287.928
287.928
287.971
288.519
292.496
304.103
320.733
337.699
296.603
288.785
287.99
287.929
287.926
287.926
287.926
287.926
287.941
288.638
288.855
288.544
287.942
287.933
287.926
287.926
287.926
287.926
287.926
287.926
287.926
287.926
287.926
287.926
287.926
287.926
287.926
287.926
287.926
287.928
287.95
288.092
296.997
327.203
771.723
742.854
318.846
288.52
287.937
287.937
288.155
290.995
308.225
356.113
413.364
458.879
512.18
363.373
300.466
289.19
288.019
287.931
287.926
287.926
287.926
287.926
287.95
289.11
289.502
287.965
287.95
287.926
287.926
287.926
287.926
287.926
287.926
287.926
287.926
287.926
287.926
287.926
287.926
287.926
287.926
287.926
287.926
287.926
287.926
287.926
287.926
287.926
287.926
287.926
287.926
287.929
287.94
288.682
290.422
403.237
951.635
932.951
389.219
290.12
287.967
287.967
288.749
298.746
352.972
466.363
551.481
607.771
670.237
918.897
738.364
511.123
337.511
293.834
288.37
287.952
287.927
287.926
287.926
287.928
288.089
298.297
302.359
288.22
287.931
287.927
287.926
287.926
287.926
287.926
287.926
287.926
287.93
287.927
287.955
287.929
287.926
287.926
287.926
287.926
287.926
287.926
287.926
287.926
287.926
287.926
287.926
287.926
287.926
287.926
287.93
288.002
287.929
287.967
287.927
287.926
287.926
287.929
287.94
287.97
287.97
288.028
293.847
500.707
1068.46
1058.36
491.992
293.743
288.032
288.032
290.075
313.372
426.395
579.583
676.676
735.37
796.063
1039.93
1552.51
1468.47
1316.77
1079.44
745.584
402.533
298.305
288.501
287.951
287.927
287.927
287.988
292.837
536.632
601.455
297.396
288.069
287.928
287.926
287.926
287.926
287.926
287.926
287.926
287.936
288.204
288.05
287.981
287.939
287.927
287.926
287.926
287.926
287.926
287.926
287.926
287.926
287.926
287.926
287.926
287.926
287.926
287.926
287.926
287.926
287.926
287.926
287.926
287.926
287.926
287.926
287.926
287.927
287.947
288.138
288.807
295.134
288.284
287.94
288.014
288.302
289.06
290.451
288.028
288.095
288.095
297.663
570.47
1130.77
1127.4
569.911
298.245
288.119
288.119
291.861
331.498
489.668
655.659
756.742
811.352
868.751
1102.93
1589.32
1977.86
1966.64
1931.13
1843.78
1667.75
1364.63
911.582
434.514
298.321
288.354
287.94
287.94
289.057
372.026
1172.54
1252.63
440.572
290.691
287.965
287.965
287.928
288.024
287.93
288.066
287.949
287.941
288.337
288.11
288.05
287.928
287.927
287.926
287.926
287.926
287.926
287.926
287.926
287.926
287.927
287.928
287.949
287.926
287.926
287.926
287.926
287.926
287.926
287.938
287.927
287.926
287.926
287.926
287.926
287.926
287.926
287.926
287.926
287.929
287.949
289.401
294.97
322.301
290.007
296.316
310.146
331.988
353.203
292.007
292.822
288.132
288.132
299.718
599.172
1151.81
1151.84
604.068
300.956
288.173
288.173
293.002
342.376
517.301
682.772
780.159
834.03
889.203
1118.17
1596.67
1980.05
2139.06
2138.22
2134.84
2120.65
2074.41
1950.77
1700.77
1278.92
707.488
331.594
289.867
287.989
287.989
293.315
578.642
1516.65
1583.99
715.925
301.02
288.104
288.104
296.663
289.758
354.549
291.855
392.522
292.023
288.552
288.19
287.931
287.929
287.926
287.926
287.926
287.926
287.926
287.926
287.926
287.926
287.926
287.926
287.926
287.926
287.926
287.94
288.028
288.091
287.93
287.926
287.926
287.926
287.926
287.928
287.994
287.951
287.931
287.926
287.926
287.926
287.926
287.926
287.926
287.926
287.926
287.926
287.926
287.926
287.926
287.926
287.928
288.034
288.276
309.311
399.826
508.697
600.082
655.925
675.835
363.383
409.433
290.329
287.967
287.926
287.926
287.93
287.944
287.98
288.05
288.153
288.258
288.321
288.328
288.319
288.311
288.288
288.252
288.181
288.091
288.013
288.004
287.986
287.966
287.95
287.937
287.93
287.927
287.926
287.926
287.926
287.926
287.926
287.926
287.926
287.944
287.999
288.138
288.368
288.613
290.391
288.032
287.93
287.926
287.926
287.932
288.189
299.216
295.694
288.071
287.929
287.926
287.926
287.927
287.939
288.008
288.224
288.541
288.804
289.011
290.372
313.894
537.639
864.907
921.691
907.936
871.202
760.249
582.524
408.194
319.831
293.786
288.61
287.987
287.93
287.93
288.253
315.64
954.436
1261.84
528.936
907.72
618.292
318.719
289.234
287.946
287.926
287.926
287.926
287.926
287.926
287.926
287.926
287.926
287.926
287.926
287.926
287.926
287.926
287.926
287.926
287.926
287.926
287.928
287.936
288.436
288.723
287.946
287.926
287.926
287.926
287.926
287.936
288.205
288.022
287.927
287.926
287.926
287.926
287.926
287.926
287.926
287.926
287.926
287.926
287.926
287.926
287.926
287.926
287.926
287.926
287.926
287.932
287.94
288.75
336.721
370.707
398.029
290.035
287.962
287.926
287.926
287.93
287.942
287.974
288.036
288.126
288.219
288.277
288.289
288.287
288.289
288.271
288.23
288.159
288.075
288.043
288.006
287.973
287.95
287.935
287.928
287.926
287.926
287.926
287.926
287.926
287.926
287.927
287.929
287.933
287.938
287.94
288.749
290.962
288.059
287.931
287.926
287.926
287.933
288.266
302.395
298.047
288.117
287.93
287.926
287.926
287.927
287.943
288.033
288.31
288.724
289.082
289.362
291.206
322.107
587.908
586.817
557.166
476.879
382.939
321.022
296.299
289.273
288.093
287.94
287.927
287.927
288.002
294.551
288.313
287.931
287.926
287.926
287.926
287.926
287.926
287.926
287.926
287.926
287.926
287.926
287.926
287.926
287.926
287.926
287.926
287.926
287.926
287.926
287.926
287.961
289.773
290.763
287.993
287.927
287.926
287.926
287.927
287.958
288.718
288.178
287.93
287.926
287.926
287.926
287.926
287.926
287.926
287.926
287.926
287.926
287.926
287.926
287.926
287.926
287.926
287.926
287.926
287.926
287.926
287.926
287.951
289.419
287.926
287.929
287.938
287.963
288.01
288.081
288.161
288.221
288.249
288.256
288.252
288.23
288.184
288.116
288.059
288.006
287.966
287.942
287.931
287.927
287.926
287.926
287.926
287.926
287.926
287.926
287.926
287.926
287.926
287.94
288.761
291.011
288.061
287.931
287.926
287.926
287.933
288.273
302.688
298.277
288.122
287.93
287.926
287.926
287.927
287.943
288.036
288.32
288.743
289.107
289.395
291.317
323.218
318.326
307.328
296.797
290.699
288.542
288.029
287.938
287.927
287.926
287.926
287.926
287.926
287.926
287.926
287.928
287.927
287.932
287.927
287.932
287.927
287.929
287.926
287.926
287.926
287.926
287.927
288.015
292.733
295.067
288.09
287.929
287.926
287.926
287.928
287.996
289.593
288.415
287.934
287.926
287.926
287.926
287.926
287.926
287.928
287.927
287.932
287.929
287.927
287.926
287.928
287.926
287.927
287.926
287.926
287.927
287.934
287.95
287.982
288.03
288.089
288.143
288.177
288.188
288.182
288.16
288.116
288.044
287.986
287.951
287.934
287.928
287.926
287.926
287.926
287.926
287.926
287.926
287.926
287.926
287.926
287.938
288.647
290.526
288.039
287.93
287.926
287.926
287.932
288.207
300.009
296.319
288.083
287.929
287.926
287.926
287.927
287.94
288.017
288.255
288.603
288.895
289.14
290.781
289.656
288.677
288.167
287.981
287.935
287.927
287.926
287.929
287.929
287.944
287.939
287.98
287.952
288.01
287.948
287.98
287.934
287.926
287.926
288.126
288.334
288.506
288.654
288.244
288.029
287.95
288.004
288.176
288.101
287.926
287.926
287.926
287.928
287.937
287.935
287.954
287.945
287.938
287.931
287.941
287.932
287.939
287.93
287.958
287.986
288.022
288.06
288.087
288.096
288.092
288.075
288.004
287.959
287.936
287.928
287.926
287.926
287.926
287.926
287.926
287.926
287.926
287.929
287.938
287.963
287.961
288.01
287.994
287.974
287.956
288.015
288.013
287.963
287.938
287.929
287.926
287.926
)
;
    }
    procBoundary3to5
    {
        type            processor;
        value           nonuniform List<scalar> 
962
(
287.926
287.926
287.926
287.926
287.926
287.926
287.926
287.926
287.926
287.926
287.926
287.926
287.926
287.926
287.926
287.926
287.926
287.926
287.926
287.926
287.926
287.926
287.926
287.926
287.926
287.927
288.017
287.946
287.929
287.926
287.926
287.926
287.926
287.926
287.926
287.926
287.926
287.926
287.926
287.926
287.926
287.926
287.926
287.926
287.926
287.926
287.926
287.926
287.926
287.926
287.926
287.931
288.213
288.807
288.185
287.979
287.933
287.926
287.926
287.926
287.926
287.926
287.926
287.928
287.926
287.936
287.926
287.928
287.926
287.926
287.926
287.926
287.926
287.926
287.927
287.929
287.933
287.927
287.928
287.926
287.926
287.926
287.926
287.926
287.937
288.569
290.091
288.014
287.96
287.935
287.928
287.926
287.926
287.926
287.926
287.926
287.926
287.926
287.926
287.926
287.926
287.926
287.926
287.927
287.96
288.368
288.042
288.811
287.94
287.926
287.926
287.926
287.926
287.926
287.927
287.931
287.938
287.949
287.963
287.938
287.942
287.93
287.926
287.926
287.926
287.926
287.926
287.944
288.992
291.739
288.085
287.931
287.929
287.927
287.926
287.926
287.926
287.926
287.926
287.926
287.926
287.926
287.926
287.926
287.926
287.926
287.926
287.926
287.926
287.926
287.926
287.945
288.119
292.012
310.534
292.748
287.999
287.927
287.926
287.926
287.926
287.927
287.931
287.941
287.958
287.984
288.015
288.042
287.975
287.981
287.944
287.93
287.926
287.926
287.926
287.926
287.926
287.948
289.25
292.752
288.13
287.933
287.926
287.926
287.926
287.926
287.926
287.926
287.926
287.926
287.926
287.926
287.926
287.926
287.926
287.926
287.926
287.926
287.926
287.926
287.926
287.926
287.926
287.926
287.926
287.926
287.926
287.926
287.933
287.979
289.209
293.878
372.75
304.303
288.19
287.93
287.926
287.926
287.926
287.929
287.938
287.958
287.992
288.041
288.099
288.146
288.164
288.054
288.051
287.98
287.944
287.93
287.926
287.926
287.926
287.926
287.926
287.949
289.274
292.835
288.133
287.933
287.926
287.926
287.926
287.926
287.926
287.926
287.926
287.926
287.926
287.929
287.926
287.939
287.927
287.926
287.926
287.926
287.926
287.926
287.926
287.926
287.926
287.926
287.926
287.926
287.926
287.926
287.932
288.067
287.929
287.979
287.927
287.926
287.926
287.928
287.928
287.935
288.186
288.813
305.716
481.378
328.688
288.604
287.937
287.926
287.926
287.927
287.933
287.949
287.983
288.04
288.119
288.202
288.262
288.28
288.26
288.154
288.128
288.037
287.974
287.942
287.93
287.926
287.926
287.926
287.926
287.926
287.945
289.078
292.043
288.096
287.932
287.926
287.926
287.934
287.937
287.937
287.934
287.93
287.927
287.926
287.943
288.613
288.043
291.841
288.352
287.959
287.928
287.971
287.928
287.926
287.926
287.926
287.926
287.926
287.926
287.926
287.926
287.926
287.926
287.926
287.926
287.926
287.926
287.926
287.926
287.93
288.026
289.686
290.374
317.315
288.567
287.938
288.025
288.449
287.935
287.96
287.96
288.015
290.115
326.583
581.954
363.299
289.26
287.948
287.926
287.926
287.928
287.938
287.963
288.015
288.098
288.202
288.295
288.348
288.356
288.322
288.278
288.221
288.162
288.082
288.011
287.963
287.938
287.929
287.926
287.926
287.926
287.926
287.926
287.939
288.681
290.482
288.029
287.929
287.926
287.926
287.926
287.926
287.926
287.929
288.014
287.959
287.926
287.926
287.926
287.926
287.926
287.926
287.926
287.927
287.932
287.941
287.956
287.974
287.994
288.01
288.015
288.097
288.188
288.256
288.287
288.32
288.356
288.37
288.354
288.279
288.163
288.054
287.981
287.944
287.93
287.926
287.926
287.966
290.313
408.953
675.512
362.874
292.79
288.131
288.131
299.681
599.502
1153.4
1154.07
605.743
301.05
288.175
288.175
293.047
342.669
518.129
683.698
780.778
833.716
887.806
1113.42
1591.55
1975.94
2137.47
2127.29
2110.25
2081.46
2024.16
1894.86
1624.42
1147.27
547.112
307.022
288.674
287.949
287.949
289.934
434.928
1387.72
1466.07
550.783
293.45
288
288
291.884
435.891
1204.21
1831.52
2080.45
2117.5
2069.94
1979.84
1878.63
1794.51
1743.21
1721.84
1718.39
1721.22
1731.15
1647.12
1546.48
1431.29
1355.88
1314.34
1317.14
1344.95
1363.48
1302.22
1035.44
570.509
303.85
288.316
288.412
288.407
288.295
288.12
287.995
290.788
373.612
310.524
577.907
369.503
298.089
288.694
299.294
288.574
287.956
287.927
287.935
287.926
287.926
287.926
287.926
287.926
287.926
287.945
287.928
287.928
287.926
287.926
287.926
287.926
287.926
287.926
287.928
287.959
288.352
310.246
446.505
473.9
293.359
315.761
382.847
289.876
293.121
288.015
288.087
288.087
291.786
349.913
648.914
394.581
289.944
287.96
287.926
287.926
287.93
287.942
287.975
288.042
288.145
288.261
288.347
288.379
288.371
288.329
288.289
288.249
288.222
288.144
288.09
288.03
287.982
287.95
287.934
287.927
287.926
287.926
287.926
287.926
287.926
287.932
288.294
289.073
287.971
287.927
287.926
287.94
288.305
288.058
287.928
287.926
287.926
287.926
287.926
287.926
287.926
287.93
287.939
287.958
287.986
288.023
288.06
288.087
288.177
297.225
564.854
1128.61
1127.91
569.25
298.136
288.116
288.116
291.851
331.519
489.599
654.664
752.083
801.591
853.053
1075.61
1565.09
1961.99
1932.67
1875.24
1764.59
1559.22
1215.96
726.147
350.479
291.632
288.073
287.931
287.931
288.305
318.482
962.068
1057.55
349.639
288.909
287.94
287.94
288.643
318.702
771.854
1463.74
1864.11
1997.76
1984.69
1908.33
1811.39
1723.95
1663.7
1634.03
1627.94
1633.3
1530.13
1416.27
1344.44
1304.49
1309.2
1339.97
1363.77
1314.14
1064.03
603.118
307.631
307.536
303.173
296.163
480.91
948.605
794.871
1155.66
974.14
703.405
411.024
674.474
367.368
293.241
288.165
288.88
287.964
287.927
287.926
287.926
287.926
287.926
287.928
288.001
287.986
287.941
287.926
287.926
287.926
287.926
287.926
287.926
287.926
287.926
287.926
287.926
287.926
287.934
287.998
291.853
310.691
694.859
720.066
921.873
1055.66
485.397
1049.85
483.08
293.316
288.024
288.024
289.953
312.316
421.076
572.02
663.056
710.375
758.284
981.503
1500.44
1384.63
1199.37
927.153
567.168
330.263
291.217
288.098
287.933
287.926
287.926
287.943
289.217
378.139
417.037
290.542
287.967
287.926
287.926
287.957
289.226
330.917
751.707
1272.42
1582.3
1705.17
1721.42
1683.15
1622.05
1567.03
1534.72
1525.17
1411.53
1340.44
1300.54
1305.24
1337.12
1362.36
1315.05
1066.21
603.588
566.638
1036.04
1302.15
1256.1
1343.62
1300.43
1195.48
989.511
1125.02
858.717
506.201
307.956
327.642
289.908
288.004
287.929
287.926
287.926
287.926
287.926
287.93
288.078
288.048
287.929
287.927
287.926
287.926
287.926
287.926
287.926
287.926
287.926
287.926
287.926
287.926
287.926
287.926
287.926
287.927
287.934
288.358
289.739
374.606
908.161
287.96
287.96
288.626
297.398
345.075
449.028
524.774
567.728
611.485
828.715
620.622
403.205
306.103
289.681
288.05
287.933
287.926
287.926
287.926
287.926
287.964
290.263
291.254
287.995
287.927
287.926
287.926
287.927
287.964
289.116
316.16
580.09
984.12
1265.24
1412.47
1465.88
1463.11
1438.85
1418.36
1344.29
1302.79
1306.22
1336.57
1358.74
1335.49
1324.59
1269.65
1288.04
1176.16
943.877
598.121
643.839
342.175
290.694
288.034
287.93
287.926
287.926
287.926
287.926
287.931
288.137
288.094
287.93
287.926
287.926
287.926
287.926
287.926
287.926
287.926
287.926
287.927
287.926
287.929
287.926
287.929
287.926
287.927
287.934
288.096
290.228
303.84
340.211
381.938
410.707
445.291
325.107
293.01
288.343
287.953
287.927
287.926
287.926
287.926
287.926
287.931
288.179
288.252
287.934
287.926
287.926
287.926
287.926
287.931
288.08
291.95
362.75
694.704
1026.15
1236.03
1335.2
1362.17
1355.43
1312.08
1312.39
1315.81
1320.32
1300.02
1202.27
981.957
287.926
287.926
287.926
287.927
287.927
287.942
287.933
288.041
287.954
288.261
287.97
288.309
287.954
290.87
298.928
308.758
315.989
291.889
288.258
287.947
288.17
290.789
289.269
)
;
    }
}


// ************************************************************************* //
