/*--------------------------------*- C++ -*----------------------------------*\
  =========                 |
  \\      /  F ield         | OpenFOAM: The Open Source CFD Toolbox
   \\    /   O peration     | Website:  https://openfoam.org
    \\  /    A nd           | Version:  9
     \\/     M anipulation  |
\*---------------------------------------------------------------------------*/
FoamFile
{
    format      ascii;
    class       volScalarField;
    location    "0.0004";
    object      T;
}
// * * * * * * * * * * * * * * * * * * * * * * * * * * * * * * * * * * * * * //

dimensions      [0 0 0 1 0 0 0];

internalField   nonuniform List<scalar> 
5248
(
870.341
781.384
243.756
837.254
240.068
242.724
863.921
240.233
849.542
241.566
897.314
241.702
219.694
846.633
242.008
864.095
855.148
235.023
228.344
237.321
224.937
221.084
239.608
227.464
247.176
237.923
238.792
887.215
230.608
1151.53
219.71
918.778
217.702
231.912
221.264
216.572
218.474
236.87
218.913
214.511
271.86
262.528
860.192
1031.21
234.048
404.023
887.02
376.665
366.499
772.591
803.862
377.609
366.618
805.803
241.914
242.418
238.976
249.51
246.782
243.649
232.875
400.523
390.679
844.81
835.702
399.139
392.24
855.088
227.92
239.618
235.992
231.146
234.762
232.75
230.08
240.507
233.296
241.302
248.915
238.849
246.246
235.338
409.065
868.056
408.771
404.294
855.324
405.079
861.529
235.214
236.234
238.88
241.851
239.593
244.007
238.685
406.129
856.445
406.687
859.754
408.344
405.3
860.249
237.431
241.346
238.957
242.236
236.808
242.581
244.484
274.057
870.238
411.075
272.932
1039.73
235.573
890.226
241.465
246.862
244.436
241.934
249.528
239.88
246.854
228.956
214.803
228.69
227.911
222.673
238
220.358
259.36
796.689
259.872
1023.66
232.283
373.16
842.165
231.075
233.446
231.147
248.319
237.646
242.019
222.934
405.109
896.532
272.804
262.157
1035.07
234.012
871.48
400.58
845.494
399.402
390.221
834.468
391.746
836.414
240.416
241.303
246.256
233.296
248.928
238.839
242.734
233.647
230.938
238.281
231.547
229.332
228.395
238.797
239.612
232.408
236.257
239.831
240.809
244.503
236.86
228.534
215.679
217.488
233.038
216.105
219.092
228.495
238.04
235.302
218.374
221.53
238.747
222.254
232.079
235.669
242.336
236.445
230.617
236.63
239.902
244.759
216.203
222.195
212.87
227.414
214.423
232.601
218.296
244.522
242.001
233.504
241.995
250.043
247.175
244.166
232.499
217.952
221.97
237.917
221.661
239.164
221.973
228.366
231.549
238.28
229.347
233.925
228.477
230.94
231.13
228.066
234.921
226.597
231.027
228.587
229.193
217.27
223.409
224.859
217.054
220.357
221.621
223.872
227.633
225.346
236.572
226.681
231.018
229.593
223.867
220.795
229.71
214.584
213.494
226.527
223.334
212.756
215.562
221.119
227.132
217.054
224.83
222.903
214.911
243.715
243.578
242.861
245.586
242.554
245.162
244.335
239.062
240.126
239.602
236.653
239.711
237.788
236.953
241.976
240.366
242.633
244.782
244.388
242.409
240.094
242.723
246.358
242.37
239.209
241.945
241.616
243.606
239.475
240.186
239.48
244.119
241.577
242.433
237.191
237.753
239.584
234.206
237.825
236.522
238.553
234.33
241.073
238.47
238.531
239.215
234.951
240.144
240.044
245.76
246.648
246.205
247.892
245.466
247.227
246.636
233.271
238.915
233.685
238.477
229.451
238.304
233.782
235.322
236.432
239
235.094
236.335
236.691
232.994
434.182
247.885
284.115
466.162
259.818
482.623
424.349
428.433
451.148
242.23
279.017
473.546
257.328
413.955
644.808
1027.83
559.58
1040.89
615.262
604.789
1024.19
311.214
235.827
232.744
282.225
237.342
297.775
293.1
242.399
243.165
241.637
243.495
241.826
241.08
243.964
242.536
242.535
243.692
244.844
242.071
243.838
242.962
241.355
240.167
239.925
241.475
239.735
239.886
242.072
246.33
248.332
249.104
248.443
247.522
247.739
246.934
244.746
245.955
245.852
247.422
246.201
244.736
246.244
243.778
243.251
242.519
246.006
242.156
245.346
244.524
240.783
238.838
239.785
237.661
239.192
240.083
238.751
238.041
240.428
240.892
238.36
240.293
237.937
234.336
236.506
238.157
237.471
233.92
238.248
230.765
235.816
236.277
232.047
232.225
230.647
234.258
229.576
233.072
240.237
238.162
241.256
243.072
238.492
239.145
242.633
238.194
235.373
233.368
238.481
236.006
238.881
234.949
240.879
241.558
242.786
241.589
242.981
240.72
239.424
244.885
247.619
247.15
248.542
246.831
246.619
245.306
241.784
239.041
236.945
244.477
236.691
243.91
242.286
243.499
245.015
245.166
246.865
245.494
243.297
245.282
237.757
239.746
237.978
234.07
238.684
236.53
234.432
239.394
237.437
238.018
238.381
234.351
238.276
239.087
237.745
243.504
240.822
242.282
238.994
238.593
239.134
239.248
239.458
241.819
239.136
239.951
240.73
234.577
241.479
241.729
242.951
243.078
241.612
241.079
241.717
240.53
237.597
238.144
238.624
234.885
238.782
239.824
241.352
242.745
241.164
243.586
237.052
242.907
242.003
239.606
244.642
244.197
241.648
239.808
240.685
241.485
243.016
242.209
244.217
243.685
241.734
243.51
242.744
442.781
471.415
288.769
250.107
489.855
264.916
429.922
438.715
287.769
249.195
467.205
425.99
485.751
264.173
656.066
1054.27
565.9
1043.85
618.78
623.527
1042.28
316.693
237.815
237.145
284.908
300.336
242.444
300.426
242.261
244.963
239.73
244.601
241.019
240.935
244.287
245.338
245.787
246.423
247.536
245.319
246.042
246.954
243.93
245.811
244.864
244.86
243.963
243.961
245.351
242.709
246.45
239.283
242.344
243.583
241.917
241.671
246.904
249.165
247.869
249.164
247.428
247.422
248.434
244.299
240.154
240.188
245.294
244.834
239.853
244.839
245.344
246.415
245.78
247.532
246.052
245.325
246.945
223.828
229.933
231.449
229.415
223.248
228.279
227.669
226.184
226.123
232.793
226.72
229.484
229.632
218.875
225.984
224.612
224.016
228.121
227.478
226.253
218.679
230.61
235.44
235.847
233.953
232.408
233.147
231.528
410.951
239.845
267.133
442.099
450.536
248.532
405.597
413.922
444.964
240.391
267.06
408.426
248.289
452.832
618.782
1016.88
555.674
1011.38
597.011
594.365
988.12
299.575
230.747
231.285
279.794
289.258
231.956
289.31
235.192
231.914
234.303
232.41
231.463
230.941
237.905
236.162
236.611
236.613
231.918
233.292
239.341
233.305
235.219
234.314
231.922
232.4
237.943
230.924
231.466
242.705
247.06
246.296
247.065
244.496
244.498
245.216
239.104
235.77
235.781
243.433
241.334
233.334
241.31
239.472
239.462
240.193
244.132
237.186
241.577
242.437
232.351
228.694
223.397
228.609
227.52
229.495
227.575
438.847
284.934
470.908
248.556
487.003
428.82
260.411
428.334
278.914
241.855
450.468
413.407
473.444
257.43
647.611
1053.84
560.802
1027.57
621.1
604.124
1034.03
310.626
236.449
232.528
282.039
297.95
292.757
238.011
240.243
242.965
241.304
238.142
239.142
242.634
238.376
240.861
241.596
242.791
241.561
240.699
239.404
242.986
243.481
245.004
245.17
246.877
243.271
245.265
245.506
238.16
238.438
233.374
235.32
238.826
235.967
234.911
244.863
248.551
247.133
247.634
246.603
245.289
246.84
241.765
239.026
236.92
244.445
243.892
242.238
236.636
241.961
242.64
240.333
244.794
242.387
240.075
244.394
234.507
237.704
236.877
239.115
231.714
237.015
236.598
230.495
235.606
232.503
232.905
228.959
230.742
232.933
231.983
230.589
226.138
229.845
228.377
225.82
232.245
235.292
239.007
236.395
235.089
232.954
236.673
236.338
241.393
238.765
238.633
238.963
235.746
239.928
240.02
240.937
239.133
242.248
240.286
241.65
234.63
241.234
241.479
240.682
242.847
241.845
242.42
241.643
236.39
243.756
242.256
243.925
243.769
243.27
242.491
242.597
233.108
238.407
233.842
238.829
238.014
229.69
233.747
232.547
231.153
236.852
237.106
236.877
232.486
228.104
229.495
220.773
228.052
221.303
228.804
228.291
219.098
235.728
238.527
237.902
234.402
237.668
235.091
234.46
241.469
241.178
242.509
243.809
236.194
242.237
243.071
240.775
238.965
240.252
242.306
241.192
234.204
241.771
243.65
242.558
244.431
244.063
242.982
242.635
243.697
244.132
245.006
246.036
244.999
244.078
245.448
244.07
243.214
243.288
243.729
241.82
242.218
241.663
244.259
242.146
240.956
239.22
239.214
240.872
240.869
239.955
243.215
243.711
243.272
241.816
244.258
242.207
241.654
247.569
249.603
249.603
249.003
248.236
248.81
248.237
245.757
246.645
246.198
247.897
246.637
247.23
245.456
244.856
243.662
243.661
246.561
245.815
243.115
245.815
233.271
238.9
238.472
233.679
233.77
229.438
238.296
229.615
221.27
228.187
221.268
228.853
228.848
219.085
236.239
238.843
238.845
234.752
235.307
238.393
235.311
230.556
232.974
235.648
232.532
230.832
232.962
229.02
234.536
239.109
237.729
236.88
236.595
237.091
231.723
232.013
229.849
226.159
230.595
232.243
225.843
228.432
413.933
410.857
859.297
932.362
404.192
882.696
430.663
214.619
219.165
213.85
213.938
223.211
213.2
218.229
225.599
222.12
233.036
217.618
225.892
222.768
228.032
220.077
220.935
217.425
216.854
222.609
215.318
218.902
420.911
411.976
856.673
969.676
397.961
443.712
890.817
212.596
210.551
215.064
210.83
216.439
210.586
211.027
432.42
1019.36
534.31
1044.12
478.825
940.244
467.31
220.501
214.599
214.852
215.754
211.662
212.13
213.111
256.704
283.932
747.219
1388.73
2016.45
1295
229.967
227.222
945.243
1231
256.149
718.971
228.242
283.165
223.391
227.14
223.01
234.812
224.124
230.29
222.425
230.833
229.88
222.113
224.391
220.359
219.916
222.966
221.232
220.833
532.99
1046.63
1019.54
436.635
1148.27
481.561
468.049
218.404
215.726
214.945
217.573
215.699
237.69
214.558
226.807
302.039
270.861
295.269
365.126
237.774
245.462
257.71
269.276
258.016
220.741
230.382
327.302
231.812
262.476
226.402
226.898
239.114
292.774
305.69
236.67
229.571
265.175
229.099
219.262
228.825
272.432
217.437
374.529
260.085
230.17
250.478
514.547
354.754
308.653
687.795
636.504
1534.96
1191.09
800.196
1317.06
558.987
617.678
1470.17
620.075
1136.32
748.3
1290.71
525.781
236.412
421.05
235.782
230.524
283.286
303.493
213.781
883.625
335.48
420.302
400.198
529.522
274.184
506.599
776.54
279.223
409.286
387.409
442.411
270.939
416.581
234.552
231.583
211.186
216.262
239.883
252.136
238.072
241.531
229.409
228.546
223.913
222.095
219.514
226.152
216.859
235.456
227.703
230.767
224.248
224.751
228.12
222.183
1514.21
540.139
214.34
211.659
216.66
214.421
221.571
215.76
216.075
215.336
218.849
221.078
216.645
223.398
217.933
218.107
242.223
243.241
246.919
224.431
223.514
223.766
225.407
218.153
237.937
218.907
237.588
239.863
221.496
223.091
366.567
2567.64
1610.73
289.895
805.769
1632.97
1182.5
314.35
1820.96
1611.81
290.173
1057.21
1629.56
1835.87
299.796
260.114
318.499
242.606
223.641
222.172
237.301
313.348
254.705
218.637
249.701
297.207
219.977
235.135
299.614
287.9
300.211
500.788
503.966
553.283
455.459
301.389
288.452
346.55
569.824
511.57
625.755
459.729
304.778
371.373
348.279
570.925
511.983
459.923
628.896
302.957
304.691
320.481
505.037
509.023
457.822
563.019
888.379
886.186
230.895
233.145
1287.37
243.05
238.753
1246.05
233.137
234.26
229.29
228.849
220.544
226.448
226.345
231.38
231.112
234.737
230.232
224.98
228.044
230.02
416.624
905.762
421.825
440.061
984.057
951.969
453.258
414.69
881.452
414.039
435.628
955.769
440.641
942.237
234.988
224.554
276.818
239.427
225.192
267.589
236.907
233.185
219.705
237.649
272.501
232.529
223.204
265.958
491.715
1107.07
621.124
1232.63
588.686
1062.62
513.766
485.855
1071.11
1219.43
600.966
496.769
581.859
1050.74
1484.45
783.184
752.121
1064.15
1877.89
1113.06
1853.69
364.981
341.376
490.777
638.738
1037.4
703.232
960.545
1558.16
1497.92
759.676
1136.32
1919.51
1071.73
1865.97
550.324
372.586
718.562
344.697
495.424
645.143
969.006
1337.78
757.077
1735.82
1697.2
1000.85
966.223
1480.1
933.988
314.203
799.62
738.148
549.224
441.734
511.432
1092.37
1050.77
1702.46
1580.96
1181.54
953.872
1678.45
1723.53
1628.1
1051.58
1091.28
1582.76
952.178
1680.51
1034.93
1036.16
1665.83
1580.9
1121.6
942.391
1640.36
1138.21
1045.98
1680.78
1041.89
1585
945.655
1644.91
2306.55
2057.76
2620.04
1565.67
2602.77
2023.79
2266.75
1255.01
1608.39
1756.05
1840.48
1325.22
1568.98
1748.38
1628.77
1346.59
1772.56
1264.19
1844.01
1577.14
1753.5
1559.89
2270.97
2022.43
2589
1613.54
2015.78
2256.6
290.351
289.069
292.261
302.897
1368.85
1602.15
287.937
288.031
287.926
287.926
316.527
287.987
289.364
287.926
287.926
287.926
287.927
289.019
325.104
314.97
287.926
287.926
287.928
287.926
1582.67
1257.59
1198.19
714.509
659.775
340.629
358.074
1520.37
745.718
1035.82
389.145
536.249
314.266
296.22
1805.95
376.152
1507.16
860.084
1781.77
1596.33
710.108
591.631
544.447
308.639
325.669
479.449
525.056
992.678
922.268
932.302
500.315
376.625
873.302
643.46
1151.19
1390.84
1624
1144.88
1083.72
1540.69
1767.34
1771.72
1497.31
1446.21
872.491
949.812
1485.54
1807.25
1826.96
1430.6
1687.88
1279.15
1480.88
1639.41
1722.72
1770.74
1787.53
1631.09
1388.75
1124.69
1603.17
1883.82
1863.94
1777.46
1814.14
773.459
1748.9
1592.76
1713.61
1547.86
1797.41
1845.19
1333.93
583.108
1135.66
1603.1
1418.7
1856.11
585.126
298.438
522.19
291.035
288.086
288.036
292.364
309.508
305.715
301.369
288.103
288.336
288.172
288.223
305.058
314.251
305.061
288.316
288.268
288.163
288.14
297.235
288.004
295.02
288.509
287.935
287.932
288.727
409.745
288.884
322.614
289.268
287.936
287.97
288.265
294.18
288.807
292.551
287.983
287.941
288.005
287.937
289.013
287.964
291.474
288.202
287.926
287.929
288.003
296.86
288.799
293.288
287.991
287.944
288.036
287.937
289.034
293.948
294.031
287.94
288.003
287.997
287.939
315.126
313.186
305.545
288.236
288.191
288.103
288.148
289.198
299.487
294.653
287.99
287.944
287.938
288.014
288.288
288.235
289.7
287.948
287.926
287.93
287.93
287.928
287.932
287.926
287.926
287.926
287.929
287.93
287.932
287.926
287.926
287.93
287.929
287.929
287.926
1623.3
1613.71
1541.77
300.352
1415.52
291.382
288.028
288.627
1387.37
1284.13
1316.89
1375.12
1374.01
1370.65
1383.64
1469.34
1468.85
1381.23
1318.38
1364.05
1335.1
1250.57
1621.1
1527.55
1508.76
1301.07
1130.06
1082.56
1327.7
1631.13
1619.01
1566.49
1228.64
738.567
957.639
1082.71
692.693
298.346
655.588
572.857
295.825
609.657
294.256
483.114
295.081
589.311
498.683
289.543
291.772
401.413
439.645
342.129
290.977
288.463
330.432
470.802
290.272
382.87
297.53
288.433
288.215
312.028
289.225
329.74
379.362
1320.74
441.582
1604.03
220.137
234.599
855.344
1143.81
220.842
252.736
254.899
268.665
223.815
224.255
264.356
226.246
221.451
310.831
281.373
262.612
281.236
227.193
357.737
250.256
256.22
299.061
230.723
232.683
290.407
807.536
684.703
721.076
350.33
361.728
411.576
392.776
579.382
319.891
273.992
256.156
387.95
323.571
239.001
975.867
965.581
809.859
571.386
465.862
393.356
461.287
1364.88
1083.36
1031.11
759.852
707.289
525.045
492.904
1461.06
1366.91
1196.78
890.193
1110.48
776.482
608.654
392.448
1587.33
299.552
677.799
289.145
1944.66
911.571
586.578
2561.15
1657.82
1727.41
830.761
1261.01
1686.13
365.846
1767.05
1664.29
872.31
417.8
428.454
483.302
345.966
653.829
776.377
1070.96
951.315
519.698
476.222
342.574
641.874
701.059
933.972
1004.32
288.096
1559.42
1614.13
417.894
287.926
970.999
287.928
1724.42
1023.8
863.549
1950.39
1239.36
1470.63
2095.85
948.246
448.726
653.449
1219.67
879.567
1191.67
1486.44
287.926
1035.29
287.927
2502.97
1705.94
583.486
332.994
287.926
403.074
287.926
1610.54
1836.78
339.795
292.36
1322.48
853.738
788.491
1642.24
1344.75
1405.31
1689.28
1366.29
1272.01
800.198
1452.86
1645.07
1739.16
1355.83
1238.87
1711.59
1311.39
1673.02
1500.25
1556.12
1715.98
1254.08
1746.36
1367.68
1602.98
1656.59
1749.71
1508.5
1310.32
2228.75
1694.44
1780.54
2542.54
2050.15
2317.94
1467.21
1338.31
1030.72
1544.67
1848.28
1773.95
1747.3
1702.99
1768.9
1478.21
1672.59
1586
1725.01
1812.97
2333.2
2053.41
1737.53
1919.6
2553.91
2054.05
2447.74
1606.79
1616.23
1221.77
1589.47
1060.42
929.514
689.339
1779.28
1599.09
1438.25
867.995
1694.47
1510.49
1684.41
1618.73
1471.23
1684.85
1733.09
888.402
1661.13
1510.42
1614.33
1654.78
1647.71
1764.27
1752.63
1221.9
1149.44
1656.47
1659.23
1655.69
1699.61
1696.66
1194.79
1171.62
1796.26
1400.89
1074.73
731.836
1637.29
1430.4
1806.99
1745.63
1605.83
1722.47
1548.73
1706.49
1069.52
680.34
2088.07
2591.99
2395.53
1135.31
2052.24
1830.92
2573.23
1423.08
970.632
1424.02
421.946
762.21
422.415
306.18
2018
2640.2
2642.32
2129.72
2118.48
1642.42
2309.44
1482.94
649.269
1288.68
308.652
503.353
361.745
293.364
378.975
288.37
325.472
288.178
309.377
295.579
288.005
401.326
1180.34
1255.77
402.031
290.051
290.036
392.784
1045.47
334.244
1103.14
374.176
289.17
289.123
368.74
402.636
1198.97
1223.57
402.485
290.311
290.213
403.148
1075.41
339.394
1096.71
377.564
289.35
378.313
289.288
293.545
288.556
288.683
287.937
291.911
288.005
1461.67
1606.55
1615.32
301.563
1385.19
288.634
1410.19
1306.34
1278.32
1386.37
1390.76
1382.73
1393.53
1286.89
297.353
1603.87
288.515
288.031
287.926
287.926
1534.14
1461.73
1371.05
1343.26
1385.47
1342.88
1255.59
1616.65
1509.29
1524.41
1305.16
1135.38
1076.35
1335.09
288.373
287.926
287.926
321.686
311.481
287.928
287.926
1588.51
1615.58
1559.29
1220.98
688.095
928.475
1059.7
299.86
716.198
690.569
587.588
296.273
621.973
294.68
287.926
288.192
287.926
302.928
293.173
287.932
287.927
507.359
296.137
619.113
507.004
289.539
291.901
403.666
1570.18
1258.53
1174.26
716.171
644.837
335.832
357.741
887.085
295.974
287.926
287.926
287.926
287.929
287.926
441.415
288.439
342.881
291.061
328.987
475.564
290.268
1481.93
647.651
970.313
361.22
502.62
308.585
293.32
378.65
288.369
295.534
288.177
309.283
289.139
325.361
224.872
1147.15
993.355
851.095
235.912
942.256
226.283
865.157
242.55
234.815
983.706
228.011
858.524
932.441
238.59
229.099
231.747
237.869
231.065
231.756
224.104
231.063
226.901
230.915
220.49
228.984
234.259
226.589
233.124
229.293
407.146
851.355
406.867
407.188
862.801
409.591
857.803
241.915
244.496
242.232
237.431
238.976
241.77
236.816
231.412
224.92
230.336
234.735
230.076
233.188
231.109
406.347
867.314
406.351
409.706
867.719
410.4
870.454
241.728
239.591
244.02
235.163
238.888
240.367
236.235
227.969
230.845
226.603
228.578
234.915
230.52
231.134
239.712
244.617
241.844
244.233
240.782
239.943
241.575
243.023
243.673
244.224
242.22
241.749
242.748
243.49
241.349
242.766
243.584
241.165
237.055
242.013
242.905
240.553
238.641
237.639
238.157
234.939
238.821
239.841
237.732
242.187
240.888
243.528
239.111
238.628
239.048
239.229
239.132
241.822
239.463
234.569
240.737
239.926
241.448
242.932
243.079
241.747
241.067
241.725
241.573
239.377
238.4
237.462
238.028
238.311
234.341
239.101
226.685
215.737
214.413
226.57
216.105
222.62
222.494
404.438
865.1
407.715
407.895
894.134
416.172
865.741
230.834
222.479
222.983
229.833
224.153
230.281
227.229
430.864
883.117
411.139
861.025
404.794
414.518
888.454
955.784
435.552
440.61
414.953
883.082
414.576
886.948
951.65
453.218
439.926
422.274
889.908
417.162
906.766
1045.93
532.69
481.437
1018.96
468.024
436.918
945.486
1065.42
457.03
493.786
421.451
959.317
440.985
908.096
953.409
1567.12
1534.87
1853.99
367.994
296.494
239.233
1315.97
308.473
236.552
1755.28
1147.66
680.383
1460.85
777.002
1123.05
1949.77
1049.88
233.227
1852.84
459.324
270.915
1105.97
236.899
1532
951.804
1135.66
511.431
1218.24
219.277
700.649
223.038
220.007
500.057
958.828
224.319
223.657
308.406
1010.39
562.053
1502.88
1056.09
232.616
223.089
219.61
272.697
237.505
266.122
238.631
235.015
224.436
225.116
276.886
239.31
267.753
242.896
218.839
221.453
218.109
241.45
237.481
237.838
239.769
225.381
223.457
223.733
246.801
239.795
243.104
242.145
261.932
220.479
231.11
294.584
290.004
251.011
352.179
2307.56
2185.36
1333.62
2317.67
1453.55
1341.73
321.41
1170.91
1232.09
1654.79
1746.46
1344.05
267.749
784.026
245.453
237.839
226.749
365.233
295.335
302.073
256.628
229.537
219.886
232.331
255.54
287.794
249.554
301.162
226.283
238.918
226.79
292.552
305.279
262.259
255.986
1438.27
860.652
1595.06
343.528
1608.29
951.471
589.537
1070.58
485.443
496.504
600.772
1218.48
581.507
1245.4
1061.41
513.375
491.22
620.68
1231.34
588.208
1286.27
218.655
238.166
235.228
254.666
297.194
249.666
313.371
222.209
237.415
242.676
260.021
299.816
252.106
318.415
1701.51
1033.41
1310.73
336.499
292.089
948.703
400.739
552.724
454.878
503.59
314.153
287.668
299.426
299.97
2254.95
2331.9
1367.59
399.517
327.993
1351.37
922.202
1050.47
1989.89
1631.49
543.833
369.786
1382.21
941.47
1627.61
1578.07
1136.39
373.348
957.874
293.762
398.384
569.908
626.014
511.373
366.878
288.22
346.782
301.219
459.465
628.502
570.809
371.4
289.672
348.449
304.519
504.205
508.318
457.174
320.171
289.943
304.427
302.714
1190.03
636.065
558.582
1534.38
799.837
687.403
1387.97
223.725
245.331
255.397
277.243
519.097
370.315
353.463
1213.14
526.556
585.23
648.649
1418.89
738.868
1310.06
250.232
230.087
259.997
354.078
513.785
283.655
374.124
484.039
269.357
402.787
420.008
509.448
854.603
751.983
399.499
277.597
433.842
415.424
451.315
805.149
742.112
1072
951.844
653.965
429.006
483.649
345.959
587.538
1064.1
1877.05
1113.19
783.274
1483.84
752.057
1513.68
654.14
1084.89
782.983
603.406
484.941
437.652
349.859
1918.58
1864.9
1071.35
805.406
1497.02
759.422
1557.46
933.906
1003.94
641.694
365.586
475.926
342.352
519.318
1035.65
637.617
702.214
364.707
490.18
341.092
539.549
711.408
934.737
646.264
475.172
519.513
371.897
347.611
967.556
717.343
643.985
372.14
494.929
344.408
549.766
542.078
321.718
306.262
476.238
519.977
987.529
918.605
761.212
287.941
364.083
1862.16
636.398
1879.32
1200.65
1239.74
2095.58
1471.3
863.882
1724.54
1024.51
1587.1
1282.94
2193.4
2024.46
1841.44
1092.94
908.651
1670.38
1485.44
878.641
1190.92
448.398
947.824
677.233
653.044
1241.98
1202.56
897.268
653.973
946.911
456.808
687.903
1534.1
684.59
871.619
1592.5
916.926
1238.03
1860.19
457.832
318.464
537.583
826.616
564.483
973.393
1271.85
714.825
510.528
375.802
885.738
642.346
1150.34
1396.19
1120.53
941.292
1035.56
1664.54
1579.09
1610.29
1638.88
951.489
1181.35
1090.62
1581.02
1721.56
1678.74
1626.28
1040.09
1044.53
944.29
1583.06
1643.3
1679.07
1627.73
1092.09
1181.48
1050.55
1579.23
1609.13
1700.89
1676.77
295.964
2571.89
1777.74
299.398
288.108
287.926
287.926
378.045
1806.04
1683.43
288.177
288.032
287.927
287.945
1242.03
840.628
743.619
1334.12
1602.63
1242.32
1693.58
1355.9
800.936
913.137
1367.38
1644.38
1738.56
1272.52
1292.91
735.298
797.795
1292.64
1598.61
1231.76
1644.1
1404.65
788.075
853.202
1321.89
1641.3
1688.84
1260.33
1488.58
866.598
937.578
1473.33
1803.19
1811.18
1425.24
1617.5
1142.73
1081.45
1532.66
1766.11
1757.91
1494.21
1606.56
1253.01
1323.45
1754.62
1839.78
1820.3
1746.98
1260.54
1637.92
1377.2
1799.65
1756.25
1868.25
1704.17
1499.49
1555.34
1238.58
1710.25
1670.56
1662.59
1714.26
2304.92
2264.91
1564.47
2055.36
2600.04
2021.54
2617.4
1575.46
1344.78
1262.15
1842.94
1751.97
1771.07
1834.8
1329.77
1524.11
1251.9
1740.52
1753.16
1703.05
1773.84
1559.09
2269.47
1612.98
2020.71
2586.5
2013.76
2565.32
1602.41
1507.8
1253.86
1653.93
1655.85
1744.34
1746.76
1289.44
784.256
1252.1
1631.82
1621.27
1674
1868.17
1675.23
1485.02
1280.05
1628.8
1644.67
1736
1766.05
1658.52
1832.22
1216.17
1659
2484.93
2004.99
2185.54
1781.2
1944.99
1311.53
1695.44
2541.75
2049.82
2228.96
1436.04
1255.79
962.038
1435.88
1830.26
1654.65
1734.38
1543.97
1337.92
1030.27
1466.78
1847.65
1773.53
1685.69
1774.94
1384.32
1113.64
1588.73
1825.08
1833.28
1755.76
1730.35
1701.64
1501.96
1799.71
1659.79
1782.72
1798.55
1811.81
1476.87
1671.49
1767.54
1585.53
1766.49
1723.68
1775.01
2561.44
2400.2
2125.99
2705.12
2194.38
2656.94
233.485
221.154
1365.28
247.585
443.036
1192.67
213.944
237.163
210.585
226.131
215.838
244.767
232.629
228.117
216.701
237.681
240.804
226.674
228.505
218.234
591.932
277.107
955.238
376.668
1319.1
218.032
801.514
1173.52
907.653
215.799
351.62
1310.29
1592.14
508.554
222.818
212.521
208.993
255.314
255.677
742.545
1271.96
229.702
224.187
230.497
224.187
222.031
229.705
218.274
223.919
219.473
222.088
234.547
216.838
228.532
229.428
242.344
239.911
236.636
230.627
239.612
236.447
235.69
227.441
214.48
218.355
222.262
216.331
227.528
212.984
227.699
224.68
224.247
235.461
222.147
231.563
230.781
244.513
236.866
239.822
232.418
239.623
237.322
236.272
229.588
236.572
223.864
225.347
231.018
227.63
231.908
233.046
216.155
219.136
224.97
217.591
228.57
215.77
243.667
244.442
244.07
242.556
242.984
242.642
243.705
241.497
242.848
241.862
240.679
241.647
236.408
242.442
241.476
243.818
242.511
241.189
242.245
236.195
243.08
240.785
242.321
240.267
238.985
234.221
241.212
241.787
241.075
239.217
238.538
238.477
240.147
234.944
240.044
243.775
243.773
243.933
242.268
242.5
242.607
243.289
240.944
242.254
240.282
239.143
241.246
234.635
241.653
241.41
238.977
238.766
238.648
239.939
240.031
235.76
222.026
219.811
220.302
222.942
220.81
224.375
227.112
212.643
212.449
211.687
217.474
213.801
220.833
211.608
216.756
221.541
211.694
216.79
208.409
210.632
212.043
219.161
223.212
213.981
213.212
213.884
221.28
214.681
222.642
226.475
226.573
216.127
222.424
224.756
214.428
217.494
214.048
220.878
211.783
213.858
211.651
212.765
211.709
214.431
216.197
216.744
214.589
221.667
211.317
218.007
218.238
218.954
221.137
216.416
223.469
215.475
252.177
219.658
251.301
265.501
222.321
221.231
262.743
208.799
210.943
217.762
211.404
209.654
209.052
206.254
1571.89
694.921
320.175
375.524
1736.98
1621.43
755.689
217.492
215.733
223.431
214.563
215.748
218.442
215.051
223.133
218.941
259.192
277.207
229.754
223.198
307.028
421.308
493.827
959.143
993.295
440.949
457.056
1065.31
217.717
208.804
211.367
210.984
209.64
206.266
233.443
311.989
224.19
265.069
247.503
213.009
223.448
224.179
294.224
289.92
251.068
220.552
261.624
239.044
231.104
263.733
224.233
272.962
224.267
211.254
209.863
222.855
355.671
252.074
248.14
295.633
228.855
228.767
288.614
301.408
219.98
288.032
249.713
219.404
232.479
229.705
845.403
705.404
676.192
356.091
347.421
406.804
390.111
1319.84
560.041
669.488
560.052
1048.24
484.406
1173.44
1418.78
738.585
648.636
585.228
1123.23
526.672
1213.07
370.292
519.08
277.332
353.646
223.748
245.411
308.392
233.856
269.66
252.031
389.834
320.727
442.419
591.31
285.852
233.356
309.746
233.385
227.521
207.952
285.832
442.938
320.92
269.824
320.426
252.099
233.975
390.06
1134.71
456.212
955.629
790.552
385.726
456.46
568.68
853.42
751.404
419.642
483.724
402.62
321.099
269.27
805.66
451.696
415.769
399.695
434.055
277.744
267.885
1361.85
1027.6
1078.86
759.27
705.248
522.275
490.517
1597.69
1457.24
1193.15
1124.35
896.249
609.627
785.172
1365.02
609.027
784.724
1457.16
895.478
1123.7
1597.86
916.281
1859.7
1237.03
1533.94
871.379
684.523
1341.57
973.721
826.592
564.743
783.99
537.702
318.593
457.77
642.329
885.497
510.104
1150.57
714.302
950.742
1396.26
867.695
460.865
306.719
557.468
460.664
867.262
1256.5
1745.66
1415.9
1073.81
1415.7
1785.95
1700.08
1745.92
1675.96
1629.55
1279.96
1484.97
1646.33
1766.95
1756.21
1251.91
1200.47
783.803
1288.99
1868.69
1631.86
1674.33
1737.1
2446.5
1919.03
2051.57
2551.59
2051.41
2559.02
1668.45
750.291
1592.47
1667.57
951.876
765.48
1747.71
1688.05
893.053
1696.6
1648.34
830.818
768.1
1650.22
1705.91
1218.74
1654.51
1646.53
1750.53
1614.16
1763.6
1656.27
1195.33
1659.02
1654.9
1696.71
1610.02
1699.62
1630.02
1681.7
785.494
894.025
1613.93
749.253
1694.88
1678.73
1730.5
820.326
977.97
861.404
1761.18
1643.78
1732.18
1616.79
1660.49
1467.71
1508.47
887.349
869.107
1799.36
1749.23
1593.24
747.758
1694.35
1524.33
1794.4
1682.79
1596.6
1690.75
1434.32
1505.2
861.336
826.392
1745.48
1069.98
1605.78
1548.42
1706.51
1836.52
1722.55
1871.95
1717.61
1757.16
1327.73
1857.77
1697.9
693.259
1562.32
1378.17
358.747
690.558
581.417
1266.35
1640.26
1616.59
1245.38
376.872
593.703
621.683
1319.08
1524.62
2002.92
2535.04
1265.67
1069.31
965.49
2029.39
2506.82
1514.73
1253.04
600.89
356.726
552.439
1529.28
1221.72
1372.81
686.544
1638.75
1571.11
358.92
585.075
1268.11
1807.59
1601.87
1852.85
1787.07
1852.69
1807.24
1181.78
1680.71
1691.46
1869.59
1608.65
1873.55
1760.47
938.948
2018.1
1639.4
2640.13
2641.24
2117.01
2129.34
2502.81
1465.99
1098.52
334.844
530.157
1447.38
513.301
1115.42
1053.04
498.749
1415.21
1477.5
325.847
493.573
1081.34
1927.13
2520.07
1124.14
1040.33
846.234
2015.36
2429.38
2086.95
2589.75
2049.06
2391.57
1825.76
1127.21
1720.06
1795.36
1400.27
1636.77
1074.12
1429.19
731.445
417.61
1461.85
1872.36
1699.18
1717.91
1330.01
1858.91
1758.37
1814.37
1006.39
530.035
1209.91
1547.44
1352.91
1791.7
1360.21
568.585
310.681
311.793
405.425
983.132
952.59
1724.71
1816.27
337.144
737.837
538.753
1303.5
2229.45
1890.82
2111.1
412.682
953.208
703.926
1594.79
2393.89
1395.43
636.457
318.435
314.603
419.721
1039.6
1013.65
372.691
1042.15
1097.44
333.12
289.156
332.366
289.098
377.792
1073.57
1096.9
339.424
289.346
339.442
289.291
503.428
302.81
584.173
290.685
288.085
288.024
292.321
315.353
288.669
352.851
1049.04
315.266
1733.63
1048.11
720.968
347.995
1106.16
347.928
288.101
288.98
299.55
294.12
889.068
362.541
287.98
289.191
301.723
288.632
550.723
2355.89
1688.79
552.065
306.793
292.314
1037.05
2136.06
377.552
1476.25
478.113
296.097
290.038
867.103
569.116
313.436
953.421
333.639
288.026
288.547
296.493
287.997
297.227
294.466
288.451
287.935
287.932
288.72
299.84
301.003
312.829
288.07
288.281
288.227
288.103
315.332
300.352
309.416
288.317
288.13
288.22
288.088
417.41
294.077
361.898
289.186
301.627
288.626
287.98
289.034
327.835
1066.53
338.96
962.234
1769.93
1127.41
314.036
288.23
293.813
304.689
510.661
1555.16
908.264
291.413
288.134
291.776
525.145
526.237
304.221
304.681
288.166
292.71
292.611
563.565
569.215
307.882
307.93
287.927
289.398
287.941
298.173
288.034
289.404
287.941
288.026
288.548
333.745
569.004
292.357
953.728
313.469
289.993
862.441
475.223
2131.67
1470.23
375.412
578.755
287.942
289.443
290.007
288.26
319.377
448.946
297.59
287.956
288.14
290.8
288.689
287.926
287.977
287.934
288.512
292.135
291.59
287.934
287.98
287.972
287.933
287.934
287.956
290.785
288.139
287.926
287.928
287.976
309.944
291.145
382.094
288.927
287.932
287.959
288.139
290.925
288.443
291.395
287.961
287.933
287.971
287.931
306.665
310.607
299.718
288.041
288.205
288.16
288.075
288.791
289.397
297.009
287.944
288.038
287.99
287.937
288.479
288.148
292.496
996.367
638.005
313.449
364.959
289.767
287.963
287.926
287.955
287.959
287.952
289.793
289.94
287.926
287.967
287.959
287.964
290.03
287.956
288.795
288.388
291.038
287.956
287.933
287.93
287.968
287.97
289.47
288.198
287.945
287.926
287.929
287.929
288.187
287.934
288.186
287.926
287.928
287.996
287.928
287.926
288.053
287.927
287.926
287.933
287.926
287.926
287.984
288.087
290.525
287.926
287.95
287.927
287.926
289.152
287.926
287.945
288.745
287.936
288.523
339.938
287.941
287.926
287.944
287.933
287.934
288.478
288.529
287.926
287.926
287.946
287.935
287.935
288.61
288.637
287.937
287.926
287.926
288.054
287.926
287.933
287.927
291.594
287.926
288.096
288.045
287.975
287.962
303.327
288.851
287.928
287.926
287.928
287.943
287.939
288.078
287.926
287.982
287.945
287.944
287.933
288.741
290.554
287.934
287.926
287.926
287.93
287.926
287.974
288.234
287.972
287.928
287.926
287.958
287.926
287.927
287.926
287.971
287.928
287.926
287.955
287.926
287.927
287.926
287.93
287.931
287.926
287.928
287.926
287.926
287.928
287.926
287.93
287.926
287.926
287.929
287.928
287.926
287.94
287.926
287.926
287.926
287.926
287.926
287.929
287.926
287.926
287.926
287.926
287.926
287.927
287.926
287.926
287.926
287.926
287.927
287.926
287.926
287.926
287.926
287.926
287.927
287.927
287.926
287.926
287.926
287.926
287.926
287.929
287.928
287.926
287.926
287.928
287.936
287.926
287.926
287.926
287.926
287.926
287.928
287.926
287.926
287.926
287.926
287.926
287.926
287.926
287.926
287.926
287.928
287.927
287.926
287.926
287.927
287.926
287.926
287.926
287.927
287.926
287.926
287.926
287.926
287.926
287.932
287.926
287.926
287.926
287.926
287.926
287.926
287.926
287.926
287.926
287.926
287.926
287.926
287.926
287.926
287.926
287.926
287.926
287.926
287.926
287.926
287.926
287.926
287.926
287.926
287.926
287.926
287.926
287.926
287.926
287.926
287.926
287.926
287.926
287.926
287.926
287.926
287.926
287.926
287.926
287.926
287.926
287.926
287.926
287.926
287.926
287.926
287.926
287.926
287.926
287.926
287.926
287.926
287.926
573.656
294.703
1409.95
1386.98
303.936
1240.17
300.638
1234.9
1217.77
1202.34
1217.62
1360.75
1360.79
1373.36
1345.8
1255.67
1213.94
1227.06
1345.77
1338.6
1332.2
1350.82
1384.8
1306.09
1277.92
1386.43
1383.15
1390.9
1393.73
1414.91
1316.39
1283.76
1375.17
1370.9
1384.31
1373.73
744.833
303.114
744.58
303.977
737.047
303.952
742.452
709.089
300.269
301.681
688.306
301.868
703.979
684.895
294.28
298.352
655.846
693.44
295.873
300.384
610.922
716.782
296.294
588.188
299.885
691.096
301.595
622.508
227.105
218.958
461.02
701.766
1604.51
586.933
387.734
1386.24
268.375
219.168
251.995
220.91
254.547
222.26
263.559
281.11
281.297
221.405
234.522
262.55
226.22
310.668
254.779
364.944
247.836
300.423
227.228
230.075
291.041
418.08
353.686
730.295
835.125
363.792
400.503
875.298
964.962
465.585
809.448
1143.03
393.224
975.185
570.943
450.451
320.593
273.509
325.593
255.889
237.575
390.112
264.206
219.252
807.053
643.753
265.343
844.793
217.73
642.631
248.097
218.964
247.845
219.235
219.994
246.196
249.402
247.4
219.233
246.903
246.816
219.175
219.117
245.475
223.684
268.532
224.142
252.63
220.07
220.744
254.825
221.113
262.573
222.179
217.979
252.106
251.183
219.547
334.496
335.919
661.8
625.027
330.05
635.908
341.985
625.236
336.473
331.548
331.492
614.518
327.579
625.199
392.563
854.85
411.367
350.238
720.891
684.575
361.645
406.494
800.963
389.842
705.107
355.965
347.275
675.892
1347.08
789.497
738.303
540.403
1063.94
509.413
1109.46
1473.1
1123.98
914.853
621.423
1372.86
1212.03
784.138
1687.76
1196.13
709.938
323.396
898.544
1613.69
1757.04
445.302
273.916
238.878
256.058
319.882
387.719
441.408
579.186
1078.27
295.384
321.544
1758.49
1082.57
290.191
1623.9
591.244
228.603
251.897
288.384
228.674
247.969
355.385
376.281
230.546
298.857
232.526
256.067
250.069
357.407
379.068
521.754
1026.99
490.121
704.762
1361.75
758.686
1318.8
520.077
476.371
306.138
541.846
987.931
589.24
918.873
1364.17
759.178
524.65
1030.31
492.484
706.536
1320.09
525.075
992.303
325.56
479.391
308.456
543.979
921.928
714.303
840.991
305.087
444.075
543.914
836.726
1219.58
1460.53
889.738
608.292
1366.24
775.976
1110.04
1603.62
643.705
1151.02
376.701
873.728
500.496
932.177
1390.79
1081.26
1618.08
1533.48
1766.35
1142.74
1595.27
1494.64
1144.2
1772.54
1540.52
1082.93
1768.43
1596.49
1497.35
1912
1224.23
1151.09
750.211
1260.53
1675.27
1621.17
1403
1574.9
1057.97
1398.54
1841.4
1761.04
1699.33
1278.79
1771.17
1639.25
1480.66
1722.85
1787.41
1781.67
1842.99
1722.9
1480.99
1615.46
1913.11
1823.19
1917.38
958.578
536.957
287.926
287.929
287.945
288.216
512.89
1476.08
288.467
290.276
1524.44
1257.84
1508.62
287.932
287.932
661.804
1509.06
1617.01
1615.28
1305.67
1335.27
1135.25
1076.65
1527.12
1621.3
1614.14
1302.17
1329.13
1132.3
1084.65
1229.03
1565.95
1631.08
1618.49
1623.21
1082.83
738.819
1173.58
1570.47
1603.73
715.769
335.718
644.677
357.582
1200.73
341.082
1584.18
1260.41
1603.77
716.965
358.83
1636.26
1097.21
1498.64
455.038
800.07
469.251
316.262
290.287
330.765
440.495
291.004
472.038
342.646
288.634
291.067
441.756
475.797
342.876
288.44
329.046
288.635
1037.1
314.355
1521.16
745.907
1369.13
389.222
296.219
289.227
312.096
383.076
288.434
329.767
297.536
288.028
1021.7
301.024
418.395
288.04
309.828
289.221
290.369
288.005
295.079
288.514
297.333
287.935
288.033
288.736
297.218
287.997
288.45
287.935
294.465
288.031
288.719
288.057
289.852
300.11
290.063
287.928
287.947
288.195
287.964
291.485
288.203
289.013
287.926
287.937
288.003
287.927
288.134
287.926
287.926
287.928
287.938
287.947
287.926
287.926
287.93
1861.9
685.704
1851.84
1012.75
288.302
297.365
287.926
287.926
1835.43
1783.89
1744.87
1697.57
1635.19
978.342
865.338
1876.96
1340.23
1625.66
1110.12
1468.83
633.343
383.59
287.926
288.188
288.049
287.926
287.926
287.926
287.926
288.057
287.926
287.932
287.926
287.926
287.926
287.926
288.033
287.926
287.926
287.926
287.926
287.926
287.926
318.636
911.564
308.986
288.489
325.85
313.117
288.293
727.424
293.768
623.997
288.249
314.2
304.951
288.127
296.395
412.833
289.637
297.632
287.952
289.768
288.059
322.786
289.899
444.41
294.133
287.939
287.995
289.063
287.935
287.933
288.472
288.274
287.926
287.93
287.932
288.048
287.926
287.926
287.926
287.927
287.949
287.928
288.046
287.934
287.933
287.927
287.927
287.926
287.926
288.029
287.935
287.933
287.927
287.927
287.926
287.926
287.991
287.93
287.928
287.927
287.926
287.926
287.926
287.951
288.078
287.926
288.526
304.819
287.932
287.926
1114.53
1547.25
1870.21
295.522
1428.44
297.081
287.926
1384.85
1589.74
1609.62
1756.69
1776.06
1834.19
1826.17
287.926
287.926
289.254
287.926
364.218
288.187
287.926
1681.3
1761.7
1874.64
1692.53
1880.4
1610.21
940.642
310.095
288.088
287.926
287.926
287.926
287.926
287.926
529.824
1353.19
1815.32
1008.19
1793.02
1210.97
343.82
591.366
1844.96
1578.38
1006.53
1798.46
1225.07
351.964
287.926
288.043
287.926
287.926
287.926
287.926
287.926
287.926
287.956
287.926
287.926
287.926
287.926
287.926
287.929
1830.89
287.926
287.926
287.926
287.926
890.907
369.065
1844.1
287.926
288.188
620.142
287.926
1834.62
1784.59
1730.33
1700.5
1626.51
853.412
983.467
287.94
295.675
623.026
287.926
287.927
287.926
287.926
1797.65
1224.68
1579.07
1006.8
1429.73
592.565
351.914
910.288
512.392
1557.2
638.199
288.233
314.23
293.867
745.657
458.556
1481.58
624.226
288.174
310.068
293.569
1128.53
1066.82
1770.51
963.134
339.201
327.905
289.037
287.989
287.926
287.926
287.926
287.926
287.926
287.926
307.148
1015.91
318.653
311.417
288.49
288.262
326.158
732.763
293.63
297.555
304.206
288.253
288.118
314.587
309.936
744.592
1480.58
297.044
458.156
293.539
288.173
287.926
288.005
287.928
287.926
287.926
287.926
287.926
287.926
287.929
287.927
287.926
287.926
287.926
287.926
288.028
629.667
294.352
369.303
287.942
289.081
288.978
382.216
291.146
288.929
288.519
288.141
287.959
287.932
288.973
630.453
294.363
295.55
287.942
288.028
289.077
312.511
425.638
289.602
292.97
287.934
287.982
288.669
289.745
287.955
289.781
287.962
287.959
287.926
287.926
287.926
287.926
287.926
287.926
287.926
287.926
287.926
287.941
289.154
340.189
287.936
288.749
287.945
287.926
287.926
287.926
287.926
287.926
287.926
287.926
287.926
287.946
288.615
335.37
287.937
288.616
287.946
287.926
311.43
287.934
288.569
287.932
288.429
287.94
287.926
289.945
287.959
290.028
287.967
287.964
287.926
287.926
288.428
287.932
288.566
311.354
288.186
287.926
287.934
288.283
287.931
288.019
287.927
288.021
287.93
287.926
287.928
287.939
288.853
287.928
287.943
287.926
287.926
295.734
287.931
287.927
287.93
288.285
288.021
288.02
290.551
287.927
287.929
287.985
287.95
287.926
287.926
287.962
303.198
291.552
288.096
287.975
287.926
287.927
287.926
287.926
287.926
287.926
287.926
287.926
287.926
288.25
287.935
287.926
287.933
287.93
287.931
288.477
288.018
287.947
289.94
287.926
287.985
287.929
287.926
288.035
287.93
287.928
287.927
287.926
287.926
287.926
287.929
287.983
287.98
287.926
287.926
287.926
287.926
775.788
288.296
1636.55
1507.63
938.651
859.089
311.222
1624.9
950.089
1485.51
872.987
1430.91
1447.28
1808.15
1827.32
867.537
1474.52
1426.14
1490.25
1439.83
1803.92
1812.05
287.926
1550.01
862.742
1595.08
1814.57
1798.31
1750.44
1715.31
1852.53
1697.94
1836.57
1784.88
867.221
1746.31
979.115
1592.55
1693.49
746.016
1523.54
1800.14
1794.9
1748.49
850.745
1835.56
1729.31
1699.1
1831.84
1783.79
980.783
287.926
287.931
523.86
287.93
583.4
287.926
287.926
587.384
298.526
291.063
303.049
292.415
288.088
288.036
502.643
302.746
297.299
290.674
292.308
288.084
288.023
309.15
288.494
318.896
1014.48
313.293
913.894
326.078
288.259
288.487
318.467
888.585
307.013
1013.66
325.864
288.176
287.933
288.301
287.93
287.926
287.929
287.926
287.933
288.294
288.148
287.93
287.926
287.928
287.926
288.061
287.941
287.934
287.928
287.927
287.926
287.926
287.966
287.926
287.928
287.926
287.926
287.926
287.926
287.927
287.927
287.997
287.926
287.938
287.926
287.926
288.022
287.926
287.926
287.926
287.927
287.927
287.941
287.965
287.928
287.973
287.926
287.926
287.926
287.926
287.958
287.926
287.973
287.928
287.926
287.927
287.926
287.926
287.927
287.955
287.926
287.971
287.928
287.926
287.948
287.926
287.927
287.926
287.926
287.926
287.926
287.926
287.926
287.936
287.926
287.928
287.926
287.926
287.945
287.926
287.926
287.926
287.926
287.926
287.926
287.93
287.928
287.965
287.926
287.926
287.926
287.926
287.926
287.949
287.929
287.926
287.926
287.926
287.926
287.926
287.926
287.926
287.926
287.926
287.926
287.926
287.949
287.926
287.926
287.926
287.926
287.926
287.926
287.926
287.926
287.935
287.926
287.926
287.926
287.926
287.926
287.926
287.937
287.926
287.926
287.926
287.926
287.926
287.937
287.926
287.926
287.926
287.926
287.926
287.926
287.926
287.929
287.926
287.926
287.926
287.926
287.935
287.926
287.926
287.926
287.926
287.926
287.926
287.926
287.926
287.926
287.926
287.926
287.926
287.926
287.926
287.927
287.926
287.926
287.926
287.926
287.926
287.926
287.926
287.926
287.926
287.926
287.926
287.926
287.926
287.927
287.926
287.926
287.926
287.926
287.926
287.926
287.926
287.926
287.926
287.926
287.926
287.926
287.926
287.926
287.926
287.926
287.926
287.926
287.926
287.926
287.926
287.927
287.926
287.926
287.926
287.926
287.926
287.926
287.926
287.926
287.926
287.926
287.926
287.926
287.926
287.926
287.926
287.926
287.926
287.926
287.926
287.926
287.926
287.926
287.926
287.926
287.926
287.926
287.926
287.926
287.926
287.926
287.926
287.926
287.926
287.926
287.927
287.926
287.926
287.926
287.926
287.926
287.926
287.926
287.926
287.926
287.926
287.926
287.926
287.926
287.926
287.926
287.926
287.926
287.926
287.926
287.926
287.926
287.926
287.926
287.926
287.926
287.926
287.926
287.926
287.926
287.926
287.926
287.926
287.926
287.926
287.926
287.926
287.926
287.926
287.926
287.926
287.926
287.926
287.926
287.926
287.926
287.926
287.926
287.926
287.926
287.926
287.926
287.926
287.926
287.926
287.926
287.926
287.926
287.926
287.926
287.926
287.926
287.926
287.926
287.926
287.926
287.926
287.926
287.926
287.926
287.926
287.926
287.926
287.926
287.926
287.926
287.926
287.926
287.926
287.926
287.926
287.926
287.926
287.926
287.926
287.926
287.926
287.926
287.926
)
;

boundaryField
{
    ground
    {
        type            zeroGradient;
    }
    outlet
    {
        type            zeroGradient;
    }
    wall
    {
        type            zeroGradient;
    }
    wall2
    {
        type            zeroGradient;
    }
    wall3
    {
        type            zeroGradient;
    }
    internalPatch
    {
        type            internal;
    }
    procBoundary5to0
    {
        type            processor;
        value           nonuniform List<scalar> 
96
(
290.174
287.946
288.102
306.375
970.282
497.78
304.568
288.071
287.927
287.926
287.926
287.927
287.926
287.926
287.932
288.546
354.569
1310.07
1932.23
1896.88
1653.42
1415.21
1270.37
1217.49
1260.43
1288.11
799.593
484.977
350.025
350.025
654.724
1262.09
1706.37
1802.11
2128.55
2659.44
2401.53
2025.22
1670.74
1670.74
1841.7
2079.65
2389.21
2371.77
2002.68
1708.11
1495.45
766.86
339.002
274.64
269.95
277.849
312.446
440.547
752.399
1266.07
1719.49
1799.08
1595.97
970.684
1869.91
1898.68
1585.86
1203.32
911.714
760.912
706.256
738.678
876.644
1393.75
1414.04
935.158
603.406
437.706
437.706
783.57
1378.79
1776.61
1283.74
909.032
909.032
1093.33
1396.2
1803.31
1790.48
1327.66
974.903
510.853
401.783
387.319
415.925
510.126
736.867
1151.45
1619.57
1910.27
)
;
    }
    procBoundary5to1
    {
        type            processor;
        value           nonuniform List<scalar> 
698
(
287.926
287.926
287.926
287.926
287.926
287.926
287.926
287.926
287.926
287.926
287.926
287.926
287.926
287.926
287.926
287.926
287.926
287.926
287.926
287.926
287.926
287.926
287.926
287.926
287.926
287.926
287.926
287.926
287.926
287.926
287.926
287.926
287.926
287.926
287.926
287.926
287.926
287.926
287.926
287.926
287.926
287.926
287.926
287.926
287.926
287.926
287.926
287.926
287.926
287.926
287.926
287.926
287.926
287.926
287.926
287.926
287.926
287.926
287.926
287.926
287.926
287.926
287.926
287.926
287.926
287.926
287.926
287.926
287.926
287.927
287.926
287.929
287.926
287.929
287.926
287.926
287.926
287.926
287.926
287.926
287.926
287.926
287.926
287.926
287.926
287.926
287.926
287.926
287.926
287.926
287.926
287.926
287.926
287.927
287.926
287.926
287.926
287.926
287.926
287.926
287.926
287.926
287.926
287.926
287.927
287.926
287.926
287.926
287.926
287.926
287.926
287.926
287.926
287.926
287.926
287.926
287.926
287.926
287.941
288.671
287.985
289.947
288.019
289.445
287.974
287.927
287.926
287.926
287.926
287.926
287.926
287.926
287.926
287.926
287.926
287.926
287.926
287.926
287.926
287.926
287.926
287.926
287.926
287.926
287.926
287.926
287.926
287.926
287.926
287.927
287.938
287.938
287.926
287.926
287.926
287.926
287.926
287.926
287.926
287.926
287.927
287.927
287.927
287.927
287.926
287.926
287.926
287.926
287.926
287.926
287.926
287.926
287.946
287.946
287.926
287.926
287.926
287.926
287.926
287.926
287.926
287.926
287.926
287.926
287.926
287.926
287.926
287.926
287.926
287.926
287.926
287.926
287.926
287.926
287.926
287.926
287.926
287.926
287.926
287.926
287.926
287.926
287.926
287.926
287.926
287.926
287.926
287.926
287.926
287.926
287.926
287.926
287.926
287.926
287.926
287.926
287.926
287.926
287.927
287.983
290.613
366.712
1004.36
1822.63
2233.4
2432.61
2523.45
2538.78
2510.98
2006.42
1733.44
1646.39
1652.1
1704.92
1253.53
647.122
347.943
347.943
475.714
776.788
1252.72
1309.96
1460.11
1698.31
1922.94
1897.32
1153.1
326.213
288.292
287.929
287.926
287.926
287.926
287.926
287.926
287.926
287.927
287.932
287.943
287.957
287.967
287.968
287.957
287.942
287.931
287.927
287.926
287.929
287.926
287.926
287.926
287.926
287.926
287.926
287.926
287.926
287.926
287.926
287.926
287.926
287.926
287.931
287.927
288.022
292.945
424.853
312.499
568.534
319.429
449.487
297.6
288.233
287.934
287.945
287.926
287.926
287.926
287.926
287.926
287.926
287.926
287.926
287.926
287.926
287.926
287.926
287.926
287.926
287.926
287.926
287.926
287.926
287.926
287.926
287.926
287.926
287.926
287.926
287.926
287.926
287.926
287.926
287.926
287.926
287.927
287.997
287.997
287.927
287.926
287.926
287.926
287.926
287.926
287.926
287.926
287.926
287.926
287.926
287.926
287.926
287.926
287.926
287.927
288.02
288.02
287.927
287.926
287.926
287.926
287.926
287.926
287.926
287.926
287.926
287.926
287.926
287.926
287.926
287.926
287.926
287.926
287.926
287.926
287.926
287.926
287.926
287.926
287.926
287.926
287.926
287.926
287.926
287.926
287.926
287.926
287.926
287.926
287.926
287.926
287.926
287.926
287.926
287.926
287.926
287.926
287.926
287.926
287.926
287.926
287.926
287.926
287.926
287.926
287.926
287.926
287.926
287.926
287.926
287.926
287.926
287.926
287.926
287.926
287.926
287.926
287.926
287.926
287.926
287.926
287.926
287.926
287.926
287.926
287.926
287.926
287.926
287.926
287.926
287.926
287.926
287.926
287.926
287.926
287.926
287.926
287.926
287.926
287.926
287.926
287.926
287.926
287.926
287.926
287.926
287.926
287.926
287.926
287.926
287.926
287.926
287.926
287.926
287.926
287.926
287.926
287.926
287.926
287.926
287.926
287.926
287.926
287.926
287.926
287.926
287.926
287.926
287.926
287.926
287.926
287.926
287.926
287.926
287.926
287.926
287.926
287.926
287.926
287.926
287.926
287.926
287.926
287.926
287.926
287.926
287.926
287.926
287.926
287.926
287.93
288.149
288.149
287.928
287.926
287.926
287.926
287.926
287.926
287.926
287.926
287.926
287.926
287.926
287.929
288.174
288.174
287.931
287.926
287.926
287.926
287.926
287.933
287.933
288.295
288.295
287.93
287.926
287.926
287.926
287.926
287.926
287.926
287.93
288.297
288.297
287.926
287.926
287.926
287.926
287.926
287.946
288.763
314.163
644.652
1310.37
1729.36
1930.79
2018.94
2032.76
1764.5
1681.91
1690.21
1697.66
1649.63
1742.18
1331.54
712.664
372.465
372.465
520.49
841.188
1014.39
1323.32
1690.85
1926.92
1701.47
651.029
293.141
287.973
287.926
287.926
287.926
287.926
287.926
287.927
287.929
287.933
287.935
287.935
287.932
287.927
287.927
287.926
287.926
287.926
287.926
287.926
287.926
287.926
287.926
287.926
287.926
287.926
287.935
287.935
288.473
288.248
304.06
617.901
1264.35
981.855
1360.91
953.829
1118.42
570.955
307.952
288.609
288.641
287.946
287.926
287.926
287.926
287.926
287.926
287.926
287.926
287.941
288.493
304.67
531.536
1087.64
1482.34
1671.64
1751.5
1672.21
1684.38
1696.11
1640.13
1639.02
1572.06
1800.99
1503.44
898.738
457.662
457.662
655.243
947.931
1389.04
1777.3
1856
1135.75
322.589
288.264
287.929
287.926
287.926
287.926
287.926
287.927
287.927
287.926
287.926
287.926
287.926
287.94
287.926
287.97
287.927
288.02
287.927
288.059
287.932
288.276
288.476
314.287
314.358
730.388
1376.23
1372.45
1269.07
1799.27
1731.11
1242.85
688.702
688.702
1124.93
1603.03
1845.36
1419.91
410.174
289.272
287.94
289.272
410.174
292.273
583.934
296.416
686.605
297.651
634.016
305.049
625.056
727.469
1469.77
1877.25
1631.21
1124.93
1603.03
1845.36
1419.91
1604.16
1864.04
1626.66
1562.47
1631.67
1468.31
1451.45
1103.65
566.896
308.153
304.963
288.538
287.944
287.926
528.466
1058.12
1419.75
1596.54
1617.14
)
;
    }
    procBoundary5to4
    {
        type            processor;
        value           nonuniform List<scalar> 
688
(
539.952
366.817
1187.63
1342
1361.77
635.597
297.422
293.158
288.991
288.386
325.785
1057.89
1612.92
1561.11
1418.51
1321.29
1255.93
1351.24
685.137
300.29
288.085
288.03
287.973
287.947
287.932
288.057
300.09
799.611
1636.45
1575.53
1373.64
1212.72
875.706
730.469
661.749
635.741
1227.14
1346.03
709.206
301.879
288.12
288.04
288.016
287.978
287.943
287.929
287.927
287.947
290.059
468.976
1498.35
1761.31
1399.02
1058.72
784.888
621.893
418.195
363.809
341.973
334.499
334.499
635.741
1227.14
1346.03
709.206
301.879
288.183
288.138
288.046
287.967
287.967
287.957
287.933
287.935
287.935
287.932
287.929
287.927
287.931
287.947
287.979
288.021
288.046
288.041
288.016
291.775
291.775
289.543
288.387
288.011
295.941
693.277
1594.99
1594.99
1764.52
1487.47
944.982
504.142
307.644
247.896
236.046
233.6
235.64
271.645
643.912
1329.89
1195.66
1097.37
1033.05
889.934
826.936
805.345
808.937
808.937
773.511
772.177
787.341
816.648
826.243
855.63
890.268
939.743
1018.56
1135.1
1289.33
1479.08
1735.33
2079.35
2448.85
2742.05
2645.96
1441.73
324.198
324.198
290.143
288.004
287.928
287.927
287.926
287.927
287.927
287.926
287.926
287.926
287.927
287.961
288.507
288.507
287.964
287.927
287.926
287.926
287.926
287.928
288.115
299.87
288.044
287.927
287.926
287.926
287.926
287.926
287.928
288.134
309.798
1021.22
1823.14
1723.09
1260.7
837.126
544.353
390.441
325.736
268.391
254.549
249.412
248.161
248.161
246.16
329.978
624.782
1213.75
1332.39
704.344
301.703
288.183
288.183
288.167
288.107
288.02
287.957
287.941
287.979
288.044
288.108
288.139
288.12
288.085
295.078
589.346
498.889
498.889
401.455
325.838
1058.16
1612.46
1612.46
1560.68
1606.06
1680.28
1298.52
727.417
380.215
257.853
225.818
221.538
220.874
221.658
242.36
560.982
507.304
474.581
406.049
383.427
378.236
377.749
377.749
377.749
366.998
361.307
364.474
375.709
383.187
397.566
411.853
432.398
467.193
525.508
617.25
756.647
1000.6
1396.01
1864.04
2218.03
2094.06
978.733
303.555
303.555
288.788
287.957
287.951
287.954
287.956
287.95
287.935
288.155
291.661
291.661
542.807
342.602
291.774
288.041
287.928
288.117
303.489
809.663
1701.88
651.547
293.155
287.973
287.926
287.938
289.221
418.384
1480.9
1913.33
1675.35
1223.75
750.019
444.142
305.244
256.011
237.611
222.255
219.177
218.988
220.079
220.079
219.199
217.813
244.802
329.038
624.46
1212.38
1333.5
707.633
301.808
288.148
288.151
288.122
297.414
635.511
1361.4
1363.67
1335
1335
1250.47
1541.1
1541.1
1468.73
1418.11
1522.77
1597.95
1623.54
1175.29
611.15
327.69
239.346
217.647
216.368
216.946
216.87
229.596
223.485
210.882
214.207
222.752
230.085
229.141
229.141
377.749
377.749
229.407
220.462
220.462
211.238
205.265
207.49
214.222
220.331
223.411
225.533
227.949
231.759
257.703
335.563
529.836
935.401
1490.46
1877.12
1744.03
776.083
298.988
298.988
288.561
288.564
288.616
288.481
297.008
297.008
708.524
1645.83
1568.56
1235.89
568.38
299.031
787.772
1750.73
1927.32
1690.74
1322.29
798.654
441.284
283.25
230.574
214.917
212.129
212.749
214.595
218.393
222.267
222.267
221.322
221.532
221.273
219.906
219.29
217.279
246
334.279
641.974
1231.74
1336.81
689.74
300.707
288.13
298.372
651.655
1355.71
1294.98
1320.86
1380.56
1468.17
1468.17
1468.17
1380.56
1320.86
1294.98
1393.68
1504.46
1590.86
1599.2
1119.3
564.448
309.942
233.097
214.963
215.052
216.204
215.078
212.536
220.283
224.058
226.303
231.555
227.826
231.668
231.668
228.384
220.462
220.462
226.729
219.309
219.309
210.318
211.08
220.275
220.275
224.852
224.852
223.873
222.767
222.135
220.772
230.425
274.283
420.532
799.527
1374.75
1767.34
1638.75
730.028
298.356
298.356
298.998
298.998
743.263
1641.93
1753.76
1787.69
1857.06
1893.92
1631.48
1941.84
1777.01
1556.33
1013
548.223
313.806
236.328
213.797
213.129
214.586
220.784
226.524
232.081
229.698
233.838
233.838
233.743
235.095
228.819
228.059
227.855
227.772
233.937
231.861
230.325
227.114
214.27
216.726
249.93
352.202
701.336
835.598
1063.56
1344.87
736.163
362.441
245.179
209.883
207.472
211.801
214.727
223.108
229.359
227.918
228.119
233.945
237.986
235.444
235.444
233.15
229.657
232.787
228.7
219.309
219.309
227.258
222.611
225.879
220.275
220.275
224.852
224.852
232.23
232.744
232.744
222.604
220.941
219.256
228.785
270.822
408.951
776.032
1351.24
1411.27
839.976
441.722
278.986
229.508
217.428
218.908
220.072
227.913
234.753
232.866
238.832
243.488
238.826
238.023
238.023
238.395
238.527
238.749
234.402
234.177
238.439
237.299
236.019
234.197
237.882
234.742
232.733
226.707
220.387
210.914
218.534
261.435
399.346
508.134
288.801
224.666
208.094
213.239
219.2
228.91
230.894
229.818
235.185
239.033
242.912
242.912
237.986
235.838
240.98
237.407
234.415
229.9
233.89
230.515
233.563
228.994
229.815
229.351
231.149
232.056
234.266
237.789
237.937
238.358
238.358
234.326
240.889
244.851
239.778
240.073
241.825
243.171
241.904
241.904
241.631
243.252
243.651
243.278
241.89
239.116
241.316
239.267
236.954
234.546
235.336
238.399
241.946
243.593
244.874
244.874
243.18
240.068
237.407
240.981
236.837
239.034
235.181
236.659
240.071
240.128
240.43
239.615
239.615
242.415
243.693
242.97
244.75
245.961
245.961
243.171
243.954
245.343
246.009
245.579
243.893
246.3
247.738
247.738
245.848
243.179
244.879
242.913
243.758
243.581
242.543
242.415
243.693
245.853
245.853
246.788
246.788
247.424
246.239
247.739
248.448
247.961
249.016
249.016
247.74
248.334
245.589
245.164
243.843
246.206
247.424
246.788
249.104
249.104
249.515
249.515
247.525
)
;
    }
}


// ************************************************************************* //
