/*--------------------------------*- C++ -*----------------------------------*\
  =========                 |
  \\      /  F ield         | OpenFOAM: The Open Source CFD Toolbox
   \\    /   O peration     | Website:  https://openfoam.org
    \\  /    A nd           | Version:  9
     \\/     M anipulation  |
\*---------------------------------------------------------------------------*/
FoamFile
{
    format      ascii;
    class       volScalarField;
    location    "0.0005";
    object      impulseMax;
}
// * * * * * * * * * * * * * * * * * * * * * * * * * * * * * * * * * * * * * //

dimensions      [1 -1 -1 0 0 0 0];

internalField   nonuniform List<scalar> 
5811
(
1783.8
1488.11
10231.2
8055.19
1508.94
823.812
1539.55
1085.85
1756.94
1899.5
745.696
1751.63
9883.44
1675.7
1488.93
980.214
679.788
819.037
556.186
499.459
803.325
592.314
10661.5
1228.83
1175.02
1149.5
1673.65
2679.99
1986.73
1056.81
1777.54
905.328
631.858
1554.62
1484.09
676.199
755.857
1580.67
2161.86
2590.2
1932.2
132594
8384.66
5231.38
1046.49
2029.92
1977.12
2607.57
130775
4342.89
9370.61
980.749
708.806
1500.04
669.958
950.282
1579.49
811.005
1610.81
692.281
822.084
797.656
1367.42
1528.34
3697.06
1121.16
782.693
1470.62
652.421
1479.76
686.494
918.067
1573.64
669.504
794.86
762.544
1405.03
762.646
1321.03
3887.85
1160.17
1637.92
1013.58
1158.41
2672.88
1752.5
1738.78
975.434
8251.69
2468.42
1901.5
128977
5457.32
8251.09
1307.96
639.012
1434.41
794.353
772.427
3539.34
995.225
1127.29
1645.69
1118.6
2658.26
1653.75
959.157
1742.15
1747.6
2146.46
1749.02
151208
4967.05
9883.26
892.654
1050.61
1792.65
1175.65
1148.34
2677.92
1971.43
1777.06
655.857
1572.73
797.944
921.876
1492.3
685.994
1597.89
2030.74
2607.18
9371.2
1986.09
130776
4329.33
8059.27
1109.92
814.584
1520.69
1321.22
784.193
797.022
4144.93
816.439
699.195
844.19
1490.88
1522.63
4360.18
1160.51
602.52
435.618
444.125
856.089
477.046
486.348
711.096
1226.01
1191.77
498.599
382.892
1757.04
505.482
963.081
828.927
1459.82
767.534
672.073
1056.56
1430.28
3621.63
436.323
527.947
419.369
660.658
454.509
829.85
477.682
2197.94
2001.89
944.275
1998.46
128730
10660.1
5413.25
896.012
486.905
503.856
1238.5
384.898
1780.62
502.595
11512.4
7538.48
5538.95
23932
4537.43
17509.3
16849.4
12997.7
6731.35
8141.12
36608.3
14410.2
11519.9
4327.21
4377.98
1712.25
3243.2
2741.26
2782.07
2190.68
5679.04
7340.1
5533.16
5069.45
25870.1
15925.1
24699.6
4568.85
3304.44
1384.3
1467.29
1367.16
1982.58
1747.14
1971.05
1049.34
813.071
736.658
1186.03
721.089
1129.2
1191.23
8365.92
5791.9
5986.5
23087.6
5271.37
27734.9
18327.4
795.234
1114.11
744.887
1416.55
678.011
1390.88
829.943
970.481
1441.11
1175.49
882.019
1330.91
862.529
932.708
963.632
860.429
1405.67
1149.13
856.289
1316.42
911.577
1066.14
2674.89
947.401
2659.87
996.662
990.263
2590.01
939.381
1628.2
1585.34
965.847
1655.17
978.253
942.182
4659.92
3545.06
2736.48
1847.61
3195.9
2600.88
6625.39
5264.51
3957.74
3934.69
2053.77
3303.15
10912.5
3368.36
4727.17
3598.36
2890.66
1832.25
3017.41
2526.04
5622.01
18709.7
104685
77160.3
80268.7
79113.7
43469.1
29497.2
12486
6638.02
8084.03
34410.1
15668.5
4469.56
13139.3
8644.86
3694.49
3576.59
14689.2
3212.04
12026.5
12634.1
3390.77
1470.02
1516.85
1448.62
2074.85
2079.31
1850.26
4403.56
2661.66
3306.97
1748.83
2560.61
3044.85
6671.37
4351.74
3152.32
2543.55
1707.6
2535.1
6625.49
3024.97
5049.95
3896.55
3916.34
2041.59
11312.7
3351.38
3366.43
16542.6
72350.9
49045.7
93195
81675.4
49349.4
49938.1
9754.03
4289.84
4176.86
24006.4
3070.82
9335.25
8919.37
12618
6203.21
8034.99
27404
15231.6
4329.24
13592
3305.02
1384.72
1368.76
1467.59
1748.12
1982.82
1972.2
1108.21
777.884
779.148
1183.41
724.915
1110.91
1131.74
1229.52
1004.41
2125.67
1324.04
1786.16
917.06
1315.15
1256.64
1063.8
2362
1406.77
1838.36
1342.5
918.332
1521.13
2034.63
2992.36
3071.81
2672.17
1712.94
1847.98
1030.07
750.871
722.585
1176.32
683.527
1113.61
1030.31
1178.65
1350.37
994.556
2170.96
868.115
1704.79
1211.52
1174.4
1265.75
978.642
2036.58
1254.12
879.876
1686.73
1405.18
1844.75
2720.12
2727.89
1734.34
2448.74
1701.36
896.263
852.919
1094.89
1309.11
831.356
1295.54
919.102
894.417
1094.78
1309.57
856.885
917.279
825.38
1294.88
1022.97
2652.17
937.972
2636.78
987.453
985.273
2568.3
911.655
1698.15
1696
1000.16
913.564
1406.84
906.254
3042.7
1329.33
1441.38
1328.4
1922.62
1922.85
1771.43
10385.3
5844.38
7195.78
30013.1
4021.28
13390.9
15463
4666.22
1906.27
3538.5
3537.88
3070.4
3070.17
10102.8
4377.71
1711.96
2742.52
3243.49
5678.02
2782.83
2190.91
20535.6
100522
97219.3
100521
28568.6
28568.9
68541.8
6957.79
3523.15
3526.27
13142.5
12930.6
3194.81
12932.2
10385.2
7195.22
5844.41
30013.3
13390.6
4020.99
15463.1
1070.48
934.793
1841.47
1167.66
852.086
1713.09
1259.89
1067.17
933.135
1885.87
1209.54
1256.7
1753.26
834.697
957.406
708.925
735.239
1101.42
1095.13
1123.41
677.556
1470.09
3020.26
3112.57
2039.05
1539.06
2087.36
1550.39
871.59
1262.63
1038.93
857.597
805.852
1243.35
905.396
871.154
853.053
1247.81
1034.22
899.326
1238.78
806.593
1006.9
2652.55
917.532
2646.74
966.395
973.409
2574.82
884.226
1636.81
1604.27
953.378
891.667
1317.28
891.074
4485.97
2715.85
3434.54
1660.68
2369.34
1987.69
4984.99
5434.43
4123.49
4122.67
1883.7
2509.29
7042.1
2509.67
4484.82
3427.74
2703.55
1655.99
4979.92
1984.65
2366.51
26802.4
88685.7
80112.3
88685.3
32624.8
32625.8
45798.1
5874.93
3242.35
3223.6
15999.4
11788.7
2996.18
11794.7
7340
5070.23
5532.38
25869.9
4568.55
15924.8
24699.6
2522.36
1189.92
1250
1189
1837.07
1634.23
1836.09
969.456
1174.77
888.847
1442.06
862.63
935.037
1329.38
960.64
1146.34
1406.56
857.219
917.524
853.785
1312.56
1060.62
2670.56
947.442
2664.06
992.608
987.237
2596.69
934.711
1619.23
1575
955.72
983.552
956.673
1652.69
4402.94
1749.32
3305.87
2662.36
3044.4
6670.95
2561.77
5049.91
2041.32
3916.08
3896.58
3351.16
3366.42
11312.5
12618
6202.18
8035.03
27404.2
4328.84
13592.2
15231.8
4350.3
1704.63
2541.46
3151
6623.8
2534.52
3022.84
16542.1
93195.5
49046.2
72351.3
49349.5
49936.3
81675.6
9751.59
4287.53
4170.05
24003.7
9333.2
8912.6
3070.27
12997.4
8142.18
6732.31
36606.1
11519.4
4328.1
14409.6
1263.47
1408.19
1049.04
2353.19
916.805
1846.72
1322.79
1216.44
1289.54
963.36
2051.06
1250.61
892.984
1757.09
1119.87
777.142
767.842
1237.57
1079.53
717.775
1116.32
1518
3040.84
2811.91
1924.05
1808.84
2734.97
1867.92
1138.87
784.46
791.236
1259.49
738.998
1146.7
1197.54
1286.23
1068.48
2292.74
1404.06
1890.1
959.673
1368.55
1271.02
1051.01
2348.87
1418.25
1871.1
1330.42
920.79
1582.43
2024.47
3025.35
3081.98
2780.51
1886.84
1883.28
828.385
1452.72
753.633
1209.56
1355.76
709.646
812.127
820.634
718.904
1389.63
1171.41
1360.27
811.281
698.487
607.966
399.239
566.112
400.485
575.493
592.189
403.286
894.298
1704.46
1698.39
930.455
1577.45
901.991
893.603
1149.68
947.366
1279.33
1985.38
873.451
1310.63
1895.85
1174.24
1015.33
1268.76
2068.91
1412.9
913.022
1892.79
1603.73
2147.1
3348.39
3384.36
1635.15
1782.2
2368.65
6354.86
4385.58
2028.17
4386.13
2816.53
7215.25
2816.44
5258.27
3782.64
1826.37
3068.04
2713.19
2314.8
5668.97
2865.14
1347.83
1295.32
1295.22
2029.98
2030.52
1838.71
5257.55
1825.75
3781
3061.42
5669.27
2713.39
2312.72
33534.6
103320
103320
96501.4
26291.8
36747.8
26291.4
8365.31
5791.8
5985.29
23087.5
18325.7
27734.8
5270.79
6862.06
3629.22
3629.35
13462
13594.2
3617.85
13593.8
797.177
1109.87
1411.45
734.849
844.816
679.61
1390.6
603.13
404.367
577.745
402.954
604.429
591.118
404.969
925.901
1789.49
1791.32
962.697
912.727
1524.61
913.709
29.8964
43.5394
175.806
213.918
0.143976
0.535274
0.000140041
0.0115257
208.679
166.863
160.289
98.0359
92.7817
51.9258
56.1908
196.318
122.395
145.299
64.4784
81.1324
42.6181
29.8791
314.021
91.6669
321.068
141.935
277.228
293.036
339.536
330.944
327.605
335.403
337.809
329.731
332.519
333.305
330.16
348.99
354.6
346.929
349.343
341.015
340.361
345.737
292.19
322.746
319.886
321.264
269.766
265.476
320.437
320.746
326.376
328.911
328.944
305.171
301.508
327.911
288.266
328.444
332.177
320.816
234.258
254.41
313.628
321.161
341.29
335.883
329.75
272.17
291.958
324.117
295.482
134.124
243.76
217.677
236.234
210.601
298.9
285.804
192.075
116.969
168.792
219.372
194.526
266.282
103.888
39.1885
97.5751
17.9064
3.03799
2.44442
20.3567
17.3159
0.44503
15.3991
4.26247
0.0995141
0.0811591
5.02409
83.6465
17.9912
63.4192
12.894
0.535579
1.39746
7.01007
6.98627
0.289131
11.5503
2.78383
0.0215943
0.049256
1.31114
213.277
238.511
240.656
9.81054
240.638
4.82994
0.58113
1.98213
239.463
231.566
233.58
173.035
170.889
165.734
168.865
240.41
241.88
237.249
156.082
166.131
158.438
145.189
235.619
243.946
244.549
152.817
133.868
128.542
157.214
228.026
233.582
241.291
142.867
98.948
116.778
126.503
72.0252
8.81023
68.7685
61.3678
7.76834
65.005
6.8332
52.3572
7.15372
62.6176
54.2079
3.20296
5.18883
43.4609
48.7239
35.1265
4.74647
1.6598
32.1606
52.2994
4.07321
41.5238
18.2103
1.61899
1.10372
26.0843
2.88647
31.5478
327.236
292.604
336.332
296.396
347.075
361.115
264.497
285.037
341.26
275.803
283.674
304.587
353.822
355.204
299.734
357.128
355.034
328.243
313.967
297.738
316.111
360.196
323.983
342.996
344.888
319.44
351.462
352.487
316.171
260.21
243.111
247.933
249.846
256.468
277.005
272.049
345.923
358.704
353.185
361.555
339.243
329.296
358.572
272.209
273.187
257.828
303.758
287.024
269
288.456
294.274
282.131
278.887
313.026
309.579
297.255
293.224
296.932
295.87
288.712
321.515
331.222
319.862
307.235
6.06901
5.63523
0.524781
243.4
233.353
239.421
10.5541
240.993
2.03073
241.727
234.698
233.252
175.776
174.409
168.34
171.03
170.044
37.8038
214.492
14.541
0.541512
9.76305e-05
0.0114637
242.492
243.374
239.131
161.312
170.564
161.266
147.996
235.423
245.74
244.579
154.224
134.814
128.691
158.717
210.242
226.739
241.669
143.734
96.3844
115.647
126.483
9.93708
74.6792
72.6605
63.8032
8.18877
66.7848
7.39449
56.4668
8.21721
66.8089
56.4261
3.4655
5.62634
45.3167
207.481
167.115
158.195
98.5061
91.9252
50.8022
56.3428
49.8292
1.67366
35.6222
4.9206
32.3622
53.3099
4.25225
193.151
114.725
140.639
60.4576
78.6997
39.982
26.1969
42.1101
1.60581
17.2496
1.0608
25.6352
2.95438
31.6035
358.022
1363.69
1370.21
1498.36
725.947
1363.55
388.745
1582.48
1323.54
361.776
1381.97
404.944
1581.99
1443.7
1121.1
460.142
539.324
903.357
559.058
536.509
435.149
553.734
443.912
477.543
357.18
395.514
544.966
376.633
521.822
480.308
923.173
1545.37
790.909
654.176
1482.06
687.119
1473.74
1088.3
3887.39
1404.46
664.027
764.217
792.606
761.234
502.252
382.856
414.946
564.867
396.382
546.146
516.901
809.55
1615.81
951.042
670
1510.19
710.522
1501.9
1367.22
1528.31
3696.06
692.613
797.884
821.022
820.942
550.691
738.686
465.915
598.305
944.428
552.396
594.592
1172.07
1265.18
2035.72
979.06
881.044
1254.61
1686.52
1403.64
2727.87
2719.38
1844.2
1735.79
1700.79
2448.42
1174.73
1348.44
2169.59
992.441
863.342
1211
1703.51
1033.71
1177.52
761.184
723.952
679.595
1101.61
1028.75
1229.62
1324.27
2125.26
1004.42
1314.02
917.673
1785.95
1256.49
1406.74
2361.57
1062.47
916.538
1342.14
1838.2
1521.27
2992.4
3071.33
2034.37
1711.51
1847.71
2671.67
1102.82
1180.61
770.933
778.323
1125.64
724.43
1132.04
342.594
331.827
314.151
422.56
357.519
407.117
379.863
673.53
1455.53
597.443
597.998
1429.65
551.801
1456.93
377.787
339.575
359.425
397.951
386.867
443.203
442.576
559.657
1474.17
601.341
1528.97
679.924
606.637
1480.24
1369.95
511.477
507.512
561.688
1415.77
573.986
1418.4
1376.05
523.27
527.959
577.713
1436.85
594.268
1439.03
1382.46
521.256
522.33
1408.44
534.246
554.106
1433.6
1357.48
505.872
504.375
540.784
1398.28
520.722
1415.43
270.54
303.373
289.376
284.718
323.956
1303.15
342.778
313.51
271.646
318.729
1316.87
1009.95
1312.87
334.6
1059.17
266.046
342.706
1323.16
341.506
514.303
292.394
493.551
269.75
315.571
304.827
285.725
325.649
344.902
282.562
313.436
316.06
342.583
354.803
299.695
282.05
322.759
314.559
325.921
313.156
299.055
304.33
281.572
308.624
273.31
349.245
316.197
325.816
316.186
291.397
319.268
286.048
312.704
337.641
327.529
299.057
291.515
284.249
304.163
328.404
330.565
337.091
300.904
293.813
287.481
303.806
324.47
293.339
291.29
309.487
279.866
274.827
318.919
341.456
312.752
314.527
335.646
297.51
324.324
290.981
299.929
321.757
315.542
300.943
287.614
284.575
303.333
314.177
328.543
330.351
299.429
313.331
307.006
292.296
321.279
142.077
293.502
83.2398
316.593
341.843
327.459
1319.01
482.185
482.637
478.043
1253.14
475.59
1255.66
1318.06
495.638
494.478
487.944
1253.41
483.931
1254.65
339.384
338.555
341.123
316.045
327.159
319.236
325.616
344.474
341.824
343.181
318.209
326.85
318.424
328.516
293.993
281.028
281.687
53.8623
27.532
122.911
73.5629
280.477
271.37
268.303
285.465
276.671
271.77
288.831
901.078
835.037
325.81
178.182
53.7832
289.054
125.824
274.53
472.628
482.564
203.127
66.6695
292.064
127.558
301.721
286.526
281.118
63.9971
123.782
30.4254
73.0325
308.29
308.694
263.165
300.068
268.976
301.731
263.421
270.924
315.297
312.827
308.965
276.142
309.063
272.912
282.263
271.331
272.662
287.021
278.407
275.123
288.579
1322.64
518.931
506.422
1219.71
521.374
503.209
1246.6
337.665
334.23
341.686
319.188
334.6
330.114
321.77
1300.14
490.23
500.495
488.637
1218.42
502.849
1245.88
346.98
346.207
350.87
331.543
343.968
325.203
336.815
333.01
279.335
268.79
308.615
276.262
267.377
323.452
486.121
1045.14
487.363
482.351
1173.31
480.185
1169.06
278.188
347.53
328.903
338.818
290.868
320.907
279.591
1043.36
1056.06
488.9
489.84
1171.04
485.256
1165.91
279.472
292.513
272.501
289.986
281.393
275.029
296.201
312.38
298.065
296.507
302.781
318.251
305.106
317.193
289.385
289.433
278.526
292.231
304.506
294.502
281.684
312.85
298.425
297.447
304.532
317.611
304.232
319.326
327.303
333.438
334.647
329.898
329.409
330.412
330.316
492.886
949.179
496.048
492.273
1102.73
505.365
1147.25
504.96
955.398
1011.23
1104.48
523.728
505.224
1146.25
315.241
301.222
305.892
307.523
327.797
322.027
312.98
320.049
313.414
305.447
321.507
335.66
312.262
327.126
333.839
344.572
338.914
341.282
335.065
335.299
338.78
279.452
271.246
269.116
263.603
262.81
257.82
268.414
273.425
326.113
323.083
269.593
315.331
316.203
268.738
280.79
272.263
272.056
263.428
268.278
265.452
261.388
320.436
320.759
269.407
267.745
263.446
308.979
314.312
318.671
326.877
326.489
326.388
305.705
299.28
328.347
290.565
320.319
319.991
318.622
270.105
263.198
320.715
299.75
293.772
291.656
264.755
261.581
252.529
271.284
282.431
341.692
335.692
310.365
252.207
292.36
266.182
269.895
279.032
271.163
254.465
229.093
249.473
232.298
882.684
899.848
481.067
429.084
705.622
434.292
687.226
302.917
293.799
293.459
261.069
271.039
266.523
253.804
285.611
280.567
277.499
258.854
241.592
256.94
240.882
479.258
879.891
476.01
421.121
704.885
432.086
679.501
326.367
276.23
273.743
236.981
256.347
298.245
273.526
285.038
326.76
324.532
316.251
226.355
249.758
306.435
306.309
333.618
330.936
325.147
263.918
287.554
316.46
298.017
291.122
295.55
255.728
210.686
233.101
237.991
277.336
291.188
283.333
251.767
203.843
234.637
225.331
482.77
778.314
842.037
414.145
581.687
384.228
645.078
352.243
338.965
294.796
343.851
873.94
396.05
406.213
389.316
3620.18
828.713
408.292
383.581
368.142
1522.55
461.095
707.61
436.915
337.979
309.945
272.8
322.62
293.128
339.039
261.097
550.219
518.947
696.963
520.688
432.039
557.989
428.892
484.904
372.076
405.872
567.405
384.695
495.889
542.809
1459.99
1468.99
1055.57
671.109
806.727
768.262
828.4
660.672
453.768
476.742
527.628
435.288
591.525
418.815
502.185
380.202
406.66
572.9
389.559
511.742
546
4360.58
1160.7
1446.13
707.028
815.257
820.191
847.03
583.736
945.608
459.167
555.217
757.3
562.488
594.285
857.824
476.614
487.162
557.223
444.823
604.519
435.504
1605.35
3348.49
3388.77
2147.29
1635.46
1786.93
2370.13
1274.1
2349.08
1420.02
1052.68
1330.37
925.401
1871.57
1150.11
1986.56
1279.33
949.224
1310.85
875.378
1896.84
1172.09
2067.62
1269.06
1020.8
912.611
1410.34
1890.89
1049.22
1184.42
735.83
780.975
1128.36
722.297
1191.65
1581.58
3081.66
3021.75
2024.14
1886.54
1880.11
2779.22
1290.04
2295.16
1406.95
1059.88
1367.33
965.685
1895.09
1136.63
1260.08
783.488
821.533
1146.43
1196.31
737.202
357.288
353.722
371.804
384.229
394.649
442.897
440.822
322.29
358.018
336.043
420.566
362.605
415.502
370.887
456.808
524.434
423.66
456.604
376.479
395.77
406.503
488.358
573.731
398.7
416.075
449.051
491.428
419.713
377.552
357.842
362.53
440.547
394.942
463.232
384.277
390.047
365.007
364.847
451.825
400.182
470.115
395.904
280.165
337.587
275.569
299.833
349.479
345.346
298.378
364.41
350.649
356.223
402.642
363.249
374.117
373.269
368.311
378.398
369.387
397.506
383.09
425.972
392.594
346.886
343.813
293.421
309.803
347.476
346.627
321.486
322.873
338.625
340.797
314.488
347.624
344.094
314.49
263.954
247.443
244.235
254.782
250.771
274.959
272.225
329.449
346.711
343.017
322.114
347.863
346.125
331.312
285.042
285.982
272.786
257.678
267.522
285.922
301.376
293.274
279.524
281.414
310.553
309.504
294.912
293.066
293.261
295.083
287.761
326.757
317.671
303.97
316.342
470.087
764.79
453.546
399.348
559.348
362.028
630.574
222.254
110.807
210.167
240.529
145.743
129.266
254.228
216.587
118.533
214.577
205.759
113.251
107.883
208.702
203.532
215.876
108.818
118.528
204.177
105.919
214.626
223.846
249.078
117.279
148.188
138.314
256.562
216.587
292.894
244.12
217.86
131.644
233.748
207.937
299.243
192.424
176.13
64.7895
102.665
91.7511
164.368
203.821
230.25
168.283
84.7151
95.9788
116.307
197.139
199.337
322.779
494.732
278.538
198.228
188.495
332.284
477.735
187.238
160.977
92.37
60.3942
87.5437
191.305
156.372
175.539
102.285
203.517
193.717
64.8269
92.4288
164.947
182.134
146.879
53.9481
84.4782
182.489
83.2093
146.979
150.385
85.3388
187.533
214.862
66.7429
101.565
174.511
312.595
492.136
266.336
195.518
177.966
329.682
465.833
280.854
159.311
111.661
182.713
214.115
188.857
257.658
169.918
107.02
45.0664
48.1229
71.31
141.226
134.873
281.848
355.444
108.827
228.2
148.083
236.703
419.302
299.402
383.007
130.68
247.556
165.229
261.692
439.344
173.585
112.905
49.4233
49.489
73.7168
141.994
143.88
95.4175
43.556
103.958
17.1475
3.02854
2.26658
20.355
0.433346
17.4785
15.1773
4.0709
0.0996241
0.0766713
5.04132
0.11902
0.261783
10.8225
2.42641
0.0164169
0.0421182
1.00908
56.6444
27.1299
78.9867
11.3998
0.37572
1.14557
5.46808
0.652931
0.0526465
0.000920083
0.525742
0.000713676
0.0411165
0.00919019
0.651031
0.0523377
0.000912988
0.489797
0.000657048
0.0378918
0.00854118
0.312025
0.00842879
0.00213764
0.000385609
0.0225931
0.00533421
0.131824
0.259874
0.00153425
0.00591078
0.000312706
0.0184139
0.00440705
0.0958273
253.81
131.821
287.873
159.756
10.1365
35.6543
0.00109314
0.0111058
292.739
245.535
237.239
223.665
214.216
154.24
144.524
276.357
190.846
219.504
164.37
194.801
124.628
95.7641
62.9367
150.774
56.9189
12.1325
69.5497
62.5925
9.89168
123.876
30.2649
113.983
7.67097
59.6635
52.7198
5.89375
44.4945
103.648
28.0253
48.5417
2.26965
30.3175
5.9504
68.1541
20.646
94.7039
39.4733
1.01306
3.15767
22.9316
0.484848
0.39301
12.2623
9.83019
0.00797268
0.281618
0.353564
5.73428
0.0527213
0.0395422
0.0037414
0.13377
2.07501
0.172336
293.32
148.769
95.4677
272.424
0.000783141
8.68754
113.628
0.0112008
286.115
246.095
235.376
224.321
213.149
143.353
154.838
246.199
182.331
215.055
157.222
191.489
121.053
88.8388
55.4782
160.139
63.0924
61.5694
12.1922
9.49165
69.8894
124.552
30.2755
36.0141
52.3202
7.77423
5.83601
60.0994
23.4966
126.99
41.2184
45.758
1.62973
5.17519
25.9855
63.138
92.3937
19.7743
37.6233
0.775823
2.8664
19.8469
9.59374
0.488838
0.00759816
0.398252
0.272795
0.336043
12.3777
5.11329
0.0372439
0.0288869
0.00315784
0.116
0.145431
1.53339
7.82992
0.318029
5.30859e-09
3.79809
7.30622e-06
5.22842e-05
4.06839e-07
9.19904e-07
2.72651e-05
0.000210799
0.00016754
2.59576e-07
2.00477e-06
1.10691e-08
4.2387e-07
8.2429e-08
5.75447e-06
6.3936
0.168043
0.357202
0.129158
0.267555
0.00488633
0.00655376
1.43579
0.0232284
0.0681353
0.0435072
0.135696
0.00243499
0.000771111
1.00245
6.03105
5.19066e-06
3.29767e-07
1.96812e-05
3.66589e-05
8.75748e-07
0.000210863
7.83289
0.167584
0.357975
0.25029
0.119581
0.00454438
0.00654726
3.19568
0.0160551
0.0301309
0.112075
0.0554621
0.00199052
0.000535479
0.0414925
0.00510849
0.00872687
0.00105211
0.000670185
0.000157727
2.0819e-05
3.90855e-06
0.00290717
0.000121338
3.97982e-05
0.00221151
9.00902e-05
3.29133e-06
9.24141e-06
0.0103212
0.000267505
0.000192419
0.00754049
0.000154066
7.497e-06
3.07578e-06
5.18997e-05
3.81777e-06
0.00289237
0.000120878
0.00204108
8.34309e-05
9.1236e-06
0.0103632
0.000268602
0.00018151
0.00709026
0.000143926
7.0864e-06
3.5003e-08
4.7959e-06
1.87784e-08
4.93824e-09
5.49782e-09
5.23174e-09
2.4835e-08
0.000385005
2.01923e-05
0.00114402
4.40944e-05
1.16423e-06
1.44535e-05
1.73328e-06
0.00109471
8.89995e-05
0.00362855
7.31474e-05
2.31309e-06
3.74852e-06
2.32393e-05
9.24969e-07
1.62686e-05
1.42851e-06
0.000266052
0.000927324
3.57276e-05
1.01969e-05
0.000767063
7.37783e-05
0.00300431
5.98947e-05
1.87605e-06
3.1526e-06
1.65906e-05
0.00320634
4.32773e-06
5.45624e-06
7.90772e-05
5.45692e-05
2.86987e-06
1.47238e-06
8.14317e-05
9.26426e-07
1.11762e-05
7.89994e-07
3.28749e-06
1.07343e-06
7.36711e-07
0.000206443
1.88866e-06
2.46906e-05
1.4737e-06
5.23937e-06
1.80094e-06
1.35556e-06
2.95023e-06
8.90379e-07
9.43332e-07
2.38916e-06
8.86543e-07
9.29407e-07
9.11124e-07
8.87414e-07
2.9149e-06
8.53027e-07
8.57574e-07
9.11205e-07
2.25127e-06
8.93186e-07
7.05689e-07
6.49176e-07
6.72934e-07
5.8282e-07
5.80285e-07
5.83298e-07
5.80785e-07
6.31427e-07
4.07644e-07
4.07911e-07
4.08528e-07
4.12603e-07
4.75342e-07
4.10371e-07
2.69327e-07
2.61831e-07
4.36875e-07
2.63954e-07
2.59114e-07
2.59477e-07
2.59517e-07
4.41875e-07
4.30035e-07
7.92842e-07
4.29952e-07
4.23665e-07
4.2437e-07
4.23839e-07
3.30308e-07
3.32873e-07
3.30899e-07
5.13907e-07
3.30972e-07
3.34681e-07
3.7795e-07
217.982
0.00501716
0.00345739
7.14486
0.00276758
0.303229
74.0346
0.0545743
0.329258
0.000981911
293.252
1.08584e-06
1.06781e-06
0.00280557
6.62306e-07
212.187
143.108
0.127456
2.81799e-06
153.02
0.374656
120.664
331.47
99.3527
254.662
355.882
85.365
355.712
186.675
0.134034
0.00514802
8.09088
0.656778
67.8177
190.136
101.293
0.00562477
0.000747777
0.704768
0.100523
360.261
363.636
355.926
353.088
353.435
343.513
325.421
0.00794977
0.147988
0.158377
1.13941e-05
5.03649e-06
1.04556e-05
4.94146e-06
0.120485
2.21934e-06
1.16666e-06
0.0113779
0.0420282
8.01799e-06
3.6424e-06
68.2852
0.00900963
41.64
1.41676e-06
0.00130229
2.86651
0.000205382
27.1592
0.00426155
3.9289e-06
0.0132297
48.9179
276.404
38.5276
0.00608652
21.2121
92.0522
0.00937748
0.0503745
1.27959e-06
3.38431e-05
338.439
255.064
318.917
238.997
305.849
270.388
190.003
357.689
284.911
331.706
284.07
331.565
285.675
220.323
327.582
218.307
307.054
202.805
294.288
258.905
157.895
219.371
194.044
163.097
91.3079
106.206
76.2312
62.9209
159.755
187.124
156.41
91.2566
87.7025
60.5947
63.051
0.0954492
0.000856084
3.0917e-05
5.30456e-07
14.2891
0.0275424
0.213425
1.15743e-06
1.1401e-05
0.0246166
0.0763823
2.15627e-06
0.0063424
1.05214e-06
92.2607
0.000937938
36.8931
7.5046e-07
9.19824e-05
0.0134578
2.30935e-06
1.06586e-06
1.24983e-07
0.000168105
0.00423703
1.40286e-06
0.00205826
5.9295e-07
1.16071e-06
0.452581
0.00489151
129.913
34.8472
0.0112334
0.000417401
0.00507333
24.5854
8.54768
6.92357e-07
0.000706618
0.000454852
5.82372e-05
173.747
142.314
112.339
49.1069
74.0143
49.7477
30.1701
245.811
408.883
282.508
221.597
148.985
116.332
180.49
149.974
166.924
122.78
98.3864
73.5918
60.5301
25.9928
60.0043
132.528
234.341
186.959
27.5912
102.729
87.0666
196.068
209.9
277.051
213.536
58.7447
125.547
138.586
202.129
165.032
266.321
203.597
44.3979
131.043
100.975
67.9817
140.395
119.032
43.0098
10.185
15.2432
33.0828
116.903
114.192
65.9792
32.1264
10.6257
10.0636
33.5635
211.816
209.387
194.656
137.801
123.178
119.704
57.6594
146.222
106.703
44.2266
56.0589
22.6281
16.1277
5.27954
56.2373
24.3815
9.79782
14.5134
5.34609
0.933893
0.377047
135.333
289.266
195.911
76.811
75.214
37.1875
130.04
17.7789
0.911448
22.7047
11.2924
0.204883
0.292003
8.08476
74.5581
35.837
56.2041
24.9608
2.53336
7.01002
12.6174
18.3313
0.613305
16.9256
7.70687
0.218537
0.193227
8.37978
66.2429
36.5675
19.6864
21.0295
9.59293
2.70974
0.866094
0.262444
0.219556
0.185866
0.00780631
0.00667318
0.00450678
0.0054019
0.3262
0.294965
0.300647
0.00868496
0.00864335
0.00791314
0.00770161
76.3529
2.84319
42.5887
25.9398
3.59385
1.03278
52.507
0.00728824
0.279534
0.302676
0.326607
0.302796
0.00860366
0.00795502
0.00357562
0.00575994
0.227206
0.170929
0.254281
0.00652286
0.00418895
0.241805
0.175557
0.258219
0.00662531
0.0038266
0.00613398
0.00430188
1.80396e-06
0.000327453
6.53469
3.49437e-08
5.19003e-07
1.07575e-06
2.72895e-06
2.24882e-07
2.00721e-08
1.17378e-06
0.000238445
2.61587
0.000549357
4.12254e-07
4.76376
0.341802
11.7395
5.02243
0.0304154
0.109192
1.67845
0.198815
0.0731479
0.130999
0.0028198
0.00489576
0.00307183
0.00163594
102.773
9.63003
45.4243
4.05158
28.1016
4.87214
0.259884
126.201
12.7498
62.881
7.49414
48.6007
12.5527
0.564699
122.148
8.37348
58.4309
5.37905
47.4218
11.1947
0.346246
39.2254
1.32682
16.0511
0.133515
2.40294
0.417129
0.0194211
1.45721
2.3815e-07
0.00265503
1.10229e-06
2.33926e-08
2.45797e-07
7.16522e-06
124.563
5.99247
11.73
8.66627
49.5893
59.2138
40.3417
11.95
2.4061
31.8341
0.471118
12.7334
2.46322
0.0563119
38.2471
0.350504
12.8615
0.195796
8.51238
1.34995
0.0221803
101.135
4.44738
43.5733
3.85322
40.7955
9.1338
0.238504
61.0135
3.55348
22.0062
0.668404
6.39911
0.715493
0.0526621
34.8247
1.0745
5.72095
0.34504
1.84578
0.100957
0.0157942
24.1946
3.26076
6.18014
1.16561
2.18712
0.124187
0.066326
23.6501
3.35657
3.13162
1.24289
1.1499
0.0638917
0.0699687
3.27503
0.268074
0.00742155
0.0407965
0.442838
0.0597085
2.06948
2.00392
0.28933
0.00505794
0.0440646
0.264791
0.0392492
2.20279
0.115767
0.0347435
0.0963307
0.0021827
0.000905395
0.000741328
0.00265368
0.0715047
0.00162248
0.0847595
0.0296015
0.00194684
0.000641563
0.000527001
0.0871502
0.0260485
0.0302808
0.00172999
0.00199931
0.000655578
0.000556527
12.2236
1.17834
7.62954
0.321993
2.64786
0.168805
0.0192959
72.3408
55.2171
22.969
28.0555
9.80032
0.8587
4.28125
18.2887
0.588655
2.00535
0.196405
0.690237
0.0372921
0.0101379
0.0311231
0.0178944
0.00968941
0.00120237
0.000655255
0.000370764
0.000190096
4.65466
0.0398672
1.65356
0.00281749
0.105343
0.0315699
0.000843764
2.01657e-05
3.32795e-07
6.21954e-08
4.63719e-09
7.84274e-08
4.15844e-07
1.19956e-08
10.729
8.24352
0.0308838
0.927572
2.19373
0.230744
27.2119
1.18171
0.0436071
0.00283851
0.00615066
0.156064
0.0219721
0.346142
0.03388
0.0225465
0.0643429
0.00141722
0.000223053
0.000467017
0.000713483
3.0255
0.0113305
0.743227
0.00657435
0.416805
0.0860475
0.00129023
187.405
104.494
188.745
237.691
2.47182
0.00111934
0.23382
0.0345079
221.862
231.502
137.974
208.609
123.938
109.715
94.2713
216.462
152.347
186.212
75.864
103.198
73.7308
48.709
134.518
113.712
168.624
36.1378
73.2989
58.937
25.4766
38.5118
1.48587
30.2033
0.871704
22.8277
16.3833
0.492648
141.333
53.0769
86.1747
41.1448
4.65741
21.5979
13.9367
10.1375
0.693662
20.1674
9.5388
0.0638142
3.75715
0.215887
1.96588
0.216174
9.26994
5.74631
0.0161239
0.965486
0.113881
2.58054
0.0742966
0.0104604
0.0053064
0.682934
0.332822
0.0426893
2.69806
0.0316634
1.02532
0.00170684
0.0462929
0.0166004
0.000564547
0.0950371
0.00367646
0.00154825
0.000262493
0.0152959
0.00603306
9.94254e-05
0.737623
0.00408177
0.229797
0.000941858
0.0508734
0.0150384
0.000272664
0.470583
0.219763
0.156107
0.00878362
0.0121605
0.00437009
0.000250094
0.155815
0.161453
6.40359
0.394227
0.000181232
0.00820474
0.00750686
0.187107
0.432238
7.09103
0.179194
0.000200961
0.00828001
0.00401385
0.076985
0.0256489
1.5703
0.0950696
7.98652e-05
0.00159031
0.00448251
0.149548
0.216481
6.3729
0.449709
0.000245229
0.0119307
0.00830591
0.659516
0.459451
13.4193
0.639304
0.000386692
0.0169094
0.012815
0.113875
0.181543
2.90594
0.0423926
0.000100504
0.00171403
0.002653
0.0136769
0.00105513
0.00391691
7.83268e-05
0.000266797
7.30321e-05
2.01951e-05
0.148175
0.00459505
0.135759
0.00272177
0.000110911
9.89496e-05
0.00301285
0.0379039
0.173088
0.0992624
0.00564109
0.0025352
0.00150058
9.3166e-05
0.0846366
0.0720528
0.0236321
0.00409691
0.00141291
0.00121349
7.28127e-05
0.0060454
0.00123612
0.00739062
0.00015117
2.30345e-05
2.82978e-05
0.000122386
0.0099791
0.00737546
0.406561
0.0463945
2.46523e-05
0.000829486
0.00113973
0.108194
0.00161269
0.000141175
0.00998814
1.25168e-05
0.000149871
0.000754604
0.00671787
0.0334475
0.241104
0.00388269
1.69908e-05
0.000544604
0.000121156
0.00506345
0.000430403
7.80103e-05
0.00155052
4.35718e-06
0.000244133
2.47564e-05
0.00102404
0.00125185
0.00752095
0.000153635
2.382e-05
0.000128182
2.8572e-05
0.00787915
0.0387774
0.330476
0.0060501
2.03825e-05
0.000698354
0.000163768
0.00532689
0.000774731
0.0454324
0.00289337
6.42241e-06
0.000329042
5.21052e-05
0.0754672
10.5102
2.44312
0.0346348
0.00544322
0.00103969
0.194028
0.0091916
0.144283
0.298721
0.00500451
0.000107003
0.000169676
0.00286058
0.977009
0.00261946
0.197194
0.0111413
0.00065774
0.000151111
0.056825
0.0217511
0.000600685
0.0361248
0.00202778
2.56048e-05
3.52774e-05
0.00126624
0.0234845
0.000406959
0.0213593
0.00122404
2.77744e-05
2.46642e-05
0.00136038
0.00204223
0.00055532
0.0359791
0.00605865
6.70867e-06
0.00029875
9.50499e-05
0.00415535
0.000628135
0.000281845
1.44657e-05
8.07547e-05
3.94379e-05
7.70461e-06
0.00266483
0.0222957
0.0815273
0.00155669
1.59831e-05
5.62084e-05
0.0004115
0.00333732
0.000223491
0.0122723
0.000687233
3.75684e-06
1.31115e-05
0.000179625
0.000217571
1.15201e-05
0.000217335
0.00019831
1.07082e-05
0.000191966
1.09844e-05
0.000161089
8.96323e-05
6.56449e-06
5.32814e-06
0.00014798
0.000101586
6.90161e-06
1.10424e-05
0.000198389
0.000181196
1.13688e-05
0.000215047
0.000198779
1.0821e-05
6.39575e-06
8.37951e-05
0.000138703
0.000158495
5.17425e-06
9.88964e-05
6.74252e-06
0.000190152
7.30196e-06
0.000161332
0.0001056
6.3526e-06
0.000127441
5.78857e-06
336.29
321.526
160.695
292.037
256.578
319.964
197.024
237.388
281.745
304.461
293.894
279.024
289.089
299.707
289.624
326.61
321.671
335.582
312.001
305.543
313.676
322.756
312.614
303.324
314.614
306.095
294.165
297.913
298.209
240.792
258.718
240.83
277.948
285.373
286.468
280.597
332.997
330.702
341.903
315.261
288.32
299.308
315.148
297.725
256.055
233.586
210.304
295.691
291.618
284.747
209.713
207.704
157.648
274.849
243.122
241.983
272.442
170.366
117.739
145.656
272.735
211.982
234.153
256.816
1146.85
316.265
1312.33
288.698
324.394
1429.42
475.813
1422.94
1227.56
493.062
313.406
484.865
336.378
381.847
508.63
287.517
443.424
317.021
391.206
359.21
466.32
546.043
511.952
392.447
373.166
511.941
404.388
561.678
381.239
389.548
529.294
404.326
394.53
367.597
481.316
549.372
393.133
518.401
376.369
489.895
399.888
564.007
377.213
404.412
384.158
528.065
549.724
1372.39
498.455
501.026
1415.37
560.252
1357.26
564.269
510.658
1416.3
1363.46
512.092
572.615
1353.69
355.266
373.298
435.132
380.605
386.602
454.868
357.071
387.332
382.545
387.693
359.213
378.171
456.476
357.879
1142.62
304.076
298.494
646.443
261.592
651.722
265.639
275.636
304.333
275.763
257.9
250.115
261.49
252.833
303.132
306.9
284.924
276.216
301.844
332.625
317
312.597
285.062
290.385
341.82
315.273
336.832
325.286
293.694
299.256
302.373
333.772
315.613
326.819
327.425
298.939
295.567
322.517
283.068
308.952
329.158
320.713
474.984
1240.71
470.699
1235.52
467.487
473.075
1300.91
473.09
1230.96
481.075
480.716
1302.2
486.821
1294.21
323.691
315.386
324.009
313.422
335.794
339.215
337.004
317.514
326.86
325.293
341.222
339.864
339.845
338.148
306.005
271.75
274.359
308.05
268.34
268.733
312.584
299.784
271.203
265.838
305.874
264.6
267.287
306.248
285.309
283.459
271.914
280.324
268.939
271.267
279.343
279.403
286.282
287.895
282.092
272.204
273.838
281.583
474.658
1150.2
472.322
477.914
1017.78
478.245
1031.5
302.741
316.298
301.432
296.634
312.195
312.326
295.958
475.867
1138.65
483.767
480.122
1012.28
1024.98
487.196
304.621
318.989
317.495
298.064
314.567
313.387
298.448
317.329
269.447
302.932
266.142
270.641
316.94
309.184
318.164
272.977
266.27
308.641
271.073
322.886
309.323
279.601
269.779
262.823
262.466
271.308
278.863
267.216
280.701
273.055
263.735
265.187
273.025
280.806
268.009
470.77
848.076
670.321
414.72
865.397
473.42
419.562
292.867
298.869
263.873
258.686
301.81
291.532
269.979
293.934
301.304
259.581
266.565
302.799
293.799
270.909
469.25
848.622
406.734
671.223
464.695
869.228
418.479
551.551
318.95
326.35
315.218
1271.13
353.876
1403.36
1224.25
398.006
296.388
321.279
355.269
365.753
381.522
298.731
395.707
331.663
440.342
387.868
443.598
361.149
359.176
375.323
340.081
432.879
392.256
437.05
351.771
354.248
336.798
367.841
532.023
1423.35
547.727
518.05
1368.58
515.893
1353.61
421.539
381.373
388.1
366.894
365.766
375.383
366.697
354.611
319.098
327.531
370.397
351.231
354.36
327.518
328.037
334.674
342.218
349.184
362.242
341.517
327.295
532.821
194.054
385.913
289.47
283.268
1118.57
550.941
289.864
341.267
322.017
313.848
333.833
339.007
312.26
291.705
313.021
305.929
327.661
312.64
312.2
328.332
1328.09
538.271
528.079
1373.5
525.998
526.803
1322.51
515.263
1198.64
1304.94
498.068
517.245
500.719
1287.59
363.055
353.233
360.465
376.407
373.776
359.999
365.464
343.53
335.333
324.413
346.199
348.487
344.709
353.82
315.086
306.848
319.72
316.959
329.658
328.33
314.288
370.487
304.217
359.079
314.425
347.835
349.665
312.298
278.371
318.754
336.994
276.896
326.775
345.143
290.95
1068.71
1186.64
548.456
532.29
1148.64
537.085
1250.52
343.163
337.936
350.718
359.665
347.825
347.337
357.459
1077.66
499.951
518.772
979.131
498.529
506.874
924.804
376.832
303.891
358.869
359.109
304.548
354.75
304.382
302.441
262.309
247.775
280.601
332.056
336.572
286.916
920.522
1011.92
533.038
503.091
753.24
477.168
848.635
369.056
610.985
398.924
807.414
472.402
460.98
746.117
165.625
247.967
216.678
325.328
252.685
291.161
281.364
263.399
475.289
323.966
431.921
572.376
383.863
666.652
4.53809
0.175277
108.3
4.04339e-08
183.917
191.882
319.613
0.045855
120.483
318.301
82.8402
334.73
327.03
340.256
321.552
312.631
287.721
267.974
2.32794e-06
0.00591882
13.2898
91.9494
0.184253
2.34883e-06
0.0061472
7.68439
1.39815
4.53591e-06
0.256312
110.854
0.0287317
4.78939e-06
337.655
268.126
303.408
253.621
292.021
235.238
186.595
279.154
159.62
260.103
106.917
211.061
184.673
83.6595
274.088
161.775
251.746
119.257
213.762
185.717
91.3387
47.4381
27.531
119.039
54.6451
33.1694
6.41903
4.76294
71.8471
164.764
216.005
145.56
24.2634
95.0542
57.4287
182.681
125.62
228.801
146.844
24.9417
98.435
54.6644
119.802
48.9546
55.0692
28.8534
33.6055
6.53692
5.10513
31.5333
85.1987
91.6949
15.4524
35.7477
1.98636
1.54615
86.3496
32.1676
13.6399
15.5416
35.8625
2.0004
1.60693
38.3627
43.5914
123.628
97.0728
1.70791
23.8846
26.8833
63.6145
0.365907
2.07934
1.97793
29.2756
9.99986
11.0448
0.00504538
9.53992e-07
1.45951e-06
0.00720536
6.68823e-07
9.36618e-07
3.90797e-08
0.241379
0.340214
9.91928
0.29298
0.00553984
0.203709
0.00796015
0.0262242
0.0387859
2.02871
0.145495
0.00188483
0.0998636
0.00278257
0.344806
8.08025
10.0311
0.298384
0.00590325
0.21871
0.00808492
1.53248
0.0398979
2.08445
0.148967
0.00204604
0.0028524
0.108474
4.41386
0.240359
5.60593
0.110053
0.00318625
0.00439718
0.0822265
0.333514
0.00754773
0.420387
0.0338005
0.000453568
0.000597506
0.0258508
0.242748
4.57871
5.6404
0.110954
0.00334339
0.0858342
0.00444077
0.346529
0.00761894
0.424443
0.0340746
0.000471265
0.0268821
0.000602276
203.078
238.023
10.3131
225.099
9.66541
5.6341
5.97671
236.058
223.704
445.58
163.638
55.0587
43.044
239.334
1.16655
3.30169
237.315
0.0524845
0.0548379
227.267
222.566
224.277
170.529
172.317
170.985
172.025
7.66465
205.996
121.285
210.847
319.776
208.199
325.674
225.29
222.442
223.67
170.023
170.023
171.964
168.505
236.232
232.295
229.628
169.008
161.224
168.593
162.789
235.404
230.251
228.796
168.233
158.766
161.895
166.049
238.729
1.62188
232.866
10.7159
435.549
12.5962
1.40891
190.225
207.754
0.640608
26.3518
203.359
1.52632
0.209477
328.139
326.493
326.03
325.981
319.766
301.218
297.433
325.241
324.379
325.454
317.542
319.073
300.669
295.325
239.217
228.434
230.639
145.948
148.84
123.592
119.589
238.368
226.427
229.857
143.623
147.903
122.798
117.605
71.2717
73.3667
10.2169
9.52348
70.9891
9.62215
73.1466
71.1808
10.2691
9.1087
71.1693
9.66906
73.3442
69.1196
277.985
312.093
331.605
254.744
330.596
256.439
345.841
294.247
342.17
336.558
342.016
336.412
309.984
318.986
320.304
314.886
342.666
339.789
336.794
310.377
319.346
322.637
292.214
275.467
289.038
305.96
288.911
308.151
288.22
328.017
327.245
331.009
324.254
329.016
328.004
325.55
328.021
334.361
331.628
324.714
331.18
328.529
327.779
279.657
276.217
289.726
306.46
290.585
288.833
309.991
316.775
284.42
315.328
260.188
316.464
317.905
286.543
317.23
260.663
317.081
286.15
316.914
287.081
319.727
7.83017
55.8724
64.7284
67.439
6.31378
58.9147
8.52817
67.8998
57.6047
8.24655
6.45751
66.5888
59.5447
8.63274
211.451
218.764
246.483
137.656
112.119
127.726
122.314
205.454
215.704
213.928
117.903
112.077
122.522
107.774
206.9
122.436
108.271
218.618
246.361
137.427
122.122
202.083
107.908
104.267
214.636
213.05
116.969
121.549
292.803
199.22
289.021
234.657
122.665
227.348
129.909
197.571
225.481
287.171
205.62
292.368
234.252
129.652
285.583
219.642
290.401
239.036
138.248
231.135
147.322
136.073
228.915
283.252
218.853
289.68
238.454
146.746
153.973
198.509
148.099
87.3578
43.9169
83.1908
47.3876
306.004
462.246
315.654
181.064
250.639
171.448
263.406
173.307
193.635
202.775
101.492
64.0289
92.3763
71.4675
81.6963
146.49
196.641
202.426
153.509
86.8174
47.1163
3.10248
26.6552
42.6543
3.58624
45.6989
29.1889
1.38803
44.0556
3.68173
46.2705
29.5758
1.23915
27.564
1.42215
297.323
163.512
240.702
461.135
314.349
179.885
261.94
160.409
89.3502
61.7175
172.292
201.759
100.599
70.7431
30.812
25.7548
1.26167
38.4604
1.95784
2.48638
32.6279
38.5927
27.3837
1.97653
1.86618
2.515
33.1803
32.7141
24.4788
1.3464
1.16631
30.8197
2.10234
1.79145
33.3552
31.287
28.2228
2.15952
1.31108
1.84533
33.7952
26.1144
316.796
230.552
296.811
260.985
332.975
348.68
235.066
274.477
253.53
253.676
323.287
295.96
316.422
236.907
261.27
324.419
257.521
266.254
255.634
299.609
321.128
238.775
342.64
269.769
334.611
341.229
330.216
292.767
276.56
344.18
300.454
281.532
271.87
343.075
333.158
293.967
232.712
232.788
234.619
225.582
222.838
230.503
238.843
231.998
241.824
236.719
233.88
225.918
223.677
231.27
272.097
245.944
244.811
257.303
267.687
240.64
251.778
254.839
246.894
262.76
247.443
258.174
268.663
241.651
353.233
154.023
285.885
245.72
339.184
294.663
354.268
359.967
354.675
337.736
325.932
349.142
356.745
332.555
343.742
362.553
364.101
362.651
347.442
361.885
353.404
359.115
337.807
348.322
343.901
352.747
336.603
346.893
343.652
286.63
318.714
304.806
293.348
318.46
329.208
293.353
355.588
363.649
359.67
354.808
324.237
342.007
352.537
297.249
337.104
331.298
336.108
259.788
284.134
331.262
316
282.235
324.993
329.252
226.528
309.179
271.86
325.377
256.121
216.289
196.9
290.633
250.899
305.79
7.35324
48.3926
139.758
149.564
9.32483
54.4427
62.2768
13.496
2.97658
0.318267
0.0662454
12.1621
3.48978
0.371814
149.931
9.39294
49.3301
56.3407
141.534
54.609
62.5598
0.303124
2.85499
11.7302
13.3189
0.0653629
3.44762
0.365071
4.17092
51.1166
87.7804
60.738
14.3017
5.94196
100.975
61.4312
94.3057
14.7085
4.99109
6.11037
55.6767
101.993
0.189944
17.5167
7.80269
22.2754
0.278127
0.961171
10.3324
22.6701
8.41456
0.286632
0.7147
0.991606
18.7368
10.5588
0.00191037
5.87408e-05
2.5669e-05
2.72286e-06
3.45141e-05
8.12112e-05
0.00141562
0.00192636
2.7534e-06
6.15667e-05
2.67093e-05
0.00147687
3.47831e-05
8.21594e-05
0.00591984
0.00012303
8.21989e-05
5.8406e-06
0.00406114
0.000120797
0.000179023
0.00603559
5.96747e-06
0.00013144
8.83788e-05
0.000123311
0.00436432
0.000182315
0.00711682
0.000102444
0.000130875
0.000144191
0.000187558
6.63188e-06
5.3291e-06
0.00533339
0.000108006
0.000138997
0.000146158
0.000190645
6.7798e-06
5.58127e-06
763.183
8257.26
492.161
415.621
2590.72
798.541
962.569
544.933
1330.64
1462.26
669.78
753.431
3984.01
798.592
1088.54
2013.07
2311.74
2012.82
133152
8256.56
4352.28
983.276
1131.27
1135.38
475.071
387.429
1968.47
490.361
898.525
806.82
530.84
452.689
425.127
569.461
459.593
662.288
8384.27
1043.87
2157.96
1931.79
132594
10224.2
5231.5
1518.37
691.683
1142.91
1394.02
799.324
3690.06
808.261
1236.48
499.842
505.716
1194.22
380.149
1757.62
498.92
703.738
426.328
470.15
820.593
427.341
580.343
470.415
9276.95
6269.97
6603.85
35372.5
12246.6
25566.6
4841.87
5264.38
3934.67
2053.9
3958.27
3368.18
10912.7
3303.33
1155.59
2020.82
982.015
1262.17
1794.74
883.384
1252.16
1151.8
965.747
2039.01
1329.88
880.175
1269.58
1868.91
1046.02
725.578
1198.77
765.791
1020.72
1063.22
682.34
1482.48
2817.09
3094.24
1889.57
1656.41
2364.9
1777.41
4804.44
3209.79
2584.2
1720.92
2774.21
2350.54
6532.2
6083.76
4289
4289.63
2088.5
2946.97
7909.38
2947.1
4804.79
3210.58
2586.14
1720.18
6532.61
2350.7
2774.38
28289.9
72500.4
72500.4
58802.2
49296
49512.4
49296.2
9277.41
6602.5
6270.29
35372.3
4841.87
25567
12247.5
7853.76
4261.96
4264.37
22499.9
9292.37
3024.79
9293.53
3005.96
1333.47
1433.66
1332.78
2056.05
1753.75
2054.99
776.81
1433.66
713.45
1105.63
1247.63
655.329
789.935
777.859
717.084
1431.32
1105.45
793.538
1248.06
655.299
589.204
393.181
573.596
394.606
394.593
562.154
577.762
856.289
1639.5
1638.01
949.45
930.244
1576.04
926.272
12485.6
8083.72
6636.91
34410.1
4469.06
15668.5
13138.5
3390.52
1516.31
1470.26
1447.99
2080.1
2074.17
1849.57
4658.78
3546.52
1848.85
2730.69
3197.7
6623.6
2598.67
4727.79
1830.79
3597.68
2891.89
5624.57
3016.9
2526.06
18709.9
77160.4
104685
80268.9
79113.9
43469.4
29497.3
11512.4
7538.5
5535.9
23933.5
17509.6
16849.6
4536.58
8644.53
3695.23
3576.89
14689.1
12026.6
12634.2
3212.37
1230.94
1041.78
1409.45
2287.13
913.546
1321.39
1845.26
1217.19
1341.63
2038.93
982.879
1310.07
1841.61
925.169
1055.72
756.207
1159.06
762.805
1146.94
1153.48
720.796
1533.8
3074.47
3121.03
2111.52
1653.62
1763.36
2574.98
826.475
1207.4
744.091
1449.81
710.421
826.253
1354.15
820.859
1170.85
1387.67
723.817
814.73
1359.05
694.579
607.972
402.79
566.608
399.431
585.563
580.1
406.077
893.92
1705.23
1697.93
931.421
903.769
894.523
1576.17
122.889
0.713823
256.796
0.00658421
16.8429
0.230226
0.228184
284.154
123.403
132.355
320.313
369.277
506.074
97.3197
60.3612
0.0359348
88.6567
127.434
308.133
312.993
284.681
347.385
444.063
5.65539
0.0730549
148.121
35.5325
79.2877
118.02
274.94
0.0724195
34.2387
0.0105486
12.7877
374.505
289.637
337.371
276.834
321.171
255.818
216.338
308.514
276.12
275.666
265.112
264.425
203.611
206.823
332.016
256.096
297.928
221.102
256.963
202.168
169.795
272.954
244.02
242.298
210.858
207.923
157.928
161.908
807.955
678.792
449.253
641.707
426.415
348.005
512.618
316.072
252.739
270.885
239.206
258.526
193.574
168.229
272.182
212.384
234.005
170.899
196.788
145.676
118.4
694.163
593.802
394.843
501.267
337.899
275.537
406.704
200.58
154.573
238.007
129.685
39.8424
57.6931
102.266
0.00642451
49.0904
213.904
5.63521e-06
4.65479e-06
0.24982
0.00306588
0.000929598
23.0696
47.5309
2.09201e-06
5.46833e-06
0.00309253
0.000425842
99.2275
197.534
232.132
150.385
38.3701
120.819
54.264
222.786
165.982
264.42
164.554
51.8738
73.201
131.621
95.0221
189.936
186.951
114.526
38.1137
117.275
36.7951
124.336
212.338
209.024
124.199
50.4963
48.8791
127.166
114.852
190.922
187.348
95.2959
38.6527
98.3343
36.9925
123.55
48.8966
149.752
92.4307
11.2108
18.0337
71.1832
118.122
32.0304
114.182
66.046
10.9449
10.0709
68.7825
186.823
462.494
314.802
224.227
177.06
104.523
337.49
246.502
531.785
360.814
244.292
220.602
134.989
366.032
84.4069
149.449
176.1
103.892
16.475
78.735
30.1689
113.845
174.375
199.335
113.744
25.2707
41.588
88.4414
230.655
477.895
323.661
196.671
187.19
111.019
299.657
312.342
88.0544
210.234
147.151
87.8925
44.2455
230.488
150.146
104.13
176.263
84.5903
16.7821
30.3242
60.986
75.066
24.7993
101.103
56.1505
2.60919
7.0008
36.2604
45.6719
5.85533
0.211157
7.54113
7.10037
47.1953
5.50084
67.8365
0.513604
5.85078
7.61465
14.2881
48.2127
10.9813
38.6723
3.55269
0.150265
1.31564
2.74026
7.15183
25.7814
23.7463
3.46327
1.29414
0.0646633
1.15866
25.1128
3.16482
69.8422
7.73388
14.6653
6.13228
11.8952
0.552982
0.236383
45.8291
7.58906
7.12428
5.96716
5.54908
0.212658
0.233523
126.422
4.36478
79.7377
94.2207
44.9523
36.4687
208.626
129.979
95.9457
46.0053
84.8415
39.2742
4.76165
18.1175
38.5496
0.129201
1.21316
1.72413
5.00574
22.8564
3.75708
80.3345
62.2886
1.14879
34.3929
12.4131
26.4303
142.937
18.3541
0.61006
0.0378752
0.203981
0.696165
2.0287
8.75038
38.6755
1.73901
5.02388
1.2435
3.79231
0.130234
0.0365315
217.879
315.014
306.107
328.165
520.641
510.881
549.03
1192.82
359.545
168.665
207.37
306.045
347.231
330.569
317.22
357.735
348.796
314.877
312.944
350.979
305.401
371.429
316.052
315.075
329.735
328.758
307.266
319.658
326.261
315.251
1262.11
549.614
534.57
1166.31
540.331
554.04
1080.84
359.686
347.833
347.468
337.572
350.576
342.747
355.05
387.402
375.575
320.514
388.086
326.342
382.152
328.611
321.557
320.203
331.286
330.468
313.662
317.999
321.587
362.271
360.448
305.121
378.643
306.696
358.816
320.08
298.227
303.44
314.481
321.388
294.498
297.976
312.667
959.248
1090.77
558.67
550.629
828.59
516.91
964.924
342.724
359.681
347.668
342.497
314.371
321.635
347.149
314.764
330.106
341.731
332.552
288.269
298.886
336.215
874.579
1034.86
537.919
537.34
773.182
484.926
937.344
376.514
278.925
290.348
258.801
325.265
338.753
321.416
312.984
203.871
265.697
276.312
264.644
275.741
308.697
509.824
352.578
655.392
683.241
432.922
451.397
818.205
315.83
239.503
193.725
252.822
258.421
270.825
308.116
0.113921
19.9083
5.36759
0.119361
0.0117323
0.00207547
0.753071
0.00596372
0.267606
0.244976
0.00598025
0.00017525
0.00662089
0.000156729
0.0126591
0.2683
0.630496
0.0130472
0.00016825
0.000288016
0.00651797
12.3296
0.0432543
2.94083
0.0866082
0.00646158
0.00120597
0.530756
0.154444
0.0057503
0.343377
0.0100386
0.000112057
0.000186012
0.00510707
0.152098
0.00275628
0.137322
0.00463553
0.000115467
0.000102575
0.00516035
0.00348719
0.0423833
0.150748
0.00349902
2.58205e-05
9.02122e-05
0.000937189
0.0229833
0.00158189
0.0826427
0.00269324
1.64509e-05
5.71261e-05
0.000722765
5.24821e-05
6.56159e-05
0.00262006
0.000817593
1.73246e-05
2.06702e-05
1.78016e-06
6.34239e-05
4.78437e-06
0.000113322
6.89667e-05
2.97519e-06
3.7524e-06
3.60131e-05
1.24707e-06
0.000785593
1.39224e-05
0.000277561
8.58851e-07
5.24844e-06
1.05789e-05
6.06678e-05
4.00982e-05
0.00203625
0.000595165
1.37581e-06
1.22671e-05
1.84404e-05
0.000717315
8.62991e-05
1.80544e-05
1.30365e-05
1.41737e-06
3.91456e-06
2.59503e-06
0.0143199
1.12588e-05
8.77369e-06
0.000293722
0.000396283
9.92427e-06
1.57304e-06
0.00731572
8.59145e-06
5.08201e-06
0.000230568
0.000116766
4.94153e-06
1.10758e-06
0.000107656
4.336e-06
0.00010883
8.62048e-06
0.000283832
8.6318e-06
1.98851e-06
6.79939e-05
4.88704e-06
0.000152321
2.48843e-06
4.72263e-05
3.88394e-06
1.29277e-06
0.000462055
4.92266e-07
6.78422e-05
2.71017e-05
1.48052e-05
6.48477e-06
0.00224545
7.08198e-05
4.84308e-06
0.000141417
2.58967e-06
5.15172e-05
3.78822e-06
1.25405e-06
1.06894e-08
4.69009e-09
4.41084e-09
2.72646e-08
4.78936e-09
4.53948e-09
1.11445e-08
4.67363e-05
2.13584e-06
1.94099e-05
3.03482e-06
1.60227e-05
5.70093e-05
2.81544e-06
0.00322581
5.42519e-06
4.22151e-06
2.97166e-06
5.91432e-05
0.000156776
8.22438e-05
0.013602
1.06356e-05
1.20867e-05
1.33302e-05
0.000389762
0.00031214
0.000277723
1.57716e-06
3.4641e-05
2.09066e-06
2.22231e-06
4.18139e-05
1.37739e-05
1.61165e-06
3.68971e-05
2.28292e-06
4.2928e-05
1.40743e-05
1.60847e-06
1.19985e-05
1.6564e-06
8.44037e-05
0.0027908
5.03771e-05
4.38689e-06
0.000163384
6.44486e-06
1.22136e-06
8.17999e-05
6.43725e-06
0.000153488
2.76657e-06
4.78204e-05
4.2959e-06
1.33093e-06
2.83853e-05
1.27602e-06
4.95861e-06
1.38664e-06
9.47145e-06
1.65601e-06
1.42506e-05
0.000610396
2.80012e-06
1.86329e-06
1.6939e-06
2.70698e-05
1.0131e-05
4.04445e-05
2.40263e-05
1.19595e-06
1.29449e-05
1.06593e-06
7.545e-06
4.18691e-06
9.79968e-07
9.08372e-06
1.68512e-06
3.86122e-05
1.46367e-06
2.37708e-05
2.53807e-06
1.12826e-06
0.00039347
1.20679e-06
2.43589e-05
1.0906e-06
2.10898e-05
1.96039e-06
7.60688e-07
0.0018448
0.000180032
2.75634e-06
0.000140549
2.99129e-05
3.71436e-05
0.0103205
5.32066e-05
3.16798e-06
1.05727e-06
2.13787e-06
2.90374e-06
1.99951e-06
5.96034e-05
6.18549e-05
8.04441e-07
5.69533e-07
6.71801e-07
9.02425e-06
1.47876e-06
2.48286e-06
0.000109439
1.09368e-06
9.86006e-07
8.24151e-07
1.28755e-05
2.66241e-06
3.82935e-06
8.49594e-05
1.14797e-06
3.14309e-06
2.14935e-06
3.98678e-06
2.50629e-06
5.57437e-05
0.000160788
1.44723e-06
1.51645e-06
4.08534e-06
4.53611e-06
1.171e-06
1.08012e-06
2.79917e-05
7.19074e-07
9.38662e-07
8.14833e-07
1.64988e-06
1.16637e-06
7.56859e-06
0.000249902
8.98438e-06
5.57815e-06
8.37136e-06
9.94866e-06
1.09542e-05
0.000142611
1.62469e-06
2.001e-06
2.00407e-05
7.30767e-05
1.78441e-06
3.09392e-06
3.44726e-06
0.000131557
8.98217e-06
5.36048e-06
8.31092e-06
7.91723e-06
0.000146543
8.51305e-06
1.85589e-06
1.04138e-06
1.02931e-06
2.05546e-06
1.03066e-06
1.19088e-06
1.04487e-06
2.09576e-06
1.05318e-06
1.06452e-06
1.18542e-06
1.92003e-06
1.21447e-06
1.06729e-06
1.59073e-06
1.08396e-06
2.9328e-06
1.55256e-06
1.05913e-06
1.18434e-06
1.06497e-06
6.39343e-07
1.68509e-06
6.55049e-07
6.63978e-07
2.04893e-06
6.79529e-07
6.41912e-07
9.72241e-07
9.71923e-07
2.65784e-06
9.89221e-07
3.31652e-06
9.916e-07
9.44178e-07
3.62741e-07
3.51766e-07
3.51822e-07
3.46621e-07
3.46632e-07
3.47008e-07
3.46418e-07
5.94447e-07
6.14293e-07
7.40236e-07
6.62461e-07
5.91973e-07
6.01778e-07
5.92706e-07
1.84531e-06
1.85519e-06
4.01916e-06
1.84507e-06
1.80647e-06
1.80486e-06
1.80145e-06
5.10139e-07
5.1647e-07
9.8281e-07
5.39928e-07
5.09896e-07
5.10034e-07
5.1049e-07
1.10652e-06
1.09431e-06
2.36691e-06
1.11125e-06
1.0773e-06
1.0765e-06
1.07467e-06
2.28737e-07
2.26882e-07
3.78123e-07
2.34113e-07
2.24622e-07
2.25222e-07
2.24981e-07
1.19917e-06
1.21217e-06
2.5403e-06
1.19154e-06
1.17379e-06
1.17086e-06
1.17203e-06
4.24727e-07
4.16354e-07
7.91682e-07
4.24248e-07
4.11908e-07
4.11866e-07
4.1216e-07
2.43338e-07
2.4013e-07
4.09517e-07
2.49118e-07
2.37819e-07
2.38361e-07
2.38151e-07
1.1303e-06
1.13595e-06
2.30331e-06
1.11792e-06
1.10213e-06
1.10141e-06
1.10066e-06
2.5075e-07
2.48143e-07
4.3416e-07
2.55072e-07
2.4541e-07
2.45684e-07
2.45756e-07
4.19934e-07
4.19128e-07
6.67304e-07
4.16251e-07
4.89995e-07
4.16392e-07
4.14977e-07
1.246e-06
9.55419e-07
1.3683e-06
9.60434e-07
9.50943e-07
9.57155e-07
9.51197e-07
1.94003e-06
1.46289e-06
2.16285e-06
1.46398e-06
1.45318e-06
1.45999e-06
1.45361e-06
)
;

boundaryField
{
    ground
    {
        type            calculated;
        value           nonuniform List<scalar> 
316
(
1470.62
1792.65
1500.04
1783.8
1756.94
1751.63
1488.11
1488.93
1479.76
1573.64
1539.55
2677.92
1777.06
1675.7
1579.49
1610.81
1508.94
2679.99
1777.54
1673.65
1637.92
1738.78
2672.88
1645.69
1742.15
2658.26
1484.09
1580.67
1554.62
1572.73
1597.89
1492.3
2664.06
2596.69
2670.56
2659.87
2590.01
2674.89
2652.17
2568.3
2636.78
2652.55
2574.82
2646.74
1357.48
1376.05
1455.53
1582.48
1363.55
1615.81
1474.17
1363.69
1482.06
1473.74
1545.37
1581.99
1501.9
1510.19
1498.36
1456.93
1429.65
1443.7
1480.24
1528.97
1436.85
1439.03
1381.97
1369.95
1418.4
1415.77
1398.28
1415.43
1370.21
1382.46
1433.6
1408.44
178.182
292.064
949.179
1056.06
1300.14
1312.87
1059.17
1318.06
1303.15
955.398
1253.14
1255.66
1319.01
1323.16
1254.65
1253.41
764.79
901.078
289.054
899.848
778.314
203.127
1316.87
1245.88
1218.42
1219.71
1246.6
1322.64
1171.04
1165.91
1043.36
1045.14
1169.06
1173.31
1102.73
1147.25
1009.95
1011.23
1146.25
1104.48
882.684
687.226
705.622
704.885
679.501
879.891
581.687
645.078
842.037
835.037
630.574
559.348
494.732
477.735
278.538
266.336
465.833
492.136
355.444
419.302
228.2
247.556
439.344
383.007
0.452581
212.187
408.883
8.09088
0.134034
129.913
0.0112334
1.08584e-06
221.597
180.49
355.712
289.266
130.04
75.214
3.59385
52.507
76.3529
28.0555
4.28125
55.2171
8.24352
27.2119
0.927572
10.5102
0.194028
0.00544322
0.00065774
0.056825
0.977009
1138.65
1422.94
1429.42
1240.71
1230.96
1416.3
1353.69
1363.46
1372.39
1357.26
1415.37
1146.85
646.443
651.722
1235.52
1300.91
1312.33
1302.2
1294.21
1227.56
1142.62
1024.98
1012.28
1017.78
1031.5
1150.2
848.076
865.397
670.321
671.223
869.228
848.622
1328.09
920.522
1423.35
1224.25
1068.71
1368.58
1353.61
1403.36
1118.57
610.985
385.913
1373.5
1322.51
1271.13
1198.64
1287.59
1304.94
1186.64
1250.52
1148.64
979.131
924.804
1077.66
1011.92
848.635
753.24
550.941
746.117
807.414
572.376
666.652
475.289
445.58
435.549
10.7159
12.5962
462.246
263.406
250.639
240.702
261.94
461.135
14.3017
100.975
87.7804
94.3057
101.993
14.7085
148.121
0.24982
369.277
807.955
284.154
16.8429
694.163
347.385
5.65539
641.707
512.618
678.792
593.802
406.704
501.267
213.904
0.713823
4.65479e-06
531.785
366.032
220.602
177.06
337.49
462.494
312.342
230.488
87.8925
187.19
299.657
477.895
94.2207
208.626
79.7377
95.9457
18.1175
84.8415
34.3929
142.937
62.2886
874.579
1262.11
959.248
520.641
1192.82
1080.84
1166.31
828.59
964.924
1090.77
1034.86
937.344
773.182
655.392
818.205
683.241
0.0117323
0.753071
19.9083
12.3296
0.530756
0.00646158
6.78422e-05
0.00224545
2.71017e-05
0.000140549
0.0103205
0.000180032
)
;
    }
    outlet
    {
        type            calculated;
        value           nonuniform List<scalar> 0();
    }
    wall
    {
        type            calculated;
        value           nonuniform List<scalar> 0();
    }
    wall2
    {
        type            calculated;
        value           nonuniform List<scalar> 0();
    }
    wall3
    {
        type            calculated;
        value           nonuniform List<scalar> 0();
    }
    internalPatch
    {
        type            internal;
    }
    procBoundary5to0
    {
        type            processor;
        value           nonuniform List<scalar> 
29
(
1.6005e-08
3.03976e-07
3.0563e-07
4.41395e-07
4.63668e-05
0.00230305
0.111472
4.1302
34.117
87.9966
17.7956
0.618651
0.0113565
0.000801675
3.45551e-05
2.10429e-06
3.80387e-07
3.78126e-07
3.81041e-07
2.55955e-06
3.06665e-07
5.74667e-05
0.00245302
0.0908064
2.33698
0.0432174
0.00175384
5.27409e-05
5.92177e-07
)
;
    }
    procBoundary5to3
    {
        type            processor;
        value           nonuniform List<scalar> 
787
(
3.17648e-10
4.15597e-10
2.25405e-10
2.25405e-10
3.17648e-10
3.17648e-10
3.17648e-10
4.15597e-10
4.15597e-10
4.15597e-10
2.25405e-10
2.25405e-10
5.58009e-09
2.36957e-09
4.47882e-09
1.08597e-08
1.08597e-08
3.2941e-07
1.79597e-08
1.79597e-08
3.59223e-09
6.21052e-09
3.48933e-08
3.48933e-08
3.48933e-08
4.15597e-10
4.15597e-10
1.62142e-10
2.74944e-09
7.643e-09
7.643e-09
1.01846e-07
5.58009e-09
5.58009e-09
5.58009e-09
3.32909e-08
3.36507e-09
5.97741e-09
8.26929e-08
1.08597e-08
1.08597e-08
3.2941e-07
3.2941e-07
3.2941e-07
1.79597e-08
1.79597e-08
2.29317e-07
1.1753e-08
1.1753e-08
1.62918e-08
1.62918e-08
4.85886e-07
3.48933e-08
3.48933e-08
3.48933e-08
3.48933e-08
3.48933e-08
6.16588e-09
4.15597e-10
4.15597e-10
1.62142e-10
1.62142e-10
1.62142e-10
5.67131e-09
5.67131e-09
7.68447e-08
7.643e-09
7.643e-09
1.01846e-07
1.01846e-07
1.01846e-07
7.00031e-07
3.32909e-08
3.32909e-08
3.32909e-08
1.73527e-07
1.19658e-08
1.19658e-08
2.17319e-08
2.17319e-08
6.09232e-07
8.26929e-08
8.26929e-08
8.26929e-08
1.40207e-06
1.53491e-05
0.000378976
2.75115e-05
2.20521e-06
2.40887e-07
4.10821e-07
2.34571e-07
1.1753e-08
1.1753e-08
1.62918e-08
1.62918e-08
4.94594e-07
9.4966e-07
5.14789e-07
5.14789e-07
4.85522e-07
1.38502e-08
1.38502e-08
5.82746e-09
2.40856e-09
1.80099e-10
1.80099e-10
1.80099e-10
1.86901e-09
1.29795e-09
1.29795e-09
2.78216e-08
5.67131e-09
5.67131e-09
7.68447e-08
7.68447e-08
7.68447e-08
8.31915e-07
2.64726e-06
2.06788e-05
1.72005e-06
7.18593e-06
1.02243e-06
3.91508e-06
1.73527e-07
1.73527e-07
1.73527e-07
1.19658e-08
1.19658e-08
2.17319e-08
2.17319e-08
6.14809e-07
9.4647e-07
7.05551e-07
2.57098e-05
4.85559e-06
0.000132977
0.00336352
0.0499296
0.0058277
0.000428583
2.28126e-05
0.000188723
7.91096e-06
1.01389e-06
8.49709e-08
8.49709e-08
8.77699e-08
8.77699e-08
1.26659e-06
1.96985e-05
1.96985e-05
9.4966e-07
4.91818e-07
1.38502e-08
1.38502e-08
5.82746e-09
5.82746e-09
5.82746e-09
6.47996e-08
5.93953e-09
5.93953e-09
1.80099e-10
1.94809e-09
2.9097e-09
1.88106e-09
1.29795e-09
1.29795e-09
1.11197e-07
2.78216e-08
2.78216e-08
2.78216e-08
2.89556e-07
1.28026e-06
1.28026e-06
2.53222e-06
2.53222e-06
2.2428e-05
0.000182272
0.000838868
0.000106667
0.000372389
3.43282e-05
8.72568e-05
7.76265e-06
1.48131e-05
4.72318e-07
4.72318e-07
2.41069e-08
2.41069e-08
4.19095e-08
4.19095e-08
1.2882e-06
3.57997e-06
0.000175261
8.12395e-05
0.00255765
0.000737274
0.0176164
0.250119
1.71308
0.355905
0.0453509
0.00348651
0.0124305
0.000700766
2.85136e-05
1.75538e-06
8.49709e-08
8.49709e-08
8.77699e-08
8.77699e-08
2.70625e-06
7.53205e-05
7.53205e-05
2.31834e-06
1.15384e-06
5.98266e-08
5.98266e-08
3.59604e-08
3.59604e-08
5.40908e-07
6.47996e-08
6.47996e-08
6.47996e-08
5.93953e-09
5.93953e-09
4.90454e-08
4.90454e-08
2.78201e-07
2.9097e-09
2.9097e-09
2.9097e-09
1.64734e-08
6.81173e-09
4.4766e-09
9.04617e-09
9.04617e-09
3.37318e-07
1.11197e-07
1.11197e-07
1.11197e-07
2.15743e-06
5.73183e-07
6.22341e-06
6.22341e-06
3.36379e-07
2.6222e-07
7.22079e-07
1.00363e-06
2.2428e-05
0.000182272
0.000838868
0.00259697
0.00259697
0.00556046
0.000884433
0.00149721
0.000160597
0.000203313
1.83464e-05
4.72318e-07
4.72318e-07
2.41069e-08
2.41069e-08
4.19095e-08
4.19095e-08
1.30665e-06
4.54036e-06
0.000246951
0.00785671
0.00556943
0.129254
0.0602697
0.803389
4.84333
11.6069
4.95516
1.17043
0.156546
0.265364
0.0215413
0.00124074
5.2334e-05
4.29283e-06
2.51089e-07
2.51089e-07
2.56222e-07
2.56222e-07
5.62049e-06
0.000135104
0.000135104
4.95299e-06
1.38458e-07
5.98266e-08
5.98266e-08
3.59604e-08
3.59604e-08
6.35769e-07
2.66477e-06
1.0604e-06
1.38363e-05
1.9139e-06
7.74559e-07
4.90454e-08
4.90454e-08
2.78201e-07
2.78201e-07
2.78201e-07
8.88099e-07
1.64734e-08
1.64734e-08
1.64734e-08
1.6546e-08
6.81255e-09
4.47233e-09
9.04377e-09
9.04617e-09
9.04617e-09
3.37318e-07
3.37318e-07
3.37318e-07
9.8013e-06
4.86965e-06
6.19827e-05
2.52012e-05
2.52012e-05
1.05939e-06
3.57739e-08
9.98494e-09
2.5623e-08
1.35919e-07
4.29608e-06
1.50436e-05
4.76582e-05
0.000106287
0.00556046
0.00883704
0.00883704
0.0107507
0.00186249
0.00185931
0.000201789
1.80696e-05
4.51105e-07
4.51105e-07
2.31455e-08
2.31455e-08
4.09993e-08
4.09993e-08
1.27606e-06
4.52696e-06
0.000248893
0.0079548
0.185191
0.182198
2.34289
1.68435
8.60506
18.7097
26.083
16.7954
7.63953
1.99108
2.29126
0.301206
0.0243721
0.00140496
5.90091e-05
4.55104e-06
2.51089e-07
2.51089e-07
2.56222e-07
2.56222e-07
6.10303e-06
0.000150567
0.000150567
5.34917e-06
1.38458e-07
1.38458e-07
1.38458e-07
7.04403e-08
7.04403e-08
1.95484e-06
5.642e-06
9.77174e-05
5.17515e-05
0.000417509
0.000110444
1.11912e-05
1.40193e-06
6.19023e-06
1.83359e-05
4.09933e-05
1.14512e-06
1.2512e-06
8.91573e-07
8.21568e-07
1.6546e-08
1.6546e-08
1.6546e-08
8.18263e-07
1.05641e-06
3.65769e-05
0.000505082
0.00378028
0.0136171
0.0258064
0.0305448
0.0281572
0.0325354
0.0729117
0.209399
0.31998
0.335724
0.266406
0.143014
0.0512013
0.0114773
0.0016083
0.000133782
8.66034e-06
1.17326e-07
1.17326e-07
1.43443e-07
1.37604e-06
0.000125222
0.00945487
0.00945487
0.000172524
2.44969e-06
2.82969e-07
2.45517e-07
1.63035e-06
8.15265e-05
0.00288103
0.0797328
1.46411
11.5037
35.6107
66.2268
94.0564
114.531
123.28
121.146
105.904
80.7484
50.839
22.6227
8.42249
5.79644
6.01883
6.02999
4.09259
1.40318
0.200269
0.0134576
0.000543127
1.89855e-05
5.66397e-07
3.36459e-06
0.000120193
0.00508282
0.185918
0.00299813
4.78431e-05
1.17606e-06
1.39528e-07
2.93026e-06
2.46088e-05
0.000281234
0.00210521
0.00496494
0.00854091
0.0108381
0.0014075
0.000148814
1.36906e-05
4.51105e-07
4.51105e-07
2.31455e-08
2.31455e-08
4.09993e-08
4.09993e-08
1.25272e-06
3.42312e-06
0.000167245
0.00539031
0.127412
1.68838
2.38805
11.1571
11.003
22.9762
31.527
34.4905
28.8184
18.7741
8.63039
9.08787
2.38077
0.305305
0.0243903
0.00138858
5.97448e-05
3.38568e-06
2.37537e-07
2.37537e-07
2.70672e-07
2.70672e-07
5.94754e-06
0.000143813
0.000143813
5.24622e-06
1.47312e-07
1.47312e-07
7.40457e-08
7.04403e-08
7.04403e-08
1.98481e-06
6.1238e-06
0.00011061
0.00088651
0.00077755
0.00396772
0.0021235
0.000565818
7.25562e-05
0.000248754
0.000549475
0.000769094
5.68145e-05
5.42647e-05
1.17344e-06
0.000751472
0.0056351
0.0205966
0.0402291
0.0486327
0.0446201
0.0517004
0.113426
0.117999
0.091161
0.0462208
0.0152164
0.00328963
0.000428333
3.52188e-05
2.97506e-06
1.17326e-07
1.17326e-07
1.34251e-07
4.02062e-07
2.59924e-05
0.00171095
0.00171095
3.46554e-05
7.10821e-07
2.62297e-07
2.27912e-07
5.23955e-07
1.77936e-05
0.000573287
0.0148578
0.280439
3.19657
14.4692
33.1928
52.6865
67.438
73.7336
71.9584
60.6274
42.4283
20.6468
15.4635
15.6614
15.1983
10.8893
4.58314
0.742962
0.0537323
0.00221017
6.83704e-05
7.79928e-07
5.02034e-07
4.96902e-07
8.50591e-07
3.04243e-06
9.18109e-05
1.92233e-06
4.5867e-07
1.39528e-07
1.39528e-07
1.39528e-07
6.24557e-06
7.15265e-05
0.000750633
1.06058e-08
1.06058e-08
1.99882e-08
1.99882e-08
1.99882e-08
4.98377e-08
4.98377e-08
4.98377e-08
1.06058e-08
1.06058e-08
1.99882e-08
4.98377e-08
8.6342
18.5408
23.1731
31.5338
34.0054
34.4402
35.3243
29.8296
19.6396
27.3467
14.0752
4.28132
0.581435
0.0455843
0.0024328
9.74729e-05
4.40261e-06
2.37537e-07
2.37537e-07
2.70672e-07
2.70672e-07
7.90088e-06
0.000243809
0.000243809
6.70073e-06
1.47312e-07
1.47312e-07
7.40457e-08
7.40457e-08
7.40457e-08
1.3273e-06
6.93346e-06
0.000102117
0.000807165
0.00422555
0.00458885
0.0156043
0.013259
0.00706561
0.0019223
0.00416755
0.00580923
0.0212856
0.0416018
0.0502074
0.0453409
0.0526047
0.0378028
0.0176521
0.00539696
0.00104913
0.000131607
9.08572e-06
1.42878e-06
0.0143052
0.0316927
0.0348096
0.0291021
0.0151762
38.968
44.6459
43.1793
34.0904
26.7187
26.7343
25.2329
0.0107507
0.000216927
3.35947e-06
9.07089e-07
9.42512e-08
9.42512e-08
2.1282e-07
2.1282e-07
3.77906e-07
3.77906e-07
3.73104e-07
3.73104e-07
3.73104e-07
2.1931e-07
2.1931e-07
5.84951e-08
5.84951e-08
2.62124e-08
2.62124e-08
1.09887e-07
1.09887e-07
3.82979e-06
0.000103677
0.000103677
9.47487e-06
3.31079e-07
3.31079e-07
9.04377e-09
9.04377e-09
9.04377e-09
3.31079e-07
3.31079e-07
1.19794e-05
1.20823e-05
0.000134678
0.000107689
0.000107689
6.19827e-05
1.71774e-06
3.57739e-08
3.57739e-08
3.57739e-08
1.04858e-08
5.26536e-09
1.97639e-08
1.35919e-07
1.35919e-07
1.35919e-07
8.06201e-07
1.23077e-06
2.87065e-06
0.000176015
8.9895e-07
9.42512e-08
9.42512e-08
2.1282e-07
2.1282e-07
3.77906e-07
3.77906e-07
3.73104e-07
2.1931e-07
2.1931e-07
5.84951e-08
5.84951e-08
2.62124e-08
2.62124e-08
1.09887e-07
1.09887e-07
4.38395e-06
0.000133409
0.000133409
0.000134678
4.43364e-06
3.93121e-06
1.11695e-07
1.11695e-07
2.65437e-08
1.04858e-08
1.04858e-08
1.04858e-08
3.1794e-08
1.97639e-08
1.97639e-08
1.97639e-08
5.7248e-08
4.84666e-07
4.92236e-07
5.7248e-08
5.7248e-08
1.30933e-07
1.30933e-07
2.2348e-07
2.2348e-07
2.2348e-07
5.98248e-08
5.98248e-08
2.65437e-08
2.65437e-08
1.11695e-07
1.11695e-07
2.65437e-08
5.98248e-08
3.1794e-08
3.1794e-08
3.1794e-08
1.30933e-07
5.7248e-08
1.30933e-07
2.2348e-07
5.98248e-08
)
;
    }
    procBoundary5to4
    {
        type            processor;
        value           nonuniform List<scalar> 
714
(
103.953
207.329
275.573
180.6
71.6699
23.0835
2.43365
36.4688
120.081
209.583
283.782
323.082
333.957
312.795
242.482
131.421
34.5232
9.15099
0.84551
0.0414456
0.00151685
0.0845014
4.08491
41.2148
115.16
187.065
269.625
315.435
330.281
334.443
338.637
332.504
321.793
279.105
183.878
70.738
8.59532
1.78929
0.194555
0.0138533
0.000703021
2.81987e-05
1.97138e-06
1.32715e-05
0.000238911
0.00334894
0.0313686
0.000571873
1.33625e-05
5.87455e-07
5.67995e-07
5.69754e-07
1.68438e-06
2.04816e-06
6.96525e-06
7.85995e-06
1.08499e-05
1.112e-05
1.10103e-05
1.15048e-05
1.08484e-05
1.06771e-05
8.45695e-06
6.67173e-06
3.04344e-06
2.19957e-06
1.96134e-05
0.000919502
0.0428737
0.0428737
0.0346458
0.0212937
0.0100607
0.198902
0.0373785
0.0044434
0.000347286
2.02866e-05
0.00122548
0.0799744
4.74034
49.7591
8.26598
0.274319
0.00585665
0.000120898
0.00443787
0.122077
1.91469
9.81719
19.7701
24.9613
24.4321
23.8606
32.2623
65.4209
120.631
278.591
470.649
673.723
864.212
1031.39
1166.56
1263.81
1329.91
1372.18
1398.42
1415.34
1418.47
1416.74
1437.67
1438.56
1478.61
1527.67
1572.97
1601.65
1584.12
1556.4
1513.12
1468.11
1422.48
1370.33
1308.02
1229.33
1124.46
982.265
803.614
598.333
389.982
203.671
64.7839
5.5328
1.83886
0.642223
0.50363
0.539335
0.486272
0.27857
0.0833489
4.06707
45.5094
137.53
232.322
292.998
315.249
321.718
329.79
342.107
358.017
343.232
328.171
315.335
290.36
218.276
106.309
21.3933
0.783088
0.196243
0.00376911
7.35291e-05
7.01705e-07
7.14592e-06
2.06524e-05
5.53826e-05
9.41621e-05
0.000135556
0.000153925
0.000198006
0.000217082
0.000244053
0.000243795
0.000206456
0.000134102
5.849e-05
0.00273594
0.119953
0.119953
0.0999729
0.0647751
0.0328096
0.66555
19.8722
9.12841
2.33598
0.28322
0.022405
1.52654
31.679
119.14
220.93
138.693
57.5387
9.0058
0.24262
5.97122
31.5374
65.9656
90.0381
100.583
99.7476
101.251
121.906
179.624
308.93
419.403
488.414
515.927
519.124
514.179
509.102
510.417
521.07
541.248
562.474
574.846
594.235
577.833
607.009
680.831
798.859
922.665
922.665
905.31
905.31
755.973
635.104
569.802
521.55
492.713
480.094
479.614
482.9
482.11
457.014
384.346
266.369
134.352
34.6709
18.5395
15.0799
15.5306
14.6391
10.1543
69.0523
167.707
250.77
291.069
300.884
306.676
318.311
337.328
366.367
408.833
377.796
347.305
321.065
301.471
283.818
234.179
133.99
36.3043
2.20331
0.0485807
0.0161308
0.000337862
0.00107628
0.00249083
0.00428144
0.00576241
0.00651897
0.00790424
0.00863561
0.00969884
0.00972574
0.00849735
0.00570564
0.232798
0.232798
0.202554
0.141868
0.0781766
1.60879
31.6312
126.532
102.329
72.1701
39.2914
12.6096
82.052
190.78
283.498
334
294.242
225.654
136.299
51.0693
110.823
158.641
183.929
193.569
192.258
199.317
230.974
311.055
344.022
342.848
333.115
329.968
335.448
351.642
381.076
425.257
480.938
522.094
546.257
503.186
554.093
739.435
1110.67
1110.67
1286.46
922.665
922.665
905.31
905.31
1167.86
993.068
993.068
671.416
509.635
411.184
352.076
320.76
307.034
305.858
315.092
320.544
291.225
207.466
95.9627
83.8796
83.9913
81.7382
180.716
253.692
281.265
285.181
289.275
300.129
321.009
358.301
423.218
534.573
467.393
401.583
347.67
308.219
283.288
269.401
236.918
151.705
49.4213
4.30613
0.106081
0.173869
0.227302
0.254186
0.300392
0.325964
0.367824
0.370629
0.331042
0.331042
0.303345
0.233122
0.14213
2.96184
42.1596
143.81
241.718
233.392
215.103
183.569
137.544
246.167
319.789
347.624
349.678
346.102
327.72
281.289
205.096
244.841
259.889
262.437
256.979
266.726
290.027
289.11
287.496
292.576
304.125
324.781
359.079
410.598
481.105
548.623
548.623
566.578
566.578
518.759
600.893
944.858
944.858
1408.34
1110.67
1110.67
1757.73
2045.95
1336.53
1281.48
1841.96
1711
993.068
993.068
1208.29
861.741
861.741
545.947
406.211
332.287
294.7
276.454
268.824
269.271
272.677
253.565
184.733
181.847
249.392
271.663
273.169
275.9
285.211
305.427
344.783
420.88
560.795
889.948
722.217
544.018
428.935
343.796
291.138
264.815
254.838
233.816
161.496
59.06
6.38504
7.83181
8.52408
9.61765
10.2121
11.2834
11.3733
11.3733
11.1763
9.95175
7.41215
63.879
168.429
241.785
263.998
287.795
294.823
295.19
280.678
331.568
346.284
350.404
349.809
344.618
339.471
331.184
303.795
303.396
295.129
284.445
290.027
292.636
299.146
310.356
329.315
360.909
412.294
497.597
567.755
548.623
548.623
566.578
566.578
573.929
513.751
585.778
945.01
944.858
944.858
1520.76
2352.69
1846.01
2732.16
2805.53
3016.93
2086.64
1751.36
1882.1
1432.96
861.741
861.741
889.948
889.948
889.948
1329.83
1088.86
1088.86
665.797
454.336
335.225
276.799
251.833
244.791
230.205
166.038
64.7342
67.4185
71.2621
73.1375
76.7942
76.9404
76.9404
76.2655
72.7142
174.471
234.752
247.518
255.007
275.071
304.066
316.376
327.626
339.691
349.575
356.012
355.003
341.946
332.494
325.053
318.891
303.435
306.959
313.408
323.784
341.525
370.237
419.436
486.404
545.484
567.755
567.755
567.755
573.929
573.929
573.929
545.538
498.332
558.546
758.943
945.01
945.01
945.01
1517.95
2286.45
3075.51
3038.06
4145.12
3536.97
3113.05
3094.52
2041.36
1462.88
1869.91
1088.86
1088.86
1261.48
807.594
807.594
461.094
330.919
270.087
246.047
240.656
228.768
168.198
170.534
172.06
175.467
175.596
175.596
175.458
228.844
237.155
242.134
265.613
280.465
300.12
322.446
331.433
348.058
363.368
373.267
402.765
441.012
464.908
468.496
450.342
492.041
575.87
704.009
1144.2
1144.2
1409.33
1845.99
2576.4
3125.33
3687.94
3986.82
2818.56
2365.41
1794.14
2028.39
1331.55
807.594
807.594
823.659
469.311
320.075
320.075
255.42
233.952
231.305
224.335
222.656
224.93
226.972
226.972
233.37
236.354
258.919
325.759
328.468
339.569
345.705
346.614
374.433
384.638
395.687
399.937
395.543
420.083
449.616
469.845
332.255
323.93
298.314
298.314
298.314
238.354
223.672
226.018
227.604
233.37
236.354
258.919
325.759
325.759
328.468
339.569
345.705
349.961
353.451
354.933
346.714
340.319
338.047
325.844
300.531
298.314
298.314
300.531
300.531
239.813
224.916
300.531
300.531
823.659
823.659
1344.8
1144.2
1144.2
1843.8
2034.08
1395.57
823.659
)
;
    }
}


// ************************************************************************* //
