/*--------------------------------*- C++ -*----------------------------------*\
  =========                 |
  \\      /  F ield         | OpenFOAM: The Open Source CFD Toolbox
   \\    /   O peration     | Website:  https://openfoam.org
    \\  /    A nd           | Version:  9
     \\/     M anipulation  |
\*---------------------------------------------------------------------------*/
FoamFile
{
    format      ascii;
    class       volScalarField;
    location    "0.0006";
    object      T;
}
// * * * * * * * * * * * * * * * * * * * * * * * * * * * * * * * * * * * * * //

dimensions      [0 0 0 1 0 0 0];

internalField   nonuniform List<scalar> 
6315
(
840.647
167.276
839.691
173.873
880.625
888.808
194.958
191.937
431.76
435.879
838.504
850.488
442.381
435.312
846.197
185.535
184.044
169.999
167.859
186.508
172.081
184.405
262.731
842.241
262.661
879.731
196.402
430.364
841.281
180.145
171.592
180.3
175.743
171.182
173.879
185.775
451.21
868.303
272.286
264.444
887.865
197.465
856.037
463.4
883.284
460.549
440.833
868.966
452.645
863.113
184.881
173.929
175.309
180.917
175.981
171.745
173.981
192.557
171.408
172.756
186.795
168.466
189.722
172.224
172.453
173.626
172.346
174.543
173.154
174.089
172.128
173.421
193.935
176.46
192.377
175.94
188.443
174.407
172.067
189.319
171.355
186.349
186.427
171.764
171.836
171
168.784
171.281
170.449
169.875
171.207
167.655
169.814
166.4
168.441
167.735
168.322
168.735
166.402
171.036
170.822
172.013
170.233
170.652
170.9
169.668
489.514
239.157
272.473
517.571
528.253
252.793
480.292
489.248
516.92
239.162
272.526
479.621
252.694
528.049
708.175
883.26
642.212
884.236
682.46
683.822
892.205
374.1
201.278
201.314
345.022
357.651
210.957
358.277
170.442
174.795
169.683
182.156
169.386
177.511
171.382
171.193
172.241
172.233
171.894
171.314
172.674
171.269
170.444
169.67
174.899
182.186
171.385
177.491
169.375
174.146
175.687
174.781
175.691
174.582
174.59
175.324
172.39
170.861
170.905
173.592
173.053
171.718
173.044
172.46
172.352
173.63
174.554
172.137
173.172
174.091
170.962
186.102
169.694
185.835
170.741
184.112
170.405
507.925
283.937
537.36
247.252
551.564
496.387
260.782
501.602
279.028
241.058
523.415
485.669
542.795
257.712
727.101
904.343
648.323
894.698
700.648
691.702
914.397
384.447
205.183
202.632
347.757
367.435
361.805
215.11
172.399
187.27
172.832
177.951
173.039
173.118
180.797
173.233
175.34
174.041
173.592
174.139
173.62
173.701
173.895
174.433
175.122
175.23
174.408
174.337
174.879
171.515
184.545
175.432
170.124
171.619
179.523
170.985
174.592
176.129
175.027
175.739
175.161
174.684
175.655
173.016
172.615
171.386
173.866
173.788
173.2
173.587
173.281
174.186
172.584
174.576
173.278
173.027
174.492
173.42
174.076
172.332
173.012
171.856
173.711
171.854
175.733
190.047
190.719
171.966
172.889
190.823
174.16
172.033
168.762
169.673
168.099
169.617
169.397
169.668
172.411
172.894
171.075
170.481
170.072
171.969
171.712
1476.81
1439.7
1029.83
862.824
856.481
991.304
298.981
523.412
890.634
1069.82
1087.45
1196.22
1209.27
1341.48
1331.19
948.612
1192.62
1126.08
1292.38
1240
1366.29
1407.76
469.811
1336.7
282.145
1191.39
636.703
434.902
174.708
168.675
166.738
152.779
152.329
157.226
158.862
196.91
191.07
189.959
155.929
152.724
178.13
164.232
213.88
257.955
461.307
233.276
225.332
336.681
657.508
691.085
314.868
259.427
181.103
187.294
285.354
482.94
523.571
264.895
525.194
255.381
311.59
394.493
882.687
767.009
507.098
344.65
251.171
205.251
340.79
751.104
612.038
451.398
569.896
1210.33
848.606
940.711
883.479
968.205
534.438
650.637
1055.34
1255.1
1110.45
955.039
1025.06
779.871
1256.7
1450.87
1271.3
1443.89
1439.94
1436.57
1437.75
1331.14
975.765
1334.6
1335.41
792.809
774.03
1337.48
1308.36
1517.17
1376.7
1455.29
1362.88
1416.12
1470
1343.89
931.502
1340.15
1323.47
637.146
722.845
1294.84
858.242
653.435
565.558
1141.96
450.164
1123.4
997.177
1093.74
433.527
398.162
410.506
805.91
826.846
887.173
863.506
494.984
488.61
437.793
939.888
869.526
933.841
1002.71
683.673
533.226
510.078
979.679
1072.07
1088.79
958.487
752.989
689.753
588.558
1021.98
1178.71
1123.92
1083.32
1137.59
1139.04
1149.8
1184.81
1148.38
1172.31
1143.1
1207.94
1136.68
1172.83
1207.69
1108.15
1132.95
1241.01
1233.66
1281.73
1136.99
1082.93
1288.41
1223.21
1129.2
1253.68
1320.52
1071.22
1053.36
1301.61
1109.53
1280.55
158.68
309.398
160.808
444.377
156.298
151.199
235.165
271.938
157.933
154.241
153.538
153.578
155.643
154.324
153.999
151.627
153.728
153.993
152.764
152.676
153.18
152.354
158.105
153.847
153.223
154.86
154.299
153.394
154.965
230.41
220.394
223.576
169.462
169.829
172.745
171.778
166.909
152.619
152.466
151.802
157.993
155.326
152.141
248.15
246.519
231.149
181.398
175.172
171.285
175.129
324.335
261.403
253.757
195.946
192.439
179.788
178.034
363.201
328.208
281.258
205.495
227.943
196.116
184.522
983.435
194.688
937.116
170.923
890.906
922.768
195.312
191.56
195.889
169.132
195.861
173.237
194.898
197.016
171.983
465.768
882.615
454.206
472.755
895.852
471.017
902.413
192.216
173.188
174.244
196.548
173.23
196.778
173.843
192.015
194.368
168.553
170.518
173.127
194.364
171.926
179.752
194.366
175.417
198.287
177.966
196.601
176.83
175.444
174.733
173.948
173.377
173.213
173.593
175.27
175.273
173.725
174.311
173.373
173.777
174.001
174.196
175.275
172.22
174.891
172.487
173.933
173.21
172.969
194.034
164.271
166.466
192.205
165.628
193.561
169.394
480.213
905.095
471.44
896.964
468.544
475.283
910.671
927.511
488.416
484.381
479.038
909.133
476.844
916.293
954.759
510.971
496.677
946.795
492.117
483.635
928.074
1044.44
159.065
198.915
972.384
195.791
777.346
218.514
672.316
179.278
163.447
159.377
153.823
206.935
173.249
293.858
201.445
196.057
166.8
168.175
198.503
164.745
197.647
163.577
165.105
161.419
162.726
157.19
160.35
158.898
158.366
196.258
163.934
164.904
207.724
161.824
201.015
162.017
161.073
157.743
159.389
156.146
155.553
155.717
156.965
958.559
505.975
498.919
538.908
1013.56
527.771
1032.81
160.308
156.944
156.104
155.938
153.594
156.771
153.055
175.961
246.229
237.763
209.381
162.392
205.764
162.547
170.308
171.798
169.14
157.186
157.923
157.618
157.241
999.464
544.035
520.066
1129.43
598.056
560.897
1070.29
156.813
157.919
154.767
155.967
157.781
155.16
153.598
188.995
318.808
267.855
238.427
172.989
218.059
164.488
1209.42
1185.61
652.934
593.731
1093.02
578.562
1116.21
181.552
202.734
179.357
164.872
165.842
158.845
158.668
192.597
179.87
175.761
158.28
160.25
157.722
162.452
712.411
1314.2
1254.71
1225.82
674.07
623.784
1160.46
226.501
227.117
192.379
171.148
188.217
161.401
169.312
161.336
168.761
161.618
156.023
173.674
166.574
169.121
160.653
167.685
166.778
166.108
171.645
164.46
170.002
169.497
174.453
172.644
173.594
170.671
173.486
172.633
172.315
169.18
172.371
164.031
166.719
170.153
167.73
170.241
171.219
164.305
166.27
166.893
163.693
168.809
161.969
174.554
174.266
174.609
173.705
173.942
171.613
174.978
175.874
174.509
174.512
173.642
174.301
174.438
174.789
174.387
174.242
173.906
173.357
174.086
170.882
174.562
174.417
172.471
172.733
172.824
173.12
173.343
171.111
163.964
159.624
161.881
163.573
161.333
164.693
167.137
162.98
166.335
156.69
158.344
161.418
163.996
159.279
162.856
159.211
158.277
164.158
161.184
165.764
159.867
158.164
159.619
156.859
158.836
156.133
161.523
157.757
1219.52
893.281
325.95
1208.53
320.56
869.36
504.256
1167.14
672.005
387.326
309.694
796.855
454.882
1080.88
1413.21
287.926
427.218
287.926
288.139
287.926
287.927
287.926
289.504
1217.75
745.168
910.53
602.328
480.776
330.366
296.218
287.926
295.9
287.926
287.926
287.926
287.926
287.926
854.331
290.226
291.98
343.854
317.435
288.803
287.987
303.86
287.969
291.249
287.935
288.542
288.04
287.927
358.699
288.176
300.775
287.954
289.138
288.132
287.93
288.191
288.04
288.107
287.932
287.93
287.929
287.926
287.957
287.931
288.326
287.939
287.926
287.927
287.926
288.007
287.95
289.183
287.947
287.926
287.926
287.927
975.321
980.355
902.323
1553.13
823.366
658.22
1317.99
494.265
654.248
303.174
657.709
299.92
287.934
861.13
1949.53
1115.24
1271.73
288.155
1188.28
1553.62
1319.2
535.402
1356.23
795.536
228.025
1617.45
1702.53
1259.17
2129.82
638.926
2320.6
1279.96
1410.7
918.244
1248.68
581.555
395.126
1216.36
1045.04
167.812
201.406
215.196
334.681
322.09
369.797
559.204
305.9
577.064
588.889
287.936
287.931
287.935
287.931
566.568
287.928
287.926
382.567
481.999
287.936
287.93
1440.07
1115.85
1552.2
287.997
642.263
1516.94
359.8
1553.88
944.43
288.229
1201.15
1538.79
823.688
1553.36
1002.48
1546.09
1295.62
777.308
751.728
287.937
291.794
371.442
881.796
576.524
925.641
624.172
840.403
1104.17
306.062
797.063
538.85
811.05
537.034
797.763
1036.69
436.328
970.11
627.292
1017.85
673.72
874.523
1168.33
1117.8
985.84
1134.85
1321.51
1456.3
1566.61
1423.3
1073.83
920.005
1060.64
1266.28
1250.65
1341.59
1363.54
1201.24
564.681
291.624
287.927
1546.7
874.633
1096.96
287.93
287.982
422.095
521.093
287.929
345.527
287.926
1273.03
604.544
1470.74
287.929
309.832
780.816
288.146
287.926
287.926
295.082
340.298
287.928
317.691
287.926
287.938
2442.64
902.139
2143.42
1804.94
1811.95
360.617
758.766
1533.65
1540.01
287.927
534.981
341.704
300.825
991.542
1109.17
1207.39
1375.73
1289.94
1370.97
1437.44
1469.9
1642.52
1367.33
1876.52
1659.9
1760.76
1961.51
1191.5
1152.44
1247.17
1367.09
1412.21
1452.41
1574.76
1453.04
1230.33
941.413
1111.21
1571.79
1361.33
1391.12
1095.29
1068.16
828.596
1054.44
1534.93
1307.8
1278.05
1075.46
1148.95
851.924
1075.24
1551.52
1295.39
1355.36
1473.2
1421.96
1295.8
1703.01
1588.39
1814.66
1534.19
1238.64
1214.1
1380.78
1435.07
1502.82
1477.29
1463.91
1051.74
1066.01
1088.22
1277.08
1304.02
1315.83
1532.36
1127.54
1256.13
1364.81
1428.34
1441.97
1457.62
1489.97
1380.76
1469.54
1437.98
1504.13
1448.97
1365.64
1311.19
1783.09
1799.47
1603.56
1902.1
2243.67
2057.37
2090.56
1516.8
1606.74
1710.63
1750.99
1151.59
1518.66
1522.49
1336.47
1472.08
1404.97
1451.42
1486.03
1481.91
1489.51
1440.13
1199.66
1423.19
1426.73
1078.44
1060.37
1445.19
1359.96
1464.16
1482.55
1518.26
1507.23
1512.25
1476.2
641.214
633.733
614.581
307.202
305.063
301.818
303.725
647.319
641.251
637.95
307.633
307.167
305.735
305.795
2184.62
2025.69
1957.66
2026.74
2315.45
1994.1
2252.22
304.97
633.582
639.604
646.911
639.716
307.008
305.91
299.02
302.805
617.493
590.884
627.696
303.995
300.175
627.443
594.756
629.4
304.179
299.838
303.712
300.482
287.934
574.888
1624.89
287.926
287.966
287.929
289.001
287.926
287.926
287.932
489.677
1573.38
405.762
287.926
1447.34
1160.49
1434.15
1427.98
877.81
1010.74
1415
615.742
522.307
579.15
297.976
302.125
298.794
295.1
1353.58
1652.27
1553.3
1606.49
1562.65
1625.68
1519.74
1306.24
1656.07
1524.01
1624.69
1537.73
1655.12
1593.37
1311.45
1645.01
1535.37
1623.43
1542.84
1654.84
1545.19
1469.67
1538.63
1554.81
1245.21
1466.37
1389.87
1012.82
1545.32
287.926
829.973
287.932
287.926
287.926
290.157
1311.78
1632.92
1659.21
1648.12
1547.99
1536.63
1556.89
1580.73
1588.88
1569.4
1469.44
1583.56
1595.34
1285.93
1485.77
1417.4
1560.93
1372.68
1575.23
1557.79
1110.33
1345.54
1617.39
1546.19
1601.92
1547.25
1647.32
1513.44
1412.52
1591.5
1548.32
1432.2
1490.37
1440.29
1198.77
1466.48
1517.77
1535.24
1363.49
1441.3
1194.32
969.365
1613.57
1619.9
1908.26
1516.39
1838.18
1695.72
1236.61
1498.49
1517.15
1492.56
1423.7
1407.8
1107.58
1125.39
1759.27
1312.63
1050.19
941.523
1681.66
1346.12
1472.2
1378.94
1233.15
560.211
862.404
1215.46
839.537
1394.58
572.854
465.491
553.79
296.927
292.976
292.292
298.213
510.048
294.601
524.796
435.192
295.445
291.362
290.923
528.762
430.119
438.457
295.13
295.66
291.462
291.152
1551.49
1546.92
1561.82
1414.88
1508.11
1360.65
1097.86
1991.88
2334.5
2174.49
2376.12
2171.53
2182.12
2436.01
1509.26
1465.72
1488.92
1332.92
1393.73
1066.13
931.854
447.978
404.893
369.492
293.662
291.732
290.388
289.501
1532.98
1140.69
1518.01
639.91
1261.26
1114.41
482.055
298.33
287.93
287.926
287.926
287.926
287.926
287.926
2093.37
2380.95
1688.71
2270.79
2112.62
1900.44
2329.45
1364.58
1069.33
506.748
642.459
1182.4
783.52
1308.88
457.776
429.444
515.27
294.649
289.779
291.053
292.062
1334.3
596.138
1277.77
519.369
1228.65
1074.97
380.525
967.022
1258.06
980.427
603.674
1088.88
368.39
909.296
658.62
774.98
697.807
1030.2
870.528
1086.67
1132.88
1184.23
832.25
1107.31
984.805
1254.19
1160.67
1256.53
1348.98
1138.36
1201.98
1040.24
1366.71
1248.81
1297.36
1403.81
1251.69
1060.05
1278.53
1018.32
1294.82
1314.19
970.117
1132.47
1428.76
1301.18
1365.21
1480.43
1440.2
1450
1338.76
1005.19
1310.4
1333.8
779.643
1337.79
894.157
1284.18
877.632
1322.98
1326.29
586.1
1256.83
813.284
1317.69
1046.8
583.26
485.404
1267.33
1193.71
722.81
1486.15
1070.52
1457.37
484.291
1012.22
882.484
386.523
1016.06
405.972
359.433
302.384
714.453
604.189
295.616
1396.38
608.681
1303.61
413.57
1117.72
942.105
336.823
1580.12
1480.65
1441.98
1115.88
1187.14
945.726
514.844
1458.67
1449.87
1630.75
1565.14
453.22
1099.58
1091.57
1467.63
1573.02
1640.37
1473.5
468.144
1105.93
929.057
1331.62
1120.23
1550.61
1379.7
343.763
697.183
952.02
1440.25
1480.28
1623.04
1577.99
511.354
1185.85
1110.15
1608.63
1575.74
1660.38
1607.1
610.022
1259.01
1195.9
1386.23
1453.22
1582.46
1160.46
349.292
660.364
752.48
391.203
311.094
336.406
288.85
290.011
288.779
288.293
1260.21
729.501
1241.47
614.777
315.189
311.15
640.681
1138.13
1446.29
1364.68
985.972
742.319
632.514
343.971
1370.25
1329.21
1118.94
942.277
684.221
638.473
340.328
342.046
305.302
348.965
289.075
288.177
288.217
288.924
961.517
897.795
1467.46
1267.09
300.219
566.792
637.206
1112.27
402.767
305.951
790.713
290.339
307.282
445.803
858.602
1179.35
1374.29
687.406
294.46
448.297
319.634
656.271
319.501
297.604
458.421
288.589
337.239
290.727
304.006
305.629
350.38
289.102
288.19
288.989
288.223
920.612
1244.3
1444.71
869.707
298.176
543.292
346.557
786
409.221
1111.95
681.64
289.816
403.454
300.374
2124.99
2462.55
2258.39
1979.4
1943.17
1429.07
2354.89
1481.91
1391.93
1836.46
1297.37
335.96
659.951
749.633
2360.03
1295.74
2021.25
1716.24
1234.7
722.574
2173.5
990.179
628.134
1447.71
1008.08
293.828
331.838
542.58
905.165
334.896
884.133
461.237
292.049
291.515
479.635
503.228
329.526
928.646
693.219
288.767
349.836
299.613
332.867
300.139
295.607
288.119
288.725
288.427
288.039
675.672
1105.05
1211.07
561.075
294.366
304.238
434.667
676.064
320.217
830.362
417.402
288.778
290.305
342.078
288.378
287.936
288.37
288.333
287.935
288.331
287.935
288.288
288.176
287.934
287.932
288.273
288.193
287.934
287.935
288.336
288.311
287.936
288.365
288.336
287.935
287.933
288.158
288.253
288.283
287.932
288.186
287.934
288.358
287.934
288.305
288.22
287.933
288.266
287.932
380.029
244.854
1141.93
161.261
490.527
219.973
955.685
758.42
153.928
161.954
154.014
174.73
176.247
202.24
199.425
164.888
166.943
184.167
156.466
186.214
220.686
285.435
240.694
181.599
183.322
275.231
464.318
469.268
268.845
666.877
501.424
672.948
246.051
251.305
343.784
335.256
280.252
195.038
234.256
319.964
671.532
532.932
436.586
405.404
582.155
751.798
907.531
287.827
403.785
549.654
906.546
899.312
1115.84
537.47
810.383
803.63
532.769
1071.57
1245.43
1152.97
606.487
976.085
858.827
753.366
1054.51
154.402
902.175
151.686
177.338
848.075
162.892
899.087
984.371
189.423
186.127
162.403
148.015
154.117
166.7
152.951
161.234
150.719
181.273
158.197
181.167
166.001
184.517
162.359
177.399
167.905
184.824
167.813
163.691
186.907
187.894
164.323
159.788
157.586
160.718
165.721
161.668
164.217
156.135
164.567
161.325
167.361
162.248
163.382
160.278
165.657
438.033
866.211
444.682
451.709
858.53
445.612
875.584
467.249
463.299
878.086
918.94
475.538
456.611
895.423
151.356
153.969
157.745
157.167
157.09
161.096
154.078
157.259
158.545
158.21
154.704
157.742
162.329
155.318
1067.38
195.007
189.707
1390.79
417.002
1436.36
440.806
151.851
152.809
149.369
376.567
650.02
389.718
654.35
179.123
182.187
154.432
150.193
154.452
180.82
158.619
190.117
156.883
156.84
184.616
160.634
187.525
160.817
153.62
151.622
152.184
157.091
157.972
158.9
156.295
150.5
146.948
151.87
147.593
152.976
155.47
157.08
461.461
966.259
495.982
967.316
497.279
466.385
908.236
508.177
1018.08
527.859
478.028
955.312
493.351
927.308
144.998
149.54
147.181
146.632
150.589
153.641
150.684
151.044
148.429
148.469
155.121
151.491
154.587
152.001
202.483
156.547
155.004
228.859
174.439
169.227
242.762
190.414
152.474
149.621
223.058
166.407
166.3
226.386
149.365
146.997
146.594
162.096
160.552
160.559
162.562
151.265
151.606
151.017
163.782
166.084
162.538
167.231
552.931
1052.5
551.039
628.692
1154.11
633.257
1152.92
150.406
154.153
148.891
168.135
192.406
186.393
169.887
561.261
1103.78
584.889
639.39
1200.8
1165.8
668.143
151.844
157.762
155.405
169.535
195.835
187.69
173.738
307.594
222.997
558.589
383.219
214.931
320.392
531.952
317.001
234.658
391.032
605.656
218.942
347.674
548.56
206.55
208.439
394.726
344.151
201.176
214.674
361.27
208.425
215.45
348.45
403.043
203.611
220.01
363.922
759.643
1305.97
1413.27
1001.69
1276.4
795.332
957.822
228.18
323.068
474.404
606.796
296.096
239.697
435.596
229.621
326.743
608.402
479.825
297.503
243.724
437.352
746.65
1259.85
949.61
1400.89
753.122
1264.11
941.611
735.687
274.702
175.46
187.969
1104.53
202.824
943.737
1066.16
190.494
157.829
157.008
213.331
154.687
162.417
152.598
157.793
152.461
189.356
164.254
166.605
191.997
162.596
189.148
162.13
164.903
160.237
162.567
157.461
160.541
159.1
158.603
489.729
919.438
477.37
507.837
945.815
489.59
980.262
159.462
155.206
155.852
156.173
153.971
156.525
154.113
197.739
162.913
164.014
193.237
163.223
196.607
162.973
159.568
156.11
158.284
160.633
158.927
157.279
158.53
859.231
1316.33
1696.22
170.311
888.751
1158.21
1532.36
156.893
195.576
195.595
160.367
205.114
190.804
160.693
152.235
152.027
151.185
154.736
156.696
155.979
155.161
1031.32
577.926
535.833
977.613
507.097
535.149
1031.09
541.991
1130.74
992.942
557.024
598.404
513.912
1043.28
152.751
155.562
157.372
157.452
155.451
156.437
153.726
154.673
149.66
150.774
153.895
150.939
153.931
151.078
174.246
156.855
157.025
156.586
156.7
154.313
155.079
270.885
164.614
220.316
163.841
202.748
225.327
160.88
160.167
214.822
239.138
186.405
270.552
329.581
219.074
1297.4
1198.6
643.896
583.195
1210.2
655.479
1111.35
184.505
159.936
170.18
165.223
158.525
154.027
152.632
1228.88
623.164
678.173
1255.75
717.71
790.023
1321.59
404.112
196.966
289.516
453.414
528.47
664.952
311.978
716.436
552.765
739.452
274.584
415.852
547.136
388.503
1375.11
1307.04
754.886
891.914
1441.11
1024.22
1385.32
1195.26
1477.62
1080.92
1354.78
860.995
955.946
1412.7
1200.12
1104.83
976.913
745.879
878.005
1000.22
600.114
1492.15
1599.23
1333.44
1086.22
1536.47
1241.16
1471.31
1526.49
1258.4
1220.97
287.926
1038.19
989.396
341.281
1256.64
1231.3
570.444
1391.9
203.386
346.162
248.831
453.566
460.847
612.797
746.926
288.009
436.385
1421.79
1271.24
1266.58
288.013
442.935
1526.11
1425.27
288.314
1336.67
1224.55
888.25
288.345
367.461
837.628
622.672
870.613
645.22
918.899
1098.32
663.719
1118.96
788.368
1262.67
960.48
1057.27
1339.52
639.301
1096.37
782.503
1221.69
937.518
1044.63
1312.94
1423.8
1455.76
1204.03
1412.35
1449.05
1518.58
1513.83
1399.81
1140.66
959.125
1182.63
1563.75
1359.58
1440.02
1111.61
1235.88
944.062
1188.84
1563.66
1359.51
1449.8
1205.46
1428.73
1414.42
1460.79
1450.57
1520.49
1520.91
1440.78
1277.23
1268.71
1420.8
1436.15
1391.19
1381.92
1284.01
1447.75
1428.62
1423.14
1438.86
1393.18
1389.01
1461.91
1452.19
1223.75
1310.15
1510.11
1514.21
1509.43
1432.89
1440.53
1580.21
1571.71
1559.8
1565.57
1567.84
689.336
287.929
287.935
736.656
287.933
287.926
287.926
1327.89
1354.19
1527.62
1352.01
734.923
1322.3
785.24
869.137
921.248
1442.16
1237.9
480.197
1196.88
526.7
1355.82
1532.86
1529.76
1354.07
747.856
1332.98
787.886
1435.92
925.536
1444.39
1240.85
494.024
530.713
1211.73
1486.99
1283.67
1491
1103.44
551.604
588.098
1075.51
1128.59
455.678
1144.86
799.678
307.974
311.683
771.671
1285.32
1493.74
1493.13
1105.02
559.46
1083.32
589.839
1137.63
457.815
1147.4
801.972
308.871
780.315
311.985
892.286
461.011
1126.44
385.321
1116.94
1115.39
1125.71
462.07
387.702
1606.56
1052.9
1411.78
1339.04
553.431
1029.26
1100.57
554.556
691.667
702.263
394.379
383.205
389.411
791.803
784.071
800.118
780.878
1528.28
962.589
1214.39
914.35
281.904
910.52
181.902
394.516
382.293
387.662
788.948
788.985
779.228
800.755
448.212
414.975
406.752
821.472
900.985
834.78
884.651
448.132
415.201
405.732
819.93
901.144
884.401
835.014
1007.26
1613.06
956.802
2287.77
1569.03
2315.43
1345.21
894.33
795.18
1220.99
1410.7
774.542
1282.48
1136.73
185.469
292.258
179.36
272.282
260.752
495.032
530.192
178.014
287.306
270.343
277.626
259.058
492.306
523.729
533.979
713.025
686.933
993.855
978.02
1087.91
1101.41
534.356
712.484
686.933
992.815
977.935
1087.38
1098.87
1123.58
1121
1117.1
1125.82
1130.22
1117.99
1118.63
1119.98
1116.02
1117.93
1119.96
1117.04
1114.49
1125.93
266.235
151.078
145.82
712.6
155.864
718.376
151.34
180.263
148.493
147.214
150.85
149.395
152.56
155.516
154.588
153.684
151.888
150.241
150.531
153.534
156.558
157.401
177.944
259.889
177.594
193.105
336.737
195.12
323.588
152.507
152.753
147.773
164.494
194.175
190.331
164.782
153.996
148.995
148.965
165.668
197.797
191.7
167.914
267.516
260.45
178.503
194.079
338.538
324.241
197.718
229.224
481.363
346.779
684.983
328.272
235.424
459.067
230.439
687.199
351.777
485.103
330.172
460.438
238.673
1121.61
1181.61
1146.32
1139.2
1120.03
1174.81
1122.91
1141.76
1186.38
1130.26
1122.93
1151.27
1176.33
1124.97
864.386
796.951
943.657
1348.82
1256.2
1386.15
1222.35
808.939
731.478
752.217
1164.67
1201.95
1169.56
1192.06
831.338
1347.24
1231.72
785.7
926.006
1333.52
1213.06
796.219
1186.62
1182.53
724.64
748.209
1161.32
1164.05
555.826
986.352
587.777
864.307
1221.16
894.877
1204.99
980.045
887.771
580.908
960.088
553.019
861.38
1202.27
544.871
878.966
504.891
831.729
1169.51
864.633
1147.35
1165.14
858.823
539.849
877.352
502.884
829.278
1145.55
1087.41
915.909
1102.65
1209.03
1345.02
1220.53
1335.75
1293.62
1587.82
1248.88
1568.57
1830.32
1600.09
1810.81
1022.17
900.812
855.631
1216.89
1335.22
1238.83
1318.72
1216.23
1097.43
912.543
891.261
1085.58
1207.74
1333.61
1089.28
1275.54
1228.2
1097
1222.62
1272.58
1040.55
1233.01
1100.49
1223.91
1274.37
1041.15
1281.4
1044.46
1239.64
1555.86
1795.95
1577.85
1230.18
1551.96
1799.49
1049.37
1233.06
1331.18
1020.93
853.611
1214.81
1317.4
1637.23
1474.72
1325.1
1636.77
1361.86
1641.48
1474.88
1649.78
1497.47
1363.64
1643.58
1648.1
1672.84
1481.89
1399.28
1265.26
1252.93
1397.33
1299.29
1286.5
1410.36
1400.12
1426.68
1301.57
1268.62
1288.63
1414.77
1410.18
159.222
217.145
150.28
236.401
158.382
152.942
169.417
172.729
154.642
154.647
156.766
161.487
159.217
156.393
152.848
160.194
155.484
154.432
155.266
161.726
159.692
156.661
150.368
152.751
153.41
152.92
156.015
151.976
150.957
155.595
152.694
153.083
153.572
153.849
156.771
152.889
168.732
168.743
218.082
216.533
169.772
217.126
167.704
217.128
169.229
219.162
169.491
217.042
170.219
218.022
170.553
168.622
223.164
233.153
170.977
221.407
167.817
169.754
224.547
237.748
169.5
233.857
171.878
222.281
320.553
1171.05
582.19
789.128
161.676
332.174
182.106
151.114
150.735
157.689
154.588
150.244
151.006
160.014
166.521
153.8
164.102
152.098
164.644
153.162
182.056
220.477
215.16
176.424
150.052
153.999
174.366
189.91
259.914
287.104
196.636
185.113
376.476
207.479
230.033
454.956
214.056
201.203
166.776
228.587
558.969
371.478
335.301
424.388
282.743
221.568
284.854
770.359
587.596
417.135
408.704
545.35
261.416
318.727
897.732
517.826
652.46
442.234
876.587
972.609
1024.42
679.951
804.599
629.823
1521.41
1424.09
1170.05
1153.18
1523.94
1416.76
1402.23
1312.63
1294.68
913.758
715.125
1317.48
1294.82
922.249
1155.7
1526.09
1431.31
1417.96
1175.91
1419.76
1404.81
901.591
1286.1
1310.25
1310.32
711.673
1292.14
918.19
1999.86
1868.14
2106.34
1869.92
2305.84
2019.29
2113.91
1885.63
2142.71
2312.27
2031.02
2027.89
1910.16
2125.67
1119.37
1419.45
1446.3
1419.91
1160.96
1255.56
1451.71
1421.97
1454.5
1164.09
1236.07
1257.96
1427.96
1453.58
406.395
293.847
289.485
288.032
289.859
295.402
387.109
407.568
288.033
294.146
289.559
391.166
289.882
295.488
719.84
309.778
300.546
288.456
665.862
305.005
317.125
723.403
288.468
311.43
301.637
305.398
681.086
317.674
734.521
302.223
310.213
306.232
317.131
288.443
288.316
699.684
303.002
311.637
306.462
317.573
288.451
288.341
167.101
174.082
166.922
157.428
174.354
170.685
170.982
164.975
171.687
170.529
165.332
168.506
172.368
168.318
169.075
172.905
172.05
172.907
175.983
174.08
174.154
167.283
171.733
171.744
164.49
167.736
172.5
166.915
169.007
168.78
161.877
161.067
160.561
165.25
164.092
165.64
175.455
169.937
174.456
173.22
176.121
174.282
174.191
173.35
168.708
171.761
172.045
169.328
172.677
169.544
173.327
166.332
168.094
172.096
167.688
172.521
167.485
168.216
160.264
163.48
169.643
161.548
166.314
164.927
173.557
173.792
173.791
174.691
174.159
174.245
173.383
174
174.33
176.399
173.982
174.981
173.963
174.607
171.126
172.161
170.762
171.636
172.144
167.7
171.318
170.905
169.353
171.664
171.272
167.265
170.355
172.13
170.35
167.107
168.118
168.302
168.719
169.391
166.033
172.502
172.492
172.273
170.607
171.016
172.243
171.446
172.373
172.587
172.811
174.004
172.467
172.871
173.021
172.465
172.572
172.573
173.601
172.699
172.924
172.7
172.372
172.589
172.816
174.001
173.024
172.868
172.462
174.907
175.835
175.834
175.645
175.39
175.397
175.39
173.558
173.79
173.791
174.693
173.38
174.246
174.159
173.186
173.879
173.881
174.404
173.933
173.466
173.935
171.694
171.001
170.869
170.997
171.407
171.755
171.4
170.514
172.151
170.359
171.903
172.224
167.484
171.112
170.512
170.37
172.159
171.902
171.123
172.22
167.489
170.188
167.011
168.978
167.001
165.337
169.602
169.588
172.245
172.274
172.271
171.194
171.708
171.924
171.703
174.551
175.25
175.208
175.356
175.042
175.027
174.974
173.112
173.555
173.09
172.515
173.445
173.064
173.085
173.434
174.063
175.775
173.905
174.11
173.872
174.133
172.956
174.902
172.85
173.119
173.191
173.289
173.641
175.323
176.254
175.914
175.746
175.778
175.788
175.496
174.123
174.435
174.013
174.797
174.664
174.328
174.185
173.718
174.447
174.041
174.464
174.322
174.059
174.166
173.223
172.909
174.265
173.549
170.814
172.568
174.276
172.66
172.739
172.541
171.11
171.773
173.253
169.16
172.216
169.657
168.854
169.022
170.2
170.484
168.345
173.979
173.297
172.863
171.104
172.036
172.355
173.446
171.84
173.719
171.978
173.335
169.343
172.087
173.52
171.604
172.905
172.528
170.687
171.381
173.108
168.598
170.829
167.48
168.928
167.074
170.05
169.707
165.973
172.966
172.859
172.543
171.212
172.268
171.968
172.805
2477.45
818.999
2471.92
1331.62
1477.3
1850.04
1548.49
1381.52
494.249
1740.47
990.702
1361.39
1435.25
1195.84
1401.11
1327.09
628.296
437.312
620.751
812.313
910.063
831.84
940.172
1212.55
1122.02
433.299
749.461
742.105
766.796
761.412
1038.17
1065.7
1427.35
1482.79
1154.57
1501.01
1184.51
1370.24
1593.14
497.704
909.763
795.512
928.88
815.074
1069.31
1157.72
981.823
1621
1996.6
287.964
356.117
2394.48
780.659
592.271
1567.81
1543.93
288.168
287.949
648.95
435.04
1421.39
1144.55
1249.44
1505.04
1616.99
1392.46
1790.27
1116.08
1477.37
1195.16
1484.06
1624.95
1778.06
1383.97
1327.91
1086.78
1059.09
1300.89
1540.27
1335.35
1503.58
1292.38
1061.1
1031.26
1291.46
1544.46
1503.84
1327.3
1692.37
1631.6
1417
1631.91
2065.85
1940.35
1786.01
1587.9
1575.21
1347.36
1597.79
1990.37
1887.62
1749.87
1354.75
1186.6
1094.48
1327.77
1561.88
1413.6
1517.06
1317.47
1150.47
1062.58
1316.1
1562.5
1513.17
1399.58
1504.38
1565.04
1308.59
1585.21
1547.85
1543.35
1533.47
1782.85
1909.16
1672.57
1696.96
1955.91
1622.3
1940.99
1774.29
1698.69
1955.46
1678.5
1940.86
1919.41
1487.31
1506.26
1586.12
1548.32
1568.2
1535.71
1309.93
1335.17
1905.99
2292.56
2301.86
2287.02
2167.45
2169.37
2015.54
1888.76
2280.66
2163.02
2284.92
2157.42
2294.68
2469.3
1515.91
1282.71
1528.88
1548.78
1546.34
1565.56
1532.69
1518.17
1549.23
1546.8
1530.04
1534.37
1282.58
1195.37
1116.33
448.537
305.323
259.731
1577.53
871.393
842.332
1197.67
220.43
1161.86
1065.29
279.543
355.275
234.392
157.347
154.152
204.282
164.606
162.956
225.41
166.802
268.695
188.081
156.947
157.428
156.111
159.271
159.586
176.542
175.059
1110.39
643.242
582.77
1207.45
652.809
731.803
1294.36
165.574
159.215
155.789
162.466
172.212
185.777
214.719
380.833
264.571
185.605
377.413
479.238
601.401
258.402
231.363
173.007
173.996
234.554
423.682
427.393
231.311
432.153
284.224
197.428
392.556
517.096
638.439
271.006
270.1
183.867
186.224
246.744
464.033
473.707
241.238
1370.82
1292.78
728.207
838.333
1420.96
976.245
1368.32
262.991
208.68
181.814
263.483
614.976
484.622
356.392
327.742
198.554
238.504
283.707
684.41
542.091
385.622
1371.92
1301.43
746.903
847.083
1423.81
997.504
1367.47
607.455
821.417
808.346
1198.21
916.263
901.468
487.859
438.457
1039.98
766.509
748.818
764.966
742.904
432.478
977.855
1351.06
1483.23
1477
1158.59
1146.19
1418.97
500.994
937.123
1072.41
912.328
821.795
797.408
633.562
2189.53
2468.69
2302.67
2197.48
2135.15
1670.66
2480.39
785.411
1353.94
1325.65
786.158
338.287
821.084
329.745
1572.61
1507.34
1934.22
1583.63
387.728
873.364
988.721
2462.25
2037.7
2267.37
2153.41
2010.86
1498.37
2460.2
1413.16
1358.2
1861.15
1516.87
341.818
707.044
922.238
1267.35
617.281
1244
731.512
316.186
311.446
764.89
733.461
1219.96
1301
733.406
300.183
317.545
592.386
1103.93
560.407
1210.32
675.428
294.41
304.259
535.312
296.738
301.355
601.928
461.63
291.379
292.972
288.011
288.13
287.933
288.23
288.148
287.929
287.931
288.065
287.978
356.499
288.948
321.425
287.948
288.399
289.465
300.826
295.277
572.907
424.561
288.002
290.405
292.525
304.798
291.624
289.076
288.187
287.942
288.024
287.977
1225.84
303.017
298.059
554.695
627.263
300.78
288.242
1046.04
297.624
291.576
484.243
363.334
291.432
288.064
376.152
289.994
376.626
295.766
545.266
295.86
288.086
335.297
291.496
414.524
288.658
312.808
289.969
287.98
1130.72
289.798
834.202
518.118
440.512
333.063
1665.08
342.217
291.72
417.628
288.9
323.526
290.259
287.989
288.104
287.927
288.02
287.93
288.006
288.132
287.929
882.418
292.211
290.515
289.062
328.074
428.456
350.853
1220.1
297.356
300.342
302.667
624.047
565.763
545.381
287.927
288.057
287.929
287.929
288.075
287.991
287.927
288.067
287.929
288.08
287.993
287.927
287.986
287.927
350.991
832.845
318.789
290.538
430.946
293.444
288.012
349.967
293.251
425.384
288.976
317.99
290.392
288.008
288.054
287.927
287.959
287.927
287.983
287.928
288.003
419.654
288.746
288.12
288.048
297.614
289.848
303.293
288.035
287.927
287.997
287.927
287.971
287.955
287.926
289.614
288.11
302.524
288.03
296.241
288.673
287.936
420.641
288.108
300.716
288.072
298.171
288.72
287.938
1637.39
1261.53
298.87
1160.28
636.36
720.841
2116.44
298.93
288.401
287.933
288.129
288.336
288.103
300.647
299.719
288.015
287.932
287.96
290.497
288.082
288.38
324.369
288.093
288.013
287.944
293.924
288.495
288.985
462.236
288.023
288.689
288.22
296.408
290.447
307.817
342.874
288.089
288.129
288.835
289.146
287.948
287.929
295.501
287.931
288.027
287.968
288.204
288.044
290.698
838.709
290.076
288.371
289.525
309.846
318.321
375.063
287.93
288.108
298.428
313.485
287.939
288.411
288.565
324.286
289.044
287.945
288.781
288.642
331.795
288.861
287.944
287.926
287.926
287.947
287.926
287.931
287.926
287.948
287.926
287.926
287.93
287.945
287.931
287.926
287.942
287.926
287.964
287.941
287.926
287.932
287.926
287.926
288.154
287.929
287.93
288.211
287.935
287.926
287.936
287.936
288.439
287.939
288.583
287.939
287.926
287.926
287.929
287.94
287.934
287.926
287.928
287.926
288.231
288.3
303.283
288.236
287.926
287.933
287.934
287.926
287.956
289.686
288.063
287.926
287.928
287.929
288.108
288.037
295.113
288.148
287.926
287.93
287.932
287.937
287.93
288.262
287.954
287.926
287.926
287.927
288.093
288.184
295.413
288.033
287.926
287.93
287.929
287.973
287.939
288.936
287.971
287.926
287.928
287.926
287.943
287.933
288.387
287.963
287.926
287.927
287.926
288.093
288.138
294.623
288.029
287.926
287.929
287.929
287.942
287.934
288.476
287.961
287.926
287.926
287.927
287.931
287.931
288.201
287.928
288.023
287.928
287.926
288.142
287.93
288.207
287.935
287.926
287.932
287.926
288.405
287.939
288.572
287.939
287.926
287.935
287.926
287.926
288.056
287.928
287.927
287.977
287.927
287.926
287.926
287.926
287.945
287.929
287.926
287.926
287.926
287.93
287.926
287.926
287.926
287.927
287.926
287.926
287.928
287.926
287.94
287.926
287.926
287.926
287.926
287.93
287.926
287.949
287.926
287.926
287.926
287.926
287.926
287.933
287.926
287.926
287.926
287.926
287.926
287.926
287.926
287.927
287.926
287.926
287.926
287.926
287.926
287.926
287.929
287.926
287.926
287.926
287.926
287.926
287.926
287.926
287.932
287.926
287.926
287.926
287.927
287.926
287.926
287.926
287.926
287.926
287.926
287.926
287.926
287.926
287.926
287.926
287.926
287.926
287.926
287.926
287.926
287.927
287.926
287.926
287.926
289.89
287.926
287.927
287.93
287.926
287.927
287.926
290.771
287.926
288.368
287.926
287.926
287.926
287.926
287.926
287.926
288.996
288.134
287.956
288.03
287.942
287.929
287.927
288.225
287.967
290.624
291.139
288.286
287.975
287.931
291.193
288.238
288.29
287.969
287.976
287.932
287.931
288.051
287.935
287.963
287.927
287.932
287.926
287.926
288.257
287.926
287.926
287.929
2089.73
370.171
287.926
287.927
287.926
289.006
330.954
287.926
298.388
287.926
287.926
287.926
287.926
289.664
287.926
287.926
287.926
287.926
287.926
287.926
1604.38
1099.95
1242.64
705.791
596.62
297.728
348.76
811.701
289.399
290.016
316.841
306.862
288.334
287.962
324.013
288.76
289.035
288.858
288.635
287.945
287.948
313.451
288.107
288.167
288.564
288.41
287.939
287.93
287.98
320.342
293.133
288.036
287.933
287.927
288.616
365.79
288.094
300.433
288.086
287.941
287.928
288.952
288.061
287.956
287.966
287.929
287.928
287.926
287.926
287.926
287.926
287.949
287.927
287.954
287.926
287.926
287.927
287.95
287.955
287.926
287.926
287.926
287.926
287.941
287.926
287.933
287.926
287.926
287.926
287.926
287.926
287.941
287.939
287.926
287.926
287.926
287.926
287.926
287.95
288.161
287.931
287.926
287.926
287.926
287.969
287.934
288.43
287.933
287.926
287.926
287.927
287.951
287.926
287.948
287.926
287.926
287.926
287.926
287.926
287.926
287.926
287.926
287.927
287.926
287.926
287.926
287.926
287.927
287.926
287.926
287.926
287.926
287.926
287.929
287.935
287.926
287.926
287.926
287.926
287.931
287.926
287.94
287.926
287.926
287.926
287.926
287.926
287.926
287.928
287.926
287.926
287.926
287.926
287.926
287.926
287.926
287.926
287.926
287.926
287.926
287.928
287.926
287.926
287.926
287.926
287.926
287.938
287.932
287.926
287.926
287.926
287.926
287.926
287.926
287.926
287.926
287.926
287.926
287.926
287.926
287.926
287.927
287.926
287.926
287.926
287.926
287.926
287.926
287.926
287.926
287.926
287.926
287.926
287.926
287.926
651.921
813.754
485.005
189.804
248.569
167.907
185.522
1339.68
962.843
148.999
155.886
165.681
191.735
148.982
154.024
197.808
174.328
153.971
150.051
176.336
161.67
215.085
259.641
702.322
1039.93
915.831
1311.29
359.582
1423.12
457.706
460.456
238.638
687.372
230.445
330.255
351.789
718.459
282.114
272.437
179.434
261.036
495.546
530.726
292.362
545.018
318.351
261.269
408.497
897.496
789.017
517.443
203.356
460.831
341.3
747.278
613.198
346.07
453.309
556.131
1205.29
864.825
1221.56
895.491
588.065
986.623
892.327
1209.02
1335.76
1087.5
1102.71
1220.49
1345.04
1057.59
1263.01
960.982
663.808
1118.97
1038.36
788.369
966.79
1201.78
1138.32
1297.11
1248.66
1366.67
1403.71
1271.37
1438.93
1392.93
1447.91
1388.76
1284.18
1428.63
913.887
715.112
922.28
1312.61
1294.77
1317.49
1294.69
1504.23
1469.68
1365.52
1380.69
1318.08
1438.01
1449.06
586.469
658.814
877.932
1326.39
1323
1284.27
1257.1
288.104
328.208
910.314
1072.3
565.968
1329.54
143.667
160.005
146.882
744.144
285.976
224.079
1245.91
759.932
149.254
516.893
177.891
832.134
227.502
173.406
144.861
263.801
819.162
548.603
174.075
854.878
171.249
914.829
1143.49
146.759
168.971
151.546
145.422
150.553
145.178
161.383
144.714
163.522
278.003
449.382
580.94
781.378
1277.07
1368.55
917.631
855.469
1128.44
984.107
198.359
1077.79
848.709
1181.42
1125.52
1531.19
1309.61
816.467
1967.3
1628.2
1689.26
1434.95
746.227
231.363
819.954
1471.99
1311.09
1431.38
1068.28
623.807
839.576
802.651
1079.8
940.436
1317.48
1536.03
1318.78
1540.11
793.472
1622.91
1404.96
1452.07
864.863
679.701
299.886
825.215
288.032
288.356
397.05
288.98
287.926
287.926
1321.65
908.782
163.085
155.979
157.084
156.023
152.536
1040.07
891.453
525.438
1153.69
691.704
158.619
144.655
223.007
155.759
142.682
160.315
153.058
145.011
143.882
169.824
178.637
184.471
459.164
648.208
1033.26
1042.49
160.678
329.668
927.817
1166.17
160.826
228.792
172.37
164.102
153.442
161.674
147.729
154.095
146.826
199.363
151.091
184.072
158.901
162.483
151.494
157.802
221.423
149.094
246.939
155.535
152.976
323.606
332.781
160.922
167.564
160.919
157.875
165.38
163.088
155.944
165.333
170.53
171.689
168.511
169.072
167.107
168.319
161.883
168.785
161.074
160.572
165.644
165.255
157.439
157.593
159.795
156.143
160.722
165.727
162.412
164.22
172.516
172.275
172.497
170.608
171.457
172.25
171.015
170.911
171.666
171.272
169.357
167.264
172.134
170.351
171.12
172.163
171.633
170.765
171.323
172.14
167.696
170.36
168.119
167.119
168.303
169.404
168.717
166.035
175.947
173.448
153.051
153.362
158.321
171.371
149.224
156.019
151.262
152.639
152.682
157.755
147.722
148.238
150.049
157.532
153.126
157.536
157.208
161.761
153.448
148.24
151.267
152.643
152.687
151.556
156.025
157.76
150.293
152.758
153.417
152.931
150.963
150.382
151.988
157.177
151.373
153.981
157.753
157.104
161.104
154.131
179.108
180.866
154.448
154.417
177.338
182.206
150.165
184.678
156.844
186.169
190.129
160.62
187.571
156.877
153.626
157.095
152.185
151.611
157.969
152.938
156.295
146.947
152.976
151.684
155.48
147.578
151.88
150.504
150.792
145.396
781.228
428.321
159.146
633.331
337.241
437.367
847.662
435.558
869.397
444.423
449.223
882.837
148.506
148.137
150.161
153.447
149.608
147.54
146.827
148.14
147.543
149.613
148.517
150.172
153.455
150.564
193.188
1414.05
1561.58
1224.07
507.913
1273.9
557.791
177.426
146.157
149.847
173.142
144.661
179.76
146.346
171.737
170.625
149.007
144.472
173.706
171.741
146.767
144.907
147.765
148.366
141.676
142.622
145.178
144.91
146.315
179.778
173.13
177.396
149.834
174.05
146.118
195.584
195.553
157.816
160.356
190.805
156.883
205.104
147.335
149.619
145.671
149.099
149.991
149.29
147.345
147.597
143.512
148.069
144.312
141.778
144.037
142.675
147.176
1110
463.655
1071.12
752.478
534.293
441.388
496.337
903.002
967.864
466.698
461.859
497.505
967.038
151.178
152.595
154.738
156.694
152.223
155.156
152.027
144.302
141.781
144.021
143.651
148.063
143.49
147.6
150.7
147.192
146.635
153.653
148.029
150.601
149.544
984.856
478.312
508.406
527.933
955.387
493.379
1018.3
148.44
152.017
148.482
155.131
151.048
150.715
154.588
149.417
147.237
154.596
151.092
150.867
148.514
152.576
1121.57
996.198
1103.83
498.893
703.123
687.061
405.753
170.554
168.634
223.161
233.153
167.82
170.987
236.385
226.395
166.154
166.043
189.692
152.446
190.413
149.586
162.367
160.35
161.911
146.998
149.366
146.579
149.367
169.125
174.392
242.683
154.997
195.011
202.454
156.528
163.744
166.086
167.257
151.28
151.027
151.606
151.848
464.307
874.623
444.904
974.869
496.905
464.165
914.578
144.675
144.364
147.26
148.531
145.042
144.618
143.883
146.974
145.945
147.495
143.775
144.039
145.947
144.717
1016.77
936.375
476.854
503.908
911.118
464.835
981.27
148.593
144.641
145.033
144.69
144.355
145.419
147.261
556.898
1130.46
541.503
992.433
513.6
1066.05
598.179
161.318
145.175
145.59
145.621
155.918
150.798
146.181
146.164
145.614
152.978
145.587
145.181
155.92
161.319
464.451
980.457
503.498
476.495
1016.02
524.992
935.687
142.359
145.024
141.425
165.133
161.556
143.247
145.072
144.26
191.919
175.021
225.541
169.206
147.312
185.876
150.945
154.644
149.671
150.777
153.902
153.929
152.457
172.093
272.446
178.033
172.091
230.102
168.57
246.925
225.301
147.268
185.821
175.006
149.155
191.784
144.257
143.211
164.952
145.037
142.349
144.937
141.417
146.801
194.207
164.512
190.361
147.79
152.778
145.834
164.79
150.895
192.932
187.263
165.897
169.016
147.195
146.017
219.054
186.368
270.523
214.796
170.301
160.141
239.173
146.012
150.791
152.949
165.976
169.004
186.829
192.477
629.026
1154.93
633.689
553.233
1052.94
551.223
1055.1
199.027
278.8
206.999
240.053
173.178
193.209
149.503
192.681
154.472
154.203
186.574
168.01
148.916
150.421
639.501
1200.93
668.135
1067.74
561.408
584.941
1103.98
202.139
174.725
176.255
154.017
161.242
153.919
161.925
195.958
155.449
187.835
169.542
173.792
151.859
152.827
193.115
336.742
195.12
177.943
259.882
177.602
266.212
149.51
155.646
206.831
173.13
239.863
278.25
198.499
163.664
151.606
143.919
177.023
209.875
157.769
148.969
176.123
145.798
145.375
216.23
156.941
145.791
176.107
415.179
448.107
462.02
819.92
834.973
901.175
884.373
1075.89
985.333
503.722
1143.53
625.129
1057.5
551.893
181.83
332.759
192.924
374.281
203.735
225.918
453.873
209.67
176.833
157.739
148.929
143.9
151.502
144.821
1252.94
1387.51
1434
984.83
844.158
1443.46
1547.29
996.501
1127.76
1356.67
836.885
639.761
452.086
1252.23
148.054
255.322
170.912
156.845
210.054
145.398
169.776
192.924
454.033
225.948
374.354
203.74
181.828
285.96
156.801
170.824
148.029
209.981
169.768
184.423
255.13
565.13
1111.09
595.556
1170
651.283
691.294
1200.97
150.667
178.449
159.623
215.071
180.43
213.767
281.624
1057.32
624.95
551.747
503.43
1075.4
565.577
984.853
790.1
1255.85
717.767
623.168
1228.91
1158.3
678.192
595.998
1201.29
1111.65
1170.76
651.792
565.551
1073
159.769
214.315
180.69
282.263
215.504
160.114
150.72
164.893
285.144
219.998
220.553
186.231
156.481
166.897
315.923
451.436
237.576
237.245
315.615
167.409
220.392
414.456
220.023
426.994
219.807
160.216
227.273
163.46
169.26
265.927
253.392
443.404
459.759
237.399
227.934
458.16
227.178
236.68
168.942
173.118
252.081
264.777
280.085
371.91
242.208
332.745
559.239
484.558
248.883
346.853
712.723
685.126
229.245
328.339
481.474
235.438
482.32
247.824
331.931
177.54
241.811
370.867
278.611
574.433
441.818
498.87
940.776
874.061
940.871
1003.57
181.988
287.433
270.454
178.088
259.385
492.628
523.89
252.346
634.688
360.136
458.102
677.064
347.749
778.808
233.376
483.995
242.129
627.991
313.253
329.682
648
160.182
371.078
209.68
324.898
565.264
337.37
196.726
364.161
493.826
631.254
363.916
263.509
205.113
174.259
1087.54
1099.21
712.692
534.347
554.573
993.052
978.005
824.155
1200.86
706.738
1201.08
1136.72
706.746
618.223
647.129
1235.76
1163.6
1211.08
722.381
1272.83
864.314
244.971
458.18
336.09
198.491
339.851
741.91
605.167
244.664
339.66
335.615
449.163
457.873
605.185
742.083
187.828
316.462
438.987
535.299
280.52
386.844
681.564
540.262
401.93
256.801
314.563
889.85
512.458
647.938
218.172
588.748
282.91
420.551
773.819
282.848
588.622
565.096
209.501
324.587
196.667
160.115
223.966
370.803
230.945
386.279
681.21
279.754
187.529
315.528
438.367
314.727
512.666
402.092
889.907
781.344
540.474
256.857
864.486
1211.64
722.361
1163.55
646.861
759.853
1236.24
399.911
572.046
281.744
396.221
903.665
740.167
545.889
751.174
1044.47
736.664
739.68
1030.48
419.913
434
752.662
435.143
737.6
421.316
740.355
1045.84
1031.39
1061.32
1394.05
986.121
1269.16
780.185
835.978
1288.8
868.975
1176.95
1128.13
774.286
606.616
1028.24
1082.88
1027.93
773.968
606.517
702.995
868.694
1082.7
1176.72
287.926
287.933
287.927
545.059
303.981
434.851
392.622
1130.85
815.747
785.491
1081.74
779.007
458.942
526.358
527.365
833.713
787.878
780.111
460.514
1083.11
1131.87
1146.3
1122.74
1139.14
1181.71
1119.82
1115.33
1174.76
979.963
960.16
553.155
1202.21
861.548
1214.13
887.682
989.736
1149.6
913.922
881.854
819.438
631.921
543.207
865.809
874.918
1100.67
775.846
784.969
499.134
517.654
804.711
924.532
644.107
941.101
1073.85
1171
504.727
807.991
546.761
827.987
1045.93
807.929
548.457
310.593
505.48
644.479
805.08
924.686
1171.31
1074.4
941.387
369.066
648.99
580.586
844.2
918.052
880.105
1101.42
441.825
678.614
1019.12
878.913
633.421
972.013
1169.42
1207.87
1097.49
1339.07
1216.47
1333.62
1085.67
912.812
971.987
1169.38
878.861
441.613
1019.12
678.467
802.491
1118.38
1200.47
1166.88
1200.61
1077.41
1103.84
1230.37
368.656
580.328
880.104
1101.44
623.701
648.926
918.264
1017.44
1434.51
1223.11
1310.07
993.723
1252.58
833.721
655.092
1110.21
1029.22
1328.67
1049.79
1252.58
951.547
287.973
287.927
798.89
1078.47
312.493
1425.81
1524.71
993.634
1251.87
833.616
1328.37
1017.15
1433.65
1222.93
946.833
1248
1148.73
856.749
982.306
600.112
755.768
1029.41
951.865
655.103
1110.4
781.451
1050.1
1329
1216.13
1307.56
1093.29
930.919
633.269
779.785
1039.68
981.729
1247.02
1103.31
1336.29
981.623
1155.29
1246.94
1028.81
1272.56
1275.75
1228.44
1096.67
1089.07
1222.62
1192.32
1129.95
1389.61
1356.67
1286.97
1241.32
961.563
1353.32
1462.92
1182.41
1374.8
1074.1
931.686
1320.45
1241.09
1129.94
961.271
1192.32
1033.07
1286.82
1389.62
288.734
287.929
287.926
287.966
287.93
476.271
326.277
1475.27
1527.65
1373.98
1157.81
1444.46
1097.22
1355.35
1124.21
1353.23
1081.74
1353.84
1435.41
1533.29
1688.03
1332.83
1315.14
1456.43
1058.34
1047.47
1315.05
1295.88
1043.2
1024.97
1289.7
1311.64
1476.72
1290.14
1454.26
936.958
1297.06
1284.11
1243.01
1028.51
1068.33
1264.81
1068.42
1283.87
1242.75
1028.56
1264.67
1296.91
937.13
1288.8
1059.13
839.444
1097.23
1327.84
1527.11
1312.71
1164.13
1321.76
1403.62
1403.72
1322.04
1527.59
1476.92
1059.2
1077.89
1288.9
1328.03
1097.35
1527.11
1312.89
857.16
1149.91
1357.41
1303.22
1079.78
1539.06
1357.46
1229.85
1112.66
1438.62
1185.45
1546.65
1359.52
1387.56
1421.65
1420.68
1268.66
1436.01
1440.53
1391.01
1381.83
901.009
1310.21
1285.9
1310.26
1291.87
711.277
691.31
1292.11
1430.12
1351.69
1252.27
1449.46
1418.53
1420.37
1496.14
1420.55
1209.07
1627.85
1919.05
1496.16
1810.98
1350.13
1479.42
1524.01
1095.88
1195.46
1329.95
1414.65
1112.64
1546.88
1359.47
1229.9
940.521
1185.56
1438.84
1230.7
1398.96
1547.28
1145.2
1361.77
960.973
1181.48
1418.49
1449.56
1420.36
1292.06
1125.44
1351.62
1430.17
1836.91
1735.22
1581.07
1478.28
1266.9
1664.14
1523.09
1458.52
1307.79
1368.71
1488.42
1430.01
1350.54
1283.69
1307.6
1429.82
1425.65
1283.49
1488.11
1458.22
1350.45
1308.49
721.717
1299.79
959.615
1290.09
1308.46
848.771
1497.03
1513.5
1487.24
1451.47
1216.05
1302.55
1500.16
302.8
617.425
627.514
590.617
576.875
300.159
299.009
781.423
1230.74
1267.71
1304.9
1309.42
558.979
639.569
559.092
855.849
1267.85
1309.39
1304.9
781.588
1230.86
1529.32
1463.55
1619.24
1586.33
1533.9
1607.4
1540.05
1576.49
1417.08
1547.03
1353.69
1532.32
1608.58
1536.79
1520.31
1523.89
1523.87
1571.67
1615.76
1497.49
1615.83
1529.31
1317.34
1619.44
1586.67
1607.5
1534.01
1464.02
1525.46
1374.89
1547
1375.02
1525.43
1457.12
1097.37
1410.36
1146.11
1510.84
1473.7
895.299
1310.22
1524.58
296.718
300.316
592.663
493.394
544.992
296.715
293.751
1153.33
1286
532.493
451.941
983.377
1220.11
346.004
1397.82
1179.59
1540.95
1532.05
1545.15
1425.28
1544.01
421.738
524.439
509.697
291.353
295.43
294.587
290.915
1474.17
1310.59
896.011
1452.17
1511.19
1410.6
1146.52
1144.58
311.664
799.5
307.977
771.713
455.508
436.298
346.083
532.563
983.629
1220.17
1286.05
679.798
1153.5
1147.23
311.937
801.596
442.855
308.832
779.909
1137.47
1472.64
1033.32
1432.91
468.593
992.96
847.291
370.277
356.911
424.869
476.08
292.936
289.239
291.033
290.092
392.805
292.942
424.932
356.965
291.035
290.095
289.24
406.025
295.629
302.378
604.408
714.295
1096.98
1016.38
1078.38
348.602
294.397
575.33
301.101
696.055
395.502
1059.11
1523.13
482.115
1111.69
1523.28
1491.82
1059.47
395.542
348.655
984.254
301.103
696.025
575.497
294.406
319.111
1282.09
1359.29
1048.97
865.553
548.417
636.952
1375.74
380.494
958.81
1483.08
1370.61
1595.33
973.915
1281.39
319.001
547.732
1048.51
1359.04
1530.96
636.676
365.212
694.156
694.343
289.316
1035.32
387.44
299.873
305.056
369.455
326.286
288.595
289.529
288.595
288.194
312.445
290.029
425.32
288.385
322.148
593.666
294.78
298.985
294.443
313.26
288.1
288.641
288.351
288.022
292.152
496.248
1102.65
401.493
1330.74
635.018
311.559
294.799
288.387
594.089
322.285
825.546
425.643
290.036
841.731
163.496
845.187
172.072
876.164
883.343
162.371
149.226
179.44
179.354
167.494
158.396
182.152
174.687
163.498
436.319
838.277
432.099
850.473
435.612
443.001
840.844
184.276
169.998
185.929
167.842
184.888
186.839
167.257
181.437
158.213
177.471
181.304
166.015
184.758
162.918
171.035
172.003
170.821
170.217
170.874
169.666
170.635
170.578
171.267
170.386
168.773
170.998
167.548
169.832
172.269
171.383
186.717
189.888
171.911
171.898
186.869
169.819
167.715
168.47
166.397
168.74
166.441
168.305
433.146
837.264
432.421
432.573
833.688
432.938
837.382
171.365
171.249
153.059
153.372
173.442
176
158.333
867.027
452.199
445.162
438.545
859.027
446.237
848.695
449.484
855.137
437.517
870.105
444.769
435.808
848.089
315.683
289.738
287.955
289.006
720.882
358.504
303.016
292.309
289.636
287.991
289.639
913.763
397.256
327.623
287.934
288.283
288.253
287.932
288.186
288.158
287.931
291.219
288.847
350.186
316.014
287.944
288.321
289.185
287.937
287.996
293.072
290.77
301.369
288.132
287.966
287.93
287.932
288.19
288.104
287.928
287.93
288.039
288.977
287.99
287.931
288.34
293.036
365.119
296.45
288.032
287.99
288.341
365.309
293.059
296.463
287.931
287.982
287.927
287.991
287.929
288.075
288.056
287.929
287.927
288.022
287.928
287.927
287.985
287.95
287.926
287.95
287.927
287.966
288.022
287.927
287.928
287.985
287.985
287.949
289.634
296.88
287.931
288.043
288.263
287.939
287.926
287.926
287.933
287.926
287.926
287.927
287.926
287.926
287.938
287.926
287.955
287.938
287.926
287.929
287.926
287.926
287.926
287.931
287.926
287.932
287.926
288.115
287.953
289.696
288.824
288.013
287.939
287.927
288.014
287.927
287.926
288.268
287.954
287.931
287.926
287.926
287.929
287.926
287.932
287.926
287.941
288.129
287.926
287.933
287.926
287.949
287.927
287.949
288.452
287.926
287.939
287.926
287.926
287.926
287.926
287.926
287.926
287.926
287.926
287.927
287.926
287.929
287.926
287.926
287.927
287.926
287.926
287.926
287.926
287.926
287.926
287.926
287.926
287.926
287.926
287.926
287.926
287.926
287.926
287.926
287.926
287.926
287.926
287.926
287.926
287.926
287.926
287.926
287.926
287.926
287.926
287.926
287.926
287.926
287.926
287.926
287.926
287.926
)
;

boundaryField
{
    ground
    {
        type            zeroGradient;
    }
    outlet
    {
        type            zeroGradient;
    }
    wall
    {
        type            zeroGradient;
    }
    wall2
    {
        type            zeroGradient;
    }
    wall3
    {
        type            zeroGradient;
    }
    internalPatch
    {
        type            internal;
    }
    procBoundary5to1
    {
        type            processor;
        value           nonuniform List<scalar> 
480
(
287.926
287.926
287.928
287.926
287.926
287.926
287.926
287.926
287.926
287.926
287.926
287.926
287.947
289.072
348.82
348.82
305.273
291.135
288.286
289.858
406.317
1103.26
1490.83
1416.64
1153.31
829.934
504.223
296.615
226.692
204.91
199.438
212.901
306.802
745.886
1263.26
1258.99
1268.18
1287.47
1318.74
1373.05
1476.97
1663.36
1930.89
2168.43
2168.74
1931.3
1931.3
2186.15
2212.74
2031.67
1840.44
1694.27
1609.12
1573.45
1573.45
1817.41
2121.85
2264.48
1964.97
1542.79
1231.83
1175.96
1164.33
1126.81
1007.8
744.64
395.277
294.132
288.114
287.93
287.926
287.926
287.926
287.926
287.926
287.928
287.928
287.926
287.926
287.926
287.926
287.926
287.926
287.926
287.927
287.94
288.083
289.029
287.941
287.926
287.927
287.929
287.933
287.939
287.944
288.922
341.905
341.905
303.152
290.622
288.225
289.486
387.169
1075.66
1486.82
1423.76
1169.88
859.066
541.049
324.025
238.411
212.893
206.461
220.881
319.941
752.474
779.851
835.535
931.392
1073.73
1266.68
1523.2
1816.95
2023.87
2024.14
1817.09
1817.09
2027.51
2031.29
1876.09
1671.03
1488.5
1358.11
1277.34
1277.34
1589.95
1889.2
1652.25
1476.69
1410.77
1401.83
1417.04
1430.34
1372.94
1085.78
545.404
299.037
288.164
287.93
287.926
287.929
288.041
288.041
287.968
287.926
287.926
287.926
287.926
287.926
287.926
287.926
287.926
287.926
287.927
287.94
288.083
289.029
293.069
293.069
287.996
288.132
288.351
288.64
328.145
328.145
298.976
289.695
288.115
288.847
350.187
993.086
1472.42
1451.01
1215.69
930.707
633.935
401.364
282.711
241.183
231.932
251.555
360.604
459.392
633.521
883.65
1159.21
1445.58
1687.65
1784.66
1785.06
1687.71
1687.71
1772.13
1740.66
1696.95
1533.41
1337.99
1169.79
1038.61
1038.61
1398.23
1285.98
1243.09
1236.44
1281.78
1369.8
1473.24
1497.28
1236.9
613.784
299.689
288.126
295.722
295.722
290.69
288.588
287.936
287.926
287.926
287.926
287.926
287.926
287.926
287.926
287.926
287.926
287.927
287.944
288.083
288.733
290.766
301.363
301.363
313.244
313.244
294.438
288.823
288.013
288.32
315.961
847.092
1432.6
1499.68
1302.19
1039.34
779.821
547.031
398.061
331.489
314.983
349.812
545.887
821.93
1099.05
1356.57
1531.47
1516.76
1517.38
1531.63
1531.63
1498.01
1451.16
1521.5
1416.83
1245.03
1081.72
935.597
935.597
884.999
898.859
980.771
1110.04
1268.86
1456.74
1520.06
1250.78
580.877
580.877
433.297
328.08
294.565
288.031
287.927
287.926
287.926
287.926
287.926
287.926
287.926
287.926
287.926
287.927
287.94
288.014
288.267
287.954
288.043
296.843
634.406
1330.22
1543.54
1424.98
1181.31
960.777
756.127
601.592
519.984
501.879
778.043
1060.17
1316.23
1476.14
1443.94
1444.51
1476.2
1476.2
1427.67
1385.33
1460.93
1373.08
1205.38
1036.86
884.999
898.859
980.771
1110.04
1268.86
1456.74
1520.06
1250.78
1100.82
856.674
527.77
318.926
288.53
287.936
287.926
287.927
287.926
287.926
287.926
287.926
287.926
287.926
287.926
287.926
287.927
287.932
287.949
289.623
400.927
1101.71
1531.46
1544.83
1361.81
1145.18
982.479
857.557
786.564
1048.76
1296.8
1456.3
1440.88
1441.26
1456.25
1456.25
1426.99
1386.47
1448.83
1358.73
1195.79
1038.25
1098.46
1203.31
1355.75
1505.94
1494.47
1399.23
1160.82
746.321
356.219
289.801
287.963
288.006
291.448
287.979
287.979
287.928
287.928
287.926
287.926
287.926
287.926
287.929
288.128
302.922
719.704
1369.69
1594.88
1536.59
1353.84
1195.79
1096.62
1330.48
1479.75
1453.46
1453.79
1479.81
1479.81
1438.44
1392.8
1467.39
1391.39
1240.47
1333.57
1460.77
1538.96
1499.48
1270.52
800.907
953.924
433.055
292.239
452.994
452.994
291.448
288.043
288.043
291.433
287.979
287.926
287.941
289
358.102
972.838
1482.44
1608.22
1532.11
1414.78
1529.57
1451.04
1451.39
1529.76
1529.76
1429.39
1363.55
1497.88
1457.25
1525.27
1485.79
1201.05
1312.86
1569.55
1482.54
1077.24
1077.24
486.472
294.441
294.425
452.411
1076.53
1482.1
1569.26
1355.08
1355.42
1569.55
1482.54
1024.08
1023.68
486.149
)
;
    }
    procBoundary5to2
    {
        type            processor;
        value           nonuniform List<scalar> 
144
(
289.553
288.238
288.29
289.875
407.171
390.807
356.355
288.946
288.134
289.891
290.769
291.19
305.63
350.41
345.575
332.937
317.76
723.408
1317.97
1364.95
1132.12
804.086
441.696
228.358
166.684
152.598
154.019
154.309
155.078
160.862
202.727
582.734
1110.62
1210.01
1307.1
1385.25
1412.59
1354.8
1305.99
1276.17
759.391
316.482
218.161
203.007
207.921
229.304
298.005
505.892
832.64
1156.28
1420.01
1492.93
1104.29
1082.47
1011.59
882.353
321.445
288.4
288.03
288.999
295.625
300.153
304.011
485.952
1194.25
1449.95
1300.82
1024.19
679.598
371.015
213.84
170.067
159.869
156.987
156.835
164.612
225.358
655.336
754.964
891.958
955.882
860.953
795.163
347.43
234.496
215.425
220.064
243.913
327.221
545.751
865.603
1176.63
1431.72
1493.56
1486.01
1457.3
1535.38
1194.8
458.947
290.74
319.632
875.348
1441.57
1466.33
1235.66
944.041
622.503
367.038
233.954
194.862
183.187
181.522
196.972
289.658
453.542
547.014
415.748
274.528
246.094
251.371
287.907
405.696
640.075
938.373
1224.39
1462.31
1514.46
1449.75
1188.87
919.2
645.381
436.246
319.452
274.728
268.555
311.982
388.412
335.055
343.482
403.584
549.928
783.271
1045.28
1310.57
)
;
    }
    procBoundary5to3
    {
        type            processor;
        value           nonuniform List<scalar> 
667
(
287.926
287.926
287.926
287.926
287.926
287.926
287.926
287.926
287.926
287.926
287.926
287.926
287.926
287.926
287.926
287.926
287.926
287.926
287.926
287.926
287.926
287.926
287.926
287.926
287.926
287.926
287.926
287.926
287.926
287.926
287.926
287.926
287.926
287.926
287.926
287.926
287.926
287.926
287.926
287.926
287.926
287.926
287.926
287.926
287.926
287.926
287.926
287.926
287.926
287.926
287.926
287.926
287.926
287.926
287.926
287.926
287.926
287.926
287.926
287.926
287.926
287.926
287.926
287.926
287.926
287.926
287.926
287.926
287.926
287.926
287.926
287.926
287.926
287.926
287.926
287.926
287.926
287.927
287.926
287.927
287.943
288.028
287.929
287.935
287.926
287.926
287.926
287.926
287.926
287.926
287.926
287.926
287.926
287.926
287.926
287.926
287.926
287.926
287.926
287.926
287.926
287.926
287.926
287.926
287.926
287.926
287.926
287.929
287.926
287.926
287.929
287.926
287.926
287.926
287.926
287.926
287.926
287.926
287.926
287.926
287.926
287.926
287.926
287.926
287.926
287.926
287.926
287.926
287.926
287.926
287.927
287.965
288.78
287.965
288.402
290.718
295.488
288.204
288.341
287.939
287.942
287.926
287.926
287.926
287.926
287.926
287.926
287.926
287.926
287.926
287.926
287.926
287.926
287.926
287.926
287.926
287.926
287.929
287.929
287.928
287.926
287.939
287.928
287.926
287.926
287.926
287.926
287.926
287.927
287.998
287.998
287.927
287.926
287.926
287.926
287.926
287.926
287.926
287.926
287.926
287.926
287.926
287.926
287.926
287.926
287.926
287.926
287.926
287.926
287.926
287.93
288.126
287.945
288.549
301.72
423.892
298.509
787.921
1111.42
695.074
330.142
289.233
287.956
287.926
287.926
287.926
287.926
287.926
287.926
287.929
287.976
288.077
288.241
288.414
288.503
293.182
314.226
377.429
377.429
289.66
287.957
287.926
287.926
287.926
287.926
287.926
287.926
287.926
287.926
287.926
287.926
287.926
287.926
287.926
287.926
287.926
287.926
287.926
287.926
287.926
287.926
287.926
287.926
287.926
287.926
287.926
287.926
287.926
287.926
287.926
287.926
287.926
287.926
287.926
287.926
287.926
287.933
288.123
291.747
322.933
432.404
559.859
623.517
641.951
689.627
1031.5
1626.74
2079.8
2118.53
2107.98
2086.49
2013.41
1860.58
1603.97
1204.87
674.247
336.722
290.805
288.039
287.929
287.926
287.926
287.926
287.926
287.926
287.926
287.939
288.732
328.778
930.059
1779.39
1234.36
510.141
311.271
301.269
299.088
288.42
288.792
287.952
288.206
287.932
288.053
287.928
294.44
485.023
298.71
287.926
287.945
287.927
287.955
287.93
288.009
287.989
287.982
287.963
288.439
288.116
287.958
287.928
287.926
287.926
287.926
287.926
287.946
288.983
288.983
287.944
287.926
287.926
287.926
287.926
287.927
287.948
287.928
287.956
287.928
287.926
287.927
287.937
287.926
288.078
288.506
289.46
290.942
292.441
311.17
367.489
367.489
289.43
287.953
287.926
287.926
287.926
287.926
287.926
287.926
287.926
287.926
287.926
287.926
287.926
287.926
287.926
287.926
287.926
287.926
287.926
287.926
287.926
287.926
287.926
287.926
287.926
287.926
287.926
287.926
287.926
287.926
287.926
287.926
287.926
287.926
287.926
287.926
287.926
287.926
287.926
287.926
287.935
288.198
293.267
334.759
471.52
609.77
678.703
698.195
748.884
1094.12
1678.27
1677.3
1652.37
1562.41
1387.22
1108.57
722.357
382.642
296.853
288.406
288.459
295.201
289.058
288.798
288.694
295.215
292.813
289.715
288.248
287.953
287.927
287.926
287.926
287.926
287.926
287.946
288.983
287.944
287.926
287.926
287.926
287.926
287.926
287.926
287.927
287.948
288.166
288.166
289.635
288.183
287.95
289.266
292.621
298.143
304.928
347.394
347.394
288.996
287.945
287.926
287.926
287.926
287.926
287.926
287.926
287.926
287.926
287.926
287.926
287.926
287.926
287.926
287.926
287.926
287.926
287.926
287.926
287.926
287.926
287.926
287.926
287.926
287.926
287.926
287.926
287.926
287.926
287.926
287.926
287.926
287.926
287.926
287.926
287.926
287.926
287.926
287.926
287.936
288.205
293.421
336.046
475.279
613.174
681.264
700.264
749.758
1097.82
1066.25
958.477
771.612
528.883
344.957
298.664
296.235
328.906
323.977
312.962
298.699
289.937
288.105
287.935
287.926
287.926
287.926
287.926
287.926
287.926
287.926
287.926
287.926
287.926
287.926
287.926
287.926
287.926
287.926
287.926
287.926
287.926
287.926
287.929
287.949
289.635
295.627
295.627
307.504
325.078
325.078
288.555
287.937
287.926
287.926
287.926
287.926
287.926
287.926
287.926
287.926
287.926
287.926
287.926
287.926
287.926
287.926
287.926
287.926
287.926
287.926
287.926
287.926
287.926
287.926
287.926
287.926
287.926
287.926
287.926
287.926
287.926
287.926
287.927
288.032
288.231
307.504
287.931
287.926
287.926
287.926
287.926
287.926
287.926
287.926
287.926
287.926
287.926
287.926
287.926
287.926
287.926
287.926
287.926
287.926
287.926
287.926
287.926
287.926
287.926
287.926
287.926
287.926
287.926
287.926
287.926
287.926
287.926
287.926
287.926
287.926
287.926
287.926
287.926
287.926
287.926
287.926
287.926
287.926
287.926
287.926
287.926
287.926
287.926
287.933
288.141
292.146
326.453
445.231
575.831
640.974
660.436
710.688
605.973
460.83
343.188
422.985
410.261
374.633
325.694
296.421
288.671
287.964
287.927
287.926
287.926
287.926
287.926
287.926
287.926
287.926
287.926
287.926
287.926
287.926
287.926
287.926
287.926
287.926
287.926
287.93
288.037
290.1
309.675
381.744
484.697
541.651
559.842
287.926
287.926
294.866
412.218
)
;
    }
    procBoundary5to4
    {
        type            processor;
        value           nonuniform List<scalar> 
664
(
287.928
288.022
293.141
486.581
1098.47
995.677
795.551
523.896
325.829
291.132
290.56
289.513
288.617
288.617
287.958
287.927
287.926
287.928
288.042
294.714
516.874
1143.91
1490.48
1520.89
1500.76
1489.9
1329.37
929.005
929.005
1062.74
1109.71
1135.53
1270.21
1742.96
2209.85
2445.11
2309.74
2031.63
1758.36
1758.36
1601.05
1506.34
1444.48
1393.13
1344.34
1305.27
1284.17
1180.58
1088.11
1009.05
954.834
924.802
907.675
895.947
884.117
870.818
906.62
892.058
885.858
891.762
852.114
859.869
867.421
877.739
895.702
895.702
918.499
944.726
978.882
507.05
191.97
162.118
159.102
157.459
156.171
154.114
151.004
166.472
229.87
454.436
869.992
1183.9
1314.1
970.609
1018.63
1041.3
1044.51
1044.51
438.554
291.465
287.993
287.927
287.929
287.932
287.934
287.935
287.936
287.937
287.938
287.937
287.934
287.93
288.141
298.665
580.349
1142.49
1222.07
1281.56
1331.53
1338.53
1220.7
893.827
465.433
442.397
390.72
336.541
336.541
290.174
287.998
292.815
505.159
1183.95
1540.19
1533.7
1378.77
1355.42
1483.96
1545.95
1466.53
1466.53
1490.72
1495.99
1522.92
1632.64
1913.47
2159.03
1910.05
1603.63
1603.63
1380.75
1198.68
1045.96
925.106
840.816
787.577
763.188
649.192
575.245
524.912
496.784
483.109
476.4
471.663
455.714
539.341
498.527
370.074
704.065
652.9
646.97
689.145
360.793
483.918
521.56
439.449
452.132
456.545
463.509
463.509
475.34
489.002
189.157
162.585
160.545
158.603
156.523
153.97
150.242
159.992
207.399
376.176
774.532
1132.64
1294.73
1281.36
1274.32
1274.32
1223.79
1100.56
528.918
295.669
288.08
288.194
288.288
288.333
288.37
288.419
288.432
288.398
288.288
304.743
645.121
1155.49
1170.14
857.391
955.175
1069.8
1194.28
1329.38
1436.62
1439.65
1188.33
1165.6
1091.78
954.614
954.614
423.757
1129.76
1536.46
1523.23
1324.84
1115.91
1090.28
1259.53
1445.32
1567.34
1567.34
1522.25
1507.74
1542.1
1615.3
1776.1
1486.33
1486.33
1223.46
963.248
707.904
514.828
395.357
339.772
319.219
236.433
204.673
196.873
195.619
196.192
197.664
197.817
198.773
192.819
185.535
273.299
248.579
206.384
198.472
350.576
347.341
197.393
202.573
240.918
264.058
180.942
186.799
190.816
189.773
187.997
184.942
184.942
186.998
163.668
162.25
160.285
157.75
154.712
150.246
157.397
197.687
338.401
712.78
1101.28
1087.84
1087.84
977.851
884.436
1176.18
1122.99
594.969
300.498
304.191
305.734
307.169
309.292
309.993
308.983
674.466
1151.32
1133.66
796.034
392.071
429.314
507.217
651.365
861.126
1067.69
1253.78
1436.71
1520.22
1522.2
1517.72
1493.63
1493.63
1524.9
1312.92
1054.94
800.463
772.81
990.218
1195.85
1419.29
1419.29
1332.73
1304.06
1335.12
1386.05
1386.05
1134.41
863.042
583.852
377.234
271.163
236.151
223.868
175.167
161.613
164.118
167.979
171.076
173.642
175.199
174.271
174.151
178.31
175.718
173.196
173.468
178.513
173.099
172.196
171.743
171.4
175.479
171.641
170.14
171.981
172.906
170.024
169.593
169.662
167.821
164.335
164.335
163.382
161.329
158.556
155.334
150.549
156.569
194.073
324.18
686.832
686.832
533.796
448.092
406.742
821.374
1141.67
1125
629.547
637.954
647.334
665.909
675.498
1137.46
1113.62
771.048
378.174
215.027
218.439
228.797
252.39
308.036
433.461
655.739
937.934
1187.65
1416.55
1431.69
1467.02
1524.9
1312.92
1054.94
800.463
569.275
772.81
990.218
1195.85
1419.29
1332.73
1304.06
1335.12
1086.28
810.595
533.063
337.294
250.14
220.942
210.144
168.122
156.946
159.645
164.765
168.687
171.791
173.714
173.607
172.592
173.738
174.523
174.014
174.719
174.535
175.405
174.066
174.061
173.879
173.217
174.685
173.273
172.593
171.094
172.224
170.479
168.096
168.471
169.325
167.36
163.382
161.329
158.556
155.334
150.549
156.569
194.073
324.18
260.4
233.839
222.295
218.058
389.491
791.876
1123.59
1117.96
1117.09
1125.34
1110.27
769.004
377.101
215.442
169.655
168.51
168.541
170.922
177.22
191.644
224.337
313.29
531.506
844.477
1147.87
1172.13
1223.35
947.304
654.6
420.664
299.183
418.173
621.972
870.97
1102.19
1063.71
810.511
545.601
351.516
258.358
227.211
215.673
169.208
156.319
157.586
162.273
165.927
169.513
172.451
172.997
173.615
172.736
173.849
174.61
175.601
175.559
175.425
176.344
176.186
175.22
175.034
175.977
175.732
174.567
173.976
174.285
172.678
171.105
168.85
170.2
169.023
169.548
165.66
162.335
158.219
151.902
153.546
178.501
171.885
169.516
169.512
170.235
217.084
383.34
781.077
1118.75
156.665
156.643
155.264
153.861
153.525
154.404
157.393
165.805
189.95
262.886
478.677
828.883
868.501
554.175
337.117
252.553
237.115
174.513
156.782
155.915
159.691
162.511
165.645
168.845
171.359
173.447
174.214
174.624
174.657
175.341
175.106
175.482
176.409
176.325
176.12
175.916
174.801
174.334
174.017
172.862
172.035
171.774
171.111
169.645
166.317
161.551
153.853
152.9
153.583
155.278
159.691
161.727
162.005
160.327
157.877
155.409
153.878
153.23
151.993
156.227
179.806
256.936
506.4
303.254
190.986
159.159
152.721
156.203
158.695
160.893
163.581
166.298
168.257
172.022
173.406
174.632
173.787
174.392
174.197
174
174.507
175.955
175.969
175.744
175.497
174.058
173.197
172.854
172.543
172.049
173.227
172.103
170.691
167.485
164.926
156.769
167.078
167.688
167.858
167.621
170.274
172.51
172.194
173.48
174.083
174.644
174.506
174.747
174.461
174.188
174.042
173.126
172.533
171.384
171.971
169.707
168.925
169.236
171.503
172.786
173.069
172.518
172.543
171.212
)
;
    }
}


// ************************************************************************* //
