/*--------------------------------*- C++ -*----------------------------------*\
  =========                 |
  \\      /  F ield         | OpenFOAM: The Open Source CFD Toolbox
   \\    /   O peration     | Website:  https://openfoam.org
    \\  /    A nd           | Version:  9
     \\/     M anipulation  |
\*---------------------------------------------------------------------------*/
FoamFile
{
    format      ascii;
    class       volScalarField;
    location    "0.00085";
    object      p;
}
// * * * * * * * * * * * * * * * * * * * * * * * * * * * * * * * * * * * * * //

dimensions      [1 -1 -2 0 0 0 0];

internalField   nonuniform List<scalar> 
7831
(
247844
3.1672e+06
15307.9
2.195e+06
6.50722e+06
5.1e+06
8894.95
1.691e+06
9229.13
1.02178e+06
4.23886e+06
2.673e+06
19686.8
1.05633e+06
2.67579e+06
1.09978e+06
1.75323e+06
2.95526e+06
2.78051e+06
1.23131e+06
2.52355e+06
1.65057e+06
784942
2.6119e+06
667727
1.93106e+06
935869
2.32218e+06
550581
6.05665e+06
6.03002e+06
5.52852e+06
5.75295e+06
4.56985e+06
5.20135e+06
271521
458434
1.4818e+06
1.24343e+06
376246
333100
1.09193e+06
244083
1.05875e+06
334906
919957
304190
939300
266666
3.78878e+06
3.28373e+06
2.95121e+06
2.8315e+06
2.46546e+06
2.57932e+06
468235
421186
973706
1.11972e+06
346015
516987
1.05798e+06
2.50269e+06
2.78445e+06
2.63792e+06
45948.4
39438
12969.2
79630.1
162704
128777
58960.3
9509.49
8450.52
8018.57
37613.9
48817.2
28301.1
36261.3
7995.2
11230.2
8574.12
50095.5
38021.7
27511.8
33653.5
817394
771011
223801
416797
978897
365908
926332
12425.8
67724.4
94115.1
200620
137837
57485.3
34299.1
156931
192581
11009
10617
7960.13
7463.05
7692.46
6809.47
10889.7
26556.5
25539
26199.1
11050.9
25263.8
11012.5
8188.34
8183.18
8395.77
8115.92
8576.84
8298.01
8392.98
631957
599889
148660
151838
581603
144747
607404
7563.29
7738.44
7930.63
7731.42
7897.18
7893.68
8138.16
7717.37
6613.17
6817.63
7008.66
6800.17
7806.93
8058.61
10058.9
30203.1
27014.2
28469.3
10080.6
26680.8
10980.3
168882
732959
674542
689982
179559
161227
640400
7247.84
6559.42
6657.53
6702.93
6385.71
7264.42
7575.09
7962.25
20431.4
8778.26
6397.95
15688.9
7735.93
7762.26
7967.71
7431.32
7257.78
8814.89
8822.94
7898.1
8158.25
8716.57
8615.39
8086.95
8556.61
7976.67
8442.46
7544.24
8255.69
7762.8
8613.52
7961.46
8442.97
8107.93
8031.68
7347.43
7636.14
8392.81
8329.36
7716.49
6599.49
6900.6
7720.15
7868.84
6799.64
6689.09
7877.65
6963.61
7715.79
7991.15
7908.09
7198.36
7488.96
8199.38
6475.52
8225.82
6362.38
6475.96
7773.98
6637.78
7968.1
6464.85
8953.18
6416.96
6461.4
8168.94
6534.37
8203.54
7505.03
6092.44
6971.99
7327.96
6053.83
7687.61
6757.69
6333.38
10526
6460.6
9380.6
6387.15
6374.24
8365.24
6100.81
8184.77
6853.82
6246.68
6826.74
17031.8
11120.5
7222.9
9719.6
8179.58
34277.6
22266.6
12425.2
6738.93
13419
98938.6
61094.8
217252
72966
157978
40122.7
9436.79
9686.91
9141.94
8804.93
9035.63
8565.55
8443.07
7987.54
9410.12
9626.45
9410.67
9279.91
9632.61
9431.12
9205.08
9554.14
9816.27
9758.6
9523.96
9794.43
9497.94
9546.71
9299.48
9509.16
9085.11
8972.16
9483.35
9330.65
8920.47
9003.03
9008.72
8932.27
9260.79
9235.54
9245.3
9311.03
10252.5
9804.42
9778.68
9579.41
9838.51
10013.1
9811.72
9845.07
9819.34
9942.37
9542.99
9234.75
10066.1
9708.33
9803.36
9795.29
9778.09
9512.23
9755.14
9956.66
9128.99
9818.54
9388.76
9298.5
9302.78
9605.82
9566.11
9034.58
8611.74
9173.97
8964.47
9174.29
8985.23
9376.86
8805.49
8764.46
8931.88
9064.58
8935.42
8784.9
9134.99
9213.28
8771.06
8355.84
8685.77
9036.33
8746.29
9087.87
8689.18
8348.07
8287.35
8676.76
8203.17
8517.67
8894.81
8555.33
543786
11504.4
459272
9534.54
530219
578288
11381.8
11342.2
24861.8
24831.6
11165.3
11615.7
25250
24890.6
11507
136559
485316
148852
484410
143254
137931
507035
25295.5
9663.39
34740.1
9474.44
26791.3
26198.9
11064
25234.5
11457.3
24933.9
24971.1
11065.6
25387.8
11423.1
10214.3
9647.34
9450.36
9380.87
9834.87
9678.07
9599.63
11165.9
9628.7
11085.9
9566.99
10819.3
11070.4
9559.73
15368.6
13253.8
36309.2
38088.3
14288.2
14349.3
39789.6
10854.8
9277.3
10994
9394.57
10221
10813.8
9523.82
135860
525986
135263
135108
504338
136797
524838
24990.5
24918.2
11649.2
11448.6
24883.1
24867.6
11605.7
547107
138313
138415
136312
508061
136610
527585
142554
561100
138351
562272
139617
136522
544043
1.87295e+06
1.19281e+06
361337
1.90634e+06
1.78964e+06
1.83488e+06
881804
1.63146e+06
1.68381e+06
1.85944e+06
1.84467e+06
199540
1.25761e+06
1.24508e+06
172727
103448
111800
101299
1.53453e+06
101325
101307
101298
101298
3.76743e+06
3.31535e+06
114263
101298
101298
101298
1.77731e+06
2.15618e+06
2.10896e+06
1.65916e+06
1.92192e+06
1.08945e+06
1.8042e+06
1.6342e+06
397428
1.78325e+06
340146
996101
282580
101299
102000
101299
101299
101325
101325
101298
101298
101298
101298
101298
101299
101298
101298
101298
101298
101298
1.08532e+06
1.28103e+06
1.30615e+06
1.01837e+06
686532
1.06726e+06
1.07683e+06
1.00298e+06
700012
107547
147103
101415
290365
979068
6.78558e+06
6.77919e+06
5.11307e+06
12617.4
438413
1.5204e+06
4.59114e+06
4.79927e+06
348199
50694.3
408842
521763
2.75515e+06
2.20657e+06
110213
743510
994215
1.9425e+06
168715
957375
3.2741e+06
3.11465e+06
22655.5
244273
2.38892e+06
2.54657e+06
1.14069e+06
2.99643e+06
2.58186e+06
520274
1.02282e+06
2.52429e+06
2.10515e+06
2.40471e+06
1.68493e+06
6.86272e+06
5.51861e+06
6.16925e+06
6.01796e+06
6.12362e+06
3.43919e+06
1.66081e+06
121453
1.84564e+06
1.96218e+06
13880.6
116735
1.0872e+06
1.1239e+06
957212
1.91737e+06
1.4456e+06
371970
771687
1.11631e+06
803800
986390
1.08155e+06
400491
4.99958e+06
2.782e+06
2.67095e+06
1.4003e+06
2.37293e+06
394282
123542
331719
1.10104e+06
1.11793e+06
399481
602301
1.24247e+06
1.11984e+06
957808
1.10994e+06
714945
728612
828629
971783
113186
283889
113159
101827
2.56796e+06
2.66442e+06
1.29711e+06
256355
629098
101708
101317
805184
1.20162e+06
887867
601748
211672
140418
101773
113820
606368
101902
103296
101462
101357
101298
458191
103678
101321
101320
101301
101298
6.91457e+06
6.38233e+06
6.62421e+06
6.67437e+06
6.76141e+06
6.67273e+06
4.8911e+06
4.83264e+06
3.51387e+06
3.63668e+06
4.15359e+06
3.27295e+06
2.59985e+06
159127
103860
2.76463e+06
2.8314e+06
2.8024e+06
1.63046e+06
1.95649e+06
1.2212e+06
101677
103274
101379
1.51715e+06
878042
514148
107250
104020
101532
1.41751e+06
1.80448e+06
3.27891e+06
2.94501e+06
1.33837e+06
3.03732e+06
1.80544e+06
1.47612e+06
1.71272e+06
3.21405e+06
3.04243e+06
1.51422e+06
3.06701e+06
1.77145e+06
1.2281e+06
2.81854e+06
809862
2.49896e+06
1.0933e+06
2.9385e+06
956731
1.32298e+06
2.98661e+06
1.10368e+06
2.54327e+06
1.37708e+06
2.98782e+06
1.05304e+06
1.50638e+06
1.64671e+06
2.86207e+06
2.9799e+06
1.52461e+06
2.88379e+06
1.57326e+06
1.47592e+06
1.45644e+06
2.72387e+06
2.60867e+06
1.47689e+06
2.75979e+06
1.49756e+06
1.42589e+06
2.94329e+06
1.15204e+06
2.47329e+06
1.39874e+06
2.8672e+06
1.24401e+06
1.47586e+06
2.59478e+06
1.71965e+06
2.37413e+06
1.60609e+06
2.75479e+06
1.44126e+06
1.49889e+06
2.41721e+06
1.57319e+06
2.25687e+06
1.83813e+06
1.81934e+06
6.91939e+06
6.77727e+06
6.74552e+06
6.17477e+06
5.82154e+06
6.48596e+06
6.84583e+06
6.0342e+06
6.70183e+06
6.48302e+06
5.86389e+06
6.41716e+06
6.87414e+06
5.76111e+06
6.72072e+06
5.3563e+06
4.87525e+06
6.32272e+06
3.75994e+06
526349
559708
1.94102e+06
1.35059e+06
685664
417374
1.41467e+06
605748
832060
1.97669e+06
1.41995e+06
774261
661342
1.43262e+06
482117
1.14273e+06
422698
1.11824e+06
389358
1.18749e+06
494579
546858
1.20045e+06
584664
1.12616e+06
593287
1.20258e+06
543820
878933
896124
1.85911e+06
1.39014e+06
1.03287e+06
731181
1.35298e+06
1.12079e+06
1.54008e+06
1.71879e+06
1.00492e+06
1.29876e+06
1.23887e+06
1.23583e+06
794614
1.19111e+06
646593
1.09527e+06
658085
1.17482e+06
777031
1.00752e+06
876245
1.03129e+06
1.00874e+06
1.09613e+06
1.08674e+06
968091
587073
1.45509e+06
583051
1.06036e+06
165675
480150
481134
840697
125712
919041
141911
398860
4.97945e+06
3.58026e+06
3.66886e+06
2.9807e+06
2.81189e+06
3.03907e+06
2.93745e+06
2.78659e+06
3.03576e+06
2.95608e+06
629830
1.60455e+06
2.65467e+06
1.85446e+06
2.10805e+06
499996
1.10169e+06
1.29899e+06
138347
102282
102946
583500
486564
1.11886e+06
1.14793e+06
535001
555127
1.15586e+06
614859
609141
1.123e+06
1.14561e+06
568712
668225
1.15329e+06
646537
1.20504e+06
706517
1.22524e+06
618028
1.20184e+06
763436
694904
1.17196e+06
1.01151e+06
1.19018e+06
791783
1.19147e+06
863493
961914
684201
1.07881e+06
1.12744e+06
832998
778602
1.06741e+06
1.08194e+06
1.01588e+06
968569
521581
1.01003e+06
959211
891686
1.11307e+06
1.12219e+06
1.13097e+06
695966
961222
971607
1.08345e+06
1.06112e+06
240090
329327
280394
736674
670666
798014
155779
745659
111108
156230
551570
103499
108363
108379
115274
101319
259030
101573
101827
2.7187e+06
2.44407e+06
2.69749e+06
2.88534e+06
2.3751e+06
2.78114e+06
2.06517e+06
1.92992e+06
2.52645e+06
841469
142419
489520
1.38454e+06
207242
642631
106701
108866
194368
101546
101299
101308
1.08324e+06
900400
1.14145e+06
986647
987151
1.07757e+06
872886
1.03197e+06
1.11873e+06
1.04264e+06
410072
1.07991e+06
875371
691307
792966
550609
389910
113188
916494
369849
251255
591478
118411
109769
104120
327006
199373
147027
233235
1.02687e+06
246420
170329
743981
577939
107560
111789
117096
112525
101322
316865
101884
101725
105646
103426
102456
101304
145346
101492
101415
101616
101299
101299
101298
101317
101312
101307
970843
124573
239497
183246
101955
124170
102062
101440
106274
101694
101299
101314
101387
101298
101306
101298
101298
101299
13962.2
34855
29808.3
61264.2
78302.6
131067
158020
63226.1
116730
52282.1
121449
222495
344265
225477
434240
976162
415133
520063
1.06295e+06
602301
1.04253e+06
20171.9
35847.1
94560.9
64892.2
140657
63035.5
189505
873092
924310
358700
490828
1.02551e+06
582527
1.05652e+06
163132
348974
516325
424322
566141
673303
404223
105395
283911
263579
455595
244775
309417
393147
137812
170410
286129
362145
129731
272652
236701
278152
263677
245982
161311
384493
370618
300307
304694
362160
243523
358176
410856
460588
494877
457606
975358
684602
1.0802e+06
570573
782158
1.07107e+06
634803
572429
575926
383046
721035
504170
499850
419594
238587
422070
394742
356864
325340
483002
274497
397531
504601
446373
453975
347539
558271
906122
587570
658800
692139
717564
793845
833467
577521
359074
462178
461545
459789
458169
574527
327460
395540
464034
510001
592590
457986
534110
950122
986812
1.07928e+06
677571
776336
869114
1.08533e+06
101340
1.64373e+06
111099
101640
248403
101683
115598
101332
101313
101299
141268
101311
101299
1.72847e+06
319634
297323
344811
1.08362e+06
1.15656e+06
1.05888e+06
110295
113732
383870
157253
110292
113267
101383
317624
103224
103763
136587
101355
102046
102244
102548
102878
122506
101760
101302
101396
101300
101337
101363
103207
101586
101664
101301
109830
101360
101377
101312
101298
101301
728926
822628
101301
1.07637e+06
1.61881e+06
1.17441e+06
1.82349e+06
1.06379e+06
1.18689e+06
863797
139782
1.00778e+06
928151
101387
106657
101433
633867
763150
112118
607222
390837
898080
399724
560167
469969
596224
734465
566736
601584
788928
554558
708118
753002
821521
608353
647290
866824
830090
583654
700973
455355
527056
620872
534133
733442
500396
500571
472298
624785
577323
580687
503028
479145
516028
769905
409712
588188
640361
990380
1.12757e+06
877995
961829
742637
853036
653335
534003
944980
669311
1.02279e+06
591607
755985
827004
1.22529e+06
1.05139e+06
1.35167e+06
1.04224e+06
824370
854476
1.04136e+06
1.30005e+06
849687
845376
731783
948602
647065
1.13839e+06
739202
509052
649041
731205
563878
654213
870462
1.14673e+06
1.15529e+06
1.05061e+06
1.06228e+06
1.01152e+06
1.02979e+06
921713
1.09508e+06
1.40053e+06
1.10446e+06
1.05058e+06
902827
1.06596e+06
852678
805907
801600
982673
778188
597088
597553
768203
1.04131e+06
977855
1.12744e+06
1.02935e+06
1.00768e+06
872897
1.10296e+06
991312
799290
677344
892987
815441
707160
927548
756545
768790
580350
977533
585902
1.0243e+06
754317
1.12601e+06
1.11279e+06
1.03269e+06
1.25529e+06
1.2999e+06
1.19068e+06
1.20454e+06
1.04338e+06
1.1904e+06
994020
1.4686e+06
1.30009e+06
1.5458e+06
1.3357e+06
859948
939524
763010
1.33506e+06
1.17853e+06
1.11116e+06
1.02175e+06
716999
859698
923433
706818
1.00944e+06
934898
972086
101298
101298
101298
101298
101298
101298
101298
101298
101298
101298
101298
101298
101298
101298
101298
101298
101298
101298
101298
101298
101298
101298
101298
101298
101298
101298
101298
101298
101298
101298
101298
101298
101298
101298
101298
101298
101298
101298
101298
101298
101298
101298
101298
101298
101298
101298
101298
101298
101298
101298
101298
101298
101298
101298
101298
101298
101298
101298
101298
128739
101314
101360
101298
101299
101298
101298
101298
101298
101298
102053
101647
101371
101305
101317
101298
101298
101358
101300
101298
101298
101298
101298
101298
101298
101298
101298
101298
101298
101298
101298
101298
101298
101298
101298
101298
101298
101298
101298
101316
101300
101298
101298
101298
101302
101298
101298
101298
101298
101298
101298
101298
101298
101298
101298
101298
101298
101298
101298
101298
101298
101298
101298
101298
101298
101298
101298
101298
101298
101298
101298
101298
101298
101298
101298
101298
101298
101298
101298
101298
101298
101298
101298
101298
101298
101298
101298
101298
101298
101298
101298
101298
101298
101298
101298
101298
101298
101298
101298
101298
101298
101298
101298
101298
101298
101298
101298
101298
101298
101298
101298
101298
101298
101298
101298
101298
101298
101298
101298
101298
101298
101298
101298
101298
101298
101298
101298
101298
101298
101298
101298
101298
101298
101298
101298
101298
101298
101298
101298
101298
101298
101298
101298
101298
101298
101298
101298
101298
101298
101298
101298
101298
101298
101298
101298
101298
101298
101298
101298
101298
101298
101298
101298
101298
101298
101298
101298
101298
101298
101298
101298
101298
101298
101298
101298
101298
101298
101298
101298
101298
101298
101298
101298
101298
101298
101298
101298
101298
101298
101298
101298
101298
101298
101298
101298
101298
101298
101298
101298
101298
101298
101298
101298
101298
101298
101298
101298
101298
101298
101298
101298
101298
101298
101298
101298
101298
101298
101298
101298
101298
101298
101298
101298
101298
101298
101298
101298
101298
101298
101298
101298
101298
101298
101298
101298
101298
101298
101298
101298
101298
101298
101298
101298
101298
101298
101298
101298
101298
101298
101298
101298
101298
101298
101298
101298
101298
101298
101298
101298
101298
101298
101298
101298
101298
101298
101298
101298
101298
101298
101298
101298
101298
101298
101298
101298
101298
101298
101298
101298
101298
101298
101298
101298
101298
101298
101298
101298
101298
101298
101298
101298
101298
101298
101298
101298
101298
101298
101298
101298
101298
101298
101298
101298
101298
101298
101298
101298
101298
101298
101298
101298
101298
101298
101298
101298
101298
101298
101298
101298
101298
101298
101298
101298
101298
101298
101298
101298
101298
101298
101298
101298
101298
101298
101298
101298
101298
101298
101298
101298
101298
101298
101298
101298
101298
101298
101298
101298
101298
101298
101298
101298
101298
101298
101298
101298
101298
101298
101298
101298
101298
101298
101298
101298
101298
101298
101298
101298
101298
101298
101298
101298
101298
101298
101298
101298
101298
101298
101298
101298
101298
101298
101298
101298
101298
101298
101298
101298
101298
101298
101298
101298
101298
101298
101298
101298
101298
101298
101298
101298
101298
101298
101298
101298
101298
101298
101298
101298
101298
101298
101298
101298
101298
101298
101298
101298
101298
101298
101298
101298
101298
101298
101298
101298
101298
101298
101298
101298
101298
101298
101298
101298
101298
101298
101298
101298
101298
101298
101298
101298
101298
101298
101298
101298
101298
101298
101298
101298
101298
101298
101298
101298
101298
101298
101298
101298
101298
101298
101298
101298
101298
101298
101298
101298
101298
101298
101298
101298
101298
101298
101298
101298
101298
101298
101298
101298
101298
101298
101298
101298
101298
101298
101298
101298
101298
101298
101298
101298
101298
101298
101298
101298
101298
101298
101298
101298
101298
101298
101298
101298
101298
101298
101298
101298
101298
101298
101298
101298
101298
101298
101298
101298
101298
101298
101298
101298
101298
101298
101298
101298
101298
101298
101298
101298
101298
101298
101298
101298
101298
101298
101298
101298
101298
101298
101298
101298
101298
101298
101298
101298
101298
101298
101298
101298
101298
101298
101298
101298
101298
101298
101298
101298
101298
101298
101298
101298
101298
101298
101298
101298
101298
101298
101298
101298
101298
101298
101298
101298
101298
101298
101298
101298
101298
101298
101298
101298
101298
101298
101298
101298
101298
101298
101298
101298
101298
101298
101298
101298
101298
101298
101298
101298
101298
101298
101298
101298
101298
101298
101298
101298
101298
101298
101298
101298
101298
101298
101298
101298
101298
101298
101298
101298
101298
101298
101298
101298
101298
101298
101298
101298
101298
101298
101298
101298
101298
101298
101298
101298
101298
101298
101298
101298
101298
101298
101298
101298
101298
101298
101298
101298
101298
101298
101298
101298
101298
101298
101298
101298
101298
101298
101298
101298
101298
101298
101298
101298
101298
101298
101298
101298
101298
101298
101298
101298
101298
101298
101298
101298
101298
101298
101298
101298
101298
101298
101298
101298
101298
101298
101298
101298
101298
101298
101298
101298
101298
101298
101298
101298
101298
101298
101298
101298
101298
101298
101298
101298
101298
101298
101298
101298
101298
101298
101298
101298
101298
101298
101298
101298
101298
101298
101298
101298
101298
101298
101298
101298
101298
101298
101298
101298
101298
101298
101298
101298
101298
101298
101298
101298
101298
101298
101298
101298
101298
101298
101298
101298
101298
101298
101298
101298
101298
101298
101298
101298
101298
101298
101298
101298
101298
101298
101298
101298
101298
101298
101298
101298
101298
101298
101298
101298
101298
101298
101298
101298
101298
101298
101298
101298
101298
101298
101298
101298
101298
101298
101298
101298
101298
101298
101298
101298
101298
101298
101298
101298
101298
101298
101298
101298
101298
101298
101298
101298
101298
101298
101298
101298
101298
101298
101298
101298
101298
101298
101298
101298
101298
101298
101298
101298
101298
101298
101298
101298
101298
101298
101298
101298
101298
101298
101298
101298
101298
101298
101298
101298
101298
101298
101298
101298
101298
101298
101298
101298
101298
101298
101298
101298
101298
101298
101298
101298
101298
101298
101298
101298
101298
101298
101298
101298
101298
101298
101298
101298
101298
101298
101298
101298
101298
101298
101298
101298
101298
101298
101298
101298
101298
101298
101298
101298
101298
101298
101298
101298
101298
101298
101298
101298
101298
101298
101298
101298
101298
101298
101298
101298
101298
101298
101298
101298
101298
101298
101298
101298
101298
101298
101298
101298
101298
101298
101298
101298
101298
101298
101298
101298
101298
101298
101298
101298
101298
101298
101298
101298
101298
101298
101298
101298
101298
101298
101298
101298
101298
101298
101298
101298
101298
101298
101298
101298
101298
101298
101298
101298
101298
101298
101298
101298
101298
101298
101298
101298
101298
101298
101298
101298
101298
101298
101298
101298
101298
101298
101298
101298
101298
101298
101298
101298
101298
101298
101298
101298
101298
101298
101298
101298
101298
101298
101298
101298
101298
101298
101298
101298
101298
101298
101298
101298
101298
101298
101298
101298
101298
101298
101298
101298
101298
101298
101298
101298
101298
101298
101298
101298
101298
101298
101298
101298
101298
101298
101298
101298
101298
101298
101298
101298
101298
101298
101298
101298
101298
101298
101298
101298
101298
101298
101298
101298
101298
101298
101298
101298
101298
101298
101298
101298
101298
101298
101298
101298
101298
101298
101298
101298
101298
101298
101298
101298
101298
101298
101298
101298
101298
101298
101298
101298
101298
101298
101298
101298
101298
101298
101298
101298
101298
101298
101298
101298
101298
101298
101298
101298
101298
101298
101298
101298
101298
101298
101298
101298
101298
101298
101298
101298
101298
101298
101298
101298
101298
101298
101298
101298
101298
101298
101298
101298
101298
101298
101298
101298
101298
101298
101298
101298
101298
101298
101298
101298
101298
101298
101298
101298
101298
101298
101298
101298
101298
101298
101298
101298
101298
101298
101298
101298
101298
101298
101298
101298
101298
101298
101298
101298
101298
101298
101298
101298
101298
101298
101298
101298
101298
101298
101298
101298
101298
101298
101298
101298
101298
101298
101298
101298
101298
101298
101298
101298
101298
101298
101298
101298
101298
101298
101298
101298
101298
101298
101298
101298
101298
101298
101298
101298
101298
101298
101298
101298
101298
101298
101298
101298
101298
101298
101298
101298
101298
101298
101298
101298
101298
101298
101298
101298
101298
101298
101298
101298
101298
101298
101298
101298
101298
101298
101298
101298
101298
101298
101298
101298
101298
101298
101298
101298
101298
101298
101298
101298
101298
101298
101298
101298
101298
101298
101298
101298
101298
101298
101298
101298
101298
101298
101298
101298
101298
101298
101298
101298
101298
101298
101298
101298
101298
101298
101298
101298
101298
101298
101298
101298
101298
101298
101298
101298
101298
101298
101298
101298
101298
101298
101298
101298
101298
101298
101298
101298
101298
101298
101298
101298
101298
101298
101298
101298
101298
101298
101298
101298
101298
101298
101298
101298
101298
101298
101298
101298
101298
101298
101298
101298
101298
101298
101298
101298
101298
101298
101298
101298
101298
101298
101298
101298
101298
101298
101298
101298
101298
101298
101298
101298
101298
101298
101298
101298
101298
101298
101298
101298
101298
101298
101298
101298
101298
101298
101298
101298
101298
101298
101298
101298
101298
101298
101298
101298
101298
101298
101298
101298
101298
101298
101298
101298
101298
101298
101298
101298
101298
101298
101298
101298
101298
101298
101298
101298
101298
101298
101298
101298
101298
101298
101298
101298
101298
101298
101298
101298
101298
101298
101298
101298
101298
101298
101298
101298
101298
101298
101298
101298
101298
101298
101298
101298
101298
101298
101298
101298
101298
101298
101298
101298
101298
101298
101298
101298
101298
101298
101298
101298
101298
101298
101298
101298
101298
101298
101298
101298
101298
101298
101298
101298
101298
101298
101298
101298
101298
101298
101298
101298
101298
101298
101298
101298
101298
101298
101298
101298
101298
101298
101298
101298
101298
101298
101298
101298
101298
101298
101298
101298
101298
101298
101298
101298
101298
101298
101298
101298
101298
101298
101298
101298
101298
101298
101298
101298
101298
101298
101298
101298
101298
101298
101298
101298
101298
101298
101298
101298
101298
101298
101298
101298
101298
101298
101298
101298
101298
101298
101298
101298
101298
101298
101298
101298
101298
101298
101298
101298
101298
101298
101298
101298
101298
101298
101298
101298
101298
101298
101298
101298
101298
101298
101298
101298
101298
101298
101298
101298
101298
101298
101298
101298
101298
101298
101298
101298
101298
101298
101298
101298
101298
101298
101298
101298
101298
101298
101298
101298
101298
101298
101298
101298
101298
101298
101298
101298
101298
101298
101298
101298
101298
101298
101298
101298
101298
101298
101298
101298
101298
101298
101298
101298
101298
101298
101298
101298
101298
101298
101298
101298
101298
101298
101298
101298
101298
101298
101298
101298
101298
101298
101298
101298
101298
101298
101298
101298
101298
101298
101298
101298
101298
101298
101298
101298
101298
101298
101298
101298
101298
101298
101298
101298
101298
101298
101298
101298
101298
101298
101298
101298
101298
101298
101298
101298
101298
101298
101298
101298
101298
101298
101298
101298
101298
101298
101298
101298
101298
101298
101298
101298
101298
101298
101298
101298
101298
101298
101298
101298
101298
101298
101298
101298
101298
101298
101298
101298
101298
101298
101298
101298
101298
101298
101298
101298
101298
101298
101298
101298
101298
101298
101298
101298
101298
101298
101298
101298
101298
101298
101298
101298
101298
101298
101298
101298
101298
101298
101298
101298
101298
101298
101298
101298
101298
101298
101298
101298
101298
101298
101298
101298
101298
101298
101298
101298
101298
101298
101298
101298
101298
101298
101298
101298
101298
101298
101298
101298
101298
101298
101298
101298
101298
101298
101298
101298
101298
101298
101298
101298
101298
101298
101298
101298
101298
101298
101298
101298
101298
101298
101298
101298
101298
101298
101298
101298
101298
101298
101298
101298
101298
101298
101298
101298
101298
101298
101298
101298
101298
101298
101298
101298
101298
101298
101298
101298
101298
101298
101298
101298
101298
101298
101298
101298
101298
101298
101298
101298
101298
101298
101298
101298
101298
101298
101298
101298
101298
101298
101298
101298
101298
101298
101298
101298
101298
101298
101298
101298
101298
101298
101298
101298
101298
101298
101298
101298
101298
101298
101298
101298
101298
101298
101298
101298
101298
101298
101298
101298
101298
101298
101298
101298
101298
101298
101298
101298
101298
101298
101298
101298
101298
101298
101298
101298
101298
101298
101298
101298
101298
101298
101298
101298
101298
101298
101298
101298
101298
101298
101298
101298
101298
101298
101298
101298
101298
101298
101298
101298
101298
101298
101298
101298
101298
101298
101298
101298
101298
101298
101298
101298
101298
101298
101298
101298
101298
101298
101298
101298
101298
101298
101298
101298
101298
101298
101298
101298
101298
101298
101298
101298
101298
101298
101298
101298
101298
101298
101298
101298
101298
101298
101298
101298
101298
101298
101298
101298
101298
101298
101298
101298
101298
101298
101298
101298
101298
101298
101298
101298
101298
101298
101298
101298
101298
101298
101298
101298
101298
101298
101298
101298
101298
101298
101298
101298
101298
101298
101298
101298
101298
101298
101298
101298
101298
101298
101298
101298
101298
101298
101298
101298
101298
101298
101298
101298
101298
101298
101298
101298
101298
101298
101298
101298
101298
101298
101298
101298
101298
101298
101298
101298
101298
101298
101298
101298
101298
101298
101298
101298
101298
101298
101298
101298
101298
101298
101298
101298
101298
101298
101298
101298
101298
101298
101298
101298
101298
101298
101298
101298
101298
101298
101298
101298
101298
101298
101298
101298
101298
101298
101298
101298
101298
101298
101298
101298
101298
101298
101298
101298
101298
101298
101298
101298
101298
101298
101298
101298
101298
101298
101298
101298
101298
101298
101298
101298
101298
101298
101298
101298
101298
101298
101298
101298
101298
101298
101298
101298
101298
101298
101298
101298
101298
101298
101298
101298
101298
101298
101298
101298
101298
101298
101298
101298
101298
101298
101298
101298
101298
101298
101298
101298
101298
101298
101298
101298
101298
101298
101298
101298
101298
101298
101298
101298
101298
101298
101298
101298
101298
101298
101298
101298
101298
101298
101298
101298
101298
101298
101298
101298
101298
101298
101298
101298
101298
101298
101298
101298
101298
101298
101298
101298
101298
101298
101298
101298
101298
101298
101298
101298
101298
101298
101298
101298
101298
101298
101298
101298
101298
101298
101298
101298
101298
101298
101298
101298
101298
101298
101298
101298
101298
101298
101298
101298
101298
101298
101298
101298
101298
101298
101298
101298
101298
101298
101298
101298
101298
101298
101298
101298
101298
101298
101298
101298
101298
101298
101298
101298
101298
101298
101298
101298
101298
101298
101298
101298
101298
101298
101298
101298
101298
101298
101298
101298
101298
101298
101298
101298
101298
101298
101298
101298
101298
101298
101298
101298
101298
101298
101298
101298
101298
101298
101298
101298
101298
101298
101298
101298
101298
101298
101298
101298
101298
101298
101298
101298
101298
101298
101298
101298
101298
101298
101298
101298
101298
101298
101298
101298
101298
101298
101298
101298
101298
101298
101298
101298
101298
101298
101298
101298
101298
101298
101298
101298
101298
101298
101298
101298
101298
101298
101298
101298
101298
101298
101298
101298
101298
101298
101298
101298
101298
101298
101298
101298
101298
101298
101298
101298
101298
101298
101298
101298
101298
101298
101298
101298
101298
101298
101298
101298
101298
101298
101298
101298
101298
101298
101298
101298
101298
101298
101298
101298
101298
101298
101298
101298
101298
101298
101298
101298
101298
101298
101298
101298
101298
101298
101298
101298
101298
101298
101298
101298
101298
101298
101298
101298
101298
101298
101298
101298
101298
101298
101298
101298
101298
101298
101298
101298
101298
101298
101298
101298
101298
101298
101298
101298
101298
101298
101298
101298
101298
101298
101298
101298
101298
101298
101298
101298
101298
101298
101298
101298
101298
101298
101298
101298
101298
101298
101298
101298
101298
101298
101298
101298
101298
101298
101298
101298
101298
101298
101298
101298
101298
101298
101298
101298
101298
101298
101298
101298
101298
101298
101298
101298
101298
101298
101298
101298
101298
101298
101298
101298
101298
101298
101298
101298
101298
101298
101298
101298
101298
101298
101298
101298
101298
101298
101298
101298
101298
101298
101298
101298
101298
101298
101298
101298
101298
101298
101298
101298
101298
101298
101298
101298
101298
101298
101298
101298
101298
101298
101298
101298
101298
101298
101298
101298
101298
101298
101298
101298
101298
101298
101298
101298
101298
101298
101298
101298
101298
101298
101298
101298
101298
101298
101298
101298
101298
101298
101298
101298
101298
101298
101298
101298
101298
101298
101298
101298
101298
101298
101298
101298
101298
101298
101298
101298
101298
101298
101298
101298
101298
101298
101298
101298
101298
101298
101298
101298
101298
101298
101298
101298
101298
101298
101298
101298
101298
101298
101298
101298
101298
101298
101298
101298
101298
101298
101298
101298
101298
101298
101298
101298
101298
101298
101298
101298
101298
101298
101298
101298
101298
101298
101298
101298
101298
101298
101298
101298
101298
101298
101298
101298
101298
101298
101298
101298
101298
101298
101298
101298
101298
101298
101298
101298
101298
101298
101298
101298
101298
101298
101298
101298
101298
101298
101298
101298
101298
101298
101298
101298
101298
101298
101298
101298
101298
101298
101298
101298
101298
101298
101298
101298
101298
101298
101298
101298
101298
101298
101298
101298
101298
101298
101298
101298
101298
101298
101298
101298
101298
101298
101298
101298
101298
101298
101298
101298
101298
101298
101298
101298
101298
101298
101298
101298
101298
101298
101298
101298
101298
101298
101298
101298
1.53631e+06
101317
279104
101298
101298
101298
101299
101298
101566
101298
101298
101298
101298
101298
101316
101298
101298
101298
101298
101298
101298
101298
101298
101298
101298
101298
101298
101298
101298
101298
101298
101298
101298
101298
101298
101298
101298
101298
101298
101298
101298
101298
101298
101298
101298
101298
101298
101298
101298
101298
101298
101298
101298
101298
101298
101298
101298
101298
101298
101298
101298
101298
101298
101298
101298
101298
101298
101298
101298
101298
101298
101298
101298
101298
101298
101298
101298
101298
101298
101298
101298
101298
101298
101298
101298
101298
101298
101298
101298
101298
101298
101298
101298
101298
101298
101298
101298
101298
101298
101298
101298
101298
101298
101298
101298
101298
101298
101298
101298
101298
101298
101298
101298
101298
101298
101298
101298
101298
101298
101298
101298
101298
101298
101298
101298
101298
101298
101298
101298
101298
101298
101298
101298
101298
101298
101298
101298
101298
101298
101298
101298
101298
101298
101298
101298
101298
101298
101298
101298
101298
101298
101298
101298
101298
101298
101298
101298
101298
101298
101298
101298
101298
101298
101298
101298
101298
101298
101298
101298
101298
101298
101298
101298
101298
101298
101298
101298
101298
101298
101298
101298
101298
101298
101298
101298
101298
101298
101298
101298
101298
101298
101298
101298
101298
101298
101298
101298
101298
101298
101298
101298
101298
101298
101298
101298
101298
101298
101298
101298
101298
101298
101298
101298
101298
101298
101298
101298
101298
101298
101298
101298
101298
101298
101298
101298
101298
101298
101298
101298
101298
101298
101298
101298
101298
101298
101298
101298
101298
101298
101298
101298
101298
101298
101298
101298
101298
101298
101298
101298
101298
101298
101298
101298
101298
101298
101298
101298
101298
101298
101298
101307
101356
101299
109482
101298
101300
101298
101298
101298
101298
101298
101298
101298
101298
101298
101298
101298
101389
101298
101299
101298
101298
101298
101298
101298
101298
101298
101298
101298
101298
101298
101298
101298
101298
101298
101298
101298
101298
101298
101298
101298
101298
101298
101298
101298
101298
101298
101298
101298
101298
101298
101298
101298
101298
101298
101298
101298
101298
101298
101298
101298
101298
101298
101298
101298
101298
101298
101298
101298
101298
101298
101298
101298
101298
101298
101298
101298
101298
101298
101298
101298
101298
101298
101298
101298
101298
101298
101298
101298
101298
101298
101298
101298
101298
101298
101298
101298
101298
101298
101298
101298
101298
101298
101298
101298
101298
101298
101298
101298
101298
101298
101298
101298
101298
101299
101298
101298
101298
101298
101298
101298
101298
101298
101298
101298
101298
101298
101298
101298
101298
101298
101298
101298
101298
101298
101298
101298
101298
101298
101298
101298
101298
101298
101298
101298
101298
101298
101298
101298
101298
101298
101298
101298
101298
101298
101298
101298
101298
101298
101298
101298
1.268e+06
1.54411e+06
1.69441e+06
108562
1.27359e+06
245529
106253
101298
975506
102429
101302
101298
101298
113907
283557
101300
883686
101723
101545
101298
101298
101307
101298
101299
101309
101298
101298
101298
101298
101298
101298
101298
101298
101298
101298
101298
101452
103585
101347
101298
101298
136605
1.0578e+06
105701
168405
737760
102694
205980
101991
101340
101386
101299
101312
101327
103442
104740
107546
107533
101304
253568
101428
101440
101365
101298
101298
101298
101299
101301
101301
101301
101298
101299
101501
101298
101302
101298
101298
101298
101300
101556
101298
101305
101298
101298
101298
101298
101298
101298
101298
101298
101298
101298
101298
101298
101298
101298
101298
101298
101298
101298
101298
101298
101298
101298
101298
101298
101298
101298
101298
101298
101298
101298
101298
101298
101298
101298
101298
101298
101298
101298
101298
101298
101298
101337
101298
101298
101298
101298
101770
101299
101298
101298
101305
101298
101298
101298
101298
101298
101298
101298
101298
101298
101298
101298
101298
101298
101298
101298
101298
101301
101360
101299
101300
101323
101298
101298
101299
101298
101298
101298
101298
101307
101298
101298
101298
101300
101298
101298
101298
101298
101298
101298
101298
101298
101298
101298
101298
101298
101298
101298
101298
101298
101298
101298
101298
101298
101298
101298
101298
101298
101298
101298
101298
101298
1.19391e+06
1.82667e+06
245752
1.73084e+06
388945
1.74803e+06
106797
1.22183e+06
111060
521479
101316
833942
104378
101352
353177
730994
101926
101309
456335
101317
101298
101301
101477
101298
101298
101298
101298
101298
101524
101298
101298
101310
101298
101298
101538
101298
101299
101299
101306
101308
101316
101298
101298
101298
101298
101298
101298
101298
101299
101298
101298
101298
101298
101298
101298
101298
101298
101298
101298
101298
101298
101298
101298
101298
101298
101298
101298
101298
101298
101298
101298
101298
101298
101298
101298
101298
101298
101298
101298
101298
101298
101298
101298
101298
101298
101298
101298
101298
101298
101298
101298
101298
101298
101298
1.18996e+06
1.47133e+06
1.28009e+06
1.68845e+06
1.68949e+06
1.02334e+06
1.10274e+06
1.12499e+06
937135
907407
513977
148102
694629
115147
986878
865331
394752
104522
101540
101398
804138
1.22671e+06
1.2867e+06
1.21805e+06
1.51698e+06
1.51728e+06
1.56999e+06
1.54512e+06
1.06401e+06
987211
938694
1.27648e+06
1.08199e+06
1.06727e+06
1.2785e+06
1.20336e+06
1.16317e+06
1.16349e+06
1.29858e+06
1.36615e+06
1.41113e+06
1.33291e+06
868349
897939
862871
948367
988149
975717
926284
976890
1.01097e+06
1.04579e+06
976435
751871
804899
1.02007e+06
817177
1.02897e+06
996640
1.03667e+06
1.05709e+06
1.08106e+06
1.0637e+06
1.00071e+06
873696
1.01889e+06
766773
651623
973429
836227
1.11105e+06
867887
1.02103e+06
856723
646733
1.02225e+06
775607
819787
958047
625775
1.01805e+06
818885
727300
1.09158e+06
934161
572091
936902
967431
705376
722017
1.14357e+06
1.087e+06
676956
1.03892e+06
1.05677e+06
882800
937890
1.0927e+06
1.32292e+06
1.22273e+06
1.25475e+06
1.45649e+06
1.56145e+06
1.47524e+06
1.38286e+06
1.07829e+06
1.19898e+06
1.04082e+06
1.16309e+06
909960
1.0151e+06
1.25147e+06
1.49684e+06
1.35945e+06
1.38195e+06
1.55231e+06
1.70685e+06
1.63709e+06
1.5666e+06
852718
910934
922751
994457
938498
881354
777505
965849
966444
911563
917608
1.02163e+06
789587
922533
957186
987029
954132
749674
820766
926742
867791
1.2972e+06
1.51511e+06
1.41545e+06
1.23846e+06
1.10734e+06
1.11183e+06
1.27491e+06
864766
742599
937968
984967
1.05324e+06
1.02484e+06
1.02925e+06
985714
1.03099e+06
852817
1.08736e+06
978060
883483
1.06616e+06
1.50224e+06
1.43353e+06
1.3523e+06
1.19508e+06
1.29518e+06
1.35199e+06
1.2132e+06
1.10573e+06
896882
1.08993e+06
995691
1.08192e+06
1.08474e+06
1.01179e+06
1.72031e+06
1.81525e+06
1.82936e+06
1.24001e+06
1.4991e+06
1.37106e+06
1.71769e+06
1.43071e+06
1.21674e+06
1.03752e+06
1.30243e+06
1.54953e+06
1.1341e+06
1.24631e+06
901060
822071
1.01916e+06
1.0222e+06
979246
1.03659e+06
1.10287e+06
960241
894613
644555
1.03708e+06
1.01695e+06
984538
975837
1.66355e+06
1.67265e+06
1.69139e+06
1.58878e+06
1.35338e+06
1.71328e+06
1.4627e+06
1.36819e+06
840980
1.06846e+06
1.46153e+06
1.32213e+06
1.15837e+06
1.12344e+06
102160
101302
310033
984936
291714
101338
101298
1.43841e+06
1.33509e+06
1.41677e+06
1.76505e+06
1.5585e+06
1.6632e+06
1.68362e+06
962301
897184
948881
646810
456130
796613
650162
1.72216e+06
1.49553e+06
1.59927e+06
1.64372e+06
1.72524e+06
1.71732e+06
1.54627e+06
129330
101298
106746
102591
101723
101298
101298
932906
1.30347e+06
1.05779e+06
446829
983288
667964
729612
1.55244e+06
1.49568e+06
1.70052e+06
1.71258e+06
880285
1.47246e+06
1.44045e+06
362497
1.09881e+06
862055
774030
385475
268055
1.00369e+06
682247
1.1479e+06
1.14202e+06
1.11159e+06
1.08922e+06
1.01959e+06
976751
1.12221e+06
1.119e+06
1.12253e+06
1.14096e+06
921483
1.07984e+06
1.11916e+06
1.62183e+06
1.60482e+06
1.59821e+06
1.72296e+06
1.46522e+06
1.75085e+06
1.26085e+06
909572
760628
962143
373458
554869
638398
298411
242764
302617
772216
684792
182152
225393
603972
700347
1.00353e+06
1.10123e+06
1.13709e+06
971397
1.11958e+06
1.08512e+06
409678
1.06479e+06
911580
1.03665e+06
1.08706e+06
1.12374e+06
876967
917290
721186
994003
1.08709e+06
1.01926e+06
1.01874e+06
960150
670424
313351
821725
517949
1.01728e+06
1.00773e+06
931919
627934
330822
708227
1.03467e+06
857206
1.05673e+06
1.05138e+06
517973
246682
190404
1.02847e+06
994074
782204
693259
876677
784613
299017
1.08659e+06
1.07567e+06
868775
781212
101309
101298
101314
101298
122250
178729
101299
1.55182e+06
1.69431e+06
1.75217e+06
1.70083e+06
1.73994e+06
1.6731e+06
1.61166e+06
1.00159e+06
788992
600841
413716
487271
423762
526071
685441
646281
778677
564684
677404
711225
594075
955239
769570
852432
901290
831312
977902
739057
965150
1.0124e+06
883376
1.04475e+06
399166
483586
489575
630744
532139
522570
636953
1.88681e+06
1.81366e+06
1.70336e+06
1.44632e+06
1.55562e+06
1.79529e+06
1.6687e+06
524042
403403
735351
933489
998252
1.0482e+06
746488
419239
1.16015e+06
1.65119e+06
1.70543e+06
669678
1.33138e+06
1.33671e+06
295183
1.00009e+06
644312
957372
701372
531592
212629
1.75165e+06
1.69613e+06
1.58328e+06
1.78497e+06
1.6694e+06
1.80213e+06
1.79545e+06
122447
617811
433757
632822
246967
177806
848922
109374
290048
361822
547657
130970
152874
464040
1.85386e+06
912148
1.43657e+06
1.82206e+06
1.774e+06
1.90965e+06
1.57551e+06
193800
127191
422508
435628
916440
1.02909e+06
638748
139184
251508
113023
367765
795532
922972
552704
101299
101320
101298
101301
101298
101298
101298
856058
657209
461392
126744
424050
203624
244393
744626
138687
425450
1.33955e+06
911412
963055
529959
125224
347751
279854
838204
433841
356354
757429
104923
487092
223825
152539
354520
102600
111982
101305
101298
101813
101389
101301
101298
101298
910921
1.52659e+06
1.30977e+06
1.6641e+06
1.76707e+06
1.7596e+06
1.76232e+06
539680
701627
334653
111670
213450
370497
142251
584954
118400
171452
134815
483079
295926
109376
245449
169721
608746
1.02853e+06
578115
233345
743990
239366
674121
279559
329299
1.06266e+06
797940
736690
276781
344599
810392
276696
1.10626e+06
810403
716411
127250
119047
268523
177806
827935
509802
444715
104651
375012
142647
547696
203732
535404
887274
1.36408e+06
1.44332e+06
1.23452e+06
728957
502437
361395
552301
1.80455e+06
1.21143e+06
1.51211e+06
414360
1.1973e+06
1.5608e+06
889219
965893
297652
668366
109348
126538
186675
300064
104098
101772
109786
198446
118290
592345
327249
102562
107029
122805
435961
191616
246999
645310
102091
217873
120093
230777
123767
710584
409842
1.48788e+06
1.81706e+06
1.85442e+06
515676
1.49455e+06
1.22762e+06
808574
572963
485884
196534
104478
106750
159654
134871
765905
209861
120664
1.2456e+06
879793
1.5117e+06
506473
102456
101298
101298
101328
101298
101298
101298
102015
201257
126283
112881
338898
194469
104180
101346
168392
105069
101448
789830
560635
768661
276978
1.01866e+06
875565
732917
586776
589204
966557
1.14142e+06
127265
750918
833650
679425
601133
529070
666909
731627
580676
646198
509285
442840
385949
575148
505767
465942
469052
582974
361492
374323
463397
461115
893856
996567
801198
981985
682269
989989
782680
913813
346487
960392
528568
241489
1.02781e+06
1.06879e+06
1.03904e+06
1.17577e+06
45862.7
238840
47943.8
669876
806301
1.0153e+06
833636
38920.8
95033.9
80671.8
195787
169455
252340
292303
168338
73980.8
139172
389604
272514
498817
390255
466118
882043
408437
577731
917290
641393
942248
86185.9
146903
94760.4
185565
253586
264901
326302
197545
170839
299217
543980
471667
365145
425126
365566
440392
264193
668924
756898
637167
544673
978691
958752
905846
708414
612189
791803
704188
183621
337450
299314
461430
444625
362097
400414
745937
712303
653742
472362
406514
481474
558506
642609
941148
545942
986589
801358
718399
964961
1.01457e+06
1.0414e+06
970668
773764
956494
827710
982943
619379
686758
641359
406080
452850
465810
495276
1.08953e+06
1.1565e+06
1.034e+06
869704
949778
874159
784265
890762
901268
793152
732131
642545
557587
641404
740273
833377
751164
612358
597892
525356
544594
960384
1.14063e+06
1.13013e+06
1.10042e+06
1.06815e+06
892222
1.00884e+06
509316
735904
630812
410910
500989
577332
473337
869420
622008
842779
869194
878770
530854
452026
725250
933637
1.14298e+06
936535
705114
572129
728154
342325
470782
845607
688773
789809
342278
221573
610874
825680
709704
231579
168834
393512
302515
976482
682287
1.08892e+06
1.14767e+06
1.01951e+06
1.11128e+06
993612
101300
104304
101320
513821
101348
101454
101298
101302
103387
104895
204012
102842
153342
128931
102094
513782
107075
134681
671583
460550
124149
206931
277058
460646
134696
206986
671620
124173
107080
268622
119076
103299
444884
177895
509865
827896
101398
101624
112715
133856
102241
112711
101624
102852
105810
101973
124040
344390
157474
230339
169996
111374
213200
104848
103350
124989
101596
905772
218338
735321
107964
198561
148522
104391
719614
193841
137463
1.26641e+06
1.02219e+06
222314
354544
380536
117236
279089
111172
108676
102039
101638
103134
101528
101413
105531
101782
118241
109447
107463
102406
145696
299243
145719
108234
102407
106906
101571
101857
119501
110243
346515
260949
131512
104670
219337
104299
115217
101655
101373
153662
682981
435189
1.15598e+06
844620
1.38039e+06
1.59603e+06
101763
103015
101562
116398
157808
195364
109895
196833
110231
140585
101562
102473
104258
113880
101373
101655
115238
131551
219433
104674
102054
1.47226e+06
213430
681060
172299
143970
603704
104117
109325
186265
103943
141610
101405
102472
104986
114687
114426
107785
102098
101709
101669
101491
110409
103905
105748
101463
101583
101430
101374
104794
102190
121569
101927
101327
103805
101412
101913
101397
101325
104600
102178
122628
174869
316937
101725
101322
101902
112503
101884
117100
101298
101298
101299
101298
101298
101298
101298
114514
102316
101324
101613
105904
101306
101415
172739
610327
395199
102720
122768
109561
105324
101394
101443
101319
102030
122539
104628
106305
113721
101585
105967
146587
514158
117816
102358
101302
101313
101893
101320
101382
102157
104469
101302
101313
101382
102157
104471
101894
101448
102459
145412
105653
101357
101304
101492
103421
103698
107499
192182
101308
101462
101673
107494
103432
101480
101306
101525
107060
103924
166860
101298
101298
101298
101298
101298
101299
101298
173714
102491
120578
101894
101335
103359
101430
102092
113996
108878
101535
101704
101313
101323
156291
101559
103889
112970
325314
804222
206981
101696
106539
101460
104187
191837
108637
101311
101307
101604
104865
114690
101333
101691
102505
141054
101635
116876
108705
101696
101453
119793
101941
101428
106461
101348
101748
101299
101309
101396
114799
102499
101301
101332
101690
101331
105615
101568
102107
115190
501270
293200
143470
101921
101332
101316
106131
103666
101429
101365
101544
101305
101311
102193
102860
101344
101324
103481
102297
101538
101361
101327
101313
101305
101299
101314
101941
101749
101309
106466
101428
583030
643102
164678
915151
8116.28
7259.27
7753.83
30225.3
6031.64
858175
215146
10942.1
42862.8
10030
99087.7
7127.99
6855.61
7594.45
7340.88
31225
10298
25236.8
561903
24909.9
597683
720219
10898
10357.7
8785.65
7891.58
8554.59
8239.68
7404.96
7656.12
7284.46
6238.55
105719
583387
123106
456456
914313
91167.7
978276
977373
628218
420684
29589.5
6505.55
30657
455546
285281
300562
107278
12208.2
30484.3
25139
100765
46269.6
214457
356735
228503
339968
648010
386318
294380
336993
632905
763090
918712
708436
933892
1.08656e+06
768659
960851
524143
291483
24826.6
24854.1
11646.5
11440.2
11598.7
24980.4
11339
9135.53
8932.06
9065.27
8936.75
9216.68
8566.45
8765.27
138492
545941
136790
564309
139933
142750
579371
8203.02
8347.98
8517.77
8894.34
8676.66
8287.72
7987.31
26778.9
873976
944059
290845
20169.5
860216
49190.5
26163.8
11006
11041.4
25523.7
11005
26543.1
10884.8
25330
24969.5
11468.6
10698.1
26309.5
25327.3
10896.6
8461.44
8647.91
8829.79
8190.72
7956.45
8239.89
8461.58
8393.55
8298.83
8577.26
8187.49
8185.39
8395.19
7960.68
7813.72
150083
12705.4
92395.1
18964
11539.8
11461.2
147296
577945
141987
624326
154065
147371
598039
7730.47
7896.08
8137.34
7560.44
7928.28
7737.22
7689.28
8036.32
7934.29
8373.8
7590.17
7714.22
7933.7
7654.98
144919
606515
151734
148762
629807
156652
600605
7962.24
8005.81
8188.29
7215.29
7407.41
8116.39
7856.71
10768
26998.8
26344.6
27200.7
10367.1
11030.3
27030.4
27162.9
11028.3
27029.1
26334.8
10940.1
26978
10761.4
8115.85
7214.11
7855.82
7959.64
8007.39
8186.19
7754.05
8062.43
7715.75
7461.39
7038.47
6852.14
6798.88
6595.65
10987.6
10619.2
27072.6
10006.5
28317.3
29995
9968.35
7286.22
7540.48
7722.72
7001.37
6662.4
7459.25
7657.08
668666
624863
154503
722944
177422
660529
162183
6656.91
6998.03
7458.48
7656
7719.32
7538.82
7592
158500
255460
288459
47720.3
29936.9
289339
398173
161593
676682
169083
695567
180124
193037
737972
7575.63
6792.02
7242.82
6380.51
6653.07
6561.63
6752.97
661218
176971
162292
154585
665651
164242
625303
30380.6
15491.3
10853.3
10843.1
30353.9
10488
27000.1
10669.1
7500.19
9823.42
7488.09
7556.89
7119.29
7364.79
7055.07
7280
7626.85
11306.7
10419.7
7182.1
7539.02
10559.7
7536.87
7176.49
7049.93
6849.11
7659.05
7311.46
11214.5
34954.6
27901.8
31668
48814
16685.8
10839.9
17081
10851.9
31629.1
10033
27908.2
34886.7
11203.8
11067.5
64450.4
36149.3
42632.7
32034.2
13014.3
92152.8
7490.67
11594.8
7183.92
20328.8
8783.42
8318.19
18002.6
7267.85
7062.09
6288.28
6908.68
10374
6750.8
6519.51
7857.56
10592
13758.8
7853.38
7333.59
6718.82
7125.45
240773
788671
199422
786273
717275
199029
175431
182137
790267
724449
787879
204298
855728
256011
6109.8
6860.8
6925.06
8000.42
8335.07
11416.2
17404.7
6702.36
7510.47
8502.56
11369.9
7371.3
7925.93
15559.1
6508.66
7928.34
15878.7
7367.84
6694.01
7565.79
8647.44
257214
788311
203966
725945
182058
215704
795256
8200.49
12933.2
7407.7
8754.53
37070.2
21017.6
10956.3
25962.7
116928
27859.5
23900.9
100688
10821
9963.06
25519.1
9957.94
27935
10812.2
23954.4
116498
100439
326231
831297
285977
761197
216067
239893
809604
228311
91055.4
46152.9
157882
42316.8
15797
44193.8
44265.1
97188.2
44780.4
42453.3
15752.8
156723
225565
162724
200641
79061.1
119809
55877.6
61233.1
20805.3
52685.4
45116.3
129544
36989.1
31819.7
13510
12337
28100.7
48857.3
14126.9
53506
110590
151943
10788.6
25506.5
9916.58
28337.3
91344.9
25477.4
10290.9
6832.37
10779.9
14125.8
28179.2
48972.7
151657
110298
52965.8
7169.66
13091.9
10974.6
30003.7
41692
36634.7
110193
8542.92
14673.3
68869
34887.5
12818.5
56674.6
139036
7186.68
10979.1
37274.3
110914
12244.9
13430.8
42355.7
327894
953150
435035
915990
317671
857272
244332
883877
601742
676296
627229
909830
415249
399849
317176
856409
244565
910912
325531
947257
429810
54339.1
191437
141990
38258
66260.8
13831.4
21359.8
60929.7
40809
13428.9
98670.2
20412.9
73765.2
217330
138402
202964
91919.8
37109.7
12402.6
20914.8
72044.9
487036
913671
393064
915216
350882
282597
865686
465561
549572
383880
248943
433102
170641
356566
221857
350104
153818
349486
417457
521247
588027
306356
265595
396730
127120
110001
289363
249030
114368
97798.6
244557
285693
440585
244847
383758
205410
95336.6
30396.3
114046
230753
312231
216981
148725
245877
277757
277958
246047
371175
358756
95546.5
105908
205624
230822
113492
312473
216849
31666
131029
238269
207264
100706
331912
238317
164315
112346
294368
139403
362270
237396
255691
221690
411751
320710
198426
466124
305095
391629
559988
954164
429389
971029
977457
553093
671032
266096
373281
387033
120777
165308
249897
281602
112133
362077
237514
164028
46158
140030
294184
171861
273376
361764
133627
241762
53966.9
142303
701057
964763
595346
948768
452846
972240
570167
344818
215580
270080
388111
451860
515788
549234
344131
434129
469349
304771
135415
196020
352397
311357
489852
392582
422390
324119
407542
340082
420609
489970
424843
243020
335278
397211
329241
308348
325650
325941
407484
387317
469032
387014
311261
214241
392263
422102
407498
323914
489597
382602
523041
447858
522994
382646
456665
598200
495354
594840
434604
483502
657967
544846
400003
608655
528498
805638
831095
663932
584080
871456
511144
566933
448739
455907
351410
279448
402801
483186
544689
657654
336712
434277
495146
594494
458966
620576
493063
832225
644511
685037
880809
580936
467157
715240
565074
466949
480644
580784
860978
881773
662178
949284
753420
788999
961459
875358
544242
522432
612182
632657
748013
711454
510305
772368
597201
480373
516842
412225
602139
544527
875662
748331
612311
522495
456549
711557
857948
736949
736885
956563
650213
831453
918747
909895
971883
838135
965333
902219
769897
941421
1.02285e+06
760203
591859
826395
534825
743272
946727
941359
965253
769726
901962
708240
837897
971829
883600
1.03803e+06
1.09227e+06
1.05619e+06
676566
804526
937213
977961
1.03266e+06
1.11616e+06
1.03246e+06
618768
768484
855167
1.03872e+06
985285
907331
941046
831649
971930
1.04987e+06
960923
917713
800963
1.04236e+06
980271
849017
947552
933855
917637
1.04215e+06
848866
979996
947446
800937
1.02454e+06
864671
1.02892e+06
984785
742444
937842
1.05324e+06
211794
735313
403507
933160
746401
998040
1.04786e+06
584382
820399
584420
1.0219e+06
853014
1.02183e+06
1.03619e+06
101304
101482
101326
101299
101320
106005
102031
101298
101298
101298
101298
101298
101298
101298
101583
101317
102023
101300
101392
101299
101331
151082
104023
101739
101462
101359
102279
101308
101476
101947
104254
101317
101386
101299
101303
101486
101376
101305
101540
101985
103988
108372
101303
101328
101301
101393
101465
103106
102319
101324
105382
101887
101299
101421
101316
101304
101358
101405
101342
101299
101301
101300
101299
101311
101518
102454
101298
101300
101327
101304
101318
104296
102298
128653
111031
101490
101837
103245
101313
102029
103960
101441
101352
108233
101322
102057
101656
101299
101326
101311
101298
101519
101304
101327
101371
101311
101300
101298
101326
101298
101299
101303
101299
101480
101326
101325
101319
101299
102667
102253
123467
101359
101301
101300
101298
101398
101357
101977
101307
101344
101456
103494
102280
101300
101318
101369
101318
101301
101299
101647
101379
101308
101300
101298
101307
101298
101298
101300
101383
101317
101339
101430
101318
101299
101305
101299
101302
101298
101298
101298
101298
101298
101298
101298
101312
101349
101306
101298
101299
101301
101298
101299
101300
101298
101306
101332
101382
101675
101807
101305
101527
101299
101322
101309
101298
101616
101298
101312
101299
101298
101299
101317
101299
101300
101383
101298
101298
101307
101300
101326
101738
101300
101301
101464
101299
101377
101404
102353
101304
101354
101298
101319
101299
101299
101298
101422
101330
101299
101302
101298
101299
101313
101299
101319
101682
101298
101299
101300
101304
101392
101640
101299
101305
101322
101307
101307
101325
101298
101299
101298
101298
101374
101301
101332
101298
101300
101299
101298
101298
101301
101298
101298
101298
101306
101384
101302
101298
101299
101298
101302
101298
101298
101298
101301
101328
101298
101298
101298
101299
101303
101300
101298
101543
101380
101303
101314
101303
101382
101298
101298
101298
101300
101298
101363
101304
101298
101298
101298
101298
101300
101298
101317
101299
101300
101373
101302
101298
101304
101301
101311
101298
101298
101298
101298
101298
101298
101298
101298
101298
101298
101298
101298
101298
101298
101298
101298
101298
101298
101298
101298
101298
101298
101298
101298
101298
101298
101298
101298
101298
101298
101298
101298
101298
101298
101298
101298
101298
101298
101298
101298
101298
101298
101298
101298
101298
101298
101298
101298
101298
101298
101298
101298
101299
155571
101298
101298
101416
101356
101306
101298
101298
102730
131725
102095
105933
103777
101420
101363
105913
114540
101648
102297
101610
101324
101306
101298
101298
101298
101298
101298
101298
101298
101600
101298
101314
101451
101306
101302
101298
101298
101298
101298
101298
101298
101298
101298
101299
101298
101299
101301
101336
101319
101300
101315
101301
101299
101300
101298
101298
101298
101298
101298
101298
101301
101307
101299
101298
8363.81
706249
7487.77
7684.53
22230.2
10054.9
7000.83
12811.7
6748.19
8198.65
7906.85
7256.78
7990.82
7714.16
7195.85
6961.28
6609.07
7525.99
7708.98
6090.84
7335.45
7524.74
6608.1
6372.89
8821.64
6332.66
9376.66
6385.05
6458.83
10520.5
642070
129653
311190
33409.4
776403
830980
198355
7323.92
6967.44
7502.03
6045.36
6754.34
6395.61
6088.56
12414.1
8172.24
6735.46
7218.66
34204.5
9708.84
15670.7
6405.68
13595.6
6846.88
8249.85
22897.4
6845.61
13589.7
10362.4
6284.04
6903.71
6519.01
7266.2
6029.66
7060.37
86605.3
27116.6
18853.6
22696.3
36938
109247
166441
56635.9
138925
34831.7
8537.82
68748.1
14653.2
25108.6
60365.3
226327
113623
307654
60322.4
154083
226219
205548
111675
51139.2
153504
74638.8
254309
357649
584623
363920
293275
619378
334879
404196
671272
304990
466019
391550
221490
122983
320524
411567
457059
750952
516907
659720
391675
456950
706151
799185
704827
528167
442866
479681
729334
564157
871398
805586
663821
584006
528325
762948
608476
101305
101306
101301
101298
101298
101298
101298
101320
101298
101310
101298
101308
101303
101298
101298
101298
101298
101298
101298
101298
101298
101301
101302
101299
101298
101299
101298
101298
101298
101299
101298
101316
101299
101351
101301
101298
101303
101306
101302
101298
101298
101300
101301
101298
101299
101300
101298
101298
101298
101298
101307
101299
101298
101298
101298
101301
101298
101298
101298
101302
101298
101298
101309
101301
101298
101299
101298
101318
101298
101298
101298
101298
101298
101298
101298
101298
101298
101298
101298
101298
101305
101310
101298
101299
101298
101298
101298
101298
101299
101309
101299
101298
101304
101299
101298
101298
101298
101298
101298
101298
101298
101299
101309
101298
101298
101298
101298
101298
101298
101298
101298
101298
101301
101298
101298
101298
101298
101298
101298
101298
101306
101299
101298
101298
101298
101298
101303
101300
101298
101298
101298
101298
101298
101299
101298
101299
101298
101301
101300
101298
101298
101299
101300
101298
101298
101298
101298
101298
101302
101298
101298
101299
101298
101298
101298
101298
101298
101298
101298
101298
101301
101298
101298
101300
101298
101298
101298
101298
101298
101298
101298
101301
101299
101298
101298
101298
101298
101298
101298
101298
101298
101298
101298
101299
101298
101298
101298
101298
101298
101298
101298
101298
101299
101300
101298
101298
101298
101298
101298
101298
101301
101299
101298
101298
101298
101298
101299
101298
101298
101299
101300
101298
101299
101298
101298
101298
101298
101307
101298
101298
101298
101298
101396
101298
101298
101298
101298
101342
101308
101298
101298
101317
101298
101299
101298
101298
101301
101298
101298
101298
101298
101870
101313
101746
101673
101588
101310
101307
101369
101511
101459
101301
101304
101303
101300
101617
101304
101500
101421
101500
101304
101302
101320
101358
101405
101301
101299
101300
101299
101332
101304
101321
101299
101299
101298
101298
101311
101299
101304
101298
101298
101298
101298
101298
101298
101298
101298
101298
101298
101298
101298
101298
101298
101298
101298
101298
101298
101298
101298
101298
101300
101299
101298
101298
876584
842838
199306
102095
318446
213084
831674
872034
855314
773902
846394
864708
758289
742634
721955
876160
860015
871987
686481
730634
686562
633639
888139
882244
880246
618824
693458
665625
584479
452136
560706
869441
869283
878780
622170
531049
112529
366095
118031
114582
338769
290594
110131
260302
107988
104637
235111
103756
106490
178538
105355
107653
254477
110964
301024
254549
107657
345172
101528
101392
101307
585157
354601
610943
102130
808187
508243
873942
857297
772258
462520
294878
768729
302618
168892
825804
709785
393678
231657
306173
646704
375722
113937
185374
108829
156078
128953
102843
153405
168421
103388
204099
104899
152602
487111
223909
104926
102602
111993
128757
130374
142991
102503
112637
101621
101511
108862
109455
101782
118261
101413
101346
103136
105535
101641
103696
101362
101501
101303
101337
102771
101300
101331
101299
101317
101305
101583
102024
101298
101298
101298
101298
101298
101299
101298
101298
101298
101298
101298
101298
101298
101298
101299
101298
101298
101298
101298
101298
101298
101299
101298
101298
101298
101298
101298
101298
101298
101298
101298
101298
101298
101298
101298
101298
101298
101298
101298
101298
101298
101298
101298
101298
101298
101298
101298
101298
101298
101298
101298
101298
101298
101298
101298
101298
101298
101298
101298
101298
101298
101298
101298
101298
101298
101298
101298
101298
101298
101298
101298
101298
101298
101298
101298
101298
101298
101298
101298
101298
101298
101298
101298
101298
101298
101298
101298
101298
101298
101298
101298
101298
101298
101298
101298
101298
101298
101298
101298
101298
101298
101298
101298
101298
101298
101298
101298
101298
101298
101298
101298
101298
101298
101298
101298
101298
101299
101298
101298
101298
101298
101298
101298
101298
101298
101298
101298
101298
101298
101298
101298
101298
101298
101298
101298
101298
101298
101298
101298
101298
101298
101298
101298
101298
101298
101298
101298
)
;

boundaryField
{
    ground
    {
        type            zeroGradient;
    }
    outlet
    {
        type            zeroGradient;
    }
    wall
    {
        type            zeroGradient;
    }
    wall2
    {
        type            zeroGradient;
    }
    wall3
    {
        type            zeroGradient;
    }
    internalPatch
    {
        type            internal;
    }
    procBoundary0to1
    {
        type            processor;
        value           nonuniform List<scalar> 
473
(
101298
101298
101298
101298
101298
101298
101298
101298
101298
101298
101298
101298
101298
101298
101298
101298
101298
101298
101298
101298
101298
101298
101298
101298
101298
101298
101298
101298
101298
101298
101298
101298
101298
101298
101298
101298
101298
101298
101298
101298
101298
101298
101298
101298
101298
101298
101298
101298
101298
101298
101298
101298
101298
101298
101298
101298
101298
101298
101298
101298
101298
101298
101298
101298
101298
101298
101298
101298
101298
101298
101298
101298
101298
101298
101298
101298
101298
101298
101298
101298
101298
101298
101298
101298
101298
101298
101298
101298
101298
101298
101298
101298
101298
101298
101298
101298
101298
101298
101298
101298
101298
101298
101298
101298
101298
101298
101298
101298
101298
101298
101298
101298
101298
101298
101298
101298
101298
101298
101298
101298
101298
101298
101298
101298
101298
101298
101298
101298
101298
101298
101298
101298
101298
101298
101298
101298
101298
101298
101298
101298
101298
101298
101298
101298
101298
101298
101298
101298
101298
101298
101298
101298
101298
101298
101298
101298
101298
101298
101298
101298
101298
101298
101298
101298
101298
101298
101298
101298
101298
101298
101298
101298
101298
101298
101298
101298
101298
101298
101298
101298
101298
101298
101298
101298
101298
101299
101299
101466
107796
294760
1.20624e+06
2.21251e+06
2.81485e+06
2.8953e+06
2.8953e+06
2.80381e+06
2.36041e+06
2.20833e+06
2.14011e+06
2.21179e+06
2.5029e+06
3.20563e+06
3.8827e+06
4.46938e+06
4.82223e+06
5.36465e+06
2.61597e+06
1.49029e+06
873712
736478
663073
618469
589654
566467
566467
551087
141694
25382.5
11161.6
8731.16
8620.11
8368.54
8087.63
7875.69
7072.04
6586.62
10796.4
21785.2
16600.3
14393.3
13370.8
13593.4
14232.8
15744.1
15744.1
65489.9
241820
535832
572099
619498
671484
729569
880317
665372
234926
106481
101459
101303
101298
101298
101298
101298
101298
101298
101298
101298
101298
101298
101298
101298
101298
101298
101298
101298
101298
101302
101364
103837
192358
683814
1.06148e+06
1.23791e+06
1.24411e+06
1.19212e+06
1.19212e+06
1.14834e+06
945003
842176
771066
771069
884714
1.19986e+06
1.57493e+06
1.92824e+06
2.15699e+06
938214
327918
210112
172373
156807
148596
142515
142515
25207.3
11119.7
8671.14
8531.86
8273.41
8006.12
7803.03
6968.22
6597.04
11214.7
23214.8
17236.2
14763.5
15744.7
17865.2
17865.2
80142.9
279039
334985
404403
479925
564396
799359
882161
584192
178409
103751
101369
101300
101299
101298
101298
101299
101298
101303
101299
101319
101300
101298
101298
101298
102094
131678
516101
984693
1.04735e+06
837646
673239
593768
593768
564087
408338
278953
207699
187697
208747
288131
426564
625612
105983
36511.2
27723.1
26573.7
26035.4
25207.3
11119.7
8671.14
8531.86
8273.41
8006.12
7803.03
6968.22
6597.04
11214.7
51215.4
27140.9
18858.7
22703.7
22703.7
109290
166591
254570
357911
452140
662403
881860
857134
462274
130329
102129
101321
101304
101511
101337
102770
101500
108824
306104
831812
1.04922e+06
877558
613043
465134
341606
341606
284726
102129
41736.6
25632.3
21941.2
22705.8
28652.2
46672.3
12206.4
10228.5
11166.4
10994
8365.82
8224.84
8003.57
7826.45
7510.64
6229.66
7708.94
18177.1
111846
153712
74762
36977.6
36977.6
74762
153712
270485
388418
549654
789258
961476
772119
294757
108855
156056
585168
972003
941203
684995
491489
347900
191051
191051
130840
22956.9
10137.3
7921.87
7783.43
7845.23
8208.11
7205.27
8222.24
7993.83
7765.63
7486.78
6611.27
6428.4
11271.6
45563.2
216026
270485
388418
347900
191051
130840
27872.3
9171.97
6381.43
6540.28
6840.39
7000.62
126560
345079
299617
)
;
    }
    procBoundary0to3
    {
        type            processor;
        value           nonuniform List<scalar> 
180
(
101298
101298
101298
101298
101298
101298
101299
101320
101962
101738
101551
101417
101340
101309
101300
101298
101298
101298
101298
101298
101298
101299
101298
101298
101298
101298
101298
101299
101310
101424
102128
104797
109684
115524
122692
146324
384630
1.00741e+06
1.43332e+06
1.57776e+06
842015
164943
102709
101328
101299
101298
101298
101298
101298
101298
101298
101298
101298
101298
101298
101298
101298
101298
101298
101298
101298
101298
101298
101298
101298
101298
101298
101298
101298
101298
101298
101298
101298
101298
101298
101298
101298
101312
101306
101302
101299
101298
101298
101298
101298
101298
101298
101298
101298
101298
101298
101298
101298
101298
101298
101298
101298
101298
101298
101302
101322
101400
101560
101749
101955
102603
112067
248835
602962
126422
101847
101310
101298
101298
101298
101298
101298
101298
101298
101298
101298
101298
101298
101298
101298
101298
101298
101298
101298
101298
101298
101298
101298
101298
101298
101298
101298
101298
101298
101298
101298
101298
101298
101298
101298
101298
101298
101298
101298
101298
101298
101298
101299
101301
101306
101312
101318
101334
101560
104938
101375
101300
101298
101298
101298
101298
101298
101298
101298
101298
101298
101298
101298
101298
101299
101299
101304
101298
101298
101298
)
;
    }
    procBoundary0to4
    {
        type            processor;
        value           nonuniform List<scalar> 
66
(
8137.84
6892.88
7757.24
7868.4
8152.48
8789.86
6451.03
7408.9
8077.42
8399.3
8723.23
8966.8
8997.95
11380.3
25398.1
137324
519434
497897
475423
451611
148466
35173.7
13316.5
9446.01
9489.61
9674.54
9767.65
9772.63
9735.78
9476.79
9116.93
8755.34
8590.37
7955.97
6681.97
6525.23
7693.84
8361.81
8711.31
9049.16
9275.01
9200.2
11089
25558.5
135474
136923
26434.6
38448.7
14420.7
9682.41
9329.46
9580.77
9830.1
9730.58
9460.71
9504.41
9298.98
8944.76
9261.24
9521.56
9468.42
11006.3
10221.2
9248.98
9396.38
9592.97
)
;
    }
    procBoundary0to5
    {
        type            processor;
        value           nonuniform List<scalar> 
420
(
101298
101298
101298
101298
101298
101307
101587
110119
290420
721814
864845
846487
825915
807478
820712
560548
267380
75608.2
17232.9
8202.34
7877.33
7720.04
7718.77
7763.1
7050.53
8266.18
8871.5
9255.26
9401.88
9725.89
9954.11
9766.25
9884.97
9859.09
9699.69
9388.96
12199.2
34985.7
113029
233394
438220
469222
486601
509203
530449
550017
568597
589737
621601
668114
728414
796950
852464
893397
933674
1.01725e+06
1.13893e+06
1.2719e+06
1.46334e+06
1.66383e+06
1.7172e+06
1.59318e+06
1.10849e+06
601852
430747
361017
290046
204134
129003
105613
101697
101324
101299
101298
101298
101298
101300
101337
102162
101323
101299
101298
101298
101298
101298
101299
101310
101384
101710
102802
105289
109118
114347
120568
123543
102072
101325
101299
101299
101298
101313
101746
114574
338687
758245
780166
791467
781723
754098
848439
621644
336509
110751
23200
8950.12
6414.75
6460.23
6599.11
6799.69
6953.7
8208.47
8825.82
9214.54
9639.67
9023.58
9781.45
10239.2
9927.92
10037.5
9959.15
9809.42
9577.99
12753.9
35976.4
111349
241174
163529
143525
136823
136681
138806
142752
148623
157207
172972
203675
263860
373372
535010
735906
938866
1.13198e+06
1.33507e+06
1.56977e+06
1.68968e+06
1.52469e+06
1.15282e+06
912192
820479
746883
644454
462727
226172
114291
102132
101338
101300
101344
102506
129604
406278
117460
101752
101310
101298
101303
101351
101768
104478
115774
152539
213014
276907
335990
382684
400554
375352
119306
101916
101319
709030
874048
688791
416711
178517
41336.6
11207.1
6594.03
6965.15
7345.35
7634.62
7896.97
8086.33
8715.67
9084.32
9482.96
9794.17
9177.54
9691.88
9882.87
10134
9909.18
9687.47
9909.51
14134.9
38619.5
40166.2
26748.2
25227.1
24897.5
24877.9
25161.9
25990
26672.4
27655.8
33632.7
54239.5
133398
325841
640147
937355
1.19061e+06
1.48281e+06
1.49701e+06
1.27074e+06
1.0842e+06
989331
955694
941535
891345
709841
358756
127224
102500
134797
468786
916823
1.08764e+06
831955
288865
107962
101477
103339
118660
206358
376418
534667
639028
891275
762006
502999
280313
89872.9
18153.9
7702.19
6221.92
7506.51
7799.99
8030.21
8327.69
8555.14
8918.86
9298.81
9556.22
9513.27
9238.11
9942.23
10424.4
9823
10035.8
9803.08
10295.2
15129
11093.9
11025.3
11052.9
11417.3
11445.8
11097.2
10980
11168.1
10304.7
10573.1
16066.2
49309.3
212019
537811
862133
1.17472e+06
1.01996e+06
903019
840200
839141
892501
977535
1.01725e+06
860963
451750
926273
1.08834e+06
971275
731666
1.01181e+06
1.04481e+06
658137
176317
420579
681309
827489
883325
848828
604568
389182
182653
45453.8
11279.7
6455.53
6591.49
7483.09
7824.8
8004.44
8354.78
8687.33
9035.5
9262.51
9253.74
9005.24
8670.19
8365.67
8234.63
7452.55
7000.9
10229.6
29085
144725
405791
701350
611444
583334
609999
678813
792296
954285
1.06664e+06
948236
702926
536206
405766
558825
802927
1.03189e+06
911923
991546
942533
731957
492062
312348
127144
28288.4
9390.7
6427.82
6525.76
6956.85
7770.4
8002.28
8272.88
8685.13
8932.93
8532.32
8225.02
8006.16
7245.42
6787.98
9531.95
25022.5
123205
348229
356408
413494
491136
582656
720521
542415
403406
247386
102527
267014
433220
619228
887982
24376.3
9873.23
7497.32
6981.9
10314.9
29920.6
139067
202400
311676
430011
259751
101892
30158.1
14000.6
55875.1
130165
9608.61
9560.58
9818.24
9676.7
)
;
    }
}


// ************************************************************************* //
