/*--------------------------------*- C++ -*----------------------------------*\
  =========                 |
  \\      /  F ield         | OpenFOAM: The Open Source CFD Toolbox
   \\    /   O peration     | Website:  https://openfoam.org
    \\  /    A nd           | Version:  9
     \\/     M anipulation  |
\*---------------------------------------------------------------------------*/
FoamFile
{
    format      ascii;
    class       volScalarField;
    location    "0.0001";
    object      rhoE;
}
// * * * * * * * * * * * * * * * * * * * * * * * * * * * * * * * * * * * * * //

dimensions      [1 -1 -2 0 0 0 0];

internalField   nonuniform List<scalar> 
4062
(
253245
253245
253245
253245
253245
253272
253245
253245
253245
254422
253245
253245
253245
253245
253245
253245
253245
253247
253245
253245
253245
253245
253245
253245
253245
253245
253245
333906
258184
4.15039e+06
253246
253245
276187
253245
4.84976e+06
253301
909815
258325
253245
253247
253245
253245
253245
253245
253245
253245
253245
253245
253245
253245
253245
253245
253245
253245
253245
253245
253245
253245
253245
253245
253245
253245
253245
253245
253245
253245
253245
253245
253245
253245
253245
253245
253245
253245
253245
253245
253245
253245
253245
253245
253245
253245
253245
253245
253245
253245
253245
253245
253245
253245
253245
253245
253245
253245
253245
253245
253245
253245
253245
253245
253245
253245
253245
253245
253245
253245
253245
253245
253245
253245
253245
253245
253245
253245
253245
253245
253245
253245
253245
253245
253245
253245
253245
253245
253245
253245
253245
253245
253245
253245
253245
253245
253245
253245
253245
253245
253245
253245
253245
253245
253245
253245
253245
253245
253245
253245
253245
253245
253245
253245
253245
253245
253245
253245
253245
253245
253245
253245
253245
253245
253245
253245
253245
253245
253245
253245
253245
253245
253245
253245
253245
253245
253245
253245
253245
253245
253245
253245
253245
253245
253245
253245
253245
253245
253245
253245
253245
253245
253245
253245
253245
253245
253245
253245
253245
253245
253245
253245
253245
253245
253245
253245
253245
253245
253245
253245
253245
253245
253245
253245
253245
253245
253245
253245
253245
253245
253245
253245
253245
253245
253245
253245
253245
253245
253245
253245
253245
253245
253245
253245
253245
253245
253245
253245
253245
253245
253245
253245
253245
253245
253245
253245
253245
253245
253245
253245
253245
253245
253245
253245
253245
253245
253245
253245
253245
253245
253245
253245
253245
253245
253245
253245
253245
253245
253245
253245
253245
253245
253245
253245
253245
253245
253245
253245
253245
253245
253245
253245
253245
253245
253245
253245
253245
253245
253245
253245
253245
253245
253245
253245
253245
253245
253245
253245
253245
253245
253245
253245
253245
253245
253245
253245
253245
253245
253245
253245
253245
253245
253245
253245
253245
253245
253245
253245
253245
253245
253245
253245
253245
253245
253245
253245
253245
253245
253245
253245
253245
253245
253245
253245
253245
253245
253245
253245
253245
253245
253245
253245
253245
253245
253245
253245
253245
253245
253245
253245
253245
253245
253245
253245
253245
253245
253245
253245
253245
253245
253245
253245
253245
253245
253245
253245
253245
253245
253245
253245
253245
253245
253245
253245
253245
253245
253245
253245
253245
253245
253245
253245
253245
253245
253245
253245
253245
253245
253245
253245
253245
253245
253245
253245
253245
253245
253245
253245
253245
253245
253245
253245
253245
253245
253245
253245
253245
253245
253245
253245
253245
253245
253245
253245
253245
253245
253245
253245
253245
253245
253245
253245
253245
253245
253245
253245
253245
253245
253245
253245
253245
253245
253245
253245
253245
253245
253245
253245
253245
253245
253245
253245
253245
253245
253245
253245
253245
253245
253245
253245
253245
253245
253245
253245
253245
253245
253245
253245
253245
253245
253245
253245
253245
253245
253245
253245
253245
253245
253245
253245
253245
253245
253245
253245
253245
253245
253245
253245
253245
253245
253245
253245
253245
253245
253245
253245
253245
253245
253245
253245
253245
253245
253245
253245
253245
253245
253245
253245
253245
253245
253245
253245
253245
253245
253245
253245
253245
253245
253245
253245
253245
253245
253245
253245
253245
253245
253245
253245
253245
253245
253245
253245
253245
253245
253245
253245
253245
253245
253245
253245
253245
253245
253245
253245
253245
253245
253245
253245
253245
253245
253245
253245
253245
253245
253245
253245
253245
253245
253245
253245
253245
253245
253245
253245
253245
253245
253245
253245
253245
253245
253245
253245
253245
253245
253245
253245
253245
253245
253245
253245
253245
253245
253245
253245
253245
253245
253245
253245
253245
253245
253245
253245
253245
253245
253245
253245
253245
253245
253245
253245
253245
253245
253245
253245
253245
253245
253245
253245
253245
253245
253245
253245
253245
253245
253245
253245
253245
253245
253245
253245
253245
253245
253245
253245
253245
253245
253245
253245
253245
253245
253245
253245
253245
253245
253245
253245
253245
253245
253245
253245
253245
253245
253245
253245
253245
253245
253245
253245
253245
253245
253245
253245
253245
253245
253245
253245
253245
253245
253245
253245
253245
253245
253245
253245
253245
253245
253245
253245
253245
253245
253245
253245
253245
253245
253245
253245
253245
253245
253245
253245
253245
253245
253245
253245
253245
253245
253245
253245
253245
253245
253245
253245
253245
253245
253245
253245
253245
253245
253245
253245
253245
253245
253245
253245
253245
253245
253245
253245
253245
253245
253245
253245
253245
253245
253245
253245
253245
253245
253245
253245
253245
253245
253245
253245
253245
253245
253245
253245
253245
253245
253245
253245
253245
253245
253245
253245
253245
253245
253245
253245
253245
253245
253245
253245
253245
253245
253245
253245
253245
253245
253245
253245
253245
253245
253245
253245
253245
253245
253245
253245
253245
253245
253245
253245
253245
253245
253245
253245
253245
253245
253245
253245
253245
253245
253245
253245
253245
253245
253245
253245
253245
253245
253245
253245
253245
253245
253245
253245
253245
253245
253245
253245
253245
253245
253245
253245
253245
253245
253245
253245
253245
253245
253245
253245
253245
253245
253245
253245
253245
253245
253245
253245
253245
253245
253245
253245
253245
253245
253245
253245
253245
253245
253245
253245
253245
253245
253245
253245
253245
253245
253245
253245
253245
253245
253245
253245
253245
253245
253245
253245
253245
253245
253245
253245
253245
253245
253245
253245
253245
253245
253245
253245
253245
253245
253245
253245
253245
253245
253245
253245
253245
253245
253245
253245
253245
253245
253245
253245
253245
253245
253245
253245
253245
253245
253245
253245
253245
253245
253245
253245
253245
253245
253245
253245
253245
253245
253245
253245
253245
253245
253245
253245
253245
253245
253245
253245
253245
253245
253245
253245
253245
253245
253245
253245
253245
253245
253245
253245
253245
253245
253245
253245
253245
253245
253245
253245
253245
253245
253245
253245
253245
253245
253245
253245
253245
253245
253245
253245
253245
253245
253245
253245
253245
253245
253245
253245
253245
253245
253245
253245
253245
253245
253245
253245
253245
253245
253245
253245
253245
253245
253245
253245
253245
253245
253245
253245
253245
253245
253245
253245
253245
253245
253245
253245
253245
253245
253245
253245
253245
253245
253245
253245
253245
253245
253245
253245
253245
253245
253245
253245
253245
253245
253245
253245
253245
253245
253245
253245
253245
253245
253245
253245
253245
253245
253245
253245
253245
253245
253245
253245
253245
253245
253245
253245
253245
253245
253245
253245
253245
253245
253245
253245
253245
253245
253245
253245
253245
253245
253245
253245
253245
253245
253245
253245
253245
253245
253245
253245
253245
253245
253245
253245
253245
253245
253245
253245
253245
253245
253245
253245
253245
253245
253245
253245
253245
253245
253245
253245
253245
253245
253245
253245
253245
253245
253245
253245
253245
253245
253245
253245
253245
253245
253245
253245
253245
253245
253245
253245
253245
253245
253245
253245
253245
253245
253245
253245
253245
253245
253245
253245
253245
253245
253245
253245
253245
253245
253245
253245
253245
253245
253245
253245
253245
253245
253245
253245
253245
253245
253245
253245
253245
253245
253245
253245
253245
253245
253245
253245
253245
253245
253245
253245
253245
253245
253245
253245
253245
253245
253245
253245
253245
253245
253245
253245
253245
253245
253245
253245
253245
253245
253245
253245
253245
253245
253245
253245
253245
253245
253245
253245
253245
253245
253245
253245
253245
253245
253245
253245
253245
253245
253245
253245
253245
253245
253245
253245
253245
253245
253245
253245
253245
253245
253245
253245
253245
253245
253245
253245
253245
253245
253245
253245
253245
253245
253245
253245
253245
253245
253245
253245
253245
253245
253245
253245
253245
253245
253245
253245
253245
253245
253245
253245
253245
253245
253245
253245
253245
253245
253245
253245
253245
4.57552e+07
1.52748e+07
254201
9.445e+07
6.62359e+07
869999
1.36034e+07
253245
3.86493e+07
590442
253245
261270
253245
1.01834e+08
4.18479e+07
274192
7.8132e+06
253245
579832
1.09522e+07
253245
253245
253245
253245
253245
253245
253245
253245
253245
253245
253245
253245
253245
7.69379e+06
253353
253251
253246
253269
253252
253245
253258
253246
253245
253245
253245
253245
253245
253245
9.22358e+07
2.47569e+07
8.23177e+07
3.30241e+07
1.02407e+08
4.42051e+07
9.4909e+07
6.62533e+07
4.43884e+07
9.48772e+07
4.4823e+07
1.93192e+07
7.23284e+07
6.31573e+07
1.68526e+06
3.67385e+06
3.19817e+07
5.17815e+06
253327
3.51092e+07
412631
6.92402e+07
3.9849e+07
3.19936e+07
8.09179e+07
4.45994e+07
9.46924e+07
9.28296e+07
9.29852e+07
3.16208e+07
1.5973e+07
8.64117e+07
6.98451e+07
8.26476e+07
3.88802e+07
3.37097e+07
254815
4.39984e+06
3.5405e+07
428078
1.89932e+07
253976
253613
285663
253246
1.39967e+07
2.51368e+06
308564
253419
9.98324e+07
8.12947e+06
4.32032e+07
253382
2.03088e+06
1.20638e+06
2.33712e+07
3.96722e+07
3.68338e+07
1.01833e+08
1.00817e+06
253297
2.24593e+07
1.36193e+06
253246
282938
253245
264019
253245
8.40053e+06
253253
4.4306e+07
2.44626e+07
3.03766e+07
1.79735e+06
253348
2.34329e+07
428153
1.00212e+08
3.03935e+07
6.67292e+06
2.27375e+07
625631
1.10623e+06
253370
253245
253246
253245
8.2433e+06
253281
254612
253245
1.0902e+07
253256
253322
253245
253245
253254
253245
253325
254975
253245
253298
253246
253245
253245
9.12712e+07
8.9813e+07
4.49961e+07
4.20466e+07
7.87175e+07
8.18351e+07
4.59328e+07
8.24056e+07
3.31025e+07
3.16691e+07
2.26965e+07
4.12048e+07
6.27995e+07
3.67577e+07
9.72945e+07
8.6399e+07
9.5004e+07
7.49559e+07
9.38792e+07
8.84121e+07
7.95853e+07
9.32866e+07
7.58778e+07
6.54181e+07
7.86846e+07
1.00209e+08
7.92705e+07
9.20838e+07
2.67276e+06
2.68428e+06
1.37116e+07
1.16581e+07
1.35812e+07
2.18348e+06
2.17461e+06
3.77102e+07
7.98919e+07
3.70491e+07
2.43471e+07
6.62251e+07
4.21894e+07
1.93701e+07
6.6569e+07
8.03558e+07
9.37867e+07
8.07961e+07
9.6505e+07
6.99752e+07
7.97237e+07
4.18749e+07
7.36295e+07
4.2277e+07
2.46051e+07
7.70863e+07
4.10884e+07
2.16717e+07
9.28364e+07
9.1008e+07
8.4303e+07
7.27449e+07
8.31044e+07
9.57338e+07
7.23135e+07
4.39977e+07
1.96076e+07
3.87313e+07
8.28765e+07
3.73148e+07
6.78167e+07
3.93183e+07
6.60992e+07
6.96174e+07
8.34421e+07
9.51608e+07
7.84546e+07
1.04843e+08
9.25432e+07
6.66836e+07
1.5871e+07
3.56043e+07
2.26975e+07
4.22477e+07
8.30479e+07
3.68983e+07
6.53734e+07
8.27284e+07
8.0667e+07
8.37589e+07
6.80343e+07
9.777e+07
1.047e+08
9.29344e+07
4.27561e+07
8.62382e+07
9.28834e+07
4.11458e+07
7.83013e+07
4.41583e+07
8.39264e+07
9.6231e+07
9.06091e+07
9.49314e+07
7.3993e+07
8.32005e+07
9.62306e+07
9.69405e+07
6.09585e+07
7.96601e+07
7.97359e+07
7.94576e+07
1.01826e+08
9.71043e+07
9.48902e+07
4.21867e+07
9.53917e+07
4.01844e+07
7.83335e+07
8.64881e+07
4.43757e+07
9.72563e+07
8.72573e+07
9.71491e+07
7.2512e+07
8.43592e+07
9.48646e+07
8.28272e+07
8.17167e+07
4.57876e+07
9.13318e+07
8.99865e+07
4.19838e+07
7.88668e+07
4.55503e+07
3.77214e+07
3.69628e+07
6.62684e+07
7.98905e+07
2.43019e+07
4.21914e+07
3.85527e+07
9.28997e+07
8.42919e+07
9.57446e+07
9.12224e+07
7.27488e+07
8.28013e+07
9.22633e+07
8.94013e+07
6.70505e+07
7.74467e+07
9.10365e+07
7.94997e+07
7.66857e+07
9.98549e+07
1.8765e+07
1.72492e+07
3.09293e+07
4.14516e+07
3.7467e+07
2.24855e+07
1.18744e+07
3.50828e+07
2.02526e+07
4.15646e+07
1.98023e+07
1.47979e+07
3.87998e+07
2.33736e+07
8.17521e+07
6.64033e+07
7.97885e+07
9.54977e+07
7.99811e+07
1.0109e+08
9.61721e+07
4.47645e+07
1.72014e+07
2.1898e+07
8.15744e+07
3.08866e+07
3.17242e+07
6.94103e+07
9.37941e+07
9.11541e+07
3.30034e+07
2.05211e+07
8.3321e+07
3.25674e+07
8.27412e+07
8.14629e+07
7.92164e+07
6.72531e+07
6.48811e+07
9.34924e+07
9.50611e+07
1.02071e+08
2.15378e+07
3.73056e+07
1.60049e+07
6.52892e+07
2.91979e+07
8.15942e+07
3.15758e+07
8.4457e+07
9.5717e+07
7.56876e+07
9.57782e+07
7.48283e+07
9.46865e+07
8.7847e+07
8.15348e+07
3.27811e+07
3.30113e+07
9.28475e+07
2.06477e+07
8.26974e+07
3.30315e+07
9.32943e+07
8.24937e+07
9.33107e+07
7.43223e+07
9.29581e+07
8.74189e+07
7.44712e+07
8.99747e+07
8.99922e+07
3.21112e+07
2.03626e+07
8.23386e+07
3.16017e+07
7.95925e+07
7.87933e+07
3.80935e+07
2.9276e+07
2.03646e+07
4.29849e+07
3.02176e+07
6.58288e+07
9.38906e+07
7.90638e+07
9.73291e+07
9.4922e+07
7.49591e+07
9.44172e+07
8.84077e+07
8.03533e+07
6.65557e+07
9.64368e+07
9.37259e+07
8.09512e+07
1.01816e+08
7.97845e+07
9.38954e+07
3.30812e+07
3.25799e+07
9.11595e+07
2.05498e+07
8.33628e+07
3.2003e+07
6.81244e+07
1.61771e+07
3.01727e+07
7.87296e+07
2.03966e+07
4.30281e+07
3.0355e+07
1.97162e+07
1.84484e+07
3.49199e+07
4.13905e+07
2.27578e+07
3.91601e+07
1.40605e+07
3.54771e+07
2.00423e+07
4.26114e+07
1.93758e+07
2.33943e+07
1.41247e+07
3.95147e+07
1.38731e+07
2.69246e+06
2.17296e+06
2.6113e+06
1.15481e+07
1.35787e+07
2.09994e+06
6.31179e+07
9.08737e+07
7.74807e+07
7.95909e+07
8.93603e+07
7.66838e+07
6.69265e+07
4.5032e+07
4.26603e+07
7.68408e+07
2.66822e+07
7.72695e+07
4.39452e+07
2.26047e+07
2.02225e+07
3.50701e+07
4.16168e+07
1.9789e+07
3.87804e+07
1.47577e+07
3.51355e+07
3.47654e+07
3.51845e+07
7.44829e+07
2.26116e+07
7.02641e+07
1.65265e+07
3.87156e+07
3.28203e+07
3.16747e+07
8.26158e+07
2.25684e+07
6.28525e+07
4.08164e+07
1.52141e+07
5.994e+07
7.96865e+07
9.69775e+07
7.97627e+07
9.71925e+07
7.92439e+07
6.60079e+07
1.87472e+07
1.72262e+07
1.17631e+07
3.05075e+07
4.14409e+07
3.74431e+07
3.19647e+07
4.39105e+07
4.40577e+07
7.9739e+07
2.62907e+07
8.18096e+07
4.52921e+07
2.22031e+07
3.89287e+07
7.87232e+07
3.01597e+07
2.04239e+07
6.81624e+07
4.30297e+07
1.62019e+07
2.01026e+07
3.55236e+07
4.2571e+07
1.94184e+07
3.53963e+07
3.95112e+07
1.42007e+07
6.45073e+07
7.58498e+07
9.32899e+07
7.86773e+07
9.22924e+07
6.60612e+07
7.91043e+07
3.79394e+07
7.88989e+07
2.94222e+07
2.03677e+07
6.6077e+07
4.27699e+07
1.60104e+07
1.84608e+07
1.97123e+07
1.39582e+07
3.45515e+07
4.1378e+07
3.3756e+07
3.91516e+07
8.61468e+07
9.10656e+07
9.32413e+07
8.54624e+07
9.12332e+07
8.47174e+07
8.60573e+07
9.34701e+07
9.59594e+07
9.97247e+07
1.01367e+08
9.55875e+07
9.39903e+07
9.8841e+07
8.05012e+07
9.05246e+07
8.79161e+07
8.31069e+07
8.17154e+07
8.31283e+07
8.53513e+07
9.03215e+07
9.62008e+07
9.74541e+07
9.01472e+07
9.78083e+07
9.19471e+07
8.84676e+07
8.66222e+07
9.14378e+07
9.46719e+07
8.50893e+07
8.60753e+07
8.42319e+07
9.33625e+07
8.36459e+07
7.84785e+07
7.32938e+07
7.70261e+07
7.93341e+07
7.95116e+07
7.75879e+07
8.7001e+07
7.98624e+07
7.36404e+07
9.66279e+07
7.21514e+07
9.01557e+07
9.41833e+07
8.31763e+07
8.93873e+07
9.28281e+07
8.58475e+07
8.73958e+07
8.33372e+07
8.59563e+07
6.86969e+07
8.89872e+07
6.89504e+07
8.76755e+07
6.59228e+07
8.56031e+07
6.81594e+07
8.13643e+07
8.77191e+07
9.10918e+07
8.40112e+07
8.44012e+07
8.13126e+07
8.6e+07
8.63949e+07
8.82656e+07
8.68629e+07
8.8661e+07
8.85727e+07
8.57841e+07
8.89689e+07
8.86593e+07
9.70138e+07
9.28962e+07
9.97054e+07
9.14295e+07
9.00196e+07
9.62532e+07
9.36227e+07
9.59499e+07
1.0052e+08
1.00805e+08
9.65337e+07
9.88205e+07
9.33685e+07
9.08058e+07
9.33726e+07
9.75291e+07
9.96445e+07
9.69244e+07
9.17394e+07
9.23199e+07
6.82459e+07
8.29141e+07
8.69459e+07
6.80109e+07
8.09291e+07
6.5474e+07
6.81474e+07
6.78161e+07
6.73964e+07
8.2612e+07
8.53468e+07
6.49835e+07
8.05101e+07
6.7801e+07
4.72065e+07
4.36833e+07
4.68524e+07
4.40073e+07
4.75992e+07
4.70916e+07
4.44459e+07
7.10777e+07
7.96053e+07
7.9722e+07
6.86083e+07
8.05386e+07
6.99497e+07
6.94217e+07
8.94511e+07
9.64847e+07
9.5031e+07
9.469e+07
9.31956e+07
9.36377e+07
9.10534e+07
8.63933e+07
8.86588e+07
8.82634e+07
8.6855e+07
8.89771e+07
8.57787e+07
8.85782e+07
8.90616e+07
9.50214e+07
9.26284e+07
9.37857e+07
9.32317e+07
9.27496e+07
8.9041e+07
8.20528e+07
7.78869e+07
7.82531e+07
7.69431e+07
7.9692e+07
8.05393e+07
7.97836e+07
8.5976e+07
9.36951e+07
9.02358e+07
8.55247e+07
8.46356e+07
9.03644e+07
8.69217e+07
8.75185e+07
9.13249e+07
8.99212e+07
8.31496e+07
9.22276e+07
8.65105e+07
8.51273e+07
9.11825e+07
8.57149e+07
7.95182e+07
8.52689e+07
8.51632e+07
8.48867e+07
8.81806e+07
8.5657e+07
9.42436e+07
9.6602e+07
8.82898e+07
8.77286e+07
8.64459e+07
9.39627e+07
7.86039e+07
7.48803e+07
8.48059e+07
7.29853e+07
6.92863e+07
8.26382e+07
7.99386e+07
8.57998e+07
7.35305e+07
9.37781e+07
7.75652e+07
8.84431e+07
9.19089e+07
7.11805e+07
9.07833e+07
9.75125e+07
9.33537e+07
9.96759e+07
9.22943e+07
9.17365e+07
9.69452e+07
8.23901e+07
8.78677e+07
7.92931e+07
7.95399e+07
8.53314e+07
8.49037e+07
7.48204e+07
8.70574e+07
9.56723e+07
8.98203e+07
9.66271e+07
9.06248e+07
8.6483e+07
9.50717e+07
8.75115e+07
9.53415e+07
7.41807e+07
7.9222e+07
8.91839e+07
7.24081e+07
9.38585e+07
8.22914e+07
8.81857e+07
9.46312e+07
8.79373e+07
8.49971e+07
8.84739e+07
8.55051e+07
8.14937e+07
9.16759e+07
8.86381e+07
8.62443e+07
8.46728e+07
8.52849e+07
8.59414e+07
8.11108e+07
8.58051e+07
8.68506e+07
8.21375e+07
8.33683e+07
8.45999e+07
8.31673e+07
7.64718e+07
7.54276e+07
7.39206e+07
7.58125e+07
7.67741e+07
7.60416e+07
7.65312e+07
7.93241e+07
8.35602e+07
8.48318e+07
7.79755e+07
8.3766e+07
7.89733e+07
8.01913e+07
8.14945e+07
9.42002e+07
9.01955e+07
8.48254e+07
8.28912e+07
8.81456e+07
8.42316e+07
8.37206e+07
7.85283e+07
7.70465e+07
7.33141e+07
7.95451e+07
7.93513e+07
7.76356e+07
8.88468e+07
8.3274e+07
7.59774e+07
1.00444e+08
7.36792e+07
9.91735e+07
9.15276e+07
8.70323e+07
1.00799e+08
9.86373e+07
8.71092e+07
8.84732e+07
8.62505e+07
1.00088e+08
8.04022e+07
7.86408e+07
8.68611e+07
7.48156e+07
8.22339e+07
8.49981e+07
7.15592e+07
9.38737e+07
1.05565e+08
1.02597e+08
9.6184e+07
9.40677e+07
1.03306e+08
9.54957e+07
9.34827e+07
8.17007e+07
7.33078e+07
9.8963e+07
7.29609e+07
1.0021e+08
9.29282e+07
8.97045e+07
8.62091e+07
8.06747e+07
9.2432e+07
7.84984e+07
9.30113e+07
8.92225e+07
9.54312e+07
9.63873e+07
1.02809e+08
1.01022e+08
1.02544e+08
9.32315e+07
9.84406e+07
1.00135e+08
1.04688e+08
9.99347e+07
1.04696e+08
1.04661e+08
1.0271e+08
9.78992e+07
6.83488e+07
6.74352e+07
9.43207e+07
8.38298e+07
6.58538e+07
8.63526e+07
6.77237e+07
6.83148e+07
9.41447e+07
8.38132e+07
6.72939e+07
6.76341e+07
6.56574e+07
8.63332e+07
4.61262e+07
4.31412e+07
4.60708e+07
4.29622e+07
4.6906e+07
4.70546e+07
4.27177e+07
7.09957e+07
8.02826e+07
8.02483e+07
6.80709e+07
6.97593e+07
8.32317e+07
6.99679e+07
9.57633e+07
9.11594e+07
8.6885e+07
9.08592e+07
9.27302e+07
9.2792e+07
9.08492e+07
8.83981e+07
9.63269e+07
9.43016e+07
8.57473e+07
9.66564e+07
8.61584e+07
8.64232e+07
9.17882e+07
9.41604e+07
9.26689e+07
9.26814e+07
9.60472e+07
9.60616e+07
8.90322e+07
9.02946e+07
9.61962e+07
9.02853e+07
9.74167e+07
8.84029e+07
9.78132e+07
9.19779e+07
8.0974e+07
7.72641e+07
7.50373e+07
7.72601e+07
7.78638e+07
7.78623e+07
7.97122e+07
8.45727e+07
8.52095e+07
8.53653e+07
7.91689e+07
8.17386e+07
8.78523e+07
8.18232e+07
8.84048e+07
9.42938e+07
9.63247e+07
8.57519e+07
8.617e+07
9.66378e+07
8.64282e+07
8.99072e+07
9.94154e+07
9.8158e+07
9.58885e+07
8.93124e+07
9.54136e+07
9.67172e+07
8.29625e+07
7.73229e+07
8.88468e+07
8.13166e+07
8.52045e+07
8.81075e+07
7.25111e+07
8.68533e+07
7.28147e+07
7.78883e+07
9.49322e+07
8.92876e+07
9.31776e+07
7.03362e+07
9.36948e+07
1.00528e+08
9.59483e+07
1.00803e+08
9.34348e+07
9.65524e+07
9.88143e+07
7.11148e+07
8.71628e+07
9.70209e+07
6.89528e+07
6.66243e+07
9.14769e+07
6.87062e+07
7.13601e+07
6.91049e+07
8.76342e+07
9.74498e+07
6.88677e+07
9.1767e+07
6.70974e+07
4.5896e+07
4.19889e+07
4.46846e+07
4.22058e+07
4.59684e+07
4.59842e+07
4.18841e+07
7.26585e+07
8.19793e+07
8.2238e+07
6.68199e+07
6.9536e+07
8.77774e+07
6.93547e+07
9.31691e+07
9.46223e+07
9.78439e+07
9.93004e+07
9.85685e+07
9.80763e+07
9.07711e+07
8.98016e+07
9.00561e+07
9.00662e+07
9.02129e+07
9.29006e+07
8.69179e+07
9.29029e+07
9.31269e+07
9.7679e+07
9.45957e+07
9.9261e+07
9.05448e+07
9.80517e+07
9.84989e+07
8.00717e+07
7.63416e+07
7.38707e+07
7.63395e+07
7.79098e+07
7.78734e+07
7.80859e+07
8.74082e+07
8.87058e+07
8.87727e+07
7.94163e+07
8.3437e+07
9.37164e+07
8.35726e+07
8.6603e+07
9.46549e+07
9.1402e+07
8.50849e+07
9.33169e+07
8.60226e+07
8.42211e+07
9.79763e+07
9.31705e+07
8.48212e+07
9.32279e+07
9.25504e+07
9.61272e+07
9.2435e+07
6.8346e+07
8.68767e+07
6.78881e+07
8.30419e+07
6.53538e+07
6.81398e+07
8.10194e+07
6.80101e+07
8.55654e+07
8.28998e+07
6.71488e+07
6.76739e+07
6.51478e+07
8.07208e+07
4.73882e+07
4.39301e+07
4.70715e+07
4.34292e+07
4.76478e+07
4.70235e+07
4.45299e+07
7.1505e+07
7.97547e+07
7.9947e+07
6.91888e+07
7.026e+07
6.96572e+07
8.07486e+07
8.22414e+07
8.79321e+07
9.45837e+07
8.81642e+07
8.84619e+07
8.54612e+07
8.49722e+07
8.11255e+07
8.21381e+07
8.68535e+07
8.58124e+07
8.46112e+07
8.31813e+07
8.33718e+07
8.15033e+07
9.42127e+07
9.02096e+07
8.48271e+07
8.81457e+07
8.42519e+07
8.28947e+07
8.13831e+07
8.62903e+07
8.87771e+07
9.15913e+07
8.52082e+07
8.46719e+07
8.58654e+07
7.64745e+07
7.58164e+07
7.39202e+07
7.54197e+07
7.60505e+07
7.65188e+07
7.67714e+07
7.92819e+07
8.33973e+07
8.47584e+07
7.81123e+07
7.9039e+07
8.02613e+07
8.37077e+07
8.05167e+07
8.79397e+07
9.05849e+07
8.31022e+07
8.31309e+07
8.54028e+07
8.17157e+07
7.59226e+07
7.35642e+07
7.64989e+07
8.4862e+07
6.89546e+07
7.93148e+07
8.14729e+07
8.09835e+07
8.35822e+07
9.44227e+07
9.29413e+07
9.21057e+07
8.13061e+07
8.41602e+07
8.22928e+07
7.32344e+07
7.71713e+07
9.39177e+07
9.07954e+07
6.89903e+07
8.67603e+07
8.86225e+07
9.29284e+07
9.70506e+07
9.96772e+07
9.61847e+07
9.00455e+07
9.14045e+07
8.57465e+07
7.46555e+07
7.88528e+07
9.64204e+07
7.07101e+07
8.95424e+07
9.34807e+07
8.56168e+07
9.78861e+07
9.64689e+07
9.03162e+07
9.03623e+07
8.63394e+07
9.49219e+07
8.09284e+07
7.89298e+07
8.7e+07
7.90814e+07
8.46114e+07
8.45028e+07
7.32571e+07
9.2162e+07
1.01137e+08
9.96074e+07
9.48616e+07
9.41711e+07
9.33503e+07
9.88709e+07
6.85168e+07
8.8988e+07
6.80996e+07
9.12322e+07
8.84669e+07
6.63448e+07
6.78219e+07
6.7932e+07
6.58464e+07
8.65799e+07
8.96035e+07
8.70647e+07
6.65184e+07
6.47574e+07
4.65474e+07
2.19695e+07
4.28542e+07
2.20054e+07
4.49399e+07
4.4776e+07
2.32499e+07
7.07161e+07
8.56726e+07
8.47395e+07
6.7705e+07
8.75687e+07
6.92678e+07
6.89151e+07
8.12065e+07
7.7049e+07
7.68015e+07
8.67708e+07
7.18706e+07
8.46042e+07
8.16051e+07
8.60424e+07
9.89495e+07
8.86695e+07
9.58343e+07
9.56766e+07
8.64629e+07
8.84901e+07
9.17478e+07
1.01898e+08
9.48814e+07
9.91719e+07
9.37462e+07
9.89992e+07
9.24848e+07
8.19381e+07
8.6582e+07
8.29853e+07
8.65672e+07
8.44947e+07
8.34407e+07
8.44578e+07
8.5595e+07
9.4811e+07
9.13538e+07
9.33328e+07
8.97224e+07
9.01032e+07
8.89855e+07
8.64622e+07
7.57531e+07
8.28584e+07
8.28855e+07
8.08211e+07
8.08383e+07
8.44083e+07
8.55523e+07
9.14221e+07
9.48332e+07
9.33463e+07
8.89944e+07
8.97349e+07
9.01073e+07
8.01114e+07
7.81492e+07
7.81488e+07
7.68437e+07
7.95121e+07
7.89407e+07
7.95107e+07
8.31909e+07
8.93932e+07
9.2786e+07
8.58444e+07
8.59383e+07
8.33294e+07
8.73664e+07
8.46435e+07
9.03224e+07
9.02735e+07
8.26602e+07
8.47626e+07
9.02737e+07
8.47613e+07
6.87351e+07
8.90341e+07
8.77643e+07
6.8916e+07
6.82008e+07
6.59507e+07
8.56695e+07
4.79063e+07
2.27816e+07
4.29607e+07
2.27342e+07
4.6253e+07
4.62456e+07
2.39347e+07
7.12017e+07
8.53956e+07
8.53898e+07
6.7014e+07
6.97893e+07
8.65981e+07
6.96689e+07
8.39882e+07
9.2803e+07
9.05283e+07
9.02463e+07
8.88023e+07
8.80489e+07
8.6916e+07
8.04183e+07
8.49567e+07
8.49449e+07
8.11313e+07
8.31135e+07
8.20961e+07
8.31308e+07
8.399e+07
9.27948e+07
9.0615e+07
9.01976e+07
8.68904e+07
8.80487e+07
8.87802e+07
7.82647e+07
7.6494e+07
7.64921e+07
7.69533e+07
7.87877e+07
7.66191e+07
7.8793e+07
8.13743e+07
9.10695e+07
8.77193e+07
8.40099e+07
8.60103e+07
8.13252e+07
8.44141e+07
8.2508e+07
8.8004e+07
8.8079e+07
8.23529e+07
8.32854e+07
8.72589e+07
8.32985e+07
8.52338e+07
8.14121e+07
7.3261e+07
8.14682e+07
7.9781e+07
8.30329e+07
7.97199e+07
6.4961e+07
8.45296e+07
6.54963e+07
8.7464e+07
8.25251e+07
6.35804e+07
6.53801e+07
6.49007e+07
6.54559e+07
8.44235e+07
8.75172e+07
6.53226e+07
8.2517e+07
6.35624e+07
4.48791e+07
2.19521e+07
4.23053e+07
2.18821e+07
2.27531e+07
4.41839e+07
4.41834e+07
6.70804e+07
8.2854e+07
8.27802e+07
6.65857e+07
6.71244e+07
8.27936e+07
6.73167e+07
8.59896e+07
9.02351e+07
9.36836e+07
8.55224e+07
9.03298e+07
8.46353e+07
8.6945e+07
9.11674e+07
7.93242e+07
8.55546e+07
8.52418e+07
8.49552e+07
8.51583e+07
8.81978e+07
8.94272e+07
9.64935e+07
9.47165e+07
9.50315e+07
9.32106e+07
9.10222e+07
9.36537e+07
8.90725e+07
9.37172e+07
9.50122e+07
9.26147e+07
8.90623e+07
9.32109e+07
9.27263e+07
8.20576e+07
7.82604e+07
7.78953e+07
7.69482e+07
7.97015e+07
8.05409e+07
7.9793e+07
8.61481e+07
9.10471e+07
9.3206e+07
8.54619e+07
8.47219e+07
8.60577e+07
9.12158e+07
8.75226e+07
9.12985e+07
8.99234e+07
8.31496e+07
8.65096e+07
8.5139e+07
9.22256e+07
8.23825e+07
7.91867e+07
7.92692e+07
8.7847e+07
7.42869e+07
8.48961e+07
8.53034e+07
8.70859e+07
8.97572e+07
9.56406e+07
9.66464e+07
9.51546e+07
9.05712e+07
8.6531e+07
8.7621e+07
7.4231e+07
9.55242e+07
7.94201e+07
9.40754e+07
8.92407e+07
7.25044e+07
9.34904e+07
9.59451e+07
9.96874e+07
1.01422e+08
9.89192e+07
9.40075e+07
9.55679e+07
6.85496e+07
9.1265e+07
6.81035e+07
8.90507e+07
6.63726e+07
6.78232e+07
8.84901e+07
6.7905e+07
8.96179e+07
8.65497e+07
6.5855e+07
6.65479e+07
8.70875e+07
6.4732e+07
4.64774e+07
2.20035e+07
4.28269e+07
2.19894e+07
4.48809e+07
4.47491e+07
2.32562e+07
7.07386e+07
8.56765e+07
8.4732e+07
6.76482e+07
6.92768e+07
6.89344e+07
8.75393e+07
8.10539e+07
9.29884e+07
8.3532e+07
9.43615e+07
8.12758e+07
8.42182e+07
9.21642e+07
7.59596e+07
8.48417e+07
7.3596e+07
7.62419e+07
8.14874e+07
7.93058e+07
6.85188e+07
8.24377e+07
9.40253e+07
7.73629e+07
7.32789e+07
8.68378e+07
6.91007e+07
9.10108e+07
8.25857e+07
8.88088e+07
8.13709e+07
7.69988e+07
8.80811e+07
7.19024e+07
8.52159e+07
8.91942e+07
9.80485e+07
9.57765e+07
9.94729e+07
9.53304e+07
9.67289e+07
8.89138e+07
8.67446e+07
9.49432e+07
7.78937e+07
7.27769e+07
9.32337e+07
7.02372e+07
8.92158e+07
7.83676e+07
8.48052e+07
7.2948e+07
7.46756e+07
6.87751e+07
7.99591e+07
8.26405e+07
8.53279e+07
9.42338e+07
8.82416e+07
9.65964e+07
9.39257e+07
8.77167e+07
8.62118e+07
8.5777e+07
9.374e+07
7.34903e+07
7.7519e+07
9.18354e+07
8.84256e+07
7.11468e+07
1.59288e+07
3.36579e+06
9.23618e+06
7.61443e+06
2.2073e+07
420187
1.38408e+06
2.04123e+07
6.3081e+06
1.08633e+07
8.85833e+06
2.41935e+07
634186
1.77187e+06
5.34022e+06
4.92727e+06
1.76744e+07
1.76071e+07
1.70485e+07
3.52323e+07
4.91461e+06
2.37168e+07
2.34706e+07
2.33009e+07
1.21482e+06
4.37812e+07
8.06569e+06
8.79616e+06
414383
4.09905e+06
9.15447e+06
7.52625e+06
3.29155e+06
1.57053e+07
2.17399e+07
6.95561e+06
2.41534e+07
1.95502e+07
1.06868e+06
4.59499e+07
6.70984e+06
8.59932e+06
1.10983e+06
2.35736e+07
8.71084e+06
2.35312e+07
1.87929e+07
4.35506e+07
6.68376e+06
1.75281e+06
6.26071e+06
1.08081e+07
8.80937e+06
4.78127e+06
2.02142e+07
2.39557e+07
2.09971e+07
1.20698e+07
681564
9.90844e+06
5.22909e+06
2.57968e+07
6.68338e+06
2.06293e+07
1.13252e+07
584099
9.29388e+06
2.56194e+07
4.71865e+06
6.10656e+06
253937
253259
253245
253245
253245
360922
253249
286085
1.39589e+06
8.54859e+06
4.58971e+06
839106
2.5161e+06
379512
1.55044e+07
367267
3.29869e+06
7.3565e+06
8.17308e+06
2.26841e+07
1.01093e+06
1.89814e+07
8.3484e+06
9.20464e+06
471036
4.56966e+06
2.40891e+07
1.20537e+06
448732
4.43104e+06
1.90621e+07
8.18723e+06
7.88497e+06
2.43917e+07
1.10837e+06
4.29789e+06
8.12944e+06
7.82438e+06
426122
4.24067e+06
2.44946e+07
1.06324e+06
2.50167e+06
1.39173e+06
8.51745e+06
4.58483e+06
1.0915e+07
379638
834947
8.69079e+06
282926
848966
1.34807e+06
4.54248e+06
1.09215e+07
383085
8.33814e+06
1.89606e+07
9.22113e+06
471069
2.40766e+07
4.55775e+06
5.18783e+06
365558
7.33527e+06
3.25721e+06
1.53523e+07
8.12978e+06
2.25644e+07
3.64757e+06
1.07125e+06
8.17527e+06
1.9048e+07
7.86441e+06
2.45338e+07
4.27626e+06
4.32295e+06
8.17498e+06
446931
4.3893e+06
1.89422e+07
7.87336e+06
2.43301e+07
4.3937e+06
284305
8.68318e+06
1.36214e+06
4.57084e+06
848831
2.52193e+06
375649
253246
254303
253375
253245
253245
253245
253245
254366
253250
258116
253245
253245
253245
253245
271181
4.1128e+06
3.99331e+06
854949
1.67252e+06
385800
384726
271162
385068
853688
371901
4.01294e+06
4.11771e+06
7.68972e+06
289050
438884
960747
4.73808e+06
5.0762e+06
2.35045e+06
8.40543e+06
912585
278528
399407
4.44727e+06
4.70247e+06
8.19248e+06
2.09691e+06
4.73495e+06
958980
415429
288850
5.07246e+06
2.33857e+06
439124
920386
4.4834e+06
401586
281345
4.73581e+06
429072
2.13658e+06
397869
280257
2.15028e+06
412338
4.40922e+06
4.37024e+06
7.82823e+06
279853
4.40257e+06
867188
4.36289e+06
411961
2.12972e+06
397299
253276
253245
253245
253245
253245
253245
253245
635753
539781
5.04193e+06
256387
522223
257439
253299
260515
267012
853442
7.78803e+06
1.23238e+06
264557
253371
308366
308824
253436
253526
293400
253611
281949
7.82338e+06
268151
264971
261585
875772
991214
1.24225e+06
257337
258136
629499
256222
513066
4.97832e+06
535585
259604
7.54632e+06
265032
262385
777100
857781
1.11712e+06
266936
264359
1.22396e+06
260421
840240
7.73491e+06
907501
253250
253245
253245
253245
253245
253245
253245
253888
258604
839987
254642
253358
253257
267493
255554
471778
1.61793e+06
253497
253272
255584
276493
288300
737137
2.08636e+06
253617
253300
258372
288650
255354
254875
3.50276e+06
261259
310270
551111
253292
267073
253257
254593
253861
830713
330520
258107
253607
281193
253430
304760
253494
289145
253583
254545
256841
253448
1.20927e+06
453216
263114
253274
558354
253288
260436
254986
3.36646e+06
308178
560305
417211
260154
1.04092e+06
256349
253415
274239
253269
253253
253245
253245
253245
253245
253245
253245
253245
253245
253245
253245
253245
253245
253245
327853
253253
253765
253308
257341
771563
261295
253757
254189
253308
769818
326365
257336
253253
254186
253400
256129
1.07839e+06
261316
400714
253265
256271
253399
273803
254386
1.03398e+06
260059
412039
262604
253315
254070
875254
254799
382928
258137
258750
253259
254195
919080
255021
397330
264023
253258
258145
253315
254082
385401
876492
262628
257848
253256
253310
846648
254602
367786
261915
253327
918290
258745
254191
255020
396442
253259
253256
262020
253311
853084
257899
253992
370472
254505
253295
260854
253881
757331
362312
256500
261316
254658
253255
253940
772365
369382
256645
368998
254662
773724
261343
256659
253298
253255
253867
750345
254495
260749
256520
253294
253254
253245
253245
253245
253245
253245
253245
253246
253441
265196
253271
253250
257277
253948
253246
253245
253245
253245
253245
253245
253245
253245
253246
253251
253279
253375
258014
254116
254113
253246
253279
253252
253428
258086
254272
254175
253439
265182
253270
253250
253951
253326
257246
257293
253270
253246
264357
253250
253975
253320
253425
264590
253270
253250
257294
253926
253246
253286
253254
253247
259126
254315
253482
254465
253483
254464
259137
253253
253254
253286
253247
254114
258018
254045
253251
253251
253279
253246
254179
253430
254274
253252
253253
253279
253246
253252
253253
253246
258570
254188
253425
254375
258490
253416
254175
253252
253253
253281
253246
253296
253308
258122
253245
253246
253296
253246
253245
253277
257943
253245
253328
253246
253246
253403
253373
267937
253245
253246
253374
253247
253245
253245
253280
253261
253271
255253
253245
253245
253246
253326
253245
253277
253300
257818
253280
253245
253332
253308
258274
253246
253246
253245
253246
253341
253298
253245
253276
258274
258275
253299
253246
253342
253246
253245
253245
255321
253245
253261
253281
253245
253245
253246
253288
253248
253542
253245
253245
253249
253246
253447
253245
253265
253245
253245
253248
253245
253293
253245
253245
253272
253311
257128
253246
253245
253255
253247
253245
253546
253245
253245
253245
253246
253292
253272
253331
257732
253246
253256
253245
253245
253256
253247
253547
253245
3.24726e+06
253382
256383
1.8676e+07
7.94355e+07
912180
2.18441e+07
3.71829e+07
9.7796e+07
678318
477155
2.32053e+07
3.72337e+07
1.20927e+06
9.25307e+07
2.26192e+07
424638
1.35593e+07
253251
253580
286351
253246
1.41036e+07
253455
3.9082e+07
7.94321e+07
4.06668e+07
3.86908e+07
2.27533e+07
3.98539e+07
1.82073e+07
3.17781e+07
1.65917e+07
1.81466e+07
4.13535e+07
1.13774e+07
3.83455e+07
3.20398e+07
8.34192e+07
3.32803e+07
6.71629e+07
3.55588e+07
2.26905e+07
4.20178e+07
1.59207e+07
1.02855e+08
1.04719e+08
8.3784e+07
6.45144e+07
8.06875e+07
8.26579e+07
6.78104e+07
3.57216e+07
1.948e+07
2.02101e+07
4.28021e+07
1.46074e+07
4.04587e+07
3.56326e+07
6.77918e+07
3.92162e+07
8.28112e+07
3.87337e+07
2.47287e+07
4.40615e+07
1.95741e+07
9.52091e+07
7.84835e+07
1.0484e+08
6.60672e+07
8.35028e+07
8.23447e+07
6.95363e+07
4.28272e+07
7.72615e+07
2.67362e+07
4.48263e+07
7.6821e+07
4.30423e+07
4.43058e+07
2.69269e+06
1.39594e+07
2.58145e+06
1.14623e+07
1.38243e+07
2.06833e+06
2.18037e+06
2.27454e+06
1.41592e+07
2.85866e+06
2.87773e+06
1.1989e+07
1.41434e+07
2.26821e+06
9.52081e+07
9.64678e+07
1.00997e+08
1.0284e+08
9.32514e+07
1.02513e+08
9.83989e+07
1.00111e+08
1.04713e+08
9.99501e+07
1.04684e+08
1.04653e+08
9.78855e+07
1.02705e+08
8.92415e+07
8.59255e+07
9.242e+07
8.02995e+07
7.76887e+07
8.92255e+07
9.29939e+07
9.34128e+07
9.89508e+07
8.16341e+07
7.32389e+07
7.28331e+07
1.00161e+08
9.29003e+07
8.70396e+07
8.70896e+07
9.85751e+07
1.00835e+08
1.00074e+08
8.62568e+07
8.84629e+07
8.03952e+07
7.48288e+07
8.68391e+07
7.84253e+07
7.11548e+07
8.49833e+07
8.22182e+07
9.3865e+07
1.02604e+08
9.61728e+07
1.05534e+08
1.03308e+08
9.54768e+07
9.40587e+07
8.88187e+07
1.00461e+08
8.32927e+07
7.59282e+07
9.9179e+07
7.36326e+07
9.14951e+07
425627
7.06204e+06
1.25432e+06
1.66134e+07
8.91209e+06
2.16178e+07
4.43903e+06
4.02939e+07
5.46767e+06
1.98331e+07
1.98048e+07
677329
6.18786e+06
5.47544e+06
5.16282e+06
2.0148e+06
9.71048e+06
6.68148e+06
1.20215e+07
2.10504e+07
2.57857e+07
8.78493e+06
8.03828e+06
2.34655e+07
2.32573e+07
4.37648e+07
2.36789e+07
8.10788e+06
349721
6.95301e+06
3.07538e+06
1.58779e+07
7.9098e+06
2.28118e+07
3.60741e+06
1.21827e+06
4.56459e+06
8.33384e+06
1.93036e+07
9.36341e+06
2.48474e+07
5.2723e+06
5.22079e+06
290749
2.78659e+06
1.46861e+06
9.00846e+06
1.15898e+07
879109
2.59149e+06
424470
5.10617e+06
8.67083e+06
891376
1.5045e+06
1.16692e+07
261785
265475
882463
268276
1.24879e+06
7.89761e+06
1.00854e+06
253299
512674
257548
5.42285e+06
258725
712427
574538
308989
303543
253430
253491
288329
253608
281325
253668
284828
317749
319033
253546
296975
253669
254209
253246
253464
266320
253272
253334
257568
253443
253251
254220
253273
257778
267027
253339
253245
253245
253245
253245
253245
253245
253245
253245
253245
253245
253245
253245
253245
253245
253245
253245
253245
253245
253245
253245
253245
253245
253245
253245
253245
253245
253245
253245
253245
253245
253245
253245
253245
253245
253245
253245
253245
253245
253245
253245
253245
253245
253245
253245
253245
253245
253248
253245
253266
253247
253245
253451
253249
253245
253246
253288
253248
253546
253245
253245
253246
253245
253323
253246
253259
253245
253246
253245
253245
253245
253245
253253
253293
253245
253245
253245
253254
253246
253308
253245
253293
253246
253245
253245
253245
253245
253245
253257
253245
253246
253245
253318
253246
253245
253249
253245
253274
253245
253245
253245
253245
253279
253246
253251
253245
253245
253245
253245
253250
253245
253266
253245
253245
253245
253245
253245
253245
253245
253249
253246
253274
253245
253245
253245
253245
253245
253245
253250
253281
253245
253245
253246
253245
253245
253251
253279
253245
253245
253245
253246
253284
253252
253245
253245
253245
253245
253252
253246
253296
253245
253245
253246
253245
253245
253245
253277
253250
253245
253245
253245
253249
253245
253265
253245
253245
253245
253245
253250
253245
253266
253245
253245
253246
253323
253246
253245
253245
253245
253246
253257
253317
253246
253245
253245
253245
253245
253245
253265
253245
253245
253245
253245
253284
253245
253252
253245
253245
253245
253245
253277
253245
253246
253245
253245
253245
253245
253282
253246
253245
253245
253245
253245
253245
253245
253245
253246
253245
253245
253245
253245
253245
253245
253246
253245
253245
253245
253245
253245
253245
253245
253245
253245
253245
253245
253246
253245
253245
253245
253245
253245
253245
253245
253245
253245
253245
253245
253245
253245
253245
253245
253245
253245
253245
253245
253245
253245
253245
253245
253245
253246
253245
253245
253245
253245
253245
253245
253245
253245
253245
253245
253245
253245
253245
253245
253245
253245
253245
253245
253245
253245
253245
253245
253245
253245
253245
253245
253245
253245
253245
253245
253245
253245
253245
253245
253245
253245
253245
253245
253245
253245
253245
253245
253245
253245
253245
253245
253245
253245
253245
253245
253245
253245
253245
253245
253245
253245
253245
253245
253245
253245
253245
253245
253245
253245
253245
253245
253245
253245
253245
253245
253245
253245
253245
253245
253245
253245
253245
253245
253245
253245
253245
253245
253245
253245
253245
253245
253245
253245
253245
253245
253245
253245
253245
253245
253245
253245
253245
253245
253245
253245
253245
253245
253245
253245
253245
253245
253245
253245
253245
253245
253245
253245
253245
253245
253245
253245
253245
253245
253245
253245
253245
253245
253245
253245
253245
253245
253245
253245
253245
253245
253245
253245
253245
253245
253245
253245
253245
253245
253245
253245
253245
253245
253245
253245
253245
253245
253245
253245
253245
253245
253245
253245
253245
253245
253245
253245
)
;

boundaryField
{
    ground
    {
        type            calculated;
        value           nonuniform List<scalar> 
261
(
253245
536821
253245
253245
253245
253245
253245
253246
253245
253245
253245
253245
253245
253245
253245
253245
253245
253245
253245
253245
253245
253245
253245
253245
253245
253245
253245
253245
253245
253245
253245
253245
253245
253245
253245
253245
253245
253245
253245
253245
253245
253245
253245
253245
253245
253245
253245
253245
253245
253245
253245
253245
253245
253245
253245
253245
253245
253245
253245
253245
253245
253245
253245
253245
253245
253245
253245
253245
253245
253245
253245
1.38117e+07
2.2118e+07
4.90877e+06
7.5974e+06
253246
253245
2.35217e+07
261263
253245
253245
253245
253245
1.68582e+07
2.20216e+07
2.17671e+07
2.14764e+07
1.32801e+07
1.66055e+07
3.51109e+06
253253
253259
253382
1.18867e+06
2.4699e+07
253245
253245
264008
996021
253297
4.66082e+06
1.8245e+07
2.40183e+07
2.45885e+07
1.95015e+07
2.18759e+07
2.55467e+07
1.8023e+07
1.32237e+07
2.33548e+07
2.73175e+07
2.53814e+07
1.98335e+07
1.95599e+07
2.22617e+07
2.57096e+07
2.50949e+07
2.1739e+07
1.93635e+07
2.43714e+07
2.15107e+07
1.92675e+07
1.81325e+07
2.35264e+07
2.33668e+07
2.69811e+07
2.46249e+07
1.93863e+07
2.70691e+07
1.6649e+07
1.94297e+07
2.10292e+07
2.21619e+07
2.105e+07
2.11631e+07
2.21883e+07
2.11805e+07
2.08446e+07
2.21219e+07
2.07997e+07
2.07729e+07
2.17809e+07
2.08173e+07
1.19676e+06
7.54154e+06
1.98397e+07
1.47146e+07
4.64856e+06
586655
8.41406e+06
1.18765e+06
469359
366610
998689
7.48962e+06
8.43014e+06
4.91768e+06
469393
364921
3.48678e+06
7.4504e+06
253245
253245
253245
258181
253299
256386
261578
979271
268129
258133
532703
256221
253245
253245
253245
253308
253253
254189
253308
261289
254200
255021
264012
253327
255020
253259
253327
253245
253246
253308
253245
253245
253308
253271
253245
253245
253272
253246
253245
253299
1.2007e+06
5.16401e+06
2.42186e+07
902436
2.5303e+07
7.5173e+06
253382
1.82487e+07
1.38603e+07
2.48071e+07
2.7234e+07
1.68276e+07
1.98152e+07
1.61367e+07
5.17113e+06
672171
1.19136e+06
7.57667e+06
1.97981e+07
8.56558e+06
4.99438e+06
475433
349227
3.44927e+06
7.26383e+06
258721
571249
256382
261778
996063
268253
253245
253245
253246
253245
253245
253245
253245
253245
253246
253245
253245
253245
253245
253245
253245
253245
253245
253245
253245
253245
253245
253245
253245
253245
253245
253245
253245
253245
253245
)
;
    }
    outlet
    {
        type            calculated;
        value           nonuniform List<scalar> 0();
    }
    wall
    {
        type            calculated;
        value           nonuniform List<scalar> 0();
    }
    wall2
    {
        type            calculated;
        value           nonuniform List<scalar> 
331
(
253245
253245
253245
253245
253245
253245
253245
253245
253245
253245
253245
253245
253245
253245
253245
253245
253245
253245
253245
253245
253245
253245
253245
253245
253245
253245
253245
253245
253245
253245
253245
253245
253245
253245
253245
253245
253245
253245
253245
253245
253245
253245
253245
253245
253245
253245
253245
253245
253245
253245
253245
253245
253245
253245
253245
253245
253245
253245
253245
253245
253245
253245
253245
253245
253245
253245
253245
253245
253245
253245
253245
253245
253245
253245
253245
253245
253245
253245
253245
253245
253245
253245
253245
253245
253245
253245
253245
253245
253245
253245
253245
253245
253245
253245
253245
253245
253245
253245
253245
253245
253245
253245
253245
253245
253245
253245
253245
253245
253245
253245
253245
253245
253245
253245
253245
253245
253245
253245
253245
253245
253245
253245
253245
253245
253245
253245
253245
253245
253245
253245
253245
253245
253245
253245
253245
253245
253245
253245
253245
253245
253245
253245
253245
253245
253245
253245
253245
253245
253245
253245
253245
253245
253245
253245
253245
253245
253245
253245
253245
253245
253245
253245
253245
253245
253245
253245
253245
253245
253245
253245
253245
253245
253245
253245
253245
253245
253245
253245
253245
253245
253245
253245
253245
253245
253245
253245
253245
253245
253245
253245
253245
253245
253245
253245
253245
253245
253245
253245
253245
253245
253245
253245
253245
253245
253245
253245
253245
253245
253245
253245
253245
253245
253245
253245
253245
253245
253245
253245
253245
253245
253245
253245
253245
253245
253245
253245
253245
253245
253245
253245
253245
253245
253245
253245
253245
253245
253245
253245
253245
253245
253245
253245
253245
253245
253245
253245
253245
253245
253245
253245
253245
253245
253245
253245
253245
253245
253245
253245
253245
253245
253245
253245
253245
253245
253245
253245
253245
253245
253245
253245
253245
253245
253245
253245
253245
253245
253245
253245
253245
253245
253245
253245
253245
253245
253245
253245
253245
253245
253245
253245
253245
253245
253245
253245
253245
253245
253245
253245
253245
253245
253245
253245
253245
253245
253245
253245
253245
253245
253245
253245
253245
253245
253245
253245
253245
253245
253245
253245
253245
253245
253245
253245
253245
253245
253245
253245
253245
253245
253245
253245
253245
)
;
    }
    wall3
    {
        type            calculated;
        value           nonuniform List<scalar> 0();
    }
    internalPatch
    {
        type            internal;
    }
    procBoundary5to0
    {
        type            processor;
        value           nonuniform List<scalar> 
249
(
253245
253245
253245
253245
253245
253245
253245
253245
253245
253245
253245
253245
253245
253245
253245
253245
253245
253245
253308
261594
989504
989504
268115
253413
253247
253246
253309
255039
263824
259677
254010
253271
253245
253280
254790
264982
737273
3.59606e+06
7.01623e+06
7.86508e+06
4.78296e+06
1.17061e+06
279714
301223
2.38957e+06
1.21877e+07
2.61022e+07
2.61022e+07
2.5311e+07
2.04817e+07
7.48212e+06
855853
257722
547880
3.48365e+06
9.01466e+06
1.16197e+07
1.49972e+06
266714
253335
253248
253248
253246
253245
253245
253245
253245
253245
253245
253245
253245
253245
253245
253245
253245
253245
253245
253245
253245
253245
253245
253245
253245
253245
253245
253245
253245
253245
253245
253245
253245
253245
253245
253245
253245
253245
253245
253245
253245
253280
258317
881832
7.84759e+06
7.84759e+06
1.24653e+06
268524
253382
253335
258303
394463
894920
678561
311673
255089
323274
1.45463e+06
3.63849e+06
4.46196e+06
2.24319e+06
446650
256785
259129
799456
6.73009e+06
2.11303e+07
2.11303e+07
5.28319e+06
1.00238e+07
9.21352e+06
4.65382e+06
772460
259608
253291
253245
253273
255151
309635
881741
257580
253272
253246
253247
253247
253247
253248
253246
253246
253245
253245
253245
253245
253245
253245
253245
253245
253245
253245
253245
253245
253245
253245
253245
253245
253245
253245
253245
253245
253245
253245
253245
253245
253245
253245
253245
253245
253245
253245
253245
253245
253245
253245
253245
253245
253245
253311
253255
254554
452697
1.23999e+06
1.0663e+06
397056
257108
253293
253245
253245
253245
253245
253245
253255
253543
253247
253245
253245
253246
253248
253247
253247
253248
253246
253246
253247
253248
253246
253245
253245
253246
253248
253247
253245
253245
253245
253245
253245
253245
253245
253245
253245
253245
253245
253245
253245
253245
253245
253245
253245
253245
253245
253245
253245
253245
253245
253245
253245
253294
260357
263579
254245
253272
253252
)
;
    }
    procBoundary5to1
    {
        type            processor;
        value           nonuniform List<scalar> 
335
(
253245
253245
253245
253245
253245
253245
253245
253245
253245
253245
253245
253245
253247
253273
253339
267078
1.5044e+06
1.15827e+07
3.15554e+07
3.17032e+07
3.08398e+07
1.94995e+07
6.67696e+06
2.40535e+07
4.37167e+07
4.44257e+07
4.44257e+07
2.63182e+07
1.13951e+07
1.81855e+06
9.33517e+06
1.93054e+07
2.32651e+07
2.2943e+07
1.81975e+07
8.17324e+06
1.44978e+06
275845
255840
253300
253246
253311
258749
575878
3.61881e+06
7.94907e+06
9.38451e+06
5.2838e+06
1.01038e+06
268350
253413
253247
253245
253245
253245
253245
253245
253245
253245
253245
253245
253245
253245
253245
253245
253245
253245
253245
253245
253245
253245
253245
253245
253245
253245
253245
253245
253245
253245
253250
253274
253273
253250
253255
253530
257695
881491
8.61444e+06
2.91389e+07
6.53311e+07
8.1698e+07
8.1698e+07
8.14789e+07
8.14789e+07
6.90611e+07
4.56949e+07
8.13582e+07
7.97701e+07
7.97701e+07
7.97701e+07
4.52901e+07
2.56141e+07
3.51461e+07
4.22587e+07
4.20578e+07
3.33171e+07
2.30035e+07
9.57728e+06
1.50952e+06
496191
258941
716666
5.4665e+06
1.59771e+07
2.29282e+07
2.48748e+07
1.93298e+07
7.91699e+06
1.2519e+06
268514
253380
253246
253245
253245
253245
253245
253245
253245
253245
253245
253245
253245
253245
253245
253245
253245
253245
253245
253245
253245
253245
253245
253246
253277
254063
258035
257861
253987
255031
305348
3.20978e+06
1.76697e+07
3.99741e+07
7.39632e+07
9.35529e+07
9.35529e+07
8.86267e+07
8.1698e+07
8.1698e+07
8.14789e+07
8.14789e+07
9.03082e+07
9.55582e+07
9.55582e+07
9.55582e+07
7.93701e+07
7.97701e+07
7.97701e+07
7.99772e+07
7.99772e+07
7.93029e+07
6.95515e+07
7.4678e+07
8.17549e+07
8.09408e+07
7.36477e+07
6.73284e+07
4.09866e+07
2.32785e+07
8.98088e+06
4.48035e+06
1.68126e+07
3.21709e+07
3.85488e+07
4.06075e+07
3.57689e+07
2.11578e+07
6.70608e+06
795798
259123
253294
253245
253245
253245
253245
253245
253245
253245
253245
253245
253245
253245
253245
253245
253246
253338
258434
394559
933434
905235
379368
517014
6.05618e+06
2.15544e+07
3.92282e+07
4.01112e+07
7.57687e+07
7.57687e+07
7.67679e+07
9.35529e+07
9.35529e+07
8.8406e+07
9.5765e+07
9.50446e+07
9.55338e+07
9.64851e+07
9.03959e+07
9.55582e+07
8.45866e+07
8.7015e+07
8.7015e+07
8.45051e+07
9.33542e+07
8.95695e+07
9.64219e+07
9.66216e+07
9.01353e+07
9.37307e+07
8.45892e+07
7.73153e+07
7.57687e+07
4.01112e+07
2.18951e+07
3.21314e+07
4.13815e+07
4.13815e+07
4.27743e+07
4.27743e+07
3.57169e+07
2.60986e+07
1.20997e+07
2.37725e+06
301729
253639
253248
253247
253245
253245
253245
253245
253245
253245
253245
253245
253245
253245
253246
253382
266323
933230
4.87379e+06
8.98568e+06
8.75183e+06
4.51531e+06
1.89889e+07
3.47141e+07
3.34644e+07
4.20791e+07
4.13815e+07
4.13815e+07
4.27743e+07
4.27743e+07
4.22744e+07
3.53419e+07
2.53624e+07
1.13111e+07
2.08287e+06
290852
253546
253280
253245
253245
253245
253246
253348
265425
1.1496e+06
7.8918e+06
2.00415e+07
2.57633e+07
2.56798e+07
4.04692e+07
4.20791e+07
4.20791e+07
4.20791e+07
4.22744e+07
4.22744e+07
4.22744e+07
3.99901e+07
3.58794e+07
2.08448e+07
6.16998e+06
674577
257422
7.57687e+07
7.57687e+07
7.91713e+07
8.67987e+07
8.16286e+07
9.25057e+07
9.91592e+07
9.95761e+07
9.41511e+07
9.48535e+07
9.48535e+07
1.01099e+08
1.01135e+08
1.0187e+08
1.02077e+08
9.48926e+07
8.67987e+07
7.91713e+07
9.48926e+07
1.02077e+08
1.01099e+08
)
;
    }
    procBoundary5to3
    {
        type            processor;
        value           uniform 253245;
    }
    procBoundary5to4
    {
        type            processor;
        value           nonuniform List<scalar> 
179
(
253245
253245
253245
253245
253245
253245
253245
253245
253245
253245
253245
253245
253245
253245
253245
253245
253245
253245
253245
253245
253245
253245
253245
253245
253245
253245
253245
253245
253245
253245
253245
253245
253245
253245
253245
253245
253245
253245
253245
253245
253245
253245
253245
253245
253245
253245
253245
253245
253245
253245
253245
253245
253245
253245
253245
253245
253245
253245
253245
253245
253245
253245
253245
253245
253245
253245
253245
253245
253245
253245
253245
253245
253245
253245
253245
253245
253245
253245
253245
253245
253245
253245
253245
253245
253245
253245
253245
253245
253245
253245
253245
253245
253245
253245
253245
253245
253245
253245
253245
253245
253245
253245
253245
253245
253245
253245
253245
253245
253245
253245
253245
253245
253245
253245
253245
253245
253245
253245
253245
253245
253245
253245
253245
253245
253245
253245
253245
253245
253245
253245
253245
253245
253245
253245
253245
253245
253245
253245
253245
253245
253245
253245
253245
253245
253245
253245
253245
253245
253245
253245
253245
253245
253245
253245
253245
253245
253245
253245
253245
253245
253245
253245
253245
253245
253245
253245
253245
253245
253245
253245
253245
253245
253245
253245
253245
253245
253245
253245
253245
)
;
    }
}


// ************************************************************************* //
