/*--------------------------------*- C++ -*----------------------------------*\
  =========                 |
  \\      /  F ield         | OpenFOAM: The Open Source CFD Toolbox
   \\    /   O peration     | Website:  https://openfoam.org
    \\  /    A nd           | Version:  9
     \\/     M anipulation  |
\*---------------------------------------------------------------------------*/
FoamFile
{
    format      ascii;
    class       surfaceScalarField;
    location    "0.0002";
    object      phi;
}
// * * * * * * * * * * * * * * * * * * * * * * * * * * * * * * * * * * * * * //

dimensions      [0 3 -1 0 0 0 0];

internalField   nonuniform List<scalar> 
12246
(
1.42109e-14
-9.45022e-12
4.26326e-14
-4.26326e-14
1.15852e-10
-5.23208e-11
-5.28671e-09
-5.42677e-13
7.63833e-13
7.62057e-13
7.65166e-13
7.62945e-13
-4.02611e-11
4.66887e-10
-2.6585e-11
-1.96603e-08
3.88134e-13
4.24016e-12
4.24372e-12
4.22817e-12
4.22729e-12
-2.38222e-10
3.8677e-10
5.59508e-11
-1.68149e-08
5.82645e-13
3.47278e-12
3.46301e-12
3.47544e-12
3.46212e-12
-2.0265e-10
9.38059e-11
1.33786e-11
-4.56937e-09
2.79776e-13
5.98188e-13
5.9952e-13
5.973e-13
5.98188e-13
-3.33369e-11
2.62546e-12
1.13776e-12
-1.21801e-10
3.19744e-14
2.4869e-14
2.4869e-14
2.4869e-14
2.4869e-14
-1.1493e-12
3.9968e-13
-3.93285e-12
3.81917e-13
1.11022e-14
1.11022e-14
1.06581e-14
1.06581e-14
-8.88178e-14
8.88178e-15
6.03961e-14
-2.93987e-13
6.66134e-14
-8.17337e-11
-9.29923e-12
1.70886e-12
1.803e-13
3.77476e-14
2.06946e-13
3.9746e-13
2.9754e-13
4.64073e-13
-3.26317e-10
-7.93356e-11
9.99734e-12
1.33582e-12
2.75779e-13
-1.33227e-13
2.22045e-15
7.99361e-15
2.66454e-15
-2.09077e-12
-2.91323e-13
6.03961e-14
6.66134e-15
1.33227e-15
1.95399e-14
-3.9968e-15
2.93099e-14
-4.67626e-13
2.66454e-15
7.32747e-15
1.45661e-13
2.33591e-13
5.43121e-13
-3.90884e-10
-8.69385e-11
1.19851e-11
1.55076e-12
3.20632e-13
1.20348e-13
7.77156e-15
1.91847e-13
-4.75175e-14
1.11022e-15
-3.77476e-15
1.5099e-14
2.30926e-14
5.28466e-14
-6.77058e-11
-7.53886e-12
1.35891e-12
1.42553e-13
2.9754e-14
8.88178e-16
4.44089e-16
1.33227e-15
-8.88178e-16
0
8.88178e-16
4.44089e-16
0
8.88178e-16
4.44089e-16
-2.02505e-13
1.77636e-15
-7.10543e-15
5.32907e-15
4.44089e-16
-3.10862e-15
1.15463e-14
2.04281e-14
-5.55112e-15
1.5099e-14
-4.88498e-15
1.15463e-14
1.49214e-13
1.04805e-13
2.88658e-15
2.44249e-15
7.86038e-14
7.77156e-14
4.66294e-15
6.43929e-14
1.23013e-13
4.88498e-15
8.57092e-14
4.44089e-15
6.35048e-14
1.59872e-14
1.15463e-14
-3.10862e-15
8.88178e-16
8.88178e-15
8.88178e-15
4.44089e-16
4.44089e-16
8.88178e-16
2.22045e-16
4.44089e-16
0
4.44089e-16
8.88178e-16
4.44089e-16
0
4.44089e-16
0
0
0
0
0
4.44089e-16
0
0
0
3.7129e-09
2.88525e-08
-1.81483e-09
-4.19491e-08
-2.29795e-07
-4.88873e-08
-6.40406e-07
-3.84333e-09
6.50093e-09
1.00349e-09
-4.72973e-08
-4.68073e-08
-3.65828e-08
-4.00913e-08
-6.3789e-11
6.22258e-12
1.24185e-11
-5.31681e-11
7.62039e-09
-3.765e-08
-5.36178e-08
-5.35258e-08
-4.51853e-08
-3.67599e-11
-1.35295e-09
-2.13545e-11
-7.61486e-09
2.46058e-08
-4.21143e-08
-3.5745e-08
-5.78325e-07
-2.02162e-07
3.83391e-11
-6.7815e-09
8.45191e-12
-1.15963e-09
1.7525e-10
-4.11542e-09
6.10179e-13
-3.33404e-11
1.26121e-13
-5.96856e-13
0
0
0
0
-9.05942e-14
0
0
1.77636e-15
-1.36779e-13
1.77636e-15
4.44089e-16
4.44089e-16
4.44089e-16
4.44089e-16
1.26121e-13
1.16351e-13
-4.41069e-12
-3.03757e-13
0
0
0
0
0
4.44089e-16
0
4.44089e-16
4.44089e-16
-3.01981e-14
-3.55271e-15
8.88178e-16
8.88178e-16
8.88178e-16
8.88178e-16
8.88178e-16
0
0
-1.77636e-15
0
-1.77636e-15
-1.77636e-15
0
0
-1.77636e-15
0
2.66454e-15
1.77636e-15
-3.37508e-14
8.88178e-16
0
-1.06581e-14
0
0
0
0
0
0
0
0
0
0
0
0
0
0
0
0
0
0
0
0
0
0
0
0
0
0
0
-1.77636e-15
0
0
0
0
0
-1.5433e-11
7.33458e-12
-7.97051e-12
8.11617e-12
7.00062e-12
4.32365e-12
-7.26885e-12
1.01252e-13
3.55271e-14
-6.21725e-14
8.52651e-14
-5.68434e-14
4.79616e-14
1.63425e-13
1.77636e-15
1.77636e-15
0
0
0
0
0
0
0
0
0
0
0
0
0
0
0
0
0
0
0
0
0
0
0
0
0
0
0
0
0
0
0
0
0
0
0
0
0
0
0
0
0
0
0
0
0
0
0
0
0
0
0
0
0
0
0
0
0
0
0
0
0
0
0
0
0
0
0
0
0
0
0
0
0
0
0
0
0
0
0
0
0
0
0
0
0
0
0
0
0
0
0
0
0
0
0
0
0
0
0
0
0
0
-1.77636e-15
0
0
0
0
0
0
0
0
0
0
0
0
0
0
0
0
0
0
0
0
0
0
0
0
0
0
0
0
0
0
0
0
0
0
0
0
0
0
0
0
0
0
0
8.13394e-12
-1.47873e-11
7.34346e-12
-2.92033e-12
3.41061e-13
1.33227e-13
1.38556e-13
-1.29674e-13
-4.70735e-14
0
-4.35207e-14
0
0
0
0
0
-8.88178e-14
-7.10543e-15
1.77636e-15
-1.77636e-15
-9.05942e-14
0
0
0
2.73559e-12
2.90967e-12
2.73026e-12
-1.10987e-11
5.88862e-12
-8.363e-11
1.0747e-13
-7.60281e-13
-1.27898e-13
5.32907e-14
-4.79616e-14
0
-1.77636e-15
0
0
0
0
0
0
5.32907e-14
4.61853e-14
-4.08562e-14
-1.77636e-15
0
0
0
-1.77636e-15
3.18856e-13
1.26121e-13
5.15143e-14
8.88178e-16
-1.71498e-11
-5.00113e-09
3.3765e-11
-2.0963e-10
-1.03286e-11
-1.61224e-08
2.27178e-10
-1.37615e-09
1.784e-11
-1.39192e-08
1.96698e-10
-1.32718e-09
3.56959e-12
-4.35111e-09
2.80433e-11
-1.68566e-10
1.95399e-13
-1.14145e-10
1.00187e-12
-5.64704e-12
-1.48859e-12
1.77636e-14
-1.03029e-13
2.49914e-07
-2.3836e-08
1.37704e-07
-1.11191e-05
4.06694e-08
1.00472e-07
-3.6222e-08
-3.35489e-07
9.93733e-08
-1.95036e-09
-1.83417e-08
-9.39572e-08
-1.34074e-07
-1.33684e-07
-1.0008e-09
-2.77743e-08
-6.30841e-07
-7.11771e-08
-9.02422e-08
-3.26705e-08
-2.87215e-08
-5.42185e-08
8.32468e-08
-3.65003e-08
3.39158e-08
9.23006e-08
-8.75448e-07
5.67978e-07
-1.55389e-08
3.02135e-08
2.00411e-07
-3.02145e-05
1.99478e-09
-2.64681e-08
-2.18076e-07
-7.67736e-08
-5.97009e-08
-2.5508e-08
-4.99604e-08
-2.97237e-08
4.82413e-10
-1.59493e-08
-1.07189e-07
-1.18271e-07
-1.17148e-07
-3.76545e-09
1.27288e-10
1.02898e-08
-1.91704e-08
-1.8926e-08
-1.79237e-08
-2.05701e-08
2.73968e-11
-4.41039e-10
-5.9508e-12
0
0
0
0
0
0
0
0
0
0
0
0
0
0
0
0
0
0
0
0
0
0
0
0
0
0
0
0
0
0
0
0
0
0
0
0
0
0
0
0
0
0
0
0
0
0
0
0
0
0
0
0
0
0
0
0
0
0
0
0
0
0
0
0
0
0
0
0
0
0
0
0
0
0
0
0
0
0
0
0
0
0
0
0
0
0
0
0
0
0
0
0
0
0
0
0
0
0
0
0
0
0
0
0
0
0
0
0
0
0
0
0
0
0
0
0
0
0
0
0
0
0
0
0
0
0
0
0
0
0
0
0
0
0
0
0
0
0
0
0
0
0
0
0
0
0
0
0
0
0
0
0
0
0
0
0
0
0
0
0
0
0
0
0
0
0
0
0
0
0
0
0
0
0
0
0
0
0
0
0
0
0
0
0
0
0
0
0
0
0
0
0
0
0
0
0
0
0
0
0
0
0
0
0
0
0
0
0
0
0
0
0
0
0
0
0
0
0
0
0
0
0
0
0
0
0
0
0
0
0
0
0
0
0
0
0
0
0
0
0
0
0
0
0
0
0
0
0
0
0
0
0
0
0
0
0
0
0
0
0
0
0
0
0
0
0
0
0
0
0
0
0
0
0
0
0
0
0
0
0
0
0
0
0
0
0
0
0
0
0
0
0
0
0
0
0
0
0
0
0
0
0
0
0
0
0
0
0
0
0
0
0
0
0
0
0
0
0
0
0
0
0
0
0
0
0
0
0
0
0
0
0
0
0
0
0
0
0
0
0
0
0
0
0
0
0
0
0
0
0
0
0
0
0
0
0
0
0
0
0
0
0
0
0
0
0
0
0
0
0
0
0
0
0
0
0
0
0
0
0
0
0
0
0
0
0
0
0
0
0
0
0
0
0
0
0
0
0
0
0
0
0
0
0
0
0
0
0
0
0
0
0
0
0
0
0
0
0
0
0
0
0
0
0
0
0
0
0
0
0
0
0
0
0
0
0
0
0
0
0
0
0
0
0
0
0
0
0
0
0
0
0
0
0
0
0
0
0
0
0
0
0
0
0
0
0
0
0
0
0
0
0
0
0
0
0
0
0
0
0
0
0
0
0
0
0
0
0
0
0
0
0
0
0
0
0
0
0
0
0
0
0
0
0
0
0
0
0
0
0
0
0
0
0
0
0
0
0
0
0
0
0
0
0
0
0
0
0
0
0
0
0
0
0
0
0
0
0
0
0
0
0
0
0
0
0
0
0
0
0
0
0
0
0
0
0
0
0
0
0
0
0
0
0
0
0
0
0
0
0
0
0
0
0
0
0
0
0
0
0
0
0
0
0
0
0
0
0
0
0
0
0
0
0
0
0
0
0
0
0
0
0
0
0
0
0
0
0
0
0
0
0
0
0
0
0
0
0
0
0
0
0
0
0
0
0
0
0
0
0
0
0
0
0
0
0
0
0
0
0
0
0
0
0
0
0
0
0
0
0
0
0
0
0
0
0
0
0
0
0
0
0
0
0
0
0
0
0
0
0
0
0
0
0
0
0
0
0
0
0
0
0
0
0
0
0
0
0
0
0
0
0
0
0
0
0
0
0
0
0
0
0
0
0
0
0
0
0
0
0
0
0
0
0
0
0
0
0
0
0
0
0
0
0
0
0
0
0
0
0
0
0
0
0
0
0
0
0
0
0
0
0
0
0
0
0
0
0
0
0
0
0
0
0
0
0
0
0
0
0
0
0
0
0
0
0
0
0
0
0
0
0
0
0
0
0
0
0
0
0
0
0
0
0
0
0
0
0
0
0
0
0
0
0
0
0
0
0
0
0
0
0
0
0
0
0
0
0
0
0
0
0
0
0
0
0
0
0
0
0
0
0
0
0
0
0
0
0
0
0
0
0
0
0
0
0
0
0
0
0
0
0
0
0
0
0
0
0
0
0
0
0
0
0
0
0
0
0
0
0
0
0
0
0
0
0
0
0
0
0
0
0
0
0
0
0
0
0
0
0
0
0
0
0
0
0
0
0
0
0
0
0
0
0
0
0
0
0
0
0
0
0
0
0
0
0
0
0
0
0
0
0
0
0
0
0
0
0
0
0
0
0
0
0
0
0
0
0
0
0
0
0
0
0
0
0
0
0
0
0
0
0
0
0
0
0
0
0
0
0
0
0
0
0
0
0
0
0
0
0
0
0
0
0
0
0
0
0
0
0
0
0
0
0
0
0
0
0
0
0
0
0
0
0
0
0
0
0
0
0
0
0
0
0
0
0
0
0
0
0
0
0
0
0
0
0
0
0
0
0
0
0
0
0
0
0
0
0
0
0
0
0
0
0
0
0
0
0
0
0
0
0
0
0
0
0
0
0
0
0
0
0
0
0
0
0
0
0
0
0
0
0
0
0
0
0
0
0
0
0
0
0
0
0
0
0
0
0
0
0
0
0
0
0
0
0
0
0
0
0
0
0
0
0
0
0
0
0
0
0
0
0
0
0
0
0
0
0
0
0
0
0
0
0
0
0
0
0
0
0
0
0
0
0
0
0
0
0
0
0
0
0
0
0
0
0
0
0
0
0
0
0
0
0
0
0
0
0
0
0
0
0
0
0
0
0
0
0
0
0
0
0
0
0
0
0
0
0
0
0
0
0
0
0
0
0
0
0
0
0
0
0
0
0
0
0
0
0
0
0
0
0
0
0
0
0
0
0
0
0
0
0
0
0
0
0
0
0
0
0
0
0
0
0
0
0
0
0
0
0
0
0
0
0
0
0
0
0
0
0
0
0
0
0
0
0
0
0
0
0
0
0
0
0
0
0
0
0
0
0
0
0
0
0
0
0
0
0
0
0
0
0
0
0
0
0
0
0
0
0
0
0
0
0
0
0
0
0
0
0
0
0
0
0
0
0
0
0
0
0
0
0
0
0
0
0
0
0
0
0
0
0
0
0
0
0
0
0
0
0
0
0
0
0
0
0
0
0
0
0
0
0
0
0
0
0
0
0
0
0
0
0
0
0
0
0
0
0
0
0
0
0
0
0
0
0
0
0
0
0
0
0
0
0
0
0
0
0
0
0
0
0
0
0
0
0
0
0
0
0
0
0
0
0
0
0
0
0
0
0
0
0
0
0
0
0
0
0
0
0
0
0
0
0
0
0
0
0
0
0
0
0
0
0
0
0
0
0
0
0
0
0
0
0
0
0
0
0
0
0
0
0
0
0
0
0
0
0
0
0
0
0
0
0
0
0
0
0
0
0
0
0
0
0
0
0
0
0
0
0
0
0
0
0
0
0
0
0
0
0
0
0
0
0
0
0
0
0
0
0
0
0
0
0
0
0
0
0
0
0
0
0
0
0
0
0
0
0
0
0
0
0
0
0
0
0
0
0
0
0
0
0
0
0
0
0
0
0
0
0
0
0
0
0
0
0
0
0
0
0
0
0
0
0
0
0
0
0
0
0
0
0
0
0
0
0
0
0
0
0
0
0
0
0
0
0
0
0
0
0
0
0
0
-1.95399e-14
0
0
0
0
0
0
0
0
-1.77636e-15
0
0
0
0
0
0
0
0
0
0
0
0
0
0
0
0
0
0
0
0
0
0
0
0
0
0
0
0
0
0
0
0
0
0
0
0
0
0
0
0
0
0
0
0
0
0
0
0
0
0
0
0
0
0
0
0
0
0
0
0
0
0
0
0
0
0
0
0
0
0
0
0
0
0
0
0
0
0
0
0
0
0
0
0
0
0
0
0
0
0
0
0
0
0
0
0
0
0
0
0
0
0
0
0
0
0
0
0
0
0
0
0
0
0
0
0
0
0
0
0
0
0
0
0
0
0
0
0
0
0
0
0
0
-4.44089e-16
0
0
0
0
0
0
0
0
0
0
0
0
0
0
0
0
0
0
0
0
0
0
-1.77636e-15
0
0
0
0
0
0
0
0
0
0
0
0
0
0
0
0
0
0
0
0
0
0
0
0
0
0
0
0
0
0
0
0
0
0
0
0
0
0
0
0
0
0
0
0
0
0
0
0
0
0
0
0
0
0
0
0
0
0
0
0
0
0
0
0
0
0
0
0
0
0
0
0
0
0
0
0
0
0
0
0
0
0
0
0
0
0
0
0
0
0
0
0
0
0
0
0
0
0
0
0
0
0
0
0
-1.33227e-15
0
0
0
0
0
0
0
0
0
0
0
0
0
0
0
0
0
0
0
0
0
0
0
0
0
0
0
0
0
0
0
0
0
0
0
0
0
0
0
0
0
0
0
0
0
0
0
0
0
0
0
0
0
0
0
0
0
0
0
0
0
0
0
0
0
0
0
0
0
0
0
0
0
0
0
0
0
0
0
0
0
0
0
0
0
0
0
0
0
0
0
0
0
0
0
0
0
0
0
0
0
0
0
0
0
0
0
0
0
0
0
0
0
0
0
0
0
0
0
0
0
0
0
0
0
0
0
0
0
0
0
0
0
0
0
0
0
0
0
0
0
0
0
0
0
0
0
0
0
0
0
0
0
0
0
0
0
0
0
0
0
0
0
0
0
0
0
0
0
0
0
0
0
0
0
0
0
0
0
0
0
0
0
0
0
0
0
0
0
0
0
0
0
0
0
0
0
0
0
0
0
0
0
0
0
0
0
0
0
0
0
0
0
0
0
0
0
0
0
0
0
0
0
0
0
0
0
0
0
0
0
0
0
0
0
0
0
0
0
0
0
0
0
0
0
0
0
0
0
0
0
0
0
-4.44089e-16
0
0
0
-4.44089e-16
0
0
0
0
0
0
0
0
0
0
0
0
0
0
0
0
0
0
0
0
0
0
0
0
0
0
0
0
0
0
0
0
0
0
0
-8.88178e-16
0
0
0
0
0
0
0
-1.77636e-15
0
0
0
0
0
-1.77636e-15
0
0
0
0
0
0
0
0
0
0
0
0
0
0
0
0
0
0
0
0
0
0
0
0
0
0
0
0
0
0
0
0
0
0
0
0
0
0
0
0
0
0
0
0
0
0
0
0
0
0
0
0
0
0
0
0
0
0
0
0
0
0
0
0
0
0
0
0
0
0
0
0
0
0
0
0
0
0
0
0
0
0
0
0
0
0
0
0
0
0
0
0
0
0
0
0
0
0
0
0
0
0
0
0
0
0
0
0
0
0
0
0
0
0
0
0
0
0
0
0
0
0
0
0
0
0
0
0
0
0
0
0
0
0
0
0
0
0
0
0
0
0
0
0
0
0
0
0
0
0
0
0
0
0
0
0
0
0
0
0
0
0
0
0
0
0
0
0
0
0
0
0
0
0
0
0
0
0
0
0
0
0
0
0
0
0
0
0
0
0
0
0
0
0
0
0
0
0
0
0
0
0
0
0
0
0
0
0
0
0
0
0
0
0
0
0
0
0
0
0
0
0
0
0
0
0
0
0
0
0
0
0
0
0
0
0
0
-1.77636e-15
0
0
0
0
-4.44089e-16
0
0
0
0
0
-1.77636e-15
0
0
0
0
0
0
0
0
0
0
0
0
0
0
0
0
0
0
0
0
0
0
0
0
0
0
0
0
0
0
0
0
0
0
0
0
0
0
0
0
0
0
0
0
0
0
0
0
0
0
0
0
0
0
0
0
0
0
0
0
0
0
0
0
0
0
0
0
0
0
0
0
0
0
0
0
0
0
0
0
0
0
0
0
0
0
0
0
0
0
0
0
0
0
0
0
0
0
0
0
0
0
0
0
0
0
0
0
0
0
0
0
0
0
0
0
0
0
0
0
0
0
0
0
0
0
0
0
0
0
0
0
0
0
0
0
0
0
0
0
0
0
0
0
0
0
0
0
0
0
0
0
0
0
0
0
0
0
0
0
0
0
0
0
0
0
0
0
0
0
0
0
0
0
0
0
0
0
0
0
0
0
0
0
0
0
0
0
0
0
0
0
0
0
0
0
0
0
0
0
0
0
0
0
0
0
0
0
0
0
0
0
0
0
0
0
0
0
0
0
0
0
0
0
0
0
0
0
0
0
0
0
0
0
0
0
0
0
0
0
0
0
0
0
0
0
0
0
0
0
0
0
0
0
0
0
0
0
0
0
0
0
0
0
0
0
0
0
0
0
0
0
0
0
0
0
0
0
0
0
0
0
0
0
0
0
0
0
0
0
0
0
0
0
0
0
0
0
0
0
0
0
0
0
0
0
0
0
0
0
0
0
0
0
0
0
0
0
0
0
0
0
0
0
0
0
0
0
0
0
0
0
0
0
0
0
0
0
0
0
0
0
0
0
0
0
0
0
0
0
0
0
0
0
0
0
0
0
0
0
0
0
0
0
0
0
0
0
0
0
0
0
0
0
0
0
0
0
0
0
0
0
0
0
0
0
0
0
0
0
0
0
0
0
0
0
0
0
0
0
0
0
0
0
0
0
0
0
0
0
0
0
0
0
0
0
0
0
0
0
0
0
0
0
0
0
0
0
0
0
0
0
0
0
0
0
0
0
0
0
0
0
0
0
0
0
0
0
0
0
0
0
0
0
0
0
0
0
0
0
0
0
0
0
0
0
0
0
0
0
0
0
0
0
0
0
0
0
0
0
0
0
0
0
0
0
0
0
0
0
0
0
0
0
0
0
0
0
0
0
0
0
0
0
0
0
0
0
0
0
0
0
0
0
0
0
0
0
0
0
0
0
0
0
0
0
0
0
0
0
0
0
0
0
0
0
0
0
0
0
0
0
0
0
0
0
0
0
0
0
0
0
0
0
0
0
0
0
0
0
0
0
0
0
0
0
0
0
0
-1.77636e-15
-7.10543e-15
3.55271e-15
0
-2.93099e-13
-8.88178e-16
-6.57252e-14
2.30926e-14
7.10543e-15
-2.63434e-12
1.77636e-15
-6.39488e-14
7.10543e-15
-2.30038e-12
0
0
-2.13163e-13
-5.32907e-15
0
0
-8.88178e-15
0
0
-4.79616e-14
0
0
0
0
0
0
-4.72511e-13
0
0
0
0
0
0
-4.31655e-13
0
0
0
0
0
0
0
0
0
-3.73035e-14
0
0
0
0
0
-1.77636e-15
0
0
0
0
0
0
0
0
0
0
0
0
0
0
0
0
0
0
0
0
0
-2.22045e-14
-8.88178e-16
-4.44089e-16
-5.35749e-12
-4.44089e-16
-4.44089e-16
1.24345e-14
-3.10862e-15
-7.10543e-15
-5.93339e-11
-3.9968e-15
2.39808e-14
-4.44089e-15
0
0
0
0
0
0
0
0
0
0
0
0
0
0
0
-3.55271e-15
-6.66134e-15
-6.74305e-11
-4.44089e-15
-3.10862e-15
0
0
0
0
0
0
0
0
0
0
0
0
0
0
0
0
0
0
0
0
0
0
0
0
0
0
0
0
0
0
0
0
0
0
0
0
0
0
0
0
0
0
0
0
0
0
0
0
0
0
0
0
0
0
0
0
0
0
0
0
0
0
0
0
0
0
0
0
0
0
0
0
0
0
0
0
0
0
0
0
0
0
0
0
0
0
0
0
0
0
0
4.44089e-16
0
0
4.44089e-16
-2.22045e-15
0
0
0
-4.44089e-16
0
0
-4.44089e-16
0
-1.33227e-15
1.77636e-15
-2.22045e-16
1.33227e-15
-1.15463e-14
0
-2.22045e-15
0
0
-2.66454e-15
0
-2.66454e-15
0
1.77636e-15
-1.73195e-14
0
0
0
0
0
0
0
0
0
0
0
0
0
0
0
0
0
0
0
0
0
0
0
0
0
0
0
0
0
0
0
0
1.77636e-15
2.22045e-16
1.33227e-15
-1.06581e-14
-2.22045e-15
0
0
-2.66454e-15
1.77636e-15
-1.68754e-14
0
0
-1.77636e-15
0
0
4.44089e-16
-1.77636e-15
0
0
-4.44089e-16
0
0
0
0
0
0
0
0
0
0
0
0
0
0
0
0
0
0
0
0
0
0
0
0
0
0
0
0
0
0
0
0
0
0
0
0
0
0
0
0
0
0
0
0
0
0
0
0
0
0
0
0
0
0
0
0
0
0
0
0
0
0
0
0
0
0
0
0
0
0
0
0
0
0
0
0
0
0
0
0
0
0
0
0
0
0
0
0
0
0
0
0
0
0
0
0
0
0
0
0
0
0
0
0
0
0
0
0
0
0
0
0
0
0
0
0
0
0
0
0
0
0
0
0
0
0
0
0
0
0
0
0
0
0
0
0
0
0
0
0
0
0
0
0
0
0
0
0
0
0
0
0
0
0
0
0
0
0
0
0
0
0
0
0
0
0
0
0
0
0
0
0
0
0
0
0
0
0
0
0
0
0
0
0
0
0
0
0
0
0
0
0
0
0
0
0
0
0
0
0
0
0
0
0
0
0
0
0
0
0
0
0
0
0
0
0
0
0
0
0
0
0
0
0
0
0
0
0
0
0
0
0
0
0
0
0
0
0
0
0
0
0
0
0
0
0
0
0
0
0
0
0
0
0
0
0
0
0
0
0
0
0
0
0
0
0
0
0
0
0
0
0
0
0
0
0
0
0
0
0
0
0
0
0
0
0
0
0
0
0
0
0
0
0
0
0
0
0
0
0
0
0
0
0
0
0
0
0
0
0
0
0
0
0
0
0
0
0
0
0
0
0
0
0
0
0
0
0
0
0
0
0
0
0
0
0
0
0
0
0
0
0
0
0
0
0
0
0
0
0
0
0
0
0
0
0
0
0
0
0
0
0
0
0
0
0
0
0
0
0
0
0
0
0
0
0
0
0
0
0
0
0
0
0
0
0
0
0
0
0
0
0
0
0
0
0
0
0
0
0
0
0
0
0
0
0
0
0
0
0
0
0
0
0
0
0
0
0
0
0
0
0
0
0
0
0
0
0
0
0
0
0
0
0
0
0
0
0
0
0
0
0
0
0
0
0
0
0
0
0
0
0
0
0
0
0
0
0
0
0
0
0
0
0
0
0
0
0
0
0
0
0
0
0
0
0
0
0
0
0
0
0
0
0
0
0
0
0
0
0
0
0
0
0
0
0
0
0
0
0
0
0
0
0
0
0
0
0
0
0
0
0
0
0
0
0
0
0
0
0
0
0
0
0
0
0
0
0
0
0
0
0
0
0
0
0
0
0
0
0
0
0
0
0
0
0
0
0
0
0
0
0
0
0
0
0
0
0
0
0
0
0
0
0
0
0
0
0
0
0
0
0
0
0
0
0
0
0
0
0
0
0
0
0
0
0
0
0
0
0
0
0
0
0
0
0
0
0
0
0
0
0
0
0
0
0
0
0
0
0
0
0
0
0
0
0
0
0
0
0
0
0
0
0
0
0
0
0
0
0
0
0
0
0
0
0
0
0
0
0
0
0
0
0
0
0
0
0
0
0
0
0
0
0
0
0
0
0
0
0
0
0
0
0
0
0
0
0
0
0
0
0
0
0
0
0
0
0
0
0
0
0
0
0
0
0
0
0
0
0
0
0
0
0
0
0
0
0
0
0
0
0
0
0
0
0
0
0
0
0
0
0
0
0
0
0
0
0
0
0
0
0
0
0
0
0
0
0
0
0
0
0
0
0
0
0
0
0
0
0
0
0
0
0
0
0
0
0
0
0
0
0
0
0
0
0
0
0
0
0
0
0
0
0
0
0
0
0
0
0
0
0
0
0
0
0
0
0
-1.77636e-15
0
0
0
0
0
0
0
0
0
0
0
0
0
0
0
0
0
0
0
0
0
0
0
0
0
0
0
0
0
0
0
0
0
0
0
0
0
0
0
0
0
0
0
0
0
0
0
0
0
0
0
0
0
0
0
0
0
0
0
0
0
0
0
0
0
0
0
0
0
0
0
0
0
0
0
0
0
0
0
0
0
0
0
0
0
0
0
0
0
0
0
0
0
0
0
0
0
0
0
0
0
0
0
0
0
0
0
0
0
0
0
0
0
0
0
0
0
0
0
0
0
0
0
0
0
0
0
0
0
0
0
0
0
0
0
0
0
0
0
0
0
0
0
0
0
0
0
0
0
0
0
0
-1.77636e-15
0
0
0
0
0
0
0
0
0
0
0
0
0
0
0
0
0
0
0
0
0
0
0
0
0
0
0
0
0
0
0
0
0
0
0
0
0
0
0
0
0
0
0
0
0
0
0
0
0
0
0
0
0
0
0
0
0
0
0
0
0
0
0
0
0
0
0
0
0
0
0
0
0
0
0
0
0
0
0
0
0
0
0
0
0
0
0
0
0
0
0
0
0
0
0
0
0
0
0
0
0
0
0
0
0
0
0
0
0
0
0
0
0
0
0
0
0
0
0
0
0
0
0
0
0
0
0
0
0
0
0
0
0
0
0
0
0
0
0
0
0
0
0
0
0
0
0
0
0
0
0
0
0
0
0
0
0
0
0
0
0
0
0
0
0
0
0
0
0
0
0
0
0
0
0
0
0
0
0
0
0
0
0
0
0
0
0
0
0
0
0
0
0
0
0
0
0
0
0
0
0
0
0
0
0
0
0
0
0
0
0
0
0
0
0
0
0
0
0
0
0
0
0
0
0
0
0
0
0
0
0
0
0
0
0
0
0
0
0
0
0
0
0
0
0
0
0
0
0
0
0
0
0
0
0
0
0
0
0
0
0
0
0
0
0
0
0
0
0
0
0
0
0
0
0
0
0
0
0
0
0
0
0
0
0
0
0
0
0
0
0
0
0
0
0
0
0
0
0
0
0
0
0
0
0
0
0
0
0
0
0
0
0
0
0
0
0
0
0
0
0
0
0
0
0
0
0
0
0
0
0
0
0
0
0
0
0
0
0
0
0
0
0
0
0
0
0
0
0
0
0
0
0
0
0
0
0
0
0
0
0
0
0
0
0
0
0
0
0
0
0
0
0
0
0
0
0
0
0
0
0
0
0
0
0
0
0
0
0
0
0
0
0
0
0
0
0
0
0
0
0
0
0
0
0
0
0
0
0
0
0
0
0
0
0
0
0
0
0
0
0
0
0
0
0
0
0
0
0
0
0
0
0
0
0
0
0
0
0
0
0
0
0
0
0
0
0
0
0
0
0
0
0
0
0
0
0
0
0
0
0
0
0
0
0
0
0
0
0
0
0
0
0
0
0
0
0
0
0
0
0
0
0
0
0
0
0
0
0
0
0
0
0
0
0
0
0
0
0
0
0
0
0
0
0
0
0
0
0
0
0
0
0
0
0
0
0
0
0
0
0
0
0
0
0
0
0
0
0
0
0
0
0
0
0
0
0
0
0
0
0
0
0
0
0
0
0
0
0
0
0
0
0
0
0
0
0
0
0
0
0
0
0
0
0
0
0
0
0
0
0
0
0
0
0
0
0
0
0
0
0
0
0
0
0
0
0
0
0
0
0
0
0
0
0
0
0
0
0
0
0
0
0
0
0
0
0
0
0
0
0
0
0
0
0
0
0
0
0
0
0
0
0
0
0
0
0
0
0
0
0
0
0
0
0
0
0
0
0
0
0
0
0
0
0
0
0
0
0
0
0
0
0
0
0
0
0
0
0
0
0
0
0
0
0
0
0
0
0
0
0
0
0
0
0
0
0
0
0
0
0
0
0
0
0
0
0
0
0
0
0
0
0
0
0
0
0
0
0
0
0
0
0
0
0
0
0
0
0
0
0
0
0
0
0
0
0
0
0
0
0
0
0
0
0
0
0
0
0
0
0
0
0
0
0
0
0
0
0
0
0
0
0
0
0
0
0
0
0
0
0
0
0
0
0
0
0
0
0
0
0
0
0
0
0
0
0
0
0
0
0
0
0
0
0
0
0
0
0
0
0
0
0
0
0
0
0
0
0
0
0
0
0
0
0
0
0
0
0
0
0
0
0
0
0
0
0
0
0
0
0
0
0
0
0
0
0
0
0
0
0
0
0
0
0
0
0
0
0
0
0
0
0
0
0
0
0
0
0
0
0
0
0
0
0
0
0
0
0
0
0
0
0
0
0
0
0
0
0
0
0
0
0
0
0
0
0
0
0
0
0
0
0
0
0
0
0
0
0
0
0
0
0
0
0
0
0
0
0
0
0
0
0
0
0
0
0
0
0
0
0
0
0
0
0
0
0
0
0
0
0
0
0
0
0
0
0
0
0
0
0
0
0
0
0
0
0
0
0
0
0
0
0
0
0
0
0
0
0
0
0
0
0
0
0
0
0
0
0
0
0
0
0
0
0
0
0
0
0
0
0
0
0
0
0
0
0
0
0
0
0
0
0
0
0
0
0
0
0
0
0
0
0
0
0
0
0
0
0
0
0
0
0
0
0
0
0
0
0
0
0
0
0
0
0
0
0
0
0
0
0
0
0
0
0
0
0
0
0
0
0
0
0
0
0
0
0
0
0
0
0
0
0
0
0
0
0
0
0
0
0
0
0
0
0
0
0
0
0
0
0
0
0
0
0
0
0
0
0
0
0
0
0
0
0
0
0
0
0
0
0
0
0
0
0
0
0
0
0
0
0
0
0
0
0
0
0
0
0
0
0
0
0
0
0
0
0
0
0
0
0
0
0
0
0
0
0
0
0
0
0
0
0
0
0
0
0
0
0
0
0
0
0
0
0
0
0
0
0
0
0
0
0
0
0
0
0
0
0
0
0
0
0
0
0
0
0
0
0
0
0
0
0
0
0
0
0
0
0
0
0
0
0
0
0
0
0
0
0
0
0
0
0
0
0
0
0
0
0
0
0
0
0
0
0
0
0
0
0
0
0
0
0
0
0
0
0
0
0
0
0
0
0
0
0
0
0
0
0
0
0
0
0
0
0
0
0
0
0
0
0
0
0
0
0
0
0
0
0
0
0
0
0
0
0
0
0
0
0
0
0
0
0
0
0
0
0
0
0
0
0
0
0
0
0
0
0
0
0
0
0
0
0
0
0
0
0
0
0
0
0
0
0
0
0
0
0
0
0
0
0
0
0
0
0
0
0
0
0
0
0
0
0
0
0
0
0
0
0
0
0
0
0
0
0
0
0
0
0
0
0
0
0
0
0
0
0
0
0
0
0
0
0
0
0
0
0
0
0
0
0
0
0
0
0
0
0
0
0
0
0
0
0
0
0
0
0
0
0
0
0
0
0
0
0
0
0
0
0
0
0
0
0
0
0
0
0
0
0
0
0
0
0
0
0
0
0
0
0
0
0
0
0
0
0
0
0
0
0
0
0
0
0
0
0
0
0
0
0
0
0
0
0
0
0
0
0
0
0
0
0
0
0
0
0
0
0
0
0
0
0
0
0
0
0
0
0
0
0
0
0
0
0
0
0
0
0
0
0
0
0
0
0
0
0
0
0
0
0
0
0
0
0
0
0
0
0
0
0
0
0
0
0
0
0
0
0
0
0
0
0
0
0
0
0
0
0
0
0
0
0
0
0
0
0
0
0
0
0
0
0
0
0
0
0
0
0
0
0
0
0
0
0
0
0
0
0
0
0
0
0
0
0
0
0
0
0
0
0
0
0
0
0
0
0
0
0
0
0
0
0
0
0
0
0
0
0
0
0
0
0
0
0
0
0
0
0
0
0
0
0
0
0
0
0
0
0
0
0
0
0
0
0
0
0
0
0
0
0
0
0
0
0
0
0
0
0
0
0
0
0
0
0
0
0
0
0
0
0
0
0
0
0
0
0
0
0
0
0
0
0
0
0
0
0
0
0
0
0
0
0
0
0
0
0
0
0
0
0
0
0
0
0
0
0
0
0
0
0
0
0
0
0
0
0
0
0
0
0
0
0
0
0
0
0
0
0
0
0
0
0
0
0
0
0
0
0
0
0
0
0
0
0
0
0
0
0
0
0
0
0
0
0
0
0
0
0
0
0
0
0
0
0
0
0
0
0
0
0
0
0
0
0
0
0
0
0
0
0
0
0
0
0
0
0
0
0
0
0
0
0
0
0
0
0
0
0
0
0
0
0
0
0
0
0
0
0
0
0
0
0
0
0
0
0
0
0
0
0
0
0
0
0
0
0
0
0
0
0
0
0
0
0
0
0
0
0
0
0
0
0
0
0
0
0
0
0
0
0
0
0
0
0
0
0
0
0
0
0
0
0
0
0
0
0
0
0
0
0
0
0
0
0
0
0
0
0
0
0
0
0
0
0
0
0
0
0
0
0
0
0
0
0
0
0
0
0
0
0
0
0
0
0
0
0
0
0
0
0
0
0
0
0
0
0
0
0
0
0
0
0
0
0
0
0
0
0
0
0
0
0
0
0
0
0
0
0
0
0
0
0
0
0
0
0
0
0
0
0
0
0
0
0
0
0
0
0
0
0
0
0
0
0
0
0
0
0
0
0
0
0
0
0
0
0
0
0
0
0
0
0
0
0
0
0
0
0
0
0
0
0
0
0
0
0
0
0
0
0
0
0
0
0
0
0
0
0
0
0
0
0
0
0
0
0
0
0
0
0
0
0
0
0
0
0
0
0
0
0
0
0
0
0
0
0
0
0
0
0
0
0
0
0
0
0
0
0
0
0
0
0
0
0
0
0
0
0
0
0
0
0
0
0
0
0
0
0
0
0
0
0
0
0
0
0
0
0
0
0
0
0
0
0
0
0
0
0
0
0
0
0
0
0
0
0
0
0
0
0
0
0
0
0
0
0
0
0
0
0
0
0
0
0
0
0
0
0
0
0
0
0
0
0
0
0
0
0
0
0
0
0
0
0
0
0
0
0
0
0
0
0
0
0
0
0
0
0
0
0
0
0
0
0
0
0
0
0
0
0
0
0
0
0
0
0
0
0
0
0
0
0
0
0
0
0
0
0
0
0
0
0
0
0
0
0
0
0
0
0
0
0
0
0
0
0
0
0
0
0
0
0
0
0
0
0
0
0
0
0
0
0
0
0
0
0
0
0
0
0
0
0
0
0
0
0
0
0
0
0
0
0
0
0
0
0
0
0
0
0
0
0
0
0
0
0
0
0
0
0
0
0
0
0
0
0
0
0
0
0
0
0
0
0
0
0
0
0
0
0
0
0
0
0
0
0
0
0
0
0
0
0
0
0
0
0
0
0
0
0
0
0
0
0
0
0
0
0
0
0
0
0
0
0
0
0
0
0
0
0
0
0
0
0
0
0
0
0
0
0
0
0
0
0
0
0
0
0
0
0
0
0
0
0
0
0
0
0
0
0
0
0
0
0
0
0
0
0
0
0
0
0
0
0
0
0
0
0
0
0
0
0
0
0
0
0
0
0
0
0
0
0
0
0
0
0
0
0
0
0
0
0
0
0
0
0
0
0
0
0
0
0
0
0
0
0
0
0
0
0
0
0
0
0
0
0
0
0
0
0
0
0
0
0
0
0
0
0
0
0
0
0
0
0
0
0
0
0
0
0
0
0
0
0
0
0
0
0
0
0
0
0
0
0
0
0
0
0
0
0
0
0
0
0
0
0
0
0
0
0
0
0
0
0
0
0
0
0
0
0
0
0
0
0
0
0
0
0
0
0
0
0
0
0
0
0
0
0
0
0
0
0
0
0
0
0
0
0
0
0
0
0
0
0
0
0
0
0
0
0
0
0
0
0
0
0
0
0
0
0
0
0
0
0
0
0
0
0
0
0
0
0
0
0
0
0
0
0
0
0
0
0
0
0
0
0
0
0
0
0
0
0
0
0
0
0
0
0
0
0
0
0
0
0
0
0
0
0
0
0
0
0
0
0
0
0
0
0
0
0
0
0
0
0
0
0
0
0
0
0
0
0
0
0
0
0
0
0
0
0
0
0
0
0
0
0
0
0
0
0
0
0
0
0
0
0
0
0
0
0
0
0
0
0
0
0
0
0
0
0
0
0
0
0
0
0
0
0
0
0
0
0
0
0
0
0
0
0
0
0
0
0
0
0
0
0
0
0
0
0
0
0
0
0
0
0
0
0
0
0
0
0
0
0
0
0
0
0
0
0
0
0
0
0
0
0
0
0
0
0
0
0
0
0
0
0
0
0
0
0
0
0
0
0
0
0
0
0
0
0
0
0
0
0
0
0
0
0
0
0
0
0
0
0
0
0
0
0
0
0
0
0
0
0
0
0
0
0
0
0
0
0
0
0
0
0
0
0
0
0
0
0
0
0
0
0
0
0
0
0
0
0
0
0
0
0
0
0
0
0
0
0
0
0
0
0
0
0
0
0
0
0
0
0
0
0
0
0
0
0
0
0
0
0
0
0
0
0
0
0
0
0
0
0
0
0
0
0
0
0
0
0
0
0
0
0
0
0
0
0
0
0
0
0
0
0
0
0
0
0
0
0
0
0
0
0
0
0
0
0
0
0
0
0
0
0
0
0
0
0
0
0
0
0
0
0
0
0
0
0
0
0
0
0
0
0
0
0
0
0
0
0
0
0
0
0
0
0
0
0
0
0
0
0
0
0
0
0
0
0
0
0
0
0
0
0
0
0
0
0
0
0
0
0
0
0
0
0
0
0
0
0
0
0
0
0
0
0
0
0
0
0
0
0
0
0
0
0
0
0
0
0
0
0
0
0
0
0
0
0
0
0
0
0
0
0
0
0
0
0
0
0
0
0
0
0
0
0
0
0
0
0
0
0
0
0
0
0
0
0
0
0
0
0
0
0
0
0
0
0
0
0
0
0
0
0
0
0
0
0
0
0
0
0
0
0
0
0
0
0
0
0
0
0
0
0
0
0
0
0
0
0
0
0
0
0
0
0
0
0
0
0
0
0
0
0
0
0
0
0
0
0
0
0
0
0
0
0
0
0
0
0
0
0
0
0
0
0
0
0
0
0
0
0
0
0
0
0
0
0
0
0
0
0
0
0
0
0
0
0
0
0
0
0
0
0
0
0
0
0
0
0
0
0
0
0
0
0
0
0
0
0
0
0
0
0
0
0
0
0
0
0
0
0
0
0
0
0
0
0
0
0
0
0
0
0
0
0
0
0
0
0
0
0
0
0
0
0
0
0
0
0
0
0
0
0
0
0
0
0
0
0
0
0
0
0
0
0
0
0
0
0
0
0
0
0
0
0
0
0
0
0
0
0
0
0
0
0
0
0
0
0
0
0
0
0
0
0
0
0
0
0
0
0
0
0
0
0
0
0
0
0
0
0
0
0
0
0
0
0
0
0
0
0
0
0
0
0
0
0
0
0
0
0
0
0
0
0
0
0
0
0
0
0
0
0
0
0
0
0
0
0
0
0
0
0
0
0
0
0
0
0
0
0
0
0
0
0
0
0
0
0
0
0
0
0
0
0
0
0
0
0
0
0
0
0
0
0
0
0
0
0
0
0
0
0
0
0
0
0
0
0
0
0
0
0
0
0
0
0
0
0
0
0
0
0
0
0
0
0
0
0
0
0
0
0
0
0
0
0
0
0
0
0
0
0
0
0
0
0
0
0
0
0
0
0
0
0
0
0
0
0
0
0
0
0
0
0
0
0
0
0
0
0
0
0
0
0
0
0
0
0
0
0
0
0
0
0
0
0
0
0
0
0
0
0
0
0
0
0
0
0
0
0
0
0
0
0
0
0
0
0
0
0
0
0
0
0
0
0
0
0
0
0
0
0
0
0
0
0
0
0
0
0
0
0
0
0
0
0
0
0
0
0
0
0
0
0
0
0
0
0
0
0
0
0
0
0
0
0
0
0
0
0
0
0
0
0
0
0
0
0
0
0
0
0
0
0
0
0
0
0
0
0
0
0
0
0
0
0
0
0
0
0
0
0
0
0
0
0
0
0
0
0
0
0
0
0
0
0
0
0
0
0
0
0
0
0
0
0
0
0
0
0
0
0
0
0
0
0
0
0
0
0
0
0
0
0
0
0
0
0
0
0
0
0
0
0
0
0
0
0
0
0
0
0
0
0
0
0
0
0
0
0
0
0
0
0
0
0
0
0
0
0
0
0
0
0
0
0
0
0
0
0
0
0
0
0
0
0
0
0
0
0
0
0
0
0
0
0
0
0
0
0
0
0
0
0
0
0
0
0
0
0
0
0
0
0
0
0
0
0
0
0
0
0
0
0
0
0
0
0
0
0
0
0
0
0
0
0
0
0
0
0
0
0
0
0
0
0
0
0
0
0
0
0
0
0
0
0
0
0
0
0
0
0
0
0
0
0
0
0
0
0
0
0
0
0
0
0
0
0
0
0
0
0
0
0
0
0
0
0
0
0
0
0
0
0
0
0
0
0
0
0
0
0
0
0
0
0
0
0
0
0
0
0
0
0
0
0
0
0
0
0
0
0
0
0
0
0
0
0
0
0
0
0
0
0
0
0
0
0
0
0
0
0
0
0
0
0
0
0
0
0
0
0
0
0
0
0
0
0
0
0
0
0
0
0
0
0
0
0
0
0
0
0
0
0
0
0
0
0
0
0
0
0
0
0
0
0
0
0
0
0
0
0
0
0
0
0
0
0
0
0
0
0
0
0
0
0
0
0
0
0
0
0
0
0
0
0
0
0
0
0
0
0
0
0
0
0
0
0
0
0
0
0
0
0
0
0
0
0
0
0
0
0
0
0
0
0
0
0
0
0
0
0
0
0
0
0
0
0
0
0
0
0
0
0
0
0
0
0
0
0
0
0
0
0
0
0
0
0
0
0
0
0
0
0
0
0
0
0
0
0
0
0
0
0
0
0
0
0
0
0
0
0
0
0
0
0
0
0
0
0
0
0
0
0
0
0
0
0
0
0
0
0
0
0
0
0
0
0
0
0
0
0
0
0
0
0
0
0
0
0
0
0
0
0
0
0
0
0
0
0
0
0
0
0
0
0
0
0
0
0
0
0
0
0
0
0
0
0
0
0
0
0
0
0
0
0
0
0
0
0
0
0
0
0
0
0
0
0
0
0
0
0
0
0
0
0
0
0
0
0
0
0
0
0
0
0
0
0
0
0
0
0
0
0
0
0
0
0
0
0
0
0
0
0
0
0
0
0
0
0
0
0
0
0
0
0
0
0
0
0
0
0
0
0
0
0
0
0
0
0
0
0
0
0
0
0
0
0
0
0
0
0
0
0
0
0
0
0
0
0
0
0
0
0
0
0
0
0
0
0
0
0
0
0
0
0
0
0
0
0
0
0
0
0
0
0
0
0
0
0
0
0
0
0
0
0
0
0
0
0
0
0
0
0
0
0
0
0
0
0
0
0
0
0
0
0
0
0
0
0
0
0
0
0
0
0
0
0
0
0
0
0
0
0
0
0
0
0
0
0
0
0
0
0
0
0
0
0
0
0
0
0
0
0
0
0
0
0
0
0
0
0
0
0
0
0
0
0
0
0
0
0
0
0
0
0
0
0
0
0
0
0
0
0
0
0
0
0
0
0
0
0
0
0
0
0
0
0
0
0
0
0
0
0
0
0
0
0
0
0
0
0
0
0
0
0
0
0
0
0
0
0
0
0
0
0
0
0
0
0
0
0
0
0
0
0
0
0
0
0
0
0
0
0
0
0
0
0
0
0
0
0
0
0
0
0
0
0
0
0
0
0
0
0
0
0
0
0
0
0
0
0
0
0
0
0
0
0
0
0
0
0
0
0
0
0
0
0
0
0
0
0
0
0
0
0
0
0
0
0
0
0
0
0
0
0
0
0
0
0
0
0
0
0
0
0
0
0
0
0
0
0
0
0
0
0
0
0
0
0
0
0
0
0
0
0
0
0
0
0
0
0
0
0
0
0
0
0
0
0
0
0
0
0
0
0
0
0
0
0
0
0
0
0
0
0
0
0
0
-3.37508e-14
0
0
0
0
0
0
-2.23821e-13
0
0
0
0
0
0
-1.77636e-15
0
0
0
0
0
0
0
0
0
0
0
0
0
0
0
0
0
0
0
0
0
0
0
0
0
0
0
0
0
0
0
0
0
0
0
0
0
0
0
0
0
0
0
0
0
0
0
0
0
0
0
0
0
-2.6823e-13
0
0
0
0
0
0
0
0
0
0
0
0
0
0
0
0
0
0
0
0
0
0
0
0
0
0
0
0
0
0
0
-2.66454e-14
0
0
0
0
0
0
0
0
0
0
0
0
0
0
0
0
0
0
0
0
0
0
0
0
0
0
0
0
0
0
0
0
0
0
0
0
0
0
0
0
0
0
0
0
0
0
0
0
0
0
0
0
0
0
0
0
0
0
0
0
0
0
0
0
0
0
0
0
0
0
0
0
0
0
0
0
0
0
0
0
0
0
0
0
0
0
0
0
0
0
0
0
0
0
0
0
0
0
0
0
0
0
0
0
0
0
0
0
0
0
0
0
0
0
0
0
0
0
0
0
0
0
0
0
0
0
0
0
0
0
0
0
0
0
0
0
0
0
0
0
0
0
0
0
0
0
0
0
0
0
0
0
0
0
0
0
0
0
0
0
0
0
0
0
0
0
0
0
0
0
0
0
0
0
0
0
0
0
0
0
0
0
0
0
0
-4.44089e-16
0
0
-4.44089e-16
0
0
0
0
0
0
0
0
0
0
0
0
0
0
0
0
0
0
0
0
0
0
0
0
0
0
0
0
0
0
0
0
0
0
0
-4.44089e-16
0
-4.44089e-16
0
0
0
0
0
0
0
0
0
0
0
0
0
0
0
0
0
0
0
0
0
0
0
0
0
0
0
0
0
0
0
0
0
0
0
0
0
0
0
0
0
0
0
0
0
0
0
0
0
0
0
0
0
0
0
0
0
0
0
0
0
0
0
0
0
0
0
0
0
0
0
0
0
0
0
0
0
0
0
0
0
0
0
0
0
0
0
0
0
0
0
0
0
0
0
0
0
0
0
0
0
0
0
0
0
0
0
0
0
0
0
0
0
0
0
0
0
0
0
0
0
0
0
0
0
0
0
0
0
0
0
0
0
0
0
0
0
0
0
0
0
0
0
0
0
0
0
0
0
0
0
0
0
0
0
0
0
0
0
0
0
0
0
0
0
0
0
0
0
0
0
0
0
0
0
0
0
0
0
0
0
0
0
0
0
0
0
0
0
0
0
0
0
0
0
0
0
0
0
0
0
0
0
0
0
0
0
0
0
0
0
0
0
0
0
0
0
0
0
0
0
0
0
0
0
0
0
0
0
0
0
0
0
0
0
0
0
0
0
0
0
0
0
0
0
0
0
0
0
0
0
0
0
0
0
0
0
0
0
0
0
0
0
0
0
0
0
0
0
0
0
0
0
0
0
0
0
0
0
0
0
0
0
0
0
0
0
0
0
0
0
0
0
0
0
0
0
0
0
0
0
0
0
0
0
0
0
0
0
0
0
0
0
0
0
0
0
0
0
0
0
0
0
0
0
0
0
0
0
0
0
0
0
0
0
0
0
0
0
0
0
0
0
0
0
0
0
0
0
0
0
0
0
0
0
0
0
0
0
0
0
0
0
0
0
0
0
0
0
0
0
0
0
0
0
0
0
0
0
0
0
0
0
0
0
0
0
0
0
0
0
0
0
0
0
0
0
0
0
0
0
0
0
0
0
0
0
0
0
0
0
0
0
0
0
0
0
0
0
0
0
0
0
0
0
0
0
0
0
0
0
0
0
0
0
0
0
0
0
0
0
0
0
0
0
0
0
0
0
0
0
0
0
0
0
0
0
0
0
0
0
0
0
0
0
0
0
0
0
0
0
0
0
0
0
0
0
0
0
0
0
0
0
0
0
0
0
0
0
0
0
0
0
0
0
0
0
0
0
0
0
0
0
0
0
0
0
0
0
0
0
0
0
0
0
0
0
0
0
0
0
0
0
0
0
0
0
0
0
0
0
0
0
0
0
0
0
0
0
0
0
0
0
0
0
0
0
0
0
0
0
0
0
0
0
0
0
0
0
0
0
0
0
0
0
0
0
0
0
0
0
0
0
0
0
0
0
0
0
0
0
0
0
0
0
0
0
0
0
0
0
0
0
0
0
0
0
0
0
0
0
0
0
0
0
0
0
0
0
0
0
0
0
0
0
0
0
0
0
0
0
0
0
0
0
0
0
0
0
0
0
0
0
0
0
0
0
0
0
0
0
0
0
0
0
0
0
0
0
0
0
0
0
0
0
0
0
0
0
0
0
0
0
0
0
0
0
0
0
0
0
0
0
0
0
0
0
0
0
0
0
0
0
0
0
0
0
0
0
0
0
0
0
0
0
0
0
0
0
0
0
0
0
0
0
0
0
0
0
0
0
0
0
0
0
0
0
0
0
0
0
0
0
0
0
0
0
0
0
0
0
0
0
0
0
0
0
0
0
0
0
0
0
0
0
0
0
0
0
0
0
0
0
0
0
0
0
0
0
0
0
0
0
0
0
0
0
0
0
0
0
0
0
0
0
0
0
0
0
0
0
0
0
0
0
0
0
0
0
0
0
0
0
0
0
0
0
0
0
0
0
0
0
0
0
0
0
0
0
0
0
0
0
0
0
0
0
0
0
0
0
0
0
0
0
0
0
0
0
0
0
0
0
0
0
0
0
0
0
0
0
0
0
0
0
0
0
0
0
0
0
0
0
0
0
0
0
0
0
0
0
0
0
0
0
0
0
0
0
0
0
0
0
0
0
0
0
0
0
0
0
0
0
0
0
0
0
0
0
0
0
0
0
0
0
0
0
0
0
0
0
0
0
0
0
0
0
0
0
0
0
0
0
0
0
0
0
0
0
0
0
0
0
0
0
0
0
0
0
0
0
0
0
0
0
0
0
0
0
0
0
0
0
0
0
0
0
0
0
0
0
0
0
0
0
0
0
0
0
0
0
0
0
0
0
0
0
0
0
0
0
0
0
0
0
0
0
0
0
0
0
0
0
0
0
0
0
0
0
0
0
0
0
0
0
0
0
0
0
0
0
0
0
0
0
0
0
0
0
0
0
0
0
0
0
0
0
0
0
0
0
0
0
0
0
0
0
0
0
0
0
0
0
0
0
0
0
0
0
0
0
0
0
0
0
0
0
0
0
0
0
0
0
0
0
0
0
0
0
0
0
0
0
0
0
0
0
0
0
0
0
0
0
0
0
0
0
0
0
0
0
0
0
0
0
0
0
0
0
0
0
0
0
0
0
0
0
0
0
0
0
0
0
0
0
0
0
0
0
0
0
0
0
0
0
0
0
0
0
0
0
0
0
0
0
0
0
0
0
0
0
0
0
0
0
0
0
0
0
0
0
0
0
0
0
0
0
0
0
0
0
0
0
0
0
0
0
0
0
0
0
0
0
0
0
0
0
0
0
0
0
0
0
0
0
0
0
0
0
0
0
0
0
0
0
0
0
0
0
0
0
0
0
0
0
0
0
0
0
0
0
0
0
0
0
0
0
0
0
0
0
0
0
0
0
0
0
0
0
0
0
0
0
0
0
0
0
0
0
0
0
0
0
0
0
0
0
0
0
0
0
0
0
0
0
0
0
0
0
0
0
0
0
0
0
0
0
0
0
0
0
0
0
0
0
0
0
0
0
0
0
0
0
0
0
0
0
0
0
0
0
0
0
0
0
0
0
0
0
0
0
0
0
0
0
0
0
0
0
0
0
0
0
0
0
0
0
0
0
0
0
0
0
0
0
0
0
0
0
0
0
0
0
0
0
0
0
0
0
0
0
0
0
0
0
0
0
0
0
0
0
0
0
0
0
0
0
0
0
0
0
0
0
0
0
0
0
0
0
0
0
0
0
0
0
0
0
0
0
0
0
0
0
0
0
0
0
0
0
0
0
0
0
0
0
0
0
0
0
0
0
0
0
0
0
0
0
0
0
0
0
0
0
0
0
0
0
0
0
0
0
0
0
0
0
0
0
0
0
0
0
0
0
0
0
0
0
0
0
0
0
0
0
0
0
0
0
0
0
0
0
0
0
0
0
0
0
0
0
0
0
0
0
0
0
0
0
0
0
0
0
0
0
0
0
0
0
0
0
0
0
0
0
0
0
0
0
0
0
0
0
0
0
0
0
0
0
0
0
0
0
0
0
0
0
-4.44089e-16
0
0
-6.21725e-15
2.66454e-15
2.66454e-15
1.77636e-15
8.88178e-16
-1.1191e-13
4.44089e-15
2.30926e-14
2.30926e-14
7.99361e-15
2.35367e-14
-1.07114e-12
0
-4.44089e-16
0
0
0
0
0
0
6.21725e-15
2.04281e-14
2.04281e-14
7.10543e-15
2.04281e-14
-9.78773e-13
2.66454e-15
1.77636e-15
1.33227e-15
8.88178e-16
4.44089e-16
-6.57252e-14
0
0
0
0
0
0
0
0
0
0
0
0
0
0
-1.77636e-15
0
0
0
0
0
0
0
0
0
0
0
0
0
0
0
0
0
0
0
0
0
0
0
0
0
0
0
-3.10862e-15
0
-8.88178e-16
0
-4.44089e-16
0
0
-2.66454e-15
-2.66454e-15
0
-4.44089e-16
0
-1.33227e-15
0
4.44089e-16
0
-2.79776e-14
-8.43769e-15
0
-1.33227e-15
-4.44089e-16
0
0
-1.77636e-15
0
-2.22045e-15
0
-4.44089e-16
0
-8.88178e-16
4.44089e-16
0
-2.35367e-14
-8.88178e-16
0
-7.10543e-15
0
0
0
0
0
0
0
0
0
0
0
0
-2.66454e-15
-4.44089e-16
0
0
0
0
0
0
0
0
0
0
0
0
0
0
0
0
0
0
0
0
0
0
0
0
0
0
0
0
0
0
0
0
0
0
0
0
0
0
0
0
0
0
0
0
0
0
0
0
0
0
0
0
0
0
-1.77636e-15
0
0
0
0
0
0
0
0
-1.58096e-13
-1.68932e-12
-8.88178e-14
-1.51399e-11
1.61648e-13
-1.43991e-11
3.10862e-14
-7.79821e-13
-3.19744e-14
-8.88178e-16
0
0
-6.66134e-16
4.44089e-15
-8.88178e-16
-9.32587e-15
0
2.66454e-15
3.86358e-14
1.9984e-15
0
0
-7.54952e-15
0
3.24185e-14
3.10862e-15
8.88178e-16
-8.88178e-16
0
-8.88178e-16
3.55271e-15
2.22045e-16
0
0
0
0
0
0
0
0
0
0
0
0
0
0
0
0
0
0
0
0
0
0
0
0
0
0
0
0
0
0
0
0
0
0
0
0
0
0
0
0
0
0
0
0
0
0
0
0
0
0
0
0
0
0
0
0
0
0
0
0
0
0
0
0
0
0
0
0
0
0
0
0
0
0
0
0
0
0
0
0
0
0
0
0
0
0
0
0
0
0
0
0
0
0
0
0
0
0
0
0
0
0
0
0
0
0
0
0
0
0
0
0
0
0
0
0
0
0
0
0
0
0
0
0
0
0
0
0
0
0
0
0
0
0
0
0
0
0
0
0
0
0
0
0
0
0
0
0
0
0
0
0
0
0
0
0
0
0
0
0
0
0
0
0
0
0
0
0
0
0
0
0
0
0
0
0
0
0
0
0
0
0
0
0
0
0
0
0
0
0
0
0
0
0
0
0
0
0
0
0
0
0
0
0
0
0
0
0
0
0
0
0
0
2.84217e-14
3.05533e-13
-6.15614e-11
1.56319e-13
3.19744e-13
2.27374e-13
0
0
0
0
-3.55271e-15
0
-3.55271e-15
0
0
0
0
0
0
0
0
0
0
-4.76843e-10
-6.78943e-08
-9.29132e-11
-5.46811e-10
-4.66326e-10
-9.29097e-11
5.96229e-10
-3.26142e-10
5.09436e-10
-7.14316e-08
-5.09934e-10
-1.33811e-09
-5.17401e-10
-8.01328e-10
6.11004e-09
-8.84875e-08
-9.23013e-08
-7.81322e-08
-1.06008e-10
1.00924e-11
-2.21315e-09
-2.37943e-12
-1.77263e-11
-2.61036e-12
-1.33169e-11
1.9245e-11
-2.37144e-13
1.15463e-14
-3.96128e-13
-4.44089e-16
-3.9968e-15
-4.44089e-16
-2.66454e-15
5.32907e-15
1.776e-11
1.77138e-11
5.81046e-12
4.33964e-12
-6.39488e-14
4.1922e-13
6.82121e-13
0
-1.00364e-13
-8.17124e-14
-3.55271e-15
-3.55271e-15
1.77636e-15
1.77636e-15
1.77636e-15
1.77636e-15
1.77636e-15
1.77636e-15
1.77636e-15
1.77636e-15
1.69624e-10
3.20695e-09
-1.00863e-09
-4.94657e-08
-9.88415e-08
-5.25843e-10
-1.44924e-09
-1.00885e-09
-5.27604e-10
6.87947e-09
-7.94734e-08
-1.02053e-07
-8.67708e-08
-9.32883e-11
5.74239e-10
5.85338e-10
1.03e-08
-5.68882e-07
4.22577e-10
9.9643e-09
8.15976e-10
-5.6535e-07
-6.26713e-08
-7.46279e-11
-4.89981e-10
-4.49677e-10
-7.5155e-11
5.10221e-10
7.48134e-10
-1.04231e-09
2.25711e-10
2.91345e-09
-4.615e-08
-7.72023e-09
-2.31815e-12
2.35653e-10
2.28363e-10
-3.03988e-11
-4.52971e-14
-2.2693e-13
-3.27738e-13
-4.35207e-14
3.89022e-13
7.19647e-13
-1.37083e-10
-4.7935e-12
1.14575e-13
2.28706e-12
-2.47491e-12
-4.44089e-16
5.41789e-14
9.41469e-14
-1.01252e-13
0
0
0
0
0
1.77636e-15
-6.43929e-14
4.44089e-16
-1.9984e-15
-4.44089e-16
1.77636e-15
-1.04374e-07
-9.24812e-09
-1.53837e-08
-8.41394e-09
-1.0263e-08
-1.32784e-08
-9.53395e-08
-1.04637e-08
-6.03976e-07
8.03388e-08
-1.3999e-07
6.58125e-07
-3.08265e-07
-5.33957e-09
-4.36736e-08
1.32808e-06
-5.25444e-06
1.62618e-05
-4.70223e-07
2.72374e-06
-1.51152e-09
6.75505e-09
-3.92609e-07
-4.64798e-08
-1.40075e-06
-1.75758e-06
5.44208e-06
8.64898e-07
5.70556e-07
-1.49233e-08
1.02672e-08
-8.89919e-09
-1.44578e-08
-8.61475e-08
-9.41881e-09
-1.01628e-07
-8.78766e-09
-1.01566e-08
1.66034e-08
-8.16772e-08
-9.53344e-09
2.12752e-07
-1.74045e-09
5.69652e-10
4.17568e-09
7.64701e-09
5.84004e-09
2.31467e-09
-2.5599e-08
-1.48462e-08
-1.48626e-08
-2.78746e-11
1.44702e-11
2.83068e-10
1.51748e-10
3.73137e-11
4.22831e-11
-5.06262e-13
3.31291e-13
3.58913e-12
2.45182e-12
1.71951e-12
7.99805e-13
0
3.9968e-14
6.52811e-14
6.26166e-14
6.26166e-14
5.9508e-14
0
-7.10543e-15
0
0
0
0
0
-4.88498e-15
0
0
0
0
-1.77636e-15
0
0
-1.77636e-15
0
0
0
0
0
0
-1.22846e-11
-5.07655e-09
3.29026e-11
3.58715e-11
2.13018e-10
6.74108e-09
3.35927e-10
7.20859e-11
-2.3349e-07
-5.16427e-11
2.0701e-11
-5.42899e-13
2.54354e-10
-4.5643e-11
5.62468e-09
1.03486e-09
-2.16445e-07
2.4083e-12
2.56621e-10
1.00865e-09
-1.11982e-07
2.90925e-11
1.79498e-10
-2.60499e-09
4.73843e-13
2.74372e-11
-2.91174e-11
6.9444e-11
-9.73977e-10
3.64529e-09
-7.28286e-08
-2.84723e-11
2.86882e-13
7.89022e-11
1.0585e-10
2.67655e-09
-1.18782e-09
-5.67027e-08
-9.55582e-10
-5.06982e-08
-3.64182e-11
7.59885e-11
8.24842e-11
-5.48592e-09
5.42011e-11
-1.87459e-11
2.30985e-10
6.17626e-11
6.52632e-09
-2.22014e-07
3.18751e-10
6.39887e-09
-2.43235e-07
9.83746e-12
-4.85083e-11
2.68567e-10
-1.19983e-07
2.32892e-10
2.20462e-10
-2.41283e-09
4.44977e-13
1.81681e-11
6.30043e-11
1.21527e-10
2.43805e-09
-5.40857e-08
-1.05459e-09
2.71555e-09
6.37269e-10
-7.17003e-08
-2.05911e-11
1.33449e-12
1.2083e-11
6.77258e-11
-4.77561e-08
6.55631e-11
8.94262e-12
4.70468e-11
-1.33893e-12
-5.65015e-11
1.82077e-14
2.06279e-13
1.13554e-12
2.02816e-10
1.1035e-10
4.26326e-14
3.07043e-12
4.87255e-12
-1.31939e-12
1.28904e-10
2.56655e-11
3.89111e-12
1.20026e-11
3.10418e-13
2.07123e-12
-1.35758e-12
-8.88178e-16
2.75335e-14
3.64153e-14
1.2923e-13
3.43903e-12
-1.89559e-12
6.7546e-13
2.41362e-13
-6.12843e-14
0
8.43769e-15
3.4639e-14
6.43929e-14
3.55271e-15
1.19904e-14
-4.44089e-16
-1.42109e-14
0
0
0
4.39648e-14
5.30687e-14
0
6.66134e-16
8.88178e-16
0
2.57572e-14
1.13243e-14
4.44089e-16
6.21725e-15
0
4.44089e-16
-1.33227e-15
0
0
0
0
2.22045e-15
-8.88178e-16
8.88178e-16
4.44089e-16
0
0
0
0
0
0
0
3.97904e-13
5.00933e-13
0
6.21725e-15
6.21725e-15
4.88498e-15
3.55271e-15
1.33227e-15
-1.59872e-14
1.13687e-13
9.59233e-14
0
0
0
0
0
0
0
0
0
0
0
0
0
0
0
0
0
0
0
0
0
0
0
0
0
0
0
0
0
0
0
0
0
0
0
0
0
0
0
0
0
0
0
0
0
0
0
0
0
0
0
0
0
0
0
0
0
0
0
0
0
0
0
0
0
0
0
0
-2.89546e-13
-3.55893e-12
-3.1708e-13
-5.26246e-13
-3.84137e-13
-1.66533e-14
1.77636e-14
-1.47171e-12
4.21885e-14
-1.68665e-12
-2.25597e-12
-2.56106e-12
-4.00302e-12
-3.72236e-12
2.66454e-14
2.15383e-13
-2.59792e-14
-6.54499e-12
3.43281e-13
-2.4829e-12
3.68416e-12
-1.55698e-12
-3.77787e-12
-3.97771e-12
1.19904e-14
2.46025e-13
2.35367e-14
-7.75335e-12
4.20997e-13
1.67422e-12
-2.46914e-13
-2.45137e-13
-4.12115e-13
-4.03233e-13
4.38938e-12
-1.95399e-14
-5.77316e-15
-1.10001e-12
1.9984e-15
1.64313e-14
1.2168e-13
-1.02141e-14
-9.76996e-15
-1.59872e-14
-7.54952e-15
1.88294e-13
-8.88178e-16
-4.44089e-16
-3.01981e-14
0
4.44089e-16
6.21725e-15
-4.44089e-16
-4.44089e-16
-4.44089e-16
-4.44089e-16
3.55271e-15
0
0
-4.44089e-16
0
0
0
0
0
0
0
0
0
0
0
0
0
0
0
0
0
0
0
0
0
0
0
0
0
0
0
0
0
0
0
0
0
0
0
0
0
0
0
0
0
0
0
0
0
0
0
0
0
0
0
0
0
0
0
0
0
0
0
0
0
0
0
0
0
0
0
0
0
0
0
0
0
0
0
0
0
0
0
0
0
0
0
0
2.53131e-14
-1.32427e-12
4.79616e-14
-4.66294e-15
-1.38378e-12
2.22045e-14
-1.57518e-12
-1.66533e-14
2.88658e-14
-4.39648e-14
2.51132e-13
-4.88276e-13
-2.8777e-13
-1.06581e-14
-8.53095e-13
-4.21885e-15
-6.56719e-12
1.46105e-13
2.68674e-13
-6.2097e-12
4.10783e-13
-6.86962e-12
8.88178e-16
1.50546e-13
5.42233e-13
-6.40821e-13
2.14051e-13
-4.54303e-13
4.06342e-14
-1.39666e-13
9.76996e-15
-6.46638e-12
1.40776e-13
-2.24709e-13
-4.70601e-12
1.28786e-14
9.99201e-14
-5.98366e-12
2.93099e-14
3.13083e-13
-1.81632e-13
4.54303e-13
5.81535e-13
-3.91687e-13
4.88942e-13
6.75016e-13
-2.02061e-14
-7.02549e-13
5.32907e-15
3.15303e-14
-1.9984e-14
-1.26565e-12
2.13163e-14
-1.16573e-12
3.90799e-14
-2.53131e-14
3.02647e-13
-3.51941e-13
2.08722e-14
1.52545e-13
6.52811e-14
-1.77636e-15
-2.22045e-14
2.22045e-16
1.33227e-15
-8.88178e-16
-8.26006e-14
1.33227e-15
-6.39488e-14
1.77636e-15
-2.24265e-14
8.88178e-16
2.88658e-15
3.10862e-15
4.04121e-14
3.77476e-15
0
0
0
0
0
-8.88178e-16
0
-8.88178e-16
0
0
4.44089e-16
-6.66134e-16
0
0
0
0
0
0
0
0
0
0
0
0
0
0
0
0
0
0
0
0
0
0
0
0
0
0
0
0
0
0
0
0
0
0
0
0
0
0
0
0
0
0
0
0
0
0
0
0
0
0
0
0
0
0
0
0
0
0
0
0
0
0
0
0
0
0
0
0
0
0
0
0
0
0
0
0
0
0
0
0
-6.21725e-15
0
0
0
0
0
0
0
0
0
0
-4.44089e-16
4.44089e-16
4.44089e-16
3.55271e-15
-4.44089e-16
2.22045e-16
3.55271e-15
2.22045e-16
0
0
-4.44089e-16
-4.44089e-16
0
4.44089e-16
0
0
0
0
0
0
0
0
0
0
0
0
0
0
0
0
4.44089e-16
0
-4.44089e-16
0
3.55271e-15
0
0
-3.10862e-15
2.22045e-16
6.66134e-16
-4.44089e-16
8.88178e-16
0
-4.44089e-16
0
0
0
0
0
0
0
0
0
0
0
0
0
0
0
0
0
0
0
0
0
0
0
0
0
0
0
0
0
0
0
0
-1.59695e-06
5.6727e-06
8.99556e-07
-3.91214e-06
1.47565e-05
1.64839e-06
4.34512e-05
1.69174e-06
4.26861e-08
5.1971e-08
-1.62596e-08
1.38362e-08
3.63967e-08
1.7698e-08
-5.41142e-09
5.99832e-08
2.66266e-08
4.17228e-08
-5.51197e-06
1.57841e-05
2.65602e-06
-3.93937e-06
1.50388e-05
1.66465e-06
4.38302e-05
5.38677e-08
4.42295e-08
1.99895e-08
5.68182e-08
1.51035e-08
3.58425e-08
3.90933e-08
2.56363e-08
2.25077e-07
-3.27608e-05
-4.48741e-07
-3.37655e-09
2.03769e-08
4.42002e-06
-2.8969e-06
1.1738e-06
-5.8413e-08
5.79547e-08
-1.0432e-06
3.47553e-09
1.32586e-05
-1.04163e-06
3.56034e-08
1.15175e-07
-1.00637e-05
5.59696e-09
-9.25804e-07
-3.86433e-07
1.84686e-08
1.22665e-05
3.15953e-06
7.02754e-08
3.99818e-06
1.03264e-06
5.12078e-08
-1.01891e-08
2.37309e-07
-1.78893e-07
2.91871e-07
1.42096e-06
6.58862e-10
-2.36365e-08
-2.321e-08
1.15973e-09
-1.41504e-08
-1.52067e-07
-4.35678e-07
-4.97585e-08
-3.6192e-07
6.35346e-09
1.37423e-07
1.99511e-06
-4.66569e-08
8.48587e-07
5.93583e-09
3.31409e-09
-2.75303e-07
-4.08324e-08
1.47277e-08
-3.40806e-07
-1.40255e-07
-1.41204e-07
7.74874e-07
1.8627e-06
6.67873e-09
-1.56864e-07
6.30561e-07
-1.87366e-07
2.64817e-07
1.44409e-06
-2.64147e-08
1.43637e-09
2.51078e-09
-2.50757e-08
1.0419e-07
-9.56977e-07
1.24138e-07
-1.23958e-07
2.63037e-07
-3.68863e-08
-3.3993e-08
-2.98437e-07
3.65545e-07
8.69924e-08
-2.86904e-07
3.20794e-08
-2.64984e-07
-2.29258e-07
-1.06958e-07
-3.64566e-08
-1.15507e-07
3.33602e-07
)
;

boundaryField
{
    ground
    {
        type            calculated;
        value           uniform 0;
    }
    outlet
    {
        type            calculated;
        value           uniform 0;
    }
    wall
    {
        type            calculated;
        value           uniform 0;
    }
    wall2
    {
        type            calculated;
        value           uniform 0;
    }
    wall3
    {
        type            calculated;
        value           uniform 0;
    }
    internalPatch
    {
        type            internal;
        value           nonuniform List<scalar> 0();
    }
    procBoundary0to1
    {
        type            processor;
        value           nonuniform List<scalar> 
212
(
0
0
0
0
0
0
0
0
0
0
0
0
0
0
0
0
0
0
0
0
0
0
0
0
0
0
0
0
0
4.44089e-16
4.44089e-16
0
0
3.10862e-15
3.55271e-15
2.57572e-14
2.62013e-14
3.19744e-14
3.15303e-14
4.44089e-15
3.9968e-15
4.84945e-13
4.9738e-13
9.18607e-11
-7.6507e-09
-8.37779e-08
-5.98055e-08
-3.30184e-07
-4.35631e-06
-8.61708e-05
-0.000925736
-0.00255024
-0.00239842
-0.000861772
-8.06302e-05
-3.04405e-06
-1.48142e-07
-7.20779e-08
-8.23451e-09
-1.79224e-10
-2.36803e-10
-2.88868e-10
-2.46606e-10
-4.95888e-11
-1.98952e-13
0
0
0
0
0
0
0
0
0
0
0
0
0
0
0
0
0
0
0
0
0
0
0
0
0
0
0
0
0
0
0
0
0
0
0
0
0
0
0
0
1.33227e-15
1.33227e-15
7.10543e-15
7.10543e-15
1.68754e-14
1.68754e-14
3.83249e-13
3.83693e-13
2.57483e-12
2.57572e-12
3.10818e-12
3.10729e-12
4.8539e-13
4.98268e-13
3.18856e-12
4.05219e-10
-3.22615e-08
-7.16828e-08
-5.60056e-08
-9.96097e-08
-2.13903e-06
-2.25619e-05
-6.72359e-05
-6.14581e-05
-2.03163e-05
-1.95534e-06
-2.73726e-07
-7.18616e-08
-1.05569e-07
-9.55309e-09
-2.07899e-10
-1.7118e-10
-2.62851e-10
-3.05834e-10
-2.39942e-10
2.90612e-12
7.10543e-15
0
0
0
0
0
0
0
0
0
0
0
0
0
0
0
0
0
0
0
0
0
0
1.77636e-15
0
0
0
0
1.33227e-15
1.33227e-15
6.66134e-15
2.22045e-15
1.73195e-14
1.77636e-14
3.85914e-13
3.93019e-13
2.641e-12
2.64233e-12
3.18279e-12
3.36753e-10
-2.75252e-08
-8.37105e-08
-9.87093e-08
-2.06398e-06
-6.88212e-07
-1.83811e-06
-5.99068e-07
-8.7178e-08
-4.9207e-08
-6.97453e-08
-6.36677e-09
-1.77474e-10
-5.43743e-12
-3.89733e-12
-2.93809e-12
-4.61853e-14
-4.44089e-14
0
0
0
-4.44089e-14
-4.44089e-14
-2.84217e-14
-3.55271e-15
1.63425e-13
3.76588e-13
2.22933e-12
7.4774e-11
-4.73479e-08
-5.97999e-08
0
)
;
    }
    procBoundary0to2
    {
        type            processor;
        value           uniform 0;
    }
    procBoundary0to3
    {
        type            processor;
        value           nonuniform List<scalar> 
222
(
0
0
0
0
0
0
0
0
0
0
0
0
0
0
0
0
0
0
0
0
0
0
0
0
0
0
0
0
0
0
0
0
0
0
0
0
0
0
0
0
0
0
0
0
0
0
0
0
0
0
0
0
0
0
0
0
0
0
0
0
0
0
0
0
0
0
0
0
0
0
0
0
0
0
0
0
0
0
0
0
0
0
0
0
0
0
0
0
0
0
0
0
0
0
0
0
0
0
0
0
0
0
0
0
0
0
0
0
0
0
0
0
0
0
0
0
0
0
0
0
0
0
0
0
0
0
0
0
0
0
0
0
0
0
0
0
0
0
0
0
0
0
0
0
0
0
0
0
0
0
0
0
0
0
0
0
0
0
0
0
0
0
0
0
0
0
0
0
0
0
0
0
0
0
0
0
0
0
0
0
0
0
0
0
0
0
0
0
0
0
0
0
0
0
0
0
0
0
0
0
0
0
0
0
0
0
0
0
0
0
0
0
0
0
0
0
0
0
0
0
0
3.55271e-14
)
;
    }
    procBoundary0to4
    {
        type            processor;
        value           nonuniform List<scalar> 
153
(
-1.42109e-14
-7.10543e-15
0
0
0
0
0
0
-2.03926e-12
-5.36389e-11
-1.19735e-10
-1.14163e-09
-1.46986e-10
-2.36078e-12
-3.93463e-12
-1.10738e-11
-6.95977e-10
-7.29982e-08
-3.34391e-07
-7.73141e-06
-8.87901e-05
-0.000265799
-0.000280978
-9.55782e-05
-8.30426e-06
-4.37555e-07
-7.59592e-08
-1.17409e-07
-5.13169e-07
-2.50573e-06
-6.299e-06
-1.07925e-10
4.98598e-09
4.28197e-10
3.80636e-10
1.22702e-09
8.68865e-10
9.34179e-10
1.05772e-09
3.32343e-10
2.94524e-10
1.78826e-11
7.36122e-12
2.08722e-13
8.9706e-14
3.55271e-15
1.33227e-15
0
0
0
0
0
0
0
0
0
0
-1.77636e-15
-7.28306e-14
-6.01901e-11
-3.68772e-12
-4.74643e-12
-5.06404e-11
-6.32163e-10
-1.04277e-08
-2.6644e-10
-3.55715e-12
-3.84759e-12
-2.94165e-12
-2.68834e-11
-3.25843e-09
-3.42027e-07
-9.77797e-08
-6.38966e-08
-1.78788e-07
-9.44563e-07
-2.83744e-06
-3.05884e-06
-1.04506e-06
-1.97965e-07
-6.38591e-07
-8.48297e-06
-4.73504e-05
-0.000120855
-3.67321e-08
4.66013e-09
9.03947e-09
-3.55424e-09
-8.05337e-09
4.20761e-09
3.25213e-09
4.16562e-09
-4.85159e-11
-8.72604e-11
-2.66276e-12
-3.61577e-12
-3.10862e-14
-4.79616e-14
4.44089e-15
4.44089e-15
0
0
0
0
0
0
-1.77636e-15
-7.72715e-14
3.55271e-15
2.84217e-14
5.77316e-15
6.21725e-15
-1.27898e-13
-2.19178e-10
-1.51934e-08
-8.15205e-08
-1.40731e-07
-1.96177e-06
-3.98515e-07
-7.89366e-06
-5.81698e-07
-3.40426e-06
-9.96251e-06
-1.07378e-05
-3.75052e-06
-5.99422e-05
-0.000473648
-0.00120966
-3.44138e-07
-1.42722e-06
-1.80427e-06
-5.93777e-07
5.36352e-08
4.07651e-09
-8.98361e-11
-4.14837e-10
-1.95666e-11
-2.41718e-12
-1.59428e-13
-8.34736e-08
-2.42531e-07
-5.22152e-06
-0.000126114
-4.63069e-05
-0.000466724
-5.61327e-05
-0.0001605
-0.000168806
-0.00130917
-0.00337721
-0.00344013
-0.00126058
-0.00129084
)
;
    }
}


// ************************************************************************* //
