/*--------------------------------*- C++ -*----------------------------------*\
  =========                 |
  \\      /  F ield         | OpenFOAM: The Open Source CFD Toolbox
   \\    /   O peration     | Website:  https://openfoam.org
    \\  /    A nd           | Version:  9
     \\/     M anipulation  |
\*---------------------------------------------------------------------------*/
FoamFile
{
    format      ascii;
    class       volVectorField;
    location    "0.0003";
    object      U;
}
// * * * * * * * * * * * * * * * * * * * * * * * * * * * * * * * * * * * * * //

dimensions      [0 1 -1 0 0 0 0];

internalField   nonuniform List<vector> 
2345
(
(0 0 9.1268e-20)
(0 0 6.1774e-20)
(3.93253e-39 0 0)
(7.84914e-18 0 1.88512e-16)
(-5.24865e-20 0 -1.00456e-15)
(-5.01823e-21 0 7.86624e-16)
(0 0 0)
(0 0 1.75033e-16)
(0 0 9.30159e-17)
(3.05551e-36 0 8.9567e-17)
(0 0 0)
(3.91331e-18 0 0)
(2.80556e-30 0 -5.55864e-16)
(1.15707e-40 0 -6.00697e-16)
(1.182e-36 0 0)
(9.40411e-18 0 -2.26828e-15)
(1.92491e-19 0 0)
(1.40013e-20 0 0)
(1.45578e-19 0 -7.60737e-16)
(0 0 0)
(0 0 0)
(3.97113e-39 0 -4.54966e-15)
(2.14874e-19 7.17414e-15 -4.36268e-15)
(0 0 -4.70967e-15)
(-5.84423e-30 -8.52581e-17 0)
(3.00011e-38 -9.26367e-16 0)
(1.07174e-25 -9.26367e-16 -2.56588e-16)
(0 -9.26367e-16 0)
(-1.24784e-22 -7.85963e-17 2.04035e-22)
(1.29254e-36 -8.90852e-16 1.00349e-15)
(1.50386e-23 -9.76771e-16 1.05914e-17)
(0 -9.17334e-16 9.217e-16)
(9.19398e-36 -1.01108e-15 -5.35142e-15)
(5.24031e-20 9.97563e-16 9.3151e-16)
(0 -1.00603e-15 -4.53318e-15)
(0 0 0)
(0 0 1.2778e-23)
(0 0 0)
(0 0 2.34811e-16)
(-1.24423e-22 0 -6.20382e-18)
(0 0 0)
(4.26846e-27 0 0)
(0 0 0)
(1.17134e-37 0 0)
(1.88516e-39 0 0)
(1.65304e-36 0 -7.30901e-15)
(1.9591e-51 0 -7.12875e-18)
(7.68211e-52 0 3.46408e-19)
(1.9863e-53 0 0)
(0 0 0)
(1.40733e-25 0 0)
(2.50361e-28 0 0)
(1.54242e-39 0 0)
(1.70693e-37 0 0)
(1.67349e-23 0 -1.03393e-15)
(3.46908e-25 0 3.46635e-19)
(0 0 0)
(0 0 0)
(0 0 0)
(0 0 0)
(0 0 0)
(0 0 0)
(0 0 0)
(0 0 4.13322e-17)
(-1.10286e-20 -1.26726e-16 -2.03185e-19)
(-7.2657e-22 -7.32915e-17 -8.20854e-18)
(-1.54768e-19 -1.34789e-16 -2.04932e-17)
(-1.00636e-21 0 -1.05027e-15)
(-2.6862e-26 0 9.64697e-16)
(-2.3137e-21 0 1.14582e-15)
(5.57079e-36 0 1.20119e-15)
(2.72975e-49 0 0)
(0 0 -6.28577e-19)
(1.12856e-34 0 -1.45642e-17)
(3.72947e-33 0 -7.37635e-16)
(2.03622e-35 0 9.83279e-15)
(2.04195e-50 0 1.11474e-15)
(0 1.41518e-16 0)
(0 0 3.17385e-18)
(1.29628e-23 0 4.61795e-17)
(1.07021e-20 0 0)
(1.47006e-22 0 0)
(1.5175e-36 0 -7.4657e-18)
(7.30996e-22 0 1.22549e-15)
(0 0 1.17926e-15)
(0 -7.49726e-18 0)
(0 -1.57442e-16 0)
(0 0 4.59671e-18)
(0 0 2.46061e-18)
(0 0 -1.20557e-15)
(0 0 -1.74195e-16)
(6.18491e-51 -1.09625e-14 7.32646e-15)
(4.13331e-50 -1.67921e-14 7.32646e-15)
(0 -1.13108e-14 0)
(0 0 0)
(0 0 0)
(0 0 0)
(9.59964e-35 -1.07329e-14 8.76649e-15)
(2.11936e-20 -1.67921e-14 1.06757e-14)
(0 -1.67921e-14 -1.08339e-14)
(0 0 0)
(-2.29907e-25 0 0)
(-8.02066e-24 -1.05978e-14 0)
(0 0 0)
(3.89131e-52 -1.67921e-14 0)
(0 0 0)
(0 0 1.27434e-14)
(3.82144e-50 -1.07595e-14 -7.89728e-15)
(1.55363e-50 -1.67921e-14 -5.03655e-17)
(0 0 0)
(0 0 -1.51286e-14)
(2.74713e-38 -1.09625e-14 0)
(0 0 6.74939e-16)
(0 0 0)
(2.267e-49 -1.67921e-14 -7.9352e-15)
(1.14422e-36 -1.09625e-14 0)
(0 0 2.25897e-15)
(0 0 0)
(0 0 0)
(0 0 -4.86053e-15)
(0 0 0)
(0 0 0)
(0 0 0)
(0 0 8.40922e-16)
(0 0 0)
(0 0 -1.47471e-14)
(-3.30302e-24 0 0)
(0 0 0)
(0 0 6.30986e-16)
(0 0 0)
(0 0 -1.83658e-14)
(0 -1.6705e-14 -1.84635e-14)
(0 -1.13108e-14 0)
(0 0 0)
(0 0 -1.80961e-14)
(0 -2.22733e-14 1.19378e-14)
(0 0 0)
(0 0 0)
(0 0 0)
(0 0 0)
(0 0 0)
(0 0 0)
(0 0 0)
(0 0 8.04885e-17)
(0 0 2.81521e-15)
(2.35693e-49 -1.67921e-14 1.00855e-17)
(0 0 0)
(0 0 0)
(2.04218e-32 0 -5.61448e-15)
(2.5699e-48 0 0)
(2.85951e-17 -1.11212e-14 1.77704e-14)
(6.81229e-18 -1.16746e-14 1.20112e-14)
(1.26189e-35 -1.09625e-14 -1.31984e-16)
(0 0 0)
(0 0 0)
(6.66795e-19 0 0)
(6.42223e-35 0 -3.00501e-26)
(1.02437e-17 -1.65826e-14 7.70316e-15)
(-2.93644e-21 -9.2833e-15 -1.56233e-15)
(0 0 0)
(9.324e-22 0 4.67842e-29)
(1.32741e-32 0 7.22862e-27)
(0 0 0)
(1.29771e-23 0 -1.01212e-18)
(1.13261e-18 0 -5.4189e-15)
(0 0 0)
(0 0 4.01869e-15)
(0 0 3.40965e-17)
(-2.16954e-15 0 -1.21296e-15)
(0 0 0)
(0 0 0)
(0 0 0)
(-7.32454e-31 0 0)
(0 0 -5.1115e-15)
(-4.23484e-29 0 0)
(0 0 0)
(0 0 0)
(0 0 0)
(0 0 2.57725e-15)
(2.15682e-25 0 0)
(1.23578e-29 0 0)
(-1.67416e-29 0 0)
(0 0 3.24012e-18)
(-1.00461e-27 0 0)
(0 0 -4.35141e-16)
(0 0 4.30143e-15)
(0 0 -3.85715e-15)
(0 0 3.85206e-15)
(-2.27622e-24 0 0)
(-5.21974e-26 0 0)
(0 0 1.29772e-14)
(0 0 1.9829e-15)
(0 0 -1.38506e-15)
(3.02306e-23 0 0)
(-1.93039e-23 0 1.8419e-14)
(2.92623e-21 0 2.03457e-24)
(-8.19616e-23 0 0)
(0 0 1.539e-15)
(-9.72504e-22 0 -9.06988e-18)
(0 0 -2.16888e-15)
(0 0 0)
(0 0 1.11364e-14)
(0 0 -2.23965e-15)
(0 -1.6705e-14 -1.55062e-14)
(0 -9.23879e-15 8.07801e-15)
(0 -2.22733e-14 -4.06118e-16)
(1.74729e-15 -2.22655e-14 -1.0448e-14)
(-7.26541e-17 -2.22655e-14 9.52625e-15)
(1.55796e-17 0 0)
(0 0 -4.66312e-16)
(-1.09958e-19 0 6.39168e-16)
(0 0 4.80452e-15)
(-1.64277e-20 0 0)
(0 0 0)
(0 0 -2.94971e-15)
(0 0 6.04905e-15)
(0 0 2.23904e-15)
(0 0 -2.89581e-15)
(0 0 1.34498e-16)
(0 0 -2.68501e-15)
(3.91094e-47 0 -2.03139e-17)
(5.25077e-16 -1.86852e-14 -4.51396e-15)
(3.28707e-16 0 -3.78063e-16)
(3.92272e-33 0 8.54027e-18)
(9.79264e-18 0 6.18375e-17)
(1.53799e-16 -2.04257e-14 7.54362e-16)
(2.93938e-32 -2.23719e-15 1.14e-17)
(0 0 1.46397e-15)
(0 0 1.43256e-16)
(0 0 5.70435e-16)
(0 0 1.70918e-14)
(0 0 0)
(0 0 0)
(0 0 0)
(0 0 0)
(0 0 0)
(0 0 0)
(0 0 0)
(0 0 0)
(0 0 0)
(0 0 0)
(0 0 0)
(0 0 0)
(0 0 0)
(0 0 0)
(0 0 0)
(0 0 0)
(0 0 0)
(0 0 -1.4964e-14)
(0 0 0)
(0 0 0)
(0 0 0)
(0 0 0)
(0 0 0)
(0 0 0)
(0 0 0)
(0 0 0)
(0 0 0)
(0 0 0)
(0 0 0)
(0 0 1.23393e-14)
(0 0 -2.01728e-14)
(0 0 0)
(0 0 2.15608e-14)
(0 0 0)
(0 0 0)
(0 0 0)
(0 0 0)
(0 0 1.14805e-14)
(0 0 0)
(0 0 0)
(0 0 0)
(0 0 -1.64422e-14)
(0 0 0)
(0 0 0)
(0 0 0)
(0 0 1.67692e-16)
(0 0 6.46535e-15)
(0 0 0)
(0 0 0)
(0 0 1.12468e-14)
(0 0 -1.79275e-15)
(0 0 -2.29707e-15)
(0 0 1.61226e-14)
(0 0 0)
(0 0 -1.15072e-14)
(0 0 -1.61226e-14)
(0 0 0)
(0 0 4.40038e-15)
(0 0 0)
(0 0 0)
(0 0 0)
(0 0 0)
(0 0 0)
(0 0 0)
(0 0 -5.09047e-15)
(0 0 2.50841e-15)
(0 0 2.54748e-14)
(0 0 0)
(0 0 0)
(0 0 -7.52523e-16)
(0 0 1.74948e-14)
(0 0 0)
(0 0 0)
(0 0 0)
(0 0 0)
(0 0 0)
(0 0 0)
(0 0 0)
(0 0 0)
(0 0 1.4945e-18)
(0 0 0)
(0 0 1.75687e-17)
(0 0 4.14488e-18)
(0 0 4.18299e-19)
(0 0 0)
(0 0 0)
(0 0 2.89616e-15)
(0 0 0)
(0 0 4.09711e-16)
(0 0 7.36629e-17)
(0 0 5.26193e-16)
(0 0 0)
(0 0 0)
(0 0 -2.91448e-15)
(0 0 0)
(0 0 -1.95438e-14)
(0 0 1.97303e-14)
(0 0 4.20509e-15)
(0 0 -6.37428e-15)
(0 0 0)
(0 0 4.45503e-15)
(0 0 0)
(0 0 -1.49073e-16)
(0 0 6.56482e-17)
(0 0 1.28267e-15)
(0 0 -1.60132e-16)
(0 0 4.60476e-16)
(0 0 -1.00182e-14)
(0 0 -2.45592e-14)
(0 0 0)
(0 0 2.36342e-14)
(0 0 -3.24302e-15)
(0 0 3.97134e-15)
(0 0 3.56746e-15)
(0 0 -2.43046e-15)
(0 0 0)
(0 0 1.85401e-14)
(0 0 3.94566e-15)
(0 0 2.42907e-14)
(0 0 0)
(0 0 -8.77157e-15)
(0 0 0)
(0 0 0)
(0 0 5.14783e-15)
(0 0 -5.01682e-16)
(0 0 -2.22361e-14)
(0 0 4.87707e-16)
(0 0 2.84859e-15)
(0 0 1.92563e-14)
(0 0 2.08103e-16)
(0 0 -1.83109e-14)
(0 0 0)
(0 0 0)
(0 0 3.64122e-15)
(0 0 2.732e-14)
(0 0 0)
(0 0 0)
(0 0 0)
(0 0 1.09964e-14)
(0 0 -5.01682e-16)
(0 0 3.35213e-15)
(0 0 2.47957e-16)
(0 0 -2.54169e-15)
(0 0 1.48865e-14)
(0 0 0)
(0 0 -9.21516e-15)
(0 0 0)
(0 0 0)
(0 0 -1.25608e-14)
(0 0 0)
(0 0 0)
(0 0 -6.46163e-16)
(0 0 1.68172e-15)
(0 0 4.57489e-15)
(0 0 0)
(0 0 1.71859e-14)
(0 0 -1.67819e-14)
(0 0 -3.71222e-15)
(0 0 1.66454e-15)
(0 0 -2.52492e-14)
(0 0 6.44187e-16)
(0 0 5.56147e-15)
(0 0 -3.43307e-15)
(0 -8.47922e-15 0)
(0 0 0)
(0 0 0)
(0 0 0)
(0 0 0)
(0 0 0)
(0 0 0)
(0 0 0)
(0 0 0)
(0 0 0)
(0 0 0)
(0 0 0)
(0 0 0)
(0 0 0)
(0 0 0)
(0 0 0)
(-1.06879e-26 -8.42511e-15 4.6887e-15)
(0 0 0)
(0 0 0)
(0 0 0)
(0 0 0)
(0 0 0)
(0 0 0)
(0 0 0)
(0 0 0)
(0 0 0)
(-4.74749e-22 -9.86947e-15 -2.82249e-17)
(0 0 0)
(0 0 0)
(0 0 0)
(2.10621e-15 5.21996e-16 1.42502e-16)
(-6.26122e-23 0 1.06852e-16)
(4.55111e-23 0 1.16783e-15)
(-1.92751e-20 -9.64562e-15 6.65104e-16)
(0 0 0)
(-3.15212e-18 0 -3.94776e-16)
(-1.10568e-16 -1.0488e-14 9.15336e-15)
(6.87528e-15 3.25493e-16 -2.74722e-15)
(1.66142e-15 1.82121e-14 8.32229e-15)
(3.22783e-17 2.51493e-19 -1.76935e-14)
(-7.00404e-20 0 -9.03898e-15)
(0 0 0)
(0 0 0)
(0 0 0)
(0 0 0)
(0 0 -1.24006e-26)
(0 0 0)
(8.41477e-19 -5.92597e-17 -3.70556e-15)
(-6.41128e-19 -5.92597e-17 3.67293e-15)
(0 0 1.28824e-20)
(5.28065e-20 0 1.38207e-16)
(2.10633e-15 5.21996e-16 1.38905e-16)
(1.02838e-31 0 1.66844e-16)
(-8.01112e-23 0 -8.88829e-15)
(3.37714e-18 0 7.65954e-17)
(0 1.00986e-19 2.77964e-16)
(1.70935e-19 0 8.18006e-17)
(0 0 7.43288e-20)
(4.46456e-27 0 -1.49929e-14)
(5.03286e-23 0 -1.71089e-15)
(2.02725e-16 0 4.05026e-15)
(0 0 3.45637e-15)
(1.50892e-23 0 0)
(0 0 1.28069e-14)
(-3.89799e-20 0 0)
(-2.63799e-19 0 6.19972e-17)
(3.11659e-18 2.49331e-31 4.86054e-15)
(0 2.88282e-33 -6.94691e-16)
(0 0 0)
(0 0 0)
(0 0 0)
(0 0 0)
(0 0 0)
(0 0 0)
(0 0 0)
(0 0 0)
(0 0 0)
(0 0 -3.40419e-26)
(0 0 0)
(0 0 -1.55431e-26)
(0 0 -2.37742e-27)
(0 0 -1.472e-26)
(0 0 0)
(3.29952e-23 0 -3.22401e-15)
(0 -1.88836e-14 9.52467e-15)
(0 0 1.98628e-16)
(0 0 2.83875e-15)
(0 0 -2.22008e-14)
(0 0 6.47866e-16)
(0 0 -6.31706e-15)
(0 0 0)
(-1.5747e-14 1.60403e-15 -4.49592e-15)
(-1.99425e-14 1.68189e-14 8.32169e-15)
(-2.21499e-15 -5.42354e-17 -3.111e-20)
(0 0 -2.25125e-14)
(0 0 8.64755e-16)
(0 0 -1.06824e-14)
(0 0 2.20063e-14)
(0 0 -2.90222e-14)
(0 0 -2.44319e-14)
(2.00953e-15 -5.40374e-16 7.15757e-16)
(-1.73539e-14 -4.73454e-16 -3.43184e-15)
(0 0 -2.06485e-16)
(0 0 0)
(0 0 0)
(0 0 -5.23128e-16)
(0 0 -2.50841e-16)
(0 0 -2.20225e-14)
(0 0 -5.53003e-18)
(0 0 2.07054e-19)
(0 0 2.04655e-16)
(0 0 0)
(0 0 2.40241e-17)
(0 0 2.37473e-18)
(0 0 -2.47884e-17)
(0 0 5.26717e-18)
(0 0 1.37091e-14)
(0 0 -4.73078e-16)
(0 0 -9.09594e-16)
(-8.73077e-21 0 -4.1443e-16)
(0 0 -1.84547e-15)
(0 0 7.82595e-16)
(-5.74667e-19 0 7.6525e-17)
(0 0 0)
(0 0 -6.64494e-16)
(0 0 -1.73011e-18)
(0 0 0)
(0 0 -1.43862e-15)
(0 0 0)
(0 0 -1.33802e-16)
(0 0 6.00976e-21)
(0 0 3.49316e-19)
(0 0 -7.13904e-15)
(0 0 -2.45908e-15)
(0 0 0)
(0 0 9.54295e-16)
(0 0 -1.13602e-15)
(0 0 9.27102e-16)
(0 0 2.23405e-14)
(3.62313e-23 1.51966e-17 2.10216e-17)
(6.221e-16 4.52775e-19 -1.24933e-15)
(1.1511e-14 4.31354e-20 8.77404e-15)
(0 0 1.1551e-15)
(0 0 3.28624e-15)
(0 0 1.51857e-14)
(0 0 -1.79039e-15)
(0 0 -1.14211e-15)
(0 1.90034e-19 -5.47208e-15)
(0 -3.12586e-22 8.42484e-20)
(0 1.1702e-20 1.08732e-23)
(0 3.91453e-19 1.83445e-17)
(0 0 -1.18073e-15)
(0 0 -1.14826e-15)
(0 0 5.50968e-17)
(0 2.583e-18 0)
(0 2.51208e-16 5.2761e-15)
(0 4.53859e-17 0)
(0 1.22382e-17 4.48825e-16)
(0 0 -3.99671e-15)
(0 0 4.85961e-18)
(0 0 -1.48731e-17)
(0 0 1.16606e-14)
(0 0 0)
(0 0 0)
(0 0 0)
(3.26997e-15 0 -7.91266e-15)
(1.65341e-14 -2.1925e-14 -8.37774e-15)
(-2.18198e-14 3.20357e-16 2.4662e-15)
(0 0 -1.23554e-14)
(0 0 -3.59138e-15)
(0 0 0)
(0 0 1.50497e-14)
(0 0 0)
(1.65782e-14 1.72399e-14 1.98352e-15)
(0 2.13212e-17 -1.28147e-15)
(3.63356e-18 4.91682e-16 7.96622e-16)
(-6.77434e-16 -5.331e-17 7.97722e-20)
(-1.09334e-19 -1.10697e-22 1.30098e-19)
(0 0 -6.79052e-16)
(0 0 -3.847e-15)
(0 0 0)
(0 0 0)
(0 0 -2.31499e-15)
(0 0 4.4324e-16)
(0 0 0)
(0 0 -1.74761e-15)
(0 0 -3.00329e-14)
(0 0 -2.75925e-15)
(0 0 0)
(2.31368e-15 0 -1.30554e-14)
(2.54966e-19 0 1.82337e-16)
(0 0 -6.45554e-15)
(0 0 -2.25517e-14)
(0 2.10006e-15 2.31995e-14)
(0 2.35335e-16 -2.14933e-14)
(0 0 -1.50505e-15)
(0 0 1.31505e-15)
(0 0 -6.96969e-16)
(0 0 6.64798e-15)
(0 0 -6.50144e-15)
(0 0 0)
(0 0 5.1101e-17)
(0 0 -2.1602e-16)
(0 0 3.37168e-16)
(0 0 -1.13025e-16)
(0 0 -3.19281e-16)
(0 0 9.79277e-17)
(0 0 1.73135e-16)
(0 0 6.37317e-15)
(0 0 1.36468e-16)
(0 0 -2.07718e-16)
(0 0 0)
(0 0 -4.19812e-15)
(0 0 3.1744e-15)
(0 0 -1.58377e-14)
(0 0 9.3431e-16)
(0 0 7.78401e-15)
(0 0 1.18162e-14)
(0 0 2.74303e-15)
(0 0 -2.90618e-15)
(0 0 0)
(0 0 0)
(0 0 0)
(0 0 0)
(0 0 0)
(0 0 -1.49997e-15)
(0 0 -2.60612e-15)
(0 0 4.31628e-15)
(0 0 5.64163e-15)
(0 0 -1.302e-14)
(0 0 2.74055e-14)
(0 0 0)
(0 0 0)
(0 0 -7.55912e-16)
(0 0 0)
(0 1.89555e-14 -2.1732e-14)
(0 0 0)
(0 1.91687e-14 1.17977e-15)
(0 0 3.11904e-15)
(0 0 1.61769e-14)
(0 0 -2.47974e-15)
(0 0 -2.37247e-14)
(0 0 1.46145e-15)
(0 0 -2.49448e-15)
(0 0 3.05467e-15)
(0 0 -1.43067e-14)
(0 1.91687e-14 -1.35464e-15)
(0 0 -1.61589e-14)
(0 1.88968e-14 4.46267e-16)
(0 0 2.46634e-14)
(0 0 -8.93849e-16)
(0 0 -2.28813e-15)
(9.3587e-15 -1.30761e-15 3.37881e-15)
(0 0 2.03745e-14)
(0 0 0)
(0 0 -1.33564e-14)
(0 -7.51247e-23 -4.004e-15)
(0 -3.71627e-25 0)
(0 -3.73385e-24 -8.41355e-17)
(0 -6.85234e-24 -1.50505e-15)
(0 0 4.3359e-15)
(0 0 -1.32728e-14)
(0 0 1.48247e-14)
(0 -1.48481e-21 1.73252e-14)
(0 -3.4834e-21 0)
(0 -2.34306e-20 -1.39049e-14)
(0 -2.07697e-22 0)
(0 0 0)
(0 0 4.2465e-15)
(0 0 1.46501e-14)
(0 -5.88565e-20 0)
(0 -3.3009e-19 1.36174e-14)
(0 -3.58575e-18 -2.05833e-14)
(0 -6.6361e-19 0)
(0 0 1.25031e-14)
(0 0 0)
(0 0 0)
(0 -3.65199e-17 0)
(0 -4.43568e-17 0)
(0 -3.9595e-16 0)
(0 -6.13382e-18 0)
(4.18049e-45 -8.32846e-16 0)
(4.24557e-36 -8.05447e-16 -1.9825e-15)
(8.20473e-31 -2.09348e-15 -3.6925e-15)
(0 0 -1.09274e-14)
(0 0 -4.38588e-19)
(0 0 -6.39019e-25)
(0 0 0)
(0 0 0)
(0 0 0)
(0 0 7.00855e-16)
(0 0 -8.20885e-17)
(0 0 5.18944e-18)
(0 0 6.82501e-17)
(0 0 7.63939e-16)
(0 0 8.97283e-15)
(0 0 3.65707e-17)
(0 0 8.32852e-22)
(0 0 0)
(0 0 7.79658e-17)
(0 1.10468e-22 -1.78242e-17)
(2.96428e-26 2.77646e-20 0)
(0 0 -5.62778e-24)
(4.14419e-28 0 0)
(0 0 -3.75214e-18)
(0 0 -8.48179e-20)
(0 0 1.67603e-20)
(0 0 2.62915e-22)
(0 0 0)
(0 0 0)
(0 0 0)
(0 0 0)
(0 0 0)
(0 0 0)
(5.33978e-42 0 0)
(0 0 0)
(0 0 -2.71857e-17)
(8.31093e-43 0 0)
(0 0 -2.71857e-17)
(0 0 0)
(0 0 0)
(0 0 0)
(0 0 0)
(0 0 0)
(2.28425e-29 0 -2.15097e-16)
(0 0 -7.22981e-17)
(0 0 6.95908e-17)
(2.45369e-41 0 5.31752e-18)
(0 0 5.97356e-17)
(0 0 1.84593e-28)
(0 0 0)
(0 0 0)
(0 0 0)
(0 0 0)
(0 8.76004e-21 -5.08588e-15)
(0 0 -1.34686e-16)
(1.01444e-36 1.98137e-15 6.40492e-17)
(0 0 -4.17833e-17)
(3.38759e-26 0 -1.96344e-17)
(0 0 -2.93799e-16)
(0 0 -1.37742e-17)
(0 0 1.53428e-18)
(0 0 -7.09804e-19)
(0 0 -8.52149e-19)
(0 0 -4.90264e-18)
(0 0 -3.51221e-19)
(0 0 1.17228e-20)
(0 0 -9.53222e-21)
(2.30832e-21 8.78924e-21 -6.68367e-15)
(0 1.40157e-16 -1.00932e-14)
(0 0 -8.56814e-17)
(7.6401e-33 1.90148e-15 8.36282e-17)
(0 0 1.0089e-18)
(0 0 -3.33638e-16)
(0 0 -1.00446e-17)
(0 0 2.02222e-18)
(0 0 4.26964e-20)
(0 0 1.79385e-21)
(0 0 0)
(0 0 1.55687e-16)
(0 0 5.11459e-26)
(0 2.16019e-18 -3.47931e-16)
(0 0 -4.63469e-17)
(0 0 -1.26227e-18)
(1.11842e-24 5.54326e-19 6.55991e-17)
(-3.69421e-19 -1.81736e-15 -7.90797e-16)
(3.25028e-26 -6.20208e-24 2.03909e-15)
(7.25311e-20 -8.16445e-19 0)
(3.76093e-18 -7.55953e-19 -8.48201e-19)
(0 0 7.19844e-17)
(0 -4.40954e-16 2.10031e-16)
(0 0 2.09282e-15)
(0 0 -1.31016e-16)
(0 0 -3.06009e-21)
(0 0 -1.12117e-15)
(0 0 -9.7529e-15)
(0 0 9.06948e-16)
(0 -1.0174e-15 1.10112e-14)
(0 0 0)
(0 0 0)
(0 0 0)
(0 0 0)
(0 0 0)
(0 0 0)
(0 0 0)
(0 0 0)
(0 0 0)
(0 0 0)
(0 0 0)
(0 0 0)
(0 0 -3.18501e-21)
(0 0 7.81351e-15)
(0 0 0)
(9.85176e-25 0 0)
(0 -1.66767e-16 0)
(0 0 0)
(0 -1.0174e-15 -6.4319e-15)
(0 -3.84832e-16 2.76446e-17)
(0 0 0)
(0 0 0)
(0 0 0)
(0 0 0)
(0 0 0)
(0 0 0)
(0 -7.57498e-16 7.95945e-16)
(0 0 0)
(0 0 0)
(1.68915e-17 0 -6.54296e-15)
(0 0 -1.05627e-15)
(0 -1.11367e-14 -1.41542e-18)
(0 0 0)
(0 0 0)
(0 0 0)
(0 0 0)
(0 0 0)
(0 0 0)
(0 0 0)
(0 0 0)
(0 0 0)
(0 0 0)
(0 0 0)
(0 0 0)
(0 0 0)
(0 0 -1.72685e-16)
(-3.02363e-18 0 1.89807e-15)
(2.40147e-16 0 7.71286e-15)
(0 0 1.32173e-16)
(7.16917e-26 0 1.25445e-14)
(2.41387e-16 0 1.05637e-16)
(0 0 1.3182e-16)
(0 0 0)
(0 0 0)
(0 0 0)
(0 0 0)
(0 0 0)
(0 0 0)
(0 0 0)
(0 0 0)
(0 0 0)
(0 0 0)
(0 0 0)
(0 0 0)
(0 0 0)
(0 0 0)
(0 0 0)
(0 0 0)
(0 0 0)
(0 0 0)
(0 0 0)
(0 0 0)
(0 0 0)
(0 0 0)
(0 0 0)
(0 0 0)
(0 0 0)
(0 0 0)
(0 0 -1.57312e-31)
(0 0 0)
(0 0 -6.8014e-33)
(0 0 2.28214e-32)
(0 0 3.73223e-31)
(4.39835e-19 0 -5.07897e-15)
(1.36368e-15 -1.2764e-15 2.42082e-15)
(0 0 0)
(0 0 0)
(0 0 4.66972e-15)
(0 0 3.95622e-19)
(0 0 0)
(0 0 -1.04161e-16)
(0 0 0)
(0 2.38151e-20 -8.60761e-20)
(0 0 -1.75513e-17)
(0 0 9.9153e-17)
(0 0 1.3218e-18)
(0 0 -1.06403e-15)
(0 0 -7.04091e-15)
(0 0 -1.03241e-15)
(-7.85538e-25 -7.50541e-15 6.53929e-15)
(0 0 0)
(-5.87114e-17 0 0)
(0 0 0)
(-1.58572e-23 0 -7.7959e-15)
(-9.24916e-25 -1.11328e-14 1.64665e-14)
(0 0 0)
(0 0 0)
(0 0 0)
(-6.08605e-21 0 0)
(-1.15322e-22 0 -3.49559e-17)
(-1.07388e-16 0 1.50482e-15)
(0 0 -4.44582e-15)
(-6.56675e-21 0 -3.48722e-17)
(-5.61122e-21 0 -4.15693e-17)
(0 0 0)
(0 0 0)
(0 0 6.69672e-30)
(0 0 0)
(0 0 -1.14821e-28)
(0 0 -1.8278e-29)
(0 0 3.69455e-30)
(-1.76562e-19 0 -7.77711e-15)
(0 -6.98181e-15 0)
(0 0 0)
(0 -9.47417e-15 1.35034e-14)
(0 0 -1.00251e-30)
(0 -9.45509e-15 -1.05091e-16)
(0 0 0)
(0 -6.98181e-15 2.36423e-20)
(0 -9.45509e-15 2.84128e-18)
(0 0 0)
(0 0 0)
(0 0 3.06124e-19)
(0 0 0)
(0 0 0)
(0 0 0)
(0 0 0)
(0 -6.99601e-15 9.55245e-16)
(0 -9.45509e-15 8.73098e-15)
(0 0 -2.74832e-33)
(0 0 0)
(0 0 0)
(0 2.34515e-15 3.52314e-15)
(0 0 0)
(0 0 0)
(0 0 0)
(0 0 2.01232e-19)
(0 0 3.99973e-24)
(0 0 0)
(-1.78666e-18 0 0)
(0 0 4.00065e-24)
(0 0 0)
(-7.77801e-17 0 5.49122e-23)
(0 -2.45067e-15 -7.79293e-16)
(0 0 -4.61035e-17)
(0 0 0)
(0 0 0)
(0 0 0)
(0 0 0)
(0 0 0)
(0 0 0)
(0 0 0)
(0 0 0)
(0 0 0)
(0 0 0)
(0 0 0)
(0 0 0)
(0 0 0)
(0 0 0)
(0 0 -5.4984e-32)
(0 0 0)
(0 0 0)
(0 0 0)
(0 0 0)
(0 0 0)
(0 0 0)
(0 0 0)
(0 0 0)
(0 0 0)
(0 0 0)
(0 0 0)
(0 0 2.43613e-19)
(0 0 0)
(0 -1.01284e-14 1.70737e-14)
(0 -2.33088e-15 1.07603e-14)
(0 0 0)
(0 0 0)
(0 0 0)
(0 0 0)
(0 0 0)
(0 0 0)
(0 0 0)
(0 0 0)
(0 0 0)
(0 0 0)
(0 0 2.10106e-19)
(0 0 6.45795e-23)
(0 0 0)
(0 0 6.27098e-22)
(0 0 0)
(0 0 0)
(0 0 0)
(0 0 0)
(0 0 0)
(0 0 0)
(0 0 0)
(0 0 0)
(0 0 0)
(0 0 0)
(0 0 0)
(0 0 0)
(0 0 0)
(0 0 0)
(0 0 0)
(0 0 0)
(0 0 0)
(0 0 0)
(0 0 0)
(0 0 0)
(0 0 0)
(6.16136e-27 -1.11367e-14 1.73148e-14)
(0 0 0)
(0 0 0)
(0 0 5.59357e-21)
(0 0 0)
(2.11921e-25 0 -9.6122e-15)
(0 0 0)
(0 0 0)
(0 0 0)
(0 0 0)
(1.50824e-14 1.4605e-14 1.42351e-14)
(1.48328e-16 0 0)
(1.74488e-17 3.28469e-18 5.30692e-15)
(3.34297e-33 0 5.39195e-18)
(2.97368e-17 0 1.89395e-17)
(2.64193e-18 0 3.21708e-18)
(5.13404e-17 9.93721e-18 9.94966e-18)
(3.23833e-46 3.75969e-29 -3.37389e-15)
(-1.79186e-15 -6.88498e-16 1.22882e-14)
(0 0 0)
(3.40065e-52 -2.41451e-19 -2.02666e-14)
(0 -4.09679e-19 -3.35062e-18)
(0 0 0)
(-4.01188e-23 0 0)
(0 0 1.83185e-28)
(0 0 3.09955e-24)
(1.12472e-22 0 0)
(0 0 -2.70885e-15)
(0 0 4.94848e-22)
(0 0 -1.36823e-14)
(0 0 -3.49258e-15)
(0 3.00257e-26 0)
(0 1.95316e-20 -7.62027e-18)
(0 0 1.40966e-18)
(0 0 0)
(-5.89648e-21 0 0)
(5.1857e-21 0 0)
(0 0 -1.71583e-14)
(0 0 0)
(0 3.47089e-19 -2.94024e-21)
(0 0 0)
(0 0 6.43685e-32)
(0 1.74168e-16 0)
(0 1.74168e-16 0)
(-2.28819e-15 0 -2.95343e-15)
(0 2.40924e-15 1.46572e-14)
(0 0 0)
(0 -1.96584e-14 1.6694e-14)
(-1.82867e-14 0 1.6705e-14)
(0 -3.02055e-20 0)
(0 -1.05447e-21 0)
(-2.67921e-15 -1.57128e-14 9.39976e-15)
(3.57049e-16 0 0)
(3.64385e-15 0 1.51045e-14)
(1.68878e-14 -3.48336e-16 1.48635e-14)
(-1.82901e-14 2.22733e-14 1.34001e-14)
(1.80613e-17 0 -1.29851e-14)
(3.30388e-52 5.53456e-19 -1.68991e-14)
(2.04688e-21 0 1.67857e-15)
(1.20183e-16 -7.57261e-18 -1.2896e-14)
(1.28766e-14 -1.85679e-14 -6.5632e-15)
(-5.11598e-17 0 -2.60732e-15)
(-3.72619e-16 -7.25864e-18 0)
(0 0 0)
(0 0 5.71027e-23)
(0 0 2.41567e-22)
(0 0 0)
(0 0 3.33903e-23)
(0 0 0)
(0 0 6.02895e-22)
(0 0 0)
(0 0 -4.4128e-20)
(-3.00593e-21 0 -5.57442e-21)
(0 0 0)
(0 0 -5.70944e-19)
(0 0 0)
(0 0 -4.59217e-20)
(0 0 0)
(0 0 0)
(0 0 1.65993e-27)
(0 0 2.99865e-27)
(0 0 0)
(0 0 0)
(0 0 3.72058e-26)
(0 0 0)
(0 0 0)
(0 0 5.84696e-23)
(0 0 7.77202e-26)
(0 0 0)
(0 0 0)
(0 0 1.58855e-24)
(0 0 0)
(0 0 5.02618e-18)
(3.44515e-21 0 -6.59898e-20)
(0 0 0)
(0 0 -6.266e-18)
(0 0 0)
(0 0 -1.03663e-16)
(0 0 0)
(0 0 -5.74149e-18)
(0 0 -4.81057e-16)
(0 0 0)
(0 0 -1.30116e-14)
(0 0 1.0967e-14)
(0 0 -2.63951e-15)
(0 0 0)
(0 0 0)
(0 0 1.83886e-21)
(0 0 6.72675e-21)
(0 0 0)
(0 0 0)
(0 0 4.63298e-20)
(0 0 0)
(0 0 2.22916e-14)
(0 -1.52825e-17 2.3862e-18)
(0 0 4.94168e-20)
(0 -1.38083e-18 4.06813e-15)
(0 0 4.13653e-16)
(0 0 9.06028e-19)
(4.29972e-18 0 7.7084e-19)
(0 0 8.97418e-16)
(0 -1.48795e-15 -7.78604e-16)
(1.05001e-15 0 -1.40251e-14)
(0 -3.19027e-17 3.0066e-17)
(5.52954e-17 0 1.36547e-14)
(5.87572e-17 0 -3.74137e-15)
(-2.01469e-14 1.40776e-24 1.6705e-14)
(0 1.78587e-14 1.6705e-14)
(0 4.03714e-29 0)
(0 -1.68762e-14 1.50655e-14)
(-1.88652e-14 -1.91532e-15 3.89377e-15)
(0 -1.54173e-15 0)
(0 -2.40551e-16 0)
(-1.45291e-14 1.91561e-22 1.35759e-14)
(1.74555e-15 1.17836e-24 0)
(1.84014e-14 2.1226e-23 1.6705e-14)
(0 0 0)
(0 0 1.01501e-21)
(0 0 3.25073e-21)
(0 0 0)
(0 0 6.20869e-21)
(0 0 0)
(0 0 2.16818e-20)
(0 0 0)
(0 0 -2.27475e-21)
(-1.41171e-19 0 6.44914e-23)
(-1.55624e-19 0 0)
(-1.92567e-18 0 -2.87074e-20)
(0 0 0)
(-1.79253e-18 0 -1.19824e-21)
(0 0 0)
(0 0 7.65891e-21)
(1.57862e-19 0 6.5191e-20)
(0 1.85786e-26 0)
(1.98617e-18 0 7.85831e-19)
(1.0726e-19 0 0)
(0 9.52065e-26 7.04569e-20)
(0 0 0)
(0 0 -6.14954e-18)
(0 0 4.92765e-21)
(0 4.40052e-25 0)
(0 2.50295e-23 9.73672e-19)
(0 2.33752e-24 9.96868e-22)
(0 2.71168e-24 1.37937e-19)
(0 -3.85678e-16 -1.36363e-14)
(5.77898e-17 0 1.36363e-14)
(3.27049e-16 -4.31347e-16 1.69524e-14)
(-4.34913e-16 1.03951e-17 6.73886e-15)
(0 0 0)
(0 0 1.60709e-18)
(0 -9.41722e-19 1.46141e-18)
(0 0 5.23798e-20)
(0 -6.27541e-20 1.7804e-18)
(0 0 0)
(0 0 2.29335e-19)
(-1.43865e-18 0 1.44477e-21)
(-2.7611e-17 0 -3.93644e-19)
(0 0 1.5424e-23)
(-2.83093e-17 0 -1.67641e-20)
(2.81312e-17 0 1.15822e-17)
(1.60824e-18 0 4.75208e-18)
(0 0 0)
(0 2.11991e-20 0)
(0 0 0)
(0 1.76589e-21 0)
(0 0 0)
(0 4.07803e-20 0)
(0 4.52297e-19 0)
(0 0 -1.51001e-15)
(1.24818e-50 0 1.04082e-15)
(4.1878e-20 0 4.22449e-15)
(0 0 -9.56957e-16)
(0 3.99553e-27 -6.64289e-15)
(0 -6.55128e-20 0)
(0 1.83364e-14 1.64718e-14)
(0 3.47481e-16 1.6705e-14)
(0 0 -1.41392e-15)
(0 0 2.74086e-16)
(0 0 2.73569e-16)
(0 0 2.73748e-16)
(0 0 0)
(0 0 0)
(0 0 0)
(0 2.8445e-17 0)
(0 2.51459e-15 0)
(0 1.17278e-16 0)
(0 3.96385e-16 0)
(0 0 0)
(0 0 0)
(0 0 0)
(0 7.20566e-19 0)
(0 9.14501e-17 0)
(0 8.6312e-18 0)
(0 6.50389e-18 0)
(0 -2.3148e-18 -4.95153e-15)
(0 2.28276e-17 -2.01589e-20)
(0 -1.39782e-16 1.96679e-15)
(1.44386e-19 3.25849e-20 5.56833e-15)
(0 0 -5.36161e-20)
(0 0 0)
(4.95242e-17 5.65921e-16 1.66608e-14)
(0 0 1.85656e-23)
(0 0 0)
(0 0 7.33642e-23)
(0 0 0)
(9.36802e-31 0 0)
(0 0 0)
(0 0 0)
(3.78359e-28 4.10351e-18 0)
(1.31902e-19 -6.19032e-17 -4.6332e-25)
(3.52664e-20 1.27703e-22 0)
(0 0 0)
(4.68839e-46 6.21941e-16 0)
(0 0 0)
(1.19424e-39 2.72527e-16 1.48959e-14)
(0 1.74168e-16 0)
(0 0 0)
(0 0 0)
(0 0 0)
(0 0 0)
(0 0 0)
(0 0 0)
(-7.08643e-24 -3.49504e-28 0)
(0 0 1.35259e-18)
(0 0 -2.69453e-19)
(0 0 0)
(0 0 0)
(0 7.43188e-28 0)
(0 0 0)
(0 4.22695e-30 0)
(0 0 0)
(0 0 0)
(0 7.35495e-29 0)
(0 9.45372e-30 0)
(0 0 0)
(3.61633e-27 9.62018e-15 0)
(1.00761e-37 2.30927e-15 -1.27205e-14)
(0 0 0)
(0 0 0)
(1.04858e-24 1.11367e-14 0)
(1.79385e-22 1.11367e-14 1.49562e-14)
(0 1.74168e-16 -1.66858e-15)
(7.7003e-18 -7.04955e-16 1.6705e-14)
(9.39291e-23 1.62532e-14 1.75663e-15)
(1.48966e-21 0 0)
(2.82287e-16 -1.8327e-14 4.08481e-15)
(1.51582e-22 0 1.66097e-14)
(6.2186e-18 5.518e-17 1.96003e-14)
(2.11994e-21 3.11047e-18 0)
(0 9.14641e-26 0)
(0 0 0)
(0 8.62552e-29 0)
(0 0 0)
(0 0 0)
(0 1.72721e-27 0)
(0 3.90789e-28 0)
(0 2.25315e-24 0)
(0 0 0)
(0 0 0)
(0 1.20097e-24 0)
(0 0 0)
(0 7.99813e-26 0)
(0 1.15782e-23 0)
(0 1.97477e-26 0)
(0 0 0)
(0 0 0)
(0 4.0354e-26 0)
(0 0 0)
(0 2.11716e-27 0)
(0 1.31941e-25 0)
(0 0 0)
(0 0 1.21971e-22)
(0 0 4.04514e-22)
(0 0 0)
(0 0 4.07395e-29)
(0 0 0)
(0 0 2.28765e-30)
(0 0 0)
(0 0 1.67402e-23)
(0 0 5.62183e-25)
(0 0 0)
(0 0 0)
(0 0 0)
(0 0 0)
(0 0 0)
(0 0 0)
(0 0 0)
(0 0 0)
(0 0 0)
(0 0 0)
(0 0 0)
(0 0 0)
(0 0 0)
(0 0 0)
(0 0 0)
(0 0 0)
(0 0 0)
(0 0 0)
(2.11765e-25 2.01469e-14 1.6705e-14)
(4.80049e-24 0 1.6705e-14)
(1.01052e-22 -3.98872e-28 0)
(4.61619e-24 -1.88467e-14 -1.45023e-15)
(7.97568e-25 -1.88513e-14 2.82856e-15)
(9.45977e-23 -1.77984e-15 1.49811e-14)
(4.99756e-24 -1.88247e-15 0)
(0 0 0)
(0 0 1.72736e-22)
(0 0 7.70931e-22)
(0 0 0)
(0 0 0)
(0 0 2.41861e-21)
(0 0 8.52039e-21)
(0 0 0)
(0 0 1.33677e-20)
(0 0 0)
(0 0 5.41045e-20)
(0 0 0)
(0 0 3.45664e-22)
(0 0 1.25896e-23)
(0 0 0)
(0 0 -4.00969e-22)
(0 0 0)
(0 0 -2.75684e-21)
(0 0 0)
(0 4.23189e-19 0)
(0 0 0)
(0 1.23377e-19 0)
(0 0 0)
(0 1.51803e-18 0)
(0 5.5951e-18 0)
(0 0 0)
(0 2.51603e-27 0)
(0 0 0)
(0 1.2231e-28 0)
(0 0 0)
(0 0 0)
(0 0 0)
(0 0 0)
(0 0 1.47034e-18)
(0 0 1.30214e-18)
(0 0 3.46827e-20)
(0 0 1.94205e-18)
(0 0 0)
(0 0 2.45606e-19)
(0 0 0)
(0 0 -2.75851e-19)
(0 0 -2.8807e-19)
(0 0 -5.4984e-21)
(0 0 -3.40753e-19)
(0 0 0)
(0 0 -4.71854e-20)
(0 0 0)
(0 2.9639e-26 0)
(0 0 0)
(0 1.87038e-27 0)
(0 0 0)
(0 0 0)
(0 0 0)
(1.49359e-20 0 3.96351e-15)
(1.27143e-21 1.02217e-25 -2.57756e-15)
(7.24814e-45 7.75503e-22 0)
(2.17752e-33 2.37148e-25 0)
(2.49383e-44 0 0)
(2.85614e-29 0 3.07569e-25)
(6.62489e-41 6.47893e-20 0)
(7.79536e-31 9.71354e-24 4.96872e-24)
(6.62639e-41 0 4.96924e-24)
(5.09658e-37 4.53311e-18 -2.7045e-20)
(2.36545e-28 6.32684e-22 -4.46534e-16)
(5.0984e-37 0 -4.47366e-16)
(1.2063e-25 2.33479e-16 -1.70575e-23)
(3.26678e-33 2.41328e-16 0)
(7.32965e-26 2.33418e-16 -1.46165e-22)
(3.26519e-33 2.41687e-16 0)
(2.2044e-16 1.30364e-22 0)
(6.94137e-15 1.96445e-14 1.6705e-14)
(2.37429e-22 0 1.2114e-14)
(9.28846e-23 7.38053e-17 2.75462e-16)
(3.69909e-21 0 -1.26006e-14)
(6.67133e-21 1.45435e-18 0)
(5.03797e-20 2.06062e-22 0)
(0 0 0)
(0 0 0)
(0 0 0)
(0 3.26148e-17 0)
(0 2.68227e-15 0)
(0 1.39325e-16 0)
(0 4.19817e-16 0)
(0 0 0)
(0 0 0)
(0 0 0)
(0 0 0)
(0 0 0)
(0 0 0)
(0 0 0)
(4.97279e-41 3.72975e-15 3.94495e-23)
(2.68449e-28 3.70434e-15 -4.18274e-15)
(1.33757e-23 3.66187e-15 3.49367e-15)
(3.72405e-19 6.08312e-21 -2.04453e-15)
(0 0 0)
(0 5.03057e-21 0)
(0 0 0)
(0 0 0)
(0 2.19431e-16 0)
(0 -2.59741e-17 -1.83717e-17)
(1.96657e-14 1.55713e-15 -5.55449e-15)
(0 0 0)
(0 3.30736e-18 0)
(0 0 0)
(0 1.8963e-21 0)
(0 0 1.35504e-14)
(2.91486e-22 2.22509e-15 0)
(0 1.56895e-14 0)
(0 0 0)
(0 0 -1.38477e-14)
(1.69688e-20 3.11735e-15 0)
(0 1.6705e-14 0)
(0 0 -4.5391e-15)
(0 2.10404e-14 1.96584e-14)
(0 2.15056e-24 0)
(0 0 0)
(0 2.62621e-25 0)
(0 0 0)
(0 0 0)
(0 6.93459e-24 0)
(0 1.10115e-26 0)
(0 0 1.45432e-14)
(9.64049e-19 5.3344e-15 -3.94941e-24)
(0 1.85639e-14 -1.87398e-17)
(0 0 9.00116e-31)
(0 0 -3.59198e-17)
(1.87774e-17 1.11326e-14 0)
(0 1.6705e-14 0)
(0 2.22733e-14 -2.31243e-17)
(0 0 1.72807e-14)
(0 0 -6.95479e-18)
(-1.1959e-16 2.20225e-14 -5.04176e-16)
(0 2.21931e-26 0)
(0 0 0)
(0 1.3398e-26 0)
(0 0 0)
(0 0 0)
(0 2.38759e-25 0)
(0 5.8056e-28 0)
(0 5.36016e-25 0)
(0 0 0)
(0 0 0)
(0 1.87844e-22 0)
(0 0 0)
(0 1.30007e-23 0)
(0 5.36597e-24 0)
(0 2.02904e-25 0)
(0 0 0)
(0 2.55242e-26 0)
(0 0 -1.44152e-14)
(0 0 0)
(0 6.6451e-25 0)
(0 1.16265e-27 0)
(0 1.15494e-22 0)
(0 0 0)
(0 0 0)
(0 6.27094e-21 0)
(0 0 0)
(0 3.60558e-22 0)
(0 2.06093e-21 0)
(0 1.13208e-23 0)
(0 0 1.3526e-14)
(0 0 0)
(0 6.98608e-22 0)
(0 0 0)
(0 3.57925e-23 0)
(0 2.21682e-22 0)
(0 2.32672e-25 0)
(0 0 0)
(0 0 -1.48867e-14)
(0 3.95775e-23 0)
(0 0 0)
(0 1.99774e-24 0)
(0 6.67242e-24 1.65045e-14)
(0 0 0)
(0 2.43126e-19 0)
(0 0 0)
(0 7.37711e-20 0)
(0 0 0)
(0 8.71364e-19 0)
(0 3.03964e-18 0)
(0 0 1.25031e-14)
(0 9.43472e-22 0)
(0 0 -1.97425e-15)
(0 8.10387e-23 -1.00654e-14)
(0 0 -1.45704e-14)
(0 1.19707e-22 1.67873e-14)
(0 2.28435e-21 0)
(0 0 0)
(0 3.17055e-20 0)
(0 0 -2.32035e-14)
(0 9.2056e-21 0)
(0 0 -1.97425e-15)
(0 1.35096e-19 0)
(0 5.29752e-19 -1.97425e-15)
(0 0 0)
(0 0 -7.52523e-16)
(0 0 0)
(0 0 0)
(0 0 1.71845e-14)
(7.25285e-37 -9.99585e-17 0)
(0 2.29704e-16 0)
(-5.4958e-15 1.38412e-14 -9.10331e-15)
(0 0 0)
(0 2.07683e-14 0)
(1.92283e-46 1.161e-14 0)
(0 0 0)
(0 1.49117e-14 -6.20366e-20)
(0 -3.50564e-29 -2.13071e-14)
(0 0 4.28211e-16)
(0 1.12357e-32 4.28211e-16)
(0 0 0)
(0 0 -2.50841e-16)
(0 0 -2.50841e-16)
(0 3.95926e-31 2.16218e-14)
(-3.64328e-26 1.12305e-14 -1.52451e-14)
(0 0 1.72289e-14)
(-3.31668e-24 2.2154e-14 1.22812e-14)
(0 0 -3.73574e-15)
(0 1.55653e-14 -1.87329e-15)
(1.44663e-37 1.11367e-14 1.21599e-16)
(0 -1.02749e-27 -2.50841e-16)
(0 0 0)
(0 -1.37134e-27 -4.76598e-15)
(0 0 6.64838e-15)
(0 0 0)
(0 -1.87797e-26 0)
(0 1.16255e-29 1.95287e-16)
(0 -5.34523e-26 0)
(0 0 -2.78003e-15)
(0 0 0)
(0 -2.03982e-23 0)
(0 0 0)
(0 -8.84344e-25 -3.20252e-18)
(0 -6.95549e-25 0)
(4.8239e-31 0 1.03318e-15)
(0 -1.60414e-26 -2.66759e-14)
(0 0 2.67099e-14)
(4.35324e-29 0 -1.73022e-15)
(0 -1.54233e-25 0)
(4.1086e-28 -7.08678e-24 -8.77001e-17)
(2.38125e-30 -1.74248e-25 -5.31414e-15)
(-2.43415e-22 2.2154e-14 -1.49622e-14)
(0 0 -2.17584e-14)
(-1.52247e-20 1.12875e-14 1.27035e-14)
(0 0 -1.00831e-14)
(1.72612e-25 0 -1.48707e-15)
(0 -2.21514e-22 2.76479e-15)
(3.05208e-27 0 2.21049e-15)
(0 -2.07267e-23 3.79685e-16)
(7.0917e-26 -2.85453e-22 3.30024e-15)
(4.07525e-24 -3.97307e-21 -2.9796e-15)
(0 0 0)
(0 -1.96225e-22 -7.48872e-16)
(0 0 0)
(0 -6.4264e-24 0)
(0 0 0)
(0 -2.9786e-23 0)
(0 -6.48668e-22 0)
(0 -2.04717e-20 0)
(2.03553e-19 0 -4.54675e-16)
(0 0 -1.01448e-14)
(5.15902e-24 0 4.49683e-16)
(0 -2.15828e-21 -3.4583e-15)
(1.94872e-22 -4.94975e-20 2.82688e-15)
(7.20814e-21 -4.73814e-19 -4.40133e-15)
(0 1.61272e-21 0)
(0 0 0)
(0 0 0)
(0 1.11054e-19 0)
(0 0 0)
(0 0 0)
(0 0 1.68648e-14)
(0 6.929e-24 0)
(0 0 -1.25421e-16)
(0 6.19914e-22 0)
(0 0 0)
(0 5.72338e-20 0)
(0 0 -6.29173e-16)
(0 6.40911e-18 -2.0594e-20)
(0 0 -1.33056e-16)
(0 0 -1.12609e-16)
(0 2.88501e-16 0)
(0 2.9186e-16 0)
(0 2.96815e-16 0)
(0 2.9682e-16 0)
(0 1.46154e-19 8.97845e-19)
(0 0 1.21556e-16)
(0 2.33422e-16 0)
(0 4.21886e-18 0)
(0 0 1.32673e-16)
(0 2.33431e-16 0)
(0 2.33426e-16 0)
(0 0 -1.61355e-14)
(1.54023e-16 -6.1594e-18 -1.82353e-17)
(1.08021e-15 1.60204e-15 1.6705e-14)
(-1.60626e-17 2.11923e-15 9.82037e-15)
(2.1243e-16 0 -2.15283e-16)
(0 -9.54617e-18 1.37948e-23)
(0 -9.54617e-18 0)
(2.13282e-36 0 -1.02172e-14)
(9.61416e-33 -2.12065e-16 -1.25421e-16)
(1.09951e-32 -2.09465e-16 0)
(-1.55247e-15 -2.13781e-16 0)
(-1.87189e-15 0 -1.92838e-14)
(-1.68853e-14 1.90957e-14 2.3745e-15)
(-2.44446e-16 -2.1373e-16 0)
(0 0 0)
(0 0 8.43714e-30)
(0 0 0)
(0 1.74579e-17 0)
(0 3.99575e-16 0)
(0 6.58367e-17 0)
(0 8.59035e-17 0)
(0 0 5.00431e-16)
(0 0 3.74889e-29)
(0 0 0)
(0 3.52802e-18 0)
(0 1.8852e-16 0)
(0 1.81167e-17 0)
(0 2.33892e-17 0)
(0 0 -9.84803e-15)
(0 1.69012e-16 1.29372e-14)
(0 0 -7.89015e-18)
(0 0 0)
(0 2.3041e-15 -2.10832e-17)
(0 0 0)
(0 0 0)
(0 -5.0385e-19 4.6328e-15)
(0 0 1.81942e-17)
(0 -1.90681e-20 3.59913e-18)
(0 0 4.82091e-19)
(0 0 -6.87866e-19)
(0 0 3.71974e-17)
(0 0 -3.9541e-17)
(2.88431e-42 0 0)
(0 0 -1.25421e-16)
(4.8765e-44 0 -2.18971e-14)
(3.94484e-45 0 0)
(4.8765e-44 0 0)
(0 0 0)
(3.37502e-42 0 8.01479e-15)
(0 1.14402e-21 -3.92637e-15)
(0 0 1.35375e-14)
(0 0 -1.47917e-14)
(0 0 0)
(0 6.20742e-20 7.97068e-18)
(0 0 -1.36147e-14)
(0 0 -4.08769e-16)
(6.64065e-37 -9.37399e-17 0)
(0 0 -1.35516e-16)
(4.65673e-41 0 -8.39233e-16)
(1.37879e-36 -7.17051e-17 0)
(0 0 -7.11246e-16)
(5.05053e-41 0 -6.64729e-15)
(1.59057e-36 -7.43688e-17 1.10112e-14)
(0 0 9.17589e-16)
(0 2.58297e-18 -8.83764e-18)
(0 0 1.52799e-14)
(0 0 1.59707e-14)
(0 1.83258e-16 8.46926e-18)
(0 1.27111e-16 0)
(0 2.31469e-16 -1.82682e-14)
(0 0 1.91842e-15)
(0 -9.88255e-18 -2.21479e-14)
(0 -3.93132e-18 9.22531e-18)
(4.88821e-17 -5.16221e-17 1.05874e-14)
(6.24286e-17 1.88675e-14 1.66087e-14)
(0 -9.88255e-18 -1.55135e-14)
(0 -4.58124e-18 1.84203e-14)
(0 0 2.27151e-16)
(0 -4.2821e-19 3.51083e-17)
(8.28872e-17 0 -2.91844e-15)
(3.96521e-18 0 2.34437e-15)
(1.51264e-19 -5.49287e-18 0)
(-2.02312e-18 -2.26561e-17 0)
(0 3.71299e-15 0)
(0 3.71233e-15 -4.6005e-15)
(2.49086e-44 3.71225e-15 0)
(0 3.71227e-15 -5.54115e-15)
(0 3.71302e-15 -7.66144e-16)
(0 3.71359e-15 7.05051e-16)
(3.10213e-40 3.72811e-15 1.22462e-16)
(0 3.71358e-15 7.745e-16)
(0 3.89806e-15 3.41298e-15)
(0 3.59243e-15 -2.47245e-15)
(1.27531e-35 2.0144e-15 1.48617e-15)
(0 3.5635e-15 -1.04131e-15)
(0 -1.30827e-16 -2.71984e-15)
(8.42786e-32 -1.61365e-15 3.07716e-15)
(0 -1.41554e-16 8.36282e-17)
(0 1.72101e-21 0)
(0 6.36012e-18 -1.30937e-19)
(0 1.12512e-19 0)
(-7.16576e-22 -6.76229e-22 -6.12405e-15)
(-2.09529e-18 -1.35141e-18 2.45182e-15)
(-7.02599e-19 0 1.72064e-16)
(-2.97533e-17 0 -1.60678e-15)
(5.69865e-24 -2.6638e-19 -1.13261e-15)
(-4.65015e-17 0 -5.28167e-20)
(-4.31078e-22 0 -7.26176e-16)
(-6.86802e-23 -2.6638e-19 -4.6017e-16)
(-5.10123e-25 -2.6638e-19 -1.1186e-15)
(1.39725e-21 -2.6638e-19 -1.17885e-15)
(0 -1.11367e-14 0)
(0 -4.13109e-17 6.4624e-18)
(0 0 0)
(0 0 0)
(0 0 0)
(0 0 0)
(0 -1.11367e-14 1.08954e-22)
(0 0 0)
(0 0 0)
(0 0 0)
(0 -4.22002e-17 0)
(0 -6.81764e-22 4.21722e-17)
(0 -4.22002e-17 5.11876e-19)
(0 -6.84046e-22 -1.43649e-19)
(0 -1.11367e-14 -3.82709e-19)
(-4.59313e-17 -2.27037e-22 1.9009e-15)
(-3.48296e-17 -1.11109e-14 1.85239e-14)
(0 0 -3.62201e-29)
(0 0 -1.46872e-29)
(-1.57832e-25 0 -2.1226e-34)
(-5.40205e-16 -2.16888e-14 -7.59417e-15)
(0 0 0)
(0 0 0)
(0 0 0)
(0 0 0)
(0 0 0)
(0 0 0)
(0 0 0)
(0 0 0)
(0 0 0)
(0 0 0)
(0 0 0)
(0 0 0)
(0 0 0)
(0 0 0)
(0 0 0)
(0 0 -1.18794e-30)
(0 0 0)
(0 0 -1.4111e-29)
(0 0 0)
(0 0 0)
(0 0 0)
(-8.55129e-17 -1.38012e-17 -6.9489e-19)
(-1.01409e-23 -1.19446e-17 -2.96039e-18)
(-4.62177e-17 -1.4778e-17 2.53439e-21)
(-2.47136e-21 -1.52659e-17 6.00956e-16)
(-2.85648e-19 -1.22296e-17 5.34699e-17)
(-4.62222e-17 -1.47778e-17 -6.80736e-19)
(3.98876e-17 -1.07936e-15 -4.68408e-24)
(-1.66059e-15 0 1.43241e-14)
(-6.51146e-17 0 7.09281e-17)
(7.91447e-16 1.48329e-15 1.66043e-14)
(0 0 0)
(0 0 3.09434e-30)
(0 0 0)
(0 0 1.79024e-29)
(0 2.41528e-15 1.26171e-21)
(0 2.4125e-15 1.53142e-15)
(0 2.38674e-15 4.3701e-15)
(-2.60484e-20 -8.19986e-18 8.24926e-16)
(0 5.25407e-28 -4.29241e-15)
(5.8778e-18 0 -1.49598e-15)
(0 1.78044e-26 2.0696e-15)
(-9.98211e-18 2.83608e-24 2.23051e-15)
(0 0 0)
(0 0 -6.57186e-28)
(-8.95628e-21 -1.236e-18 -7.40808e-16)
(0 0 1.70269e-16)
(1.49896e-15 0 -1.82847e-20)
(0 7.12689e-30 4.41109e-18)
(0 0 0)
(0 0 0)
(0 0 0)
(0 0 0)
(0 0 0)
(0 0 -6.27858e-21)
(0 0 3.47656e-26)
(-2.03029e-15 0 -1.98013e-14)
(-2.03029e-15 -4.63295e-27 -6.06671e-23)
(-2.87935e-15 0 0)
(-2.88593e-15 0 8.81909e-15)
(9.01301e-15 -2.76002e-20 -3.27433e-15)
(-1.39499e-24 0 1.73091e-18)
(0 0 -1.77598e-28)
(0 0 -4.6622e-20)
(0 0 0)
(-1.99331e-15 -3.83173e-25 1.23611e-14)
(0 0 -1.01731e-17)
(0 0 -4.21343e-36)
(1.1529e-14 -1.64748e-15 1.06119e-15)
(0 0 0)
(0 0 0)
(0 0 0)
(0 0 0)
(0 0 0)
(0 0 0)
(0 0 0)
(0 0 0)
(0 0 0)
(0 0 0)
(0 0 0)
(0 0 0)
(0 0 0)
(0 0 0)
(0 0 0)
(0 0 0)
(0 0 0)
(0 0 0)
(0 0 0)
(0 0 0)
(0 0 0)
(0 0 0)
(0 0 0)
(0 0 0)
(0 0 0)
(0 0 0)
(0 0 0)
(0 0 0)
(0 0 0)
(0 0 0)
(0 0 5.04198e-28)
(0 -1.4106e-18 0)
(0 -1.72049e-16 3.87739e-29)
(0 -6.68753e-18 0)
(0 -2.17695e-17 5.44522e-28)
(0 2.68975e-18 -5.40114e-19)
(-5.30359e-15 1.14809e-17 1.63529e-14)
(0 2.53588e-18 -1.73979e-19)
(0 0 0)
(0 0 0)
(-3.50907e-18 0 0)
(-7.72924e-17 0 4.69474e-26)
(-2.49607e-17 0 0)
(-7.37936e-16 0 1.6102e-25)
(-2.63185e-15 -1.11475e-25 -4.47647e-17)
(-2.81336e-15 -2.39684e-22 -1.53594e-15)
(-4.02092e-15 6.68208e-17 1.63324e-14)
(0 0 0)
(6.03075e-32 9.46237e-18 1.11438e-26)
(0 2.13708e-15 0)
(-4.30804e-16 0 -1.36432e-18)
(-6.7648e-19 -7.58554e-19 1.33095e-15)
(-4.8784e-15 1.98498e-14 1.62901e-14)
(0 -2.58022e-20 -2.39453e-17)
(-7.34482e-17 7.13333e-21 1.6705e-14)
(-8.95706e-17 -7.70139e-19 -4.33015e-16)
(-5.19e-19 -1.23595e-18 -6.81549e-16)
(-1.80656e-15 0 1.6705e-14)
(-2.07495e-14 3.86837e-30 0)
(-6.26277e-16 3.84271e-30 -1.35918e-14)
(-1.45317e-14 0 1.6705e-14)
(-6.82828e-17 3.90347e-30 1.48147e-15)
(-2.3632e-20 3.90347e-30 1.36533e-14)
(0 3.96721e-32 1.79208e-15)
(0 0 0)
(0 0 -2.79786e-29)
(0 0 -1.24401e-28)
(0 0 0)
(0 0 0)
(0 0 -1.071e-18)
(0 0 -5.79715e-18)
(0 4.09633e-19 -1.55971e-18)
(0 0 0)
(0 0 0)
(-5.09443e-19 0 7.93304e-20)
(-5.57671e-19 0 -8.80712e-18)
(-9.5602e-20 0 0)
(-6.82642e-18 0 -8.09329e-19)
(0 0 0)
(0 0 0)
(0 0 0)
(0 0 -7.94941e-18)
(0 0 -4.26348e-16)
(0 0 -6.47147e-17)
(0 0 -3.83186e-17)
(0 0 0)
(0 0 0)
(0 0 0)
(-1.60513e-18 0 -6.77731e-17)
(-7.72416e-20 0 0)
(0 0 0)
(0 0 0)
(0 0 0)
(-1.23742e-16 0 0)
(-3.75853e-18 0 0)
(-7.5585e-16 0 1.00714e-18)
(-1.38874e-24 0 1.35461e-18)
(0 0 1.24233e-27)
(0 0 0)
(-2.51682e-25 0 3.42847e-19)
(-2.51413e-26 0 0)
(-1.11258e-24 0 1.38477e-18)
(0 0 0)
(0 0 0)
(0 0 0)
(0 0 0)
(0 0 0)
(0 0 0)
(0 0 0)
(0 0 -9.38702e-18)
(0 0 -9.62717e-28)
(0 0 0)
(0 0 0)
(0 0 -2.2197e-28)
(0 0 -5.84403e-29)
(0 0 -6.82308e-28)
(1.60023e-14 -2.22271e-15 1.6705e-14)
(-6.55133e-26 4.22275e-19 7.78528e-17)
(-2.22721e-14 2.62524e-28 -4.33966e-16)
(-5.779e-25 8.95295e-17 4.80459e-16)
(-5.779e-25 4.84632e-19 4.78461e-16)
(-7.2256e-22 2.48748e-28 6.75921e-17)
(-5.50807e-19 1.67384e-28 -3.18571e-16)
(0 0 0)
(0 0 0)
(0 0 0)
(0 0 0)
(0 0 0)
(0 0 0)
(0 0 0)
(0 0 0)
(2.70313e-15 0 0)
(0 -5.93758e-16 0)
(1.45991e-16 0 0)
(0 -3.32111e-17 0)
(0 -2.82627e-18 0)
(0 -3.02413e-17 0)
(0 0 0)
(0 0 0)
(0 0 -3.24325e-19)
(0 -2.39101e-27 0)
(0 0 0)
(0 1.31381e-15 0)
(0 0 0)
(0 0 0)
(0 0 1.35381e-33)
(0 1.069e-14 -5.37556e-21)
(0 4.98302e-15 0)
(0 0 0)
(0 1.11367e-14 0)
(0 1.11367e-14 0)
(1.32672e-14 1.07186e-14 -5.33858e-16)
(0 0 0)
(0 0 0)
(0 -2.68803e-23 0)
(0 0 0)
(0 0 0)
(0 1.61515e-21 0)
(0 0 0)
(0 -2.51008e-25 0)
(0 -8.28665e-22 0)
(0 4.77108e-24 0)
(0 0 0)
(0 0 0)
(0 2.21943e-22 0)
(0 0 0)
(0 0 0)
(0 0 9.59787e-32)
(0 0 0)
(0 0 0)
(0 0 -1.98124e-29)
(0 0 0)
(0 0 -2.74801e-28)
(0 0 0)
(0 1.30663e-19 0)
(0 0 0)
(0 -3.0015e-20 0)
(0 0 0)
(0 -9.1329e-19 0)
(0 2.48276e-18 0)
(0 0 0)
(0 5.50496e-21 0)
(0 0 0)
(0 7.61035e-20 0)
(0 0 0)
(0 1.65302e-24 0)
(0 1.86386e-23 0)
(0 0 1.92783e-20)
(0 3.17193e-22 3.64613e-28)
(0 4.63949e-23 1.07497e-18)
(0 5.79031e-22 1.1181e-26)
(0 1.35265e-20 0)
(0 1.19856e-21 1.45886e-21)
(0 2.35366e-20 4.19375e-19)
(0 0 -1.6828e-20)
(0 2.78589e-19 -8.53744e-22)
(0 1.18935e-20 -3.21405e-19)
(0 2.53348e-19 -8.60578e-21)
(-1.67578e-14 -1.87857e-14 1.6705e-14)
(8.5262e-15 3.96534e-16 1.6705e-14)
(0 1.80348e-14 0)
(0 2.18877e-15 3.32173e-19)
(-1.60957e-15 0 0)
(0 3.69083e-18 0)
(0 5.80495e-17 0)
(0 0 0)
(0 0 0)
(0 0 0)
(0 -3.0795e-17 0)
(0 -2.96456e-15 0)
(0 -1.72364e-16 0)
(0 -4.50008e-16 0)
(0 0 0)
(0 0 0)
(0 9.13513e-19 0)
(0 -3.72119e-18 0)
(0 0 0)
(0 0 0)
(0 1.09948e-14 0)
(0 0 0)
(1.64717e-29 8.22043e-15 0)
(0 0 0)
(1.89651e-28 4.91897e-15 0)
(0 0 0)
(0 1.2541e-24 0)
(0 0 0)
(0 2.56434e-25 0)
(0 0 0)
(0 0 0)
(0 3.9075e-24 0)
(0 1.75972e-26 0)
(0 0 0)
(0 0 0)
(1.02661e-15 -1.54335e-14 1.67048e-14)
(0 5.22403e-26 0)
(0 4.85674e-26 0)
(0 0 0)
(0 1.01516e-24 0)
(0 4.16584e-27 0)
(0 0 0)
(0 1.99965e-21 0)
(0 4.8408e-23 0)
(0 3.07978e-23 0)
(0 0 0)
(0 0 0)
(0 4.85806e-22 0)
(0 0 0)
(0 9.14154e-23 0)
(0 1.60858e-22 0)
(0 0 0)
(0 0 9.33007e-26)
(0 0 3.45434e-25)
(0 0 1.41744e-27)
(0 0 0)
(0 0 1.36142e-26)
(0 0 0)
(0 0 0)
(0 0 0)
(0 7.69541e-20 0)
(0 0 0)
(0 9.44349e-19 0)
(0 0 0)
(0 8.04146e-17 0)
(0 1.83325e-17 0)
(2.14502e-27 -8.12625e-16 -5.9018e-18)
(-3.72666e-24 -8.23759e-16 -2.9914e-15)
(5.80639e-21 -2.9456e-15 -4.78574e-15)
(3.4631e-17 -2.06864e-18 -2.547e-16)
(-3.40493e-21 -1.1267e-15 -6.39586e-15)
(9.46828e-24 0 0)
(0 0 -1.55386e-20)
(-2.59216e-22 0 2.91549e-18)
(0 0 8.68385e-20)
(3.02755e-21 0 -1.94963e-20)
(3.07911e-22 0 -2.88208e-21)
(0 0 -5.50795e-25)
(0 0 0)
(-1.34086e-21 -8.10226e-16 5.30423e-15)
(0 0 -1.72058e-20)
(0 0 3.54021e-21)
(0 0 6.17983e-19)
(0 0 0)
(0 0 0)
(0 0 0)
(0 0 1.58136e-23)
(0 0 0)
(0 5.82685e-19 -2.68699e-15)
(0 7.67498e-17 8.67809e-18)
(-3.76965e-27 7.73554e-17 1.55384e-15)
(-3.26961e-24 8.98758e-16 4.45711e-15)
(0 0 0)
(0 0 -3.99851e-19)
(0 0 4.09999e-17)
(0 2.24446e-21 1.2323e-15)
(0 1.81547e-25 9.28559e-18)
(1.65927e-39 0 9.14454e-18)
(0 0 0)
(6.12612e-38 0 1.16227e-15)
(0 0 6.67676e-25)
(0 8.52553e-20 -3.27025e-16)
(0 8.39637e-20 -3.16867e-16)
(7.97882e-34 8.26828e-20 -3.27402e-16)
(0 0 -1.1409e-17)
(0 0 -1.47101e-24)
(1.48223e-36 0 -3.02436e-16)
(0 0 -1.05296e-17)
(0 1.34633e-17 -8.63831e-15)
(3.91549e-15 1.55067e-27 -5.43679e-15)
(5.17335e-15 5.01989e-23 1.02079e-14)
(6.15506e-19 3.74614e-26 4.53596e-21)
(5.16635e-15 1.61677e-18 -4.04584e-15)
(0 0 1.0919e-16)
(-5.45819e-19 0 1.34305e-21)
(0 0 2.61421e-18)
(-1.41457e-18 0 1.50528e-18)
(-4.24575e-22 0 1.55711e-16)
(0 0 -9.55504e-16)
(-3.08499e-19 0 -1.03774e-16)
(8.20118e-16 -4.45842e-18 -3.9357e-15)
(7.54882e-18 0 -6.74184e-17)
(2.93555e-26 -3.79076e-16 -4.36728e-17)
(0 -4.06324e-16 1.47933e-16)
(0 -4.18616e-16 1.1711e-19)
(0 -4.09187e-16 -5.82471e-18)
(2.93555e-26 -3.78873e-16 -4.33467e-17)
(-1.12735e-15 -7.43986e-21 1.57833e-15)
(-2.62293e-23 -3.88255e-16 4.44605e-17)
(-2.62293e-23 -3.8817e-16 4.81296e-17)
(0 -4.18616e-16 9.52701e-20)
(3.88675e-15 -1.88109e-17 -6.17068e-15)
(3.87672e-15 2.56598e-28 -3.90988e-15)
(0 0 -2.04935e-16)
(0 0 0)
(0 0 0)
(0 8.72471e-15 0)
(0 -9.15031e-19 -6.5251e-17)
(0 0 -3.52591e-20)
(-5.20666e-18 8.66932e-15 -1.07384e-14)
(0 0 0)
(0 0 0)
(0 0 0)
(0 -5.59613e-30 -1.39926e-21)
(0 0 0)
(0 0 9.4637e-17)
(-1.11047e-14 0 0)
(0 0 8.79232e-16)
(-9.8313e-15 0 0)
(0 0 -8.97033e-16)
(-1.11047e-14 0 1.05111e-16)
(0 0 -8.76736e-15)
(-9.83121e-15 0 9.83119e-15)
(0 0 0)
(0 0 0)
(0 0 0)
(0 0 0)
(0 0 0)
(0 0 0)
(0 0 0)
(0 0 0)
(6.78219e-38 4.86289e-16 1.3971e-19)
(0 7.50564e-15 0)
(0 8.78251e-15 1.6479e-18)
(0 0 0)
(9.01759e-37 5.92424e-16 1.6754e-18)
(0 7.42445e-15 2.80711e-27)
(0 0 0)
(0 0 0)
(-4.25036e-15 0 -4.51531e-15)
(-3.71222e-15 0 1.38176e-14)
(0 0 0)
(0 0 0)
(0 0 0)
(0 0 0)
(0 0 0)
(0 0 0)
(0 0 0)
(0 0 0)
(0 0 0)
(0 0 0)
(0 0 0)
(0 0 0)
(0 0 0)
(0 0 0)
(0 0 0)
(0 0 0)
(0 0 0)
(0 0 0)
(0 0 0)
(0 0 0)
(0 0 0)
(0 0 0)
(0 0 0)
(0 0 0)
(0 0 0)
(0 0 0)
(0 0 0)
(0 0 0)
(0 0 0)
(0 0 0)
(0 0 0)
(0 0 0)
(0 0 0)
(0 0 0)
(0 0 0)
(0 0 0)
(0 0 0)
(0 -3.59503e-29 -1.74937e-18)
(-1.3663e-14 -9.62393e-25 1.4947e-14)
(0 0 1.51583e-15)
(0 -4.30942e-20 -2.10362e-16)
(-5.00998e-17 -2.32877e-24 -4.48712e-15)
(-1.11047e-14 0 -6.26323e-17)
(0 0 -1.05139e-15)
(-9.83117e-15 0 -9.08425e-15)
(0 0 8.71897e-16)
(2.33669e-20 0 6.23725e-17)
(0 8.40532e-35 8.19359e-15)
(6.46345e-19 0 9.3493e-16)
(0 0 0)
(0 0 0)
(0 0 -1.02663e-19)
(0 0 -2.22977e-19)
(0 0 0)
(1.24984e-35 3.98389e-16 -1.01633e-18)
(0 7.47097e-15 -1.09572e-19)
(4.66161e-26 0 0)
(0 -3.35978e-27 0)
(0 0 0)
(1.95919e-24 0 0)
(0 -1.05965e-25 0)
(0 2.44799e-27 0)
(0 7.66774e-29 0)
(0 0 0)
(1.3882e-21 0 0)
(0 -6.46306e-23 0)
(6.10704e-23 0 0)
(0 -3.3898e-24 0)
(0 5.82568e-26 0)
(0 8.85209e-25 0)
(-1.12093e-19 0 0)
(-1.18555e-19 0 0)
(0 0 0)
(0 0 0)
(0 0 0)
(0 0 -2.5228e-18)
(0 0 -2.56933e-17)
(0 0 -3.04388e-18)
(0 0 -9.55795e-18)
(0 0 0)
(0 0 0)
(0 0 0)
(0 0 -1.42962e-17)
(0 0 -1.85718e-15)
(0 0 -1.29264e-16)
(0 0 -1.11786e-16)
(0 0 0)
(0 0 0)
(0 0 0)
(0 0 0)
(-1.04438e-18 0 0)
(-3.43406e-18 0 0)
(1.09052e-20 0 0)
(0 -1.09119e-21 0)
(0 0 0)
(0 7.6239e-24 0)
(9.75948e-20 0 0)
(0 -8.12778e-21 0)
(0 -1.05886e-22 0)
(0 0 0)
(0 9.46876e-15 0)
(0 -2.51926e-28 0)
(0 0 0)
(0 -1.57148e-28 0)
(0 0 0)
(0 0 0)
(0 -1.26926e-27 0)
(0 -1.37897e-29 0)
(0 2.93624e-18 9.60575e-15)
(0 2.46428e-17 -5.77516e-18)
(4.95268e-18 1.28251e-19 6.31972e-15)
(0 2.76211e-18 -8.72233e-15)
(-9.69375e-18 4.88085e-17 -3.46711e-24)
(-9.32288e-18 8.657e-16 9.21222e-18)
(3.4483e-18 1.51984e-18 2.62638e-20)
(-8.45692e-18 4.73215e-17 -2.01595e-15)
(4.60781e-19 3.58604e-20 -1.03426e-17)
(1.50309e-20 0 -5.39174e-24)
(6.22498e-23 0 -8.29881e-27)
(9.61004e-18 -9.28908e-20 8.625e-17)
(0 0 -2.06492e-19)
(0 0 0)
(0 -6.45984e-18 -1.02715e-16)
(0 0 -1.21808e-22)
(0 0 -2.39355e-24)
(1.47584e-16 0 2.09654e-19)
(1.10507e-18 0 0)
(1.47585e-16 0 7.22642e-21)
(1.10514e-18 0 2.66893e-23)
(3.1751e-16 0 6.2318e-20)
(4.12256e-18 0 0)
(3.28332e-16 0 -6.51558e-18)
(4.13412e-18 0 0)
(2.48832e-18 0 -4.05664e-19)
(0 0 0)
(6.00373e-25 3.54944e-22 -5.185e-23)
(0 0 0)
(3.58786e-30 0 -5.11854e-25)
(0 0 0)
(0 0 -3.98166e-27)
(0 0 0)
(0 -5.23494e-22 -2.90221e-21)
(0 0 -5.02247e-23)
(0 0 -5.14601e-25)
(-1.55629e-27 -2.38883e-22 -1.78679e-16)
(-1.25903e-29 0 -3.20171e-22)
(-3.39512e-32 0 0)
(-2.97249e-30 -2.22376e-20 -2.58208e-18)
(-4.03619e-32 0 -2.10234e-21)
(-1.06056e-34 0 -3.51116e-23)
(0 -5.75267e-20 -1.12656e-15)
(2.49111e-17 -2.36445e-16 1.23145e-16)
(-1.68993e-25 2.30691e-22 -1.97324e-15)
(0 0 8.81825e-20)
(0 0 0)
(-6.81825e-29 0 9.29529e-17)
(0 0 1.08651e-23)
(-1.92875e-27 0 -4.10819e-18)
(-5.50298e-30 0 -1.55059e-19)
(1.64746e-16 6.23366e-20 3.47056e-16)
(1.80407e-18 0 8.93529e-26)
(1.07524e-20 0 0)
(9.98318e-17 2.54455e-18 -1.46839e-18)
(1.3458e-18 0 1.80828e-19)
(8.44804e-21 0 1.96781e-21)
)
;

boundaryField
{
    ground
    {
        type            slip;
    }
    outlet
    {
        type            zeroGradient;
    }
    wall
    {
        type            slip;
    }
    wall2
    {
        type            slip;
    }
    wall3
    {
        type            slip;
    }
    internalPatch
    {
        type            internal;
    }
    procBoundary1to0
    {
        type            processor;
        value           nonuniform List<vector> 
120
(
(6.25427e-23 2.09061e-22 -4.11419e-17)
(0 1.29389e-20 6.59137e-15)
(0 1.29389e-20 6.59137e-15)
(6.25427e-23 2.09061e-22 -4.11419e-17)
(0 2.32222e-18 0)
(0 2.32222e-18 0)
(0 0 0)
(1.15509e-27 1.31598e-24 0)
(0 -1.67488e-23 0)
(-3.38137e-33 -8.86268e-22 0)
(-1.0565e-32 4.67381e-19 -2.22096e-16)
(-1.0565e-32 4.67381e-19 -2.22096e-16)
(-2.56822e-35 7.77395e-28 7.45035e-15)
(-8.56928e-20 5.90176e-26 4.58852e-15)
(2.816e-20 1.01287e-22 8.41333e-15)
(0 -5.36355e-20 5.88951e-15)
(0 -4.84048e-18 0)
(0 0 0)
(0 0 0)
(0 0 0)
(0 0 0)
(0 0 0)
(3.29946e-32 0 0)
(0 0 0)
(-8.71134e-35 0 0)
(0 0 0)
(0 -1.51217e-19 0)
(7.69686e-18 7.88841e-21 -9.49613e-15)
(0 0 0)
(0 0 0)
(0 0 0)
(-2.02951e-37 0 0)
(0 0 0)
(0 0 0)
(0 0 0)
(0 0 0)
(0 0 0)
(0 0 0)
(0 0 0)
(0 0 0)
(0 0 0)
(0 0 0)
(0 -5.00987e-18 0)
(0 0 0)
(0 3.19759e-31 0)
(0 0 0)
(0 -4.79169e-17 -1.91678e-18)
(0 -4.79169e-17 -1.91678e-18)
(0 -2.70285e-17 -3.91302e-15)
(0 -2.70285e-17 -3.91302e-15)
(0 0 8.0285e-17)
(0 0 0)
(3.31716e-27 0 -5.24493e-15)
(1.06912e-39 0 0)
(-1.40023e-28 0 0)
(2.70007e-21 0 0)
(6.00882e-42 0 0)
(-6.43831e-28 0 -1.09049e-19)
(-6.19208e-24 -1.88907e-17 -1.39569e-16)
(-6.19208e-24 -1.88907e-17 -1.39569e-16)
(0 -2.83974e-17 -3.30552e-16)
(5.16543e-19 0 -6.6303e-18)
(1.28592e-19 -1.08802e-18 1.46503e-16)
(1.28592e-19 -1.08802e-18 1.46503e-16)
(0 6.92818e-20 6.77277e-18)
(1.14341e-19 -6.54855e-18 -4.69152e-15)
(-1.11929e-21 -4.28752e-19 -1.76226e-16)
(0 4.80486e-26 -1.0893e-14)
(9.86253e-20 0 0)
(2.22183e-21 0 -9.39338e-15)
(0 0 -9.19554e-15)
(5.9723e-49 0 0)
(7.95332e-21 0 0)
(7.18684e-33 -1.58612e-16 0)
(3.16815e-34 1.66385e-16 0)
(0 0 0)
(0 0 0)
(0 0 0)
(1.81547e-19 2.54656e-29 0)
(1.27798e-20 3.7591e-16 0)
(5.18979e-21 -3.11643e-15 -7.03947e-15)
(5.18979e-21 -3.11643e-15 -7.03947e-15)
(1.07008e-21 -1.88987e-15 0)
(1.07008e-21 -1.88987e-15 0)
(2.17753e-25 0 9.04924e-19)
(3.60306e-38 0 2.27953e-17)
(-1.67588e-24 0 1.52622e-23)
(5.88974e-20 0 -1.80314e-20)
(6.8164e-39 0 -4.50569e-17)
(-8.34067e-26 0 -5.11076e-17)
(0 -2.83974e-17 -3.30552e-16)
(-2.16081e-22 -1.53191e-17 -2.50801e-16)
(-2.16081e-22 -1.53191e-17 -2.50801e-16)
(-1.39332e-22 -4.60979e-17 6.95939e-15)
(-1.39332e-22 -4.60979e-17 6.95939e-15)
(-3.40848e-23 6.5416e-22 3.36535e-20)
(7.67539e-24 -4.42491e-26 2.00673e-15)
(1.39361e-21 6.46526e-22 2.28436e-15)
(2.33521e-23 1.54107e-23 -9.38367e-15)
(0 2.88827e-25 0)
(2.68811e-47 1.83291e-27 0)
(7.61137e-41 0 0)
(3.72979e-37 -1.81812e-17 -7.69238e-17)
(3.72979e-37 -1.81812e-17 -7.69238e-17)
(4.68554e-37 -2.78652e-17 -2.72611e-15)
(4.68554e-37 -2.78652e-17 -2.72611e-15)
(-7.54713e-21 -3.94281e-18 1.52317e-15)
(1.22568e-16 -1.48706e-20 2.62173e-15)
(2.58936e-33 0 -2.08302e-16)
(2.58936e-33 0 -2.08302e-16)
(2.24115e-28 -2.31829e-18 9.77271e-15)
(2.24115e-28 -2.31829e-18 9.77271e-15)
(7.34772e-17 -1.88681e-17 -3.06379e-15)
(1.14118e-20 0 -1.00249e-14)
(-3.17254e-21 0 0)
(-8.13849e-21 -1.67043e-17 -9.85668e-15)
(-8.13849e-21 -1.67043e-17 -9.85668e-15)
(-7.54713e-21 -3.94281e-18 1.52317e-15)
(1.22568e-16 -1.48706e-20 2.62173e-15)
(7.34772e-17 -1.88681e-17 -3.06379e-15)
)
;
    }
    procBoundary1to6
    {
        type            processor;
        value           nonuniform List<vector> 10((0 0 -1.44815e-21) (0 -5.52288e-15 -8.30747e-18) (0 0 0) (0 0 0) (0 0 0) (0 0 2.47765e-25) (0 0 0) (0 -5.31959e-15 5.89458e-22) (0 -5.31959e-15 -7.48302e-23) (0 -5.32706e-15 1.58612e-22));
    }
    procBoundary1to7
    {
        type            processor;
        value           nonuniform List<vector> 
79
(
(9.37771e-16 6.2443e-17 -1.56229e-15)
(9.37771e-16 6.2443e-17 -1.56229e-15)
(0 1.78729e-19 -2.6015e-16)
(3.55904e-15 1.05831e-19 1.84929e-19)
(5.2161e-15 -1.15489e-34 1.10565e-17)
(5.56833e-15 -1.75391e-31 -1.48706e-16)
(8.40792e-16 5.8512e-19 8.88513e-15)
(8.40792e-16 5.8512e-19 8.88513e-15)
(9.37771e-16 6.2443e-17 -1.56229e-15)
(9.37771e-16 6.2443e-17 -1.56229e-15)
(0 1.0443e-28 1.78456e-16)
(0 0 1.64845e-17)
(0 1.83633e-19 -2.90275e-16)
(0 8.50637e-20 -1.16171e-15)
(0 1.62018e-19 -2.62823e-16)
(0 4.07571e-20 1.03437e-15)
(3.55914e-15 1.30586e-21 3.37236e-17)
(3.55914e-15 1.30586e-21 3.37236e-17)
(3.55904e-15 1.05831e-19 1.84929e-19)
(5.2161e-15 -1.15489e-34 1.10565e-17)
(5.56833e-15 -1.75391e-31 -1.48706e-16)
(2.28174e-16 -3.30103e-16 -7.18989e-17)
(2.28174e-16 -3.30103e-16 -7.18989e-17)
(0 3.80353e-20 1.14382e-15)
(0 1.81547e-25 1.13747e-15)
(0 0 -2.68867e-16)
(0 1.12733e-19 -4.53483e-15)
(0 0 1.02666e-14)
(1.22349e-20 0 0)
(1.29083e-18 0 0)
(9.97471e-17 0 -8.81784e-18)
(2.15e-15 -3.6039e-15 1.6795e-18)
(2.15e-15 -3.6039e-15 1.6795e-18)
(0 4.45253e-17 1.66213e-16)
(0 -5.67658e-17 -1.49273e-16)
(4.21098e-17 8.87498e-17 2.32989e-16)
(2.18992e-15 -1.20624e-16 2.79311e-15)
(2.50973e-16 -7.39095e-19 -3.18129e-15)
(3.06267e-15 -4.56778e-15 -3.78751e-15)
(2.18643e-15 2.39638e-26 -2.5107e-15)
(2.18643e-15 2.39638e-26 -2.5107e-15)
(4.67302e-17 9.44534e-28 -3.45786e-15)
(4.67302e-17 9.44534e-28 -3.45786e-15)
(3.20342e-21 7.29024e-29 -4.89526e-16)
(7.12895e-20 1.04316e-28 -4.29362e-15)
(0 1.0189e-28 8.13702e-15)
(0 4.28585e-21 4.62591e-16)
(0 9.95584e-20 -7.55246e-16)
(0 0 -1.62402e-16)
(0 0 1.1476e-16)
(0 1.81547e-25 1.95571e-15)
(0 4.01105e-19 -6.88063e-19)
(0 0 -7.79803e-16)
(3.65163e-22 0 -1.01763e-16)
(2.47342e-20 0 5.8926e-18)
(9.97366e-17 8.86228e-32 1.23229e-19)
(2.15e-15 -3.6039e-15 1.6795e-18)
(2.15e-15 -3.6039e-15 1.6795e-18)
(3.46125e-15 -3.48145e-15 -6.85982e-19)
(3.46125e-15 -3.48145e-15 -6.85982e-19)
(3.46125e-15 -3.48145e-15 -6.85982e-19)
(1.78636e-16 0 4.6548e-17)
(1.07479e-16 -1.09966e-18 -6.84717e-17)
(1.85171e-16 -4.3513e-16 -5.45827e-16)
(8.24543e-17 -4.23557e-16 -5.45827e-16)
(2.71246e-20 3.87131e-30 -2.21987e-16)
(2.18643e-15 2.39638e-26 -2.5107e-15)
(1.20432e-20 1.63352e-27 -8.62729e-15)
(0 3.90347e-30 6.70932e-16)
(0 1.82995e-32 3.40276e-16)
(0 0 -3.05819e-17)
(8.8813e-24 0 -7.95074e-19)
(3.73382e-22 -3.07804e-17 -3.09503e-18)
(1.79625e-16 7.50166e-31 -5.04754e-20)
(3.46125e-15 -3.48145e-15 -6.85982e-19)
(0 -1.65623e-18 -5.75941e-18)
(0 -1.10174e-18 -5.33962e-16)
(0 3.90347e-30 -2.25815e-16)
(0 0 7.19148e-17)
)
;
    }
}


// ************************************************************************* //
