/*--------------------------------*- C++ -*----------------------------------*\
  =========                 |
  \\      /  F ield         | OpenFOAM: The Open Source CFD Toolbox
   \\    /   O peration     | Website:  https://openfoam.org
    \\  /    A nd           | Version:  9
     \\/     M anipulation  |
\*---------------------------------------------------------------------------*/
FoamFile
{
    format      ascii;
    class       volScalarField;
    location    "0.00125";
    object      overpressure;
}
// * * * * * * * * * * * * * * * * * * * * * * * * * * * * * * * * * * * * * //

dimensions      [1 -1 -2 0 0 0 0];

internalField   nonuniform List<scalar> 
10382
(
0
0
0
0
0
0
0
0
0
0
0
0
0
0
0
0
0
0
0
0
0
0
0
0
0
0
0
0
0
0
0
0
0
0
0
5.77136e-06
0
1.83549e-06
4.41846e-06
1.63508e-06
6.70625e-07
5.48927e-07
2.84803e-05
1.05843e-05
2.66666e-05
1.05794e-05
0.00344275
0.297226
0.00502854
0.00354823
0.00535124
0.0282393
0.0289486
0.0157372
0.000134118
0.00187321
0.000441922
0.000195221
0.000384283
0.000198688
0.00177177
0.0106932
0.00204762
0.00306985
1.73779e-07
1.01308e-06
1.91169e-07
1.71873e-07
1.33092e-07
1.20273e-06
5.18616e-07
2.86059e-05
1.97256e-05
0.00120375
8.00517e-06
1.16815e-06
6.14767e-05
6.35452e-06
2.07953e-05
3.18889e-05
7.21249e-05
0.000141966
1.35676e-05
8.19461e-06
1.30461e-05
3.36193e-07
0
1.53203e-07
8.44011e-09
8.73115e-11
0
0
0
3.34694e-10
5.82077e-11
8.73115e-11
1.22236e-09
1.64437e-09
1.4843e-09
7.71252e-10
2.66693e-06
6.75209e-08
1.57858e-06
1.69298e-06
7.19592e-08
2.39728e-07
2.77796e-08
2.05328e-08
7.27596e-11
4.80213e-10
8.73115e-11
4.22006e-10
2.40107e-09
1.07684e-09
0
0
0
0
0
0
0
0
0
0
0
4.94765e-08
1.56899e-07
1.0503e-06
1.73459e-08
1.3868e-08
1.72149e-08
1.58907e-08
5.5632e-08
1.11249e-07
3.74275e-08
1.22818e-07
3.28873e-09
1.91503e-08
2.05473e-08
1.20199e-07
4.19095e-09
3.18687e-09
3.04135e-09
3.4066e-08
9.66247e-09
2.82162e-08
1.13214e-08
8.42119e-08
2.98314e-09
6.18311e-08
2.91038e-11
2.30246e-06
3.61903e-05
2.45578e-07
2.96114e-06
1.74623e-10
7.71252e-10
2.03727e-09
7.39237e-09
2.32831e-10
8.73115e-11
1.45519e-11
1.5134e-09
9.45874e-10
1.35333e-09
1.13505e-09
1.26602e-09
7.13044e-10
2.61934e-10
4.59841e-09
9.25502e-09
3.33239e-09
1.0361e-08
1.97688e-07
1.54221e-07
1.55705e-07
9.76434e-09
1.19035e-08
5.73345e-09
5.73345e-09
1.50123e-06
2.62109e-07
2.63783e-07
6.8394e-08
1.21378e-07
5.15713e-06
4.59481e-06
3.30328e-09
0
5.52973e-10
4.52565e-09
2.32831e-10
1.01863e-10
1.74623e-10
0
0
4.36557e-11
0
2.18279e-10
3.20142e-10
2.03727e-10
2.61934e-10
2.18279e-10
1.55705e-09
3.04135e-09
9.45874e-10
3.59432e-09
5.42932e-08
8.19273e-09
8.51287e-09
1.5134e-09
5.82077e-11
3.7835e-10
0
4.65661e-10
1.5425e-09
5.08444e-08
1.10595e-09
0
0
1.17731e-06
2.77651e-08
0
1.46974e-09
4.94765e-10
0
0
0
0
0
1.01504e-06
2.46831e-06
1.3791e-05
1.00724e-06
5.451e-07
1.03396e-06
5.75834e-07
7.46506e-06
4.14599e-07
1.34838e-06
1.89553e-07
1.22188e-06
3.78786e-08
4.09636e-08
0
0
0
0
0
0
0
0
0
1.45519e-10
8.80391e-09
0
0
0
0
3.7835e-10
1.16415e-10
9.31323e-10
9.02219e-10
1.47847e-08
1.45228e-08
0
0
0
0
0
0
0
0
0
0
0
0
0
0
0
0
0
0
0
0
0
0
0
0
0
0
0
0
0
0
0
0
0
0
0
0
0
0
0
0
0
0
0
0
0
0
0
0
0
0
0
0
0
0
0
0
0
0
0
0
0
0
0
0
0
0
0
0
0
0
0
0
0
0
0
0
0
0
0
0
0
0
0
0
0
0
0
0
0
0
0
0
0
0
0
0
0
0
0
0
0
0
0
0
0
0
0
0
0
0
0
0
0
0
0
0
0
0
0
0
0
0
0
0
0
0
0
0
5.82077e-11
0
5.82077e-11
4.36557e-11
2.91038e-11
0
5.96629e-10
0
0
0
5.67525e-10
0
0
0
0
0
0
0
0
0
0
0
0
0
0
0
0
0
0
0
0
0
0
0
0
0
0
0
0
0
0
0
0
0
2.03727e-10
0
0
0
0
0
0
0
0
0
0
0
0
0
0
0
0
0
0
0
0
0
0
0
0
0
0
0
0
0
0
0
0
0
0
0
0
0
0
0
0
0
0
0
0
0
0
0
0
0
0
0
0
0
0
0
0
0
0
0
0
0
0
0
0
0
0
0
0
0
0
0
0
0
0
0
0
0
0
0
0
0
0
0
0
0
0
0
0
0
0
0
0
0
0
0
0
0
0
0
0
0
0
0
0
0
0
0
0
0
0
0
0
0
0
0
0
0
0
0
0
0
0
0
0
0
0
0
0
0
0
0
0
0
0
0
0
0
0
0
0
0
0
0
0
0
0
0
0
0
0
0
0
0
0
0
0
0
0
0
0
0
0
0
0
0
0
0
0
0
0
0
0
0
0
0
0
0
0
0
0
0
0
0
0
0
0
0
0
0
0
0
0
0
0
0
0
0
0
0
0
0
0
0
0
0
0
0
0
0
0
0
0
0
0
0
0
0
0
0
0
0
0
0
0
0
0
0
0
0
0
0
0
0
0
0
0
0
0
0
0
0
0
0
0
0
0
0
0
0
0
0
0
0
0
0
0
0
0
0
0
0
0
0
0
0
0
0
0
0
0
0
0
0
0
0
0
0
0
0
0
0
0
0
0
0
0
0
0
0
0
0
0
0
0
0
0
0
0
0
0
0
0
0
0
0
0
0
0
0
0
0
0
0
0
0
0
0
0
0
0
0
0
0
0
0
0
0
0
0
0
0
0
0
0
0
0
0
0
0
0
0
0
0
0
0
0
0
0
0
0
0
0
0
0
0
0
0
0
0
0
0
0
0
0
0
0
0
0
0
0
0
0
0
0
0
0
0
0
0
0
0
0
0
0
0
0
0
0
0
0
0
0
0
0
0
0
0
0
0
0
0
0
0
0
0
0
0
0
0
0
0
0
0
0
0
0
0
0
0
0
0
0
0
0
0
0
0
0
0
0
6.1118e-10
0
0
0
0
0
0
0
0
0
0
0
0
0
0
0
0
0
0
0
0
0
0
0
0
0
0
0
0
0
0
0
0
0
0
0
0
0
0
0
0
0
0
0
0
0
0
0
0
0
0
0
0
0
0
0
0
0
0
0
0
0
0
0
0
0
0
0
0
0
0
0
0
0
0
0
0
0
0
0
0
0
0
0
0
0
0
0
0
0
0
0
0
0
0
0
0
0
0
0
0
0
0
0
0
0
0
0
0
0
0
0
0
0
0
0
0
0
0
0
0
0
0
0
0
0
0
0
0
0
0
0
0
0
0
0
0
0
0
0
0
0
0
0
0
0
0
0
0
0
0
0
0
0
0
0
0
0
0
0
0
0
0
0
0
0
0
0
0
0
0
0
0
0
0
0
0
0
0
0
0
0
0
0
0
0
0
0
0
0
0
0
0
0
0
0
0
0
0
0
0
0
0
0
0
0
0
0
0
0
0
0
0
0
0
0
0
0
0
0
0
0
0
0
0
0
0
0
0
0
0
0
0
0
0
0
0
0
0
0
0
0
0
0
0
0
0
0
0
0
0
0
0
0
0
0
0
0
0
0
0
0
0
0
0
0
0
0
0
0
0
0
0
0
0
0
0
0
0
0
0
0
0
0
0
0
0
0
0
0
0
0
0
0
0
0
0
0
0
0
0
0
0
0
0
0
0
0
0
0
0
0
0
0
0
0
0
0
0
0
0
0
0
0
0
0
0
0
0
0
0
0
0
0
0
0
0
0
0
0
0
0
0
0
0
0
0
0
0
0
0
0
0
0
0
0
0
0
0
0
0
0
0
0
0
0
0
0
0
0
0
0
0
0
0
0
0
0
0
0
0
0
0
0
0
0
0
0
0
0
0
0
0
0
0
0
0
0
0
0
0
0
0
0
0
0
0
0
0
0
0
0
0
0
0
0
0
0
0
0
0
0
0
0
0
0
0
0
0
0
0
0
0
0
0
0
0
0
0
0
0
0
0
0
0
0
0
0
0
0
0
0
0
0
0
0
0
0
0
0
0
0
0
0
0
0
0
0
0
0
0
0
0
0
0
0
0
0
0
0
0
0
0
0
0
0
0
0
0
0
0
0
0
0
0
0
0
0
0
0
0
0
0
0
0
0
0
0
0
0
0
0
0
0
0
0
0
0
0
0
0
0
0
0
0
0
0
0
0
0
0
0
0
0
0
0
0
0
0
0
0
0
0
0
0
0
0
0
0
0
0
0
0
0
0
0
0
0
0
0
0
0
0
0
0
0
0
0
0
0
0
0
0
0
0
0
0
0
0
0
0
0
0
0
0
0
0
0
0
0
0
0
0
0
0
0
0
0
0
0
0
0
0
0
0
0
0
0
0
0
0
0
0
0
0
0
0
0
0
0
0
0
0
0
0
0
0
0
0
0
0
0
0
0
0
0
0
0
0
0
0
0
0
0
0
0
0
0
0
0
0
0
0
0
0
0
0
0
0
0
0
0
0
0
0
0
0
0
0
0
0
0
0
0
0
0
0
0
0
0
0
0
0
0
0
0
0
0
0
0
0
0
0
0
0
0
0
0
0
0
0
0
0
0
0
0
0
0
0
0
0
0
0
0
0
0
0
0
0
0
0
0
0
0
0
0
0
0
0
0
0
0
0
0
0
0
0
0
0
0
0
0
0
0
0
0
0
0
0
0
0
0
0
0
0
0
0
0
0
0
0
0
0
0
0
0
0
0
0
0
0
0
0
0
0
0
0
0
0
0
0
0
0
0
0
0
0
0
0
0
0
0
0
0
0
0
0
0
0
0
0
0
0
0
0
0
0
0
0
0
0
0
0
0
0
0
0
0
0
0
0
0
0
0
0
0
0
0
0
0
0
0
0
0
0
0
0
0
0
0
0
0
0
0
0
0
0
0
0
0
0
0
0
0
0
0
0
0
0
0
0
0
0
0
0
0
0
0
0
0
0
0
0
0
0
0
0
0
0
0
0
0
0
0
0
0
0
0
0
0
0
0
0
0
0
0
0
0
0
0
0
0
0
0
0
0
0
0
0
0
0
0
0
0
0
0
0
0
0
0
0
0
0
0
0
0
0
0
0
0
0
0
0
0
0
0
0
0
0
0
0
0
0
0
0
0
0
0
0
0
0
0
0
0
0
0
0
0
0
0
0
0
0
0
0
0
0
0
0
0
0
0
0
0
0
0
0
0
0
0
0
0
0
0
0
0
0
0
0
0
0
0
0
0
0
0
0
0
0
0
0
0
0
0
0
0
0
0
0
0
0
0
0
0
0
0
0
0
0
0
0
0
0
0
0
0
0
0
0
0
0
0
0
0
0
0
0
0
0
0
0
0
0
0
0
0
0
0
0
0
0
0
0
0
0
0
0
0
0
0
0
0
0
0
0
0
0
0
0
0
0
0
0
0
0
0
0
0
0
0
0
0
0
0
0
0
0
0
0
0
0
0
0
0
0
0
0
0
0
0
0
0
0
0
0
0
0
0
0
0
0
0
0
0
0
0
0
0
0
0
0
0
0
0
0
0
0
0
0
0
0
0
0
0
0
0
0
0
0
0
0
0
0
0
0
0
0
0
0
0
0
0
0
0
0
0
0
0
0
0
0
0
0
0
0
0
0
0
0
0
0
0
0
0
0
0
0
0
0
0
0
0
0
0
0
0
0
0
0
0
0
0
0
0
0
0
0
0
0
0
0
0
0
0
0
0
0
0
0
0
0
0
0
0
0
0
0
0
0
0
0
0
0
0
0
0
0
0
0
0
0
0
0
0
0
0
0
0
0
0
0
0
0
0
0
0
0
0
0
0
0
0
0
0
0
0
0
0
0
0
0
0
0
0
0
0
0
0
0
0
0
0
0
0
0
0
0
0
0
0
0
0
0
0
0
0
0
0
0
0
0
0
0
0
0
0
0
0
0
0
0
0
0
0
0
0
0
0
0
0
0
0
0
0
0
0
0
0
0
0
0
0
0
0
0
0
0
0
0
0
0
0
0
0
0
0
0
0
0
0
0
0
0
0
0
0
0
0
0
0
0
0
0
0
0
0
0
0
0
0
0
0
0
0
0
0
0
0
0
0
0
0
0
0
0
0
0
0
0
0
0
0
0
0
0
0
0
0
0
0
0
0
0
0
0
0
0
0
0
0
0
0
0
0
0
0
0
0
0
0
0
0
0
0
0
0
0
0
0
0
0
0
0
0
0
0
0
0
0
0
0
0
0
0
0
0
0
0
0
0
0
0
0
0
0
0
0
0
0
0
0
0
0
0
0
0
0
0
0
0
0
0
0
0
0
0
0
0
0
0
0
0
0
0
0
0
0
0
0
0
0
0
0
0
0
0
0
0
0
0
0
0
0
0
0
0
0
0
0
0
0
0
0
0
0
0
0
0
0
0
0
0
0
0
0
0
0
0
0
0
0
0
0
0
0
0
0
0
0
0
0
0
0
0
0
0
0
0
0
0
0
0
0
0
0
0
0
0
0
0
0
0
0
0
0
0
0
0
0
0
0
0
0
0
0
0
0
0
0
0
0
0
0
0
0
0
0
0
0
0
0
0
0
0
0
0
0
0
0
0
0
0
0
0
0
0
0
0
0
0
0
0
0
0
0
0
0
0
0
0
0
0
0
0
0
0
0
0
0
0
0
0
0
0
0
0
0
0
0
0
0
0
0
0
0
0
0
0
0
0
0
0
0
0
0
0
0
0
0
0
0
0
0
0
0
0
0
0
0
0
0
0
0
0
0
0
0
0
0
0
0
0
0
0
1.16415e-10
0
0
0
0
0
0
0
0
0
0
0
0
0
0
0
0
0
0
0
1.13505e-09
0
0
4.36557e-11
0
0
0
0
0
0
0
0
0
0
0
0
0
0
1.58616e-09
0
0
0
2.91038e-11
0
5.09317e-10
0
0
0
0
0
0
0
0
0
0
0
0
0
1.74623e-10
1.45519e-11
0
1.30967e-10
0
0
0
0
1.45519e-11
0
4.36557e-11
0
0
0
0
0
0
0
0
0
0
0
0
0
0
0
0
0
0
0
0
0
0
0
0
0
0
0
0
0
0
0
0
0
0
0
0
0
0
0
0
0
0
0
0
0
0
0
0
0
0
0
0
0
0
0
0
0
0
0
0
0
0
0
0
0
0
0
0
0
0
0
0
0
0
0
0
0
0
0
0
0
0
0
0
0
0
0
0
0
0
0
0
0
0
0
0
0
4.07454e-10
4.36557e-11
1.45519e-11
2.61934e-10
0
0
0
0
0
0
0
8.73115e-11
0
0
0
0
0
0
4.51109e-10
1.45519e-10
1.45519e-10
0
0
0
0
0
0
0
0
0
0
0
0
0
0
0
0
0
0
0
0
0
0
0
0
0
5.59629e-05
1.05104e-05
4.99644e-06
0
0
0
0
0
0
0
0
0
0
0
4.26167e-06
1.04774e-08
7.90547e-07
2.38651e-09
1.26602e-08
6.25732e-10
1.46742e-07
1.45519e-11
1.45519e-10
7.88714e-09
4.99858e-08
0
1.30967e-10
1.04628e-08
0
0
1.62981e-09
4.43833e-09
0
0
2.16824e-09
0
0
4.65661e-10
0
0
0
0
0
0
0
0
0
0
0
0
0
0
0
0
0
0
0
0
0
0
0
0
0
0
5.82077e-11
5.82077e-11
1.38243e-09
1.10595e-09
9.45874e-10
1.32422e-09
1.74623e-10
3.95812e-09
2.72121e-09
4.36557e-11
0
1.45519e-11
1.1205e-09
3.7835e-10
4.51109e-10
9.74978e-10
4.36557e-11
3.75439e-09
1.38243e-09
0
0
0
3.63798e-10
8.73115e-11
4.07454e-10
7.27596e-11
1.45519e-11
9.45874e-10
6.98492e-10
0
0
0
2.76486e-10
5.82077e-11
1.01863e-10
2.32831e-10
0
6.69388e-10
5.67525e-10
0
0
0
1.01863e-10
0
1.01863e-10
0
0
2.76486e-10
2.61934e-10
0
0
0
4.36557e-11
0
0
1.45519e-11
0
0
8.81375e-06
1.86395e-07
8.89209e-07
4.12112e-06
6.48439e-06
1.69748e-07
4.38245e-07
1.71285e-06
4.38013e-08
1.28188e-07
7.02435e-07
1.03963e-06
3.49683e-08
7.02712e-08
3.19691e-07
3.42596e-07
7.24642e-07
1.53086e-08
4.30155e-08
4.92306e-07
2.47092e-08
0
0
0
0
1.49885e-09
0
2.03727e-10
0
1.89175e-10
0
2.64845e-09
0
0
0
0
0
0
0
0
0
0
0
0
0
0
0
0
0
0
0
0
0
0
0
5.09317e-10
5.38421e-10
9.60426e-09
1.13359e-08
2.91038e-10
1.30967e-10
2.40107e-09
2.91038e-11
1.45519e-11
9.16771e-10
8.87667e-10
0
0
3.34694e-10
0
0
1.45519e-10
2.76486e-10
0
0
0
1.45519e-10
1.74623e-10
2.18279e-10
1.45519e-11
0
0
0
0
0
0
0
0
0
0
0
0
0
0
0
0
0
4.65661e-10
1.45519e-10
1.16415e-10
4.36557e-10
0
0
3.88536e-09
8.73115e-11
0
0
0
0
0
4.36557e-11
1.62981e-09
1.46974e-09
0
0
0
5.38421e-10
2.32831e-10
5.82077e-10
1.45519e-10
0
0
4.80213e-10
2.98605e-08
1.49521e-06
0
0
0
0
1.01863e-10
6.73754e-09
2.7426e-07
0
0
0
0
0
2.35741e-09
1.17841e-07
0
0
0
0
0
2.18279e-10
1.35187e-08
0
0
0
0
0
0
0
0
0
0
0
0
0
0
0
0
0
0
0
0
0
0
0
0
0
0
0
0
0
0
0
0
0
0
0
0
0
0
0
0
0
0
0
0
0
0
0
0
0
0
0
0
0
0
0
0
0
0
0
0
0
0
0
0
0
0
0
0
0
0
0
0
0
0
0
0
0
0
0
0
0
0
0
0
0
0
0
0
0
0
0
0
0
0
0
0
0
0
0
0
0
0
0
0
0
0
0
0
0
0
0
0
0
0
0
0
0
0
0
0
0
0
0
0
0
0
0
0
0
0
0
0
0
0
0
0
0
0
0
0
0
0
0
0
0
0
0
0
0
0
0
0
0
0
0
0
0
0
0
0
0
0
0
0
0
0
0
0
0
0
0
0
0
0
0
0
0
0
0
0
0
0
0
0
0
5.38421e-10
4.05271e-08
0
0
0
4.36557e-11
6.54836e-10
7.82893e-09
0
0
5.70435e-09
0
0
0
0
0
0
0
0
0
0
0
0
0
0
0
0
0
1.45519e-11
0
0
0
0
0
0
0
0
0
0
0
0
0
0
0
0
0
0
0
0
0
0
0
0
0
0
0
0
0
0
0
0
0
0
0
0
0
0
0
0
0
0
0
0
0
0
0
0
0
0
0
0
0
0
0
0
0
0
0
0
0
0
0
0
0
0
0
0
0
0
0
0
0
0
0
0
0
0
0
0
0
0
0
0
0
0
0
0
0
0
0
0
0
0
0
0
0
0
0
0
0
0
0
0
0
0
0
0
0
0
0
0
0
0
0
0
0
0
0
0
0
0
0
0
0
0
0
0
0
0
0
0
0
0
0
0
0
0
0
0
0
0
0
0
0
0
0
0
0
0
0
0
0
0
0
0
0
0
0
0
0
0
0
0
0
0
0
0
0
0
0
0
0
0
0
0
0
0
0
0
0
0
0
0
0
0
0
0
0
0
0
0
0
0
0
0
0
0
0
0
0
0
0
0
0
0
3.0559e-10
5.82077e-11
0
0
0
0
0
0
0
0
0
0
0
0
0
0
0
0
0
0
0
0
0
0
0
0
0
0
0
0
0
0
0
0
0
0
0
0
0
0
0
0
0
0
0
0
0
0
0
0
0
0
0
0
0
0
0
0
0
0
0
0
0
0
0
0
0
0
0
2.6339e-09
0
5.82077e-11
4.65661e-10
2.40107e-09
0
4.36557e-11
2.44181e-07
1.57161e-09
1.22818e-08
3.39642e-08
2.54193e-07
1.35333e-09
1.25146e-08
0
0
0
0
0
0
0
0
0
1.01863e-10
3.20142e-10
1.03319e-09
0
0
3.7835e-10
1.86265e-08
5.50062e-08
7.85803e-10
3.76895e-09
5.34201e-08
3.28873e-09
2.47383e-09
8.73115e-11
1.89175e-10
9.60426e-10
1.89029e-08
1.95869e-08
1.10595e-09
0
0
0
0
0
0
0
1.45519e-10
0
0
0
8.73115e-11
0
0
1.70257e-09
7.27596e-10
0
1.16415e-10
2.2701e-09
0
6.25732e-10
0
0
0
0
0
0
0
0
0
0
0
0
0
0
0
0
0
0
0
0
0
0
0
0
0
0
0
0
0
0
0
0
0
0
0
0
0
0
0
0
0
0
0
0
0
0
0
0
0
0
0
0
0
0
0
0
0
0
0
0
0
0
0
0
0
0
0
0
0
0
0
0
0
0
0
0
0
0
0
0
0
0
0
0
0
0
0
0
0
0
0
0
0
0
0
0
0
0
0
0
0
0
0
0
0
0
0
0
0
0
0
0
0
0
0
0
0
0
0
0
0
0
0
0
0
0
0
0
0
0
0
0
0
0
0
0
0
0
0
0
0
0
0
0
0
0
0
0
0
0
0
6.72851e-07
0
0
0
0
0
0
0
0
0
0
5.09317e-09
4.36557e-11
5.67525e-10
0
5.09317e-10
0
1.45519e-10
0
1.01863e-10
0
0
0
0
0
0
0
0
0
0
0
0
0
0
0
0
0
0
0
0
0
0
0
0
0
0
0
0
0
0
0
0
0
0
0
0
0
0
0
0
0
0
0
0
1.45519e-11
5.82077e-11
4.36557e-11
0
0
0
0
4.36557e-11
0
5.82077e-11
0
0
0
0
0
0
0
0
0
0
0
0
0
0
0
0
0
0
0
0
0
0
0
0
0
0
0
0
0
0
0
0
0
0
0
0
0
0
0
0
0
0
0
0
0
0
0
0
0
0
0
0
0
0
0
8.81264e-08
1.60071e-09
3.17523e-08
1.94996e-09
4.16039e-08
9.8662e-08
5.45697e-09
0.00104454
1238.87
0.000364126
0.0268793
0.000158897
0.0025845
0.000559682
0.0106492
3.31382e-06
0.000303894
0.188689
1.1384e-07
5.76982e-05
0.0239248
0.000170047
1.07611e-05
5.82338e-05
0.00146481
0.0363596
7.93691e-06
0.000405647
8.59713
210.19
0.00230411
7.039
4.5645e-07
2.97564e-05
0.000190558
0.620711
0.00806109
1.89907e-06
0.00010493
2.56582e-05
0.000751167
1.94414e-07
4.67e-06
70.7888
0.000857795
0.902248
0.0164334
0.415416
2.62978e-05
0.00191883
8.20006e-06
2.26864e-08
3.59767e-07
0.0767807
1.86324e-06
0.000164485
0.000310675
6.14299e-06
2.77084e-06
4.8534e-06
2.49274e-07
7.31088e-08
1.32713e-07
0.000247998
2.81211e-05
0.000120225
0.0194816
0.00165799
0.000933701
0.000126273
0.00456991
0.00227329
0.000245362
0.0027419
0.000436915
0.00338822
7.07567e-06
1.66579e-05
3.95521e-05
0.00127852
0.00104086
8.77613e-05
5.15646e-05
0.00133591
0.000996656
7.43172e-05
0.000340304
1.20256e-05
0.000140017
1.40903e-05
0.000170535
2.74617e-05
0.000194445
0.00383254
0.000584389
0.0049233
9.60309e-05
0.00614017
0.000226576
0.0014065
0.666979
0.00478628
0.0212693
0.0138789
0.0433983
0.0657321
0.137936
16.2957
37.8608
74.6659
0.294144
390.658
1.57577
3.10703
7.92832e-07
9.83287e-07
2.06532e-06
5.05724e-05
6.38448e-06
1.4111e-05
0.000443999
0.00128413
0.00609274
3.5451
0.0260191
0.144953
3.26329e-05
3.05764e-05
3.29199e-06
1.39954e-06
4.20032e-05
2.69379e-05
2.0764e-06
0.000179822
0.00129282
2.1235e-05
4.77717e-05
0.000319352
0.000731576
1.08745e-05
5.17542e-06
2.26224e-07
2.29264e-06
2.63652e-07
3.05817e-06
4.30853e-07
2.95133e-06
5.34704e-05
9.01829e-06
7.34063e-05
1.21862e-06
0.000112399
3.16261e-06
1.96258e-05
0.0186911
0.0134673
0.00282695
0.00047142
0.0288261
0.0100779
0.00154552
0.0615609
9.85979
0.0401948
0.0885491
0.423258
0.970716
0.00696841
0.00387238
7.37223e-05
0.000442077
0.000122975
0.00104064
0.000369967
0.00206462
0.0218659
0.00802839
0.0204219
0.000959963
0.0831069
0.00200839
0.0160825
1.57348e-06
3.55653e-06
7.29473e-07
1.51194e-08
3.27418e-08
3.23489e-08
7.01155e-07
9.47184e-08
1.96116e-07
0.00351635
0.00750521
0.000651466
5.20423e-06
7.84326e-06
2.96718e-05
0.00069713
5.47233e-05
0.000152502
0.000155845
0.000302886
0.000132088
5.84885e-07
4.03234e-08
1.17871e-09
4.36557e-11
2.99333e-08
9.63337e-09
1.89626e-07
1.76078e-09
4.22006e-10
4.88944e-09
2.82045e-07
8.73115e-11
0
5.34346e-08
1.74623e-10
9.72068e-09
0
1.32422e-09
2.32831e-10
9.60426e-10
0.000152471
0.349443
0.00933964
2.46818e-05
0.00606287
0.000317921
1.08692e-05
0.000356519
1.08368e-05
6.71372e-06
4.28903e-07
0.000269317
7.20465e-07
6.07437e-05
2.06215e-07
1.25589e-05
0.00270006
3.50711e-06
7.91921e-06
3.44153e-08
1.187e-06
7.08678e-09
7.81307e-07
3.0967e-05
0.000951917
7.62375e-08
4.34861e-06
3.72151e-07
2.13913e-09
1.19951e-07
7.27596e-10
0.000344532
1.87574e-08
7.64616e-07
2.13868e-06
5.68949e-05
3.46336e-09
1.41648e-07
1.97033e-08
0
9.98891e-06
9.74978e-10
2.02563e-08
1.00132e-07
1.04793e-06
1.30967e-09
5.83532e-09
4.85888e-07
2.8888e-06
2.71563e-06
1.74841e-07
1.85973e-08
1.00248e-07
6.69388e-09
1.84809e-09
8.22183e-09
2.18279e-10
1.01863e-10
3.34694e-10
2.78087e-08
6.86996e-08
5.84405e-08
2.25118e-08
7.27596e-09
1.40717e-08
1.21554e-06
1.03042e-07
6.2093e-07
4.70027e-09
1.20781e-09
2.53203e-09
8.00355e-10
2.76486e-10
5.23869e-10
3.16359e-08
2.73576e-09
1.51485e-08
1.40994e-07
1.41562e-06
9.88148e-07
2.18279e-10
1.16415e-10
2.91038e-10
1.45519e-11
0
4.36557e-11
6.57164e-08
5.26634e-07
4.33167e-07
1.10595e-09
3.63798e-10
2.50293e-09
6.67351e-08
2.16969e-08
1.14655e-07
0
0
0
1.05356e-08
2.37196e-09
1.6691e-08
2.61934e-10
0
8.73115e-11
4.58385e-09
5.82077e-10
2.47383e-09
6.86967e-07
1.34647e-06
1.18789e-06
1.73213e-05
2.61867e-05
2.43773e-05
1.76062e-05
3.89802e-07
1.69632e-07
2.70506e-07
4.3272e-06
5.23216e-06
6.43557e-06
4.04443e-06
1.07376e-05
5.54552e-05
5.58505e-05
0.00119553
0.000269994
0.000234013
0.00112653
2.03875e-05
2.02145e-06
1.16541e-05
0.000357099
4.33352e-05
7.57611e-05
0.000270591
7.72561e-08
2.44472e-08
4.25935e-08
5.31465e-07
1.18697e-06
6.22895e-07
7.43981e-07
1.13505e-08
5.90808e-09
8.39646e-09
1.14698e-07
1.27475e-07
1.57917e-07
1.04774e-07
2.79302e-06
3.4376e-07
1.64803e-06
2.8843e-05
1.62395e-05
4.37839e-05
6.81814e-06
4.35874e-07
4.25352e-08
2.02723e-07
5.83426e-06
7.04124e-07
1.25277e-06
2.71974e-06
2.04505e-06
1.85893e-05
1.4333e-05
7.40561e-05
0.000186802
0.000233792
2.97239e-05
3.24508e-09
2.51748e-09
4.30737e-09
3.56667e-08
5.69853e-08
3.8548e-08
4.61878e-08
9.45874e-10
8.73115e-10
1.23691e-09
1.34169e-08
1.44355e-08
1.61381e-08
1.25874e-08
9.00327e-08
2.91184e-08
1.09241e-07
1.21928e-06
4.97137e-07
1.44498e-06
2.94152e-07
9.08796e-07
7.63086e-06
6.57795e-06
1.06529e-05
9.06897e-05
1.25645e-05
8.12206e-05
1.42609e-08
5.58794e-09
3.07482e-08
3.28189e-07
5.31581e-08
7.02858e-08
1.66649e-07
9.80974e-07
3.14787e-07
1.45214e-06
4.75344e-06
1.23652e-05
1.50716e-05
2.02963e-06
8.73115e-11
8.73115e-11
1.74623e-10
8.14907e-10
2.35741e-09
1.06229e-09
1.5134e-09
3.69619e-09
1.76078e-09
4.97676e-09
5.36238e-08
2.84344e-08
6.49015e-08
1.42318e-08
1.67798e-07
3.50119e-08
2.38768e-07
2.99056e-07
2.80762e-06
5.24233e-07
2.16583e-06
1.71713e-09
4.80213e-10
1.73168e-09
2.06637e-08
5.93718e-09
5.36966e-09
1.67347e-08
3.00206e-08
7.93079e-09
3.02534e-08
1.09067e-07
2.17085e-07
2.98809e-07
4.19241e-08
0.00438361
2.53135e-05
0.000824537
7.8107e-05
0.000902349
9.60914e-06
0.000272571
137.651
0.0304173
0.31168
0.0406459
41.2965
0.00843217
0.124974
0.000172115
1.93567e-06
3.45903e-05
8.67149e-06
4.46351e-05
6.49656e-07
6.54595e-06
2.1095
0.00124325
0.0537349
0.000809322
0.0200947
0.000172148
0.00606115
2.90309e-05
5.2726e-07
2.84392e-06
4.91895e-06
2.1512e-05
2.47834e-07
1.29994e-06
0.00717671
5.61565e-05
0.0013074
0.000205269
0.00136094
1.79393e-05
0.000362944
3.40227e-06
2.32394e-07
1.68906e-06
3.21411e-05
5.64816e-05
4.28422e-05
0.000255855
3.17923e-06
4.93286e-05
7.11383e-06
8.83914e-05
7.58257e-06
2.1818e-05
8.14974e-06
2.15944e-05
5.02041e-09
7.42148e-10
3.7835e-10
1.45519e-11
0
1.16415e-10
0
6.27954e-06
2.61833e-07
3.01661e-08
8.23638e-09
1.58515e-06
2.2701e-09
8.44011e-10
5.91099e-08
1.74623e-10
7.27596e-11
1.19908e-08
3.0559e-10
3.23053e-09
2.99769e-09
2.47383e-10
0
1.60071e-10
0
0
0
1.03319e-09
7.27596e-11
8.58563e-10
0
4.36557e-11
2.91038e-11
0
0
6.57747e-09
6.27479e-08
5.83968e-08
9.81236e-07
1.59373e-07
1.25467e-07
1.07066e-06
1.81608e-08
1.9063e-09
1.5847e-08
2.54411e-07
3.36149e-08
3.71074e-08
2.36512e-07
3.97267e-09
4.80213e-10
3.14321e-09
4.67408e-08
1.52504e-08
5.09463e-08
8.3819e-09
2.18279e-10
1.20781e-09
1.04774e-09
1.25874e-08
2.50293e-09
2.77942e-09
1.14524e-08
4.65661e-10
1.01863e-10
5.67525e-10
6.28643e-09
1.62981e-09
6.56291e-09
1.45519e-09
1.16415e-10
1.45519e-10
1.60071e-09
1.73168e-09
1.12777e-08
2.47383e-09
8.49541e-08
2.90602e-08
4.07454e-10
3.33239e-09
1.30967e-10
6.40284e-10
3.68163e-09
9.85165e-09
5.09317e-10
2.99769e-09
1.30967e-10
2.91038e-11
4.26371e-09
1.30967e-10
5.67525e-10
2.47383e-10
1.49885e-09
0
0
0
1.16415e-10
3.49246e-10
0
0
1.16415e-10
6.54836e-10
5.64614e-09
2.19734e-09
9.40054e-09
3.20142e-10
3.34694e-10
1.45519e-10
1.89175e-10
0
0
1.45519e-10
4.45289e-09
1.89175e-09
1.22236e-09
6.1118e-10
2.47383e-10
4.36557e-11
1.06229e-09
8.33825e-09
9.08185e-08
4.94474e-08
2.6339e-07
5.03496e-09
3.87081e-09
2.6339e-09
7.26432e-08
7.32398e-08
7.86385e-08
2.86091e-08
2.3254e-08
4.05867e-07
1.33581e-06
4.30882e-07
1.29612e-06
0
0
0
0
0
0
0
0
0
0
0
2.49856e-08
2.91038e-11
9.02219e-10
0
0
0
0
0
6.8394e-10
1.34896e-08
4.07454e-10
5.23869e-09
0
0
0
0
3.49246e-10
0
1.74623e-10
0
2.91038e-11
0
0
0
0
0
0
0
0
0
0
0
0
0
0
0
0
0
0
0
0
0
0
0
0
0
1.45519e-11
2.91038e-10
0
0
0
0
0
0
0
0
0
0
0
0
0
0
0
0
0
0
0
0
0
0
0
0
0
0
0
0
0
0
0
0
0
0
0
0
0
0
0
0
0
0
0
0
0
0
0
0
0
0
0
0
0
0
0
0
0
0
0
0
0
0
0
0
0
0
0
0
0
0
0
0
0
0
0
0
0
0
0
0
0
0
0
0
0
0
0
0
0
0
0
0
0
0
0
0
0
0
0
0
0
0
4.36557e-11
0
1.33878e-09
1.03319e-08
1.10158e-08
3.20142e-09
4.40923e-09
1.16415e-10
3.63798e-10
1.01863e-10
3.63798e-10
0
0
0
0.445099
167.091
0.0118662
0.00112922
15.8654
0.0363373
0.215668
0.0153763
0.0719254
36.7549
0.150182
0.112259
0.194967
1.67885
3.23752
2.18569
0.0125208
0.0163934
0.265488
0.00209083
0.0295095
801529
2.59598e+06
375026
2270.03
1629.83
1.80857
789690
1.29264e+06
508725
1.49105e+06
1.58652e+06
1.99694e+06
617170
1.74881e+06
1.73317e+06
716190
616892
79924
1.3894e+06
2.47094e+06
44172.9
2.44608e+06
582971
12812.1
883975
98106.9
578291
164.725
366086
1.50337e+06
14.8003
150654
540165
21.2329
152470
57998.5
73.0296
19853.3
6.03004
3.08415e+06
1.73715e+06
2.74875e+06
58957.9
387.296
9337.23
41.5164
0.16629
3.7188
1.25275e+06
1.1147e+06
1.44157e+06
1.335e+06
1.15536e+06
1.48355e+06
1.21662e+06
1.27692e+06
1.38976e+06
1.21896e+06
1.6871e+06
1.18625e+06
1.54753e+06
1.28442e+06
1.86836e+06
1.6521e+06
1.93959e+06
1.76663e+06
2.35316e+06
2.07422e+06
1.19647e+06
1.19318e+06
2.01254e+06
1.2331e+06
1.28452e+06
1.04076e+06
1.79919e+06
1.23457e+06
1.24826e+06
1.95111e+06
1.93326e+06
1.29551e+06
1.18309e+06
2.01943e+06
986468
500976
327866
519185
723634
1.20588e+06
692831
1.07148e+06
1.80761e+06
827850
1.05119e+06
1.02054e+06
1.67263e+06
849341
2.88147e+06
3.07131e+06
3.20537e+06
593579
568337
1.76299e+06
3.07242e+06
1.65597e+06
2.68275e+06
288817
109095
187913
3546.79
446570
35290.3
71457.4
540152
676782
572319
648320
650461
621397
375363
147301
875.868
1742.07
3706
8936.02
19266.5
38936.7
441343
514784
534456
73060
587288
221000
295513
607815
850632
182970
85.1207
344.849
2006.6
454098
7863.58
45679.1
503.639
232.351
479.032
2.0007
5267.35
22.4134
44.7637
10728.3
400392
10187.8
19005.9
100490
157868
953.827
768.178
1311.19
828.012
3.8993
14925.7
67.2426
44.2136
925.706
1673.27
80.3732
109.126
0.32053
5.51715
280446
512639
329340
292413
301005
302830
4596.23
73840.6
2.2886e+06
2.35531e+06
1.29955e+06
1.62958e+06
1.66637e+06
1.27831e+06
1.29227e+06
1.87434e+06
1.72892e+06
1.26981e+06
2.76922e+06
2.4883e+06
205520
355308
413941
623689
321459
463518
687084
535166
764218
506967
538150
257824
554418
494739
497619
265358
581459
554433
557211
287375
1083.57
10212.9
606511
375450
495837
219008
434468
285068
439136
276352
513393
292384
242626
414633
497217
277308
233876
460184
262981
279546
264689
338815
327973
332337
340956
246404
224557
249818
277494
308536
313735
284580
0.000322769
263996
489464
595135
524828
3.71668
39678.6
217.476
0.212659
0.128267
0.0239372
915738
565015
47.4293
889704
787311
0.0337947
129006
2.74695e+06
362.35
829586
0.2754
194385
0.000125426
275.883
1.49166
364558
167.73
0.00439675
0.0203519
9.96666
538976
0.159855
5786.7
13.8403
82619.8
0.0283819
176.76
643762
147744
1.77406e+06
550915
804209
5845.79
1.5333e+06
1.79665e+06
555601
1.87682e+06
3206.66
0.00547059
75.3403
2.73254e+06
3675.03
2.2319e+06
2.83359e+06
2.65132
0.00134072
17.091
0.0972254
0.00871393
988615
561.767
1.11794e+06
93.3107
409643
0.18894
3523.07
5.88204
0.00110119
1.55436e+06
0.0301882
1321.73
0.273114
0.00243799
3968.78
0.0413126
569.599
0.000254663
81.6099
0.0199053
1.49868
0.88229
1.02765e+06
83171.2
867062
2.75466e+06
3.99523e-05
0.00292269
0.000244358
13061.2
14.2923
643.933
0.106592
0.00141371
0.0253223
0.0961198
30.93
1.51193
5.43245
0.910378
3.26198
51.3115
1024.32
53273.4
181.008
3555.88
32809.1
109.413
1697.05
0.00577293
9.07311
0.0537263
0.151704
0.269657
0.947097
1.45075
308.561
1079.03
1648.33
5.21722
10003.5
32.4986
49.4715
820218
461823
770485
100182
383585
666996
868991
1.00646e+06
1.14158e+06
1.40683e+06
1.73471e+06
1.1225e+06
1.32978e+06
1.02279e+06
710390
34233.2
52945.1
157930
218533
446777
476392
991099
1.67343e+06
1.10168e+06
840331
1.09072e+06
1.17389e+06
920790
1.25338e+06
1.80457e+06
1.25083e+06
1.83165e+06
1.19877e+06
1.21497e+06
68.6466
1892.81
40.4212
0.000885129
0.0340771
0.242973
530.097
1.57519
11.3028
2.08714e+06
2.63451e+06
1.9405e+06
25070
153038
528534
2.49481e+06
1.12831e+06
1.66721e+06
2.80267e+06
0.00066892
0.0188563
0.0154665
0.0154838
0.146969
0.0108264
0.00190141
0.347371
160.676
0.507847
1.1699
4.82784
10.8321
0.0376923
0.039115
0.0736812
0.0783887
0.00164438
0.677337
0.00429953
0.0183078
10069.6
5192.45
17901
37.5413
138753
338.649
1173.4
205832
1.01646e+06
332108
453019
646525
714461
35461.5
582.304
2.20827
1.77751
5.06814
20.1305
65.9957
47.5526
15926.6
52222.9
31305.9
135.705
257612
1924.18
1245.75
0.127764
0.321546
0.00763816
0.0150338
0.000124211
0.000544
372522
543793
29409.7
0.602248
1.03222
24.9238
41885.7
36.9132
1039.52
0.00889269
0.022057
0.000517578
0.00131167
0.00988382
0.0134631
0.000401865
2.68553
0.391565
0.954834
0.01428
9.40372
0.129957
0.266338
65.4225
5531.54
23.7487
154.513
232.729
1549.01
6.48078
3.57685e-05
0.000126216
2.50894e-05
2.93203
15.7418
0.628885
946538
4640.98
261.89
746046
1410.36
77.3357
269139
456829
734536
671675
944477
579282
767489
716805
398205
325736
421684
475673
77113.5
76.869
1.32692
90.2917
0.245374
0.108893
0.825576
703540
184782
1.00404e+06
438512
1.01285e+06
520.101
587587
16.5754
0.182344
0.0340215
1.7627
0.034151
0.011794
0.199689
596975
865.19
9248.85
999.391
23068.5
54.25
1290.69
0.00342128
0.150972
0.000775779
0.00013108
0.00863036
0.00144708
0.0387841
37841.2
2.44155
0.532628
0.109505
26.9637
0.87501
457.207
3.41616e-05
0.000150142
1.02594e-05
0.00052579
0.00114754
0.000137518
0.000811538
0.00049364
2.93738e-05
1.41278e-05
4.33227e-05
7.24204e-06
1.67909e-06
5.17059e-06
8.01738e-07
0.00493196
0.0031834
0.000524091
0.0108211
0.0473564
0.031309
0.0106498
0.00026066
0.000515383
0.000175455
0.00586338
0.00747206
0.0124233
0.00496191
3.09019e-05
8.22853e-05
1.35041e-05
0.000242606
0.00169313
0.000538246
0.00139126
0.105736
0.0749509
0.00953042
101143
417659
276346
180394
260275
264520
349057
204265
261622
212470
311834
260642
265389
311560
133869
111085
146392
148926
190463
202025
160074
299816
366045
350012
291158
364410
273776
344168
143790
161151
125094
196056
240922
218143
175355
275606
235815
221907
289460
329862
317762
274516
344834
253678
317907
234843
258701
325135
297292
249816
187457
193836
202280
196810
259207
253161
166747
253628
302615
222596
269751
194360
236141
689734
890628
356677
514486
422566
631574
692001
337193
206752
257355
269639
290234
350460
218814
254582
332511
309450
346090
365041
310901
276132
388212
415268
317019
393034
430323
346895
349259
400218
479407
402282
408658
489462
511186
409761
638997
995092
277738
621173
708301
988913
310518
361660
377714
316168
364813
424504
321466
385676
372328
278961
346033
409400
310437
332039
383040
293231
288442
229073
215148
210582
273178
268202
313306
337109
394943
287763
310539
369617
236299
538495
562229
353295
33844
548980
587184
568593
342859
468770
376162
485954
452713
385831
353619
402989
290567
340798
291511
340335
229391
274770
319551
315312
252401
353523
287096
354821
281441
420776
504967
534472
528076
569425
451475
426235
231473
259213
202387
242702
212891
270830
305543
385831
372913
435860
452547
418705
332129
399170
359383
430369
374095
360470
388242
331425
304416
378159
290877
344216
369808
425098
406125
458282
431614
485646
409465
445581
476681
373618
387218
482384
556488
527908
427410
396162
402028
370550
308011
409671
312898
429495
435851
324438
321057
352500
308054
245816
257778
227265
286638
324287
526292
143759
4769.94
526805
578958
27226.5
2663.65
395838
531494
416876
460754
348763
369864
433436
421982
372234
434995
447032
506866
521059
465231
470629
512504
819012
420062
465044
747907
790201
495353
560601
605522
620848
694928
486916
535488
371557
404046
428411
476140
507142
443979
473925
395698
338647
269215
386068
338058
298844
457931
592368
715761
668348
465313
434314
521686
493258
486976
367497
369068
412646
322977
406602
317976
466461
503676
502753
368632
372194
341912
340996
467666
363842
413946
493200
533294
443530
492273
477858
521054
565502
394370
453347
540679
490289
793425
466578
510868
742258
461498
735839
778247
386384
453236
331235
472503
526697
347822
407967
450678
499445
460885
581143
529840
541656
594248
276715
345335
289154
362310
372223
471449
497290
539576
566659
602158
410396
418611
482095
472435
507865
555711
594890
628981
495601
541180
595097
502086
591625
428449
459550
545346
546112
506813
583215
598194
663599
738357
760054
881189
856880
502057
558719
739190
485260
787159
693745
666728
635308
664501
617964
838834
693770
693968
823657
535728
496914
582207
643124
476219
558905
614370
429809
330006
444330
306278
389021
401167
531866
457338
631279
483827
802243
574294
625783
753815
542409
550763
524532
482497
410068
372897
440225
516433
554503
804085
569734
762510
600296
771787
906299
590808
741347
536655
665254
794991
600293
690416
722207
910563
822528
737692
604934
581027
472612
535392
398858
455117
391807
338569
531611
12639.7
86184.6
257309
857336
967794
928024
938421
725563
555010
601494
617397
712476
745079
574968
702373
655413
758639
840726
950663
793612
914050
592083
443461
434332
608655
542719
671921
550654
603761
523131
612194
683930
649967
555102
741829
697830
610180
719987
668881
535182
574906
642165
665467
782723
806253
638707
742963
771449
600450
648263
765598
684030
866879
669928
856228
689634
547558
561442
535211
576829
567125
509809
492411
546562
492137
542289
528179
461666
517510
563274
488232
420629
365361
596199
503001
595842
562314
775926
573482
748957
657543
801553
610255
760565
769266
832692
914173
900554
979671
988432
960133
589185
597587
628048
556428
625803
547564
553797
13.6441
1718.73
77606.4
457890
2031.46
374687
84.2624
700694
830870
848767
748095
882112
892969
723010
710802
760573
624565
639423
908634
731041
781425
598209
558920
594271
474637
500039
588532
594889
487482
559820
509653
522533
580305
584069
496422
544301
594715
546064
509597
412618
547269
462291
653249
633369
906924
765489
699184
592309
818833
993811
1.03338e+06
668679
832795
839738
982142
965425
716715
884315
723143
853475
621789
805451
536601
849012
808167
959329
661381
933860
763277
811607
386460
519429
568229
565065
537907
582808
453631
572725
446140
503544
598097
588862
535289
597428
781911
580680
852627
934883
869029
954396
792323
598444
565512
488826
570215
583923
558057
480284
607741
582322
500266
456229
574095
553510
594784
530422
531595
510547
358177
450404
423186
318295
885095
767899
769298
664104
789517
783215
872316
402385
507712
559821
406215
496078
560365
562460
1587.18
1.37687
9.99492
837602
1229.78
169154
1000.41
890821
864970
975512
791748
963873
930286
925003
525618
473792
567720
446291
335401
222266
345336
928711
987176
944192
969340
857405
824706
970973
873792
876286
888403
942207
925986
912292
936791
1.44121e-06
3.31108e-06
2.34004e-06
2.40166e-06
4.45546e-05
0.000105243
4.73739e-05
5.21353e-05
3.33093e-08
6.40284e-10
0
0.000377266
2.98893e-05
6.81568e-07
1.26747e-08
1.30967e-10
2.64166
0.000118246
3.13733e-06
7.21193e-08
1.38243e-09
0.00129489
0
0
0
0
6.1118e-10
2.80124e-08
0
0
0
0
0
2.61934e-10
9.60426e-09
0
0
0
0
0
0
2.61934e-10
0
0
0
0
0
0
0
0
0
0
0
0
0
0
0
0
0
0
0
0
0
1.18731e-06
2.18279e-10
0
0
4.65355e-05
3.28917e-07
1.19646e-05
0.000316393
1.02445e-08
3.00774e-07
7.36359e-06
7.567e-09
1.80546e-07
1.01863e-10
3.97267e-09
0
1.45519e-11
857078
928958
874147
808706
927946
929868
786933
798952
586496
556958
224333
554599
502845
818615
943103
695240
943584
972844
965414
963133
773698
483476
437362
505791
313249
173582
379430
257231
182893
569231
506225
655156
331002
474763
599555
1.14224
0.16014
0.600434
1892.31
3537.52
250.695
2.64346
603001
488012
609174
357062
556630
489396
230098
933273
929199
691441
974756
846822
814690
988091
943612
853459
981172
1.02102e+06
886807
961315
1.00727e+06
926371
877193
829282
900975
907398
883297
919607
463893
159715
373998
527211
578310
450992
560232
0.873102
0.131497
0.16102
430.401
211.353
50.4314
4.56026
857497
900494
684192
205689
554404
711619
395739
427774
105637
391748
69872.8
325985
285621
45024.7
99308.3
65620
374755
354383
554402
533169
306625
923020
916570
736734
849683
924481
674832
939570
933093
797973
739048
602355
937067
906978
671913
895459
988219
923007
859078
899827
945402
975003
886882
579474
901171
825736
795059
997440
417349
83504.1
705102
423292
763895
154263
503514
421286
908424
958382
920404
756756
889063
860259
704800
203.388
352.728
535058
6487.8
14.5372
3061.01
241180
1.73357
1918.16
353415
286732
308606
511745
240937
67943.7
44323.8
390247
553634
609002
287884
487150
91353.7
319516
461274
253598
385466
217304
88160.8
108339
27856.3
238449
373205
382981
497204
69621.7
98075.2
201990
728654
509387
893388
937201
933911
810070
624818
425687
294822
243933
198174
150911
43324.7
26036.9
13620.4
260835
171840
148452
436139
496348
235888
9245.24
252957
144013
62726.7
335633
223563
22578.3
156723
473366
107613
9803.14
413344
178594
23009.9
243987
73630.3
391423
496531
15226.1
359944
199181
609150
353865
815373
445049
690039
850041
189160
894036
1.00861e+06
1.03095e+06
508421
980526
863497
745047
158496
89186.6
383777
53017.1
236629
327037
498169
208464
486370
574417
20791.1
205137
374336
96293.8
888829
762091
925580
260892
951331
532519
761893
32182.9
613104
306593
475394
9565.09
76799.6
167824
90960.2
21186.6
214849
169540
2873.51
61141.6
12712.1
98549.4
299308
5150.21
44837.1
174638
95651.9
12623.1
393.708
86.6547
445.589
0.128508
0.47283
1.11136
0.121694
264887
682670
199503
413094
874741
827934
491221
196031
738655
675378
618852
198247
145539
685149
798532
505995
442306
435296
367477
86448.3
57995.7
46700.4
3495.11
323186
14002.6
198933
22360.8
985.018
172908
750214
548522
105586
58536.2
323603
9397.82
861134
78338.7
510407
701580
650658
955610
229214
3241.59
149467
68907.7
20517.9
2737.22
60642.6
885.204
29883.9
6238.01
116422
119848
265333
31453.7
6487.73
82026.4
1232.81
66208.3
18842.5
343379
214054
24673.5
62205.9
488316
414651
533798
127296
88535.4
603780
193906
10313.3
87024.1
1688.11
14918.2
454.233
4200.62
554.619
58613
12563.3
113506
1386.87
31176.4
6430.05
13701.6
647145
239042
738059
351218
274586
31138.6
36021
15800.5
203374
2125.8
210.744
4735.19
47376.2
7771.95
326692
118347
3325.22
55489.3
7294.72
422.545
82165
556.049
12745.7
187547
43794.8
12628.1
1893.34
7212.02
14450.1
22584.2
335343
266522
129610
178523
540517
13748.6
85071.4
243533
504636
728475
64175.8
15415.3
533722
275611
466605
9701.98
55629.3
213468
7093.27
28046.4
143181
17434.5
101676
4518.36
756.756
8035.21
84193
256237
461657
52315.5
191220
12999.7
5176.58
516475
125586
1580.34
342217
24253
46003.4
4950.16
12814.2
116139
291588
2451.72
21269.4
58588.4
5980.64
294.226
4067.16
3582.66
171.76
49162
2395.1
0.640827
0.0110165
0.634699
0.0830376
99.0357
0.00425969
0.0876518
322.642
95596.6
5180.74
3941.71
63715.9
3182.24
192.595
52.5575
823.033
17445
281.474
4375.2
84444.9
5720.69
74526.6
695735
41541.4
15714.1
432384
267724
2610.45
2204.7
248186
69823.1
367992
5144.71
28995.3
139445
157.395
26080.1
3885.8
8976.02
58291.5
2340.86
382.18
718.256
78455.1
16814
46.1436
1033.7
5330.98
234.342
33534.2
1365.81
123.816
870.333
21461.4
1901.18
76.7308
3.83713
0.00431646
0.0375767
0.0486906
0.00247035
0.0225298
0.280919
4784.62
776.001
233.325
133218
25438.7
46736.9
7685.05
184.051
20095.8
4338.08
5684.37
49.476
240.175
1190.11
16668.7
89.7601
758.397
448.832
9929.66
1190.79
52.1661
151.955
3476.44
9375.15
5873.26
2082.76
261.457
89.8496
764.082
33352.9
13698.1
37.1349
646.018
1578.76
93.38
4919.12
1038.34
24291.4
142.777
3410.51
664.849
27.9524
2484.63
285031
2585.12
12893
15641
80099.3
392.755
41.8807
132.756
3189.37
4965.93
645.012
15022.9
211.195
19.5149
186.154
4355.91
2405.85
22312.2
103.453
960.076
5167.48
413.27
16.4161
462.632
11449.5
972.947
39.1485
425.154
1172.89
1906.09
13790.5
8580.31
38483.1
61970.3
44135.1
1350.76
2799.48
407.69
161203
6211.65
12148.6
81.3228
31.5249
677.058
9724.44
450.214
24310.4
1142.47
17.1241
1199.7
411.623
2994.66
1014.86
127.565
43.3504
0.00568069
1.56501
0.227326
6.55278
0.0564945
0.0024517
0.0121564
53.0627
9720.81
1340.28
108.476
390.563
3062.73
15.1426
9.48987
225.477
1995.05
216.332
4964.53
572.704
24.6498
114.515
48734.4
3385.77
983.443
30764.1
2119.1
71.18
279.588
13879.2
8819.45
8834.19
5642.37
173.646
277.681
157145
234656
179630
123762
145661
82556.8
114034
135650
103195
272852
301120
259312
209203
232905
174199
197306
2.65494e-05
6.70847e-05
2.02339e-05
1.00976e-05
8.79294e-06
0.0001361
0.000509572
0.000144311
0.000257531
4.52416e-06
2.56101e-06
1.83878e-07
8.20437e-08
1.97993e-07
3.0981e-08
5.85715e-07
2.30253e-05
1.39145e-06
2.14204e-07
7.20561e-06
8.84756e-09
3.89118e-08
1.95287e-08
8.45321e-07
5.18819e-07
4.91127e-08
5.33473e-08
1.00408e-08
6.12097e-07
1.60726e-07
8.06176e-09
5.34186e-07
7.0082e-08
2.16096e-08
7.84639e-08
1.49885e-09
1.27955e-07
3.69619e-09
2.21102e-07
8.86212e-09
6.25732e-10
3.34694e-10
2.54659e-08
7.2323e-09
1.58616e-09
2.76486e-10
1.30967e-08
1.35333e-09
8.99017e-08
2.6339e-09
2.37633e-08
9.32778e-09
2.8158e-08
9.31323e-10
4.64241e-05
6.9949e-06
0.000237363
6.71143e-05
1.51136e-06
9.51753e-06
1.11968e-06
3.21476e-05
1.10245e-05
4.0531e-05
2.24797e-05
8.94773e-06
1.54304e-06
4.54704e-07
1.39319e-05
2.53877e-06
1.46191e-06
9.16576e-06
3.76148e-06
1.48226e-07
9.70613e-09
4.47384e-07
4.85059e-07
9.63686e-07
3.05154e-08
9.55624e-08
1.81171e-07
3.6438e-08
5.67525e-10
0
0
0
1.41154e-09
0
0
0
0
0
0
0
0
0
1.04163e-07
1.38709e-07
9.11677e-08
3.67581e-08
2.7736e-08
1.22382e-08
1.55705e-09
5.16593e-09
7.72707e-09
1.17871e-09
2.03727e-10
1.0652e-08
2.16824e-09
2.91038e-11
8.99308e-09
6.03177e-08
1.45519e-10
6.91216e-09
4.36557e-11
5.82077e-10
0
1.32422e-09
0
1.49885e-09
5.82077e-11
0
0
1.45519e-10
2.91038e-11
0
0
1.16415e-10
8.73115e-11
6.40284e-10
3.46336e-09
4.91855e-09
1.60071e-10
2.76486e-10
2.56114e-09
1.25146e-09
0
8.73115e-10
1.30967e-10
8.93488e-09
1.45519e-11
1.09139e-09
7.27596e-11
6.40284e-10
4.36557e-11
0
0
0
0
0
0
0
0
1.33878e-09
1.45519e-11
1.89175e-10
4.36557e-11
4.65661e-10
0
0
0
1.45519e-11
2.91038e-11
0
0
0
161899
177568
195858
86696.6
231676
328835
200225
349652
320877
151901
294475
351548
204702
192103
239836
180933
259082
225625
210593
114164
121324
153289
135060
145963
179482
106684
259042
187846
249825
217230
284005
225321
279464
236925
162309
217949
206470
248493
266286
191440
178877
278520
218275
164293
177696
215763
133788
151891
202636
199498
177461
231120
179568
226205
309755
285863
261025
207996
282308
254687
235881
297501
352676
287939
247788
310295
252984
313003
336720
258099
272484
237139
283089
299524
223801
244243
167571
215312
192590
270881
241334
220044
299559
238637
242783
206694
263393
210467
257561
311306
253436
283119
221170
305001
272554
248585
604696
81545
45933.7
104490
68556.7
69708.2
113572
288375
194471
322912
292711
563513
123354
111769
152089
143905
133328
110141
168293
148902
89553.9
134910
160541
126829
113040
172530
54280.1
63113.5
82770
102171
58157
74803.3
77754.2
76147.7
123663
111955
151060
92670.2
102024
138796
65228
108199
105222
133238
88908.4
93018.3
131706
86104.7
152582
124559
148626
136164
108895
175943
217624
236998
149775
189820
262321
172103
213020
359662
234998
288904
319928
320996
260424
410811
401328
362313
249148
275181
298469
331277
458965
366438
438192
335928
432743
578913
363913
487702
494137
369587
521447
422448
602830
562195
577955
472319
615317
612432
600906
586329
499013
612614
180695
65828.5
-56842
142682
94809.7
50201.7
175240
130330
-26589.8
-15650
14132.1
10589
44152
48413.1
60900.8
41602
87750.4
85524.9
9135.43
32883.8
67564.9
73293.1
33598.3
72308.9
44309
98985.8
73566.7
80191.9
106322
87242.5
150819
101110
138970
95244.8
102184
146742
67854.4
132635
104085
81233.7
54828.6
89573.9
117227
129818
179419
177042
162289
114119
113927
159426
136851
152898
111165
118040
190857
161919
145594
222612
146405
193380
129810
204960
175528
158457
498430
300126
220920
175800
295742
582136
175000
264590
132701
137192
97430.6
104838
146268
141589
185877
216431
130834
170247
116002
159008
154200
199593
274121
220579
173616
231818
183728
231555
286599
248957
229347
186918
260225
197191
240391
313303
360849
228124
274131
275722
211017
255336
332762
326582
214328
264843
246360
197420
246166
303634
351608
376552
281024
293590
521348
395216
368973
436725
334870
466481
311088
551768
424195
396097
-29116.5
-39758.9
1520.69
50070.3
-16503.1
55748.5
41709.1
31225.4
88201.2
45404.4
72739.3
-39292.3
24359
27758.4
17543
53710
15117.6
59946.9
-25726.9
36086.2
26925.6
27138.8
52572.9
19371.2
57808.2
25184.5
79233.9
53109.4
43714.9
100378
69141.1
73783.5
-6272.27
27051.4
34295.3
-14024.2
55956
28617.6
98480.3
46602.3
72588.8
8248.14
34550.8
28079.7
25242.2
43395.3
49473.5
33525.7
-75707.1
214259
-79007.7
162337
73732.4
180136
41055.6
154487
-81317.3
-38300
-48456.6
9762.89
-3769.84
42942.3
56396.4
-83675.1
-49620.3
-54714.9
-6345.55
-13087.7
31340.1
33445.7
129556
59242.6
113937
18988.1
3614.42
88263.1
104366
124062
196633
110556
138420
219738
154639
202917
45710.8
101334
92013
-6423.65
-7350.5
75598.4
70328.1
181116
92649.8
97100.5
123536
169928
189178
112199
237833
165019
225175
151472
224061
167698
209583
213533
140141
194394
139008
178562
197796
125795
1607.05
-24289.1
203828
66528
37045.4
71426.8
44795.6
143453
-58369.7
-33043.4
-12487.5
5281.93
6511.01
29451.2
52718.8
26335.7
27792.5
6600.23
32744.4
16139
26093
35848.6
96645.2
72251.9
132927
18599.6
10499
62740.6
98854.6
107833
138327
64105.1
92662.6
212013
157194
142863
33229.5
50832.9
62781.8
30923.6
16928.9
42107.1
41793.9
45185.7
84160.1
43098.5
58231.2
74432.4
99468.6
50560.7
187196
178432
223832
120693
215576
172358
166676
95617.5
102094
132799
76396.3
86416.4
115481
59519.9
-83673.2
-17851.7
-10117
-45517.9
-81268
12594.5
23142.3
-27629.7
-51870.2
-48861.3
-82281
-83194.2
-50828.3
-47678.7
-81848.7
5812.51
-14332.3
9966.44
7466.85
-16538.1
-12671.5
11580.6
-46925.3
-40314.8
-76323.6
-82500.5
-49140.6
-45643.4
-80478.4
-38088.5
-75392
-80578.8
-43064.4
-69419.3
-78782.4
-32857.3
14772.9
-5277.3
20920.7
-8447.51
22778.3
-3026.27
16892.2
-11445
17754.6
-7247.71
9828.29
-14481.2
-10341.6
13924.3
-296.645
-59345.5
-2296.11
-37584.4
-50820.9
-74058.5
-22325.4
-1204.8
28304.9
11418
-5734.23
25031.1
1481.32
19993.6
-97258.5
-72174.7
-99572.3
-94551.2
-98051.8
-99555.6
-96792.2
-80312.2
-82872
-99249.2
-99230.1
-97034.5
-97177.9
-99234.4
-99332.8
-97036.4
30659.4
-93968.6
-99618.1
-82830.7
-99236.1
35479.5
-36735.8
-99509.3
-99489.7
-99514.6
-99512.3
-99492.5
-99627.9
-99645.6
-99233.2
-97669.5
-94293.9
-97140.1
-99293.8
-99086.7
-96538.9
-99250
-96701.8
-98049.2
-98841.6
-88422.3
-96059
-93262.8
-99587.4
-98185.8
-98458.2
-99604.8
-99552.2
-99469.3
-99431.2
-99495.3
-99607.1
-99534.5
-99584.8
-99517.1
-99229.4
-98690.7
-99549.1
-99588.1
-98616.7
-99282.6
-92882.9
-99174.2
-94635.9
-73860.3
-3962.03
-17849
-96464.1
-63038.7
-92575
-70317.7
-84223.3
-28078
-28221.9
-97496.9
-72562.8
-96967
-75023.2
-97350.8
-81429.7
-95976.2
-99629.7
-99213.8
-99026.3
-95897.3
-94909.8
-99205.1
-88273.9
-98616.4
-96326.3
-91065.4
-51389.1
-99120
-82653.3
-98173.1
-72655.6
-96267.9
-90278.5
-48788.8
-38528.4
-69581.8
-95925.6
5683.92
-42233.1
-74337.7
-26053.8
-69560.1
12292.3
-14147.6
-53654.7
-92612.4
-71077.5
-20030.7
-24041
-25353.9
-76275.7
-54460.4
40226.7
-206.165
-423.666
4285.98
62719.1
36902.2
-28213.7
50202.2
20223.3
20618.8
0.622769
0.00167363
0.0243441
0.00654453
0.000665489
0.0778013
0.00652657
219.176
57.7458
3257.98
867.086
144.273
38.1992
2.63412
4367.92
943.882
2414.61
14.0703
25673.6
152.729
371.733
0.00709453
0.00204858
0.0648281
0.0165922
0.000827253
0.00420591
0.000357531
73.1384
21.6755
563.906
143.061
5.65683
40.5022
1.61358
4714.08
12.0901
216.915
66.7975
1286.36
59.0379
3.25597
9.1131
41.375
960.344
124.117
574.19
24.3035
5.3123
1956.67
37.2938
58.6562
4637.87
2940.74
87.9206
140.288
7.96123
126.674
2768.85
16.0129
351.469
21.0756
1.00892
367.875
118.594
2797.83
7.30168
162.84
20.9051
0.966172
15.5828
6909.75
473.982
505.877
15820.5
1092.56
36.5195
357.688
12.5102
57.8763
418.758
2652.37
11772.6
1968.19
267.015
2.28707
10.9369
1340.69
11.6564
55.3107
278.725
5.56882
405.409
135.787
1.60664
112.589
4.71292
36.671
2863.99
15.1235
490.595
306.305
1762.47
53.2983
9.34405
78.827
11.9746
7.2031
245.941
2669.64
1600.28
402.99
23.1457
6.88784
0.997815
22.1131
542.371
3.1598
77.9129
16.9368
8081.28
249.768
1267.08
525.951
38.2409
83.5687
22.6816
1.64748
5.51299
2535.38
171.853
51.2299
747.02
3.05611
72.0422
649.304
19.0618
7.34744
176.5
0.869977
1.07021
110.979
23.3096
59.3403
281.788
11.6134
2.64204
17.6561
18.0107
207.843
10.2411
10.5531
0.983719
0.588819
3.01703
28.9554
690.664
90.7494
9.08215
0.438579
3.80262
218.921
451.111
703.354
13.357
21.0517
4.00666
6.41972
6.16572
20.1808
175.816
27.376
95.5142
785.213
3.6727
186.332
0.657849
8.13949
7.88873
0.406393
108.131
4.70237
65.9675
2.02085
11.6309
157.202
904.316
27.3098
4.80875
36.9039
0.15488
1.62388
13.0946
197.626
8.54569
0.627964
2.12353
50.9625
272.391
168.953
1.33305
6.175
30.9716
5.36205
28.9846
139.445
0.117917
1.93184
9.6442
0.421272
56.3784
0.201003
2.8875
15.2453
297.273
13.7287
0.797858
0.724577
226.322
9.33905
137.302
0.484274
5.69805
8.6617
0.0103421
0.000960525
0.000817248
0.000258636
3.20532e-05
0.0142891
0.000829811
0.0124225
0.000814094
0.000587525
0.00892609
0.0198963
1.95131e-06
2.60305e-07
4.62169e-08
2.96859e-09
1.61064e-06
0.000433102
0.000103685
0.00381105
2.86861e-05
0.00659369
0.000277646
7.10949e-05
0.00125062
0.000253312
0.00377978
0.0019394
5.73138e-05
1.35443e-05
0.000233093
1.54692e-05
0.0003964
2.30514e-06
7.36095e-05
3.22121e-07
5.04078e-07
1.1681e-06
7.98318e-08
1.96451e-09
3.01214e-06
4.73359e-07
2.33551e-05
1.55676e-07
1.37952e-08
4.16039e-07
5.79588e-06
1.48825e-06
4.54311e-08
2.96612e-06
2.21175e-07
7.88728e-07
5.62868e-08
1.10158e-08
5.00033e-07
6.24423e-08
1.62036e-07
4.43833e-09
3.96976e-07
1.22964e-08
2.36178e-08
6.8394e-10
4.59841e-08
1.26602e-09
7.28905e-08
4.27826e-09
9.93896e-09
5.82077e-10
0
0
0
1.16415e-10
3.7835e-10
4.36557e-11
0
1.1496e-09
0
1.1496e-09
4.13274e-09
6.23986e-08
0
4.36557e-11
0
4.36557e-11
0
2.03727e-10
0
3.98722e-09
8.73115e-11
8.58563e-10
4.36557e-11
0
4.36557e-11
2.47383e-10
5.23869e-10
2.32831e-10
5.36966e-09
4.10364e-09
3.34694e-10
4.80213e-09
1.30967e-09
1.35042e-08
1.22236e-09
3.20724e-08
1.83354e-09
1.60071e-10
8.73115e-11
5.54428e-09
5.82077e-10
4.80213e-10
0
3.60887e-09
0
0
5.42786e-09
5.09317e-08
2.03727e-10
1.12195e-08
5.67525e-10
9.31323e-10
2.2992e-09
3.75439e-09
4.36557e-11
3.14321e-09
8.50559e-08
6.49889e-08
2.95258e-08
1.67376e-07
2.82322e-07
3.37604e-09
1.14087e-08
3.69619e-09
8.13452e-09
8.87667e-10
0
0
1.41181e-06
2.13369e-06
1.29346e-06
5.80607e-07
4.77055e-07
5.96192e-08
7.87841e-08
2.5655e-08
1.91038e-07
9.28412e-08
9.64501e-08
141.707
23.2088
6.80223
0.755514
4.03671
1.22727
0.244377
2.37341
2.1165
0.400455
72.3962
76.5495
475.068
11.617
4.83004
1.91706
38.6897
2.02112
5.04162
0.329241
0.177848
42.9176
5.81863
0.426289
1.74687
0.296414
0.112031
1.18023
0.257724
1.48044
0.165934
0.912708
19.5552
50.8843
2.22468
0.404144
35.6643
7.52698
0.486902
2.04408
9.67675
0.180044
5.59361
0.451169
0.145142
2.88616
40.9388
13.0635
190.12
0.358415
36.0936
6.15368
85.5826
0.700238
3.12166
15.2436
0.186529
27.636
1.21849
67.9475
0.294562
2.83453
4.19858
32.6636
1.42088
18.9723
2.23964
0.857667
0.263263
0.189532
0.03337
0.0133625
0.00176731
0.0175968
0.00631765
0.00146812
0.00198614
0.459601
7.6843
12.6046
34.5051
55.8695
1.0617
1.66648
1.73901
3.57186
39.356
0.246936
0.06171
2.19983
0.154117
0.194009
0.324761
5.36779
0.470088
26.4
1.15595
8.57213
7.62775
0.138751
0.405562
4.33243
1.70354
40.0085
0.288479
0.417415
18.1834
6.34815
0.59151
10.8043
3.75297
0.317252
49.6368
3.78828
30.698
2.35976
0.990663
0.191411
0.144797
0.000791847
0.0150402
0.00634093
0.000678808
0.000895645
0.0108848
0.00494889
0.243075
0.206639
1.15588
3.49165
32.7572
0.576881
5.17427
0.327171
13.4761
8.37413
5.145
0.327806
0.238502
8.23606
0.534365
0.0658482
0.242745
15.5854
1.20148
0.510962
0.0891995
12.1905
0.67442
3.2363
0.222273
0.225733
0.10679
0.0802118
2.23177
10.2774
0.0702875
0.410113
1.69487
0.33734
0.108511
8.42183
0.0935756
0.464239
1.09733
0.0699613
0.117746
0.114528
0.652555
0.219695
4.65493
0.0602457
0.0472884
0.329218
0.083786
0.161388
2.01786
0.760219
0.3187
5.01792
1.7763
0.206764
0.529685
0.201661
0.148407
12.4966
2.0382
3.71886
0.65186
0.0012871
0.000606001
0.00919136
0.000835649
0.000362282
0.000342794
0.000390059
0.135968
0.0697532
0.800089
0.242004
0.0978012
0.0546918
0.0433913
0.135601
8.95406
0.453288
2.50892
0.112742
0.243431
0.200349
0.163705
3.36096
0.498989
8.66197
1.09208
0.472678
0.187127
5.26156
0.112946
0.299578
0.7276
0.133445
0.0973597
0.126678
0.143614
0.0721384
0.0895701
0.564233
0.104429
7.24162
1.1443
0.169073
0.152177
0.364363
5.7817
1.60932
0.244065
0.213997
0.073915
2.49963
0.479123
1.53489
0.0718292
0.106411
0.317231
1.705
0.164602
0.145559
2.52974
0.221497
0.18407
3.99379
0.105767
578803
509541
3659.03
292090
30983.2
891587
572165
667154
598855
566318
9016.31
411192
315857
214573
168661
87798.5
39426
11.8643
99.3596
102.5
1002.29
719.365
18076.9
3162.52
1.19154e+06
1.15166e+06
614586
480268
666230
725068
380351
404315
601769
578973
1.07861e+06
894857
879506
960317
754558
903745
738225
1.20558e+06
772577
846293
950169
619496
687455
903838
1.05088e+06
1.07634e+06
692388
803012
537486
823983
507437
684090
1.10586e+06
1.07678e+06
840228
573112
516259
935999
720339
729096
1.00315e+06
1.00458e+06
665283
1.05463e+06
709805
0.000205268
0.000340774
0.00524525
0.0110527
0.0898873
0.0701987
0.00217837
0.804594
0.0203207
87566.2
607865
0.569749
209.178
0.0762538
1.12918
377698
27875
300323
712841
371272
604200
266626
4.01769
49.9506
5.64569
39450.3
4788.95
1157.13
47.15
71244.3
257630
486937
292741
449975
582664
400927
582251
408277
371060
338473
316694
313583
728811
520917
782151
562353
774671
776014
794837
537604
785248
483028
649848
732892
542727
307368
487483
301229
482872
431622
469906
700034
323223
349337
487045
408189
591430
927321
524129
800736
599351
40.4601
228.011
618012
0.352229
160862
2601.85
3170.34
81354.7
1800.91
271162
23290.2
19561.8
526914
636577
684844
960394
977169
774740
673352
937031
816468
851709
876233
730047
765402
856891
950066
836880
834890
842638
738623
749301
841304
804885
613505
671616
782836
752494
665266
669598
729753
794827
674088
765946
642569
783978
520268
591494
745289
642907
444357
671870
411991
650441
407965
316267
139513
176997
393955
463646
201635
257923
543386
444763
387648
291928
254924
393234
344826
245538
553104
449307
290921
525129
339046
390099
435317
279927
337409
187686
222994
303430
253935
315553
226158
239403
160454
165176
217508
204678
575355
645406
825511
420849
495419
606619
673380
806431
555428
672961
795756
695581
588949
678355
667178
804759
693723
584369
518017
621511
760315
555518
375632
453352
454804
545583
595848
689142
293582
200179
259593
235658
173668
232990
210907
409555
296834
317541
363999
385624
474691
507741
289590
433223
353186
237308
364832
299093
268537
378609
327238
302163
421997
374195
525698
480208
0.0010366
529115
424878
373218
570455
498114
602879
597867
470154
496278
381463
599104
519309
596580
592338
456150
549775
595569
525750
571858
590446
414737
0.0350376
0.0580713
0.419217
406.398
284.767
11.9107
42.1971
587827
222123
507881
118403
432516
340160
426563
601607
546957
477632
342934
552452
217065
480109
9.33728e-05
3.50167e-05
2.55817e-05
9.90389e-06
6.8463e-06
3.1317e-06
4.88013e-07
3.54885e-06
287344
28915.9
477936
134045
336886
458085
568030
1151.67
149677
7799.23
29184.6
276047
4541.33
102902
306371
12227.9
185339
2957.65
64276.4
862.344
19617.5
7370.9
943.422
24402.1
1672.17
5673.26
219.831
61.9336
135.891
13.08
349.783
566.486
57.1149
1524.9
14934.2
326.839
8608.46
1089.91
6437.78
243.32
47705.5
1795.93
15.0546
71.3376
1943.85
2.85618
78.6392
397.152
14.6743
295.714
1106.48
170.131
6.19794
1.56545
41.1227
10.811
4.17689
8.96231
115.698
736.327
26.9592
2.39201
65.1187
0.000478481
0.00543284
0.0239386
0.00132263
0.00028453
0.000448685
0.00746845
1.37592
10.4543
35.5024
0.332541
8.16594
2.24376
0.111621
569193
161437
537582
192033
555257
1.01305e+06
1.07761e+06
894564
835317
590911
337700
371499
265837
488699
292239
441979
527024
345148
330456
261467
444627
429693
276279
1.08833e+06
1.01347e+06
872848
828962
168625
107685
107550
149065
207426
219209
145107
170169
120985
146599
180314
233292
213546
156669
34453.6
97959.8
234711
173480
254022
398210
94680.6
71072.4
115316
89256
51634.1
56259.9
74870.9
140261
124133
168127
139983
112688
72526.4
97792.8
196321
201942
225559
142947
116269
165387
137301
153623
198954
187035
205315
170965
160333
127111
223021
191987
221063
286865
253152
191457
162698
48857.8
295793
91757.2
301547
480973
291881
562869
606721
615961
704256
544762
443213
634415
634722
584074
558048
1.06037e+06
770300
1.05696e+06
127129
302885
267810
688052
1.28459e+06
1.21815e+06
956932
1.06533e+06
616281
429641
375589
354213
483000
305768
546655
115343
117404
43265.9
74520
70057.9
77147.8
80737.1
65204.1
151653
127224
90203.6
117125
123348
96257
326494
181641
193832
212950
129849
199213
126743
288793
207340
187233
162807
222926
202964
138472
171522
233656
186504
153519
199011
159666
205677
216120
229434
182063
315314
269161
224162
264892
296518
331044
254866
340379
289814
261302
223788
332201
255234
224948
400411
344288
296196
262950
379651
329655
283838
238476
197849
255162
245595
343060
392291
291609
479918
577003
413988
340406
501372
424509
539332
384121
479639
356784
310517
5.43769
218653
686582
314818
752271
616129
407820
255.428
9912.02
162829
654477
408027
400323
448590
775619
775157
455424
1.33938e+06
1.25726e+06
1.4776e+06
1.50351e+06
736909
520965
438443
619182
770992
517035
670522
562583
636604
625419
600938
163995
474820
407918
1.23715e+06
1.41235e+06
1.29344e+06
881712
202365
771803
23235.6
307715
382.189
10097.8
940.54
36.8053
25.7607
1.03237
288.156
2.43047
26.7098
265000
237072
194788
273974
255866
296057
319242
399893
320417
258721
382845
310431
502018
376805
553195
585552
425419
619716
530429
628468
558440
1.13417e-05
3.53824e-05
0.000556898
0.000891955
0.0157527
8.63588e-06
6.23008e-05
0.00127639
9.6725e-05
0.0562738
0.0218168
1.25096
0.372718
10.3181
0.0329021
0.00551617
0.116977
0.94073
0.0998165
0.0026342
0.00112273
0.000505783
0.000230531
0.000105404
0.00989805
0.00569566
0.0747527
0.00119596
0.000340275
341205
481717
572522
137212
460342
291371
29708.3
338632
2.03436e+06
367411
1.4369e+06
2.67209e+06
1.07452e+06
1.45831e+06
1.68296e+06
767427
958451
2.91507e+06
612094
840146
563711
394626
306119
334780
480672
466692
531511
410320
340870
274048
280119
338543
415426
355994
410384
14.1822
99049.7
169990
199919
167343
145416
188326
600686
337417
197675
242004
212739
167299
154360
133546
192787
181852
247982
231848
190584
153639
140340
200852
125001
134005
165398
124715
72974.4
95129.7
98374.1
153094
202472
216806
180636
120447
130700
169113
145607
191682
189473
160575
115872
118841
161050
161412
231929
204752
175707
161403
134413
202282
358653
1.3963e+06
380791
2.09448e+06
626139
273217
4.82834
360276
1.17092e+06
878958
371258
467018
1.33144e+06
909448
1.72324e+06
278083
1.51185e+06
991292
232429
857122
191501
666372
445058
605617
716346
454464
312181
1247.59
105.595
1.27488e+06
1.44929e+06
1.31014e+06
1.76618e+06
2.66145e+06
2.19111e+06
2.03905e+06
1.72081e+06
861825
32958.2
337602
2958.32
2.56134
0.396827
0.0583894
72.0992
0.22897
2.94624
965016
1.01576e+06
1.06604e+06
1.21292e+06
1.05674e+06
1.10639e+06
924232
911658
723117
768379
872499
970565
1.00658e+06
832004
969699
1.25626e+06
1.10647e+06
1.18207e+06
1.07639e+06
1.13514e+06
981990
759818
914800
743261
864096
1.04132e+06
1.01888e+06
858283
1.14763e+06
1.15344e+06
1.19986e+06
1.21919e+06
1.53776e+06
1.49555e+06
1.36407e+06
1.13595e+06
1.1663e+06
1.31146e+06
1.23498e+06
993264
1.14887e+06
1.30893e+06
1.7057e+06
1.01862e+06
1.10137e+06
1.45004e+06
957467
740264
705820
851905
1.12155e+06
875524
1.20382e+06
890322
1.29401e+06
1.44141e+06
729911
947070
643271
553670
778681
1.06807e+06
1.17552e+06
661472
1.46382e+06
1.28206e+06
1.4938e+06
1.78023e+06
2.36181e+06
2.44484e+06
1.47156e+06
1.53685e+06
1.87138e+06
1.93506e+06
506352
1.05465e+06
576340
889790
733565
415282
461073
474296
910286
537691
810710
489369
712638
603496
756756
816614
530601
1.25254e+06
1.3337e+06
1.6916e+06
1.55637e+06
1.10033e+06
1.24229e+06
1.48902e+06
606537
585973
658794
207006
611230
451877
488764
455148
23288.9
13876
18539.9
178470
211792
150900
2039.64
1684.75
34701.4
0.0359798
0.197322
0.148798
2.1032
0.0181502
419073
158347
195389
539594
220034
266105
477475
248382
278807
486636
567289
333011
311267
575584
472444
253629
418044
493777
330953
555229
307947
368243
209647
313560
432682
256988
283412
367080
643911
289424
674654
410563
341859
725434
584002
254234
271481
184385
295495
233832
316293
225597
363550
430716
550219
662251
424558
619137
597692
381245
421388
655071
421921
706385
728126
652404
278638
226486
273785
245160
294421
197599
240563
43943.5
32121.8
299735
132723
165228
460311
590313
451430
498480
354879
418872
308598
378735
533782
422606
347080
289586
326104
362202
528582
391674
554332
514082
586837
560890
560095
542514
499049
587746
616986
541903
398286
536384
624618
499943
554226
460683
595795
568088
591674
529945
422613
517738
240140
129918
443482
570960
439436
352967
88659.6
16795.3
47176.1
445378
382115
319492
220688
110939
80474.7
74609.3
90392.1
94141.7
153260
135433
62641.9
112473
78942.7
98004.3
71338
122057
109495
49850.9
78434.5
44533.6
86589.1
69373.1
104626
107466
49761.3
76655.4
44017.6
81802.5
117358
150516
123089
66027.4
124608
92144.3
97574
146642
169472
787822
143594
806645
815725
190723
691933
1.10498e+06
1.10451e+06
1.04119e+06
1.04557e+06
1.2232e+06
1.11603e+06
996042
1.0553e+06
820822
577125
634075
455352
678911
725897
386695
645625
797968
633580
515214
710012
722172
530959
1.05428e+06
1.04393e+06
953604
987031
814501
619188
572361
465159
713914
516862
696304
765917
516600
443618
414470
577363
644645
350377
1.19057e+06
1.24541e+06
994720
1.04491e+06
54906.1
100353
120524
133321
156583
67796.8
121589
90902
102498
68860.6
73414.6
94038.7
47134.8
55468
70427.6
42582.8
79014.6
100250
185893
242808
295725
111088
140460
292107
253006
150001
222847
380867
200871
332761
253952
170981
295979
359587
191520
222785
391757
223161
133672
116552
182659
294117
162640
251281
-95092.6
-96905.8
-98600.6
46757.8
-36771
-50082.6
64439.2
22703.4
-98109.9
-86997.9
-81477.6
-85150.4
-79394
-35081.6
-22987.6
-98784.4
-89542.7
-90181
-87584
-88507.3
-45237.7
-45707.6
-24840.7
40353.8
27256.2
76349.5
60257.1
27335.8
40728.9
-86365.1
-51221.4
-80339.3
-46315.2
-77144.2
-5254.99
-32556.7
10330.3
41293.9
13198
-47888.4
-47421.7
13511.8
10809.7
-2034.2
20322.6
-10398.6
25111.7
-5052.88
18153.3
43163
15309.7
47055.2
41326.4
-7797.2
-35164.6
22972.2
15639.1
39166
63085.4
89115.8
40936.4
15781.6
39327.2
64431.6
87861.3
510242
104017
573288
119808
522922
129783
394507
-9647.96
42785.4
26727.8
-21190.9
42695.8
88366.1
66378
26373.4
42648.5
46679.2
34370.3
24925.1
27143
6922.58
24294.7
33577.1
164744
67910.5
127609
200120
90711.2
110228
137878
197941
172202
100698
79958
63472.4
132424
112117
57196.9
70924.9
112855
43562
47779
60045
74483.5
151459
84894.2
43897.1
73464.4
49976.5
95448.8
82020.6
571453
371434
321232
395137
228060
346045
197268
444115
190259
245327
94747.3
123494
205350
264000
553782
331510
378824
183987
350033
398678
228709
468094
229088
278398
302724
172880
250757
145957
16880.2
-77435.9
-41676
-31469
-64996.9
-30372.2
-63398
-9101.44
-19764
-7808.92
21861.7
-2981.38
22018.4
-2602.1
6916.13
26678.8
109724
554021
410393
529647
628987
589940
378975
9429.79
325196
163822
92231.8
410886
515396
225323
5014.92
8308.86
1241.32
33214
155490
285477
110669
6716.47
782.337
20092.2
2305.58
248.231
6447.45
58831.5
3890.68
402.186
89994.6
33834.8
87723.3
3821.43
305693
19303.4
70969.4
241591
235.336
1675.11
40826.6
5711.65
41.6395
1120.36
6729.07
1869.86
49491
332.518
8760.96
0.017373
2.49299
0.0356791
0.0067163
1.46086
0.00591539
0.000787733
147.285
630.744
64.0626
3928.08
1704.8
372.046
16635.7
26.6714
58.1671
635.189
832.663
353.955
34.5265
8720.03
0.607879
147.217
15.5109
5.36823
46.9852
1272.44
145.162
9.27154
2.51015
65.4763
27.7891
4.21083
112.797
742.837
476641
46370.6
413444
532992
241890
336091
562444
315639
32899
-40364.1
25179.1
35511.9
49194.7
142162
51875.6
177258
136541
305.807
106262
151752
10694.7
545985
562454
139713
305448
125038
261599
369102
-5151.13
52870.8
-13185.7
29364.8
71146
96143.4
46461.6
39029.5
-16807.2
-29466.7
87061.1
71758.4
44753.3
31194.7
-96535.5
-43589.8
130401
-98337.2
-99574.4
-96908.9
-78717.2
-88130.2
-97425.8
-99431.8
-97356.2
-97370.5
-99170.8
-99232.6
-99249.4
-99285.8
-97269.2
-83007.1
-5553
-44271.5
-99272.9
-47697.1
-98618.5
-99500.8
-99517.4
-99388.3
-99501.7
-99447.8
-99472.8
-99520.2
-99562.7
-94342.3
-99008.6
-97700.5
-97287.8
-99316.5
-99241
-96863.7
-99254.7
-98196.3
-95259.7
-97260.8
-99303.5
-99257.9
-96929.1
-99521.8
-99490.7
-99499.5
-99643.8
-99591.6
-99628.5
-99340.8
-99450.7
-99455.9
-98536
-99580.5
-99549.8
-99588.1
-99572.3
-99592.2
-98703.3
-98848.7
-99605.4
-99535.6
-99592.5
-99573.2
-84930.5
-86912
-81218.2
-22474
-34855
-98095.9
-95067.4
-97820.9
-88075.8
-97184.7
-99592.8
-99365.7
-99278
-97850.3
102683
227057
184522
42945.1
95664.4
-30204.3
-85217
-88741.1
-89688.1
-90234.6
-45577.5
-46413.8
-98797
-98639.6
-96391.1
-96387.9
-99094.6
-99616.6
-99249.9
-99232
-97500.7
-99652
-95655.4
-99319.1
-93715.1
-99149.1
-97311.5
-78166.3
-86416.9
-4886.7
-52763.5
-80646.1
-97603.7
-86598.4
-44255.5
-78398.1
-51720.8
-80744.2
-33413.9
-5881.14
-97036.8
-87021.1
-41500.9
14104
17065
25241.7
21924.4
58541.6
51468.6
26709.3
29591.6
9929.07
35827.9
28457.9
44382.4
49372.5
6016.49
-26805.8
-76127.8
-69748.3
-96106
-83515.7
-38729
-63408.5
-55554.2
-29088
-26548
770.668
10174.4
33426.6
78307.7
178018
107989
114700
189137
234688
145112
156305
104660
89752.4
236717
141528
207507
121519
26831.4
-27493.9
18683.1
25342.5
34245.4
50367.4
55715.6
25633.8
43566.8
18298.4
20597.1
-10634.9
-50658.7
-2006.46
79924.9
67858.9
27429.4
-13071.3
15800.4
43350.4
57648.1
9339.53
52339.4
68642.3
31801.8
9809.96
29545.4
52520.8
79371.7
97780.7
54515
61912.3
77063.8
99947.3
129157
115639
74619.6
64369.7
183810
105958
156515
92260.2
44124.5
115443
63836.9
121211
69690.7
81988.5
133726
78933.1
50626.5
52135.2
69267.8
43542.2
99580.8
72155.5
65306.6
103802
60747.3
139923
86040.8
137208
89412.2
150072
149535
171004
95125.5
113680
79147.6
95373.6
57034.1
75408.3
116017
89573.6
52000.9
34887.9
71572
142578
156518
168879
126335
112390
89781.5
101193
18390
-45381
-81684.1
12331.7
24778.5
-29462.4
6476.24
-85144.2
-84335.5
-54600.7
-84205
-52909.4
-52005.7
-49961.3
-83204.8
7628.71
9770.92
-19750.2
-17871.6
-15807.9
-14114.4
11132.7
-39724.9
-80707.6
-76428.6
-83047.9
-48990.2
-46735.3
-81525.3
-47454.3
-41965.8
-77779.6
-83220.1
-50357.9
-47404.6
-81751.2
21545.8
-8248.75
-5351.73
14321.2
-11996.7
-9792.33
15637.2
-11743.2
17176.6
-7686.29
9385.02
-15225.9
-11254.8
13293.6
-62679.8
-31177.2
-8116.08
-64736.9
-18621.4
-41359.3
-77449.4
-950.349
22699
-2470.68
28481.9
8181.21
-6823.25
18732.4
111499
123006
82800.7
133486
175178
149584
105545
158267
114351
83408.8
103810
146707
135791
180907
203989
174704
196982
144334
166375
137749
117065
261944
277197
237712
176105
211538
198950
235328
237350
194733
189450
148791
170663
211586
217919
266913
387544
348468
273272
302636
397133
439401
467409
329096
410035
333317
300977
251373
277769
299507
435801
487394
345357
399991
343578
485676
375911
424048
353232
516036
455445
495272
548059
454252
409898
448112
500934
476852
506390
521723
543144
551618
472410
485581
404680
536498
563336
538711
408725
474354
541390
553956
563029
491293
349900
259352
347305
493198
520185
521569
522248
393212
220467
301892
510493
525265
519872
475916
476687
594509
546516
475337
594381
576930
353090
251547
142164
123843
429498
320297
490089
415763
245547
427620
487074
315796
44217.1
117262
409883
51180.5
2122.59
55601.8
179543
329601
177479
10461
66.2062
1.48909
0.105883
0.465993
8.85248
0.368129
2.39595
69.0434
12.1193
0.473385
9.30957
1.53246
0.381337
0.107954
27.7453
4.81241
123.87
0.472417
0.20142
1.95157
8.61788
20.6456
4.91036
0.521346
0.240774
2.11768
0.151938
0.0888373
0.12737
0.547496
2.53296
0.126549
0.035859
0.531336
0.0519542
0.0864391
0.536105
13.9849
0.0998282
0.049994
0.140315
1.39553
0.156325
0.0992162
1.0733
0.541671
0.107077
13.507
1.36168
0.0981224
0.549836
0.0928472
0.222637
4.03544
0.0929726
0.29788
0.658416
0.11506
0.218877
0.0781967
0.126678
0.0735668
0.0909236
0.470576
0.133027
0.147855
0.195945
0.498826
1.93978
0.149055
0.0995635
0.129238
0.148772
1.29441
2.1
0.387961
0.266654
0.433285
0.199036
1.50123
0.912854
0.159526
0.186558
0.316525
0.263394
0.135254
1.261
0.0981201
0.138664
0.38972
0.1063
0.228561
0.0847171
0.122286
0.230643
0.0942071
0.0788405
0.0848513
0.880101
0.117195
0.138425
0.120493
0.115976
0.204999
0.112471
0.508675
0.0932692
0.0896312
0.156685
0.0851228
0.0819398
0.204791
0.125939
0.112939
0.104815
0.108007
0.124132
0.667069
0.177846
0.0937383
0.0892426
0.094884
0.107347
0.23197
0.756039
0.175774
0.132585
0.812748
0.201392
0.127601
0.305129
0.134622
0.146498
0.00563956
0.0012286
0.00115129
0.00238138
0.00115877
0.00111019
0.00114499
0.316971
0.0900191
0.0824901
0.655138
0.0853973
0.0966741
0.179359
0.138385
0.128485
0.42332
0.119779
0.140905
0.12955
0.116109
0.130859
0.409588
0.120664
0.113875
0.136367
0.121526
0.107981
0.159752
0.077371
0.0738361
0.559234
0.0930855
0.0965591
0.0759493
0.0957982
0.180229
0.0927156
0.708104
0.140111
0.10822
0.0922432
0.0973216
0.150794
0.104346
0.74164
0.189468
0.116539
0.09998
0.178587
0.177306
0.178817
0.355247
0.233522
0.192243
0.223914
0.0771503
0.216091
0.0741742
0.0749645
0.0974187
0.0942178
0.0773246
0.130177
0.176395
0.140183
0.254834
0.131595
0.134158
0.15656
0.138875
0.130695
0.184836
0.119548
0.121702
0.119434
0.117881
)
;

boundaryField
{
    ground
    {
        type            calculated;
        value           nonuniform List<scalar> 
635
(
0
0
0
0
0
0
0
0
0
0
0
0
2.03727e-10
0
0
0
0
0
0
0
0
0
0
0
0
0
0
0
0
0
0
6.1118e-10
0
0
0
0
0
0
0
0
0
0
0
0
0
0
0
0
0
0
0
0
0
0
0
0
0
0
0
0
0
0
0
0
0
0
0
0
0
0
0
0
0
0
0
0
0
0
0
0
0
0
0
0
0
0
0
0
0
0
0
0
0
0
0
0
0
0
0
0
0
0
0
0
0
0
0
0
0
0
0
0
0
0
0
0
0
0
0
0
0
0
0
0
0
0
0
0
0
0
0
0
0
0
0
0
0
0
0
1.58616e-09
2.91038e-11
1.74623e-10
0
0
5.59629e-05
0
4.26167e-06
1.04774e-08
1.45519e-11
1.46742e-07
0
0
5.82077e-11
1.32422e-09
1.10595e-09
2.72121e-09
1.45519e-10
1.86395e-07
8.89209e-07
8.81375e-06
0
5.09317e-10
9.60426e-09
0
0
0
0
4.80213e-10
2.98605e-08
1.49521e-06
0
0
0
0
0
0
0
0
5.38421e-10
0
4.05271e-08
4.36557e-11
0
0
0
0
0
0
0
0
0
0
0
0
0
0
0
0
0
0
0
0
0
0
0
0
0
0
0
0
0
0
5.82077e-11
2.6339e-09
1.57161e-09
1.22818e-08
2.44181e-07
0
0
0
0
0
0
0
0
0
0
0
0
0
0
0
5.67525e-10
0
5.82077e-11
0
0
0.00104454
0.47283
5.84885e-07
6.86996e-08
0.000152471
0.0932692
0.00933964
1.34647e-06
0.000269317
1.25589e-05
2.8888e-06
2.99333e-08
2.61867e-05
1.76062e-05
7.20465e-07
5.54552e-05
0.00112653
0.000269994
2.53135e-05
0.000824537
0.00438361
0.0304173
12.6046
703.354
3.7835e-10
6.27954e-06
8.23638e-09
3.23053e-09
6.27479e-08
1.07066e-06
1.59373e-07
1.12777e-08
8.49541e-08
6.40284e-10
1.30967e-10
3.68163e-09
2.49856e-08
6.8394e-10
1.34896e-08
1.29264e+06
420062
1.58652e+06
1.1147e+06
1.21662e+06
1.44157e+06
1.86836e+06
2.2886e+06
1.62958e+06
1.27831e+06
290567
166747
276346
689734
257309
22584.2
78.827
0.0337947
830870
889704
129006
369808
569734
2.74695e+06
0.159855
5786.7
538976
3206.66
147744
1.77406e+06
643762
2.73254e+06
1.79665e+06
1.49868
1.02765e+06
5.43245
51.3115
1.51193
53273.4
1697.05
181.008
68.6466
770485
868991
461823
1.14158e+06
1.02279e+06
1.40683e+06
2.08714e+06
1.25338e+06
425.154
746046
946538
944477
579282
456829
493200
0.000811538
0.00493196
3.41616e-05
0.0473564
0.0106498
0.00052579
2.1
337109
143790
101143
148926
160074
111085
125094
175355
196056
222596
253628
194360
290234
218814
206752
782723
422566
356677
260275
236299
310539
229391
291511
355308
406125
325736
290877
447032
465231
372234
470629
789690
747907
421684
363842
443530
394370
490289
521054
555711
595097
495601
762510
787311
516433
712476
574968
555010
62205.9
928024
857336
535182
642165
697830
631574
600450
742963
882112
723010
671675
767899
872316
769298
942207
936791
876286
857078
786933
927946
900975
919607
877193
736734
939570
916570
797973
671913
937067
0.164602
1956.67
13879.2
198247
685149
738655
874741
491221
264887
488316
603780
127296
7212.02
178523
335343
84193
12999.7
256237
13790.5
61970.3
1906.09
445.589
277.681
8834.19
4.52416e-06
2.56101e-06
1.97993e-07
5.85715e-07
2.30253e-05
6.12097e-07
7.0082e-08
1.00408e-08
4.64241e-05
0.000237363
3.21476e-05
1.54304e-06
1.10245e-05
3.6438e-08
5.67525e-10
0
0
0
121324
231676
145963
106684
86696.6
178877
133788
177696
45933.7
63113.5
77754.2
58157
34550.8
43395.3
33525.7
27051.4
66528
102094
37045.4
26335.7
32744.4
35848.6
27792.5
30923.6
41793.9
50832.9
74432.4
50560.7
45185.7
71426.8
59519.9
86416.4
20920.7
28304.9
12594.5
5812.51
9966.44
11580.6
7466.85
22778.3
16892.2
14772.9
9828.29
13924.3
17754.6
23142.3
19993.6
25031.1
4637.87
140.288
58.6562
11.9746
402.99
2669.64
21.0517
6.41972
218.921
0.0103421
0.000960525
0.000817248
0.0124225
0.0198963
0.000829811
55.8695
1.66648
0.459601
0.000895645
0.0108848
0.0150402
0.327806
8.23606
13.4761
1.705
3.99379
0.221497
201635
449975
728811
816468
774740
730047
856891
937031
782836
613505
393955
257630
139513
575355
420849
606619
99049.7
72974.4
98374.1
134005
358653
1.3963e+06
1.17092e+06
878958
158347
1.14763e+06
1.27488e+06
1.06604e+06
924232
1.01576e+06
723117
832004
970565
1.19986e+06
220034
477475
360276
674654
584002
289424
111088
1.10498e+06
787822
1.04119e+06
678911
386695
577125
73414.6
54906.1
42582.8
55468
242808
146642
79014.6
205350
43562
34370.3
27143
33577.1
42785.4
57196.9
87861.3
60045
94747.3
190259
444115
16880.2
22018.4
26678.8
21861.7
35511.9
99947.3
44382.4
35827.9
29591.6
79371.7
49194.7
61912.3
12331.7
28481.9
18390
6476.24
7628.71
11132.7
9770.92
17176.6
13293.6
9385.02
14321.2
15637.2
21545.8
24778.5
18732.4
22699
0.148772
0.105736
0.387961
0.0851228
0.204791
0.508675
)
;
    }
    outlet
    {
        type            calculated;
        value           nonuniform List<scalar> 
330
(
0
0
0
0
0
0
0
0
0
0
0
0
0
0
0
0
0
0
0
0
0
0
0
0
0
0
0
0
0
0
0
0
0
0
0
0
0
0
0
0
0
0
0
0
0
0
0
0
0
0
0
0
0
0
0
0
0
0
0
0
0
0
0
0
0
0
0
0
0
0
0
0
0
0
0
0
0
0
0
0
0
0
0
0
0
0
0
0
0
0
0
0
0
0
0
0
0
0
0
0
0
0
0
0
0
0
0
0
0
0
0
0
0
0
0
0
0
0
0
0
0
0
0
0
0
0
0
0
0
0
0
0
0
0
0
0
0
0
0
0
0
0
0
0
0
0
0
0
0
0
0
0
0
0
0
0
0
0
0
0
0
0
0
0
0
0
0
0
0
0
0
0
0
0
0
0
0
0
0
0
0
0
0
0
0
0
0
0
0
0
0
0
0
0
0
0
0
0
0
0
0
0
0
0
0
0
0
0
0
0
0
0
0
0
0
0
0
0
0
0
0
0
0
0
0
0
0
0
0
0
0
0
0
0
0
0
0
0
0
0
0
0
0
0
0
0
0
0
0
0
0
0
0
0
0
0
0
0
0
0
0
0
0
0
0
0
0
0
0
0
0
0
0
0
0
0
0
0
0
0
0
0
0
0
0
0
0
0
0
0
0
0
0
0
0
0
0
0
0
0
0
0
0
0
0
0
0
1.30967e-10
1.38243e-09
0
0
0
0
0
0
0
0
0
0
0
0
0
0
0
1.45519e-11
0
0
0
0
0
)
;
    }
    wall
    {
        type            calculated;
        value           nonuniform List<scalar> 
1480
(
1.63508e-06
5.48927e-07
1.05843e-05
2.66666e-05
0.000195221
0.000384283
0.0106932
0.00204762
0
0
0
0
0
0
1.3868e-08
1.72149e-08
1.11249e-07
3.74275e-08
8.73115e-11
7.13044e-10
1.45519e-11
9.45874e-10
1.35333e-09
2.61934e-10
9.25502e-09
3.33239e-09
0
2.03727e-10
2.61934e-10
3.04135e-09
9.45874e-10
1.74623e-10
0
4.36557e-11
5.451e-07
1.03396e-06
3.78786e-08
0
0
0
0
0
0
0
0
0
0
0
0
0
0
0
0
0
0
0
0
0
0
0
0
0
0
0
0
0
0
0
0
0
0
0
0
0
0
0
0
0
0
0
0
0
0
0
0
0
0
0
0
0
0
0
0
0
0
0
0
0
0
0
0
0
0
0
0
0
0
0
0
0
0
0
0
0
0
0
0
0
0
0
0
0
0
0
0
0
0
0
0
0
0
0
0
0
0
0
0
0
0
0
0
0
0
0
0
0
0
0
0
0
0
0
0
0
0
0
0
0
0
0
0
0
0
0
0
0
0
0
0
0
0
0
0
0
0
0
0
0
0
0
0
0
0
0
0
0
0
0
0
0
0
0
0
0
0
0
0
0
0
0
0
0
0
0
0
0
0
0
0
0
0
0
0
0
0
0
0
0
0
0
0
0
0
0
0
0
0
0
0
0
0
0
0
0
0
0
0
0
0
0
0
0
0
0
0
0
0
0
0
0
0
0
0
0
0
0
0
0
0
0
0
0
0
0
0
0
0
0
0
0
0
0
0
0
0
0
0
0
0
0
0
0
0
0
0
0
0
0
0
0
0
0
0
0
0
0
0
0
0
0
0
0
0
0
0
0
0
0
0
0
0
0
0
0
0
0
0
0
0
0
0
0
0
0
0
0
0
0
0
0
0
0
0
0
0
0
0
0
0
0
0
0
0
0
0
0
0
0
0
0
0
0
0
0
0
0
0
0
0
0
0
0
0
0
0
0
0
0
0
0
0
0
0
0
0
0
0
0
0
0
0
0
0
0
0
0
0
0
0
0
0
0
0
0
0
0
0
0
0
0
0
0
0
0
0
0
0
0
0
0
0
0
0
0
0
0
0
0
0
0
0
0
0
0
0
0
0
0
0
0
0
0
0
0
0
0
0
0
0
0
0
0
0
0
0
0
0
0
0
0
0
0
0
0
0
0
0
0
0
0
0
0
0
0
0
0
0
0
0
0
0
0
0
0
0
0
0
0
0
0
0
0
0
0
0
0
0
0
0
0
0
0
0
0
0
0
0
0
0
0
0
0
0
0
0
0
0
0
0
0
0
0
0
0
0
0
0
0
0
0
0
0
0
0
0
0
0
0
0
0
0
0
0
0
0
0
0
0
0
0
0
0
0
0
0
0
0
0
0
0
0
0
0
0
0
0
0
0
0
0
0
0
0
0
0
0
0
0
0
0
0
0
0
0
0
0
0
0
0
0
0
0
0
0
0
0
0
0
0
0
0
0
0
0
0
0
0
0
0
0
0
0
0
0
0
0
0
0
0
0
0
0
0
0
0
0
0
0
0
0
0
0
0
0
0
0
0
0
0
0
0
0
0
0
0
0
0
0
0
0
0
0
0
0
0
0
0
0
0
0
0
0
0
0
0
0
0
0
0
0
0
0
0
0
0
0
0
0
0
0
0
0
0
0
0
0
0
0
0
0
0
0
0
0
0
0
0
0
0
0
0
0
0
0
0
0
0
0
0
0
0
0
0
0
0
0
0
0
0
0
0
0
0
0
0
0
0
0
0
0
0
0
0
0
0
0
0
0
0
0
0
0
0
0
0
0
0
0
0
0
0
0
0
0
0
0
0
0
0
0
0
0
0
0
0
0
0
0
0
0
0
0
0
0
0
0
0
0
0
0
0
0
0
0
0
0
0
0
0
0
0
0
0
0
0
0
0
0
0
0
0
0
0
0
0
0
0
0
0
0
0
0
0
0
0
0
0
0
0
0
0
0
0
0
0
0
0
0
0
0
0
0
0
0
0
0
0
3.31382e-06
1.1384e-07
5.76982e-05
1.07611e-05
4.5645e-07
2.97564e-05
0.000190558
0.620711
8.20006e-06
2.26864e-08
3.59767e-07
0.0767807
1.86324e-06
0.000164485
6.14299e-06
2.77084e-06
2.49274e-07
7.31088e-08
0.000247998
2.81211e-05
7.07567e-06
1.66579e-05
7.92832e-07
9.83287e-07
5.05724e-05
6.38448e-06
0.000443999
0.00128413
3.5451
0.0260191
1.57348e-06
3.55653e-06
1.51194e-08
3.27418e-08
7.01155e-07
9.47184e-08
0.00351635
0.00750521
5.20423e-06
7.84326e-06
0.00069713
5.47233e-05
5.84885e-07
4.03234e-08
1.17871e-09
4.36557e-11
2.99333e-08
9.63337e-09
1.89626e-07
1.76078e-09
4.22006e-10
4.88944e-09
2.82045e-07
8.73115e-11
0
5.34346e-08
1.74623e-10
9.72068e-09
0
1.32422e-09
2.32831e-10
9.60426e-10
4.85888e-07
2.8888e-06
2.71563e-06
1.74841e-07
1.85973e-08
1.00248e-07
6.69388e-09
1.84809e-09
8.22183e-09
2.18279e-10
1.01863e-10
3.34694e-10
2.78087e-08
6.86996e-08
5.84405e-08
2.25118e-08
7.27596e-09
1.40717e-08
1.21554e-06
1.03042e-07
6.2093e-07
4.70027e-09
1.20781e-09
2.53203e-09
8.00355e-10
2.76486e-10
5.23869e-10
3.16359e-08
2.73576e-09
1.51485e-08
1.40994e-07
1.41562e-06
9.88148e-07
2.18279e-10
1.16415e-10
2.91038e-10
1.45519e-11
0
4.36557e-11
6.57164e-08
5.26634e-07
4.33167e-07
1.10595e-09
3.63798e-10
2.50293e-09
6.67351e-08
2.16969e-08
1.14655e-07
0
0
0
1.05356e-08
2.37196e-09
1.6691e-08
2.61934e-10
0
8.73115e-11
4.58385e-09
5.82077e-10
2.47383e-09
4.8534e-06
1.32713e-07
0.000120225
3.95521e-05
2.06532e-06
1.4111e-05
0.00609274
0.144953
7.29473e-07
3.23489e-08
1.96116e-07
0.000651466
2.96718e-05
0.000152502
2.1818e-05
8.14974e-06
3.7835e-10
1.45519e-11
0
1.16415e-10
0
3.0559e-10
3.23053e-09
2.99769e-09
2.47383e-10
0
1.60071e-10
0
0
0
1.03319e-09
7.27596e-11
8.58563e-10
0
4.36557e-11
2.91038e-11
0
0
1.30967e-10
6.40284e-10
5.09317e-10
1.30967e-10
2.91038e-11
1.30967e-10
2.47383e-10
0
0
0
0
0
1.45519e-10
0
0
3.20142e-10
4.45289e-09
1.22236e-09
2.47383e-10
4.36557e-11
5.03496e-09
7.86385e-08
2.6339e-09
7.32398e-08
2.3254e-08
1.33581e-06
4.30882e-07
0
0
0
0
0
0
0
0
0
0
0
0
0
0
0
0
0
0
0
0
0
0
0
0
0
0
0
0
0
0
0
0
0
0
0
0
0
0
0
0
0
0
0
0
0
0
0
0
0.00112922
0.0125208
0.0163934
0.265488
2.59598e+06
2270.03
1.80857
1.58652e+06
1.99694e+06
2.47094e+06
44172.9
2.44608e+06
1.50337e+06
14.8003
150654
19853.3
6.03004
3.08415e+06
1.73715e+06
58957.9
387.296
41.5164
0.16629
1.86836e+06
1.6521e+06
1.76663e+06
2.35316e+06
2.88147e+06
3.07131e+06
593579
568337
3.07242e+06
1.65597e+06
607815
850632
85.1207
344.849
454098
7863.58
925.706
1673.27
109.126
0.32053
2.74875e+06
9337.23
3.7188
1.93959e+06
2.07422e+06
3.20537e+06
1.76299e+06
2.68275e+06
182970
2006.6
45679.1
80.3732
5.51715
2.2886e+06
2.76922e+06
2.35531e+06
2.4883e+06
0.0337947
129006
2.74695e+06
0.000125426
275.883
0.00439675
3206.66
0.00547059
75.3403
2.73254e+06
3675.03
2.2319e+06
2.83359e+06
5.88204
0.00110119
1.55436e+06
0.0301882
1321.73
0.000254663
81.6099
0.0199053
1.49868
1.02765e+06
83171.2
2.75466e+06
3.99523e-05
0.00292269
13061.2
14.2923
0.106592
0.00141371
68.6466
1892.81
0.000885129
0.0340771
530.097
1.57519
2.08714e+06
2.63451e+06
25070
153038
2.49481e+06
1.12831e+06
2.80267e+06
0.127764
0.321546
0.0150338
0.000124211
372522
543793
0.602248
1.03222
41885.7
36.9132
3.57685e-05
0.000126216
2.93203
15.7418
3.41616e-05
0.000150142
1.02594e-05
0.000811538
0.00049364
2.93738e-05
1.41278e-05
4.33227e-05
7.24204e-06
1.67909e-06
5.17059e-06
8.01738e-07
0.88229
867062
0.000244358
643.933
0.0253223
40.4212
0.242973
11.3028
1.9405e+06
528534
1.66721e+06
0.00763816
0.000544
29409.7
24.9238
1039.52
2.50894e-05
0.628885
2.65494e-05
8.79294e-06
0.000509572
0.000144311
5.33473e-08
1.00408e-08
8.06176e-09
7.0082e-08
6.25732e-10
3.34694e-10
1.58616e-09
2.76486e-10
2.16096e-08
1.49885e-09
3.69619e-09
8.86212e-09
1.35333e-09
2.6339e-09
9.32778e-09
9.31323e-10
1.11968e-06
3.21476e-05
2.24797e-05
1.54304e-06
4.54704e-07
2.53877e-06
9.16576e-06
1.48226e-07
9.70613e-09
4.47384e-07
3.05154e-08
9.55624e-08
9.11677e-08
2.7736e-08
1.55705e-09
5.16593e-09
0
0
0
0
4.36557e-11
0
0
5.82077e-11
8.73115e-11
6.40284e-10
1.60071e-10
2.76486e-10
0
0
0
0
0
1.45519e-11
4.36557e-11
0
0
0
0
0
0.0142891
0.000829811
0.000587525
0.0198963
5.73138e-05
1.35443e-05
0.0003964
2.30514e-06
0.00659369
7.10949e-05
0.000253312
0.0019394
3.22121e-07
7.98318e-08
5.62868e-08
1.10158e-08
1.62036e-07
4.43833e-09
5.79588e-06
4.54311e-08
2.21175e-07
7.88728e-07
1.22964e-08
6.8394e-10
1.26602e-09
4.27826e-09
9.93896e-09
0
0
0
0
1.60071e-10
8.73115e-11
4.80213e-10
0
2.03727e-10
5.67525e-10
2.2992e-09
4.36557e-11
3.14321e-09
1.41181e-06
7.87841e-08
2.5655e-08
4.77055e-07
891587
598855
99.3596
1002.29
1.19154e+06
1.15166e+06
1.07861e+06
960317
903745
1.20558e+06
950169
903838
1.05088e+06
1.07634e+06
803012
823983
1.10586e+06
1.07678e+06
840228
935999
729096
1.00315e+06
1.00458e+06
1.05463e+06
4.01769
27875
49.9506
300323
712841
266626
700034
927321
800736
23290.2
2601.85
960394
977169
937031
876233
856891
950066
842638
841304
804885
782836
794827
765946
642907
671870
752494
729753
783978
745289
650441
9.33728e-05
9.90389e-06
4.88013e-07
3.54885e-06
894564
872848
1.01305e+06
1.08833e+06
1.07761e+06
835317
1.01347e+06
828962
770300
558048
1.06037e+06
1.05696e+06
956932
1.28459e+06
1.21815e+06
1.06533e+06
1.4776e+06
1.29344e+06
23235.6
1.33938e+06
1.23715e+06
202365
1.25726e+06
1.50351e+06
1.41235e+06
881712
771803
307715
288.156
26.7098
0.372718
10.3181
0.0329021
0.94073
0.0026342
0.000230531
0.00569566
0.0747527
2.03436e+06
2.67209e+06
1.45831e+06
2.91507e+06
1.3963e+06
2.09448e+06
273217
1.72324e+06
716346
105.595
1.27488e+06
1.44929e+06
1.76618e+06
2.66145e+06
2.03905e+06
861825
32958.2
1.19986e+06
1.53776e+06
1.49555e+06
1.31146e+06
1.4938e+06
2.36181e+06
1.87138e+06
1.6916e+06
1.10033e+06
1.24229e+06
2039.64
1684.75
1.15344e+06
1.1663e+06
1.46382e+06
1.47156e+06
1.25254e+06
1.31014e+06
2.19111e+06
1.72081e+06
337602
1.14763e+06
1.21919e+06
1.36407e+06
1.13595e+06
1.23498e+06
1.28206e+06
1.78023e+06
2.44484e+06
1.53685e+06
1.93506e+06
1.3337e+06
1.55637e+06
1.48902e+06
34701.4
0.148798
2.1032
1.04119e+06
996042
953604
994720
1.10451e+06
1.2232e+06
1.04393e+06
1.19057e+06
1.10498e+06
1.04557e+06
1.11603e+06
1.0553e+06
1.05428e+06
987031
1.24541e+06
1.04491e+06
)
;
    }
    wall2
    {
        type            calculated;
        value           nonuniform List<scalar> 0();
    }
    wall3
    {
        type            calculated;
        value           nonuniform List<scalar> 0();
    }
    internalPatch
    {
        type            internal;
    }
    procBoundary2to0
    {
        type            processor;
        value           nonuniform List<scalar> 
178
(
1.12414e-06
2.12269e-07
9.65236e-06
4.96929e-05
7.68522e-06
1.5671e-07
2.89583e-09
2.01835e-08
4.27826e-09
2.32831e-10
1.38243e-08
6.68064e-07
3.81037e-05
0.000492815
0.0226952
0.352729
7.64832
7.64832
17.6292
33.8341
53.434
4.82315
0.1431
0.1431
0.00533074
0.00533074
0.00129918
6.08337e-05
0.00261906
0.0112129
0.18576
0.30958
5.41173
45.573
2.00603
0.0620916
0.001049
0.0101265
0.0363611
0.202186
0.320115
5.02398
66.3344
2.06136
0.0358924
0.00050916
0.00492285
0.0165358
0.000996996
5.24102e-05
1.45631e-06
3.1243e-08
5.52973e-10
0
0
0
0
0
0
0
0
0
0
0
0
0
0
0
0
0
0
0
0
5.82077e-10
2.76195e-08
1.21398e-06
6.08337e-05
0.00114676
0.0011701
0.00208797
0.051872
0.0997517
0.684687
0.684687
1.53127
3.0005
0.1431
0.1431
0.00533074
0.00533074
0.00237389
0.00119282
6.08337e-05
6.08337e-05
6.08337e-05
0.00240125
0.00254755
0.00769885
0.17699
0.18112
0.389947
8.82266e-05
1.62308e-06
2.23098e-05
0.000133452
0.00148091
0.00230231
0.00705132
0.177387
0.179883
0.216251
4.46253e-06
1.23656e-05
3.4651e-07
8.97853e-09
1.60071e-10
0
0
0
0
0
0
0
0
0
0
0
0
0
0
0
9.31323e-10
3.79514e-08
1.38726e-06
1.38726e-06
3.85044e-08
9.31323e-10
3.59432e-08
5.09433e-07
1.17434e-08
1.1416e-07
2.47383e-09
0
0
0
0
0
0
0
0
0
0
0
1.13505e-09
3.85044e-08
9.31323e-10
0
0
8.00355e-10
0
1.89175e-10
0
0
0
0
0
0.00119282
0.00237389
0.051872
0.051872
0.051872
0.051872
0.00070928
7.68522e-06
3.45766e-05
3.45766e-05
3.45766e-05
3.45766e-05
)
;
    }
    procBoundary2to1
    {
        type            processor;
        value           nonuniform List<scalar> 
625
(
3.1208e-07
3.1208e-07
6.08517e-07
6.08517e-07
4.27972e-08
1.9194e-08
9.67702e-09
4.65661e-10
1.22236e-08
3.37401e-07
3.37401e-07
3.78718e-06
5.55688e-06
1.89456e-05
1.98335e-06
3.32336e-05
2.56473e-06
2.56473e-06
1.05865e-07
1.01613e-06
3.65981e-08
5.82077e-11
5.82077e-11
0
0
0
0
0
3.0559e-10
8.42556e-09
1.01863e-10
0
0
0
0
0
0
0
0
0
0
0
0
0
0
0
0
0
0
0
1.89175e-10
2.4258e-08
2.42295e-06
0.000244421
0.000244421
0.0192077
0.149072
0.187953
0.296956
0.457084
0.335427
0.164804
0.0522468
0.0116397
0.00181144
0.000199857
2.50538e-05
5.0325e-06
1.46833e-06
1.46833e-06
8.98658e-06
1.62593e-06
1.96756e-07
2.71975e-08
2.71975e-08
5.66361e-08
9.45874e-09
2.5233e-08
2.5233e-08
1.57015e-07
4.27285e-05
0.00115418
0.00115418
0.0137723
0.16915
2.50055
62.7784
1417.46
27431.3
262828
650705
912390
1.06817e+06
1.1963e+06
1.33925e+06
1.5051e+06
1.57236e+06
1.4986e+06
1.28175e+06
1.09759e+06
1.0293e+06
1.01436e+06
990535
880192
887470
688812
430335
358236
265560
155503
82219
47907.3
31021.7
25749.7
25749.7
22931.5
16535.8
13372.2
9089.38
5787.1
-20675.5
-55395.3
-85500.4
-97462.5
-99150.9
-99352.9
-99381.5
-99443.5
-99436.9
-99649.5
-99165.2
-93226.3
-51956.6
23102.4
90868.2
166120
179260
195737
216484
216484
310936
448652
486144
477500
452524
405357
328070
62984.7
2661.14
101.935
3.94195
0.13798
0.00381543
0.000810295
0.000425043
0.000370157
0.000595445
0.0108086
0.000175644
0.00435086
0.000448901
0.0111256
0.000642745
0.000642745
2.56473e-06
1.01613e-06
1.06666e-07
1.06666e-07
5.16447e-08
1.7503e-07
3.7835e-10
3.7835e-10
5.82077e-11
0
0
0
0
0
0
0
0
0
0
0
0
0
0
0
0
0
0
8.00355e-10
7.45931e-08
7.57408e-06
7.57408e-06
0.000244421
0.00724605
0.115494
0.145578
0.173688
0.215683
0.0965653
0.0315991
0.00603784
0.00146402
6.00424e-06
6.00424e-06
6.00424e-06
5.00438e-05
8.81743e-06
6.91363e-06
6.91363e-06
5.17983e-06
2.78397e-06
2.86134e-07
1.71945e-07
1.71945e-07
1.65499e-07
8.65402e-08
1.429e-08
2.03574e-06
4.58385e-09
4.58385e-09
1.1496e-09
0
1.1496e-09
0
0
0
0
0
0
0
0
0
0
0
0
0
1.25146e-09
1.05647e-07
1.05647e-07
7.57408e-06
5.72196e-05
0.000916103
0.0160702
0.114484
0.114079
0.117327
0.00101317
6.00424e-06
6.00424e-06
0.000152087
1.77766e-05
1.77766e-05
1.77766e-05
1.45356e-06
1.45356e-06
1.45356e-06
1.45356e-06
9.41218e-08
1.1496e-09
1.05647e-07
1.63414e-06
8.13034e-06
0
0
0
0
2.21989e-07
3.08569e-05
0.000254818
0.000254818
0.00245174
0.0266663
0.29198
2.68313
12.2745
267.562
5199.17
78563.4
334133
554116
681949
749857
800048
883000
1.02088e+06
1.11349e+06
1.12372e+06
1.03411e+06
931183
910412
912360
930345
751421
485840
415684
323321
201134
99273.2
43964.4
14300.8
186.092
186.092
-4055.17
-10380
-13434
-16994
-53406.3
-84950.6
-97501.4
-99240.8
-99438.2
-99494.4
-99477.9
-99523.2
-99507.8
-97746.3
-77485.1
-15770.7
55478.9
111126
185346
199431
217452
239712
239712
345496
474744
502172
522338
517426
469696
208966
16277.7
636.502
24.2042
0.96489
0.259257
0.017099
0.00232903
0.0980541
0.359817
0.148366
0.129269
0.168658
1.43939
0.0762655
0.0655698
0.0111256
0.0111256
0.0111256
0.131893
0.405669
35.3843
35.3843
51.8886
1134.82
21912.4
202870
443358
562709
589142
574203
582024
627818
740130
855244
931337
951900
907711
912331
761258
539563
485167
408735
291372
153036
56229.6
1636.68
-26900.1
-26900.1
-36085.7
-47756.1
-50865.9
-84036.3
-97380.6
-99265.2
-99508.9
-99519.3
-99521.1
-99591.2
-98643.2
-88125.2
-38884.6
27012.3
79697.7
131745
209050
224472
243853
268080
268080
389921
443646
500330
551310
557850
371737
80313
3436.72
130.746
4.73757
0.807364
0.115509
20.8266
2.77643
74.1359
7.96187
0.681375
18.8755
491.41
491.41
1588.21
120.505
184.267
4044.44
72631.5
332291
527475
587175
547117
490935
459722
469808
533339
629120
710466
778402
772920
586016
531043
456970
350256
217721
87193.6
-454.572
-58882.2
-58882.2
-71803.1
-81710.7
-96103.3
-98236.8
-99119.8
-99519.9
-99514.4
-98798.4
-92048.3
-52835
8513.04
56690.8
101831
156580
238012
254937
276854
305632
305632
358700
432272
522437
589504
491318
206878
14583
560.06
1999.76
215.562
5635.3
5635.3
16818.6
315042
92142.1
8027.6
139294
437542
599057
597206
480498
390329
352077
343933
365911
430553
509287
567099
607594
546841
461698
350901
226876
94027.6
-2455.27
-74019.3
-74019.3
-88754.4
-93058.6
-96107.9
-96912.6
-93985
-75188.6
-30895.4
19592
55275.3
93106.3
140651
200259
217314
217314
321957
358700
432272
522437
589504
589504
491318
51796.1
51796.1
118298
482712
587498
553087
397841
588137
593114
459931
361290
314913
293014
290326
316117
382849
460026
511304
423088
314424
201974
79630.3
-16146.7
-80769
-80769
-85309.5
-84746.5
-72838.8
-39566.4
3441.37
35965
67440.6
106973
156531
156531
191119
254938
385472
471996
561739
561739
536314
370299
481524
591665
457979
347723
289924
254289
232715
226840
246270
302918
373576
267298
163315
56077.5
-29359.8
-85309.5
-84746.5
-72838.8
-39566.4
3441.37
35965
67440.6
106973
138726
176464
230331
300986
279633
347175
278079
230487
194528
170001
160534
171336
210181
125140
42576.4
-32184.5
-18374.4
9328.92
35892.9
62427.4
96288.4
132142
177109
222211
140778
113121
99875.5
104180
42661.4
50917.2
67983.6
95879.6
)
;
    }
    procBoundary2to4
    {
        type            processor;
        value           nonuniform List<scalar> 
221
(
0.0178715
0.200745
0.224858
0.89517
11.4369
125.446
1051.94
6486.8
292.66
12.5867
0.550641
0.0879163
0.154588
0.439961
1.09155
2.78288
13.2466
151.959
2118.95
20589.8
653.678
20.1897
0.616764
0.0483881
0.127706
0.374084
0.572926
18.0909
589.673
18253.2
296502
768745
945278
845882
674975
541752
435399
347326
268261
199227
141311
94424.3
124387
197214
265824
283576
264881
246566
217076
189377
182488
195849
224115
268425
335101
460087
591864
548489
314379
43772.6
1796.02
165.306
12.5875
0.89898
0.221401
0.198777
0.228221
1.36787
0.231229
0.929199
19.0601
260.144
2827.81
23121
113008
243850
29104.1
1326.18
57.355
2.34462
8.85708
25.0494
68.6928
360.816
4451.84
63410.7
316858
573231
109457
3839.95
116.767
3.45927
11.291
371.586
11575.3
230659
708594
932221
865355
713310
591292
497592
413490
328789
249745
182791
258376
314888
341353
329122
308646
275555
244724
236415
251688
283985
342294
456446
584582
570513
380059
85793.6
4066.83
306.116
19.8309
0.916522
24.8426
486.039
24.535
408.379
5593.46
58683.6
229275
381843
465462
519369
349859
88271.1
4705.49
209.436
580.428
1647.96
9253.85
107641
476759
786588
904198
901690
748515
615560
522729
444957
373796
314035
361980
401009
396600
372375
337833
306605
300367
321624
373858
473711
577585
566269
401958
119080
6937.97
440.661
8790.41
124201
8170.54
99606.6
325039
476646
532342
529134
520942
539575
581449
448421
170096
12502.4
37128.2
172056
544017
861099
973095
881573
700269
574058
484203
414784
474279
487387
459956
425265
398783
402365
441202
504186
563030
537341
383030
581928
693592
604320
310500
588519
877395
1.00108e+06
920956
727273
575203
625869
619527
815636
830020
973501
843185
)
;
    }
    procBoundary2to5
    {
        type            processor;
        value           nonuniform List<scalar> 
425
(
0.000827715
0.000616371
0.000616371
0.000672818
0.00331149
0.0562278
0.0750602
1.10967
29.5547
29.5547
2064.12
2064.12
4470.34
7965.3
12081.4
183538
474217
589458
589458
485153
341331
265710
213500
174260
147940
135299
136652
153893
174144
191227
209290
189842
120333
72934.8
61637.1
42094.1
31450.7
25552
19664.1
13537.5
8759.06
4614.41
2628.19
4275.59
6332.54
8991.88
8991.88
6469.55
4685.78
3002.77
-22182.8
-55848.6
-85461.2
-97445.9
-99145.6
-99348.8
-99365.4
-99398.3
-99416.2
-99628.1
-99329.3
-95206.3
-61450
12129.9
84628.4
99445.3
115121
132906
154975
221733
318290
454728
485587
290512
232127
154440
77386.9
77386.9
3465.24
134.76
5.17035
0.217939
0.176889
0.00671308
0.00144277
0.0305188
0.00794287
0.00127484
0.00127484
0.0229623
0.0502762
0.0577587
0.363973
9.16833
9.16833
85.6286
260.375
16550.4
216852
51782.7
51782.7
97457.4
144647
445691
587036
587036
550275
534792
365529
272597
213001
166797
131417
107274
90709.9
74961.1
64905.6
63261
75702
89264.4
74718.6
42429
33915.6
11019.4
-656.313
-6491
-11190.9
-15323.5
-18539.6
-21121.7
-19922.8
-17912.4
-15317.6
-15317.6
-18571.7
-21095.1
-54941.1
-85031.1
-97331.9
-99140.2
-99372.2
-99404.4
-99498.8
-99489.8
-99699.6
-98811.9
-87444.1
-33857
39515.5
63716.3
81655.3
100391
124711
182103
250939
362900
487058
470521
217138
148283
79396.6
28442.3
28442.3
1101.64
41.396
1.60999
0.188164
0.17554
0.467215
0.162217
0.116443
0.105109
0.0229623
0.098074
0.098074
0.161873
2.37986
2.37986
23.0459
188.796
643.089
1847.47
94966.5
388134
560933
495382
335231
335231
401364
579869
579869
569474
476750
447775
428145
291578
221742
168951
126612
94147.2
67852.7
37242.7
-8569.04
-36892.2
-47487.3
-41807.3
-31114.7
-26929.9
-6326.97
-29616.9
-40790
-46569.7
-49626.8
-52282.9
-54124.8
-53577.1
-52196.9
-50078
-50078
-52970.9
-84214.1
-97317.9
-99225.6
-99449.7
-99518
-99522.7
-99640
-99318.5
-95685.7
-63616.3
385.496
32963.3
57012.1
78920.5
105748
154531
214050
288291
419900
517056
431264
124145
68277.1
26008.5
7572.99
7572.99
292.025
10.6998
2.39116
0.41686
0.147966
1.67496
0.261533
5.35438
0.572118
0.572118
0.572118
5.35438
45.6874
315.732
1217.48
3898.93
10097.4
240056
486110
544482
415464
513508
585628
560179
560179
560179
585628
513508
415464
382304
358545
342742
241336
180012
131085
91635.9
59571.4
22639.7
-33548.1
-75601.3
-90977.6
-93898.7
-92839.6
-87296.5
-66953
-77526.7
-81225.3
-82568.1
-83785.7
-84532.3
-84390.5
-83841.3
-82992.2
-82992.2
-97203.7
-99275.9
-99519.7
-99574
-99593.9
-99330
-97247.2
-78089.1
-27021.1
14993.6
42028.1
66783
96120.3
138135
189226
250855
340667
483970
525030
358386
46661.4
18408.7
6130.85
1754.76
1754.76
64.9339
11.5243
315.732
45.6874
250855
233091
218810
208337
150472
104054
66965.8
66965.8
19516.3
-41281.3
-84809.6
-97109.5
-99012.5
-99257
-98799.8
-95778.1
-96883.1
-97028.5
-97256.1
-97322.4
-97337.4
-97267.5
-97203.7
-99275.9
-99519.7
-99574
-99593.9
-99330
-97247.2
-78089.1
14993.6
42028.1
66783
96120.3
96120.3
138135
189226
172794
159891
112061
73628.9
73628.9
44754.7
34497.3
-39316.7
-86417.5
-97897.6
-99351.5
-99627
-99610.4
-99293.3
-99204.3
-99234.8
-99173
-99218.2
-99234.4
-99476.3
-99508.3
-99507.3
-99628.6
-99150.8
-93836.7
-14418.7
27139.1
55303.5
82988
82988
123278
8457.68
-14070.1
-82807.7
-97808.1
-99397.8
-99589.7
-99519.5
-99484.9
-99468.4
-99404.1
-99451.7
-99510.3
-99486.5
-99528.5
-99535
-97895.3
-39926.3
-60057
-96839
-99366.3
-99598.4
-99494.1
-99507.7
-99457.6
-99492.5
-99477.1
-99657.3
-98843.9
)
;
    }
}


// ************************************************************************* //
