/*--------------------------------*- C++ -*----------------------------------*\
  =========                 |
  \\      /  F ield         | OpenFOAM: The Open Source CFD Toolbox
   \\    /   O peration     | Website:  https://openfoam.org
    \\  /    A nd           | Version:  9
     \\/     M anipulation  |
\*---------------------------------------------------------------------------*/
FoamFile
{
    format      ascii;
    class       volScalarField;
    location    "0.0003";
    object      p;
}
// * * * * * * * * * * * * * * * * * * * * * * * * * * * * * * * * * * * * * //

dimensions      [1 -1 -2 0 0 0 0];

internalField   nonuniform List<scalar> 
4739
(
3.45629e+06
3.14057e+06
497766
377340
3.11345e+06
470612
342981
494292
3.01291e+06
371308
3.03439e+06
392062
3.48147e+06
429628
387786
3.51778e+06
498696
3.15931e+06
2.94239e+06
350056
336883
382256
284961
309588
411121
303313
500302
409386
499204
305580
241074
460272
379084
366707
282632
467783
3.02603e+06
303156
4.65977e+06
259791
3.60429e+06
284442
343382
241378
287880
268306
669975
288262
338953
321019
1.5228e+06
1.51242e+06
640721
2.83362e+06
1.75562e+06
1.31952e+06
427202
423611
3.13233e+06
5.72623e+06
393066
567896
3.41068e+06
589378
547086
3.14117e+06
3.07584e+06
546598
579183
3.15645e+06
446832
460345
440936
543468
499671
473374
358021
412717
432148
338001
408795
472848
364285
382185
508367
575634
2.96073e+06
3.01059e+06
543510
532285
2.93962e+06
347410
434590
414024
407858
390527
379086
367911
428121
425813
456250
535988
440172
493296
349038
544848
2.96227e+06
520228
580598
2.96646e+06
550673
3.09407e+06
345842
380360
410788
412188
431215
467037
382785
566478
3.03347e+06
539504
3.03519e+06
551668
583670
3.10067e+06
359663
375636
412061
436318
387337
412422
468864
430704
3.18035e+06
583532
428516
5.71412e+06
392155
3.39539e+06
359561
495385
460920
429799
537133
440148
495324
408865
361078
438995
408986
371641
473352
403090
427345
3.25467e+06
427461
5.76897e+06
392844
591687
3.45103e+06
431155
467676
431114
536278
441519
498771
371702
567964
3.49543e+06
428886
423100
5.69837e+06
392696
3.43858e+06
507972
2.96908e+06
543466
574667
3.0064e+06
531742
3.10616e+06
427853
456215
493381
425671
536089
440435
494352
377029
374481
428886
404596
403347
360092
467817
410225
349806
370974
420151
436300
471305
391821
307667
249506
261133
360049
279063
291490
333467
411910
406301
298501
310598
431491
312714
366650
367418
435514
380319
342105
385166
417922
471844
256534
275517
240206
325527
270795
356172
287734
461239
444907
350336
444871
544899
500279
474802
361307
294430
310572
409371
311908
432159
310490
439898
460981
440067
543157
499212
472432
350315
404919
405039
290680
309725
430578
305535
358927
352917
271864
268910
256406
300178
284023
323199
499699
357994
446714
440935
543513
497754
473369
434550
347415
390515
414003
407877
470559
367817
411861
298616
312840
406268
310634
431500
309572
331606
249728
277352
356628
259838
304172
287787
337200
404733
428912
403307
377216
360119
374505
341339
297652
387645
278074
348340
337600
237277
267615
275659
345996
260825
306688
250848
314805
311358
310280
392264
281484
360263
341230
245893
282691
356713
277343
259990
331608
304372
249809
259003
285528
350048
267305
319821
311224
244197
481406
484529
480941
509641
470457
500354
494671
445395
455492
453002
448395
448084
443435
439870
472368
474861
480004
505764
495491
488090
461354
443002
445115
439507
424825
432530
425750
455240
481569
490249
479247
508335
490610
503010
473374
430448
399114
403779
397747
418296
411635
415773
419505
394136
398628
420489
363056
424014
420537
484762
488480
484289
513110
472574
504045
499291
370153
408024
366282
411292
328498
407219
381137
481116
489015
481029
510783
494863
504056
469345
463232
467099
472960
465420
457531
482494
456459
437581
447589
451801
445238
440137
440345
432806
637908
396767
434018
689761
401016
700517
620929
639138
687825
395841
430761
699768
400801
620655
1.3965e+06
5.90517e+06
1.16753e+06
5.83584e+06
1.28336e+06
1.28535e+06
5.73228e+06
444158
391823
393502
426050
386676
436523
434373
461054
455723
447460
458359
447214
443832
474147
463278
465405
467129
472983
456418
482486
457586
457799
450600
443632
454639
443547
441031
469678
502439
531238
532638
526968
518146
515144
513142
484765
485030
487783
512289
502824
474026
499188
479220
465328
463452
501218
457243
492063
489844
446235
413022
419560
411417
432728
433497
426935
400141
424479
387476
412983
421181
347096
412706
411638
410709
445493
431486
364060
429444
435276
416426
395001
417269
391103
421767
415503
361315
443762
452909
460870
450566
446971
447391
440159
416033
440816
436923
409201
438926
428145
368641
404475
425952
418580
388956
425762
352420
413892
419035
416862
393987
391304
420207
363774
416417
440704
424163
437058
442371
424307
428778
453887
439789
437391
425848
440375
423326
457148
425663
453399
460797
462316
462419
477059
447210
445247
490117
525266
513084
523588
510837
499893
502607
460621
432460
434700
483209
427179
471014
474010
472594
474162
482009
503631
495688
463823
485177
430503
399610
398225
403172
412228
418406
415922
418033
396266
397140
418806
365838
417160
422761
398595
397286
421674
412822
417840
354275
411958
411231
404682
438371
428293
430801
427850
363508
441863
447724
449022
454610
443324
437945
444293
421501
397606
399371
420019
371709
419623
425087
415792
435148
411164
442368
372114
435362
431092
403612
415240
398351
423280
413705
360119
421038
445907
449765
457188
451643
440408
447449
447185
648383
700668
439924
400640
716130
406462
629760
639775
436563
398158
689323
622392
701281
404570
1.38199e+06
5.87233e+06
1.1785e+06
5.79716e+06
1.28112e+06
1.27737e+06
5.7075e+06
442780
396138
391687
430356
438959
392610
434558
436161
405283
410300
405129
423511
423528
416458
473812
476628
484768
505917
467584
486535
497781
456455
468588
465507
465488
451337
451310
479823
442991
445233
425263
439464
455288
432366
426168
490662
526259
513179
526208
501270
501150
513797
461648
433547
433750
482693
472002
428780
471868
473786
484705
476682
505832
486601
467627
497695
406387
397062
423148
423642
363648
426542
410202
422098
416472
450921
444380
434566
443052
377543
423136
398456
390966
416978
425521
413835
369525
451106
452773
463674
451054
451584
451797
438489
643667
398966
439834
688954
698828
407232
622556
648114
696028
399805
437779
626959
406339
704081
1.38743e+06
5.95921e+06
1.17698e+06
5.9151e+06
1.2797e+06
1.2831e+06
5.82692e+06
446867
394144
396855
427880
432912
395902
436871
451435
429440
442275
455865
438567
434315
460585
467459
474670
474687
480438
460725
487757
460825
451489
442432
429341
455574
460742
434128
438596
495218
526766
513131
526778
503744
503742
515766
467806
437794
437676
483755
475978
436231
475903
481481
479078
490365
508402
473340
490487
503036
446416
418725
423464
418575
432161
426985
432440
645530
434784
699814
398679
710833
627760
402166
637194
429917
395339
685066
618884
696744
401062
1.38279e+06
5.87371e+06
1.15943e+06
5.84153e+06
1.27306e+06
1.27602e+06
5.74358e+06
440397
395711
392818
427201
431954
434964
389653
440641
441845
436991
423746
428707
453697
423735
453324
462385
462353
460765
447174
445196
477059
472449
474008
482049
503766
463693
484975
495765
439611
439992
425742
437112
456835
423050
425479
489908
523713
512820
525359
499588
502397
510924
460391
432313
434662
483024
470717
473761
426854
472195
480023
474578
505837
487819
461188
495519
406814
426803
402625
435084
360457
427379
422990
391652
407193
392985
417764
403510
346571
412046
411357
388958
386887
411889
408598
355777
415087
437456
451801
447381
445239
432664
440231
440127
423061
397700
395140
419191
365834
423377
421008
408048
393781
431350
421603
429943
355044
420374
418355
410970
443539
437306
440884
431550
369016
448928
450076
456244
458821
451349
446894
444280
373335
412910
368072
412731
410656
332194
382492
372596
363325
409053
410168
408755
378740
330071
364198
305545
359732
307678
361990
359196
293648
405818
423670
421885
403120
416105
403398
400679
413530
411979
432669
442587
364710
430849
437002
403747
390835
416654
429303
418815
349738
426395
445959
451126
459110
455413
447552
443300
449450
463211
467432
468241
467446
454757
484122
454779
458388
454289
453583
445978
443882
440863
473363
441486
412969
406165
406129
428464
428500
422894
458354
453498
454224
445964
473381
443821
440781
505008
534118
534106
528636
516398
521274
516420
484726
488432
484267
513126
499284
504032
472564
479720
465654
465668
502696
492821
457220
492782
370059
407915
411268
366225
381067
328384
407160
361914
308277
360094
308257
361000
360981
293263
404000
423586
423604
404735
402956
414949
402964
453531
449511
442306
449502
438878
436380
468736
461840
470698
470691
466844
453685
486988
453785
453576
449635
442350
449658
468781
436398
439023
500747
531267
531272
526276
512431
518836
512426
481114
480995
489035
510807
469335
504034
494836
474916
461720
461738
500305
488472
452286
488484
437650
404650
413627
404780
424393
418570
424600
365348
407169
361464
404666
403543
324628
376660
365424
361435
407227
404765
376643
403569
324631
358004
303231
358281
303279
288169
357114
357153
399993
419919
419927
401913
399043
410416
399050
484717
487776
485088
512323
474114
502840
499163
446063
419480
412969
411476
433324
432702
426896
460879
455695
458294
447392
447189
474048
443799
457668
454704
450578
443661
469651
443525
441093
502455
532680
531260
527003
518199
515152
513179
481348
484536
480911
509682
500385
494676
470407
479143
465331
463450
501212
492014
489844
457259
415899
409128
436861
440791
368569
428126
438886
404465
418589
425939
388846
413817
425758
352375
418938
394015
416867
391212
416362
420207
363692
445303
455459
452911
448394
439797
443416
448011
373366
412756
368179
412901
332280
382587
410755
372674
410265
409061
363287
378738
408922
330056
364237
307782
359780
305531
362105
359167
293698
405897
423722
421903
403150
403506
400657
416218
391923
418043
407439
393081
346722
412322
403649
406941
435108
426820
402630
423014
427459
360533
411421
411870
386801
388902
415051
355725
408663
490921
485130
2.89724e+06
3.26971e+06
514818
3.01857e+06
493788
230327
241368
256477
233448
298094
231968
188497
233438
223394
305131
243482
251984
266923
216414
240837
229561
264445
250708
272351
236120
205265
578284
500252
3.15276e+06
3.71743e+06
513613
602351
3.16966e+06
319775
235804
224232
252336
242066
232990
248520
593762
320634
457929
328276
476382
330795
551388
512733
3.74427e+06
955478
4.04147e+06
698832
3.37135e+06
599804
413437
196895
324009
327536
244662
255496
202332
717451
727650
321416
435996
533906
346045
1.08816e+06
749980
1.56661e+06
656710
958411
387757
409957
852078
1.24935e+06
831420
1.57598e+06
1.74174e+06
895133
1.13623e+06
1.79151e+06
1.89026e+06
1.54185e+06
1.72626e+06
1.85637e+06
1.08419e+06
1.87467e+06
2.09545e+06
2.19244e+06
1.6921e+06
1.02527e+06
1.25485e+06
790882
501410
1.90238e+06
538161
323921
1.75604e+06
1.38553e+06
573812
1.82525e+06
315583
1.4112e+06
428529
322540
428253
317141
325941
417751
440548
430012
321517
422104
422136
315036
321473
413096
325702
580920
327668
455261
320763
322256
473913
318209
532404
320393
310872
462315
448388
317019
724109
728857
1.42555e+06
1.36989e+06
708064
1.37847e+06
762415
1.36814e+06
746238
713662
713916
1.35651e+06
697453
1.36875e+06
1.09922e+06
1.80629e+06
1.21719e+06
816449
1.57218e+06
1.50454e+06
884763
1.22316e+06
1.7677e+06
1.09654e+06
1.57653e+06
874217
808736
1.50469e+06
1.42265e+06
2.40904e+06
2.34796e+06
1.90145e+06
1.8371e+06
1.75183e+06
1.81296e+06
1.07759e+06
2.34344e+06
2.48695e+06
2.2302e+06
1.42208e+06
1.71941e+06
2.60553e+06
549399
1.00997e+06
393040
2.50618e+06
6.36194e+06
5.43031e+06
5.9251e+06
383145
273926
3.37914e+06
2.50608e+06
565521
2.56175e+06
398089
1.43421e+06
399644
274626
250328
306129
225144
242278
261761
257957
217026
253073
240489
235620
263581
230089
268988
204901
1.78833e+06
2.84074e+06
1.21868e+06
101305
1.13422e+06
220229
2.77372e+06
950834
4.05308e+06
3.74764e+06
518107
4.67179e+06
699402
599733
194657
240152
250466
323138
320227
653649
201027
315102
786831
597729
943782
1.33452e+06
425948
389706
527566
839361
528562
247193
383415
1.20661e+06
282070
652711
321322
326742
493704
969834
1.15121e+06
440751
435851
865146
436328
255051
398256
1.02382e+06
246343
1.92496e+06
887509
428225
750248
2.73705e+06
1.73683e+06
1.56705e+06
2.07546e+06
1.74935e+06
6.89007e+06
5.24748e+06
2.87085e+06
6.18303e+06
1.19686e+06
1.58422e+06
7.40551e+06
1.58875e+06
4.47978e+06
2.84243e+06
5.94353e+06
875053
653589
2.71234e+06
657481
592158
1.41983e+06
1.57963e+06
295888
981183
486958
777801
1.65164e+06
1.87997e+06
2.14256e+06
2.82494e+06
2.86607e+06
1.22612e+06
1.7691e+06
1.7667e+06
2.27523e+06
855054
2.29715e+06
2.75116e+06
1.04595e+06
1.81269e+06
1.81399e+06
2.07717e+06
881650
2.08178e+06
352843
1.88532e+06
323691
236704
248135
402365
590488
625670
482499
309518
323569
280191
257760
274702
293927
240894
353136
286133
312539
258970
270545
292412
243184
6.08935e+06
2.42822e+06
922674
1.50788e+06
139613
1.88471e+06
811632
635416
2.53703e+06
322573
224468
216374
244222
239513
230217
304596
243371
326187
223157
228925
242818
232675
307913
426302
435981
476244
299300
291625
288259
303424
291687
450514
306538
406454
427234
287772
305621
1.25843e+06
195311
666581
724769
2.5349e+06
2.04665e+06
2.03151e+06
1.03863e+06
133097
716127
738382
2.42813e+06
779068
134763
1.19938e+06
694543
1.4089e+06
622784
333235
311964
537416
1.42115e+06
698887
332021
589832
1.20039e+06
310230
535484
391182
709888
808107
371118
611710
1.48803e+06
1.7042e+06
375827
918641
397224
707123
615193
1.48522e+06
1.68238e+06
893981
746969
868725
1.74608e+06
1.7478e+06
1.96185e+06
1.52062e+06
890399
738664
1.05461e+06
1.93523e+06
1.75067e+06
2.16531e+06
1.50988e+06
843958
1.19013e+06
1.03182e+06
1.90315e+06
1.68314e+06
1.4898e+06
2.08765e+06
865884
865062
1.02324e+06
1.74014e+06
1.70926e+06
1.50786e+06
1.93909e+06
3.17138e+06
3.29205e+06
305283
321360
5.97397e+06
427081
453239
6.16073e+06
326756
359131
333594
290934
286181
283329
302626
289965
325325
356570
284082
273370
298191
264393
531624
3.19809e+06
515181
596581
3.74985e+06
3.63864e+06
612777
534445
3.20266e+06
538820
606459
3.89397e+06
640655
3.6876e+06
340347
298945
585982
398472
306729
533062
342372
349506
315776
406683
625729
366825
312394
547123
886862
4.77354e+06
1.67201e+06
5.75248e+06
1.51415e+06
4.56099e+06
966712
905235
4.98404e+06
5.83169e+06
1.75053e+06
1.01928e+06
1.54299e+06
4.63568e+06
1.88115e+06
1.91826e+06
1.70394e+06
2.36153e+06
1.41626e+06
2.44898e+06
1.56207e+06
2.4936e+06
2.27962e+06
1.28309e+06
2.38128e+06
2.57815e+06
2.55809e+06
2.64959e+06
1.45122e+06
2.43687e+06
1.85617e+06
1.90732e+06
1.69731e+06
2.35314e+06
1.56497e+06
2.47459e+06
2.61196e+06
1.49055e+06
2.27315e+06
1.28174e+06
2.37306e+06
2.64983e+06
6.01598e+06
2.61487e+06
2.37326e+06
2.96415e+06
4.5562e+06
3.01628e+06
4.84807e+06
1.55707e+06
1.32977e+06
2.22836e+06
2.28457e+06
2.40967e+06
2.40706e+06
2.52257e+06
6.01894e+06
5.97588e+06
2.34059e+06
3.0194e+06
4.73442e+06
2.942e+06
4.88465e+06
2.41547e+06
1.54807e+06
2.40552e+06
1.329e+06
2.22358e+06
2.28123e+06
2.51722e+06
3.67855e+06
2.83741e+06
6.80682e+06
7.20046e+06
3.71961e+06
3.83851e+06
7.30642e+06
2.96995e+06
1.60433e+06
3.17779e+06
3.30358e+06
2.71072e+06
2.70883e+06
2.74134e+06
3.34581e+06
3.11221e+06
1.5534e+06
2.75825e+06
2.80961e+06
3.13052e+06
2.48448e+06
2.11085e+06
1.89023e+06
547566
926127
1.90505e+06
2.00517e+06
805711
677463
773046
1.96345e+06
2.14605e+06
972730
2.02489e+06
864335
1.18773e+06
2.54955e+06
2.21213e+06
1.4626e+06
2.61782e+06
2.41705e+06
700589
2.85715e+06
2.44244e+06
1.99409e+06
3.07418e+06
2.79694e+06
2.95281e+06
1.86477e+06
2.077e+06
1.93652e+06
633177
963834
1.93986e+06
2.03623e+06
853472
1.9674e+06
1.983e+06
660649
2.07569e+06
983840
2.04244e+06
855823
2.29012e+06
593233
1.07907e+06
171269
2.16667e+06
751857
1.31003e+06
2.20929e+06
146400
1.14322e+06
2.29492e+06
173733
761626
1.32265e+06
2.20266e+06
452493
250896
2.21903e+06
322719
595070
2.47868e+06
1.91947e+06
951535
353123
164244
1.69896e+06
1.19799e+06
504462
972096
1.72306e+06
361324
1.91587e+06
163588
1.19385e+06
500942
2.1614e+06
1.89123e+06
342742
295563
1.85672e+06
542593
2.38288e+06
154198
2.49219e+06
2.75401e+06
3.28836e+06
2.35058e+06
797247
1.04559e+06
1.67337e+06
800991
2.51862e+06
1.71615e+06
108918
229810
612744
1.97791e+06
115967
765397
1.39224e+06
103523
299629
167063
101897
528586
101461
101571
116845
107179
129246
101298
101298
101298
101298
101298
101298
101298
101298
101298
101298
101298
101298
101298
101298
101298
101298
101298
101298
101298
101298
101298
101298
101298
101298
101298
101298
101298
101298
101298
101298
101298
101298
101298
101298
101298
101298
101298
101298
101298
101298
101298
101298
101298
101298
101302
101359
101298
101299
101298
101298
101305
101298
101298
101298
101298
101298
101298
101298
101298
101298
101298
101298
101298
101298
101298
101298
101298
101298
101298
101298
101298
101298
101298
101298
101298
101298
101298
101298
101298
101298
101298
101298
101298
101298
101298
101298
101298
101298
101298
101298
101298
101298
101298
101298
101298
101298
101298
101298
101298
101298
101298
101298
101298
101298
101298
101298
101298
101298
101298
101298
101298
101298
101298
101298
101298
101298
101298
101298
101298
101298
101298
101298
101298
101298
101298
101298
101298
101298
101298
101298
101298
101298
101298
101298
101298
101298
101298
101298
101298
101298
101298
101298
101298
101298
101298
101298
101298
101298
101298
101298
101298
101298
101298
101298
101298
101298
101298
101298
101298
101298
101298
101298
101298
101298
101298
101298
101298
101298
101298
101298
101298
101298
101539
101304
101701
101304
101298
101298
101309
101302
101727
101565
101298
101298
101309
101305
101298
101298
101298
101298
101298
1.19102e+06
1.22077e+06
101306
101298
101298
102823
101298
108021
101298
101298
101298
101298
101298
101298
101298
101298
101298
101298
101298
101298
101298
101298
101298
101298
101298
101298
101298
101298
392415
101298
848828
101298
102291
101298
101298
101298
101298
101298
101298
101298
101298
101298
101298
101298
101298
101298
101298
101298
101298
101298
101298
101298
101298
101298
101298
101298
101298
101298
101298
101298
101298
101298
101298
101298
101298
101298
101298
101298
101298
101298
101298
101298
101298
101298
101298
101298
101298
101298
101298
101298
101298
101298
101298
101298
101298
101298
101298
101298
101298
101298
101298
101298
101298
101298
101298
101298
101298
101298
101298
101298
101298
101298
101298
101298
101298
101298
101298
101298
101298
101298
101298
101298
101298
101298
101298
101298
101298
101298
101298
101298
101298
101298
101298
101298
101298
101298
101298
101298
101298
101298
101298
101298
101298
101298
101298
101298
101298
101298
101298
101298
101298
101298
101298
101298
101298
101298
101298
101298
101298
101298
101298
101298
101298
101298
101298
101298
101298
101298
101298
101298
101298
101298
101298
101298
101298
101298
101298
101298
101298
101298
101298
101298
101298
101298
101298
101298
101298
101298
101298
101298
101298
101298
101298
101298
101298
101298
101298
101298
101298
101298
101298
101298
101298
101298
101298
101298
101298
101298
101298
101298
101298
101298
101298
101298
101298
101298
101298
101298
101298
101298
101298
101298
101298
101298
101298
101298
101298
101298
101298
101298
101298
101298
101298
101298
101298
101298
101298
101298
101298
101298
101298
101298
101298
101298
101298
101298
101298
101298
101298
101298
101298
101298
101298
101298
101298
101298
101298
101298
101298
101298
101298
101298
101298
101298
101298
101298
101298
101298
101298
101298
101298
101298
101298
101298
101298
101298
101298
101298
101298
101298
101298
101298
101298
101298
101298
101298
101298
101298
101298
101298
101298
101298
101298
101298
101298
101298
101298
101298
101298
101298
101298
101298
101298
101298
101298
101298
101298
101298
101298
101298
101298
101298
101298
101298
101298
101298
101298
101298
101298
101298
101298
101298
101298
101298
101298
101298
101298
101298
101298
101298
101298
101298
101298
101298
101298
101298
101298
101298
101298
101298
101298
101298
101298
101298
101298
101298
101298
101298
101298
101298
101298
101298
101298
101298
101298
101298
101298
101298
101298
101298
101298
101298
101298
101298
101298
101298
101298
101298
101298
101298
101298
101298
101298
101298
101298
101298
101298
101298
101298
101298
101298
101298
101298
101298
101298
101298
101298
101298
101298
101298
101298
101298
101298
101298
101298
101298
101298
101298
101298
101298
101298
101298
101298
101298
101298
101298
101298
101298
101298
101298
101298
101298
101298
101298
101298
101298
101298
101298
101298
101298
101298
101298
101298
101298
101298
101298
101298
101298
101298
101298
101298
101298
101298
101298
101298
101298
101298
101298
101298
101298
101298
101298
101298
101298
101298
101298
101298
101298
101298
101298
101298
101298
101298
101298
101298
101298
101298
101298
101298
101298
101298
101298
101298
101298
101298
101298
101298
101298
101298
101298
101298
101298
101298
101298
101298
101298
101298
101298
101298
101298
101298
101298
101298
101298
101298
101298
101298
101298
101298
101298
101298
101298
101298
101298
101298
101298
101298
101298
101298
101298
101298
101298
101298
101298
101298
101298
101298
101298
101298
101298
101298
101298
101298
101298
101298
101298
101298
101298
101298
101298
101298
101298
101298
101298
101298
101298
101298
101298
101298
101298
101298
101298
101298
101298
101298
101298
101298
101298
101298
101298
101298
101298
101298
101298
101298
101298
101298
101298
101298
101298
101298
101298
101298
101298
101298
101298
101298
101298
101298
101298
101298
101298
101298
101298
101298
101298
101298
101298
101298
101298
101298
101298
101298
101298
101298
101298
101298
101298
101298
101298
101298
101298
101298
101298
101298
101298
101298
101298
101298
101298
101298
101298
101298
101298
101298
101298
101298
101298
101298
101298
101298
101298
101298
101298
101298
101298
101298
101298
101298
101298
101298
101298
101298
101298
101298
101298
101298
101298
101298
101298
101298
101298
101298
101298
101298
101298
101298
101298
101298
101298
101298
101298
101298
101298
101298
101298
101298
101298
101298
101298
101298
101298
101298
101298
101298
101298
101298
101298
101298
101298
101298
101298
101298
101298
101298
101298
101298
101298
101298
101298
101298
101298
101298
101298
101298
101298
101298
101298
101298
101298
101298
101298
101298
101298
101298
101298
101298
101298
101298
101298
101298
101298
101298
101298
101298
101298
101298
101298
101298
101298
101298
101298
101298
101298
101298
101298
101298
101298
101298
101298
101298
101298
101298
101298
101298
101298
101298
101298
101298
101298
101298
101298
101298
101298
101298
101298
101298
101298
101298
101298
101298
101298
101298
101298
101298
101298
101298
101298
101298
101298
101298
101298
101298
101298
101298
101298
101298
101298
101298
101298
101298
101298
101298
101298
101298
101298
101298
101298
101298
101298
101298
101298
101298
101298
101298
101298
101298
101298
101298
101298
101298
101298
101298
101298
101298
101298
101298
101298
101298
101298
101298
101298
101298
101298
101298
101298
101298
101298
101298
101298
101298
101298
101298
101298
101298
101298
101298
101298
101298
101298
101298
101298
101298
101298
101298
101298
101298
101298
101298
101298
101298
101298
101298
101298
101298
101298
101298
101298
101298
101298
101298
101298
101298
101298
101298
101298
101298
101298
101298
101298
101298
101298
101298
101298
101298
101298
101298
101298
101298
101298
101298
101298
101298
101298
101298
101298
101298
101298
101298
101298
101298
101298
101298
101298
101298
101298
101298
101298
101298
101298
101298
101298
101298
101298
101298
101298
101298
101298
101298
101298
101298
101298
101298
101298
101298
101298
101298
101298
101298
101298
101298
101298
101298
101298
101298
101298
101298
101298
101298
101298
101298
101298
101298
101298
101298
101298
101298
101298
101298
101298
101298
101298
101298
101298
101298
101298
101298
101298
101298
101298
101298
101298
101298
101298
101298
101298
101298
101298
101298
101298
101298
101298
101298
101298
101298
101298
101298
101298
101298
101298
101298
101298
101298
101298
101298
101298
101298
101298
101298
101298
101298
101298
101298
101298
101298
101298
101298
101298
101298
101298
101298
101298
101298
101298
101298
101298
101298
101298
101298
101298
101298
101298
101298
101298
101298
101298
101298
101298
101298
101298
101298
101298
101298
101298
101298
101298
101298
101298
101298
101298
101298
101298
101298
101298
101298
101298
101298
101298
101298
101298
101298
101298
101298
101298
101298
101298
101298
101298
101298
101298
101298
101298
101298
101298
101298
101298
101298
101298
101298
101298
101298
101298
101298
101298
101298
101298
101298
824892
101742
101298
101557
101328
101298
101298
131901
101298
101775
101564
101303
101298
101298
101298
101298
101298
101298
101298
101298
101298
101298
101298
101298
101298
101298
101298
101298
101298
101298
101298
101298
101298
101298
101298
101298
101298
101298
101298
101298
101298
101298
101298
101298
101298
101298
101298
101298
101298
101298
101298
101298
101298
101298
101298
101298
101298
101298
101298
101298
101298
101298
101298
101298
101298
101298
101298
101298
101298
101298
101298
101298
101298
101298
101298
101298
101298
101298
101298
101298
101298
101298
101298
101298
101298
101298
101298
101298
101298
101298
101298
101298
101298
101298
101298
101298
101298
101298
101298
101298
101298
101298
101298
101298
101298
101298
101298
101298
101298
101298
101298
101298
101298
101298
101298
101298
101298
101298
101298
101298
101298
101298
101298
101298
101298
101298
101298
101298
101298
101298
101298
101298
101298
101298
101298
101298
101298
101298
101298
101298
101298
101298
101298
101298
101298
101298
101298
101298
101298
101298
101298
101298
101298
101298
101298
101298
101298
101298
101298
101298
101298
101298
101298
101298
101298
101298
101298
101298
101298
101298
101298
101298
101298
101298
101298
101298
101298
101298
101298
101298
101298
101298
101298
101298
101298
101298
101298
101298
101298
101298
101298
101298
101298
101298
101298
101298
101298
101298
101298
101298
101298
101298
101298
101298
101298
101298
101298
101298
101298
101298
101298
101298
101298
101298
101298
101298
101298
101298
101298
101298
101298
101298
101298
101298
101298
101298
101298
101298
101298
101298
101298
101298
101298
101298
101298
101298
101298
101298
101298
101298
101298
101298
101298
101298
101298
101298
101298
101298
101298
101298
101298
101298
101298
101298
101298
101298
101298
101298
101298
101298
101298
101298
101298
101298
101298
101298
101298
101298
101298
101298
101298
101298
101298
101298
101298
101298
101298
101298
101298
101298
101298
101298
101298
101298
101298
101298
101298
101298
101298
101298
101298
101298
101298
101298
101298
101298
101298
101298
101298
101298
101298
101298
101298
101298
101298
101298
101298
101298
101298
101298
101298
101298
101298
101298
101298
101298
101298
101298
101298
101298
101298
101298
101298
101298
101298
101298
101298
101298
101298
101298
101298
101298
101298
101298
101298
101298
101298
101298
101298
101298
101298
101298
101298
101298
101298
101298
101298
101298
101298
101298
101298
101298
101298
101298
101298
101298
101298
101298
101298
101298
101298
101298
101298
101298
101298
101298
101298
101298
101298
101298
101298
101298
101298
101298
101298
101298
101298
101298
101298
101298
101298
101298
101298
101298
101298
101298
101298
101298
101298
101298
101298
101298
101298
101298
101298
101298
101298
101298
101298
101298
101298
101298
101298
101298
101298
101298
101298
101298
101298
101298
101298
101298
101298
101298
101298
101298
101298
101298
101298
101298
101298
101298
101298
101298
101298
101298
101298
101298
101298
101298
101298
101298
101298
101298
101298
101298
101298
101298
101298
101298
101298
101298
101298
101298
101298
101298
101298
101298
101298
101298
101298
101298
101298
101298
101298
101298
101298
101298
101298
101298
101298
101298
101298
101298
101298
101298
101298
101298
101298
101298
101298
101298
101298
101298
101298
101298
101298
101298
101298
101298
101298
101298
101298
101298
101298
101298
101298
101298
101298
101298
101298
101298
101298
101921
1.38013e+06
1.78028e+06
101298
101298
101298
101298
101298
101298
101298
101298
101298
101298
101298
101298
101298
101298
101298
101298
101298
101298
101298
101298
2.96147e+06
1.6197e+06
1.72641e+06
2.08328e+06
2.43039e+06
102621
110370
2.15218e+06
434428
110067
779845
2.1226e+06
110502
101489
1.65428e+06
2.21475e+06
2.88249e+06
104187
117693
7.20156e+06
856681
116447
961505
2.2636e+06
129570
101668
880681
2.73286e+06
1.76789e+06
1.23211e+06
1.76955e+06
2.2965e+06
2.2677e+06
2.8478e+06
2.50124e+06
1.81329e+06
1.81066e+06
1.04781e+06
2.08174e+06
2.07906e+06
2.75194e+06
2.55984e+06
101330
1.615e+06
2.41171e+06
2.07677e+06
1.86172e+06
2.31324e+06
2.45803e+06
2.29975e+06
101298
102708
1.4138e+06
2.65175e+06
101354
101299
102590
1.4357e+06
2.29025e+06
2.10761e+06
1.89931e+06
2.14673e+06
2.38091e+06
2.33266e+06
101308
101298
101298
174490
101298
106414
3.27928e+06
7.14949e+06
6.66336e+06
2.83556e+06
3.82436e+06
3.67575e+06
3.63166e+06
5.33475e+06
3.30368e+06
1.6187e+06
3.1754e+06
2.74755e+06
2.72872e+06
2.96915e+06
2.48635e+06
101298
101649
941784
101309
147119
101298
101298
101342
101298
101298
101298
101298
101301
102453
6.08548e+06
3.07657e+06
4.35294e+06
5.87024e+06
3.50192e+06
2.68441e+06
3.36678e+06
2.77288e+06
2.03702e+06
2.52895e+06
2.87344e+06
2.68855e+06
2.22841e+06
1.44013e+06
657599
1.69197e+06
549190
2.49725e+06
2.65088e+06
2.07492e+06
2.12328e+06
2.09707e+06
541515
640380
2.4534e+06
2.74475e+06
1.71842e+06
1.74958e+06
2.07348e+06
547684
655409
2.49908e+06
2.64748e+06
1.69068e+06
1.7779e+06
510914
1.71733e+06
622363
2.43858e+06
2.70656e+06
2.05387e+06
2.06228e+06
2.25e+06
758711
882528
2.52952e+06
2.90728e+06
2.23434e+06
2.20728e+06
2.23279e+06
791680
915902
2.58921e+06
2.78922e+06
2.23327e+06
2.26405e+06
105805
101298
101298
101298
101298
101300
101298
101298
101408
101298
101301
101298
101298
101298
364475
431360
1.73543e+06
1.05548e+06
162106
1.13076e+06
143736
1.67481e+06
1.75405e+06
352319
1.02847e+06
162914
1.14498e+06
142217
2.67133e+06
1.46318e+06
2.70216e+06
1.66099e+06
1.63399e+06
340901
251220
2.7067e+06
1.40469e+06
1.65377e+06
1.37429e+06
1.634e+06
338282
235373
2.73661e+06
2.28452e+06
2.43201e+06
1.01892e+06
1.09656e+06
736086
149297
227758
1.44165e+06
307191
4.51997e+06
3.26214e+06
1.9883e+06
2.3058e+06
1.51867e+06
228431
148692
809620
107327
117453
576724
2.06601e+06
250299
335349
4.69491e+06
3.35477e+06
1.54298e+06
1.53382e+06
1.70652e+06
117562
276485
2.14017e+06
2.73752e+06
1.25466e+06
464201
2.29996e+06
445418
503925
5.61856e+06
3.76589e+06
2.26988e+06
2.83608e+06
440751
1.23974e+06
272676
2.10066e+06
2.73349e+06
1.69689e+06
755553
1.91195e+06
138371
427488
2.61004e+06
3.04224e+06
1.90906e+06
951685
2.50437e+06
1.01082e+06
1.89596e+06
399358
347970
144870
106655
564091
1.31212e+06
187742
634398
102313
191100
112427
101298
101298
101298
101298
101300
578152
102113
674966
101298
101298
101430
676615
220643
279517
112579
118234
103778
102780
592383
232778
282432
113360
118299
103843
102972
101298
101298
101298
101298
101298
101298
101298
101298
101298
101298
101298
101298
101298
101298
101298
101298
101298
101298
101298
101298
101298
101298
101298
101298
101298
101298
101298
101298
729726
126908
140166
119771
129423
101711
101958
708920
124992
138111
118907
128359
101691
101939
106726
420686
156262
215020
112908
102586
101426
101420
115002
101495
307910
105815
368138
104242
115355
101497
101421
306257
105875
373789
104217
127346
124385
101676
137601
101926
687976
812489
119854
126961
140245
101961
101712
731448
850424
102669
101355
103667
212466
278378
105511
103641
208501
103983
285251
105792
101333
103714
101364
103589
103322
101326
102465
197391
274200
105408
101330
200378
103440
103976
285198
105731
101364
101298
101298
101315
101298
101327
101298
101298
102492
101320
102490
1.24641e+06
168374
171970
102448
105642
102141
101833
101399
101359
101306
101310
462858
106229
109920
104530
107585
101418
101347
385066
101842
108056
101685
106083
101396
101306
101298
101298
101298
101298
101298
101298
101350
104372
101310
101334
187632
101639
102249
141653
103584
101300
101327
161674
101361
106768
102007
107009
106044
109639
101345
101412
443084
371335
106004
101833
108018
101395
101306
382266
130737
101790
101557
115500
730000
142669
120381
101990
487617
101556
127525
101437
114435
101845
101304
102067
101309
101841
784389
123985
117731
101603
107987
102138
101847
101399
101361
101306
101311
101737
110673
117417
101498
101304
101412
101308
101813
101305
112123
102145
117949
101505
101309
101689
135068
101350
105862
101912
101373
101299
101298
101298
101299
101298
101298
101298
101298
101298
101303
101298
101298
101298
101298
101298
129944
101338
104678
101307
101901
101368
101299
116780
101373
102553
101310
101467
101311
101299
101300
101320
101468
101302
101543
101332
101298
101298
101298
101298
101298
101298
101298
101298
101302
101455
101540
101331
101298
101317
101298
101739
101353
101483
101303
101317
101300
101299
101461
101300
105234
101322
101950
101305
101298
101298
101298
101298
101298
101298
101298
101298
101306
102029
101312
101298
101298
101306
101312
101302
101717
101305
101304
101298
101309
101298
102060
101312
101306
101298
101298
101306
101312
101724
101305
101302
101305
101298
101309
101298
101299
101306
101368
101298
101314
101299
101298
102399
101311
101438
101299
101313
101300
101298
101317
101298
101317
101298
101312
101298
101298
101314
101298
101298
101306
102040
101313
101298
101311
101298
101316
101298
101298
102240
101316
101298
101298
101298
101298
101298
101298
101298
101298
101298
101298
101298
101298
101298
101298
101298
101298
101298
101298
101298
101298
101298
101298
101298
101298
101298
101298
101298
101298
101298
101298
101298
101298
101298
101298
101298
101298
101298
101298
101298
101298
101298
101298
101298
101298
101298
101298
101298
101298
101298
101298
101298
101298
101298
101298
101298
101298
101298
101298
101298
101298
101298
101298
101298
101298
101298
101298
101298
101298
101298
101298
101298
101298
101298
101298
101298
101299
101300
101355
101434
101300
101299
101298
101298
101300
101307
101412
101300
101298
101298
101301
101298
101361
101337
101299
101299
101298
101300
101298
101361
101336
101299
101299
101328
101298
101298
101299
101298
101298
101298
101313
101299
101298
101298
101298
101298
101298
101303
101298
101299
101299
101298
101298
101298
101300
101324
101368
101298
101299
101298
101298
101376
101298
101299
101300
101298
101298
101299
101361
101298
101299
101299
101298
101298
101298
101298
101298
101302
101301
101538
101308
101298
101299
101298
101299
101373
101299
101339
101299
101298
101298
101299
101334
101299
101372
101299
101298
101301
101581
101298
101298
101303
101298
101305
101298
101298
101300
101490
101302
101298
101357
101298
101300
101298
101299
101298
101298
101301
101300
101299
101298
101298
101298
101298
101298
101298
101298
101298
101298
101298
101298
101298
101298
101298
101298
101298
101298
101298
101298
101298
101308
101299
101298
101298
101298
101300
101298
101299
101298
101298
101298
101298
101298
101298
101298
101301
101309
101298
101298
101299
101298
101299
101298
101298
101298
101298
101298
101298
101298
101299
101307
101298
101298
101298
101300
101298
101301
101298
101298
101298
101301
101298
101298
101298
101299
101298
101298
101303
101298
101298
101298
101298
101298
101298
101299
101298
101298
101298
101298
101298
101298
101298
101298
101300
101298
101298
101298
101298
101298
101298
101298
101298
101298
101298
101298
101298
101298
101298
101298
101298
101298
101298
101298
101298
101298
101298
101298
101298
101298
101298
101298
101298
101298
101298
101298
101298
101298
101298
101298
101298
101298
101298
101298
101298
101298
101298
101298
101298
101298
101298
101298
101298
101298
101298
101298
101298
101298
101298
101298
101298
101298
101298
101298
101298
101298
101298
101298
101298
101298
101298
101298
101298
101298
101298
101298
101298
101298
101298
101298
101298
101298
101298
101298
101298
101298
101298
101298
101298
101298
101298
101298
101298
101298
101298
101298
101298
101298
101298
101298
101298
101298
101298
101298
101298
101298
101298
101298
101298
101298
101298
101298
101298
101298
101298
101298
101298
101298
101298
101298
101298
101298
101298
101298
101298
101298
101298
101298
101298
101298
101298
101298
101298
101298
101298
101298
101298
101298
101298
101298
101298
101298
)
;

boundaryField
{
    ground
    {
        type            zeroGradient;
    }
    outlet
    {
        type            zeroGradient;
    }
    wall
    {
        type            zeroGradient;
    }
    wall2
    {
        type            zeroGradient;
    }
    wall3
    {
        type            zeroGradient;
    }
    internalPatch
    {
        type            internal;
    }
    procBoundary5to0
    {
        type            processor;
        value           nonuniform List<scalar> 
238
(
101298
101298
101298
101298
101298
101298
101298
101298
101298
101298
101298
101298
101298
101298
101298
101298
101298
101298
101298
101298
101298
101298
101298
101298
101298
101298
101298
101298
101298
101298
101298
101298
101298
101298
101298
101298
101298
101298
101298
101298
101298
101298
101298
101298
101298
101298
101298
101308
102407
102407
133002
172867
284754
353783
375673
306574
159555
106271
101465
313760
1.80153e+06
3.03443e+06
2.82817e+06
2.82817e+06
2.05832e+06
1.57182e+06
1.36907e+06
2.42378e+06
2.16215e+06
629614
524355
327452
152895
152895
101818
101304
101298
101298
101298
101298
101298
101298
101298
101298
101298
101298
101298
101298
101298
101298
101298
101298
101298
101298
101298
101298
101298
101298
101298
101298
101298
101298
101298
101298
101298
101298
101298
101298
101298
101298
101298
101298
101298
101298
101298
101298
101298
101298
101298
101298
101298
101298
101298
101298
101298
101298
101298
101298
101298
101298
101298
101329
103944
103944
109478
114280
115461
110535
103519
101476
101304
101298
101302
105546
349830
1.74537e+06
2.88452e+06
2.88452e+06
2.82247e+06
2.5642e+06
2.07011e+06
1.83993e+06
1.27845e+06
1.27845e+06
259843
103011
101317
101298
101298
101298
101298
101298
101298
101298
101298
101298
101298
101298
101298
101298
101298
101298
101298
101298
101298
101298
101298
101298
101298
101301
101300
101409
109478
114280
115461
110535
103519
101476
101304
101298
101298
101298
101298
101357
104825
101339
101298
101298
101298
101298
101298
101298
101298
101298
101298
101298
101298
101298
101298
101300
101301
101499
101486
101421
101326
101300
101298
101298
101298
101298
101298
101298
101298
101299
101298
101298
101298
101298
101298
101298
101298
101298
101298
101298
101298
101298
101298
101298
)
;
    }
    procBoundary5to1
    {
        type            processor;
        value           nonuniform List<scalar> 
223
(
101298
101298
101298
101298
101298
101298
101298
101298
101298
101298
101298
101298
101298
101298
101298
101298
101298
101298
101298
101298
101298
101298
101298
101298
101298
284080
268919
323256
352989
352989
352989
284080
316690
452902
827770
1.50631e+06
1.73448e+06
1.82797e+06
1.4167e+06
2.3443e+06
1.56391e+06
653827
317011
571351
657395
924661
1.60811e+06
1.60811e+06
2.7713e+06
2.84758e+06
1.38525e+06
2.21185e+06
2.38354e+06
2.33238e+06
2.27091e+06
2.39461e+06
2.55866e+06
3.13673e+06
5.65478e+06
6.69261e+06
6.10419e+06
6.10419e+06
5.20083e+06
4.72785e+06
4.49509e+06
3.70826e+06
3.23667e+06
3.07949e+06
3.17022e+06
3.17022e+06
3.14443e+06
3.14068e+06
3.27269e+06
530733
323961
351371
335931
294679
224575
219769
245417
284246
348383
382300
382300
413149
352989
352989
412903
412903
387594
364375
300327
256477
324243
547104
1.13289e+06
1.74802e+06
848627
384295
249082
238410
233150
320900
342818
438966
763060
763060
1.76229e+06
2.7098e+06
2.15402e+06
1.89663e+06
1.85492e+06
2.28879e+06
3.42588e+06
2.8494e+06
1.75734e+06
1.75734e+06
1.20218e+06
963036
867651
592397
527501
546945
589772
589772
589772
579178
558260
372608
401315
401315
387638
387638
387638
431504
382300
382300
421317
424619
424619
412854
440197
415516
391108
349689
307186
255970
289535
293339
328409
495748
495748
1.15526e+06
967630
943029
1.33835e+06
599787
599787
384730
329712
323220
275062
316955
371400
396822
409045
409045
589772
589772
423260
402983
402983
402983
444477
401315
401315
387638
432228
445502
435310
447386
452957
452957
472894
450604
417277
408762
408894
352269
289801
288480
298553
295508
318971
439555
439555
423709
423709
307731
286448
292235
390967
413967
438616
410220
423255
423255
426490
402983
443265
450879
439069
463614
460908
472894
473284
473284
451015
416948
452874
452874
451883
)
;
    }
    procBoundary5to2
    {
        type            processor;
        value           nonuniform List<scalar> 
102
(
203910
485727
485727
203910
111024
111024
101406
102459
108491
124984
753984
753984
940569
723584
378845
142773
197190
232571
587990
895380
1.03079e+06
1.06866e+06
1.37958e+06
724674
423274
319543
319543
314711
312452
322447
324391
328186
330706
320540
322560
326088
326088
428429
723289
1.37698e+06
1.12674e+06
1.11501e+06
1.06841e+06
911662
911662
149199
101997
101309
101314
101314
101309
101303
101299
101298
101298
101299
101312
101392
101633
102006
149130
903552
903552
1.03667e+06
1.06755e+06
1.00896e+06
846823
521399
1.08982e+06
1.08687e+06
1.36289e+06
703632
413316
313000
313000
313000
319462
316720
320892
323818
317383
317383
317383
417338
706992
1.36779e+06
1.13297e+06
1.12746e+06
1.10715e+06
984396
984396
167491
102305
102278
165316
968088
968088
1.07791e+06
317383
313000
313000
317383
)
;
    }
    procBoundary5to3
    {
        type            processor;
        value           nonuniform List<scalar> 
446
(
101298
101298
101298
101298
101298
101298
101298
101298
101298
101298
101298
101298
101298
101298
101298
101298
101298
101299
101356
105860
389121
1.75875e+06
1.91544e+06
1.74939e+06
1.57668e+06
1.50443e+06
808704
448542
317205
287933
291729
279331
256699
232220
248464
252216
249021
240325
214278
275486
318374
327318
297328
536001
3.39485e+06
3.23301e+06
3.14975e+06
3.17103e+06
3.02329e+06
2.90639e+06
2.98265e+06
3.11875e+06
3.12275e+06
3.03912e+06
3.00308e+06
3.11844e+06
3.5078e+06
4.28458e+06
5.6043e+06
6.63959e+06
6.04262e+06
3.91652e+06
1.05649e+06
121271
102228
103504
103916
102892
102892
101315
101298
101298
101298
101298
101298
101298
101298
101298
101298
101298
101298
101298
101298
101298
101298
101298
101298
101298
101298
101298
101298
101298
101298
101298
101298
101298
101304
101776
143654
1.098e+06
2.52863e+06
2.26788e+06
1.55733e+06
1.08187e+06
874574
462507
310984
270869
325670
356346
356346
360152
360152
333580
298208
241553
224140
241886
238270
307206
349827
349827
352456
352456
317342
527544
513370
499923
484695
514777
551294
583322
583322
586105
586105
566812
542264
517204
543641
746733
1.29329e+06
2.21604e+06
3.08331e+06
2.9083e+06
1.25516e+06
157174
104749
109714
111466
107231
107231
101373
101299
101298
101298
101298
101298
101298
101298
101298
101298
101298
101298
101298
101298
101298
101298
101298
101298
101298
101299
101298
101298
101330
104135
330992
1.8646e+06
2.85298e+06
2.21071e+06
1.25849e+06
721050
522679
309617
244928
286446
351222
385168
385168
416726
356346
356346
360152
360152
421603
391845
391845
360279
310398
285532
311157
350041
349827
349827
352456
352456
346132
306756
275471
297313
348143
382550
382550
412498
583322
583322
586105
586105
415370
392292
392292
367160
321940
264267
287697
432707
868523
1.73862e+06
2.43088e+06
1.45562e+06
246077
111620
126798
131731
117849
117849
101544
101302
101304
101298
101298
101298
101298
101298
101299
101298
101304
101298
101298
101299
101299
101298
101298
101298
101298
101298
101298
101298
101304
101298
101301
101414
111702
651641
2.32464e+06
2.88307e+06
2.0612e+06
1.01915e+06
492679
334575
220216
227848
298979
339235
390320
390320
432640
385168
385168
426431
429367
417977
420075
431354
429997
391845
391845
437371
392243
392243
341282
319934
350041
350041
350041
346132
346132
346132
314881
337549
387630
387630
428260
382550
382550
417529
421211
411309
412597
423249
421151
392292
392292
435092
397751
397751
350950
288158
273030
346183
607507
1.28901e+06
2.13149e+06
1.53456e+06
315343
119010
144094
150251
126803
126803
101697
101700
101305
101302
101544
101360
105765
101728
101317
101317
101335
101299
101299
101298
101298
101298
101306
101743
125183
101578
884592
2.40473e+06
2.7856e+06
1.98255e+06
922351
406545
246057
187703
232798
275881
260900
338054
605055
1.28782e+06
2.14083e+06
1.61019e+06
350645
122152
148468
151373
126983
126983
117505
117505
105765
101728
102111
102118
101335
101316
101298
101305
101748
133165
842015
2.06941e+06
2.4992e+06
2.087e+06
1.04444e+06
439255
238758
234134
333075
680194
1.48562e+06
2.30862e+06
1.58345e+06
310704
116042
132302
132613
109674
109783
105569
101705
108506
101572
123442
509450
1.23484e+06
172982
397751
390320
390320
435587
442590
436955
449378
455403
456269
451438
440987
443613
436265
392243
392243
387630
387630
431177
438428
430772
443238
449000
451642
447435
435338
442371
436279
397751
457225
459103
471794
471280
458864
454651
467133
468958
)
;
    }
    procBoundary5to4
    {
        type            processor;
        value           uniform 101298;
    }
}


// ************************************************************************* //
