/*--------------------------------*- C++ -*----------------------------------*\
  =========                 |
  \\      /  F ield         | OpenFOAM: The Open Source CFD Toolbox
   \\    /   O peration     | Website:  https://openfoam.org
    \\  /    A nd           | Version:  9
     \\/     M anipulation  |
\*---------------------------------------------------------------------------*/
FoamFile
{
    format      ascii;
    class       volScalarField;
    location    "0.0003";
    object      rhoE;
}
// * * * * * * * * * * * * * * * * * * * * * * * * * * * * * * * * * * * * * //

dimensions      [1 -1 -2 0 0 0 0];

internalField   nonuniform List<scalar> 
4739
(
2.33875e+07
2.86047e+07
2.42128e+06
3.81482e+06
2.41372e+07
2.70326e+06
6.5501e+06
2.40265e+06
2.51594e+07
3.74917e+06
2.43593e+07
3.34767e+06
2.30583e+07
2.86301e+06
4.00917e+06
2.4192e+07
2.45893e+06
2.34126e+07
2.51496e+07
2.93491e+06
3.70143e+06
3.62889e+06
3.74739e+06
3.79769e+06
3.93225e+06
3.78245e+06
2.42386e+06
3.18325e+06
2.43171e+06
3.78645e+06
4.19579e+06
2.716e+06
3.66969e+06
3.44796e+06
3.76895e+06
2.68552e+06
2.57995e+07
3.67797e+06
2.88357e+07
4.97871e+06
3.04082e+07
4.58111e+06
3.74782e+06
3.52872e+06
3.94968e+06
5.16057e+06
8.93447e+06
4.59673e+06
7.01241e+06
5.67601e+06
9.24415e+06
7.07277e+06
1.80946e+06
1.47629e+07
1.19424e+07
4.31208e+06
3.16644e+06
3.24582e+06
2.31859e+07
2.92199e+07
2.70619e+06
4.2843e+06
2.27703e+07
5.04066e+06
5.81426e+06
2.66366e+07
2.71992e+07
5.50765e+06
5.31211e+06
2.51467e+07
2.9116e+06
2.71611e+06
2.89857e+06
1.97099e+06
2.40541e+06
2.56474e+06
2.98197e+06
3.12705e+06
3.06382e+06
3.87462e+06
4.03398e+06
2.7219e+06
3.8054e+06
3.35375e+06
4.97986e+06
4.72383e+06
2.35964e+07
2.58317e+07
4.60984e+06
5.14634e+06
2.50781e+07
3.82385e+06
2.94432e+06
3.11051e+06
3.9992e+06
3.30168e+06
3.67007e+06
3.7861e+06
2.85943e+06
2.92156e+06
2.69233e+06
1.95031e+06
2.44882e+06
2.38748e+06
2.94802e+06
5.10576e+06
2.49817e+07
5.02427e+06
4.6317e+06
2.34652e+07
4.61668e+06
2.34244e+07
3.72504e+06
3.64144e+06
3.94586e+06
3.07582e+06
2.91299e+06
2.66115e+06
3.22268e+06
4.83361e+06
2.62721e+07
5.36259e+06
2.554e+07
5.22013e+06
4.68607e+06
2.36083e+07
3.94922e+06
3.81447e+06
3.95851e+06
3.00203e+06
3.80449e+06
3.07333e+06
2.68407e+06
3.19353e+06
2.35699e+07
4.41465e+06
3.17481e+06
2.88005e+07
2.68103e+06
2.27032e+07
3.05403e+06
2.41331e+06
2.76453e+06
2.86388e+06
1.95541e+06
2.4352e+06
2.41251e+06
3.21334e+06
4.27234e+06
3.15915e+06
4.08798e+06
4.02474e+06
2.76077e+06
3.68863e+06
3.33043e+06
2.55002e+07
3.33159e+06
2.92408e+07
2.71215e+06
4.84088e+06
2.39117e+07
2.99906e+06
2.90518e+06
2.9979e+06
1.95996e+06
2.45815e+06
2.46002e+06
3.43111e+06
4.294e+06
2.31826e+07
3.18173e+06
3.24225e+06
2.91449e+07
2.70451e+06
2.3346e+07
4.98022e+06
2.3709e+07
4.61435e+06
4.72021e+06
2.58149e+07
5.14413e+06
2.41145e+07
2.85443e+06
2.69221e+06
2.38789e+06
2.92009e+06
1.95064e+06
2.44995e+06
2.40232e+06
3.21915e+06
3.6341e+06
2.91104e+06
3.12336e+06
3.95666e+06
3.7586e+06
2.68487e+06
3.86974e+06
3.78402e+06
3.72386e+06
3.11065e+06
2.93789e+06
2.65975e+06
3.28328e+06
3.80447e+06
4.16377e+06
4.14091e+06
3.62381e+06
4.03916e+06
3.96116e+06
3.65509e+06
3.21039e+06
3.19559e+06
3.90855e+06
3.88803e+06
2.87359e+06
3.81784e+06
3.44766e+06
3.72125e+06
2.96115e+06
3.68851e+06
3.77368e+06
3.2613e+06
3.09617e+06
2.68593e+06
4.10308e+06
3.69465e+06
4.08636e+06
3.60369e+06
3.95881e+06
3.59445e+06
3.92616e+06
2.73286e+06
2.89363e+06
2.93204e+06
2.89312e+06
1.97918e+06
2.42384e+06
2.57089e+06
3.40295e+06
3.86966e+06
3.79078e+06
3.18328e+06
3.86029e+06
2.86872e+06
3.79029e+06
2.91541e+06
2.8161e+06
2.91685e+06
1.97406e+06
2.43153e+06
2.58831e+06
3.02586e+06
3.2092e+06
3.20992e+06
3.87084e+06
3.90248e+06
2.89831e+06
3.78623e+06
3.44972e+06
3.63213e+06
3.74949e+06
4.00843e+06
4.17688e+06
3.8252e+06
3.93379e+06
3.66964e+06
2.40558e+06
2.98194e+06
2.91102e+06
2.89885e+06
1.97109e+06
2.42133e+06
2.56467e+06
2.94444e+06
3.82423e+06
3.30231e+06
3.11065e+06
3.99963e+06
2.70317e+06
3.78594e+06
3.2102e+06
3.90947e+06
3.81849e+06
3.19574e+06
3.88878e+06
2.87371e+06
3.79758e+06
3.66301e+06
4.21439e+06
4.03642e+06
3.6307e+06
4.18592e+06
3.83062e+06
3.94891e+06
3.70217e+06
3.12472e+06
2.91129e+06
3.95753e+06
3.21917e+06
3.75955e+06
3.63453e+06
3.73255e+06
3.63881e+06
3.35289e+06
3.61946e+06
3.50519e+06
3.72375e+06
3.35001e+06
4.64064e+06
3.82377e+06
4.26125e+06
4.31707e+06
4.15957e+06
4.42121e+06
4.05655e+06
3.81617e+06
3.83359e+06
3.38466e+06
3.66402e+06
3.62714e+06
3.76275e+06
3.51981e+06
3.76982e+06
3.63117e+06
4.03654e+06
4.18737e+06
3.6626e+06
3.83248e+06
4.21608e+06
4.46811e+06
3.99964e+06
4.27443e+06
4.41415e+06
4.11415e+06
4.19652e+06
4.32967e+06
2.2902e+06
2.43579e+06
2.46953e+06
2.16585e+06
2.51868e+06
2.21847e+06
2.2455e+06
3.15698e+06
2.67265e+06
2.71723e+06
3.06171e+06
2.81438e+06
3.04264e+06
3.08374e+06
2.27071e+06
2.46731e+06
2.41205e+06
2.15171e+06
2.19798e+06
2.24356e+06
2.49594e+06
2.39468e+06
2.95994e+06
2.55285e+06
2.64491e+06
2.59305e+06
2.74746e+06
2.38931e+06
2.34843e+06
2.52155e+06
2.51468e+06
2.18906e+06
2.27164e+06
2.27438e+06
2.61878e+06
2.52491e+06
2.9864e+06
2.82213e+06
3.00722e+06
2.69341e+06
2.82135e+06
2.69442e+06
3.42708e+06
3.88737e+06
3.89294e+06
3.39452e+06
3.6784e+06
3.40487e+06
3.41907e+06
2.30123e+06
2.44486e+06
2.47593e+06
2.17731e+06
2.52007e+06
2.22943e+06
2.2631e+06
3.48817e+06
3.21511e+06
3.56186e+06
3.09139e+06
3.2756e+06
3.13563e+06
3.44479e+06
2.31198e+06
2.47702e+06
2.49124e+06
2.17376e+06
2.26438e+06
2.24578e+06
2.54699e+06
2.39871e+06
2.54291e+06
2.82562e+06
2.54934e+06
2.62723e+06
2.36396e+06
2.62836e+06
3.13423e+06
2.7203e+06
2.65033e+06
3.03784e+06
3.0181e+06
2.80009e+06
3.07723e+06
4.65063e+06
2.93816e+06
3.197e+06
4.85583e+06
2.99466e+06
4.91942e+06
4.48322e+06
4.71017e+06
4.9887e+06
3.00635e+06
3.23355e+06
4.99497e+06
3.02047e+06
4.59038e+06
8.85508e+06
3.16576e+07
6.95151e+06
3.10801e+07
7.88064e+06
7.98716e+06
3.15927e+07
3.70216e+06
2.72221e+06
2.7717e+06
3.51948e+06
2.79973e+06
3.49229e+06
3.54505e+06
2.46614e+06
2.62373e+06
2.73793e+06
2.99095e+06
2.65818e+06
2.79114e+06
2.46648e+06
2.39895e+06
2.54917e+06
2.5432e+06
2.82585e+06
2.62854e+06
2.36384e+06
2.62765e+06
2.459e+06
2.617e+06
2.72186e+06
2.98986e+06
2.6595e+06
2.78849e+06
2.45167e+06
2.18852e+06
2.03512e+06
2.03823e+06
2.06057e+06
2.08539e+06
2.11785e+06
2.11018e+06
2.29572e+06
2.46685e+06
2.42765e+06
2.16716e+06
2.22038e+06
2.51507e+06
2.25625e+06
2.37392e+06
2.61051e+06
2.59779e+06
2.26006e+06
2.68753e+06
2.31721e+06
2.30583e+06
2.59107e+06
3.05738e+06
2.90747e+06
3.06188e+06
2.75731e+06
2.75122e+06
2.88108e+06
3.3264e+06
2.94153e+06
3.50359e+06
3.18625e+06
3.02608e+06
3.25519e+06
3.2521e+06
3.37482e+06
3.48605e+06
2.95125e+06
3.11897e+06
3.2294e+06
3.28096e+06
3.04492e+06
3.5199e+06
4.01451e+06
3.46579e+06
3.98597e+06
3.5183e+06
3.48763e+06
3.80157e+06
3.20837e+06
2.73923e+06
2.73656e+06
3.08649e+06
3.11645e+06
2.85983e+06
3.11503e+06
3.28984e+06
2.84933e+06
3.02143e+06
3.30673e+06
2.95917e+06
3.17279e+06
3.11712e+06
3.28047e+06
2.92294e+06
3.17082e+06
3.48758e+06
3.00373e+06
3.24133e+06
3.23388e+06
3.46031e+06
3.44184e+06
3.88792e+06
3.95861e+06
3.43074e+06
3.72997e+06
3.46158e+06
2.38212e+06
2.64533e+06
2.54029e+06
2.9482e+06
2.75313e+06
2.57258e+06
2.38214e+06
2.39037e+06
2.58422e+06
2.70548e+06
2.98572e+06
2.77785e+06
2.42344e+06
2.5896e+06
2.37331e+06
2.52314e+06
2.52432e+06
2.79099e+06
2.34027e+06
2.59718e+06
2.59527e+06
2.15797e+06
2.01708e+06
2.03138e+06
2.00698e+06
2.05938e+06
2.07518e+06
2.09443e+06
2.30966e+06
2.48157e+06
2.51773e+06
2.21637e+06
2.58129e+06
2.24167e+06
2.27016e+06
2.26128e+06
2.44073e+06
2.41128e+06
2.13663e+06
2.19443e+06
2.48635e+06
2.21709e+06
2.52471e+06
2.98726e+06
3.00779e+06
2.8173e+06
2.82589e+06
2.69404e+06
2.69546e+06
3.42676e+06
3.97517e+06
3.85754e+06
3.39844e+06
3.70808e+06
3.43883e+06
3.39696e+06
3.23028e+06
3.50168e+06
2.89106e+06
3.10807e+06
2.94925e+06
3.2139e+06
3.21069e+06
3.24592e+06
3.25249e+06
2.81555e+06
2.98e+06
2.91499e+06
3.1336e+06
3.06908e+06
3.11588e+06
3.01631e+06
2.69211e+06
2.64599e+06
2.78097e+06
3.05503e+06
3.00796e+06
3.49824e+06
3.97237e+06
3.92653e+06
3.4122e+06
3.84473e+06
3.44862e+06
3.4467e+06
3.32288e+06
3.07853e+06
3.37505e+06
2.88283e+06
3.22965e+06
2.97063e+06
3.20757e+06
3.28227e+06
3.13117e+06
3.49412e+06
2.89307e+06
3.21755e+06
3.29612e+06
2.97419e+06
3.17475e+06
3.04009e+06
2.68271e+06
2.70141e+06
3.06728e+06
2.82227e+06
3.0542e+06
4.67746e+06
4.9018e+06
3.24545e+06
2.96955e+06
5.01093e+06
3.02073e+06
4.51122e+06
4.64812e+06
3.23133e+06
2.94817e+06
4.85914e+06
4.49794e+06
4.94587e+06
3.00834e+06
8.79823e+06
3.12642e+07
6.9255e+06
3.06295e+07
7.83442e+06
7.88473e+06
3.15582e+07
3.59596e+06
2.73605e+06
2.71183e+06
3.53361e+06
3.5135e+06
2.80176e+06
3.42657e+06
2.55126e+06
3.02065e+06
2.88408e+06
3.01766e+06
2.732e+06
2.73172e+06
2.82139e+06
2.26964e+06
2.4514e+06
2.44633e+06
2.15828e+06
2.51778e+06
2.21985e+06
2.21881e+06
2.38665e+06
2.86348e+06
2.57407e+06
2.57374e+06
2.63538e+06
2.63581e+06
2.37586e+06
2.39469e+06
2.96111e+06
2.64827e+06
2.55192e+06
2.3888e+06
2.59201e+06
2.75053e+06
2.15372e+06
2.02541e+06
2.02247e+06
2.02508e+06
2.07755e+06
2.07654e+06
2.07947e+06
2.30161e+06
2.47746e+06
2.47999e+06
2.20209e+06
2.24186e+06
2.56086e+06
2.24168e+06
2.27041e+06
2.44551e+06
2.45352e+06
2.15762e+06
2.22146e+06
2.5187e+06
2.21828e+06
3.51191e+06
3.69724e+06
3.00505e+06
3.40536e+06
3.56032e+06
3.17091e+06
3.34189e+06
3.56294e+06
3.58943e+06
3.03897e+06
3.31835e+06
3.37107e+06
3.17341e+06
3.47007e+06
3.67251e+06
4.09884e+06
4.0934e+06
3.51526e+06
3.60042e+06
3.55224e+06
4.00879e+06
3.34628e+06
2.77936e+06
2.79182e+06
3.1323e+06
3.19328e+06
2.95191e+06
3.16071e+06
4.94077e+06
3.07659e+06
3.47822e+06
5.1015e+06
5.26244e+06
3.18618e+06
4.69734e+06
4.95359e+06
5.12972e+06
3.08349e+06
3.47064e+06
4.70382e+06
3.18384e+06
5.28593e+06
9.14526e+06
3.20702e+07
6.98131e+06
3.16537e+07
8.09269e+06
8.02703e+06
3.27933e+07
3.81994e+06
2.79343e+06
2.80783e+06
3.56125e+06
3.5443e+06
2.9408e+06
3.606e+06
2.49662e+06
2.75105e+06
2.64029e+06
3.2004e+06
2.73307e+06
2.90341e+06
2.4647e+06
2.51051e+06
2.68804e+06
2.6883e+06
3.0748e+06
2.79163e+06
2.45891e+06
2.79237e+06
2.49663e+06
2.64132e+06
2.75034e+06
3.19852e+06
2.46587e+06
2.90137e+06
2.73328e+06
2.20596e+06
2.04159e+06
2.03245e+06
2.04189e+06
2.1071e+06
2.1071e+06
2.11299e+06
2.37704e+06
2.54505e+06
2.54405e+06
2.21903e+06
2.28766e+06
2.68206e+06
2.28727e+06
2.34835e+06
2.51309e+06
2.52218e+06
2.18993e+06
2.61811e+06
2.27066e+06
2.27469e+06
2.71062e+06
3.34096e+06
3.1648e+06
3.33911e+06
2.92372e+06
3.04992e+06
2.92547e+06
4.67854e+06
3.20466e+06
4.89351e+06
2.95634e+06
4.96719e+06
4.49802e+06
3.00729e+06
4.70435e+06
3.23142e+06
3.00329e+06
4.98095e+06
4.58843e+06
4.98396e+06
3.02521e+06
8.9032e+06
3.15768e+07
6.92022e+06
3.13776e+07
7.91287e+06
7.95407e+06
3.20179e+07
3.64529e+06
2.74445e+06
2.76866e+06
3.53336e+06
3.41154e+06
3.5562e+06
2.81818e+06
2.38243e+06
2.94457e+06
2.54016e+06
2.64025e+06
2.57245e+06
2.38137e+06
2.74809e+06
2.37298e+06
2.7908e+06
2.52457e+06
2.52286e+06
2.59676e+06
2.59534e+06
2.34024e+06
2.26027e+06
2.44004e+06
2.41169e+06
2.13724e+06
2.48559e+06
2.21605e+06
2.19483e+06
2.38963e+06
2.9834e+06
2.7046e+06
2.58289e+06
2.42199e+06
2.77569e+06
2.58839e+06
2.15697e+06
2.00751e+06
2.03039e+06
2.01731e+06
2.07376e+06
2.09391e+06
2.05978e+06
2.309e+06
2.47821e+06
2.51754e+06
2.2153e+06
2.24027e+06
2.26918e+06
2.57854e+06
2.27031e+06
2.41182e+06
2.46742e+06
2.15164e+06
2.24324e+06
2.49573e+06
2.19805e+06
3.25658e+06
2.97688e+06
3.25932e+06
2.8127e+06
3.0649e+06
2.91123e+06
3.13568e+06
3.2433e+06
3.12256e+06
3.58913e+06
2.93017e+06
3.23937e+06
3.21396e+06
2.96594e+06
3.43454e+06
3.84734e+06
3.99074e+06
3.40267e+06
3.45328e+06
3.68802e+06
3.39298e+06
3.1349e+06
2.64987e+06
2.72132e+06
3.03693e+06
3.07901e+06
2.8008e+06
3.01738e+06
3.39989e+06
3.81425e+06
3.859e+06
3.34435e+06
3.63463e+06
3.35999e+06
3.39142e+06
3.23878e+06
3.4592e+06
2.91427e+06
3.16208e+06
2.9884e+06
3.21066e+06
3.20686e+06
3.25014e+06
3.28561e+06
2.83288e+06
3.0131e+06
2.94604e+06
3.13921e+06
3.0899e+06
3.11122e+06
2.99285e+06
2.69063e+06
2.64894e+06
2.78987e+06
2.99501e+06
3.03945e+06
3.52377e+06
3.11949e+06
3.58209e+06
3.25174e+06
3.16964e+06
3.31137e+06
3.47287e+06
3.52727e+06
3.56486e+06
3.0982e+06
3.25497e+06
3.17296e+06
3.45394e+06
3.31418e+06
3.7077e+06
3.81885e+06
3.70144e+06
3.82581e+06
3.67323e+06
3.65794e+06
3.73331e+06
3.44808e+06
2.89635e+06
2.88215e+06
3.30912e+06
2.99061e+06
3.34263e+06
3.32492e+06
3.25636e+06
3.35177e+06
3.01731e+06
2.84747e+06
3.11002e+06
3.17023e+06
2.94602e+06
3.24075e+06
3.44204e+06
3.13013e+06
2.90996e+06
3.21084e+06
3.17959e+06
2.97777e+06
3.12535e+06
3.03352e+06
2.6716e+06
2.70433e+06
3.03014e+06
3.05738e+06
2.80053e+06
2.39505e+06
2.55644e+06
2.82157e+06
2.55614e+06
2.62341e+06
2.36903e+06
2.62383e+06
2.45332e+06
2.62019e+06
2.95934e+06
2.71743e+06
2.64367e+06
2.76643e+06
2.46101e+06
2.5671e+06
2.89036e+06
3.01209e+06
3.01192e+06
2.73512e+06
2.73553e+06
2.85143e+06
2.45327e+06
2.95889e+06
2.61912e+06
2.71695e+06
2.46027e+06
2.64372e+06
2.76593e+06
2.19831e+06
2.04584e+06
2.04599e+06
2.07357e+06
2.12367e+06
2.09842e+06
2.12377e+06
2.30167e+06
2.44423e+06
2.47624e+06
2.17755e+06
2.26308e+06
2.22921e+06
2.52124e+06
2.36536e+06
2.59684e+06
2.59699e+06
2.27122e+06
2.31396e+06
2.66759e+06
2.31399e+06
3.48778e+06
3.21412e+06
3.09115e+06
3.56209e+06
3.44402e+06
3.27525e+06
3.13525e+06
3.67192e+06
3.81511e+06
3.66963e+06
3.81427e+06
3.63857e+06
3.63898e+06
3.71495e+06
3.41181e+06
2.87604e+06
2.87624e+06
3.30148e+06
3.3165e+06
2.95772e+06
3.31655e+06
2.46428e+06
2.63485e+06
2.73704e+06
3.00135e+06
2.67355e+06
2.79043e+06
2.46958e+06
2.43859e+06
2.62132e+06
2.62141e+06
2.90918e+06
2.69788e+06
2.40951e+06
2.69817e+06
2.46417e+06
2.63603e+06
2.73825e+06
3.00272e+06
2.47048e+06
2.79107e+06
2.67448e+06
2.19691e+06
2.03828e+06
2.0381e+06
2.07456e+06
2.12238e+06
2.09647e+06
2.12233e+06
2.3129e+06
2.49176e+06
2.47716e+06
2.17358e+06
2.54766e+06
2.24571e+06
2.26453e+06
2.3694e+06
2.61065e+06
2.61111e+06
2.28067e+06
2.32006e+06
2.67581e+06
2.31986e+06
2.59745e+06
3.08393e+06
2.99427e+06
3.08517e+06
2.78774e+06
2.88619e+06
2.7894e+06
3.50682e+06
3.11124e+06
3.57614e+06
3.25912e+06
3.16963e+06
3.30187e+06
3.46488e+06
3.50745e+06
3.57518e+06
3.11249e+06
3.26004e+06
3.46485e+06
3.17027e+06
3.30105e+06
3.67587e+06
3.81868e+06
3.71584e+06
3.8198e+06
3.69797e+06
3.65904e+06
3.65971e+06
3.42386e+06
2.89243e+06
2.89292e+06
3.33067e+06
3.33462e+06
2.96765e+06
3.33482e+06
2.29584e+06
2.42755e+06
2.46726e+06
2.16736e+06
2.51539e+06
2.22071e+06
2.25612e+06
2.59035e+06
2.9068e+06
3.05723e+06
3.06228e+06
2.74993e+06
2.75714e+06
2.88081e+06
2.46546e+06
2.62335e+06
2.99048e+06
2.73682e+06
2.65745e+06
2.46565e+06
2.7911e+06
2.45788e+06
2.99029e+06
2.6172e+06
2.72204e+06
2.45151e+06
2.65934e+06
2.78866e+06
2.18843e+06
2.03841e+06
2.03514e+06
2.06068e+06
2.0858e+06
2.11787e+06
2.11042e+06
2.28939e+06
2.43624e+06
2.46954e+06
2.16594e+06
2.21875e+06
2.24544e+06
2.51833e+06
2.37323e+06
2.61034e+06
2.59801e+06
2.26001e+06
2.31699e+06
2.30595e+06
2.68742e+06
3.28835e+06
3.30622e+06
3.02081e+06
2.84926e+06
3.11633e+06
3.17268e+06
2.95816e+06
3.28104e+06
3.17131e+06
2.92335e+06
3.48711e+06
3.23367e+06
3.00414e+06
3.2414e+06
3.45963e+06
3.88799e+06
3.44184e+06
3.95745e+06
3.46071e+06
3.43067e+06
3.72926e+06
3.15617e+06
2.67289e+06
2.71674e+06
3.06182e+06
3.083e+06
3.04273e+06
2.81396e+06
3.52387e+06
3.25214e+06
3.58254e+06
3.11877e+06
3.31179e+06
3.47298e+06
3.17071e+06
3.5275e+06
3.25607e+06
3.09853e+06
3.56509e+06
3.45452e+06
3.17424e+06
3.31381e+06
3.70771e+06
3.82691e+06
3.70214e+06
3.81945e+06
3.67408e+06
3.65795e+06
3.73369e+06
3.44852e+06
2.89642e+06
2.88272e+06
3.30954e+06
3.34331e+06
3.32502e+06
2.99163e+06
3.24494e+06
2.93117e+06
3.12384e+06
3.59087e+06
3.21498e+06
2.96744e+06
3.23904e+06
3.25652e+06
2.81297e+06
2.97659e+06
3.25974e+06
3.13613e+06
2.9108e+06
3.06469e+06
3.43369e+06
3.40346e+06
3.98742e+06
3.84798e+06
3.39359e+06
3.6865e+06
3.45096e+06
5.06559e+06
5.02612e+06
2.40951e+07
2.69512e+07
4.78411e+06
2.57725e+07
5.53773e+06
4.25742e+06
3.54812e+06
4.11045e+06
4.9233e+06
3.7395e+06
4.30761e+06
3.24508e+06
3.50401e+06
3.58435e+06
5.80032e+06
4.30425e+06
4.77453e+06
3.7068e+06
3.79258e+06
3.65524e+06
3.68317e+06
5.32997e+06
4.43721e+06
3.78559e+06
4.52734e+06
3.61699e+06
7.48757e+06
5.6743e+06
2.84041e+07
2.9316e+07
5.87902e+06
7.45884e+06
2.74232e+07
6.80996e+06
4.73029e+06
3.6895e+06
4.94326e+06
3.81009e+06
4.83321e+06
5.04368e+06
7.59984e+06
5.84849e+06
6.77732e+06
6.22354e+06
6.92095e+06
6.32666e+06
7.37058e+06
5.94246e+06
2.75051e+07
9.27111e+06
2.87563e+07
8.01349e+06
2.75229e+07
6.86203e+06
7.6041e+06
3.57845e+06
6.5376e+06
6.36116e+06
5.30284e+06
5.47749e+06
4.28213e+06
8.23306e+06
8.24403e+06
6.11833e+06
7.34879e+06
7.26199e+06
6.57401e+06
9.62833e+06
9.5756e+06
1.13607e+07
9.15482e+06
9.35086e+06
7.15888e+06
7.31504e+06
8.91685e+06
8.2872e+06
6.72604e+06
7.24109e+06
7.5499e+06
6.99153e+06
7.86723e+06
7.61068e+06
7.71394e+06
9.26378e+06
7.58986e+06
6.9654e+06
7.6878e+06
7.58484e+06
1.10358e+07
1.31031e+07
1.28318e+07
1.05438e+07
1.03148e+07
9.34151e+06
7.95272e+06
1.24101e+07
7.39016e+06
5.38787e+06
7.78629e+06
6.69392e+06
7.653e+06
7.94215e+06
5.47781e+06
6.95886e+06
6.56765e+06
5.54997e+06
6.55256e+06
4.9981e+06
5.39276e+06
6.40151e+06
6.67823e+06
6.69515e+06
5.34085e+06
6.61178e+06
6.6146e+06
4.92599e+06
5.34181e+06
6.41579e+06
6.16354e+06
7.59765e+06
6.28378e+06
6.81087e+06
5.83374e+06
5.65384e+06
6.92957e+06
6.23843e+06
7.42105e+06
6.13683e+06
5.74629e+06
6.9382e+06
6.83386e+06
5.61223e+06
6.34632e+06
6.32983e+06
6.84236e+06
6.62202e+06
6.2274e+06
6.709e+06
6.49368e+06
6.82935e+06
6.57496e+06
6.42869e+06
6.4331e+06
6.77474e+06
6.28878e+06
6.83442e+06
7.88381e+06
7.80191e+06
8.26993e+06
6.76596e+06
7.29101e+06
7.15512e+06
7.00147e+06
8.42464e+06
7.89252e+06
7.95662e+06
7.43195e+06
7.0923e+06
6.83039e+06
7.25582e+06
4.75062e+06
1.09853e+07
1.10085e+07
1.04215e+07
7.10575e+06
9.97352e+06
6.87148e+06
3.33545e+06
9.18066e+06
1.06654e+07
1.12724e+07
4.72455e+06
6.20281e+06
1.19573e+07
7.47724e+06
9.67664e+06
1.05167e+06
1.12927e+07
3.32476e+07
2.24612e+07
3.2357e+07
6.17719e+06
3.76565e+06
2.77703e+07
9.60652e+06
7.62439e+06
1.16402e+07
6.48861e+06
1.20223e+07
7.40509e+06
3.76233e+06
4.39118e+06
5.90185e+06
3.60315e+06
3.60678e+06
5.03234e+06
4.87276e+06
3.80916e+06
4.41973e+06
3.60949e+06
4.45627e+06
5.28078e+06
3.6796e+06
5.15314e+06
3.60266e+06
6.55483e+06
1.37643e+07
1.02522e+07
253262
3.49067e+06
564935
1.62682e+07
9.44094e+06
2.93764e+07
2.77141e+07
6.00858e+06
2.93642e+07
8.18792e+06
6.90916e+06
3.5063e+06
5.15597e+06
5.3622e+06
6.25638e+06
6.47964e+06
8.76426e+06
4.24544e+06
6.17581e+06
9.4174e+06
8.22183e+06
8.39932e+06
1.0699e+07
6.61091e+06
7.19757e+06
7.61664e+06
8.07803e+06
7.53674e+06
4.70059e+06
6.22e+06
1.0265e+07
5.48339e+06
8.06991e+06
6.24769e+06
6.31199e+06
7.22137e+06
8.63904e+06
9.41853e+06
6.81297e+06
6.83981e+06
8.48407e+06
6.86058e+06
4.85107e+06
6.48863e+06
9.29577e+06
4.98566e+06
1.28138e+07
9.92492e+06
7.25346e+06
8.73858e+06
1.49729e+07
1.16628e+07
1.21644e+07
1.45712e+07
1.32423e+07
3.34286e+07
3.21809e+07
1.65336e+07
3.37862e+07
1.14648e+07
1.2222e+07
3.70181e+07
1.2103e+07
2.81856e+07
1.69208e+07
3.26984e+07
8.67956e+06
8.33913e+06
1.6071e+07
8.40063e+06
8.41318e+06
1.19086e+07
1.176e+07
5.99613e+06
1.0332e+07
7.85952e+06
9.26917e+06
1.26401e+07
1.23627e+07
1.30654e+07
1.48582e+07
1.28087e+07
1.03588e+07
1.0267e+07
1.03694e+07
1.27429e+07
8.12602e+06
1.29436e+07
1.23877e+07
9.26161e+06
1.06069e+07
1.07971e+07
1.17176e+07
8.46061e+06
1.19722e+07
4.24039e+06
7.30954e+06
4.06082e+06
4.87336e+06
4.77762e+06
7.41129e+06
8.43498e+06
9.22278e+06
7.83546e+06
4.11591e+06
4.1797e+06
3.94616e+06
4.39034e+06
4.56087e+06
4.61862e+06
4.29937e+06
4.16544e+06
3.9219e+06
4.09904e+06
4.34424e+06
4.36179e+06
4.51136e+06
4.21377e+06
2.91028e+07
1.3266e+07
9.42312e+06
1.23124e+07
351270
7.30462e+06
8.89638e+06
1.78805e+06
1.3366e+07
6.86446e+06
4.6996e+06
3.58609e+06
4.75811e+06
3.72992e+06
4.5694e+06
6.58283e+06
4.88668e+06
6.79119e+06
3.60744e+06
4.65775e+06
3.73727e+06
4.55554e+06
6.56336e+06
7.46779e+06
7.41204e+06
7.59212e+06
5.97891e+06
6.03775e+06
5.97593e+06
5.96245e+06
6.20545e+06
7.73514e+06
6.2651e+06
7.55262e+06
7.5676e+06
6.05662e+06
6.0905e+06
1.08781e+07
496604
1.89147e+06
8.11423e+06
1.51811e+07
7.38393e+06
7.83285e+06
9.21132e+06
334411
2.04794e+06
8.16289e+06
9.8774e+06
2.2538e+06
338720
1.10225e+07
8.77241e+06
1.15531e+07
9.03434e+06
6.68377e+06
6.60266e+06
8.68387e+06
1.18066e+07
9.01592e+06
6.83084e+06
8.54655e+06
1.11618e+07
6.66536e+06
8.77146e+06
7.25126e+06
9.48227e+06
8.94286e+06
7.0749e+06
8.99841e+06
1.13775e+07
1.20299e+07
7.07418e+06
9.30981e+06
7.23468e+06
9.36668e+06
8.95398e+06
1.12831e+07
1.18583e+07
8.66701e+06
8.28949e+06
8.73141e+06
9.97105e+06
9.68142e+06
1.04377e+07
9.21529e+06
8.55038e+06
8.20845e+06
1.03415e+07
1.11241e+07
9.59483e+06
1.14274e+07
9.11935e+06
8.28111e+06
1.04736e+07
1.01783e+07
1.09927e+07
9.39226e+06
9.04232e+06
1.1279e+07
8.63036e+06
8.40393e+06
8.97484e+06
9.88213e+06
9.50687e+06
9.11431e+06
1.02665e+07
2.79301e+07
2.92993e+07
4.26503e+06
4.21557e+06
3.37011e+07
7.3553e+06
7.76126e+06
3.49317e+07
4.32688e+06
4.36905e+06
4.36268e+06
4.938e+06
4.79551e+06
5.0423e+06
4.81127e+06
3.94314e+06
4.12215e+06
4.29561e+06
4.77385e+06
4.45384e+06
4.69548e+06
4.57906e+06
5.91451e+06
2.75442e+07
5.77585e+06
7.58728e+06
2.99068e+07
3.05064e+07
7.61749e+06
6.22941e+06
2.84885e+07
6.07579e+06
7.82732e+06
3.19577e+07
8.2928e+06
3.12338e+07
6.97817e+06
6.03345e+06
8.95407e+06
7.45804e+06
6.12861e+06
8.9301e+06
6.95891e+06
7.2223e+06
6.48715e+06
7.59628e+06
9.55941e+06
7.57648e+06
6.28726e+06
9.16143e+06
1.06491e+07
3.2433e+07
1.39546e+07
3.39068e+07
1.37325e+07
3.27971e+07
1.08367e+07
1.09978e+07
3.44817e+07
3.44881e+07
1.46999e+07
1.17254e+07
1.40718e+07
3.35831e+07
1.06352e+07
7.64454e+06
1.01079e+07
1.1455e+07
4.72375e+06
1.1444e+07
5.36336e+06
1.39123e+07
1.34869e+07
1.16017e+07
1.31761e+07
1.07656e+07
1.34647e+07
1.14516e+07
4.86868e+06
1.14042e+07
1.04462e+07
7.58e+06
1.0004e+07
1.13796e+07
5.37422e+06
1.37496e+07
1.0946e+07
1.21126e+07
1.33626e+07
1.14879e+07
1.30777e+07
1.14304e+07
2.94225e+07
1.55995e+07
1.51415e+07
1.42899e+07
1.87214e+07
1.38937e+07
2.03667e+07
1.10412e+07
1.04209e+07
1.28849e+07
1.15522e+07
9.8447e+06
1.15816e+07
1.0694e+07
2.87887e+07
2.91801e+07
1.49059e+07
1.40931e+07
1.96552e+07
1.41952e+07
2.0523e+07
1.30749e+07
1.08063e+07
1.14816e+07
1.02983e+07
1.27574e+07
1.14638e+07
1.06276e+07
1.55544e+07
1.68101e+07
3.08333e+07
3.30086e+07
1.82245e+07
1.88334e+07
3.63981e+07
1.27727e+07
1.16262e+07
1.4708e+07
1.56592e+07
1.41267e+07
1.57465e+07
1.45788e+07
1.61485e+07
1.41315e+07
1.23582e+07
1.62216e+07
1.51479e+07
1.4274e+07
9.52644e+06
8.44917e+06
7.25552e+06
1.50965e+06
2.75551e+06
7.14301e+06
8.21377e+06
2.33346e+06
1.91647e+06
2.23538e+06
7.68488e+06
8.63908e+06
2.90863e+06
8.32123e+06
2.52339e+06
3.75532e+06
1.11463e+07
1.13554e+07
4.89849e+06
1.20981e+07
9.59633e+06
2.00376e+06
1.43973e+07
9.57613e+06
1.34246e+07
1.38288e+07
1.56337e+07
1.28865e+07
6.49161e+06
8.29316e+06
7.50669e+06
1.77874e+06
2.88026e+06
7.36871e+06
8.3778e+06
2.49342e+06
7.47869e+06
7.75867e+06
1.86447e+06
8.26424e+06
2.9467e+06
8.39828e+06
2.50051e+06
9.09334e+06
1.65564e+06
3.30318e+06
434072
8.33136e+06
2.16183e+06
4.15299e+06
8.55113e+06
368918
3.53365e+06
9.1076e+06
440589
2.19405e+06
4.20041e+06
7.20682e+06
1.22051e+06
645485
8.26177e+06
841343
1.6415e+06
8.26211e+06
7.00887e+06
2.84876e+06
935974
415526
5.95e+06
3.727e+06
1.37523e+06
2.91374e+06
6.02339e+06
959044
6.97649e+06
413821
3.71026e+06
1.36504e+06
7.99844e+06
6.02832e+06
904382
766518
6.49957e+06
1.48461e+06
7.89566e+06
389318
9.60183e+06
1.10156e+07
1.5651e+07
8.84005e+06
2.31948e+06
3.17372e+06
5.68852e+06
2.33873e+06
1.02344e+07
5.87423e+06
272423
590993
1.71843e+06
7.17524e+06
290367
2.20913e+06
4.51107e+06
258818
784734
422990
254739
1.45814e+06
253651
253925
292582
268026
324385
253245
253245
253245
253245
253245
253245
253245
253245
253245
253245
253245
253245
253245
253245
253245
253245
253245
253245
253245
253245
253245
253245
253245
253245
253245
253245
253245
253245
253245
253245
253245
253245
253245
253245
253245
253245
253245
253245
253245
253245
253245
253245
253245
253245
253254
253398
253245
253246
253245
253245
253262
253245
253245
253245
253245
253245
253245
253245
253245
253245
253245
253245
253245
253245
253245
253245
253245
253245
253245
253245
253245
253245
253245
253245
253245
253245
253245
253245
253245
253245
253245
253245
253245
253245
253245
253245
253245
253245
253245
253245
253245
253245
253245
253245
253245
253245
253245
253245
253245
253245
253245
253245
253245
253245
253245
253245
253245
253245
253245
253245
253245
253245
253245
253245
253245
253245
253245
253245
253245
253245
253245
253245
253245
253245
253245
253245
253245
253245
253245
253245
253245
253245
253245
253245
253245
253245
253245
253245
253245
253245
253245
253245
253245
253245
253245
253245
253245
253245
253245
253245
253245
253245
253245
253245
253245
253245
253245
253245
253245
253245
253245
253245
253245
253245
253245
253245
253245
253245
253245
253245
253245
253245
253847
253261
254253
253260
253245
253245
253272
253255
254318
253911
253245
253245
253273
253261
253245
253245
253245
253245
253245
8.80428e+06
8.98357e+06
253266
253245
253245
257063
253245
270177
253245
253245
253245
253245
253245
253245
253245
253245
253245
253245
253245
253245
253245
253245
253245
253245
253245
253245
253245
253245
1.04054e+06
253245
2.48043e+06
253245
255725
253245
253245
253245
253245
253245
253245
253245
253245
253245
253245
253245
253245
253245
253245
253245
253245
253245
253245
253245
253245
253245
253245
253245
253245
253245
253245
253245
253245
253245
253245
253245
253245
253245
253245
253245
253245
253245
253245
253245
253245
253245
253245
253245
253245
253245
253245
253245
253245
253245
253245
253245
253245
253245
253245
253245
253245
253245
253245
253245
253245
253245
253245
253245
253245
253245
253245
253245
253245
253245
253245
253245
253245
253245
253245
253245
253245
253245
253245
253245
253245
253245
253245
253245
253245
253245
253245
253245
253245
253245
253245
253245
253245
253245
253245
253245
253245
253245
253245
253245
253245
253245
253245
253245
253245
253245
253245
253245
253245
253245
253245
253245
253245
253245
253245
253245
253245
253245
253245
253245
253245
253245
253245
253245
253245
253245
253245
253245
253245
253245
253245
253245
253245
253245
253245
253245
253245
253245
253245
253245
253245
253245
253245
253245
253245
253245
253245
253245
253245
253245
253245
253245
253245
253245
253245
253245
253245
253245
253245
253245
253245
253245
253245
253245
253245
253245
253245
253245
253245
253245
253245
253245
253245
253245
253245
253245
253245
253245
253245
253245
253245
253245
253245
253245
253245
253245
253245
253245
253245
253245
253245
253245
253245
253245
253245
253245
253245
253245
253245
253245
253245
253245
253245
253245
253245
253245
253245
253245
253245
253245
253245
253245
253245
253245
253245
253245
253245
253245
253245
253245
253245
253245
253245
253245
253245
253245
253245
253245
253245
253245
253245
253245
253245
253245
253245
253245
253245
253245
253245
253245
253245
253245
253245
253245
253245
253245
253245
253245
253245
253245
253245
253245
253245
253245
253245
253245
253245
253245
253245
253245
253245
253245
253245
253245
253245
253245
253245
253245
253245
253245
253245
253245
253245
253245
253245
253245
253245
253245
253245
253245
253245
253245
253245
253245
253245
253245
253245
253245
253245
253245
253245
253245
253245
253245
253245
253245
253245
253245
253245
253245
253245
253245
253245
253245
253245
253245
253245
253245
253245
253245
253245
253245
253245
253245
253245
253245
253245
253245
253245
253245
253245
253245
253245
253245
253245
253245
253245
253245
253245
253245
253245
253245
253245
253245
253245
253245
253245
253245
253245
253245
253245
253245
253245
253245
253245
253245
253245
253245
253245
253245
253245
253245
253245
253245
253245
253245
253245
253245
253245
253245
253245
253245
253245
253245
253245
253245
253245
253245
253245
253245
253245
253245
253245
253245
253245
253245
253245
253245
253245
253245
253245
253245
253245
253245
253245
253245
253245
253245
253245
253245
253245
253245
253245
253245
253245
253245
253245
253245
253245
253245
253245
253245
253245
253245
253245
253245
253245
253245
253245
253245
253245
253245
253245
253245
253245
253245
253245
253245
253245
253245
253245
253245
253245
253245
253245
253245
253245
253245
253245
253245
253245
253245
253245
253245
253245
253245
253245
253245
253245
253245
253245
253245
253245
253245
253245
253245
253245
253245
253245
253245
253245
253245
253245
253245
253245
253245
253245
253245
253245
253245
253245
253245
253245
253245
253245
253245
253245
253245
253245
253245
253245
253245
253245
253245
253245
253245
253245
253245
253245
253245
253245
253245
253245
253245
253245
253245
253245
253245
253245
253245
253245
253245
253245
253245
253245
253245
253245
253245
253245
253245
253245
253245
253245
253245
253245
253245
253245
253245
253245
253245
253245
253245
253245
253245
253245
253245
253245
253245
253245
253245
253245
253245
253245
253245
253245
253245
253245
253245
253245
253245
253245
253245
253245
253245
253245
253245
253245
253245
253245
253245
253245
253245
253245
253245
253245
253245
253245
253245
253245
253245
253245
253245
253245
253245
253245
253245
253245
253245
253245
253245
253245
253245
253245
253245
253245
253245
253245
253245
253245
253245
253245
253245
253245
253245
253245
253245
253245
253245
253245
253245
253245
253245
253245
253245
253245
253245
253245
253245
253245
253245
253245
253245
253245
253245
253245
253245
253245
253245
253245
253245
253245
253245
253245
253245
253245
253245
253245
253245
253245
253245
253245
253245
253245
253245
253245
253245
253245
253245
253245
253245
253245
253245
253245
253245
253245
253245
253245
253245
253245
253245
253245
253245
253245
253245
253245
253245
253245
253245
253245
253245
253245
253245
253245
253245
253245
253245
253245
253245
253245
253245
253245
253245
253245
253245
253245
253245
253245
253245
253245
253245
253245
253245
253245
253245
253245
253245
253245
253245
253245
253245
253245
253245
253245
253245
253245
253245
253245
253245
253245
253245
253245
253245
253245
253245
253245
253245
253245
253245
253245
253245
253245
253245
253245
253245
253245
253245
253245
253245
253245
253245
253245
253245
253245
253245
253245
253245
253245
253245
253245
253245
253245
253245
253245
253245
253245
253245
253245
253245
253245
253245
253245
253245
253245
253245
253245
253245
253245
253245
253245
253245
253245
253245
253245
253245
253245
253245
253245
253245
253245
253245
253245
253245
253245
253245
253245
253245
253245
253245
253245
253245
253245
253245
253245
253245
253245
253245
253245
253245
253245
253245
253245
253245
253245
253245
253245
253245
253245
253245
253245
253245
253245
253245
253245
253245
253245
253245
253245
253245
253245
253245
253245
253245
253245
253245
253245
253245
253245
253245
253245
253245
253245
253245
253245
253245
253245
253245
253245
253245
253245
253245
253245
253245
253245
253245
253245
253245
253245
253245
253245
253245
253245
253245
253245
253245
253245
253245
253245
253245
253245
253245
253245
253245
253245
253245
253245
253245
253245
253245
253245
253245
253245
253245
253245
253245
253245
253245
253245
253245
253245
253245
253245
253245
253245
253245
253245
253245
253245
253245
253245
253245
253245
253245
253245
253245
253245
253245
253245
253245
253245
253245
253245
253245
253245
253245
253245
253245
253245
253245
253245
253245
253245
253245
253245
253245
253245
253245
253245
253245
253245
253245
253245
253245
253245
253245
253245
253245
253245
253245
253245
253245
253245
253245
253245
253245
253245
253245
253245
253245
253245
253245
253245
253245
253245
253245
253245
253245
253245
253245
253245
253245
253245
253245
253245
253245
253245
253245
253245
253245
253245
253245
253245
253245
253245
253245
253245
253245
253245
253245
253245
253245
253245
253245
253245
253245
253245
253245
253245
253245
253245
253245
253245
253245
253245
253245
253245
253245
253245
253245
253245
253245
253245
253245
253245
253245
253245
253245
253245
253245
253245
253245
253245
253245
253245
253245
253245
2.403e+06
254355
253245
253891
253318
253245
253245
331273
253245
254436
253909
253258
253245
253245
253246
253245
253245
253245
253245
253245
253245
253245
253245
253245
253245
253245
253245
253245
253245
253245
253245
253245
253245
253245
253245
253245
253245
253245
253245
253245
253245
253245
253245
253245
253245
253245
253245
253245
253245
253245
253245
253245
253245
253245
253245
253245
253245
253245
253245
253245
253245
253245
253245
253245
253245
253245
253245
253245
253245
253245
253245
253245
253245
253245
253245
253245
253245
253245
253245
253245
253245
253245
253245
253245
253245
253245
253245
253245
253245
253245
253245
253245
253245
253245
253245
253245
253245
253245
253245
253245
253245
253245
253245
253245
253245
253245
253245
253245
253245
253245
253245
253245
253245
253245
253245
253245
253245
253245
253245
253245
253245
253245
253245
253245
253245
253245
253245
253245
253245
253245
253245
253245
253245
253245
253245
253245
253245
253245
253245
253245
253245
253245
253245
253245
253245
253245
253245
253245
253245
253245
253245
253245
253245
253245
253245
253245
253245
253245
253245
253245
253245
253245
253245
253245
253245
253245
253245
253245
253245
253245
253245
253245
253245
253245
253245
253245
253245
253245
253245
253245
253245
253245
253245
253245
253245
253245
253245
253245
253245
253245
253245
253245
253245
253245
253245
253245
253245
253245
253245
253245
253245
253245
253245
253245
253245
253245
253245
253245
253245
253245
253245
253245
253245
253245
253245
253245
253245
253245
253245
253245
253245
253245
253245
253245
253245
253245
253245
253245
253245
253245
253245
253245
253245
253245
253245
253245
253245
253245
253245
253245
253245
253245
253245
253245
253245
253245
253245
253245
253245
253245
253245
253245
253245
253245
253245
253245
253245
253245
253245
253245
253245
253245
253245
253245
253245
253245
253245
253245
253245
253245
253245
253245
253245
253245
253245
253245
253245
253245
253245
253245
253245
253245
253245
253245
253245
253245
253245
253245
253245
253245
253245
253245
253245
253245
253245
253245
253245
253245
253245
253245
253245
253245
253245
253245
253245
253245
253245
253245
253245
253245
253245
253245
253245
253245
253245
253245
253245
253245
253245
253245
253245
253245
253245
253245
253245
253245
253245
253245
253245
253245
253245
253245
253245
253245
253245
253245
253245
253245
253245
253245
253245
253245
253245
253245
253245
253245
253245
253245
253245
253245
253245
253245
253245
253245
253245
253245
253245
253245
253245
253245
253245
253245
253245
253245
253245
253245
253245
253245
253245
253245
253245
253245
253245
253245
253245
253245
253245
253245
253245
253245
253245
253245
253245
253245
253245
253245
253245
253245
253245
253245
253245
253245
253245
253245
253245
253245
253245
253245
253245
253245
253245
253245
253245
253245
253245
253245
253245
253245
253245
253245
253245
253245
253245
253245
253245
253245
253245
253245
253245
253245
253245
253245
253245
253245
253245
253245
253245
253245
253245
253245
253245
253245
253245
253245
253245
253245
253245
253245
253245
253245
253245
253245
253245
253245
253245
253245
253245
253245
253245
253245
253245
253245
253245
253245
253245
253245
253245
253245
253245
253245
253245
253245
253245
253245
253245
253245
253245
253245
253245
253245
253245
253245
253245
253245
253245
253245
253245
253245
253245
253245
253245
253245
253245
253245
253245
253245
253245
253245
253245
253245
253245
253245
253245
254803
4.21178e+06
6.17313e+06
253245
253245
253245
253245
253245
253245
253245
253245
253245
253245
253245
253245
253245
253245
253245
253245
253245
253245
253245
253245
1.58336e+07
5.38236e+06
6.04874e+06
7.55837e+06
8.17666e+06
256536
276124
8.07672e+06
1.17331e+06
275359
2.25522e+06
7.7485e+06
276459
253723
5.5845e+06
8.15382e+06
1.00507e+07
260432
294802
3.54728e+07
8.03628e+06
291569
2.86651e+06
8.40018e+06
325382
254169
8.46416e+06
1.58949e+07
1.03328e+07
1.01785e+07
1.01481e+07
1.2851e+07
1.24635e+07
1.26287e+07
1.12184e+07
1.0798e+07
1.06096e+07
9.32615e+06
1.1997e+07
1.18001e+07
1.2426e+07
1.16409e+07
253325
1.11351e+07
1.1485e+07
1.00301e+07
1.02568e+07
1.24146e+07
1.00761e+07
9.47889e+06
253245
256775
4.57716e+06
1.13676e+07
253384
253247
256479
9.78468e+06
1.07413e+07
1.0179e+07
1.04955e+07
1.14422e+07
9.68425e+06
9.64898e+06
253270
253245
253246
442854
253246
266096
1.55488e+07
3.26338e+07
2.98111e+07
1.64824e+07
1.86531e+07
1.77193e+07
1.52309e+07
2.19096e+07
1.56588e+07
1.17872e+07
1.46939e+07
1.46383e+07
1.42926e+07
1.27918e+07
9.51281e+06
253245
254124
2.81112e+06
253272
370794
253245
253245
253356
253245
253245
253245
253245
253252
256134
2.79435e+07
1.3379e+07
1.73247e+07
2.56299e+07
1.66398e+07
1.04574e+07
1.22577e+07
1.35726e+07
1.18862e+07
1.09784e+07
1.24304e+07
1.32159e+07
8.49277e+06
4.70594e+06
1.85844e+06
5.77565e+06
1.51916e+06
1.11299e+07
1.17019e+07
7.49945e+06
7.75424e+06
7.54118e+06
1.49575e+06
1.80586e+06
1.0858e+07
1.20628e+07
5.86243e+06
6.03935e+06
7.48034e+06
1.51444e+06
1.85194e+06
1.11248e+07
1.16324e+07
5.75979e+06
6.16167e+06
1.40394e+06
5.89453e+06
1.75002e+06
1.07032e+07
1.17269e+07
7.32883e+06
7.45059e+06
8.22188e+06
2.18103e+06
2.59322e+06
1.14016e+07
1.29779e+07
8.14238e+06
8.11338e+06
8.22213e+06
2.28755e+06
2.70223e+06
1.1804e+07
1.26264e+07
8.23003e+06
8.403e+06
264571
253245
253245
253245
253245
253249
253245
253245
253520
253245
253252
253245
253245
253245
967985
1.16456e+06
6.15606e+06
3.22087e+06
410156
3.5073e+06
362026
5.81165e+06
6.22992e+06
934129
3.127e+06
412264
3.5583e+06
358090
1.14426e+07
4.75945e+06
1.19721e+07
5.56664e+06
5.46841e+06
899714
649876
1.20352e+07
4.53496e+06
5.53995e+06
4.43427e+06
5.47244e+06
892213
606543
1.09126e+07
8.51071e+06
9.29814e+06
3.07927e+06
3.35494e+06
2.11701e+06
376475
583315
4.62895e+06
807306
1.77967e+07
1.33616e+07
6.81493e+06
7.67634e+06
4.67428e+06
586873
374497
2.34596e+06
268369
294166
1.58095e+06
7.15022e+06
644111
887121
1.87481e+07
1.39434e+07
5.02689e+06
4.7521e+06
5.74765e+06
294422
720183
7.79649e+06
1.13686e+07
3.95754e+06
1.26329e+06
8.12668e+06
1.19341e+06
1.38292e+06
2.34136e+07
1.59286e+07
7.99495e+06
9.85363e+06
1.19369e+06
3.90573e+06
709572
7.62528e+06
1.1384e+07
5.71443e+06
2.17655e+06
6.61057e+06
348021
1.15247e+06
1.0141e+07
1.32056e+07
6.60002e+06
2.83288e+06
9.97519e+06
3.04883e+06
6.64477e+06
1.07185e+06
922904
364980
266705
1.56417e+06
4.21265e+06
477827
1.78644e+06
255785
486881
281361
253245
253246
253245
253245
253250
1.6152e+06
255285
1.92636e+06
253245
253245
253575
1.93135e+06
565822
726983
281750
296185
259465
256958
1.66013e+06
598785
735161
283742
296352
259627
257439
253245
253245
253245
253245
253245
253245
253245
253245
253245
253245
253245
253245
253245
253245
253245
253245
253245
253245
253245
253245
253245
253245
253245
253245
253245
253245
253245
253245
2.08651e+06
318475
352886
300120
325003
254276
254895
2.02085e+06
313550
347568
297910
322268
254227
254847
266897
1.133e+06
394626
550670
282572
256470
253565
253551
287932
253738
808082
264595
981261
260631
288831
253743
253553
803516
264747
997314
260566
319651
311987
254190
346240
254815
1.95445e+06
2.36268e+06
300331
318609
353092
254901
254279
2.09204e+06
2.4853e+06
256677
253389
259184
544230
723980
263822
259118
533561
259978
742974
264534
253333
259302
253411
258987
258315
253314
256165
503724
712375
263564
253324
511777
258612
259961
742754
264379
253409
253245
253245
253288
253245
253317
253245
253245
256225
253301
256220
3.90022e+06
426647
436157
256116
264160
255356
254583
253496
253399
253264
253276
1.25977e+06
265519
274935
261286
269037
253544
253368
1.02896e+06
254601
270234
254212
265258
253491
253265
253245
253245
253245
253245
253245
253245
253374
260947
253275
253335
477867
254093
255624
356038
258972
253251
253317
409001
253402
266994
255017
267584
265057
274224
253361
253529
1.20105e+06
980612
265057
254580
270138
253488
253264
1.02085e+06
328259
254473
253893
289154
2.09616e+06
359186
301627
254973
1.33292e+06
253888
319950
253592
286431
254610
253261
255165
253272
254601
2.27452e+06
310879
294856
254006
270091
255348
254619
253497
253402
253264
253276
254343
276896
294082
253745
253259
253530
253271
254534
253261
280582
255364
295443
253764
253272
254223
339497
253375
264704
254782
253432
253248
253245
253245
253247
253245
253245
253245
253245
253245
253257
253245
253245
253245
253245
253245
326257
253346
261723
253267
254754
253420
253247
292444
253433
256385
253276
253667
253278
253247
253251
253300
253669
253254
253857
253330
253246
253245
253245
253245
253245
253245
253245
253245
253254
253638
253851
253327
253246
253293
253246
254346
253381
253707
253257
253292
253251
253246
253652
253250
263127
253305
254876
253263
253246
253245
253245
253245
253245
253245
253245
253245
253265
255072
253280
253246
253245
253265
253280
253255
254292
253261
253261
253245
253272
253245
255150
253281
253266
253246
253245
253266
253281
254311
253261
253255
253261
253245
253273
253245
253247
253265
253421
253245
253284
253249
253245
256002
253276
253596
253249
253283
253250
253245
253292
253246
253291
253246
253279
253245
253246
253285
253245
253246
253266
255097
253283
253245
253277
253246
253291
253246
253245
255596
253290
253245
253245
253245
253245
253245
253245
253245
253245
253245
253245
253245
253245
253245
253245
253245
253245
253245
253245
253245
253245
253245
253245
253245
253245
253245
253245
253245
253245
253245
253245
253245
253245
253245
253245
253245
253245
253245
253245
253245
253245
253245
253245
253245
253245
253245
253245
253245
253245
253245
253245
253245
253245
253245
253245
253245
253245
253245
253245
253245
253245
253245
253245
253245
253245
253245
253245
253245
253245
253245
253245
253245
253245
253245
253245
253245
253247
253250
253387
253584
253250
253247
253245
253245
253250
253268
253529
253250
253245
253245
253252
253245
253402
253342
253246
253247
253245
253249
253245
253402
253341
253246
253247
253320
253246
253246
253247
253246
253245
253245
253282
253247
253246
253245
253246
253245
253245
253257
253245
253249
253247
253245
253245
253245
253249
253311
253421
253246
253247
253245
253245
253439
253246
253248
253249
253245
253245
253246
253401
253245
253247
253249
253245
253245
253245
253245
253245
253255
253252
253843
253269
253245
253247
253245
253248
253433
253247
253347
253248
253245
253245
253248
253334
253246
253429
253248
253245
253254
253952
253245
253246
253256
253245
253262
253245
253245
253251
253723
253255
253245
253392
253245
253250
253245
253247
253245
253245
253252
253249
253246
253245
253245
253245
253245
253245
253245
253245
253245
253245
253245
253245
253245
253245
253245
253245
253245
253245
253245
253245
253245
253271
253248
253245
253245
253245
253249
253245
253247
253245
253245
253245
253245
253246
253245
253245
253253
253273
253245
253245
253249
253245
253247
253245
253245
253245
253245
253246
253245
253245
253247
253268
253245
253245
253245
253249
253245
253252
253245
253245
253245
253251
253245
253245
253245
253249
253245
253245
253257
253245
253245
253245
253245
253245
253245
253246
253245
253245
253245
253245
253245
253245
253245
253245
253250
253245
253245
253245
253245
253245
253245
253246
253245
253245
253245
253245
253245
253245
253245
253245
253246
253245
253245
253245
253245
253245
253246
253245
253245
253245
253245
253245
253245
253245
253245
253245
253245
253245
253245
253245
253245
253245
253245
253245
253245
253245
253245
253245
253245
253245
253245
253245
253245
253245
253245
253246
253245
253245
253245
253245
253245
253245
253245
253245
253245
253245
253246
253245
253245
253245
253245
253245
253245
253245
253245
253245
253245
253245
253245
253245
253245
253245
253245
253245
253245
253245
253245
253245
253245
253245
253245
253245
253245
253245
253245
253245
253245
253245
253245
253245
253245
253245
253245
253245
253245
253245
253245
253245
253245
253245
253245
253245
253245
253245
253245
253245
253245
253245
253245
253245
253245
253245
253245
253245
253245
253245
253245
253245
253245
253245
253245
253245
253245
253245
253245
253245
253245
253245
253245
253245
253245
253245
)
;

boundaryField
{
    ground
    {
        type            calculated;
        value           nonuniform List<scalar> 
306
(
1.53094e+07
1.24727e+07
1.56139e+07
1.45689e+07
1.23917e+07
1.24411e+07
1.27799e+07
1.62988e+07
1.45408e+07
2.39634e+07
2.15531e+07
1.29035e+07
1.47464e+07
1.27707e+07
1.32513e+07
1.85944e+07
1.23338e+07
1.21508e+07
1.27387e+07
1.26815e+07
1.45404e+07
1.86679e+07
1.21704e+07
1.20329e+07
1.22898e+07
1.21373e+07
1.8637e+07
1.29058e+07
1.25343e+07
1.88465e+07
1.53929e+07
1.3345e+07
1.41265e+07
1.27984e+07
1.28798e+07
1.46976e+07
1.27508e+07
1.45157e+07
1.47136e+07
1.96472e+07
1.9936e+07
1.97057e+07
1.9569e+07
1.98638e+07
1.98445e+07
1.96692e+07
1.97751e+07
1.94162e+07
2.00903e+07
2.04421e+07
1.99277e+07
1.75799e+07
1.55674e+07
1.35881e+07
1.78168e+07
1.75464e+07
2.13019e+07
2.20748e+07
1.84772e+07
2.00997e+07
3.10639e+07
2.21302e+07
2.91443e+07
1.86487e+07
2.24808e+07
2.43236e+07
2.02296e+07
3.19571e+07
3.08636e+07
2.78775e+07
2.29713e+07
2.9413e+07
3.51054e+07
496398
644960
2.74326e+07
2.7697e+07
3.18017e+07
3.07537e+07
1.77127e+07
1.87833e+07
1.77134e+07
2.1741e+07
2.17353e+07
2.31609e+07
2.22289e+07
1.80381e+07
3.09767e+07
2.71956e+07
2.84937e+07
2.68532e+07
2.65881e+07
3.04908e+07
2.76091e+07
1.98971e+07
1.91285e+07
1.82298e+07
1.97435e+07
2.78179e+07
3.21169e+07
3.45939e+07
3.00068e+07
7.1254e+06
8.15278e+06
840129
765592
7.79323e+06
5.96693e+06
253245
253245
253245
253245
253245
253246
253245
253245
253245
253245
253245
253245
253245
253245
374449
253245
253245
253245
253245
253245
253245
253246
253245
253245
253245
253245
253245
253245
253245
253245
253245
253245
253245
253245
253245
253245
253245
253245
253245
253245
253245
253245
253245
253245
253245
253245
253245
253245
253245
253245
253245
253245
253245
253245
253245
253245
253245
253245
253245
253245
253245
253245
253245
253245
253245
253245
253245
253245
253245
253245
253245
253245
253245
253245
253245
253245
253245
253245
253245
253245
253245
253245
253245
253245
253245
253245
253245
253245
253245
253245
253247
1.03958e+06
253245
253245
253245
253245
253245
253245
253245
253245
253245
253245
253245
253245
253245
253245
253245
253245
253245
253245
253245
253245
253245
253245
253245
253245
253245
253245
253245
253245
253245
253245
253245
253245
253245
253245
253245
253245
253245
253245
253245
253245
253245
9.98295e+06
253275
8.12411e+06
2.69137e+07
253361
4.19135e+06
3.37544e+07
3.17626e+07
2.15947e+07
2.90366e+07
1.69764e+07
1.21075e+07
2.49825e+07
253245
253245
254346
268368
1.57712e+06
4.64014e+06
1.19214e+06
9.78812e+06
2.30721e+07
1.84777e+07
4.72728e+06
643824
1.75514e+07
7.62903e+06
583104
261286
253368
265518
256536
356013
254093
260432
979783
265057
253257
253246
253381
253245
253245
253245
253245
253245
253245
253245
253387
253247
253245
253245
253246
253311
253245
253246
253318
253245
253245
253245
253253
253245
253245
253245
253245
253245
)
;
    }
    outlet
    {
        type            calculated;
        value           nonuniform List<scalar> 0();
    }
    wall
    {
        type            calculated;
        value           nonuniform List<scalar> 
448
(
253245
253245
253245
253245
253245
253245
253245
253245
253245
253245
253245
253245
253245
253245
253245
253245
253245
253245
253245
253245
253245
253245
253245
253245
253245
253245
253245
253245
253245
253245
253245
253245
253245
253245
253245
253245
253245
253245
253245
253245
253245
253245
253245
253245
253245
253245
253245
253245
253245
253245
253245
253245
253245
253245
253245
253245
253245
253245
253245
253245
253245
253245
253245
253245
253245
253245
253245
253245
253245
253245
253245
253245
253245
253245
253245
253245
253245
253245
253245
253245
253245
253245
253245
253245
253245
253245
253245
253245
253245
253245
253245
253245
253245
253245
253245
253245
253245
253245
253245
253245
253245
253245
253245
253245
253245
253245
253245
253245
253245
253245
253245
253245
253245
253245
253245
253245
253245
253245
253245
253245
253245
253245
253245
253245
253245
253245
253245
253245
253245
253245
253245
253245
253245
253245
253245
253245
253245
253245
253245
253245
253245
253245
253245
253245
253245
253245
253245
253245
253245
253245
253245
253245
253245
253245
253245
253245
253245
253245
253245
253245
253245
253245
253245
253245
253245
253245
253245
253245
253245
253245
253245
253245
253245
253245
253245
253245
253245
253245
253245
253245
253245
253245
253245
253245
253245
253245
253245
253245
253245
253245
253245
253245
253245
253245
253245
253245
253245
253245
253245
253245
253245
253245
253245
253245
253245
253245
253245
253245
253245
253245
253245
253245
253245
253245
253245
253245
253245
253245
253245
253245
253245
253245
253245
253245
253245
253245
253245
253245
253245
253245
253245
253245
253245
253245
253245
253245
253245
253245
253245
253245
253245
253245
253245
253245
253245
253245
253245
253245
253245
253245
253245
253245
253245
253245
253245
253245
253245
253245
253245
253245
253245
253245
253245
253245
253245
253245
253245
253245
253245
253245
253245
253245
253245
253245
253245
253245
253245
253245
253245
253245
253245
253245
253245
253245
253245
253245
253245
253245
253245
253245
253245
253245
253245
253245
253245
253245
253245
253245
253245
253245
253245
253245
253245
253245
253245
253245
253245
253245
253245
253245
253245
253245
253245
253245
253245
253245
253245
253245
253245
253245
253245
253245
253245
253245
253245
253245
253245
253245
253245
253245
253245
253245
253245
253245
253245
253245
253245
253245
253245
253245
253245
253245
253245
253245
253245
253245
253245
253245
253245
253245
253245
253245
253245
253245
253245
253245
253245
253245
253245
253245
253245
253245
253245
253245
253245
253245
253245
253245
253245
253245
253245
253245
253245
253245
253245
253245
253245
253245
253245
253245
253245
253245
253245
253245
253245
253245
253245
253245
253245
253245
253245
253245
253245
253245
253245
253245
253245
253245
253245
253245
253245
253245
253245
253245
253245
253245
253245
253245
253245
253245
253245
253245
253245
253245
253245
253245
253245
253245
253245
253245
253245
253245
253245
253245
253245
253245
253245
253245
253245
253245
253245
253245
253245
253245
253245
253245
253245
253245
253245
253245
253245
253245
253245
253245
253245
253245
253245
253245
)
;
    }
    wall2
    {
        type            calculated;
        value           nonuniform List<scalar> 0();
    }
    wall3
    {
        type            calculated;
        value           nonuniform List<scalar> 0();
    }
    internalPatch
    {
        type            internal;
    }
    procBoundary5to0
    {
        type            processor;
        value           nonuniform List<scalar> 
238
(
253245
253245
253245
253245
253245
253245
253245
253245
253245
253245
253245
253245
253245
253245
253245
253245
253245
253245
253245
253245
253245
253245
253245
253245
253245
253245
253245
253245
253245
253245
253245
253245
253245
253245
253245
253245
253245
253245
253245
253245
253245
253245
253245
253245
253245
253245
253245
253271
256004
256004
333779
438642
743523
940400
1.00266e+06
804409
403404
265736
253662
824937
6.23313e+06
1.3546e+07
1.57032e+07
1.57032e+07
1.36463e+07
1.23882e+07
1.17664e+07
1.29383e+07
8.32994e+06
1.76682e+06
1.4413e+06
863060
385790
385790
254545
253260
253245
253245
253245
253245
253245
253245
253245
253245
253245
253245
253245
253245
253245
253245
253245
253245
253245
253245
253245
253245
253245
253245
253245
253245
253245
253245
253245
253245
253245
253245
253245
253245
253245
253245
253245
253245
253245
253245
253245
253245
253245
253245
253245
253245
253245
253245
253245
253245
253245
253245
253245
253245
253245
253245
253246
253324
259873
259873
273860
286089
289102
276541
258807
253690
253261
253245
253254
263906
927923
5.96654e+06
1.2434e+07
1.2434e+07
1.34368e+07
1.31689e+07
7.7897e+06
6.51493e+06
4.06533e+06
4.06533e+06
673594
257534
253292
253246
253245
253245
253245
253245
253245
253245
253245
253245
253245
253245
253245
253245
253245
253245
253245
253245
253245
253245
253245
253245
253245
253252
253249
253523
273860
286089
289102
276541
258807
253690
253261
253245
253245
253245
253245
253393
262090
253347
253246
253245
253245
253245
253245
253245
253245
253245
253245
253245
253245
253245
253245
253249
253252
253747
253715
253553
253315
253251
253245
253245
253245
253245
253245
253245
253245
253247
253245
253245
253245
253245
253245
253245
253245
253245
253246
253245
253245
253245
253245
253245
)
;
    }
    procBoundary5to1
    {
        type            processor;
        value           nonuniform List<scalar> 
223
(
253245
253245
253245
253245
253245
253245
253245
253245
253245
253245
253246
253245
253245
253245
253245
253245
253245
253245
253245
253245
253245
253245
253246
253245
253245
3.93405e+06
4.0076e+06
3.66948e+06
3.63192e+06
3.63192e+06
3.63192e+06
3.93405e+06
5.63764e+06
6.73111e+06
6.69111e+06
7.03918e+06
7.50781e+06
7.06384e+06
4.72909e+06
1.10088e+07
1.13866e+07
9.18093e+06
6.82246e+06
9.00859e+06
9.36151e+06
1.02448e+07
1.24764e+07
1.24764e+07
1.51837e+07
1.23028e+07
4.49284e+06
8.44326e+06
9.74041e+06
9.65844e+06
9.26825e+06
9.65185e+06
9.78331e+06
1.11954e+07
2.42491e+07
3.18475e+07
3.26876e+07
3.26876e+07
3.10622e+07
3.1324e+07
3.18849e+07
3.22369e+07
3.00945e+07
2.72072e+07
2.51657e+07
2.51657e+07
2.66803e+07
2.8331e+07
3.07669e+07
6.17556e+06
4.36186e+06
4.21878e+06
3.95207e+06
3.85702e+06
3.46766e+06
4.26916e+06
4.0827e+06
3.7286e+06
3.70708e+06
3.35465e+06
3.35465e+06
3.18789e+06
3.63192e+06
3.63192e+06
3.12846e+06
3.12846e+06
3.50461e+06
3.80656e+06
3.82632e+06
4.17739e+06
6.2004e+06
7.33713e+06
7.83712e+06
9.95954e+06
8.91309e+06
7.16027e+06
4.93842e+06
3.80143e+06
4.73542e+06
6.86826e+06
6.94374e+06
7.49617e+06
8.94849e+06
8.94849e+06
1.19493e+07
1.34072e+07
1.157e+07
1.04937e+07
1.00538e+07
1.19834e+07
1.59198e+07
1.58932e+07
1.28504e+07
1.28504e+07
1.10617e+07
1.04713e+07
1.03256e+07
7.97336e+06
6.28422e+06
5.51164e+06
5.04195e+06
5.04195e+06
5.04195e+06
5.31761e+06
5.73624e+06
4.09528e+06
3.76267e+06
3.76267e+06
3.55308e+06
3.55308e+06
3.55308e+06
3.11892e+06
3.35465e+06
3.35465e+06
3.02702e+06
2.94293e+06
2.94293e+06
3.2537e+06
3.11422e+06
3.48677e+06
3.98535e+06
4.34687e+06
4.20533e+06
4.47929e+06
6.16603e+06
6.21229e+06
6.4481e+06
7.32374e+06
7.32374e+06
9.55493e+06
8.64431e+06
8.19749e+06
1.03211e+07
7.9805e+06
7.9805e+06
6.92952e+06
6.69539e+06
6.76516e+06
4.93079e+06
4.4641e+06
4.02347e+06
3.69559e+06
3.21353e+06
3.21353e+06
5.04195e+06
5.04195e+06
3.40225e+06
3.68692e+06
3.68692e+06
3.68692e+06
3.31889e+06
3.76267e+06
3.76267e+06
3.55308e+06
3.06463e+06
2.95149e+06
3.04424e+06
2.85854e+06
2.73859e+06
2.73859e+06
2.72232e+06
3.0869e+06
3.46591e+06
4.03346e+06
4.08619e+06
4.47981e+06
4.81481e+06
4.68178e+06
6.03303e+06
6.02373e+06
6.27397e+06
6.82656e+06
6.82656e+06
6.47287e+06
6.47287e+06
6.00824e+06
5.84293e+06
5.95139e+06
4.09412e+06
3.55396e+06
3.16259e+06
3.34152e+06
3.0057e+06
3.0057e+06
3.16958e+06
3.68692e+06
3.17478e+06
3.03847e+06
3.15959e+06
2.79137e+06
2.73678e+06
2.72232e+06
2.75953e+06
2.75953e+06
3.13096e+06
3.5139e+06
2.78116e+06
2.78116e+06
2.95321e+06
)
;
    }
    procBoundary5to2
    {
        type            processor;
        value           nonuniform List<scalar> 
102
(
520839
1.32805e+06
1.32805e+06
520839
277784
277784
253516
256151
271365
313503
2.2002e+06
2.2002e+06
2.90283e+06
2.09662e+06
1.01031e+06
359457
502785
598109
1.64674e+06
2.7256e+06
3.30864e+06
3.48775e+06
6.68851e+06
6.31468e+06
6.52188e+06
5.35533e+06
5.35533e+06
5.4818e+06
5.80477e+06
6.30766e+06
6.20559e+06
6.22328e+06
6.32434e+06
5.8459e+06
5.54828e+06
5.39369e+06
5.39369e+06
6.56624e+06
6.34012e+06
6.70232e+06
3.75907e+06
3.70166e+06
3.45484e+06
2.78029e+06
2.78029e+06
376211
254994
253272
253285
253284
253273
253257
253248
253245
253245
253248
253280
253479
254083
255016
376027
2.74805e+06
2.74805e+06
3.31644e+06
3.47759e+06
3.20427e+06
2.54053e+06
1.43784e+06
3.57946e+06
3.54157e+06
6.68174e+06
6.24856e+06
6.40358e+06
4.96755e+06
4.96755e+06
4.96755e+06
5.35532e+06
5.64057e+06
5.6746e+06
5.38512e+06
5.00149e+06
5.00149e+06
5.00149e+06
6.39547e+06
6.21966e+06
6.61548e+06
3.77729e+06
3.76206e+06
3.63079e+06
3.06199e+06
3.06199e+06
424118
255767
255698
418416
3.00171e+06
3.00171e+06
3.50559e+06
5.00149e+06
4.96755e+06
4.96755e+06
5.00149e+06
)
;
    }
    procBoundary5to3
    {
        type            processor;
        value           nonuniform List<scalar> 
446
(
253245
253245
253245
253245
253245
253245
253245
253245
253245
253245
253245
253245
253245
253245
253245
253245
253245
253247
253391
264709
1.0404e+06
6.40425e+06
7.84161e+06
7.79352e+06
7.4297e+06
7.25135e+06
6.82585e+06
6.83094e+06
5.61088e+06
3.92584e+06
3.9632e+06
4.04128e+06
4.11259e+06
4.31137e+06
5.04224e+06
4.94236e+06
4.93739e+06
5.03448e+06
3.65281e+06
4.01334e+06
4.28373e+06
4.5037e+06
4.43119e+06
6.59873e+06
3.14025e+07
3.00385e+07
2.838e+07
2.74657e+07
2.58751e+07
2.42265e+07
2.36208e+07
2.34959e+07
2.36447e+07
2.43769e+07
2.56445e+07
2.78763e+07
3.04456e+07
3.258e+07
3.55428e+07
3.52121e+07
2.78445e+07
1.51995e+07
3.08622e+06
303769
255570
258769
259802
257232
257232
253288
253245
253245
253245
253245
253245
253245
253245
253245
253245
253245
253245
253245
253245
253245
253245
253245
253245
253245
253245
253245
253245
253245
253245
253245
253245
253245
253260
254441
361743
3.41664e+06
1.09532e+07
1.16251e+07
9.51923e+06
7.84467e+06
7.09097e+06
6.93663e+06
5.74515e+06
3.95776e+06
3.60326e+06
3.59417e+06
3.59417e+06
3.62431e+06
3.62431e+06
3.65477e+06
3.73971e+06
3.55012e+06
3.68729e+06
3.80835e+06
3.79942e+06
4.20508e+06
4.34824e+06
4.34824e+06
4.48109e+06
4.48109e+06
4.46595e+06
6.28056e+06
5.8781e+06
5.67424e+06
5.02787e+06
4.78877e+06
4.62434e+06
4.64694e+06
4.64694e+06
4.69678e+06
4.69678e+06
4.83179e+06
5.17145e+06
5.61284e+06
6.7319e+06
9.31874e+06
1.29023e+07
1.58081e+07
1.64724e+07
1.23654e+07
3.95069e+06
396868
261907
274460
278908
268171
268171
253432
253247
253245
253245
253245
253245
253245
253245
253245
253245
253245
253245
253245
253245
253245
253245
253245
253245
253245
253248
253245
253246
253325
260360
873184
6.63942e+06
1.37043e+07
1.3393e+07
1.05189e+07
8.3632e+06
7.30759e+06
6.03935e+06
3.98728e+06
3.65361e+06
3.58802e+06
3.26147e+06
3.26147e+06
3.1308e+06
3.59417e+06
3.59417e+06
3.62431e+06
3.62431e+06
3.16178e+06
3.2832e+06
3.2832e+06
3.62704e+06
3.83473e+06
3.99864e+06
4.19693e+06
4.27478e+06
4.34824e+06
4.34824e+06
4.48109e+06
4.48109e+06
4.26261e+06
4.15847e+06
3.82347e+06
3.63713e+06
3.50441e+06
3.22187e+06
3.22187e+06
3.10615e+06
4.64694e+06
4.64694e+06
4.69678e+06
4.69678e+06
3.13367e+06
3.3502e+06
3.3502e+06
3.74762e+06
4.02614e+06
4.09435e+06
5.64242e+06
8.10214e+06
1.02903e+07
1.17381e+07
1.12233e+07
4.86873e+06
635068
279312
318160
330871
295211
295211
253859
253254
253261
253245
253245
253245
253245
253245
253247
253245
253260
253246
253245
253246
253246
253245
253245
253245
253245
253245
253245
253245
253260
253245
253254
253535
279500
1.8408e+06
8.97604e+06
1.44806e+07
1.38054e+07
1.06125e+07
7.9875e+06
6.54384e+06
4.20049e+06
3.42754e+06
3.77376e+06
3.81882e+06
3.42473e+06
3.42473e+06
3.01688e+06
3.26147e+06
3.26147e+06
2.978e+06
2.91136e+06
3.09686e+06
3.11016e+06
2.91368e+06
2.98797e+06
3.2832e+06
3.2832e+06
3.01388e+06
3.38454e+06
3.38454e+06
3.76317e+06
4.11444e+06
4.27478e+06
4.27478e+06
4.27478e+06
4.26261e+06
4.26261e+06
4.26261e+06
4.05738e+06
3.7235e+06
3.35266e+06
3.35266e+06
2.9797e+06
3.22187e+06
3.22187e+06
2.9474e+06
2.88806e+06
3.07359e+06
3.0756e+06
2.8933e+06
2.97472e+06
3.3502e+06
3.3502e+06
3.07765e+06
3.53079e+06
3.53079e+06
3.98301e+06
4.13053e+06
4.98765e+06
6.84545e+06
8.08454e+06
9.26394e+06
1.00415e+07
5.26643e+06
829481
298193
362914
378930
318218
318218
254244
254250
253261
253255
253861
253401
264469
254320
253293
253293
253337
253248
253248
253245
253245
253245
253264
254358
313981
253944
2.61358e+06
9.49038e+06
1.36663e+07
1.32582e+07
1.0278e+07
7.60935e+06
5.43357e+06
3.50686e+06
3.62297e+06
3.92109e+06
4.73948e+06
6.68929e+06
8.09802e+06
9.35911e+06
1.0195e+07
5.5931e+06
929676
306255
374292
381863
318682
318682
294339
294339
264469
254320
255281
255298
253337
253289
253246
253261
254370
334576
2.47315e+06
7.71955e+06
1.08513e+07
1.22824e+07
1.00592e+07
7.54781e+06
5.29673e+06
4.61319e+06
6.55999e+06
8.44106e+06
1.01413e+07
1.07953e+07
5.43168e+06
815635
290594
332365
333173
274366
274640
263975
254262
271397
253929
309512
1.3998e+06
3.93325e+06
438727
3.53079e+06
3.42473e+06
3.42473e+06
2.96175e+06
2.84824e+06
2.94552e+06
2.79867e+06
2.70393e+06
2.69084e+06
2.79035e+06
2.94757e+06
2.83331e+06
2.9377e+06
3.38454e+06
3.38454e+06
3.35266e+06
3.35266e+06
2.91274e+06
2.81581e+06
2.91464e+06
2.78091e+06
2.69244e+06
2.69916e+06
2.82117e+06
2.96877e+06
2.88307e+06
3.00173e+06
3.53079e+06
2.6834e+06
2.67214e+06
2.68563e+06
2.65963e+06
2.6492e+06
2.64626e+06
2.66154e+06
2.68512e+06
)
;
    }
    procBoundary5to4
    {
        type            processor;
        value           uniform 253245;
    }
}


// ************************************************************************* //
