/*--------------------------------*- C++ -*----------------------------------*\
  =========                 |
  \\      /  F ield         | OpenFOAM: The Open Source CFD Toolbox
   \\    /   O peration     | Website:  https://openfoam.org
    \\  /    A nd           | Version:  9
     \\/     M anipulation  |
\*---------------------------------------------------------------------------*/
FoamFile
{
    format      ascii;
    class       volVectorField;
    location    "0.0002";
    object      rhoU;
}
// * * * * * * * * * * * * * * * * * * * * * * * * * * * * * * * * * * * * * //

dimensions      [1 -2 -1 0 0 0 0];

internalField   nonuniform List<vector> 
2273
(
(1.86142e-06 -3.0521e-07 6.25608e-08)
(8.7162e-10 -7.79065e-11 2.55693e-11)
(8.12687e-12 -7.31985e-13 1.73685e-13)
(0.000223273 -2.04526e-06 4.34383e-06)
(4.70491e-09 2.65247e-11 1.39109e-10)
(4.43076e-11 1.60584e-13 9.48839e-13)
(2.48458e-06 4.58541e-07 7.40527e-08)
(1.12695e-09 1.42611e-10 2.7681e-11)
(8.77564e-12 1.0613e-12 1.33751e-13)
(3.26863e-07 3.31452e-07 9.34443e-09)
(1.87209e-09 1.12995e-09 6.55368e-11)
(1.98914e-11 9.18077e-12 4.24103e-13)
(1.43014e-13 5.08658e-14 1.61478e-15)
(1.21155e-09 1.61479e-09 6.28599e-11)
(1.99163e-11 1.90164e-11 5.95095e-13)
(2.0207e-13 1.44956e-13 3.10995e-15)
(4.78453e-16 1.19613e-16 0)
(9.08683e-12 1.70734e-11 4.19563e-13)
(1.53606e-13 1.94572e-13 3.22956e-15)
(4.77811e-16 4.78025e-16 0)
(0 0 0)
(1.57771e-12 7.04192e-12 1.25034e-13)
(5.61169e-14 1.38778e-13 -7.12133e-15)
(1.19613e-16 4.78025e-16 0)
(8.47819e-49 0 0)
(0 0 0)
(5.96998e-15 4.78344e-14 1.7942e-16)
(-5.86664e-44 1.19613e-16 -9.09495e-15)
(1.37274e-56 0 0)
(6.32405e-46 0 0)
(0 0 0)
(8.6733e-09 -6.74419e-10 5.27556e-09)
(5.05751e-11 -3.21547e-12 1.68631e-11)
(3.4711e-13 -2.35312e-14 1.15886e-13)
(2.97488e-08 4.76659e-10 1.75847e-08)
(2.03501e-10 1.43213e-12 7.19525e-11)
(1.62699e-12 5.37317e-15 6.17036e-13)
(2.17197e-09 4.09054e-10 1.25889e-09)
(1.96277e-11 3.69491e-12 8.38716e-12)
(1.8373e-13 2.94531e-14 7.50736e-14)
(1.0175e-08 7.02079e-09 5.96673e-09)
(6.8108e-11 3.01458e-11 2.57086e-11)
(5.59544e-13 2.11834e-13 2.19349e-13)
(3.22956e-15 3.58669e-16 5.98066e-16)
(5.89932e-11 7.30037e-11 3.09786e-11)
(7.04134e-13 5.991e-13 3.16198e-13)
(5.60491e-15 3.34592e-15 1.43536e-15)
(0 0 0)
(4.02011e-13 6.78178e-13 2.47349e-13)
(5.00896e-15 5.61465e-15 1.43536e-15)
(1.79401e-50 0 0)
(0 0 0)
(7.24084e-14 3.46338e-13 9.01316e-14)
(1.3115e-15 4.65859e-15 7.1768e-16)
(4.51955e-58 0 0)
(1.16509e-47 0 0)
(0 0 0)
(7.28262e-38 9.56906e-16 1.34983e-16)
(-1.0418e-42 0 0)
(2.85031e-55 0 1.89271e-41)
(6.76735e-45 0 6.71421e-39)
(0 0 1.51786e-37)
(4.65772e-09 -5.79522e-10 5.81988e-09)
(5.21542e-11 -4.44716e-12 4.87007e-11)
(4.41807e-13 -2.91023e-14 2.77587e-13)
(2.15304e-15 0 8.971e-16)
(2.61479e-08 3.99809e-10 2.83695e-08)
(2.35092e-10 2.20244e-12 1.94643e-10)
(1.89836e-12 9.43252e-15 1.23317e-12)
(1.4234e-14 0 8.73177e-15)
(1.57763e-09 4.17494e-10 1.74643e-09)
(1.92814e-11 4.59346e-12 1.53179e-11)
(2.015e-13 3.69262e-14 1.28247e-13)
(7.1768e-16 7.53939e-28 2.99033e-16)
(4.75047e-11 3.17619e-11 5.53453e-11)
(5.40554e-13 2.56165e-13 4.15623e-13)
(4.41166e-15 8.36779e-16 2.27265e-15)
(0 0 0)
(4.83899e-13 5.79003e-13 5.27256e-13)
(5.60376e-15 4.77854e-15 4.12666e-15)
(2.54594e-52 0 0)
(0 0 0)
(3.22956e-15 5.40037e-15 3.83488e-15)
(2.07224e-63 0 0)
(1.37454e-49 0 0)
(0 0 0)
(3.09014e-16 2.87072e-15 1.00985e-15)
(-2.48184e-48 0 0)
(3.16368e-60 0 0)
(7.28706e-47 0 0)
(0 0 0)
(3.6674e-44 0 2.13288e-42)
(-1.99982e-45 0 3.44094e-42)
(6.99008e-58 0 -3.97207e-42)
(3.34958e-44 0 -8.02179e-37)
(0 0 -2.74041e-38)
(2.07415e-11 -2.44135e-12 3.38577e-11)
(3.12891e-13 -2.58727e-14 3.51037e-13)
(2.33289e-15 0 1.7942e-15)
(0 0 0)
(8.31301e-11 1.24295e-12 1.55694e-10)
(1.19438e-12 9.31222e-15 1.46026e-12)
(1.15104e-14 0 1.01617e-14)
(0 0 0)
(9.443e-12 2.9245e-12 1.45046e-11)
(1.4724e-13 3.2638e-14 1.57385e-13)
(4.78068e-16 1.84804e-22 7.1768e-16)
(0 5.97558e-25 0)
(2.68403e-13 1.83715e-13 4.16254e-13)
(2.62476e-15 7.17337e-16 3.46879e-15)
(5.56373e-54 0 0)
(0 0 0)
(2.15304e-15 2.78272e-15 3.8904e-15)
(-1.1342e-66 0 0)
(7.20758e-51 0 0)
(0 0 0)
(0 2.137e-18 3.95652e-18)
(3.13671e-63 0 0)
(4.02605e-48 0 0)
(0 0 0)
(1.11473e-18 0 3.94474e-18)
(-1.20111e-46 0 0)
(1.19082e-60 0 0)
(2.32755e-45 0 0)
(0 0 0)
(0 0 1.39479e-46)
(-6.74781e-44 0 0)
(4.20376e-58 0 0)
(1.11784e-42 0 8.51539e-35)
(0 0 0)
(3.5884e-16 2.99919e-16 1.94307e-15)
(0 0 5.34491e-19)
(6.88097e-96 0 0)
(0 0 0)
(0 2.14005e-19 2.29912e-18)
(0 0 0)
(0 0 0)
(0 0 0)
(0 0 0)
(0 0 0)
(0 0 0)
(0 0 0)
(2.67577e-21 0 0)
(0 0 0)
(0 0 0)
(0 0 0)
(0 0 0)
(0 0 -3.21303e-36)
(0 0 -1.06687e-33)
(0 0 -3.19385e-31)
(0 0 -1.39233e-29)
(0 0 -3.20447e-31)
(0 0 7.04317e-19)
(0 0 0)
(0 0 0)
(0 0 0)
(0 0 0)
(0 0 0)
(0 0 0)
(0 0 0)
(0 0 0)
(0 0 0)
(0 0 0)
(0 0 0)
(7.08875e-24 0 0)
(0 0 0)
(0 0 0)
(0 0 0)
(0 0 0)
(0 0 0)
(0 0 0)
(0 0 0)
(0 0 0)
(0 0 0)
(0 0 7.0049e-19)
(0 0 0)
(0 0 0)
(0 0 0)
(0 0 8.73626e-15)
(0 0 0)
(0 0 0)
(0 0 0)
(0 0 0)
(0 0 0)
(0 0 0)
(0 0 0)
(2.01695e-26 0 0)
(0 0 0)
(0 0 0)
(0 0 0)
(0 0 0)
(0 0 0)
(0 0 0)
(0 0 0)
(0 0 0)
(0 0 0)
(0 0 0)
(0 0 0)
(0 0 0)
(0 0 -3.39695e-16)
(0 0 0)
(0 0 0)
(0 0 0)
(6.61195e-29 0 -3.22971e-22)
(0 0 0)
(0 0 0)
(0 0 0)
(0 0 0)
(0 0 0)
(0 0 0)
(0 0 0)
(0 0 0)
(0 0 0)
(0 0 0)
(0 0 0)
(0 0 0)
(0 0 0)
(5.28702e-31 0 0)
(0 0 0)
(0 0 0)
(0 0 0)
(0 0 0)
(0 0 0)
(0 0 0)
(0 0 0)
(0 0 0)
(0 0 0)
(0 0 0)
(0 0 0)
(0 0 0)
(0 0 0)
(6.72791e-34 0 0)
(0 0 0)
(0 0 0)
(0 0 0)
(0 0 0)
(0 0 0)
(0 0 0)
(0 0 0)
(0 0 0)
(0 0 0)
(1.30703e-13 -1.04064e-14 2.31449e-13)
(6.16903e-16 0 1.91381e-15)
(1.97422e-97 0 0)
(0 0 0)
(3.52395e-13 4.18936e-15 8.12782e-13)
(4.63714e-15 0 9.0308e-15)
(5.67714e-96 0 0)
(0 0 0)
(5.70483e-14 1.46007e-14 1.11849e-13)
(0 3.76505e-17 5.3826e-16)
(9.03027e-95 8.54539e-20 0)
(0 1.70115e-22 0)
(0 0 7.24825e-16)
(0 0 0)
(0 0 0)
(0 0 0)
(5.98066e-16 6.42187e-19 3.72694e-15)
(0 0 0)
(0 0 0)
(0 0 0)
(0 5.10861e-18 2.97737e-16)
(0 8.74302e-21 0)
(0 1.1387e-23 0)
(0 1.14913e-26 0)
(0 0 0)
(0 0 0)
(0 0 0)
(0 0 0)
(0 0 6.41759e-19)
(0 0 0)
(0 0 0)
(0 0 0)
(0 0 2.45444e-26)
(0 0 0)
(0 0 0)
(0 0 0)
(0 0 0)
(0 0 0)
(0 0 0)
(0 0 0)
(0 0 0)
(0 0 0)
(0 0 0)
(0 0 0)
(0 0 0)
(0 0 0)
(0 0 0)
(0 0 0)
(0 0 0)
(0 0 0)
(0 0 0)
(0 0 0)
(0 0 -8.523e-15)
(0 0 0)
(0 0 0)
(0 0 0)
(0 0 0)
(0 0 0)
(0 0 0)
(0 0 0)
(0 0 0)
(0 0 0)
(0 0 0)
(0 0 0)
(0 0 0)
(0 0 0)
(0 0 0)
(0 0 0)
(0 0 0)
(0 0 0)
(0 0 0)
(0 0 0)
(0 0 0)
(0 0 0)
(0 0 0)
(0 0 0)
(0 0 0)
(0 0 0)
(0 0 0)
(0 0 0)
(0 0 0)
(0 0 0)
(0 0 0)
(0 0 0)
(0 0 0)
(0 0 0)
(0 0 0)
(0 0 0)
(0 0 0)
(0 0 0)
(0 0 0)
(0 0 0)
(0 0 0)
(-9.2594e-16 7.77486e-15 0)
(-3.27154e-14 2.62037e-13 2.22505e-15)
(-2.02966e-14 2.94038e-12 3.28368e-14)
(-3.91823e-17 0 3.24552e-17)
(-1.49868e-15 1.5789e-14 1.89778e-15)
(-3.58626e-16 2.02125e-13 3.12114e-14)
(0 0 0)
(-6.39943e-18 0 2.41201e-17)
(0 1.31575e-15 4.26455e-16)
(0 0 0)
(0 0 0)
(0 0 1.5948e-18)
(0 0 3.39072e-35)
(0 0 -4.70603e-62)
(0 0 1.23616e-21)
(0 0 0)
(0 0 0)
(0 0 0)
(0 0 0)
(0 0 0)
(0 0 0)
(0 0 0)
(0 0 0)
(0 0 -4.37977e-28)
(0 0 0)
(0 0 -5.35093e-32)
(0 0 0)
(0 0 0)
(0 0 0)
(0 0 0)
(0 0 0)
(0 0 0)
(0 0 0)
(0 0 0)
(0 0 0)
(-6.66413e-10 2.22688e-08 6.05054e-10)
(1.15879e-09 1.6559e-08 4.64151e-10)
(-5.29276e-12 4.36119e-10 1.03714e-11)
(1.296e-11 2.62081e-10 5.15302e-12)
(5.09072e-14 1.22226e-12 1.41742e-14)
(-2.98205e-11 3.29752e-09 9.35186e-10)
(8.75319e-11 9.34903e-10 3.04699e-10)
(-2.02099e-13 3.07982e-11 6.16893e-12)
(6.41143e-13 8.74163e-12 2.20284e-12)
(2.00021e-15 5.42936e-14 8.83583e-15)
(1.12078e-10 8.51677e-10 7.748e-10)
(-3.58932e-13 4.64565e-11 2.8878e-11)
(1.06726e-12 1.11546e-11 7.24612e-12)
(-1.31575e-15 3.71903e-13 1.7862e-13)
(5.12954e-15 8.9513e-14 4.57956e-14)
(1.06394e-17 0 -5.02096e-42)
(6.88533e-11 3.28805e-10 6.14675e-10)
(8.7591e-12 1.24319e-11 2.96402e-11)
(9.20448e-13 6.68939e-12 8.68549e-12)
(-1.60714e-15 3.42993e-13 3.14766e-13)
(6.10028e-15 7.71665e-14 7.28148e-14)
(0 1.66592e-15 1.25194e-15)
(3.30584e-23 0 5.98066e-17)
(1.11156e-20 0 3.27321e-43)
(1.03203e-10 -2.74744e-11 7.34719e-10)
(6.19854e-12 -6.43193e-13 1.36519e-11)
(1.39484e-10 1.39875e-11 8.86686e-10)
(1.13129e-11 3.25006e-13 3.62737e-11)
(1.79585e-11 3.59886e-11 2.30411e-10)
(1.65929e-12 8.94441e-13 6.45757e-12)
(4.00739e-13 1.68495e-12 4.65046e-12)
(4.10389e-14 6.36451e-14 1.87692e-13)
(-1.09939e-15 1.50655e-13 2.59604e-13)
(3.5884e-15 3.44282e-14 5.88487e-14)
(0 8.35178e-16 1.37181e-15)
(0 0 0)
(0 0 1.48825e-18)
(3.1469e-26 0 0)
(1.05383e-23 0 -2.22962e-38)
(5.54899e-13 -1.36925e-13 5.03813e-12)
(3.11857e-14 -1.7942e-15 9.68743e-14)
(9.66948e-13 7.6561e-14 8.0737e-12)
(6.56653e-14 7.17166e-16 2.22915e-13)
(6.80853e-14 1.66974e-13 1.09194e-12)
(6.07972e-15 2.38816e-15 4.13717e-14)
(8.37293e-16 5.59236e-15 2.49749e-14)
(1.11809e-21 0 2.98712e-16)
(-8.27963e-19 0 7.79148e-16)
(0 0 0)
(0 0 0)
(0 0 0)
(6.3392e-29 0 0)
(1.00295e-26 0 0)
(1.07652e-15 0 2.36356e-14)
(1.06141e-31 0 5.98066e-17)
(2.87072e-15 6.92395e-18 5.01853e-14)
(3.68979e-29 0 4.18647e-16)
(0 1.03814e-17 3.83493e-15)
(1.04263e-26 0 2.26946e-28)
(0 0 0)
(6.24225e-24 0 1.66911e-17)
(-1.55468e-21 0 0)
(0 0 7.15622e-18)
(0 0 0)
(0 0 0)
(9.98851e-32 0 0)
(1.01017e-29 0 0)
(0 0 8.01676e-19)
(8.03936e-35 0 0)
(0 0 2.66788e-18)
(5.20143e-32 0 0)
(0 0 0)
(3.32121e-29 0 0)
(0 0 0)
(2.07255e-26 0 0)
(-2.67826e-24 0 0)
(0 0 0)
(4.97082e-24 0 -3.62584e-18)
(0 0 0)
(0 0 -3.35442e-22)
(2.76249e-34 0 -1.54167e-26)
(1.06427e-32 0 0)
(0 0 0)
(2.84831e-42 0 0)
(0 0 0)
(1.96906e-39 0 0)
(0 0 0)
(1.30537e-36 0 0)
(0 0 0)
(8.38665e-34 0 0)
(-4.29088e-27 0 0)
(0 0 0)
(5.28033e-31 0 0)
(0 0 0)
(0 0 0)
(7.39586e-37 0 0)
(1.11947e-35 0 0)
(0 0 0)
(3.15829e-45 0 0)
(0 0 0)
(2.29179e-42 0 0)
(0 0 0)
(1.58296e-39 0 0)
(0 0 0)
(1.04837e-36 0 0)
(-6.42312e-30 0 0)
(0 0 0)
(6.72791e-34 0 0)
(0 0 0)
(0 0 0)
(7.57491e-40 0 0)
(1.14203e-38 0 0)
(2.49555e-10 7.32995e-10 2.28071e-11)
(1.31263e-11 4.76669e-11 1.33452e-11)
(1.74348e-11 4.42702e-11 4.16232e-11)
(1.22205e-13 4.40662e-13 2.87541e-13)
(1.00654e-13 2.66169e-13 3.45313e-13)
(5.02808e-16 1.9121e-15 2.39227e-15)
(2.05136e-16 3.58669e-16 1.49517e-15)
(1.34352e-18 0 0)
(3.60333e-19 0 0)
(3.88793e-21 0 0)
(1.40154e-21 0 1.98909e-16)
(1.18556e-23 0 0)
(4.01349e-26 0 -1.11012e-20)
(1.31468e-28 0 0)
(1.69664e-31 0 0)
(0 0 2.98497e-18)
(0 0 -1.7203e-28)
(0 0 2.83154e-25)
(0 0 -1.90619e-23)
(0 0 1.38653e-23)
(0 0 6.00472e-22)
(0 0 2.86218e-27)
(0 0 0)
(0 0 0)
(0 0 0)
(0 0 -1.41235e-20)
(0 0 -2.39235e-26)
(0 0 2.35427e-23)
(0 0 -1.47479e-21)
(0 0 1.47474e-21)
(0 0 3.84296e-20)
(0 0 6.02407e-25)
(0 0 1.10024e-27)
(0 0 0)
(0 0 1.74692e-26)
(0 0 0)
(0 0 0)
(0 0 0)
(0 0 0)
(0 2.14008e-19 0)
(0 0 0)
(0 0 0)
(0 0 0)
(0 0 1.19183e-32)
(0 0 0)
(0 0 -1.33865e-30)
(0 0 0)
(0 0 1.659e-36)
(0 0 0)
(0 0 0)
(0 0 0)
(0 0 0)
(0 0 0)
(0 0 0)
(0 0 -1.79146e-21)
(0 0 -5.968e-18)
(0 0 0)
(0 0 -4.40087e-38)
(0 0 0)
(0 0 2.23417e-34)
(0 0 0)
(0 0 -9.81617e-33)
(0 0 2.23629e-30)
(0 0 2.27032e-28)
(0 0 -1.90669e-28)
(0 0 1.95239e-33)
(0 0 0)
(0 0 0)
(0 0 0)
(0 0 0)
(0 0 -5.04551e-36)
(0 0 2.28278e-32)
(0 0 -1.1644e-30)
(0 0 1.55108e-26)
(0 0 -1.0217e-26)
(0 0 1.12306e-30)
(0 0 4.35571e-44)
(0 0 0)
(0 0 0)
(0 0 -2.29744e-48)
(0 0 0)
(0 0 1.96007e-43)
(0 0 0)
(0 0 0)
(0 4.23686e-15 -2.07895e-19)
(1.69165e-36 0 -1.82157e-26)
(-2.16342e-41 0 -9.09495e-15)
(4.09174e-54 0 0)
(3.36007e-43 0 0)
(0 0 0)
(0 7.53556e-19 0)
(3.28514e-35 0 0)
(-3.8194e-40 0 0)
(8.80648e-53 0 4.66042e-38)
(3.54886e-42 0 1.36802e-35)
(0 0 3.74918e-34)
(0 3.37269e-22 -1.74391e-38)
(1.46619e-40 0 6.51873e-39)
(-9.74073e-43 0 7.83297e-39)
(1.35529e-55 0 -8.29735e-39)
(1.37693e-41 0 -2.28892e-33)
(0 0 -5.69625e-35)
(0 2.24215e-25 5.0673e-40)
(0 0 0)
(-3.51907e-41 0 0)
(1.35723e-55 0 0)
(4.89651e-40 0 1.71264e-31)
(0 0 0)
(0 1.76073e-28 -3.19228e-36)
(0 0 -1.05556e-33)
(0 0 -3.15654e-31)
(0 0 -8.48726e-29)
(0 0 -3.28886e-27)
(0 0 -8.51867e-29)
(0 1.17013e-31 0)
(0 0 0)
(0 0 0)
(0 0 0)
(0 0 0)
(0 0 0)
(0 0 -9.2864e-46)
(0 0 0)
(0 0 0)
(0 0 0)
(0 0 0)
(0 0 0)
(0 6.60784e-35 0)
(0 0 0)
(0 0 0)
(0 0 0)
(0 0 0)
(0 0 0)
(0 0 0)
(0 0 0)
(0 0 0)
(0 0 0)
(0 0 0)
(0 0 0)
(0 3.15897e-38 0)
(0 0 0)
(0 0 0)
(0 0 0)
(0 0 0)
(0 0 0)
(0 0 1.94124e-40)
(0 0 0)
(0 0 0)
(0 0 0)
(0 0 0)
(0 0 0)
(0 1.27011e-41 0)
(0 0 0)
(0 0 0)
(0 0 0)
(0 0 0)
(0 0 0)
(0 0 0)
(0 0 0)
(0 0 0)
(0 0 0)
(0 0 0)
(0 0 0)
(0 4.25259e-45 0)
(0 0 0)
(0 0 0)
(0 0 0)
(0 0 0)
(0 0 0)
(0 0 0)
(0 0 0)
(0 0 0)
(0 0 0)
(0 0 0)
(0 0 0)
(0 0 -2.12453e-19)
(0 0 -9.08879e-15)
(0 0 0)
(0 0 3.12588e-47)
(0 0 -4.83975e-38)
(0 0 -1.70391e-37)
(0 0 1.27675e-39)
(0 0 2.2221e-39)
(0 0 -1.27486e-36)
(0 0 1.30915e-52)
(0 0 -2.95491e-48)
(0 0 0)
(0 0 2.61343e-43)
(0 0 0)
(0 0 0)
(0 0 0)
(4.71901e-34 0 0)
(-3.6634e-39 0 0)
(1.15315e-51 0 0)
(1.6766e-40 0 0)
(0 0 0)
(0 0 0)
(1.34896e-32 0 0)
(-1.30374e-37 0 0)
(2.47778e-50 0 8.41621e-35)
(1.6216e-39 0 2.03887e-32)
(0 0 6.7892e-31)
(0 0 -1.71085e-35)
(3.53445e-37 0 1.17282e-35)
(-4.39346e-40 0 1.3112e-35)
(2.28796e-53 0 -1.26012e-35)
(5.03142e-39 0 -4.59762e-30)
(0 0 -8.61182e-32)
(0 0 5.73378e-37)
(0 0 0)
(-1.691e-38 0 0)
(4.02366e-53 0 0)
(1.92863e-37 0 2.51832e-28)
(0 0 0)
(0 0 -4.21066e-34)
(0 0 -1.25461e-31)
(0 0 -3.37096e-29)
(0 0 -8.04802e-27)
(0 0 -6.78118e-25)
(0 0 -8.08154e-27)
(-6.88625e-38 0 0)
(-9.89097e-36 0 0)
(-5.38153e-34 0 -7.7062e-35)
(-1.01196e-35 0 2.07741e-36)
(0 0 6.19119e-49)
(0 0 -8.10931e-45)
(0 0 0)
(0 0 1.69751e-39)
(0 0 0)
(0 0 0)
(0 0 0)
(1.70605e-31 0 0)
(-1.03975e-36 0 0)
(2.76824e-49 0 0)
(3.17814e-38 0 4.54747e-15)
(0 0 0)
(0 0 0)
(5.06458e-30 0 0)
(-4.09504e-35 0 0)
(6.27107e-48 0 1.12754e-31)
(6.48777e-37 0 2.24123e-29)
(0 0 9.11707e-28)
(0 0 -2.90205e-32)
(6.07631e-34 0 1.51238e-32)
(-1.86346e-37 0 1.63431e-32)
(3.47652e-51 0 -1.40864e-32)
(1.5998e-36 0 -6.75996e-27)
(0 0 -9.58775e-29)
(0 0 1.00244e-33)
(0 0 0)
(-7.41441e-36 0 0)
(1.06652e-50 0 0)
(6.76746e-35 0 2.73985e-25)
(0 0 0)
(0 0 -1.44853e-48)
(0 0 0)
(0 0 0)
(0 0 0)
(0 0 -1.22931e-22)
(0 0 0)
(0 0 -2.29414e-42)
(0 0 0)
(0 0 0)
(0 0 0)
(0 0 0)
(0 0 0)
(0 0 0)
(0 0 0)
(0 0 0)
(0 0 0)
(0 0 0)
(0 0 0)
(0 0 1.08163e-36)
(0 0 0)
(0 0 0)
(0 0 0)
(0 0 0)
(0 0 0)
(0 0 0)
(0 0 0)
(0 0 0)
(0 0 0)
(0 0 0)
(0 0 0)
(0 0 0)
(0 0 0)
(0 0 0)
(0 0 0)
(0 0 0)
(0 0 0)
(0 0 0)
(0 0 2.69455e-45)
(0 0 -9.33543e-35)
(0 0 1.14106e-36)
(0 0 6.19704e-49)
(0 0 -2.31808e-45)
(0 0 0)
(0 0 4.85023e-40)
(0 0 0)
(0 0 0)
(-2.04867e-35 0 0)
(-3.19845e-33 0 0)
(-1.58855e-31 0 -6.87029e-32)
(-3.02245e-33 0 2.01744e-33)
(0 0 2.89396e-45)
(0 0 -5.72556e-42)
(0 0 0)
(0 0 2.7021e-36)
(0 0 0)
(0 0 0)
(0 0 0)
(5.47444e-29 0 0)
(-2.58709e-34 0 0)
(5.73117e-47 0 0)
(5.44914e-36 0 0)
(0 0 0)
(0 0 0)
(1.72682e-27 0 0)
(-1.1591e-32 0 0)
(1.41729e-45 0 1.107e-28)
(2.49683e-34 0 1.79475e-26)
(0 0 8.96871e-25)
(0 0 -3.75978e-29)
(7.53805e-31 0 1.38106e-29)
(-6.58045e-35 0 1.49971e-29)
(6.4725e-49 0 -1.146e-29)
(4.34249e-34 0 -7.36757e-24)
(0 0 -7.77223e-26)
(0 0 1.38051e-30)
(0 0 0)
(-2.93352e-33 0 0)
(2.51326e-48 0 0)
(2.06808e-32 0 2.18278e-22)
(0 0 0)
(0 0 4.35017e-42)
(0 0 0)
(0 0 0)
(0 0 0)
(0 0 -1.81331e-20)
(0 0 0)
(0 0 -4.10812e-39)
(0 0 0)
(0 0 0)
(0 0 0)
(0 0 0)
(0 0 0)
(0 0 0)
(0 0 0)
(0 0 0)
(0 0 0)
(0 0 0)
(0 0 0)
(0 0 3.85644e-33)
(0 0 0)
(0 0 0)
(0 0 0)
(0 0 0)
(0 0 0)
(0 0 0)
(0 0 0)
(0 0 0)
(0 0 0)
(0 0 0)
(0 0 0)
(0 0 0)
(0 0 0)
(0 0 0)
(0 0 0)
(0 0 0)
(0 0 0)
(0 0 4.5445e-15)
(-6.07507e-33 0 0)
(0 0 0)
(0 0 7.77742e-44)
(-9.06184e-31 0 0)
(0 0 0)
(0 0 0)
(-3.68966e-29 0 0)
(0 0 -3.69074e-26)
(0 0 0)
(-7.078e-31 0 0)
(0 0 1.51325e-27)
(0 0 0)
(0 0 0)
(0 0 9.27006e-39)
(0 0 0)
(0 0 0)
(0 0 -5.35788e-36)
(0 0 0)
(0 0 0)
(0 0 0)
(0 0 0)
(0 0 0)
(0 0 9.66463e-30)
(0 0 0)
(0 0 0)
(0 0 0)
(0 0 0)
(0 0 0)
(0 0 0)
(1.50888e-26 0 0)
(-5.29631e-32 0 0)
(9.80999e-45 0 0)
(1.86314e-33 0 0)
(0 0 0)
(0 0 -3.70394e-23)
(0 0 -8.87669e-15)
(5.20033e-25 0 0)
(-2.81086e-30 0 0)
(2.80213e-43 0 7.65975e-26)
(8.32618e-32 0 1.00643e-23)
(0 0 6.21603e-22)
(0 0 1.56415e-42)
(0 0 -1.53984e-18)
(6.6707e-28 0 8.58111e-27)
(-2.04007e-32 0 9.75203e-27)
(2.48787e-46 0 -6.53188e-27)
(9.73653e-32 0 -5.89015e-21)
(0 0 -4.41621e-23)
(0 0 0)
(0 0 -3.56514e-20)
(0 0 0)
(-1.03538e-30 0 0)
(5.2478e-46 0 0)
(5.39243e-30 0 1.23634e-19)
(0 0 0)
(0 0 0)
(0 0 8.74547e-22)
(0 0 0)
(0 0 0)
(0 0 0)
(0 0 -2.14224e-18)
(0 0 0)
(0 0 0)
(0 0 1.50294e-22)
(0 0 0)
(0 0 0)
(0 0 0)
(0 0 0)
(0 0 0)
(0 0 0)
(0 0 4.99347e-21)
(0 0 0)
(0 0 0)
(0 0 0)
(0 0 0)
(0 0 0)
(0 0 0)
(0 0 0)
(0 0 0)
(0 0 0)
(0 0 0)
(0 0 0)
(0 0 0)
(0 0 0)
(0 0 2.36859e-23)
(0 0 0)
(0 0 0)
(0 0 0)
(0 0 0)
(0 0 0)
(0 0 0)
(0 0 0)
(0 0 0)
(0 0 0)
(0 0 0)
(0 0 0)
(0 0 0)
(0 0 0)
(0 0 0)
(-9.8652e-31 0 0)
(0 0 0)
(3.28937e-24 0 0)
(-7.7375e-30 0 0)
(1.24469e-42 0 0)
(5.45572e-31 0 -4.55894e-17)
(0 0 0)
(-4.88995e-29 0 0)
(0 0 0)
(4.57641e-22 0 0)
(-1.7882e-28 0 0)
(-1.34831e-28 0 0)
(0 0 0)
(1.28007e-22 0 0)
(-5.22107e-28 0 0)
(4.57483e-41 0 3.39951e-23)
(2.39198e-29 0 3.61688e-21)
(0 0 2.76251e-19)
(-8.32081e-27 0 -6.98001e-20)
(0 0 2.9607e-20)
(2.14238e-20 0 -1.72224e-21)
(-5.7638e-26 0 1.23312e-23)
(-6.21724e-27 0 0)
(0 0 -2.66718e-23)
(4.07661e-25 0 3.3052e-24)
(-5.46139e-30 0 4.09193e-24)
(1.22445e-43 0 -2.37607e-24)
(1.71518e-29 0 -3.33335e-18)
(0 0 -1.60219e-20)
(-5.84631e-25 0 -1.36149e-18)
(-1.18763e-28 0 0)
(0 0 1.31969e-24)
(0 0 0)
(-3.22754e-28 0 0)
(9.59953e-44 0 0)
(1.20335e-27 0 4.70129e-17)
(0 0 0)
(-9.03663e-27 0 2.24256e-19)
(0 0 0)
(0 0 1.46635e-35)
(0 0 0)
(0 0 0)
(0 0 0)
(0 0 -1.87794e-16)
(0 0 0)
(0 0 7.96173e-30)
(0 0 0)
(0 0 -4.95263e-33)
(0 0 0)
(0 0 0)
(0 0 0)
(0 0 0)
(0 0 0)
(0 0 -1.01014e-28)
(0 0 0)
(0 0 0)
(0 0 0)
(0 0 0)
(0 0 0)
(0 0 0)
(0 0 1.77157e-26)
(0 0 0)
(0 0 0)
(0 0 9.3953e-21)
(0 0 0)
(0 0 0)
(0 0 0)
(0 0 0)
(0 0 0)
(0 0 0)
(0 0 0)
(0 0 0)
(0 0 0)
(0 0 0)
(0 0 0)
(0 0 0)
(0 0 0)
(0 0 0)
(0 0 0)
(0 0 0)
(0 0 0)
(0 0 0)
(0 0 0)
(0 0 0)
(0 0 0)
(0 0 0)
(0 3.5884e-16 0)
(0 1.38744e-14 -8.55627e-15)
(0 0 0)
(0 4.11223e-16 0)
(0 0 0)
(0 2.40933e-19 0)
(0 0 0)
(0 1.0779e-22 0)
(0 0 -1.21932e-60)
(0 7.16419e-26 -1.57027e-51)
(0 0 0)
(0 5.61554e-29 0)
(0 0 0)
(0 0 0)
(0 3.73593e-32 0)
(0 0 0)
(0 0 0)
(0 2.11044e-35 0)
(0 0 0)
(0 0 0)
(0 1.00924e-38 0)
(0 0 0)
(0 0 0)
(0 4.06026e-42 0)
(0 0 0)
(0 0 -2.10647e-19)
(0 0 0)
(0 0 0)
(0 0 0)
(0 0 -1.53152e-59)
(0 0 -5.71622e-18)
(0 0 -2.40731e-24)
(0 0 1.64489e-21)
(0 0 -2.78428e-20)
(0 0 2.78413e-20)
(0 0 5.92519e-19)
(0 0 -2.9255e-19)
(0 0 -3.96355e-27)
(0 0 1.27232e-23)
(0 0 -1.13335e-21)
(0 0 1.42197e-21)
(0 0 2.60038e-20)
(0 0 2.40501e-24)
(0 0 0)
(0 0 0)
(0 0 0)
(0 0 -4.50539e-22)
(0 0 -5.87011e-25)
(0 0 1.85809e-21)
(0 0 -1.8639e-19)
(0 0 1.86383e-19)
(3.13506e-47 0 3.22815e-18)
(0 0 6.03023e-22)
(1.19559e-34 0 1.50205e-24)
(0 0 0)
(0 0 1.33272e-35)
(0 0 0)
(0 0 0)
(0 0 0)
(0 0 0)
(0 0 0)
(0 0 0)
(0 0 0)
(0 0 0)
(0 0 6.05393e-31)
(0 0 0)
(0 0 -1.13857e-28)
(0 0 0)
(0 0 1.39352e-33)
(0 0 0)
(0 0 0)
(0 0 0)
(0 0 0)
(0 0 0)
(0 0 0)
(0 0 -1.3535e-23)
(0 0 1.89628e-16)
(0 0 0)
(0 0 -4.58909e-36)
(0 0 0)
(0 0 4.52078e-32)
(0 0 0)
(0 0 -2.32169e-30)
(0 0 1.66168e-28)
(0 0 3.95662e-26)
(0 0 -3.31974e-26)
(0 0 2.80023e-30)
(0 0 0)
(0 0 0)
(0 0 0)
(0 0 0)
(0 0 -1.34518e-33)
(0 0 5.66537e-30)
(0 0 -3.32972e-28)
(0 0 3.26849e-24)
(0 0 -2.34327e-24)
(0 0 1.64908e-27)
(0 0 0)
(0 0 0)
(0 0 0)
(-9.09061e-15 2.02938e-14 5.98066e-17)
(0 0 0)
(0 3.02078e-16 1.21546e-16)
(0 0 0)
(0 7.95541e-20 4.50892e-19)
(0 0 0)
(0 0 5.82269e-22)
(0 0 0)
(0 0 1.09387e-42)
(0 0 2.64262e-39)
(0 0 0)
(0 0 0)
(0 0 0)
(0 0 0)
(0 0 0)
(0 0 0)
(0 0 0)
(0 0 0)
(0 0 0)
(0 0 0)
(1.16588e-45 0 -7.12355e-20)
(1.24004e-42 0 -6.57479e-23)
(4.15483e-40 0 1.44359e-19)
(3.99493e-37 0 -3.79333e-18)
(1.40106e-34 0 3.79309e-18)
(-4.87175e-41 0 4.47784e-17)
(-3.05216e-12 4.51824e-12 8.26141e-14)
(-1.82274e-10 6.5443e-10 1.32371e-11)
(-1.38764e-09 1.06996e-08 3.1707e-10)
(-5.1639e-13 2.63236e-12 3.12191e-14)
(-6.75738e-12 5.4902e-11 9.4401e-13)
(-1.09196e-13 1.6079e-13 5.00256e-14)
(-5.53803e-12 1.71263e-11 5.49294e-12)
(-9.14425e-11 4.52868e-10 1.47768e-10)
(-2.20971e-14 9.63321e-14 2.05137e-14)
(-5.43701e-13 3.21116e-12 7.26991e-13)
(-1.19613e-16 1.19613e-16 3.33966e-16)
(-4.0031e-14 1.2555e-13 8.41648e-14)
(-9.51282e-13 4.2823e-12 2.94367e-12)
(0 5.1465e-17 5.98066e-17)
(-4.54017e-15 2.7777e-14 1.36359e-14)
(0 0 6.34202e-19)
(-5.98676e-17 0 1.94788e-16)
(-4.92582e-15 2.33246e-14 2.31557e-14)
(0 0 0)
(0 0 0)
(-3.45617e-12 -4.11812e-13 7.69839e-12)
(-1.16474e-10 -2.07232e-11 5.25143e-10)
(-9.84613e-12 2.3657e-13 2.64228e-11)
(-2.70091e-10 1.56946e-11 1.48103e-09)
(-4.64151e-13 4.44284e-13 1.73942e-12)
(-1.17078e-11 1.46442e-11 5.02939e-11)
(0 2.12623e-18 1.00062e-16)
(-1.13003e-14 1.25181e-14 5.1251e-14)
(-3.10907e-13 4.36002e-13 1.40577e-12)
(0 1.4139e-19 0)
(-4.7906e-17 1.07786e-16 5.98066e-17)
(-2.98802e-15 9.22171e-15 1.30956e-14)
(0 0 7.81636e-47)
(0 0 0)
(0 0 0)
(0 0 2.52684e-41)
(0 0 -1.29631e-64)
(-1.29182e-14 -8.37293e-16 4.3394e-14)
(-5.13215e-13 -6.14269e-14 2.41627e-12)
(-3.49053e-14 3.58454e-16 1.47732e-13)
(-1.07978e-12 4.48173e-14 6.15962e-12)
(-9.56906e-16 7.15948e-16 6.92667e-15)
(-4.97265e-14 6.25873e-14 2.42165e-13)
(0 0 1.60796e-21)
(0 0 0)
(-5.98066e-16 7.31426e-16 5.78956e-15)
(0 0 0)
(0 0 0)
(0 0 0)
(0 0 0)
(0 0 0)
(0 0 0)
(0 0 0)
(0 0 0)
(0 0 0)
(-9.56906e-16 0 8.67433e-15)
(0 0 1.79313e-16)
(-2.75111e-15 6.92395e-18 2.17075e-14)
(0 0 0)
(0 1.09153e-17 3.84293e-16)
(0 0 0)
(0 0 0)
(0 0 0)
(0 0 0)
(0 0 0)
(0 0 0)
(0 0 0)
(0 0 0)
(0 0 0)
(0 0 0)
(0 0 0)
(0 0 0)
(0 0 8.01676e-19)
(0 0 0)
(0 0 2.66788e-18)
(0 0 0)
(0 0 0)
(0 0 0)
(0 0 0)
(0 0 0)
(0 0 0)
(0 0 0)
(0 0 0)
(0 0 0)
(0 0 0)
(0 0 0)
(0 0 0)
(0 0 -1.08955e-30)
(0 0 0)
(0 0 0)
(0 0 0)
(0 0 0)
(0 0 0)
(0 0 0)
(0 0 0)
(0 0 0)
(0 0 0)
(0 0 0)
(0 0 0)
(0 0 0)
(0 0 0)
(0 0 0)
(0 0 0)
(0 0 0)
(0 0 0)
(0 0 0)
(0 0 0)
(0 0 0)
(0 0 0)
(0 0 0)
(0 0 0)
(0 0 0)
(0 0 0)
(0 0 0)
(0 0 0)
(0 0 0)
(0 0 0)
(0 0 0)
(0 0 0)
(0 0 0)
(0 0 0)
(0 0 0)
(-6.37509e-12 -1.36109e-10 3.95907e-09)
(-4.06477e-12 1.00262e-10 5.63507e-09)
(-6.26771e-12 2.01275e-10 8.50328e-10)
(-1.4225e-13 6.85198e-12 1.92534e-11)
(-5.63611e-14 -7.12892e-13 3.0678e-11)
(-1.14373e-13 5.32978e-13 4.94366e-11)
(-2.16279e-14 9.62467e-13 4.01363e-12)
(-3.58669e-16 2.56732e-14 1.01438e-13)
(-1.50817e-16 -2.15304e-15 1.59396e-13)
(-4.01278e-16 1.67236e-15 2.98527e-13)
(-4.17796e-17 2.7476e-15 1.64414e-14)
(-7.53508e-19 0 5.98066e-17)
(-3.17599e-19 0 2.99033e-16)
(-9.82776e-19 0 6.57873e-16)
(-8.0616e-20 0 0)
(-1.41276e-21 0 0)
(-5.72564e-22 0 0)
(-1.92922e-21 0 0)
(-1.47465e-22 0 0)
(-2.42815e-24 0 0)
(-9.26943e-25 0 0)
(-3.23956e-24 0 0)
(-2.47343e-25 0 0)
(-3.87871e-27 0 0)
(3.27572e-08 -3.7454e-09 5.99644e-10)
(8.52374e-05 -5.13933e-06 1.44122e-06)
(2.87596e-07 -1.70317e-08 4.99296e-09)
(1.58263e-07 -3.14332e-08 4.02144e-08)
(9.94808e-09 -8.14799e-10 9.74808e-10)
(2.34636e-06 -1.96784e-07 5.32395e-07)
(3.69186e-08 -3.90655e-09 4.96524e-09)
(1.22979e-06 -1.28225e-08 2.31466e-08)
(3.89168e-05 2.76723e-06 7.85792e-07)
(3.94683e-07 2.76119e-08 6.54875e-09)
(5.34702e-06 -6.36587e-08 1.29868e-06)
(1.29252e-07 -4.5757e-09 1.89164e-08)
(2.0151e-06 2.07137e-07 4.05747e-07)
(8.27125e-08 5.06782e-09 8.57755e-09)
(4.76262e-08 4.32326e-08 8.58095e-09)
(0.000107814 7.34869e-05 1.98055e-06)
(1.9416e-06 1.32031e-06 4.64782e-07)
(3.17739e-07 1.58227e-07 6.8655e-09)
(2.45547e-08 1.78067e-08 6.88858e-10)
(4.78404e-08 2.78607e-08 6.88743e-09)
(2.0863e-08 1.48546e-08 1.48853e-09)
(6.7118e-08 9.53224e-09 1.27417e-09)
(1.28413e-07 4.12396e-08 2.54843e-09)
(3.90075e-08 7.74368e-09 8.15462e-10)
(6.28625e-07 7.78427e-08 8.34711e-08)
(4.20168e-08 6.72959e-09 2.39617e-09)
(4.87424e-08 1.16322e-08 3.99999e-09)
(3.70613e-08 7.12993e-09 1.70346e-09)
(-5.97402e-10 1.98413e-08 9.01219e-10)
(-1.02159e-08 2.98245e-07 6.33344e-09)
(-1.43663e-09 4.22846e-08 5.34036e-09)
(6.05669e-10 2.90717e-07 7.67023e-09)
(-1.40465e-10 2.30257e-08 6.24222e-10)
(-3.07515e-11 4.69285e-08 5.985e-09)
(-1.47048e-10 2.01534e-08 9.21459e-10)
(-4.32379e-12 3.03404e-12 8.8395e-14)
(-1.61525e-13 1.21588e-13 5.5208e-14)
(-2.39227e-16 3.5884e-16 5.84855e-16)
(-5.6111e-25 0 0)
(-5.66962e-11 3.65864e-09 3.27564e-09)
(-3.19717e-13 2.92094e-11 3.81943e-11)
(-6.34877e-10 5.96153e-10 2.07469e-11)
(-1.98139e-08 4.06486e-08 1.59323e-09)
(-1.88139e-11 1.99106e-11 8.96128e-12)
(-1.00891e-09 2.04088e-09 1.04571e-09)
(-1.44766e-13 1.61217e-13 1.43748e-13)
(-7.28241e-12 1.50798e-11 1.47156e-11)
(-1.06901e-10 3.87136e-10 3.985e-10)
(-7.67847e-14 4.49567e-14 1.18018e-13)
(-3.3605e-12 3.72515e-12 1.00999e-11)
(-5.57962e-11 1.00915e-10 2.31205e-10)
(0 1.26589e-16 5.63582e-16)
(-3.18112e-14 6.90669e-14 9.7669e-14)
(-7.9504e-13 2.24168e-12 3.30833e-12)
(-6.74643e-14 -4.60548e-15 1.24918e-13)
(-2.16118e-13 1.9048e-15 3.7517e-13)
(-1.14736e-14 4.74121e-15 2.37761e-14)
(0 0 1.92093e-16)
(-1.19613e-16 0 1.3634e-15)
(0 0 3.18972e-19)
(0 0 0)
(0 0 0)
(0 0 0)
(0 0 0)
(0 0 0)
(0 0 0)
(0 0 0)
(0 0 0)
(0 0 0)
(0 0 0)
(0 0 0)
(0 0 0)
(-2.95178e-11 1.34684e-09 2.49333e-09)
(-6.49699e-08 -3.7064e-09 1.48312e-09)
(-1.28869e-07 2.61708e-09 2.97092e-09)
(-1.94805e-08 3.72563e-09 5.27462e-10)
(-3.7318e-10 1.61591e-10 1.02582e-11)
(-2.48395e-09 -1.10882e-10 6.62164e-10)
(-4.28211e-09 8.48373e-11 1.4979e-09)
(-8.08313e-10 1.41075e-10 2.52976e-10)
(-1.772e-11 7.56935e-12 5.79336e-12)
(-2.56831e-11 -1.23533e-12 1.82674e-11)
(-5.92679e-11 8.09649e-13 3.70814e-11)
(-6.21524e-12 1.41079e-12 4.63311e-12)
(-1.49139e-13 5.96254e-14 1.01848e-13)
(-1.74699e-13 -8.66391e-15 1.74572e-13)
(-4.88941e-13 4.14647e-15 4.41784e-13)
(-3.20572e-14 8.68912e-15 3.25463e-14)
(-2.09833e-21 0 2.39227e-16)
(-1.19624e-16 0 5.37725e-16)
(-1.6746e-15 0 2.68654e-15)
(-5.45895e-22 0 0)
(-1.06794e-23 0 0)
(-1.73107e-23 0 0)
(-4.18405e-25 0 7.23846e-28)
(-8.7891e-27 0 0)
(-1.47891e-26 0 0)
(-3.24961e-28 0 0)
(-6.31667e-30 0 0)
(-1.10252e-29 0 0)
(-2.31406e-31 0 0)
(-4.02843e-33 0 0)
(-7.23354e-33 0 0)
(-1.47184e-34 0 0)
(-2.30945e-36 0 0)
(-4.21398e-36 0 0)
(-8.25436e-38 0 0)
(-1.77889e-12 -5.97958e-14 1.96709e-14)
(-7.61926e-12 2.51078e-14 8.84558e-14)
(-1.77903e-09 9.18507e-12 3.25105e-11)
(-5.01223e-13 6.51005e-14 5.74144e-15)
(-9.34592e-11 1.63161e-11 1.74154e-12)
(-1.19407e-14 1.91381e-15 0)
(-2.43193e-12 7.41694e-13 3.96155e-14)
(-1.42514e-13 -2.39227e-15 1.64149e-14)
(-2.29998e-11 -6.62089e-13 4.26589e-12)
(-3.01828e-13 1.31305e-15 5.60741e-14)
(-4.36372e-11 4.43261e-13 1.14508e-11)
(-2.75111e-14 2.26689e-15 4.00015e-15)
(-5.44339e-12 8.4278e-13 1.27201e-12)
(0 0 0)
(-1.08938e-13 3.42044e-14 2.65207e-14)
(-3.5884e-16 0 1.79313e-16)
(-2.24784e-13 -6.42979e-15 1.18921e-13)
(-2.63149e-15 0 6.56804e-16)
(-5.27684e-13 3.18073e-15 2.57346e-13)
(0 0 0)
(-4.08999e-14 7.3317e-15 2.23979e-14)
(0 0 0)
(-1.19613e-16 4.91195e-18 1.32747e-16)
(0 0 0)
(-3.73895e-16 -6.4158e-19 5.2298e-16)
(0 0 0)
(-3.80721e-15 2.13179e-19 2.06802e-15)
(0 0 0)
(0 6.38663e-19 3.15229e-18)
(0 0 0)
(0 0 0)
(0 0 0)
(0 0 0)
(0 0 0)
(0 0 0)
(0 0 0)
(0 0 0)
(0 0 0)
(0 0 0)
(0 0 0)
(0 0 0)
(0 0 0)
(0 0 0)
(0 0 0)
(0 0 0)
(0 0 0)
(0 0 7.3089e-28)
(0 0 0)
(0 0 0)
(0 0 0)
(0 0 0)
(0 0 0)
(0 0 0)
(0 0 0)
(0 0 0)
(0 0 0)
(0 0 0)
(0 0 0)
(0 0 0)
(0 0 0)
(0 0 0)
(0 0 0)
(0 0 0)
(0 0 0)
(0 0 0)
(0 0 0)
(0 0 0)
(0 0 0)
(0 0 0)
(0 0 0)
(0 0 0)
(0 0 0)
(0 0 0)
(0 0 0)
(0 0 0)
(0 0 0)
(0 0 0)
(0 0 0)
(0 0 0)
(-6.81796e-15 0 0)
(-2.70326e-14 0 5.98066e-17)
(-1.55497e-15 0 0)
(0 0 0)
(-1.19613e-16 0 0)
(-7.1768e-16 0 0)
(0 0 0)
(0 0 0)
(0 0 0)
(0 0 0)
(0 0 0)
(0 0 0)
(0 0 0)
(0 0 0)
(0 0 0)
(0 0 0)
(0 0 0)
(0 0 0)
(0 0 0)
(0 0 0)
(0 0 0)
(0 0 0)
(0 0 0)
(0 0 0)
(0 0 0)
(0 0 0)
(0 0 0)
(0 0 0)
(0 0 0)
(0 0 0)
(0 0 0)
(0 0 0)
(0 0 0)
(0 0 0)
(0 0 0)
(0 0 0)
(0 0 0)
(0 0 0)
(0 0 0)
(0 0 0)
(-5.19462e-10 -2.10518e-11 7.9271e-12)
(-2.91944e-23 0 0)
(-1.10302e-25 0 1.58688e-25)
(-5.09562e-28 0 0)
(-6.59227e-31 0 0)
(-5.98563e-34 0 0)
(-4.22021e-37 0 0)
(0 0 -1.40949e-17)
(0 0 1.40945e-17)
(0 0 5.18239e-17)
(0 0 4.25876e-19)
(0 0 5.37824e-43)
(0 0 0)
(0 0 0)
(-4.38269e-23 0 0)
(0 0 -2.08826e-25)
(0 0 8.90534e-15)
(-4.98452e-25 0 0)
(0 0 0)
(0 0 1.39586e-34)
(-9.27433e-28 0 0)
(0 0 0)
(0 0 2.80271e-30)
(-1.17108e-30 0 0)
(0 0 0)
(0 0 -1.64795e-28)
(-9.23645e-34 0 1.03928e-33)
(0 0 3.59756e-31)
(0 0 4.86728e-24)
(-4.668e-37 0 0)
(0 0 -1.2368e-31)
(0 0 -3.15753e-24)
(-1.47202e-40 0 0)
(0 0 0)
(0 0 2.47278e-27)
(-2.65777e-44 0 0)
(0 0 0)
(0 0 0)
(-2.3524e-48 0 0)
(0 0 0)
(0 0 0)
(-7.03501e-53 0 0)
(0 0 0)
(0 0 0)
(0 0 0)
(0 0 -1.31068e-31)
(0 0 5.19383e-28)
(0 0 -3.41766e-26)
(0 0 5.57422e-22)
(0 0 -5.10941e-22)
(0 0 1.79665e-24)
(0 0 0)
(0 0 0)
(0 0 0)
(0 0 -2.24141e-17)
(0 0 -1.72296e-23)
(0 0 -1.43667e-29)
(0 0 -2.64864e-26)
(0 0 5.4329e-26)
(0 0 4.04245e-20)
(0 0 -3.87866e-24)
(0 0 3.9935e-20)
(0 0 -2.83384e-20)
(0 0 7.22693e-22)
(0 0 0)
(0 0 0)
(0 0 0)
(0 0 0)
(-2.35638e-14 1.286e-14 1.91278e-16)
(0 0 0)
(0 3.89148e-17 0)
(0 0 0)
(0 7.49073e-21 0)
(0 0 0)
(0 0 0)
(0 0 0)
(3.30468e-63 0 0)
(0 0 0)
(-3.52431e-59 0 0)
(0 0 5.94695e-18)
(-1.098e-56 0 9.09495e-15)
(0 0 0)
(-2.39227e-16 1.6479e-17 6.82095e-17)
(0 0 0)
(0 0 1.3625e-19)
(0 0 0)
(0 1.60753e-22 1.02802e-22)
(0 0 0)
(0 0 0)
(0 0 0)
(-1.94773e-60 0 0)
(0 0 0)
(-4.2353e-57 0 0)
(0 0 0)
(-1.98276e-54 0 0)
(0 0 0)
(0 0 3.78515e-20)
(0 0 0)
(0 0 4.30515e-22)
(0 0 0)
(0 1.67713e-26 4.77019e-25)
(0 0 0)
(0 0 0)
(0 0 0)
(-1.07017e-57 0 0)
(0 0 0)
(-2.04604e-54 0 0)
(0 0 0)
(-1.00532e-51 0 0)
(0 0 0)
(0 0 0)
(0 0 0)
(0 0 0)
(0 0 0)
(0 0 0)
(0 0 0)
(0 0 0)
(0 0 0)
(-4.67666e-55 0 0)
(0 0 0)
(-8.38733e-52 0 0)
(0 0 0)
(-5.19956e-49 0 0)
(0 0 0)
(0 0 0)
(0 0 0)
(0 0 4.61133e-50)
(0 0 0)
(0 0 8.21702e-47)
(0 0 0)
(0 0 5.13364e-43)
(0 0 0)
(-2.58749e-52 0 0)
(0 0 2.63448e-28)
(-1.69732e-49 0 0)
(0 0 3.21896e-20)
(-9.98537e-47 0 2.77552e-22)
(0 0 0)
(0 0 0)
(0 0 0)
(0 0 0)
(0 0 0)
(0 0 0)
(0 0 0)
(0 0 0)
(0 0 0)
(-4.50553e-50 0 0)
(0 0 0)
(-3.01001e-47 0 0)
(0 0 -2.62328e-24)
(-1.51698e-44 0 -8.03778e-23)
(0 0 0)
(0 0 0)
(0 0 0)
(0 0 0)
(0 0 0)
(0 0 0)
(0 0 0)
(0 0 0)
(0 0 0)
(-2.56651e-48 0 0)
(0 0 0)
(-2.13774e-45 0 0)
(0 0 2.53218e-27)
(-1.29584e-42 0 4.47382e-25)
(0 0 0)
(0 0 0)
(0 0 0)
(0 0 0)
(0 0 0)
(0 0 0)
(0 0 0)
(0 0 0)
(0 0 0)
(-1.46949e-50 0 0)
(0 0 0)
(-1.09242e-47 0 0)
(0 0 0)
(-7.57933e-45 0 0)
(0 0 0)
(0 0 0)
(0 0 0)
(0 0 0)
(0 0 0)
(0 0 0)
(0 0 0)
(0 0 0)
(0 0 0)
(-3.03681e-53 0 0)
(0 0 0)
(-2.41638e-50 0 0)
(0 0 0)
(-1.79251e-47 0 0)
(0 0 0)
(0 0 0)
(0 0 0)
(0 0 0)
(0 0 0)
(0 0 0)
(0 0 0)
(0 0 0)
(0 0 0)
(-5.09986e-56 0 0)
(0 0 0)
(-4.34715e-53 0 0)
(0 0 0)
(-3.45494e-50 0 0)
(0 0 9.09197e-15)
(-3.76647e-54 0 0)
(0 0 0)
(-7.61223e-52 0 0)
(0 0 0)
(-3.53789e-49 0 0)
(0 0 0)
(-1.83279e-46 0 0)
(0 0 3.75944e-18)
(-3.85388e-44 0 4.00698e-20)
(0 0 -5.1457e-22)
(-6.5622e-42 0 -1.36321e-20)
(0 0 2.76118e-24)
(-6.83502e-40 0 3.55848e-22)
(0 0 0)
(-4.89789e-42 0 0)
(0 0 0)
(-1.2382e-44 0 0)
(0 0 0)
(-2.5583e-47 0 0)
(-6.49283e-47 0 8.97038e-15)
(3.25324e-44 0 -7.59771e-25)
(-2.98964e-40 0 1.18558e-20)
(1.47857e-39 0 -8.36619e-15)
(0 0 -5.94695e-18)
(0 0 0)
(0 0 0)
(0 0 0)
(0 0 3.27498e-16)
(0 0 -8.40263e-20)
(0 0 2.21705e-21)
(0 0 0)
(0 0 0)
(0 0 0)
(-1.76154e-51 0 -8.41438e-15)
(-2.65222e-49 0 0)
(-2.69484e-49 0 0)
(-7.81038e-47 0 -4.46919e-27)
(-1.04535e-46 0 0)
(-2.38814e-44 0 1.73053e-21)
(-4.85277e-44 0 0)
(-7.12959e-42 0 -3.6309e-16)
(-1.14168e-41 0 4.54783e-18)
(-2.2842e-39 0 -1.86845e-18)
(-3.16763e-37 0 2.02897e-19)
(-2.92889e-39 0 0)
(-7.94481e-42 0 0)
(-1.76209e-44 0 0)
(7.34532e-42 0 8.04921e-15)
(0 0 -7.62183e-18)
(0 0 4.26623e-19)
(0 0 0)
(0 0 0)
(0 0 0)
(-2.0276e-39 0 3.6309e-16)
(-5.45795e-37 0 -1.95531e-16)
(-1.36075e-34 0 7.8881e-17)
(-9.74223e-37 0 0)
(-2.37448e-39 0 0)
(-4.91607e-42 0 0)
(0 0 0)
(0 0 0)
(0 0 0)
(0 0 0)
(0 0 0)
(0 0 0)
(0 0 -4.74403e-19)
(0 0 0)
(0 0 0)
(0 0 0)
(0 0 0)
(0 0 0)
(0 0 0)
(0 0 0)
(0 0 0)
(0 0 0)
(0 0 0)
(0 0 0)
(0 0 0)
(0 0 0)
(0 0 0)
(0 0 0)
(0 0 0)
(0 0 0)
(0 0 0)
(0 0 0)
(0 0 0)
(0 0 0)
(0 0 0)
(0 0 0)
(0 0 0)
(0 0 0)
(0 0 0)
(0 0 0)
(0 0 0)
(0 0 0)
(0 0 0)
(0 0 0)
(0 0 0)
(0 0 0)
(0 0 0)
(0 0 0)
(0 0 0)
(0 0 0)
(0 0 0)
(0 0 0)
(0 0 0)
(0 0 0)
(0 0 0)
(0 0 0)
(0 0 0)
(0 0 0)
(0 0 0)
(0 0 0)
(0 0 0)
(0 0 0)
(0 0 0)
(0 0 0)
(0 0 0)
(0 0 0)
(0 0 0)
(0 0 0)
(0 0 0)
(0 0 0)
(0 0 0)
(0 0 0)
(0 0 0)
(0 0 0)
(0 0 0)
(0 0 0)
(0 0 -8.97693e-15)
(0 0 1.4875e-26)
(0 0 9.32795e-17)
(0 0 -1.84578e-16)
(0 0 1.64975e-19)
(0 0 -1.85637e-26)
(0 0 0)
(0 0 0)
(0 0 0)
(0 0 0)
(0 0 -1.38468e-21)
(0 0 1.71026e-33)
(0 0 3.41851e-16)
(0 0 -8.27738e-15)
(0 0 -1.25703e-22)
(0 0 6.26148e-25)
(0 0 6.16598e-22)
(0 0 0)
(0 0 -2.56412e-31)
(0 0 0)
(0 0 0)
(0 0 0)
(0 0 0)
(0 0 0)
(0 0 0)
(0 0 0)
(0 0 0)
(0 0 0)
(0 0 0)
(0 0 0)
(0 0 9.03514e-15)
(0 0 0)
(0 0 0)
(0 0 0)
(0 0 0)
(0 0 0)
(0 0 0)
(0 0 0)
(0 0 0)
(0 0 0)
(0 0 0)
(0 0 0)
(0 0 0)
(0 0 0)
(0 0 0)
(0 0 0)
(0 0 0)
(0 0 0)
(0 0 0)
(0 0 0)
(0 0 0)
(0 0 0)
(0 0 0)
(0 0 0)
(0 0 0)
(0 0 0)
(0 0 0)
(0 0 0)
(0 0 0)
(0 0 0)
(0 0 0)
(0 0 0)
(0 0 0)
(0 0 0)
(0 0 0)
(0 0 0)
(0 0 0)
(0 0 0)
(0 0 0)
(0 0 0)
(0 0 0)
(0 0 0)
(0 0 0)
(0 0 0)
(0 0 0)
(0 0 0)
(0 0 0)
(0 0 0)
(0 0 0)
(0 0 0)
(0 0 0)
(0 0 0)
(0 0 0)
(0 0 0)
(0 0 0)
(0 0 0)
(0 0 0)
(0 0 0)
(0 0 0)
(0 0 0)
(0 0 0)
(0 0 0)
(0 0 0)
(0 0 0)
(0 0 0)
(0 0 0)
(0 0 0)
(0 0 0)
(0 0 0)
(0 0 0)
(0 0 0)
(0 0 0)
(0 0 0)
(0 0 0)
(0 0 0)
(0 0 0)
(0 0 0)
(0 0 0)
(0 0 0)
(0 0 0)
(0 0 0)
(0 0 0)
(0 0 0)
(0 0 0)
(0 0 0)
(0 0 0)
(0 0 0)
(0 0 0)
(0 0 0)
(0 0 0)
(0 0 0)
(0 0 0)
(0 0 0)
(0 0 0)
(0 0 0)
(0 0 0)
(0 0 0)
(0 0 0)
(0 0 0)
(0 0 0)
(0 0 0)
(0 0 0)
(0 0 0)
(0 0 0)
(0 0 0)
(0 0 0)
(0 0 0)
(0 0 0)
(0 0 0)
(0 0 0)
(0 0 0)
(0 0 0)
(0 0 0)
(0 0 0)
(0 0 0)
(0 0 0)
(0 0 0)
(0 0 0)
(0 0 0)
(0 0 0)
(0 0 0)
(0 0 0)
(0 0 0)
(0 0 0)
(0 0 0)
(0 0 0)
(0 0 0)
(0 0 0)
(0 0 0)
(0 0 0)
(0 0 0)
(0 0 0)
(0 0 0)
(0 0 0)
(0 0 0)
(0 0 0)
(0 0 0)
(0 0 0)
(0 0 0)
(0 0 0)
(0 0 0)
(0 0 0)
(0 0 0)
(0 0 0)
(0 0 0)
(0 0 0)
(0 0 0)
(0 0 0)
(0 0 0)
(0 0 0)
(0 0 0)
(0 0 0)
(0 0 0)
(0 0 0)
(0 0 0)
(0 0 0)
(0 0 0)
(0 0 0)
(0 0 0)
(0 0 0)
(0 0 0)
(0 0 1.01245e-26)
(0 0 0)
(0 0 0)
(0 0 0)
(0 0 0)
(0 0 0)
(0 0 0)
(0 0 0)
(0 0 0)
(0 0 0)
(0 0 0)
(0 0 0)
(0 0 0)
(0 0 0)
(0 0 0)
(0 0 0)
(-1.77927e-49 0 9.089e-15)
(-7.18555e-47 0 0)
(-8.33337e-44 0 0)
(-4.54333e-41 0 0)
(7.84009e-39 0 6.60836e-25)
(6.46061e-41 0 0)
(3.69638e-44 0 0)
(-2.24135e-46 0 0)
(-6.90595e-49 0 0)
(-9.77734e-52 0 0)
(-2.16107e-40 0 2.03275e-18)
(-8.61208e-38 0 4.32677e-25)
(-3.369e-35 0 1.28626e-18)
(-1.36024e-32 0 -5.07859e-18)
(-2.58301e-31 0 5.06223e-18)
(-3.81984e-33 0 -1.79224e-24)
(-3.19225e-35 0 0)
(-6.77888e-38 0 0)
(-1.11469e-40 0 0)
(-1.56609e-43 0 0)
(-1.22519e-42 0 -9.02919e-15)
(-2.50118e-40 0 0)
(-1.28481e-37 0 0)
(-3.31477e-35 0 0)
(1.46602e-33 0 2.0042e-20)
(4.97917e-36 0 0)
(-2.88392e-38 0 0)
(-1.5121e-40 0 0)
(-2.73837e-43 0 0)
(-4.19128e-46 0 0)
(0 0 0)
(0 0 -8.88263e-15)
(-1.43554e-46 0 2.97612e-18)
(0 0 0)
(0 0 0)
(-6.66799e-44 0 0)
(0 0 0)
(0 0 8.28035e-15)
(-7.28226e-41 0 0)
(0 0 0)
(-3.22771e-38 0 0)
(0 0 0)
(4.49484e-36 0 2.16453e-23)
(0 0 0)
(4.47504e-38 0 0)
(0 0 0)
(1.00078e-41 0 0)
(0 0 0)
(-1.61666e-43 0 0)
(0 0 0)
(-6.60684e-46 0 0)
(0 0 0)
(-9.91249e-49 0 0)
(0 0 0)
(0 0 0)
(0 0 0)
(0 0 0)
(0 0 0)
(0 0 0)
(0 0 0)
(0 0 0)
(0 0 0)
(0 0 0)
(0 0 -8.41485e-15)
(0 0 0)
(0 0 0)
(0 0 0)
(0 0 0)
(0 0 0)
(0 0 0)
(0 0 0)
(0 0 0)
(0 0 0)
(0 0 0)
(0 0 0)
(0 0 0)
(0 0 0)
(0 0 0)
(0 0 0)
(0 0 0)
(0 0 0)
(0 0 0)
(0 0 0)
(0 0 0)
(0 0 0)
(0 0 0)
(0 0 0)
(0 0 0)
(0 0 0)
(0 0 0)
(0 0 0)
(0 0 0)
(0 0 0)
(0 0 0)
(0 0 0)
(0 0 0)
(0 0 0)
(0 0 0)
(0 0 0)
(0 0 0)
(0 0 0)
(0 0 0)
(0 0 0)
(-2.14128e-14 2.34895e-14 2.00059e-16)
(-3.24834e-17 1.33811e-18 0)
(-4.19071e-20 0 0)
(-2.04152e-16 2.39227e-16 1.33575e-16)
(-2.54684e-19 1.51368e-20 9.50072e-21)
(-4.57751e-22 0 0)
(-1.4142e-19 0 5.94765e-20)
(-6.98312e-22 2.02172e-24 5.44554e-23)
(-1.10699e-24 0 0)
(-1.80313e-22 0 0)
(-1.12599e-24 0 0)
(-1.73344e-27 0 0)
(-1.76927e-27 0 0)
(-1.7903e-25 0 2.67435e-48)
(-1.20978e-27 0 5.76079e-45)
(-1.77236e-30 0 3.34534e-41)
(-8.61205e-30 0 0)
(-1.33479e-28 0 0)
(-9.0175e-31 0 0)
(-1.21065e-33 0 0)
(-2.06183e-32 0 0)
(-7.50677e-32 0 0)
(-4.72086e-34 0 0)
(-5.50878e-37 0 0)
(-3.11605e-35 0 0)
(-3.18074e-35 0 0)
(-1.61022e-37 0 0)
(-1.57734e-40 0 0)
(-3.3817e-38 0 0)
(-1.00085e-38 0 0)
(-3.48189e-41 0 0)
(-2.70589e-44 0 0)
(-2.87942e-41 0 0)
(-2.28348e-42 0 0)
(-5.09512e-45 0 0)
(-2.38227e-48 0 0)
(1.1388e-09 1.63295e-08 6.27504e-10)
(1.55188e-09 1.85821e-08 9.21921e-10)
(3.30579e-09 2.69177e-08 6.50294e-10)
(1.11077e-08 2.17534e-07 4.24464e-09)
(1.00194e-09 1.80416e-08 4.83756e-10)
(1.60002e-09 3.45672e-08 3.55323e-09)
(9.86004e-10 1.67373e-08 6.46119e-10)
(-2.00518e-08 4.11185e-08 1.15311e-09)
(-2.19714e-08 4.84802e-08 1.25562e-09)
(-1.89933e-08 4.11515e-08 1.67488e-09)
(-2.80335e-08 5.07294e-08 1.34277e-09)
(-4.3984e-07 1.04412e-06 2.57533e-08)
(-2.05237e-08 4.07213e-08 1.75305e-09)
(-3.67446e-08 7.73285e-08 1.15491e-08)
(-1.21225e-07 2.41806e-09 4.17278e-09)
(-1.31452e-07 -1.78822e-10 3.01267e-09)
(-1.21922e-07 -8.28977e-11 4.19556e-09)
(-1.03116e-06 2.84747e-08 2.1332e-08)
(-1.54083e-07 3.83334e-09 1.39353e-08)
(-1.32558e-06 -1.3032e-08 2.77052e-08)
(-1.82813e-07 -7.13163e-10 1.69755e-08)
(0.000207613 2.12708e-06 4.07496e-06)
(0.000108235 -1.17278e-06 5.03888e-06)
(0.000108797 9.01455e-07 4.91651e-06)
(8.17913e-05 4.591e-07 2.82778e-06)
(8.29057e-05 -6.14679e-07 2.29621e-06)
(8.17549e-05 -5.96362e-07 2.82672e-06)
(8.28899e-05 4.75212e-07 2.29679e-06)
(3.24057e-05 -2.41396e-06 1.62558e-06)
(3.19631e-05 -2.54752e-06 6.87822e-07)
(2.265e-05 -1.87122e-06 8.68171e-07)
(2.06909e-05 -1.6932e-06 6.71295e-07)
(2.18172e-05 -2.06765e-06 5.6119e-07)
(2.15774e-05 -2.06895e-06 7.30769e-07)
(2.08671e-05 -1.70435e-06 5.39674e-07)
(9.11442e-05 4.86923e-06 1.46277e-06)
(2.79512e-05 2.02041e-06 1.03768e-06)
(4.04557e-05 2.47135e-06 1.89883e-06)
(2.51563e-05 2.08189e-06 8.34956e-07)
(2.44969e-05 1.77919e-06 6.28336e-07)
(2.42774e-05 1.76712e-06 7.86325e-07)
(2.54397e-05 2.0834e-06 6.4973e-07)
(3.85616e-05 2.67274e-05 2.52351e-06)
(1.89339e-05 1.32998e-05 5.83962e-07)
(1.8641e-05 1.28251e-05 5.77742e-07)
(1.81324e-05 1.23992e-05 7.12733e-07)
(1.80449e-05 1.27401e-05 7.30966e-07)
(1.7819e-05 1.24078e-05 6.99662e-07)
(1.79375e-05 1.24899e-05 5.67334e-07)
(-6.40559e-08 -3.81373e-09 1.70108e-09)
(-6.40335e-08 -3.56642e-09 1.47472e-09)
(-6.38033e-08 -3.55453e-09 1.6911e-09)
(-4.21826e-07 -2.1988e-08 6.78736e-09)
(-7.12503e-08 -4.14973e-09 3.34126e-09)
(-7.35633e-08 -4.716e-09 1.61926e-09)
(-6.57566e-08 -3.68837e-09 1.90195e-09)
)
;

boundaryField
{
    ground
    {
        type            zeroGradient;
    }
    outlet
    {
        type            zeroGradient;
    }
    wall
    {
        type            zeroGradient;
    }
    wall2
    {
        type            zeroGradient;
    }
    wall3
    {
        type            zeroGradient;
    }
    internalPatch
    {
        type            internal;
    }
    procBoundary0to1
    {
        type            processor;
        value           nonuniform List<vector> 
232
(
(-2.20521e-09 2.20772e-09 8.29184e-09)
(-2.20521e-09 2.20772e-09 8.29184e-09)
(-8.00351e-10 1.99627e-08 6.12131e-08)
(-8.00351e-10 1.99627e-08 6.12131e-08)
(-1.32014e-09 2.27436e-08 7.12711e-08)
(-7.74761e-09 6.3243e-08 1.01049e-07)
(-3.69308e-09 8.68363e-09 1.29298e-08)
(-2.67736e-09 6.51277e-09 9.81172e-09)
(-7.85667e-10 8.1426e-10 1.42659e-09)
(-1.08804e-10 7.51098e-11 2.94924e-10)
(-1.08804e-10 7.51098e-11 2.94924e-10)
(-1.89859e-09 5.61113e-11 3.19229e-09)
(-2.94348e-08 3.19422e-09 1.11419e-07)
(-2.90341e-08 3.29069e-09 1.15458e-07)
(-6.595e-09 1.05844e-08 2.14432e-07)
(-8.97702e-10 2.06568e-08 6.44844e-08)
(1.58532e-10 2.05047e-08 6.55133e-08)
(-2.47832e-11 1.9802e-08 6.0825e-08)
(-2.47832e-11 1.9802e-08 6.0825e-08)
(3.404e-10 2.55339e-08 8.02696e-08)
(2.93174e-09 8.44576e-08 1.34117e-07)
(1.09759e-09 4.41689e-08 6.11782e-08)
(-3.37231e-09 4.32775e-08 5.99624e-08)
(-3.86805e-09 7.83233e-09 1.08972e-08)
(-2.63005e-09 6.78975e-09 9.49312e-09)
(-2.63005e-09 6.78975e-09 9.49312e-09)
(-7.85667e-10 8.1426e-10 1.42659e-09)
(-1.91959e-11 1.3085e-11 1.98768e-11)
(-1.91959e-11 1.3085e-11 1.98768e-11)
(-3.05607e-12 1.21868e-12 5.06295e-12)
(-3.05607e-12 1.21868e-12 5.06295e-12)
(-4.17206e-11 7.13946e-13 5.25316e-11)
(-1.35481e-11 -1.1195e-12 1.93089e-11)
(-6.33645e-10 -7.37928e-11 9.19309e-10)
(-1.12593e-08 -3.08214e-09 3.95606e-08)
(-2.95873e-08 7.71605e-10 1.11972e-07)
(-2.9551e-08 4.95455e-10 1.21024e-07)
(-7.73398e-09 -7.2893e-10 2.51339e-07)
(1.11898e-08 -1.52539e-09 2.66324e-07)
(8.68444e-09 1.2404e-08 2.44392e-07)
(9.86799e-09 2.18544e-09 4.32117e-08)
(1.88377e-09 3.69109e-09 1.8081e-08)
(1.91159e-09 3.8051e-09 1.72599e-08)
(1.91159e-09 3.8051e-09 1.72599e-08)
(2.14636e-09 5.67345e-09 2.80796e-08)
(4.62632e-09 3.13611e-08 4.81115e-08)
(3.35229e-09 1.1489e-08 1.63881e-08)
(3.35229e-09 1.1489e-08 1.63881e-08)
(1.09759e-09 4.41689e-08 6.11782e-08)
(-3.37231e-09 4.32775e-08 5.99624e-08)
(-3.86805e-09 7.83233e-09 1.08972e-08)
(-4.12913e-09 1.10254e-08 1.47e-08)
(-2.76538e-09 7.25735e-09 9.70726e-09)
(-5.03252e-09 1.69074e-08 1.07269e-08)
(-5.03252e-09 1.69074e-08 1.07269e-08)
(-3.206e-08 4.08322e-08 3.86319e-08)
(-3.45419e-08 3.96421e-08 3.74979e-08)
(-1.98503e-09 1.28291e-09 1.11212e-09)
(-1.98503e-09 1.28291e-09 1.11212e-09)
(-1.91959e-11 1.3085e-11 1.98768e-11)
(-5.65908e-10 1.71441e-10 6.53452e-10)
(-3.05607e-12 1.21868e-12 5.06295e-12)
(-4.17206e-11 7.13946e-13 5.25316e-11)
(-1.35481e-11 -1.1195e-12 1.93089e-11)
(-1.65673e-09 -1.48089e-10 1.72696e-09)
(-5.76943e-08 -3.4909e-09 2.37612e-08)
(-7.74503e-08 -6.34146e-09 2.71451e-08)
(-6.79944e-07 -7.32097e-08 1.09981e-07)
(-3.33735e-06 -5.86755e-07 8.93448e-08)
(-4.4121e-05 -3.32972e-06 1.04458e-06)
(-4.48853e-05 -3.06506e-06 1.05641e-06)
(-6.52921e-05 -1.42762e-06 1.50421e-06)
(-6.79761e-05 -3.14268e-07 1.53327e-06)
(-5.19806e-05 1.8999e-06 1.17659e-06)
(-4.76651e-05 2.06744e-06 1.12407e-06)
(-1.1651e-05 2.39124e-06 2.65163e-07)
(-5.73742e-07 1.53753e-07 1.28417e-08)
(-2.10196e-08 1.38982e-08 6.65877e-10)
(-1.37468e-08 9.76592e-09 5.32841e-10)
(-1.37468e-08 9.76592e-09 5.32841e-10)
(-2.50024e-08 1.79431e-08 7.54978e-10)
(-1.07494e-06 8.74561e-07 3.56576e-08)
(-2.38234e-05 3.70056e-05 9.46482e-07)
(-3.32772e-05 5.6152e-05 1.23135e-06)
(-6.6625e-06 2.01782e-05 3.655e-07)
(-3.0846e-06 9.59927e-06 2.27995e-07)
(-7.88708e-08 3.05905e-07 6.95373e-09)
(-7.88708e-08 3.05905e-07 6.95373e-09)
(-7.08889e-07 4.34128e-06 1.07937e-07)
(-6.30034e-07 1.19296e-05 2.88278e-07)
(-5.09501e-07 1.29555e-05 2.99288e-07)
(1.98771e-08 1.21375e-05 2.54373e-07)
(7.39449e-08 1.21787e-05 2.53783e-07)
(6.17439e-07 1.10558e-05 2.39511e-07)
(6.9798e-07 9.95899e-06 2.28202e-07)
(4.48052e-07 1.61447e-06 4.29081e-08)
(3.13659e-08 1.0448e-07 1.9443e-09)
(5.66639e-09 1.38221e-08 2.7721e-10)
(5.66639e-09 1.38221e-08 2.7721e-10)
(1.37163e-07 2.65807e-07 5.88048e-09)
(1.87619e-08 3.72775e-08 5.63799e-09)
(3.09516e-09 7.46478e-09 3.38424e-09)
(4.42363e-08 6.14503e-08 3.73864e-08)
(2.35634e-06 2.33401e-06 1.98149e-06)
(3.8735e-08 4.12605e-08 4.85961e-08)
(1.98625e-09 2.70883e-09 4.74554e-09)
(1.39483e-08 9.69745e-09 2.70183e-08)
(2.43022e-07 9.19749e-08 4.69362e-07)
(1.6799e-06 2.71014e-07 2.86983e-06)
(2.76702e-06 -1.68746e-07 4.95012e-06)
(8.38801e-07 -1.50509e-07 1.4808e-06)
(7.07073e-08 -3.29493e-08 1.19357e-07)
(4.35959e-09 -8.05567e-10 7.67585e-09)
(8.57889e-10 -1.25477e-10 1.62845e-09)
(8.57889e-10 -1.25477e-10 1.62845e-09)
(4.69287e-09 -1.79911e-09 2.83015e-08)
(7.3636e-09 -2.14474e-09 3.39588e-08)
(4.3298e-09 -8.27065e-09 1.5407e-07)
(-3.47163e-09 -7.63596e-09 1.51859e-07)
(-1.18944e-08 -2.21871e-09 4.05729e-08)
(-1.09334e-08 -2.11654e-09 3.83343e-08)
(-1.17995e-08 -2.97143e-09 4.27982e-08)
(-5.92383e-09 -1.0033e-08 1.79341e-07)
(6.83692e-09 -1.02932e-08 2.01908e-07)
(6.92353e-09 -2.25748e-09 3.93458e-08)
(9.20062e-09 -1.31747e-10 4.44365e-08)
(3.58236e-09 2.04098e-10 2.56604e-08)
(3.33842e-09 1.06459e-09 2.38903e-08)
(1.55642e-09 3.3714e-09 1.66056e-08)
(1.51954e-09 3.47561e-09 1.62604e-08)
(1.51954e-09 3.47561e-09 1.62604e-08)
(1.74486e-09 3.77717e-09 1.70284e-08)
(2.87842e-09 1.00412e-08 1.72736e-08)
(1.79731e-09 8.99994e-09 1.31483e-08)
(1.79731e-09 8.99994e-09 1.31483e-08)
(3.63955e-09 1.46064e-08 1.9744e-08)
(6.12895e-09 4.99505e-08 5.34418e-08)
(3.67028e-09 1.41084e-07 1.68248e-07)
(-1.0638e-08 9.63462e-08 1.20374e-07)
(-1.08962e-08 1.58754e-07 1.02364e-07)
(-6.47456e-09 2.38254e-08 1.61157e-08)
(-5.9827e-09 1.89251e-08 1.12615e-08)
(-4.85195e-09 1.68446e-08 1.01755e-08)
(-4.85195e-09 1.68446e-08 1.01755e-08)
(-4.97384e-09 1.73963e-08 9.83668e-09)
(-1.38331e-08 4.54796e-08 2.66112e-08)
(-7.3899e-08 1.05919e-07 8.54272e-08)
(-3.60439e-08 4.13132e-08 3.59169e-08)
(-6.74815e-08 7.32857e-08 2.11333e-08)
(-1.40648e-08 1.06159e-08 8.50102e-10)
(-1.35335e-08 9.63182e-09 6.22112e-10)
(-1.35335e-08 9.63182e-09 6.22112e-10)
(-1.45462e-08 9.6853e-09 7.48459e-10)
(-4.5921e-08 1.52687e-08 1.00171e-08)
(-3.20811e-08 9.74812e-09 1.74249e-08)
(-3.11041e-08 9.48095e-09 1.80527e-08)
(-3.28044e-08 9.6854e-09 1.88218e-08)
(-7.27455e-08 3.54578e-09 3.15854e-08)
(-4.30859e-09 1.16264e-10 3.80192e-09)
(-7.68468e-08 -2.78109e-10 3.36696e-08)
(-6.01519e-08 -4.06602e-09 2.51667e-08)
(-1.58154e-07 -9.83095e-09 5.18911e-08)
(-2.2974e-06 -2.20614e-07 6.10057e-07)
(-4.37134e-05 -3.3066e-06 1.32008e-06)
(-4.4388e-05 -3.12164e-06 1.3146e-06)
(-6.13816e-05 -1.21799e-06 2.17945e-06)
(-6.19562e-05 -4.46668e-07 2.25489e-06)
(-4.67881e-05 1.97004e-06 1.84701e-06)
(-4.48459e-05 1.93218e-06 1.74564e-06)
(-4.46678e-06 2.59695e-07 1.36594e-06)
(-6.99729e-07 1.23362e-07 1.71041e-07)
(-4.67079e-08 1.14995e-08 2.43707e-08)
(-2.16806e-07 1.44691e-08 8.31857e-08)
(-3.25379e-07 -3.73221e-09 1.3032e-07)
(-8.11554e-06 -7.86941e-08 2.08127e-06)
(-2.68105e-06 4.38129e-06 1.78824e-06)
(-2.3322e-05 3.61876e-05 1.58446e-06)
(-2.40944e-05 4.05491e-05 1.94746e-06)
(-3.83674e-06 1.12324e-05 6.54489e-07)
(-3.01359e-06 9.3462e-06 3.84358e-07)
(-6.38287e-07 1.61622e-06 4.99747e-07)
(-1.09903e-08 2.84506e-08 6.15638e-09)
(-1.09903e-08 2.84506e-08 6.15638e-09)
(-7.65656e-08 6.21052e-07 1.31462e-07)
(-9.76548e-08 1.92554e-06 5.10911e-07)
(-6.01952e-07 1.13162e-05 4.12966e-07)
(-4.63546e-07 1.15793e-05 4.26559e-07)
(6.69544e-08 9.25849e-06 3.88478e-07)
(3.68289e-08 9.32479e-06 3.81298e-07)
(5.55082e-07 9.99806e-06 2.84962e-07)
(6.95856e-07 9.57241e-06 2.79831e-07)
(1.2494e-07 2.19047e-06 5.33986e-07)
(6.1208e-08 3.25095e-07 5.27051e-08)
(7.05517e-09 2.33575e-08 2.69423e-09)
(4.40068e-09 1.149e-08 6.57913e-10)
(4.40068e-09 1.149e-08 6.57913e-10)
(3.09516e-09 7.46478e-09 3.38424e-09)
(3.09516e-09 7.46478e-09 3.38424e-09)
(1.98625e-09 2.70883e-09 4.74554e-09)
(1.98625e-09 2.70883e-09 4.74554e-09)
(2.8725e-10 1.29782e-10 7.54467e-10)
(2.8725e-10 1.29782e-10 7.54467e-10)
(4.45253e-09 3.00242e-09 1.04067e-08)
(6.46645e-09 2.93888e-09 1.45899e-08)
(2.0884e-08 3.06088e-09 4.5721e-08)
(3.23752e-08 -2.09305e-09 7.47271e-08)
(1.00561e-08 -1.77041e-09 2.14895e-08)
(2.06225e-09 8.09354e-11 6.7e-09)
(2.06225e-09 8.09354e-11 6.7e-09)
(2.8725e-10 1.29782e-10 7.54467e-10)
(4.24398e-09 2.80029e-08 1.61186e-08)
(6.76629e-09 6.88537e-08 4.91209e-08)
(4.47765e-09 2.13448e-07 1.32667e-07)
(1.52285e-09 7.98374e-08 3.89774e-08)
(-2.72501e-09 7.91962e-08 3.88207e-08)
(-2.72501e-09 7.91962e-08 3.88207e-08)
(-5.9827e-09 1.89251e-08 1.12615e-08)
(-4.85195e-09 1.68446e-08 1.01755e-08)
(-4.97384e-09 1.73963e-08 9.83668e-09)
(-6.21729e-09 2.48777e-08 1.42666e-08)
(-8.13261e-09 1.56473e-07 6.4172e-08)
(3.74762e-09 1.83242e-07 7.39282e-08)
(-7.24045e-09 2.71293e-06 7.57238e-07)
(5.32352e-09 7.26679e-08 3.51721e-08)
(3.85659e-09 2.81779e-08 1.08175e-08)
(2.07573e-09 1.96148e-08 8.86227e-09)
(2.07573e-09 1.96148e-08 8.86227e-09)
(3.75065e-09 2.39453e-08 1.11744e-08)
(3.75065e-09 2.39453e-08 1.11744e-08)
(1.52285e-09 7.98374e-08 3.89774e-08)
(4.73773e-09 -1.63987e-09 2.8784e-08)
(1.16012e-08 1.66243e-08 1.34414e-08)
)
;
    }
    procBoundary0to2
    {
        type            processor;
        value           nonuniform List<vector> 
97
(
(2.27577e-05 -5.15525e-06 8.63122e-06)
(3.27214e-07 -7.8679e-08 1.97001e-07)
(7.75129e-09 -1.40503e-09 5.39695e-09)
(7.75129e-09 -1.40503e-09 5.39695e-09)
(2.12597e-07 -6.74134e-08 2.52576e-07)
(1.6523e-06 -1.94224e-07 1.56354e-06)
(5.76746e-06 -1.78226e-07 4.59309e-06)
(3.5764e-06 2.99623e-07 2.98191e-06)
(5.66054e-07 1.50741e-07 4.30399e-07)
(3.28268e-08 1.3824e-08 2.7104e-08)
(3.28268e-08 1.3824e-08 2.7104e-08)
(1.80616e-06 7.18376e-07 1.05468e-06)
(1.79743e-05 9.53865e-06 6.09892e-06)
(2.89437e-05 2.55467e-05 1.18746e-05)
(2.4984e-05 2.46855e-05 9.74606e-06)
(1.35308e-06 1.93958e-06 4.56666e-07)
(3.10807e-05 4.17354e-05 1.39269e-06)
(0.000187428 0.0001783 4.15118e-06)
(0.01322 0.0103765 0.000334095)
(0.00990271 0.00530095 0.000211956)
(0.000116405 5.62084e-05 1.88769e-06)
(1.33276e-05 5.16687e-06 3.72623e-07)
(1.33276e-05 5.16687e-06 3.72623e-07)
(5.39088e-05 1.52909e-05 1.03951e-06)
(0.000313271 4.5014e-05 4.2677e-06)
(0.00293199 0.000333143 4.99419e-05)
(0.0127207 0.000904025 0.000266645)
(0.0238732 0.000550537 0.000583305)
(0.0271948 -0.000460872 0.000683711)
(0.0124076 -0.00101453 0.00029652)
(0.00226086 -0.000277095 4.86411e-05)
(0.000210282 -3.34673e-05 3.48347e-06)
(3.72955e-05 -7.41331e-06 7.97041e-07)
(2.87068e-05 -5.17182e-06 1.46441e-06)
(5.75604e-05 -9.30285e-06 5.63714e-06)
(0.000406345 -4.83265e-05 5.12932e-05)
(6.35365e-05 -7.49984e-06 2.04224e-05)
(4.93801e-05 -5.9119e-06 1.91127e-05)
(2.12433e-06 -1.98442e-07 1.74417e-06)
(4.08371e-08 -4.24436e-09 3.48623e-08)
(4.08371e-08 -4.24436e-09 3.48623e-08)
(1.27902e-07 -4.70893e-09 8.98113e-08)
(8.95005e-08 7.44903e-09 5.88635e-08)
(1.62434e-08 4.62552e-09 1.01363e-08)
(7.8203e-09 3.14269e-09 4.47075e-09)
(7.8203e-09 3.14269e-09 4.47075e-09)
(3.33193e-08 1.15731e-08 1.55313e-08)
(1.13752e-06 5.75397e-07 2.21027e-07)
(1.59584e-05 7.63232e-06 4.71218e-06)
(1.76005e-05 8.58475e-06 4.21724e-06)
(0.000122067 6.61612e-05 2.72398e-05)
(0.000157376 0.000132566 4.22635e-05)
(2.75521e-05 2.722e-05 8.80472e-06)
(5.61423e-05 5.43528e-05 6.41144e-06)
(0.00311212 0.00248233 0.000421467)
(0.0023847 0.00129682 0.000280649)
(3.62414e-05 1.78039e-05 3.12544e-06)
(1.13752e-06 5.75397e-07 2.21027e-07)
(4.24058e-05 8.04216e-06 9.47431e-06)
(4.13075e-05 1.10431e-05 1.88748e-06)
(0.000110554 1.61251e-05 8.6801e-06)
(0.000766061 8.4365e-05 8.02647e-05)
(0.00310792 0.00019099 0.000363699)
(0.00531124 7.64283e-05 0.000676538)
(0.00526621 -0.000116489 0.000717431)
(0.00224608 -0.000181867 0.000306986)
(0.000120217 -8.79026e-06 3.703e-05)
(5.39952e-05 -5.21272e-06 2.08573e-05)
(8.13178e-05 -2.93641e-06 2.8812e-05)
(5.1447e-06 -1.11401e-07 4.05743e-06)
(1.27902e-07 -4.70893e-09 8.98113e-08)
(8.95005e-08 7.44903e-09 5.88635e-08)
(1.62434e-08 4.62552e-09 1.01363e-08)
(7.8203e-09 3.14269e-09 4.47075e-09)
(3.33193e-08 1.15731e-08 1.55313e-08)
(5.2553e-07 1.10288e-07 4.06237e-07)
(4.20943e-05 7.9664e-06 9.79048e-06)
(4.23562e-05 7.48956e-06 9.86543e-06)
(4.36539e-05 7.82933e-06 9.83577e-06)
(7.01876e-05 7.29637e-06 1.37854e-05)
(0.000187178 9.64443e-06 3.76603e-05)
(0.000318555 5.94468e-06 7.61611e-05)
(0.00026804 -1.04858e-05 7.26055e-05)
(8.25547e-05 2.27731e-06 2.90648e-05)
(3.70965e-05 4.76668e-06 1.22972e-05)
(3.12869e-06 2.66908e-07 1.94526e-06)
(2.94339e-05 2.654e-06 8.88702e-06)
(7.16768e-41 0 0)
(7.16768e-41 0 0)
(-1.29059e-30 -1.04775e-16 0)
(-1.72054e-23 -9.97931e-17 2.49943e-22)
(4.84556e-39 0 7.56561e-21)
(4.84556e-39 0 7.56561e-21)
(6.40201e-27 0 6.84874e-19)
(0 0 6.15481e-17)
(0 0 0)
(5.60844e-29 0 -4.37321e-15)
)
;
    }
    procBoundary0to3
    {
        type            processor;
        value           nonuniform List<vector> 
93
(
(0 0 2.3973e-23)
(0 0 2.3973e-23)
(0 0 0)
(0 0 0)
(0 0 0)
(0 0 0)
(0 0 0)
(0 0 0)
(0 0 0)
(0 0 0)
(0 0 6.53916e-18)
(0 0 0)
(0 0 4.00989e-26)
(0 0 -1.17309e-30)
(0 0 -1.17309e-30)
(0 0 0)
(0 0 0)
(0 0 0)
(0 0 0)
(0 0 0)
(0 0 0)
(0 0 0)
(0 0 0)
(0 0 0)
(0 0 0)
(0 0 0)
(0 0 0)
(0 0 4.37182e-26)
(0 0 0)
(0 0 2.21696e-22)
(0 0 1.65291e-24)
(0 0 2.69048e-27)
(0 0 8.72183e-33)
(0 0 8.72183e-33)
(0 0 0)
(0 0 0)
(0 0 0)
(0 0 0)
(0 0 0)
(0 0 0)
(0 0 0)
(0 0 0)
(0 0 0)
(0 0 0)
(0 0 0)
(0 0 0)
(0 0 0)
(0 0 0)
(0 0 0)
(0 0 0)
(0 0 -2.90494e-18)
(9.91505e-28 0 -5.98066e-16)
(4.33438e-41 0 -4.31772e-22)
(-1.15101e-27 0 8.66445e-22)
(-1.15101e-27 0 8.66445e-22)
(1.60298e-22 0 6.1981e-22)
(1.27304e-18 -6.34277e-19 -5.57156e-19)
(1.40477e-20 -6.65953e-19 0)
(0 -1.02024e-15 0)
(8.80651e-28 -1.02985e-15 0)
(0 0 -2.12173e-16)
(0 0 -2.74225e-19)
(0 0 -1.37012e-22)
(0 0 4.81503e-20)
(0 0 -3.04509e-22)
(0 0 2.96765e-22)
(0 0 2.42917e-20)
(0 0 2.08687e-30)
(0 0 4.76531e-29)
(0 0 0)
(0 0 0)
(0 0 1.25702e-24)
(-1.45961e-24 0 8.22766e-17)
(0 0 8.97813e-22)
(0 0 8.97813e-22)
(0 0 0)
(-8.81909e-26 0 0)
(1.51142e-41 0 0)
(1.08658e-25 0 4.50046e-15)
(0 0 -4.50204e-15)
(0 0 0)
(0 0 0)
(0 0 0)
(0 0 0)
(1.60298e-22 0 6.1981e-22)
(0 0 -1.13277e-20)
(0 0 -1.13277e-20)
(0 -9.9513e-16 1.25517e-18)
(4.81759e-25 -1.02969e-15 -3.7837e-18)
(0 0 -1.55083e-16)
(0 0 -2.491e-18)
(-9.59995e-23 0 -1.69879e-16)
(0 0 -1.13277e-20)
)
;
    }
    procBoundary0to4
    {
        type            processor;
        value           nonuniform List<vector> 
160
(
(0 0 0)
(0 0 0)
(0 0 0)
(0 0 0)
(0 0 0)
(0 0 0)
(0 0 0)
(0 0 0)
(0 0 0)
(0 0 0)
(0 0 0)
(0 0 0)
(0 0 0)
(0 0 0)
(0 0 0)
(0 0 0)
(0 0 0)
(0 0 0)
(0 0 0)
(0 0 0)
(0 0 0)
(0 0 0)
(0 0 0)
(0 0 0)
(0 0 0)
(0 0 0)
(0 0 0)
(0 0 0)
(0 0 0)
(0 0 0)
(0 0 0)
(0 0 0)
(0 0 0)
(0 0 0)
(0 0 0)
(0 0 0)
(0 0 0)
(0 0 0)
(0 0 0)
(0 0 0)
(0 0 0)
(0 0 0)
(0 0 0)
(0 0 0)
(0 0 0)
(0 0 0)
(0 0 0)
(0 0 0)
(0 0 0)
(0 0 1.53079e-27)
(0 0 9.60129e-22)
(0 0 -4.67458e-18)
(0 0 2.06522e-18)
(0 0 1.01013e-28)
(0 0 -1.1833e-16)
(0 0 -1.23781e-19)
(0 0 -9.27026e-17)
(0 0 0)
(0 0 0)
(0 0 0)
(0 0 -8.6997e-17)
(0 0 -8.6997e-17)
(0 0 0)
(0 0 0)
(0 0 0)
(0 0 0)
(0 0 9.09495e-15)
(0 0 0)
(0 0 0)
(0 0 0)
(0 0 0)
(0 0 0)
(0 0 0)
(0 0 0)
(0 0 0)
(0 0 0)
(0 0 0)
(0 0 0)
(0 0 0)
(0 0 0)
(0 0 0)
(0 0 0)
(0 0 0)
(0 0 0)
(0 0 0)
(0 0 0)
(0 0 0)
(0 0 0)
(0 0 0)
(0 0 0)
(0 0 0)
(0 0 0)
(0 0 0)
(0 0 0)
(0 0 0)
(0 0 0)
(0 0 0)
(0 0 0)
(0 0 0)
(0 0 0)
(0 0 0)
(0 0 0)
(0 0 0)
(0 0 0)
(0 0 0)
(0 0 0)
(0 0 -2.44321e-29)
(0 0 1.56056e-23)
(0 0 -1.95283e-20)
(0 0 3.36592e-18)
(0 0 3.34316e-31)
(0 0 0)
(0 0 0)
(0 0 0)
(0 0 0)
(0 0 0)
(0 0 0)
(0 0 0)
(0 0 0)
(0 0 0)
(0 0 0)
(0 0 0)
(0 0 0)
(0 0 0)
(0 0 0)
(0 0 0)
(0 0 0)
(0 0 0)
(0 0 0)
(0 0 0)
(0 0 0)
(0 0 0)
(0 0 0)
(0 0 0)
(0 0 0)
(0 0 0)
(0 0 0)
(0 0 0)
(0 0 0)
(0 0 0)
(0 0 0)
(0 0 0)
(0 0 0)
(0 0 0)
(0 0 0)
(0 0 0)
(0 0 0)
(0 0 0)
(0 0 3.55044e-16)
(0 0 -8.69269e-17)
(0 0 3.16125e-27)
(0 0 0)
(0 0 0)
(0 0 0)
(0 0 0)
(0 0 0)
(0 0 0)
(0 0 0)
(0 0 0)
(0 0 0)
)
;
    }
    procBoundary0to6
    {
        type            processor;
        value           nonuniform List<vector> 
70
(
(0 0 0)
(0 0 0)
(0 0 2.39312e-39)
(0 0 2.39312e-39)
(0 0 1.89977e-32)
(0 0 0)
(0 0 0)
(0 0 0)
(0 0 0)
(-9.92754e-40 0 0)
(-5.06775e-37 0 0)
(-2.11793e-34 0 0)
(-2.47305e-32 0 7.60738e-15)
(0 0 1.50215e-21)
(0 0 1.50215e-21)
(1.91101e-32 0 1.09934e-27)
(-5.1195e-39 0 1.88387e-18)
(3.63418e-32 0 3.36546e-20)
(1.11766e-34 0 -3.3649e-20)
(3.17491e-37 0 7.51465e-18)
(8.41051e-40 0 -5.22307e-21)
(9.48719e-43 0 -4.86639e-21)
(0 0 -1.19758e-21)
(0 0 -1.19758e-21)
(-5.0624e-48 0 0)
(-1.80531e-44 0 1.21816e-16)
(-6.27866e-43 0 -6.797e-17)
(0 0 -8.63789e-15)
(0 0 1.66397e-24)
(0 0 4.3206e-15)
(0 0 -6.19386e-15)
(0 0 5.13639e-21)
(0 0 -3.28407e-24)
(0 0 0)
(0 0 0)
(0 0 0)
(0 0 0)
(-4.1298e-41 0 0)
(0 0 0)
(0 0 0)
(0 0 0)
(0 0 1.5032e-21)
(0 0 -1.88326e-16)
(-4.47368e-38 0 -6.3472e-15)
(0 0 5.71107e-16)
(0 0 5.71107e-16)
(0 0 3.46229e-16)
(0 0 -3.46254e-16)
(0 0 3.9269e-18)
(0 0 -3.50667e-24)
(0 0 -3.50667e-24)
(-1.01881e-45 0 -6.84511e-25)
(1.51768e-41 0 -1.02185e-22)
(-1.31822e-40 0 6.04207e-23)
(-1.04716e-37 0 9.04608e-17)
(-4.21868e-30 0 -1.51972e-19)
(-2.28228e-28 0 1.46803e-19)
(-3.01844e-30 0 -4.03222e-22)
(-1.78003e-32 0 0)
(-2.62097e-35 0 0)
(-3.38582e-38 0 0)
(9.20095e-40 0 4.59092e-16)
(-1.28061e-39 0 8.60937e-15)
(0 0 3.46229e-16)
(0 0 -3.46254e-16)
(0 0 3.9269e-18)
(-1.73797e-43 0 2.05691e-19)
(-6.33735e-38 0 5.121e-19)
(5.28417e-37 0 -1.1362e-16)
(-2.47937e-41 0 -8.60934e-15)
)
;
    }
}


// ************************************************************************* //
