/*--------------------------------*- C++ -*----------------------------------*\
  =========                 |
  \\      /  F ield         | OpenFOAM: The Open Source CFD Toolbox
   \\    /   O peration     | Website:  https://openfoam.org
    \\  /    A nd           | Version:  9
     \\/     M anipulation  |
\*---------------------------------------------------------------------------*/
FoamFile
{
    format      ascii;
    class       volVectorField;
    location    "0.0002";
    object      rhoU;
}
// * * * * * * * * * * * * * * * * * * * * * * * * * * * * * * * * * * * * * //

dimensions      [1 -2 -1 0 0 0 0];

internalField   nonuniform List<vector> 
2220
(
(0 0 1.50215e-21)
(0 0 2.39312e-39)
(0 0 0)
(0 0 0)
(0 0 1.5032e-21)
(0 0 0)
(0 0 0)
(0 0 0)
(-2.47305e-32 0 7.60738e-15)
(-2.11793e-34 0 0)
(-5.06775e-37 0 0)
(-9.92754e-40 0 0)
(0 0 0)
(0 0 0)
(0 0 0)
(0 0 0)
(-1.78003e-32 0 0)
(-2.62097e-35 0 0)
(-3.38582e-38 0 0)
(-4.1298e-41 0 0)
(0 0 -6.19386e-15)
(0 0 5.13639e-21)
(0 0 -3.28407e-24)
(0 0 -3.46254e-16)
(0 0 3.46229e-16)
(0 0 5.71107e-16)
(-1.80531e-44 0 1.21816e-16)
(1.51768e-41 0 -1.02185e-22)
(-6.33735e-38 0 5.121e-19)
(5.28417e-37 0 -1.1362e-16)
(-5.0624e-48 0 0)
(0 0 -1.19758e-21)
(-1.01881e-45 0 -6.84511e-25)
(0 0 -3.50667e-24)
(-1.73797e-43 0 2.05691e-19)
(0 0 3.9269e-18)
(-2.47937e-41 0 -8.60934e-15)
(9.20095e-40 0 4.59092e-16)
(0 0 -1.88326e-16)
(-1.28061e-39 0 8.60937e-15)
(-4.47368e-38 0 -6.3472e-15)
(-6.27866e-43 0 -6.797e-17)
(-1.31822e-40 0 6.04207e-23)
(-1.04716e-37 0 9.04608e-17)
(-4.21868e-30 0 -1.51972e-19)
(-2.28228e-28 0 1.46803e-19)
(-3.01844e-30 0 -4.03222e-22)
(0 0 -8.63789e-15)
(0 0 1.66397e-24)
(0 0 4.3206e-15)
(0 0 8.99265e-16)
(0 0 2.72343e-15)
(0 0 -3.66218e-15)
(0 0 7.86207e-16)
(0 0 6.98134e-16)
(0 0 7.30707e-16)
(0 0 -2.47851e-15)
(1.40793e-35 0 -1.29357e-23)
(1.54474e-36 0 -6.79515e-16)
(5.84885e-35 0 9.46237e-15)
(-1.54934e-38 0 4.92071e-27)
(1.40619e-33 0 1.00035e-21)
(-1.95965e-30 0 6.03384e-17)
(-8.74052e-33 0 -2.73834e-17)
(5.96319e-32 0 8.0716e-18)
(1.52633e-28 0 -1.12274e-23)
(-4.18795e-28 0 -1.55982e-14)
(2.04251e-30 0 -2.27382e-15)
(-1.12155e-26 0 1.42933e-14)
(9.21212e-27 0 0)
(-1.50421e-25 0 2.96873e-16)
(0 0 -8.41353e-17)
(0 0 1.14696e-22)
(0 0 4.75726e-17)
(0 0 -1.90806e-17)
(0 0 -2.78807e-18)
(0 0 7.19921e-21)
(0 0 5.09206e-19)
(-1.89822e-27 0 -2.16864e-19)
(2.50713e-41 0 -2.0777e-19)
(6.23438e-39 0 -1.16855e-20)
(-1.29304e-35 0 1.01344e-19)
(2.68632e-34 0 -7.01857e-19)
(-2.58464e-51 0 0)
(-4.04936e-49 0 -9.07087e-23)
(-2.22218e-46 0 9.82545e-18)
(-1.28618e-39 0 -6.51683e-17)
(0 0 -1.40113e-23)
(0 0 -1.34055e-22)
(0 0 3.63025e-16)
(9.48719e-43 0 -4.86639e-21)
(8.41051e-40 0 -5.22307e-21)
(3.17491e-37 0 7.51465e-18)
(1.11766e-34 0 -3.3649e-20)
(1.44501e-26 1.49609e-16 -2.30499e-19)
(0 0 -1.08148e-18)
(0 5.48235e-16 3.54532e-21)
(0 0 0)
(0 0 1.99448e-15)
(0 0 0)
(0 0 0)
(0 0 0)
(0 0 0)
(0 0 1.92534e-15)
(0 0 -2.09818e-15)
(0 0 0)
(0 0 2.61339e-16)
(0 0 0)
(0 0 5.68249e-16)
(0 0 -8.63353e-16)
(0 0 1.55537e-14)
(0 0 5.90248e-16)
(0 0 1.31715e-15)
(0 0 1.88772e-15)
(0 0 2.10443e-15)
(0 0 -2.0098e-15)
(0 0 0)
(0 0 0)
(0 0 3.42335e-18)
(0 0 0)
(0 0 0)
(0 0 0)
(0 0 0)
(0 0 0)
(0 0 -1.34271e-14)
(0 0 0)
(0 0 0)
(0 0 0)
(0 0 2.485e-16)
(0 0 -1.31556e-15)
(0 0 0)
(0 0 0)
(0 0 -1.12677e-14)
(0 0 1.34417e-14)
(0 0 2.29592e-15)
(0 0 9.94331e-17)
(0 0 -1.32839e-14)
(0 0 0)
(0 0 1.54286e-14)
(0 0 -1.54183e-14)
(0 0 0)
(0 0 0)
(0 0 0)
(0 0 1.3205e-14)
(0 0 -1.51791e-14)
(0 0 0)
(0 0 0)
(0 0 0)
(0 0 0)
(0 0 -7.18746e-20)
(0 0 1.14089e-14)
(0 0 8.03167e-19)
(0 0 0)
(0 0 0)
(0 0 0)
(0 0 -1.81899e-14)
(0 0 4.01911e-18)
(0 0 0)
(0 0 0)
(0 0 0)
(0 0 9.05355e-17)
(0 0 0)
(0 6.99462e-15 -9.09495e-15)
(0 0 -2.0286e-14)
(-1.55901e-37 0 0)
(0 0 0)
(0 0 0)
(8.40205e-15 0 -6.35196e-16)
(0 6.85459e-15 -7.89245e-15)
(0 0 -1.87442e-14)
(0 0 1.12323e-18)
(2.98277e-16 0 -2.98924e-20)
(0 0 0)
(0 0 0)
(8.40178e-15 0 6.25896e-16)
(0 7.3219e-15 0)
(0 0 -2.12172e-14)
(8.11656e-16 -2.86021e-16 0)
(0 0 1.02957e-17)
(0 0 0)
(0 0 -1.31575e-15)
(0 0 0)
(0 0 0)
(0 6.85459e-15 7.12324e-15)
(0 0 0)
(0 0 1.06934e-17)
(0 0 -1.39142e-15)
(0 0 0)
(0 0 0)
(0 0 0)
(0 0 1.54295e-14)
(0 0 -6.2264e-18)
(0 0 0)
(0 0 0)
(0 0 0)
(0 0 2.18185e-15)
(0 0 0)
(0 0 0)
(0 0 0)
(0 0 0)
(0 0 4.66095e-15)
(1.62546e-39 0 -5.77249e-19)
(0 0 -3.71596e-17)
(0 0 2.76929e-17)
(0 0 0)
(0 7.09382e-15 7.12324e-15)
(0 0 0)
(0 0 1.06922e-17)
(0 0 -1.39142e-15)
(0 9.09495e-15 -3.04647e-18)
(0 0 0)
(0 0 0)
(0 0 1.52417e-14)
(0 0 -1.73318e-18)
(0 0 0)
(0 0 0)
(0 0 0)
(0 0 2.58972e-17)
(0 0 2.18185e-15)
(0 0 0)
(0 0 0)
(0 0 0)
(2.41291e-37 0 0)
(0 0 0)
(1.57413e-32 0 0)
(0 5.9177e-16 0)
(0 0 3.516e-17)
(0 0 0)
(0 -1.40076e-16 0)
(0 0 0)
(0 0 0)
(0 0 0)
(0 0 0)
(0 0 0)
(0 0 0)
(0 0 -2.87123e-17)
(0 0 -7.72563e-17)
(0 0 -2.87092e-17)
(0 0 1.50259e-17)
(0 0 0)
(0 0 0)
(0 0 0)
(0 0 0)
(0 0 0)
(0 0 0)
(0 0 0)
(0 0 1.02994e-17)
(0 0 0)
(0 0 -1.68251e-15)
(0 0 0)
(0 0 0)
(0 0 0)
(0 0 0)
(0 0 0)
(0 0 -1.68242e-15)
(0 0 0)
(0 0 0)
(0 0 0)
(0 0 0)
(0 0 0)
(0 0 0)
(0 0 1.54183e-14)
(0 0 2.64149e-17)
(0 0 -1.89203e-17)
(0 0 1.96757e-15)
(0 0 -1.60859e-15)
(0 0 -1.57305e-15)
(0 0 1.37411e-14)
(0 0 -1.27099e-14)
(0 0 0)
(0 0 0)
(0 0 0)
(0 0 -8.21247e-17)
(0 0 0)
(0 0 0)
(0 0 -4.6687e-17)
(0 0 0)
(0 0 0)
(0 0 -1.33045e-14)
(0 0 0)
(0 0 1.40412e-14)
(0 0 9.73649e-17)
(0 0 1.9695e-15)
(0 0 -1.60861e-15)
(0 0 -1.57305e-15)
(0 0 1.37411e-14)
(0 0 -1.27099e-14)
(0 0 0)
(0 0 0)
(0 0 0)
(0 0 -8.21247e-17)
(0 0 0)
(0 0 0)
(0 0 -4.66678e-17)
(0 0 0)
(0 0 0)
(0 0 -1.33045e-14)
(0 0 0)
(0 0 0)
(0 0 0)
(0 0 0)
(0 0 0)
(0 0 0)
(0 0 -8.8399e-18)
(-2.66662e-35 0 -1.45093e-16)
(0 0 0)
(0 -7.70915e-15 0)
(0 0 3.46218e-15)
(0 -7.70915e-15 -5.23439e-17)
(0 0 9.62225e-15)
(-3.18001e-52 0 0)
(0 0 0)
(-5.02122e-50 0 -1.75676e-14)
(0 0 -1.81899e-14)
(-4.12781e-33 -9.09495e-15 0)
(0 0 -2.0641e-21)
(-5.824e-31 -5.9177e-16 0)
(0 0 0)
(0 -7.74192e-15 1.49382e-17)
(0 0 0)
(4.38321e-16 -7.73184e-15 0)
(0 0 9.42513e-15)
(-1.27766e-43 0 -3.07149e-15)
(0 0 0)
(0 0 -1.52338e-14)
(-1.53644e-41 0 -1.73367e-14)
(7.42344e-28 -7.24635e-16 0)
(7.31582e-16 0 6.14699e-16)
(0 0 3.57538e-15)
(0 0 -7.61882e-16)
(-7.37189e-46 0 2.78731e-14)
(-5.34834e-48 0 -2.91315e-15)
(0 0 3.6961e-16)
(0 0 3.53643e-15)
(0 0 -8.34007e-16)
(-3.41976e-37 0 0)
(-1.22136e-39 0 -3.11761e-15)
(0 0 0)
(1.75163e-16 0 0)
(0 0 0)
(-1.45577e-35 -5.81081e-18 0)
(0 -3.77788e-18 3.50165e-16)
(-2.9419e-23 -1.25481e-14 -5.36941e-16)
(0 6.65206e-15 -3.48228e-15)
(2.69705e-24 4.40304e-15 -5.60641e-15)
(4.47325e-22 0 -2.00304e-17)
(8.37922e-15 0 0)
(1.49877e-20 0 0)
(1.08796e-23 0 -1.56432e-19)
(8.41643e-15 0 0)
(0 0 1.51515e-17)
(3.32277e-20 0 -6.27393e-17)
(0 0 -6.05995e-17)
(0 0 0)
(0 0 0)
(0 0 0)
(0 0 0)
(0 0 0)
(0 0 0)
(0 0 0)
(0 0 0)
(0 3.14446e-35 0)
(0 0 -8.95492e-15)
(0 0 0)
(0 3.82145e-33 0)
(0 0 0)
(0 0 1.36446e-14)
(0 0 0)
(0 0 0)
(0 0 1.33619e-16)
(0 0 0)
(0 0 0)
(0 0 2.66112e-15)
(0 0 0)
(0 0 0)
(0 0 2.30946e-15)
(0 4.06504e-29 0)
(0 0 -6.99462e-15)
(0 4.10762e-31 0)
(0 0 1.55584e-14)
(0 0 0)
(0 0 0)
(0 2.95037e-36 0)
(0 0 0)
(0 0 0)
(0 2.93519e-34 0)
(0 0 0)
(0 0 0)
(0 0 0)
(0 2.23077e-33 0)
(0 0 0)
(0 0 0)
(0 2.7418e-31 0)
(0 0 0)
(0 0 0)
(0 0 0)
(0 0 0)
(0 3.90638e-30 0)
(0 0 0)
(0 3.52844e-32 0)
(0 0 0)
(0 0 0)
(0 0 0)
(0 0 -2.07381e-16)
(0 6.41567e-28 0)
(0 0 0)
(0 1.43351e-29 -2.10466e-16)
(0 0 0)
(0 0 0)
(6.81256e-43 0 0)
(1.67438e-44 0 0)
(1.66187e-48 0 0)
(0 0 0)
(2.24511e-46 0 0)
(2.47537e-41 0 -1.05612e-14)
(1.22208e-46 0 0)
(2.1157e-41 0 0)
(1.63668e-42 0 0)
(1.59292e-42 0 7.1768e-16)
(1.14139e-37 0 0)
(2.86186e-44 0 0)
(1.24505e-39 0 0)
(1.43329e-40 0 0)
(0 0 0)
(0 0 1.16088e-16)
(0 0 0)
(0 0 0)
(0 0 2.02032e-15)
(0 0 -1.71754e-15)
(0 0 0)
(0 0 1.36446e-14)
(0 3.7561e-27 0)
(0 0 9.57744e-15)
(0 0 0)
(0 0 -1.1322e-14)
(0 3.16468e-25 0)
(0 0 -5.49611e-15)
(0 0 0)
(0 0 1.33619e-16)
(0 0 0)
(0 0 0)
(0 0 0)
(0 0 2.66112e-15)
(0 0 0)
(0 0 0)
(0 0 2.30946e-15)
(0 1.39864e-21 0)
(0 0 -6.99462e-15)
(0 2.24845e-23 0)
(0 0 1.55584e-14)
(0 0 0)
(0 0 0)
(0 3.25594e-28 0)
(0 0 0)
(0 0 0)
(0 0 0)
(0 1.93822e-26 0)
(0 0 0)
(0 0 0)
(0 5.92996e-26 0)
(0 0 0)
(0 0 0)
(0 0 0)
(0 2.08795e-24 0)
(0 0 0)
(0 0 0)
(0 0 0)
(0 1.15294e-22 0)
(0 0 0)
(0 1.60486e-24 0)
(0 0 0)
(0 0 0)
(0 0 0)
(0 0 -2.02214e-16)
(0 1.61769e-21 0)
(0 0 0)
(0 6.04127e-23 -2.10466e-16)
(0 0 0)
(0 0 0)
(3.22937e-37 0 0)
(6.00424e-41 0 0)
(5.90839e-36 0 1.37838e-14)
(8.20949e-36 0 0)
(4.90757e-39 0 1.02718e-15)
(3.70809e-40 0 0)
(2.22084e-34 0 -1.54183e-14)
(2.23454e-35 0 0)
(1.89825e-34 0 0)
(1.02038e-35 0 0)
(3.54431e-31 0 1.34271e-14)
(4.03675e-38 0 0)
(9.04288e-33 0 0)
(1.13386e-33 0 0)
(0 0 1.16075e-16)
(0 0 0)
(0 0 0)
(0 0 0)
(0 0 2.02087e-15)
(0 0 -1.59174e-15)
(0 0 0)
(0 0 1.34271e-14)
(0 7.99953e-20 0)
(0 0 9.57744e-15)
(0 0 0)
(0 0 -1.1322e-14)
(0 1.56242e-18 0)
(0 0 -6.71457e-15)
(0 0 0)
(0 1.34884e-21 0)
(0 0 0)
(0 0 0)
(0 0 0)
(0 -8.24291e-21 0)
(0 0 0)
(0 0 0)
(0 3.99596e-20 0)
(0 0 0)
(0 0 0)
(0 0 0)
(0 1.78579e-18 0)
(0 0 0)
(0 -6.11841e-33 0)
(-3.96136e-50 0 -1.72416e-14)
(0 0 0)
(0 -7.51295e-31 0)
(-5.83943e-48 0 1.63753e-14)
(-2.54917e-49 0 0)
(-1.89633e-51 0 0)
(0 0 -3.64493e-15)
(0 -1.49934e-27 0)
(-1.00468e-43 0 1.75796e-14)
(0 -3.51858e-29 -3.9556e-15)
(-7.94875e-46 0 -1.69629e-14)
(-3.44659e-47 0 -1.80031e-14)
(-4.43079e-45 0 1.57773e-14)
(0 -1.43423e-25 0)
(-1.19987e-41 0 -1.61613e-14)
(0 0 0)
(0 -4.99496e-24 0)
(-1.33958e-39 0 1.66905e-14)
(-5.54702e-41 0 0)
(-5.51206e-43 0 0)
(0 0 -3.87194e-15)
(0 -4.36043e-21 0)
(-1.26e-35 0 1.65312e-14)
(0 -1.53814e-22 -3.9556e-15)
(-1.35692e-37 0 -1.70428e-14)
(-5.2053e-39 0 -1.80031e-14)
(-4.64085e-37 0 1.57773e-14)
(3.08162e-16 0 -2.98924e-20)
(2.20041e-16 1.51592e-31 -2.36429e-20)
(1.06341e-18 -5.88375e-16 0)
(4.57393e-22 -1.30331e-17 -8.47457e-19)
(2.18829e-16 0 8.54485e-18)
(3.25207e-17 -2.62188e-17 0)
(0 -4.57138e-19 -5.80101e-19)
(1.01006e-16 -2.75304e-16 -1.46487e-16)
(3.25568e-16 -2.86021e-16 0)
(2.26834e-16 -2.80286e-16 -1.46487e-16)
(2.03525e-16 0 3.54709e-16)
(1.31662e-16 -1.45311e-19 1.96986e-16)
(7.31582e-16 0 5.97098e-16)
(0 -1.45459e-19 -1.41148e-16)
(0 0 0)
(0 0 0)
(0 0 0)
(0 0 0)
(0 0 0)
(0 0 0)
(0 0 0)
(0 -1.23726e-19 0)
(0 -6.33555e-19 -8.78715e-17)
(0 0 -6.93938e-16)
(0 0 0)
(0 0 0)
(0 0 -1.35724e-14)
(0 0 1.32899e-14)
(0 0 -1.97274e-18)
(0 0 -1.79345e-22)
(0 0 0)
(0 0 0)
(0 0 -1.05905e-16)
(0 0 -1.30843e-15)
(0 0 -1.78263e-22)
(0 0 -7.05127e-17)
(0 0 0)
(0 0 -6.9361e-16)
(0 0 0)
(0 0 -1.38254e-15)
(0 0 -1.67267e-14)
(0 0 1.32899e-14)
(0 0 -1.8102e-18)
(0 0 1.01498e-18)
(0 0 3.1478e-17)
(0 0 1.36955e-15)
(0 0 8.74348e-17)
(0 0 -9.51771e-17)
(0 0 -1.14436e-15)
(0 0 1.74377e-14)
(0 0 1.95119e-15)
(0 0 1.0014e-17)
(0 0 6.92364e-16)
(0 0 6.3571e-16)
(0 0 -1.19961e-15)
(0 0 -1.41675e-14)
(1.72495e-16 0 3.15337e-20)
(1.22177e-16 1.43193e-32 3.21876e-20)
(0 0 0)
(3.02994e-20 0 2.02563e-18)
(0 0 0)
(1.58126e-18 0 0)
(1.2219e-16 0 -2.32344e-18)
(0 -6.16184e-18 0)
(0 -1.44906e-17 -1.30843e-15)
(0 0 -1.67267e-14)
(0 -2.50332e-16 0)
(0 -2.50269e-16 3.20839e-20)
(0 0 1.58085e-14)
(0 0 4.12511e-20)
(0 0 1.54183e-14)
(0 -2.46568e-16 -3.01071e-20)
(0 -2.35625e-16 -2.98924e-20)
(-5.26788e-33 0 0)
(0 0 -1.67267e-14)
(0 0 -3.8476e-20)
(0 0 -3.8476e-20)
(6.33547e-26 0 -1.27628e-18)
(0 -3.78656e-18 -7.61974e-16)
(-7.33171e-31 0 1.06545e-15)
(0 0 2.32881e-17)
(0 0 1.42223e-14)
(0 0 3.46802e-16)
(0 0 -1.41315e-14)
(2.63375e-15 -2.81419e-15 7.59197e-19)
(3.62547e-15 -2.74974e-15 -6.26279e-19)
(2.70399e-15 -5.95766e-17 3.77535e-15)
(0 4.60176e-15 1.67052e-19)
(0 4.61176e-15 -1.2445e-19)
(0 4.54847e-15 2.72076e-16)
(0 -4.01616e-15 0)
(0 8.46063e-15 0)
(0 -4.00553e-15 -4.83784e-21)
(0 8.41666e-15 0)
(0 -3.69255e-15 0)
(0 6.36294e-15 8.71886e-15)
(-4.97929e-38 8.10409e-15 3.35377e-19)
(-3.68427e-31 0 -2.78957e-15)
(0 0 1.75918e-17)
(0 0 1.27537e-15)
(0 0 -7.22437e-21)
(0 0 -4.68356e-18)
(1.27524e-15 4.08691e-17 4.362e-18)
(0 0 1.7983e-15)
(0 0 0)
(0 0 0)
(-6.83728e-31 1.6006e-14 0)
(-3.19694e-31 -9.26444e-15 0)
(0 -2.98708e-15 -3.5523e-15)
(0 0 -1.4154e-16)
(0 1.41113e-22 0)
(0 3.50326e-20 -5.24172e-19)
(0 0 -3.85153e-19)
(0 0 0)
(0 0 0)
(0 0 -4.4103e-18)
(0 0 -3.33e-18)
(0 0 1.21934e-20)
(0 0 1.32043e-14)
(0 0 0)
(0 0 0)
(0 0 0)
(0 0 0)
(9.09449e-15 3.41984e-25 -5.99345e-16)
(9.09449e-15 5.89934e-26 -5.42421e-16)
(9.09495e-15 -8.36336e-15 -7.9708e-15)
(0 0 0)
(8.50318e-15 0 0)
(8.56293e-15 0 -3.07287e-15)
(0 0 -3.21842e-17)
(0 5.55767e-16 0)
(6.315e-22 -1.62851e-16 0)
(0 0 -1.13033e-16)
(1.20182e-24 0 0)
(0 0 0)
(-4.92059e-42 0 2.15175e-14)
(0 0 0)
(2.14544e-40 0 0)
(3.10713e-34 0 -1.68197e-14)
(4.45692e-33 0 0)
(0 0 0)
(1.82461e-31 0 1.78155e-14)
(6.14989e-26 0 -1.69103e-14)
(0 1.81899e-14 -4.39433e-17)
(0 9.09495e-15 -3.48307e-16)
(0 0 1.02524e-17)
(0 0 -2.12182e-16)
(0 0 2.03109e-14)
(0 9.09495e-15 -6.18077e-19)
(0 0 1.37048e-21)
(0 0 6.16327e-18)
(0 0 -2.76242e-19)
(0 0 2.55028e-15)
(0 0 2.78849e-23)
(0 0 1.13724e-21)
(6.50851e-31 0 0)
(4.52351e-26 0 0)
(0 0 3.85247e-16)
(0 0 -1.25166e-22)
(0 0 2.65696e-20)
(3.32852e-24 0 1.78155e-14)
(1.53853e-25 0 -1.75236e-14)
(-1.36847e-24 0 0)
(-9.63445e-16 0 4.54704e-15)
(-2.41366e-16 0 0)
(0 0 0)
(1.14224e-15 0 -3.23615e-15)
(-8.73146e-16 0 0)
(0 6.99377e-31 0)
(0 0 2.68648e-14)
(0 0 -1.8335e-14)
(0 -1.18085e-33 2.93867e-14)
(0 7.33676e-35 0)
(0 0 1.54836e-14)
(0 1.12667e-29 3.03116e-14)
(0 0 -1.85733e-14)
(0 0 0)
(0 0 1.58449e-14)
(0 0 2.84354e-14)
(0 0 -1.76792e-14)
(0 0 -1.52802e-17)
(0 0 0)
(3.89317e-26 0 -3.25261e-16)
(1.31593e-20 0 0)
(8.18021e-15 0 -1.59994e-15)
(0 0 0)
(0 0 1.71246e-14)
(0 0 -1.67623e-14)
(0 0 -2.49045e-14)
(0 0 2.24875e-14)
(0 0 -1.71208e-14)
(0 0 1.71653e-14)
(0 0 -2.24875e-14)
(0 4.82537e-29 -2.00212e-14)
(0 0 -1.79527e-14)
(0 0 1.48831e-14)
(0 7.43015e-28 -3.17186e-15)
(0 0 0)
(0 0 1.7009e-14)
(0 0 2.03485e-15)
(0 0 -1.6887e-14)
(0 0 2.24875e-14)
(0 0 -1.7122e-14)
(0 0 1.69105e-14)
(0 0 -2.24875e-14)
(0 5.30265e-33 -2.00212e-14)
(0 0 -1.81744e-14)
(0 0 1.51747e-14)
(0 4.44673e-32 -3.44253e-15)
(0 0 2.7872e-17)
(0 0 -8.86485e-18)
(0 0 5.4804e-16)
(0 0 4.91463e-16)
(0 0 1.47787e-14)
(0 0 2.7716e-15)
(0 0 2.32371e-17)
(0 0 1.68624e-21)
(0 0 0)
(0 0 -4.76784e-17)
(0 0 2.3824e-20)
(0 0 0)
(0 0 8.90124e-16)
(0 0 1.67803e-14)
(0 0 1.52485e-15)
(0 0 -1.7342e-14)
(0 0 1.90267e-14)
(0 0 -1.85124e-14)
(0 0 1.65132e-14)
(0 0 -2.28822e-14)
(0 0 -1.78792e-14)
(0 0 -1.38618e-14)
(0 0 1.581e-14)
(0 0 1.27099e-14)
(-1.92627e-26 -9.09495e-15 -4.4331e-17)
(-7.23196e-29 -9.09495e-15 0)
(0 0 0)
(9.09495e-15 -8.36454e-15 7.69226e-15)
(0 0 3.37761e-15)
(0 0 1.1491e-14)
(-1.62884e-35 0 1.75101e-14)
(0 0 0)
(0 0 -9.90407e-15)
(-1.41582e-33 0 -1.56991e-14)
(-5.03016e-21 -2.72514e-16 -9.09495e-15)
(-3.21522e-21 6.01673e-16 0)
(0 1.70064e-14 0)
(-5.33671e-21 -3.01139e-16 0)
(0 0 -1.41331e-15)
(-1.46937e-25 8.6576e-15 -2.27374e-15)
(-3.21355e-21 3.88203e-16 -8.97533e-15)
(0 4.31069e-16 0)
(0 0 -1.59992e-15)
(0 0 -1.51482e-14)
(0 2.00616e-20 -1.07318e-14)
(0 7.32477e-15 -4.54747e-15)
(0 4.37946e-16 0)
(0 9.93251e-16 -9.09495e-15)
(0 0 0)
(0 0 0)
(0 0 -1.19381e-17)
(0 0 -3.18105e-16)
(0 0 0)
(0 0 0)
(0 0 -2.33501e-15)
(3.6451e-20 0 -1.21738e-17)
(0 0 0)
(3.94613e-22 0 0)
(0 0 -1.50256e-15)
(0 0 0)
(0 0 -1.84746e-16)
(6.02999e-20 0 -8.40777e-17)
(0 0 0)
(0 0 -8.41385e-16)
(-6.79542e-30 0 3.00415e-15)
(-9.66861e-32 0 -3.40806e-15)
(0 0 -3.96526e-21)
(0 0 -2.1865e-15)
(0 0 0)
(-1.26427e-22 0 0)
(-1.58968e-22 0 -2.32188e-15)
(0 0 0)
(0 0 -1.56837e-14)
(-1.57584e-20 0 -2.57231e-16)
(-7.33664e-20 0 -3.79092e-18)
(0 0 0)
(0 0 0)
(0 0 -6.06869e-16)
(0 0 0)
(0 0 -6.69e-17)
(0 0 -2.16316e-17)
(0 0 0)
(0 0 1.47612e-14)
(0 0 -2.93553e-15)
(0 0 0)
(0 0 2.51447e-15)
(0 0 2.01236e-14)
(0 0 -1.87686e-14)
(-3.14711e-24 -9.76174e-16 0)
(-1.22661e-25 -3.57128e-16 0)
(1.04914e-21 2.89954e-16 0)
(-1.68552e-24 0 -3.26118e-16)
(-2.1849e-26 -6.04789e-15 -4.54747e-15)
(-4.80243e-28 0 2.27514e-14)
(0 0 0)
(0 0 -6.41717e-16)
(0 0 0)
(0 0 1.43335e-17)
(0 0 1.80056e-18)
(0 0 -7.05057e-17)
(9.09495e-15 0 0)
(0 0 8.85817e-15)
(9.09495e-15 0 -8.48779e-15)
(0 0 -2.1532e-16)
(0 8.44319e-24 -5.36667e-15)
(9.095e-15 7.42773e-24 -6.26271e-16)
(0 1.15664e-22 -5.08695e-19)
(9.09495e-15 0 8.47535e-15)
(0 0 -5.106e-18)
(9.09495e-15 0 -8.48751e-15)
(0 0 9.60028e-17)
(0 1.00785e-24 -1.96584e-16)
(9.09465e-15 9.39765e-28 8.90487e-15)
(0 2.47363e-26 8.15943e-17)
(8.50337e-15 0 6.15898e-15)
(1.47529e-20 0 -8.32908e-15)
(9.09495e-15 0 -3.47196e-16)
(9.09495e-15 0 -4.68415e-17)
(0 0 5.23935e-16)
(6.32215e-20 0 -4.4647e-15)
(9.07526e-15 0 7.77885e-17)
(0 0 7.38961e-15)
(1.18794e-42 0 0)
(0 0 0)
(1.17455e-42 0 5.81249e-15)
(4.99532e-40 0 -4.54079e-15)
(4.16275e-40 0 0)
(8.12807e-41 0 -2.12658e-18)
(1.97894e-44 0 0)
(1.13019e-40 0 0)
(4.29644e-38 0 2.82333e-15)
(1.71119e-36 0 0)
(6.53943e-37 0 0)
(2.82188e-38 0 0)
(7.3179e-39 0 0)
(9.18366e-39 0 0)
(1.50053e-40 9.06249e-30 0)
(1.74532e-41 0 2.39227e-15)
(0 -5.30619e-30 0)
(3.44714e-38 0 -2.68232e-14)
(1.56425e-39 0 -4.78453e-16)
(-5.74902e-37 -2.33364e-28 2.10777e-16)
(1.16538e-45 -3.6382e-32 1.67459e-15)
(7.02966e-39 1.19011e-27 0)
(3.91766e-36 0 1.62104e-14)
(9.0331e-36 0 -2.91825e-15)
(1.7257e-32 7.073e-25 0)
(1.55258e-37 0 0)
(2.45494e-34 3.47339e-26 0)
(8.68229e-38 1.70965e-26 0)
(2.02271e-35 0 0)
(1.02171e-34 0 0)
(2.81945e-35 0 6.42895e-16)
(2.92907e-31 0 -3.67439e-15)
(2.44044e-37 0 2.19873e-17)
(6.27863e-33 0 0)
(9.84648e-34 0 0)
(1.59729e-33 0 0)
(8.39099e-30 0 2.84124e-15)
(6.11693e-30 0 0)
(7.70066e-30 0 0)
(2.17383e-31 0 0)
(9.58846e-32 0 0)
(9.64932e-32 0 0)
(9.53087e-31 1.7026e-33 0)
(5.35425e-34 0 4.09097e-15)
(2.47861e-30 1.44416e-26 -2.9929e-16)
(9.61022e-30 0 -1.78155e-14)
(5.51245e-37 -8.0977e-29 1.42325e-15)
(3.1234e-32 0 0)
(1.4816e-28 1.85699e-32 2.10857e-16)
(1.56626e-28 1.15603e-31 0)
(4.72739e-28 0 1.64859e-14)
(2.55206e-28 0 -2.89307e-15)
(2.36413e-24 4.37663e-29 -2.30733e-16)
(4.41292e-30 0 0)
(2.23748e-26 1.29422e-30 0)
(9.03541e-27 1.56197e-30 -1.25442e-17)
(0 0 -9.93197e-17)
(0 0 -8.52031e-18)
(0 0 1.26178e-16)
(0 0 0)
(0 0 -2.22631e-16)
(0 0 2.7716e-15)
(0 0 -2.26186e-15)
(0 0 0)
(0 0 2.25535e-15)
(0 9.25247e-16 -2.34545e-15)
(0 0 -1.20516e-15)
(0 5.47516e-17 0)
(0 0 1.81899e-14)
(0 0 -1.46096e-14)
(0 0 0)
(0 0 8.97932e-17)
(0 1.12447e-17 2.53664e-20)
(0 0 3.59156e-20)
(0 1.08451e-19 0)
(0 0 0)
(0 0 9.05603e-19)
(0 0 0)
(0 0 -2.01176e-16)
(0 7.862e-16 1.58962e-16)
(0 0 4.14975e-19)
(0 2.78352e-17 -2.21852e-16)
(0 0 0)
(0 0 1.39236e-17)
(3.98345e-31 0 0)
(1.64255e-34 0 0)
(1.73688e-29 0 0)
(1.44247e-29 0 0)
(1.28831e-32 0 4.90472e-19)
(1.67034e-33 0 0)
(7.1002e-28 0 -1.69938e-14)
(2.28454e-29 0 0)
(6.08573e-28 0 0)
(1.09584e-28 0 6.42895e-16)
(1.53892e-24 0 -3.77279e-15)
(1.26167e-30 0 2.27447e-17)
(2.27124e-26 0 0)
(1.01549e-27 0 0)
(0 0 1.31036e-14)
(1.76417e-29 0 0)
(-2.53201e-29 0 -1.97179e-19)
(9.21998e-30 0 -3.96526e-21)
(1.85037e-31 0 0)
(-7.53599e-28 0 -3.19237e-18)
(3.34073e-28 0 -1.00157e-19)
(0 0 -2.4732e-14)
(1.24634e-27 0 0)
(4.63293e-24 0 3.30621e-15)
(1.81002e-24 0 -1.47755e-16)
(9.50214e-26 0 1.93152e-16)
(7.51662e-26 0 0)
(2.65967e-26 0 -4.82714e-18)
(4.40069e-24 0 0)
(2.82378e-27 0 4.09097e-15)
(7.60157e-23 0 -8.79547e-16)
(4.26286e-23 0 -1.76466e-14)
(8.56567e-26 0 1.32646e-15)
(1.83094e-26 0 0)
(1.45964e-21 0 1.10253e-15)
(1.49152e-25 0 -1.1561e-15)
(1.17195e-22 0 0)
(8.972e-23 0 1.69865e-14)
(4.47422e-23 0 -1.02722e-15)
(1.52307e-24 0 0)
(1.39422e-21 0 3.4269e-15)
(1.00772e-21 0 0)
(0 -2.51119e-19 0)
(-1.10775e-33 0 -1.73447e-14)
(0 0 0)
(0 -4.75832e-18 0)
(-8.77284e-32 0 1.5333e-14)
(-2.7976e-33 0 0)
(-2.8692e-35 0 0)
(0 0 -3.84176e-15)
(0 -8.00623e-16 3.57565e-15)
(-3.84585e-28 0 1.60848e-14)
(0 -7.24121e-17 -3.81109e-15)
(-6.17643e-30 0 -1.8143e-14)
(-1.52812e-31 0 -1.76769e-14)
(-7.63697e-30 0 1.60763e-14)
(5.55876e-17 3.89523e-25 0)
(1.87409e-23 0 0)
(0 0 9.04598e-15)
(2.58954e-15 -3.85885e-15 -5.92982e-15)
(9.04736e-22 1.97013e-16 0)
(9.12217e-22 1.96047e-16 0)
(2.43402e-19 0 -1.08396e-15)
(1.90292e-18 0 3.50183e-16)
(1.58063e-16 4.25583e-25 -6.92529e-17)
(1.16657e-17 0 -9.08581e-15)
(1.04261e-18 0 7.43116e-15)
(4.72505e-17 9.61943e-26 2.39262e-18)
(4.79304e-17 0 1.06566e-16)
(0 -4.4408e-15 0)
(0 -4.4408e-15 3.45655e-19)
(0 -4.4408e-15 -1.90965e-19)
(-5.54086e-25 0 -3.52512e-17)
(0 8.78894e-15 8.88839e-15)
(0 8.77353e-15 -8.80981e-22)
(0 8.77348e-15 -9.00964e-18)
(0 6.68396e-19 -5.77839e-17)
(4.96844e-39 -4.54747e-15 -4.54747e-15)
(1.03367e-36 -4.54747e-15 -5.02724e-19)
(-1.69217e-33 -4.54747e-15 0)
(-1.88361e-31 5.94188e-20 2.38372e-17)
(0 8.3873e-16 0)
(0 -8.38726e-16 -6.73288e-16)
(0 0 -2.99388e-17)
(0 0 7.37893e-17)
(0 0 4.0953e-17)
(0 4.46065e-15 -2.71556e-15)
(0 8.15925e-20 -1.61419e-14)
(0 3.60951e-16 -2.32697e-14)
(0 0 0)
(0 1.33045e-17 1.64721e-14)
(0 -4.43761e-44 0)
(0 0 0)
(0 0 1.12597e-16)
(0 1.33025e-17 -1.70608e-14)
(0 -3.75024e-40 0)
(0 3.47961e-16 1.67505e-14)
(0 0 -3.93393e-18)
(0 0 0)
(0 0 1.00647e-16)
(0 1.32361e-17 -1.68022e-14)
(0 0 -9.34794e-18)
(0 3.38161e-16 1.76368e-14)
(0 0 -3.92996e-18)
(0 0 -1.90506e-17)
(0 0 0)
(0 0 0)
(0 0 0)
(0 0 1.99575e-17)
(0 0 0)
(0 0 -9.13712e-18)
(0 0 0)
(0 0 0)
(0 0 0)
(0 0 0)
(0 0 0)
(0 0 -2.45766e-17)
(0 0 0)
(0 0 0)
(0 0 0)
(0 0 0)
(0 0 0)
(0 0 -2.51922e-17)
(0 0 0)
(0 0 0)
(0 3.7992e-20 0)
(0 2.39227e-16 -1.91381e-15)
(-9.81873e-50 -9.09495e-15 0)
(0 0 0)
(0 0 0)
(0 0 0)
(0 0 -6.79129e-17)
(-3.28274e-40 0 -5.72938e-17)
(0 0 0)
(0 0 0)
(0 0 0)
(0 0 0)
(0 0 -9.74172e-17)
(3.2768e-31 0 -5.50744e-18)
(0 0 -2.71467e-16)
(0 0 0)
(-2.60495e-23 4.3805e-15 -1.7053e-15)
(0 -1.53278e-18 -1.5201e-15)
(0 0 2.09123e-15)
(4.00303e-24 0 0)
(0 1.36424e-14 -9.09495e-15)
(0 0 0)
(0 0 0)
(0 0 5.9116e-16)
(0 8.42387e-15 7.7458e-15)
(0 0 -2.33078e-15)
(0 0 0)
(0 0 0)
(-2.33906e-47 0 7.33934e-16)
(0 0 1.17216e-14)
(0 0 0)
(0 0 2.48649e-15)
(0 0 0)
(0 0 0)
(0 7.11492e-15 -7.71034e-15)
(0 -1.91353e-43 -2.38261e-15)
(0 0 0)
(0 0 5.49288e-16)
(0 6.88344e-15 7.7458e-15)
(0 0 1.88951e-15)
(0 0 0)
(0 0 -1.69938e-14)
(-5.34843e-38 0 7.29403e-16)
(0 0 1.17216e-14)
(0 0 0)
(0 0 2.36422e-15)
(0 0 0)
(0 0 0)
(0 6.46253e-15 -7.7103e-15)
(0 0 1.47788e-15)
(0 0 0)
(0 0 9.31682e-16)
(0 5.22722e-15 7.74578e-15)
(0 0 1.8922e-15)
(0 0 0)
(0 0 -1.69938e-14)
(2.8128e-31 0 3.49893e-16)
(0 0 1.32412e-14)
(0 0 0)
(0 0 0)
(0 0 0)
(0 0 0)
(-9.96698e-18 0 0)
(-1.86373e-18 -3.93442e-19 0)
(0 0 0)
(0 0 1.50364e-16)
(0 0 -1.40412e-14)
(-3.97907e-51 0 0)
(0 0 2.76308e-15)
(-1.13803e-48 0 0)
(0 0 -2.22355e-15)
(0 0 0)
(0 0 -1.40412e-14)
(-1.41585e-41 0 0)
(0 0 2.75037e-15)
(-2.5995e-39 0 0)
(0 0 -2.22355e-15)
(0 0 0)
(0 0 -1.40412e-14)
(-6.69286e-33 0 0)
(0 0 2.75037e-15)
(-6.24722e-31 0 0)
(-1.71538e-44 0 0)
(0 0 2.9472e-16)
(-5.3801e-42 0 0)
(0 0 -2.39607e-16)
(0 0 1.55468e-14)
(0 0 -2.17455e-15)
(0 0 -3.35345e-16)
(-4.03915e-37 0 0)
(-1.54398e-39 0 0)
(0 0 -1.60459e-15)
(-6.80993e-44 0 0)
(-2.93693e-46 0 0)
(-9.62838e-35 0 0)
(0 0 2.94566e-16)
(-2.07276e-32 0 0)
(0 0 -4.57975e-16)
(0 0 1.55257e-14)
(0 0 -2.17455e-15)
(0 0 -3.35345e-16)
(-6.79623e-28 0 0)
(-3.98204e-30 0 0)
(0 0 -1.60459e-15)
(-5.69338e-35 0 0)
(-4.13941e-37 0 0)
(-1.02593e-25 0 0)
(0 0 2.94582e-16)
(-1.34409e-23 0 0)
(0 0 -4.76894e-16)
(0 0 0)
(0 0 -2.17455e-15)
(0 0 -3.35351e-16)
(-1.35933e-19 0 0)
(-1.48684e-21 0 0)
(0 0 -1.60477e-15)
(-3.77535e-28 0 0)
(-3.64034e-29 0 0)
(0 2.19613e-16 -6.20777e-20)
(0 8.48159e-15 -1.36255e-14)
(0 -8.03726e-15 -3.87502e-19)
(1.00758e-18 -4.94304e-16 -4.8601e-16)
(0 0 0)
(0 -4.75611e-16 -2.21239e-18)
(-8.56305e-21 -8.3655e-16 0)
(-2.77847e-19 8.55041e-15 -1.13687e-14)
(-9.78517e-18 -4.2503e-16 0)
(0 -3.60711e-17 -8.35784e-15)
(-8.03392e-18 1.29844e-14 0)
(-8.52727e-21 -8.26885e-16 0)
(-3.44962e-16 -5.1633e-16 0)
(1.48374e-26 0 8.64081e-17)
(1.46403e-24 -8.70519e-15 -6.71356e-15)
(2.95907e-29 1.9061e-16 0)
(1.1934e-26 -2.85281e-16 4.62588e-15)
(-1.23372e-17 0 -4.23352e-16)
(0 0 1.37761e-14)
(-1.13025e-17 0 -4.56782e-21)
(0 6.79582e-24 -5.47888e-18)
(3.03231e-26 0 0)
(3.01891e-22 0 -1.00683e-15)
(0 1.67156e-25 0)
(0 0 -1.21892e-16)
(-9.94265e-18 0 0)
(-5.19248e-16 -1.57771e-23 -1.32955e-17)
(-5.19261e-16 -1.57771e-23 -2.8401e-19)
(-3.44325e-30 0 1.13687e-15)
(0 -1.12484e-45 5.92718e-17)
(0 0 0)
(0 0 0)
(0 0 0)
(0 0 0)
(0 -2.33957e-43 0)
(0 0 0)
(0 0 1.17575e-16)
(0 -1.54556e-42 1.06127e-16)
(0 0 0)
(0 0 0)
(0 -2.81141e-40 0)
(0 -5.59814e-42 0)
(0 0 0)
(0 0 -8.62252e-18)
(0 0 -1.14624e-16)
(0 -2.8706e-38 0)
(0 0 0)
(0 -3.99611e-38 0)
(0 0 0)
(0 -4.04814e-36 0)
(0 0 -5.88081e-18)
(0 -2.22162e-37 -1.18656e-16)
(0 -2.74506e-39 0)
(0 0 0)
(0 0 0)
(0 -3.24377e-35 0)
(0 0 0)
(0 0 -1.10994e-16)
(0 -3.19177e-41 -1.19104e-16)
(0 -3.39674e-43 0)
(0 0 0)
(0 0 0)
(0 0 0)
(0 0 0)
(0 0 0)
(0 -3.23393e-47 0)
(0 -3.42396e-45 -1.18654e-16)
(0 0 0)
(0 0 0)
(0 0 0)
(0 0 0)
(0 0 9.65073e-16)
(0 0 0)
(0 0 0)
(0 0 -7.85232e-15)
(0 0 0)
(0 0 5.49611e-15)
(0 0 0)
(0 0 0)
(0 7.71952e-32 0)
(0 0 0)
(0 0 2.69001e-15)
(0 4.06719e-30 -2.02933e-15)
(0 0 0)
(0 0 0)
(0 0 2.37083e-15)
(0 0 2.17415e-15)
(0 0 0)
(0 0 1.35551e-14)
(0 0 1.39056e-14)
(0 0 -1.35551e-14)
(0 0 -1.29704e-14)
(0 0 0)
(0 0 -1.57406e-15)
(0 8.8161e-27 0)
(0 0 0)
(0 1.98946e-28 2.62889e-15)
(0 0 0)
(0 0 0)
(-5.47366e-49 0 0)
(0 -3.7242e-32 0)
(-3.20251e-50 0 0)
(0 0 1.7233e-14)
(0 -1.76324e-30 -9.65772e-15)
(-9.15144e-48 0 0)
(-3.22588e-52 0 0)
(-1.26767e-46 0 0)
(0 0 -1.0765e-14)
(0 -2.79249e-27 -6.99462e-15)
(-5.28411e-43 0 0)
(0 -7.39047e-29 1.57976e-14)
(-2.31971e-45 0 0)
(-2.52256e-44 0 0)
(0 0 1.91728e-15)
(0 0 -2.35606e-15)
(0 -1.74677e-41 0)
(0 0 -1.50799e-14)
(0 0 -1.54183e-14)
(0 0 1.098e-14)
(0 0 5.49611e-15)
(0 0 0)
(0 3.7141e-25 1.83304e-15)
(0 0 0)
(0 0 2.67686e-15)
(0 0 1.00495e-16)
(0 1.3741e-23 -2.03641e-15)
(0 0 0)
(0 0 -2.36428e-15)
(0 -1.47748e-39 -2.35022e-15)
(0 -1.72823e-41 0)
(0 0 1.35551e-14)
(0 0 1.34271e-14)
(0 0 -1.35551e-14)
(0 0 -1.34271e-14)
(0 0 0)
(0 0 -1.57407e-15)
(0 1.18387e-20 0)
(0 0 0)
(0 4.32742e-22 2.62867e-15)
(0 0 0)
(0 0 0)
(-1.9098e-39 0 0)
(0 -1.14192e-25 8.95492e-15)
(-1.11003e-40 0 0)
(0 0 1.62761e-14)
(-1.6838e-42 0 1.7839e-15)
(0 -4.23025e-24 -9.88626e-15)
(-2.08626e-38 0 0)
(-2.86625e-37 0 0)
(0 0 -1.0765e-14)
(0 -2.70624e-21 -6.99462e-15)
(-4.80393e-34 0 0)
(0 -1.15877e-22 1.57976e-14)
(-3.36098e-36 0 0)
(-3.64217e-35 0 0)
(0 0 -2.25455e-15)
(0 -3.70688e-43 -2.42801e-15)
(0 -3.73679e-45 0)
(0 0 -1.50799e-14)
(0 0 -1.54183e-14)
(0 0 1.098e-14)
(0 0 5.49611e-15)
(0 0 0)
(0 3.02829e-19 1.83304e-15)
(0 0 0)
(0 0 2.67715e-15)
(0 0 1.00495e-16)
(0 6.35677e-18 -2.03435e-15)
(0 0 0)
(0 0 0)
(0 -4.67105e-49 0)
(0 -5.21688e-47 -2.35005e-15)
(0 0 1.35551e-14)
(0 0 0)
(0 0 -1.35551e-14)
(0 0 0)
(0 0 0)
(0 0 -1.57429e-15)
(0 1.21717e-15 0)
(0 0 0)
(0 1.01251e-16 2.62037e-15)
(0 0 0)
(0 0 0)
(-6.08673e-31 0 0)
(0 -7.56622e-20 8.95492e-15)
(-6.30737e-32 0 0)
(0 0 1.62761e-14)
(-1.5476e-33 0 1.78436e-15)
(0 -1.81575e-18 -9.89694e-15)
(-6.46096e-30 0 0)
(-2.88242e-29 0 0)
(0 0 -1.07732e-14)
(0 -4.41598e-16 0)
(2.40936e-26 0 0)
(0 -2.56281e-17 1.55584e-14)
(-9.03651e-29 0 0)
(-4.04581e-29 0 0)
(0 -7.79069e-16 0)
(0 -7.75776e-16 5.96743e-16)
(0 7.75926e-16 0)
(0 0 0)
(0 0 0)
(0 0 0)
(0 0 0)
(0 7.76951e-16 -6.20621e-16)
(0 -7.75776e-16 5.98855e-16)
(0 7.30058e-16 0)
(0 0 0)
(0 0 0)
(0 0 0)
(0 0 0)
(0 0 8.25982e-16)
(0 0 0)
(0 0 6.71008e-17)
(0 0 0)
(0 0 0)
(0 0 0)
(0 0 0)
(0 0 0)
(0 0 -3.89703e-19)
(0 0 -3.51133e-17)
(0 0 0)
(0 0 0)
(0 0 0)
(0 0 0)
(0 2.68736e-16 -1.28523e-15)
(0 0 -3.37988e-17)
(0 0 3.33451e-17)
(0 0 0)
(0 0 0)
(0 0 0)
(0 0 0)
(0 -6.17162e-17 0)
(0 0 0)
(0 2.72619e-18 0)
(0 0 0)
(0 0 0)
(0 0 0)
(0 0 0)
(0 5.91076e-17 0)
(0 0 4.90297e-17)
(0 8.55899e-20 0)
(0 0 0)
(0 0 0)
(0 0 0)
(0 0 0)
(0 2.43649e-18 0)
(0 0 0)
(0 0 0)
(0 0 0)
(0 0 0)
(0 0 0)
(0 0 0)
(0 4.50128e-17 0)
(0 0 0)
(0 0 0)
(0 0 0)
(0 0 0)
(0 0 0)
(0 0 0)
(-4.07913e-30 0 1.53839e-16)
(-4.6405e-32 0 0)
(-8.21879e-35 0 0)
(-1.32534e-37 0 0)
(0 0 0)
(0 0 0)
(0 0 0)
(0 0 0)
(0 0 0)
(-5.78751e-30 0 0)
(-4.19231e-33 0 0)
(-3.8996e-36 0 0)
(-4.54196e-39 0 0)
(0 0 0)
(0 0 0)
(0 0 0)
(0 0 0)
(1.91101e-32 0 1.09934e-27)
(0 0 0)
(0 0 1.89977e-32)
(0 0 0)
(0 0 0)
(0 0 0)
(0 0 0)
(0 0 0)
(4.60751e-29 0 0)
(0 0 0)
(0 0 0)
(0 0 0)
(0 0 0)
(0 0 0)
(0 0 0)
(0 0 2.32311e-17)
(0 0 0)
(0 0 0)
(0 0 0)
(0 0 0)
(0 0 0)
(0 0 0)
(0 0 0)
(-7.0498e-28 0 0)
(-1.24041e-30 0 0)
(-2.00194e-33 0 0)
(-2.88129e-36 0 0)
(-1.37055e-27 0 0)
(-7.53223e-30 0 0)
(-1.48037e-32 0 0)
(-2.62673e-35 0 0)
(0 0 0)
(-1.45796e-14 -9.26768e-17 -7.02072e-16)
(-9.3064e-21 0 -9.65807e-20)
(-6.18641e-23 0 0)
(0 0 0)
(0 0 -5.63298e-20)
(0 0 0)
(-6.24972e-21 0 -1.05867e-18)
(0 0 -3.86484e-19)
(3.02441e-18 0 0)
(-3.51155e-15 0 -4.07605e-16)
(-5.19233e-18 0 3.43886e-16)
(-3.5343e-16 0 0)
(-4.06024e-19 0 -7.63901e-19)
(4.65057e-21 0 0)
(-6.08659e-23 0 0)
(2.70989e-17 0 -1.83377e-16)
(-3.74261e-21 0 0)
(-4.72436e-19 0 -1.2476e-17)
(0 0 -1.16678e-17)
(0 0 -1.29174e-17)
(-1.07855e-19 0 0)
(-2.70563e-18 0 0)
(-3.0257e-17 0 -7.23801e-16)
(0 0 0)
(-1.53166e-18 0 -5.08378e-17)
(-3.03086e-17 0 -1.89783e-16)
(-2.0803e-18 -8.74743e-17 1.29377e-17)
(0 0 0)
(1.69256e-16 1.09776e-34 -5.20788e-16)
(-5.74812e-21 2.30192e-33 -2.22805e-20)
(-2.47383e-17 0 3.33578e-17)
(-1.13539e-21 0 0)
(0 0 6.02077e-16)
(-5.73097e-27 0 -3.16336e-16)
(-2.84172e-22 -1.04913e-22 3.37811e-15)
(0 5.93692e-28 2.0864e-15)
(0 0 0)
(2.26185e-18 0 -5.87684e-17)
(5.66681e-17 0 0)
(1.71946e-15 0 -1.7e-18)
(0 0 0)
(1.71902e-14 0 6.95761e-16)
(0 0 -6.08362e-22)
(0 0 2.85927e-22)
(0 0 0)
(0 0 1.18922e-15)
(0 0 -5.00909e-17)
(-1.16025e-21 0 0)
(-2.41004e-23 0 0)
(0 5.01928e-17 1.61768e-15)
(0 0 0)
(-1.4015e-14 0 8.88869e-15)
(0 0 -1.69539e-20)
(0 0 0)
(0 0 -9.08881e-22)
(0 0 3.45096e-18)
(0 0 0)
(0 0 0)
(0 0 3.10745e-22)
(0 0 2.0282e-19)
(0 0 -1.66676e-22)
(-1.61542e-25 0 1.33906e-20)
(-6.72738e-28 0 -3.47685e-20)
(1.453e-37 0 1.9565e-18)
(-2.07877e-34 7.41045e-18 -1.48134e-21)
(0 0 -4.6785e-18)
(0 0 -3.14071e-20)
(0 8.22579e-21 8.16333e-17)
(0 0 7.78394e-22)
(0 7.47048e-17 7.30903e-15)
(0 0 3.46483e-20)
(-5.72045e-23 0 7.73276e-20)
(-3.05565e-25 0 1.81811e-22)
(-5.44685e-21 9.04369e-15 1.38155e-17)
(-1.69308e-27 0 4.08667e-20)
(-2.69647e-31 0 4.42342e-19)
(0 0 1.26602e-18)
(-3.28243e-21 8.72015e-15 -1.66696e-16)
(0 1.14408e-16 4.55773e-15)
(2.72979e-22 7.5428e-17 1.19573e-16)
(-2.97944e-23 0 5.56629e-17)
(0 0 -2.40579e-15)
(6.20487e-25 0 -3.85817e-17)
(-5.2021e-38 0 6.57446e-17)
(0 0 1.08573e-18)
(3.63418e-32 0 3.36546e-20)
(-2.85314e-36 2.05713e-16 0)
(0 9.92758e-18 0)
(2.17545e-29 8.00211e-19 8.15665e-21)
(-1.68289e-36 0 -1.09708e-16)
(0 0 1.96979e-17)
(-5.1195e-39 0 1.88387e-18)
(-2.05591e-34 0 -4.10493e-19)
(0 0 -7.6704e-20)
(1.04363e-36 0 -8.73599e-21)
(0 2.7417e-16 9.55361e-17)
(2.21232e-22 1.47881e-16 0)
(-3.65021e-15 0 -8.24526e-15)
(0 0 0)
(1.48327e-14 6.70268e-15 -8.91756e-15)
(-1.28713e-14 0 -3.30465e-15)
(0 0 -6.12276e-17)
(0 0 0)
(0 0 0)
(0 0 0)
(-2.79217e-18 0 -4.91886e-18)
(0 0 -2.63324e-20)
(1.05863e-17 0 -1.42114e-19)
(9.80055e-20 0 0)
(0 0 0)
(1.05374e-17 0 -1.61939e-18)
(-1.04954e-17 0 4.72788e-18)
(0 0 0)
(0 0 -9.66617e-17)
(0 0 0)
(0 0 7.86562e-17)
(1.71679e-15 1.96205e-23 2.74258e-15)
(0 5.08088e-17 2.15412e-15)
(3.41333e-22 4.34572e-19 3.32148e-15)
(0 0 -2.57239e-17)
(4.27648e-28 0 -1.16325e-17)
(0 8.41386e-15 3.73884e-15)
(3.47785e-20 4.45546e-15 4.74969e-15)
(-1.44998e-17 0 -1.50958e-17)
(0 0 1.05154e-19)
(2.80821e-17 0 -2.97527e-18)
(1.36392e-18 0 0)
(2.53386e-17 0 -7.35216e-15)
(0 0 -1.76932e-17)
(0 0 -6.67917e-16)
(5.1159e-19 0 -4.49012e-16)
(2.17347e-17 0 3.56513e-16)
(1.67892e-26 0 3.01563e-16)
(0 0 2.97097e-15)
(4.04191e-16 0 7.89486e-15)
(0 0 -8.56457e-15)
(0 0 -5.14774e-16)
(1.14962e-14 0 -2.17194e-15)
(3.04612e-18 -6.51195e-15 -6.79863e-16)
(-1.26587e-16 -1.66308e-16 -8.3858e-16)
(-6.41897e-15 -1.99164e-18 -6.62066e-15)
(4.70137e-17 0 -8.60992e-18)
(-2.66122e-24 0 -2.87872e-18)
(1.61284e-19 0 0)
(1.10438e-17 0 -4.62243e-17)
(0 0 0)
(3.64894e-20 0 -3.4136e-17)
(0 0 -8.15828e-20)
(0 0 0)
(0 -1.29523e-20 1.3627e-16)
(-3.17491e-19 -2.79348e-18 -2.06302e-17)
(-2.28671e-19 -1.87875e-18 -8.90312e-21)
(0 -1.42261e-20 1.24337e-15)
(-6.64192e-23 1.38368e-23 0)
(9.17152e-21 3.28331e-22 -7.33473e-18)
(-1.35809e-17 -3.43873e-20 -2.8118e-19)
(-4.58267e-19 -7.87778e-23 0)
(-1.36828e-19 -2.5845e-22 0)
(-1.32595e-17 -2.35963e-20 -2.06852e-18)
(0 4.1662e-15 2.11414e-15)
(2.01474e-20 -9.17525e-22 1.27002e-19)
(-2.85649e-19 -1.26151e-14 1.24521e-15)
(-5.96533e-26 -5.39038e-17 -5.25603e-15)
(0 1.09422e-20 0)
(0 -4.3292e-24 1.72961e-18)
(0 2.3793e-22 0)
(0 -2.46235e-18 7.60274e-15)
(-9.33452e-19 -1.1022e-19 6.58844e-20)
(-6.43587e-20 -1.98636e-18 0)
(-3.74543e-26 6.1139e-16 2.00886e-18)
(0 1.59935e-16 7.57665e-19)
(2.33584e-17 1.04424e-15 4.99063e-16)
(-1.00986e-29 -4.30015e-15 2.4854e-16)
(0 1.01069e-15 -7.90683e-16)
(-1.15761e-21 -1.03546e-15 0)
(-4.31743e-20 -2.77212e-17 0)
(0 -7.28125e-17 9.61527e-17)
(-2.6849e-21 -1.48513e-16 4.54747e-15)
(-3.24644e-21 4.51221e-15 1.96955e-15)
(-9.61423e-21 0 -1.65741e-22)
(-2.27245e-19 -4.48703e-15 -7.29627e-15)
(-4.79844e-18 0 -6.4894e-16)
(-1.1668e-18 0 -3.09466e-20)
(-3.19211e-17 0 -7.54001e-15)
(0 0 -4.57751e-18)
(-1.26396e-16 0 1.60914e-18)
(-2.42793e-17 0 0)
(-2.56562e-19 0 -1.92409e-22)
(0 5.34679e-15 -1.0486e-15)
(0 0 0)
(0 1.19861e-15 -8.80144e-16)
(0 0 0)
(0 1.19091e-15 -8.61011e-16)
(0 0 0)
(0 0 -1.5374e-16)
(0 -7.44626e-41 0)
(0 1.19881e-15 1.28944e-15)
(0 -7.60744e-36 1.27048e-19)
(0 0 1.99251e-16)
(0 -1.40294e-33 0)
(0 5.10503e-15 1.14894e-15)
(0 -4.47065e-29 0)
(0 0 1.12847e-17)
(0 0 0)
(0 4.85634e-15 7.9088e-16)
(0 0 0)
(0 0 1.40935e-16)
(0 0 0)
(0 0 0)
(0 0 0)
(2.104e-39 0 0)
(0 0 0)
(3.64074e-36 0 0)
(1.7996e-27 0 0)
(0 0 2.20387e-18)
(7.62447e-25 0 0)
(0 0 -1.67467e-16)
(6.09773e-43 0 0)
(0 0 0)
(0 0 -1.64739e-16)
(3.14805e-30 0 0)
(4.03524e-33 0 0)
(0 0 -1.82998e-16)
(5.14648e-20 0 0)
(2.36002e-22 0 0)
(0 2.13602e-18 -8.33894e-16)
(0 7.3852e-15 -1.27542e-14)
(0 2.11258e-16 -3.0621e-18)
(2.66762e-16 1.75236e-16 -3.74473e-17)
(7.25836e-18 0 0)
(5.4239e-16 0 -9.37337e-16)
(5.26007e-16 0 -5.71506e-17)
(0 0 0)
(0 1.697e-34 0)
(0 0 0)
(0 -5.47502e-39 0)
(0 1.00666e-32 0)
(0 -4.10086e-41 0)
(0 0 0)
(0 0 0)
(0 -1.09459e-37 -1.49351e-19)
(0 7.21884e-29 0)
(0 -1.52587e-38 0)
(0 1.33689e-30 0)
(0 -7.86652e-40 0)
(0 0 0)
(1.12369e-40 0 0)
(0 8.04002e-27 0)
(3.76548e-41 -2.93313e-36 0)
(0 -4.71801e-32 0)
(0 0 0)
(0 3.32524e-25 0)
(6.56789e-38 -5.14041e-34 0)
(1.23151e-37 0 0)
(0 -4.93255e-31 -1.37873e-19)
(0 5.79989e-22 0)
(3.77606e-32 0 0)
(0 2.20394e-23 0)
(3.63261e-35 -4.23066e-33 0)
(7.11861e-35 0 0)
(5.56289e-29 0 0)
(0 3.81317e-20 0)
(1.96859e-29 0 0)
(0 0 2.54974e-17)
(3.16196e-32 0 0)
(0 1.02868e-18 0)
(5.65705e-27 0 0)
(2.46247e-26 0 0)
(0 0 0)
(0 7.08956e-16 0)
(7.28373e-22 0 0)
(0 3.27721e-17 0)
(2.37851e-24 0 0)
(2.97155e-24 0 0)
(0 -9.82445e-16 1.71076e-16)
(0 -3.39145e-39 0)
(0 0 -6.01199e-16)
(0 -9.62717e-34 4.84887e-18)
(0 0 0)
(0 0 3.56033e-15)
(0 0 6.35453e-16)
(0 -1.40645e-31 0)
(0 -8.84592e-16 -6.54015e-16)
(0 -4.13904e-27 0)
(0 0 0)
(0 0 9.26006e-17)
(0 0 0)
(0 0 0)
(0 0 2.30898e-14)
(0 0 -3.11629e-15)
(0 0 1.67461e-14)
(0 0 -1.64789e-14)
(0 0 -1.68886e-14)
(0 0 0)
(0 0 1.67066e-14)
(0 0 -3.47421e-15)
(-4.60405e-31 0 4.2226e-15)
(0 0 -1.93547e-14)
(0 0 1.73304e-14)
(0 -1.72904e-34 -2.39227e-16)
(0 2.95056e-46 -1.65423e-14)
(0 -7.12384e-37 0)
(0 -8.24013e-33 0)
(0 -3.21094e-35 2.32369e-14)
(0 0 -2.63769e-14)
(0 0 1.04004e-16)
(0 -1.54174e-35 -5.71938e-18)
(0 -6.56516e-29 0)
(0 -1.02422e-31 1.22707e-16)
(0 -7.66631e-31 0)
(0 -1.80573e-33 -1.53124e-16)
(0 0 -1.6837e-16)
(0 0 2.41473e-14)
(0 -5.05207e-27 0)
(0 -5.05941e-30 -2.19023e-14)
(0 -4.58879e-30 0)
(0 0 -2.02964e-14)
(0 -3.6183e-25 0)
(0 -1.50861e-28 2.28386e-14)
(0 0 1.04064e-16)
(0 -5.0625e-29 -5.7317e-18)
(0 -5.22878e-22 0)
(-3.87478e-32 -1.33895e-25 -2.15834e-14)
(0 -2.17596e-23 0)
(0 -3.7792e-27 -1.53145e-16)
(-1.4584e-34 0 0)
(0 0 4.22181e-16)
(0 0 -4.16025e-15)
(0 -3.99016e-18 2.51487e-15)
(0 -8.62078e-16 0)
(0 -6.0022e-17 -2.92799e-15)
(0 -8.81615e-16 4.54445e-20)
(0 1.032e-15 1.94923e-16)
(0 1.03192e-15 6.83113e-23)
(0 1.02293e-15 1.03712e-18)
(0 0 -1.56779e-19)
(0 0 8.95342e-19)
(0 0 4.7124e-19)
(0 -1.93574e-17 5.11929e-17)
(0 0 0)
(0 -8.31453e-15 3.44332e-19)
(0 0 0)
(0 0 0)
(0 0 2.26369e-15)
(0 0 -2.98079e-15)
(0 0 0)
(0 0 9.79793e-16)
(0 0 -7.08235e-16)
(0 0 9.71051e-16)
(0 0 -1.53958e-15)
(0 0 5.00284e-15)
(0 0 6.18367e-16)
(0 0 -9.35452e-16)
(0 0 3.71495e-16)
(0 0 -9.3549e-16)
(-2.04349e-28 0 -5.17166e-15)
(0 0 5.39212e-16)
(-6.38609e-26 0 2.68058e-14)
(0 0 -3.63056e-15)
(-2.48402e-21 0 9.50117e-15)
(-1.46291e-23 0 -2.21202e-14)
(-6.457e-22 2.49933e-20 -3.43657e-17)
(-2.07207e-19 -5.38397e-15 -1.63864e-15)
(0 0 -1.28342e-19)
(0 0 -6.44676e-17)
(0 0 -8.36513e-18)
(-1.05519e-22 1.02759e-15 -9.30547e-16)
(0 0 1.22434e-16)
(0 7.02128e-45 -3.39565e-16)
(0 -4.46216e-34 3.30878e-15)
(0 0 -1.47036e-16)
(0 0 1.74675e-15)
(0 -1.73106e-30 2.51354e-15)
(0 -2.95255e-32 -3.17733e-15)
(0 0 -3.46375e-15)
(0 0 9.17025e-17)
(0 -9.02842e-29 -3.14086e-15)
(0 0 1.49864e-15)
(0 -4.13833e-27 3.24734e-15)
(0 0 1.74709e-15)
(0 -5.52661e-24 1.25151e-15)
(0 -1.67216e-25 -3.17822e-15)
(0 0 -3.48855e-15)
(0 0 1.74014e-15)
(0 -1.44162e-22 -4.53492e-15)
(0 0 -4.69183e-16)
(0 -1.46453e-21 7.24329e-15)
(-1.26445e-28 0 2.12099e-14)
(0 -2.66273e-20 0)
(-4.29508e-29 0 -8.12625e-15)
(0 0 1.91381e-15)
(-1.01684e-31 0 -1.88762e-14)
(0 -1.12657e-18 0)
(-1.71981e-26 0 2.91087e-14)
(-3.00006e-26 0 0)
(0 0 0)
(0 -8.2997e-16 0)
(-1.66096e-21 0 0)
(0 -3.53565e-17 0)
(-3.93675e-24 0 0)
(-1.22546e-23 0 0)
(0 0 1.52605e-14)
(0 0 0)
(0 0 -2.39291e-17)
(0 0 -1.73716e-25)
(0 0 -1.44633e-14)
(0 0 0)
(0 0 3.6019e-21)
(0 0 -9.7913e-20)
(0 0 -7.43453e-23)
(0 0 1.78581e-22)
(0 8.07304e-17 -1.44635e-14)
(0 0 1.01341e-16)
(0 0 1.21504e-15)
(0 0 0)
(0 0 -2.86965e-24)
(0 0 1.56346e-14)
(0 0 -1.58085e-14)
(0 0 0)
(0 0 0)
(0 0 0)
(0 0 -1.67267e-14)
(0 0 4.86762e-17)
(0 0 0)
(0 0 -2.00775e-17)
(0 0 0)
(0 0 7.73193e-17)
(0 0 0)
(0 0 -2.09895e-17)
(0 0 1.77178e-18)
(0 1.24361e-18 -4.46347e-17)
(0 0 0)
(0 0 0)
(-2.36585e-17 -5.40511e-27 6.92093e-20)
(0 -2.48929e-18 0)
(0 -2.04021e-40 -2.72227e-15)
(0 -3.53052e-39 2.3788e-15)
(0 0 -2.08593e-17)
(0 0 -5.83164e-16)
(0 -1.29984e-34 2.32598e-16)
(0 -1.12529e-33 -1.31612e-14)
(0 -1.03197e-42 -1.1813e-17)
(0 -2.83947e-38 1.49236e-14)
(0 0 2.26786e-14)
(0 0 2.66552e-17)
(0 0 -3.53121e-15)
(0 0 -5.35874e-18)
(0 0 6.52805e-16)
(0 -5.30732e-33 0)
(0 -2.09268e-31 1.45413e-14)
(0 0 -2.11721e-17)
(0 -3.45887e-18 -5.80713e-16)
(0 -8.15504e-28 2.35899e-16)
(0 -1.02383e-26 -1.31612e-14)
(0 -2.40958e-33 -1.29542e-14)
(0 -1.83144e-29 1.49993e-14)
(0 0 0)
(0 0 2.74764e-17)
(0 0 -3.52062e-15)
(0 0 -4.15347e-18)
(0 0 4.13027e-17)
(0 -1.40019e-26 0)
(0 -1.40886e-22 1.45413e-14)
(0 0 -5.48081e-16)
(0 -9.09495e-15 -2.55993e-18)
(0 0 2.68792e-15)
(0 0 -1.69075e-14)
(0 -1.31802e-21 -1.31152e-14)
(0 0 3.93725e-18)
(0 -6.80652e-18 1.71971e-14)
(0 0 0)
(0 0 5.08901e-16)
(0 0 -3.61946e-15)
(0 0 -5.07539e-18)
(0 0 0)
(1.31171e-14 0 4.25735e-17)
(-2.40575e-16 0 9.0512e-15)
(3.68834e-16 0 2.42369e-16)
(0 0 0)
(0 0 0)
(0 0 0)
(0 0 3.3404e-15)
(0 0 2.63137e-15)
(0 0 0)
(0 0 0)
(0 0 3.27896e-15)
(0 0 2.62292e-15)
(0 0 0)
(0 0 0)
(0 0 3.25882e-15)
(0 0 0)
(0 0 -3.60781e-15)
(0 0 -2.28819e-14)
(0 0 -2.83299e-17)
(0 0 -3.17811e-15)
(0 0 2.65494e-15)
(0 0 5.1918e-15)
(0 0 -1.80665e-14)
(0 0 1.52355e-14)
(0 0 -3.1534e-15)
(0 0 1.52121e-14)
(0 0 -3.49405e-15)
(0 0 -1.8052e-14)
(0 0 -2.78771e-17)
(0 0 -3.16713e-15)
(0 0 2.67702e-15)
(0 0 5.23355e-15)
(0 0 -1.8309e-14)
(0 0 1.58372e-14)
(0 0 -3.15293e-15)
(0 0 1.56991e-14)
(0 0 -3.49565e-15)
(0 0 -1.82953e-14)
(0 0 -2.91054e-17)
(0 0 3.61831e-15)
(0 0 2.65856e-15)
(0 0 5.20448e-15)
(0 0 -1.80192e-14)
(0 0 1.59908e-14)
(0 0 -3.15072e-15)
(0 0 -5.69913e-18)
(0 -8.65809e-15 9.09495e-15)
(0 -8.72573e-15 1.69938e-14)
(0 -5.52637e-17 0)
(0 -6.33831e-17 0)
(0 -1.263e-15 -9.09495e-15)
(0 -1.45989e-14 -9.09495e-15)
(0 -8.87975e-15 1.12559e-15)
(0 3.64963e-17 -5.82976e-17)
(0 5.59922e-17 -8.61824e-15)
(0 0 1.23887e-14)
(0 0 0)
(0 0 0)
(0 0 1.31783e-15)
(0 0 -1.783e-14)
(0 0 4.61903e-15)
(0 0 6.21588e-17)
(0 0 -4.13443e-17)
(0 0 -2.57601e-15)
(0 0 0)
(0 0 -2.13448e-15)
(0 0 0)
(0 0 -1.30889e-16)
(0 0 -4.69353e-16)
(0 0 4.07377e-15)
(0 0 0)
(0 0 0)
(0 0 -1.50972e-14)
(0 0 -1.05537e-19)
(0 0 2.7763e-14)
(0 0 -2.90425e-15)
(0 3.91781e-18 -1.26333e-16)
(0 5.49742e-16 4.50044e-15)
(0 4.58594e-25 0)
(0 7.56599e-20 0)
(0 0 7.12981e-16)
(2.9267e-16 3.67519e-33 7.74478e-15)
(-1.35128e-16 4.50585e-33 7.10708e-15)
(0 1.59841e-31 -1.64799e-16)
(0 1.5656e-31 -7.37542e-18)
(0 0 0)
(0 -3.76718e-33 8.70622e-16)
(0 0 -1.38607e-14)
(0 -1.87806e-38 0)
(0 -4.73868e-31 0)
(0 -1.56939e-36 0)
(0 0 1.45493e-14)
(0 0 0)
(0 -1.6064e-33 0)
(0 0 1.29051e-14)
(0 -2.99692e-37 -1.68731e-14)
(0 -7.82892e-32 1.35096e-14)
(0 -6.79183e-36 0)
(0 0 -1.40661e-14)
(0 0 0)
(0 -7.91274e-37 -4.57119e-16)
(0 -9.03167e-28 3.41934e-15)
(0 -7.39243e-33 0)
(0 -2.18231e-29 -3.56513e-15)
(0 -1.16384e-34 -3.45916e-15)
(0 0 0)
(0 0 0)
(0 -1.53792e-35 1.63485e-14)
(0 7.1183e-28 0)
(0 -5.80868e-32 1.68821e-14)
(0 -3.27488e-30 3.43926e-15)
(0 -8.87978e-34 -1.55295e-14)
(0 0 0)
(0 0 -9.32164e-18)
(0 -1.4774e-41 1.49626e-14)
(0 0 -1.17022e-14)
(0 -1.10792e-40 -1.80155e-14)
(0 0 -1.65612e-14)
(0 0 1.61487e-14)
(0 0 0)
(0 -3.51038e-26 0)
(0 -4.0668e-31 -2.85046e-15)
(0 -3.26794e-31 0)
(0 0 2.91938e-15)
(0 -3.02209e-24 0)
(0 -2.01111e-29 0)
(0 0 -1.45367e-14)
(0 2.69131e-26 -8.25903e-15)
(0 -3.35256e-30 -1.29841e-14)
(0 -8.0839e-30 -1.5062e-14)
(0 0 1.90052e-14)
(0 9.30669e-25 1.15795e-14)
(0 -1.71482e-28 1.1872e-14)
(0 0 0)
(0 -8.85601e-30 -4.57497e-16)
(0 -2.30411e-21 3.40137e-15)
(0 -3.06452e-26 0)
(0 -8.96667e-23 -3.59231e-15)
(0 -8.56743e-28 -3.45879e-15)
(0 0 0)
(0 0 0)
(0 -2.17167e-28 1.7471e-14)
(0 -3.54453e-21 0)
(0 -3.16881e-25 1.68821e-14)
(0 2.51893e-23 3.43806e-15)
(0 -8.018e-27 -1.55295e-14)
(0 0 0)
(0 0 1.69123e-14)
(0 -3.35236e-32 1.48614e-14)
(0 0 -1.22023e-14)
(0 -2.45101e-31 -1.80174e-14)
(0 0 -1.67876e-14)
(0 0 1.61535e-14)
(0 0 0)
(0 -5.36247e-20 0)
(0 -8.01435e-25 -2.85046e-15)
(0 -2.99913e-25 0)
(0 0 2.90447e-15)
(0 -2.55096e-18 0)
(0 -1.52671e-23 0)
(0 0 -1.47639e-14)
(0 -8.34431e-20 -8.30248e-15)
(0 -1.01215e-23 -1.29841e-14)
(0 -2.83085e-21 -1.5118e-14)
(0 0 1.90271e-14)
(0 -1.7898e-18 1.15042e-14)
(0 -2.56822e-22 1.1872e-14)
(0 0 0)
(0 -2.01861e-24 -4.93719e-16)
(0 -9.37325e-16 -3.34859e-15)
(0 0 1.75965e-14)
(0 -3.72151e-17 -4.10636e-15)
(0 -9.86682e-23 -3.40108e-15)
(0 0 -1.74584e-14)
(0 0 0)
(0 -2.01148e-20 1.62897e-14)
(0 -9.34011e-16 -1.96252e-14)
(0 0 1.77839e-15)
(0 -7.06262e-17 3.33297e-15)
(0 -1.84133e-21 -1.55295e-14)
(0 0 1.68802e-14)
(0 0 1.65848e-14)
(0 -1.78194e-20 1.40898e-14)
(0 0 -1.26929e-14)
(0 -1.27223e-19 -1.62709e-14)
(0 -1.03895e-15 6.99004e-22)
(0 -5.28809e-17 1.41441e-14)
(0 2.83544e-30 5.08226e-17)
(0 0 -2.22626e-27)
(0 0 0)
(0 0 0)
(0 0 1.48345e-14)
(0 0 -1.7906e-16)
(0 0 0)
(0 0 -2.49069e-17)
(0 0 -7.82026e-26)
(0 0 0)
(0 0 4.44255e-22)
(0 0 3.41486e-16)
(0 0 2.01743e-25)
(0 0 0)
(0 0 -1.21595e-21)
(0 0 2.37701e-19)
(0 0 1.61045e-18)
(0 0 0)
(0 0 1.41345e-14)
(0 0 1.44255e-15)
(0 0 1.16408e-15)
(0 0 1.89122e-16)
(0 3.87872e-18 -4.4426e-17)
(0 3.97715e-18 3.8088e-26)
(0 3.90931e-18 2.10712e-17)
(0 -2.77488e-17 8.74805e-15)
(0 0 8.15178e-15)
(0 0 1.81533e-17)
(0 0 -8.15495e-15)
(0 -2.7127e-17 -8.12915e-15)
(-2.50087e-15 0 3.17927e-15)
(-1.66304e-19 2.4808e-19 -1.83377e-16)
(-2.76161e-17 -1.0123e-16 -4.03113e-15)
(-4.3468e-17 0 -7.69399e-17)
(-3.10508e-19 0 -1.45339e-14)
(-4.92464e-19 0 0)
(-2.68723e-17 0 -9.86426e-17)
(0 0 1.79714e-20)
(0 0 -2.552e-16)
(0 0 7.24089e-21)
(0 0 -1.73863e-20)
(0 0 3.53568e-16)
)
;

boundaryField
{
    ground
    {
        type            zeroGradient;
    }
    outlet
    {
        type            zeroGradient;
    }
    wall
    {
        type            zeroGradient;
    }
    wall2
    {
        type            zeroGradient;
    }
    wall3
    {
        type            zeroGradient;
    }
    internalPatch
    {
        type            internal;
    }
    procBoundary6to0
    {
        type            processor;
        value           nonuniform List<vector> 
70
(
(0 0 0)
(0 0 0)
(0 0 5.37824e-43)
(0 0 1.33272e-35)
(0 0 1.33272e-35)
(0 0 0)
(0 0 0)
(0 0 0)
(0 0 0)
(-4.91607e-42 0 0)
(-2.37448e-39 0 0)
(-9.74223e-37 0 0)
(-1.36075e-34 0 7.8881e-17)
(0 0 4.25876e-19)
(1.19559e-34 0 1.50205e-24)
(1.19559e-34 0 1.50205e-24)
(-4.87175e-41 0 4.47784e-17)
(1.40106e-34 0 3.79309e-18)
(3.99493e-37 0 -3.79333e-18)
(4.15483e-40 0 1.44359e-19)
(1.24004e-42 0 -6.57479e-23)
(1.16588e-45 0 -7.12355e-20)
(1.16588e-45 0 -7.12355e-20)
(0 0 -1.72296e-23)
(-2.65222e-49 0 0)
(-6.49283e-47 0 8.97038e-15)
(-2.16107e-40 0 2.03275e-18)
(0 0 -8.97693e-15)
(0 0 1.4875e-26)
(0 0 9.32795e-17)
(0 0 -1.84578e-16)
(0 0 1.64975e-19)
(0 0 -1.85637e-26)
(0 0 0)
(0 0 0)
(0 0 0)
(0 0 0)
(-1.56609e-43 0 0)
(0 0 0)
(0 0 0)
(0 0 0)
(0 0 4.26623e-19)
(0 0 -7.62183e-18)
(-5.45795e-37 0 -1.95531e-16)
(0 0 5.18239e-17)
(-4.87175e-41 0 4.47784e-17)
(1.40106e-34 0 3.79309e-18)
(3.99493e-37 0 -3.79333e-18)
(4.15483e-40 0 1.44359e-19)
(1.24004e-42 0 -6.57479e-23)
(0 0 -2.64864e-26)
(-7.81038e-47 0 -4.46919e-27)
(3.25324e-44 0 -7.59771e-25)
(-8.61208e-38 0 4.32677e-25)
(-3.369e-35 0 1.28626e-18)
(-1.36024e-32 0 -5.07859e-18)
(-2.58301e-31 0 5.06223e-18)
(-3.81984e-33 0 -1.79224e-24)
(-3.19225e-35 0 0)
(-6.77888e-38 0 0)
(-1.11469e-40 0 0)
(7.34532e-42 0 8.04921e-15)
(-2.0276e-39 0 3.6309e-16)
(0 0 1.40945e-17)
(0 0 -1.40949e-17)
(0 0 4.04245e-20)
(-2.38814e-44 0 1.73053e-21)
(-2.98964e-40 0 1.18558e-20)
(1.47857e-39 0 -8.36619e-15)
(-7.12959e-42 0 -3.6309e-16)
)
;
    }
    procBoundary6to3
    {
        type            processor;
        value           nonuniform List<vector> 
79
(
(0 0 2.08687e-30)
(0 0 2.42917e-20)
(0 0 -2.0041e-19)
(0 0 0)
(0 0 0)
(0 0 4.76531e-29)
(0 0 0)
(0 0 0)
(0 0 0)
(0 0 0)
(0 0 -2.02046e-17)
(0 4.05157e-18 -1.22607e-15)
(1.52086e-17 3.87174e-21 -6.54455e-15)
(1.52086e-17 3.87174e-21 -6.54455e-15)
(2.09397e-17 4.01476e-26 -1.11735e-15)
(2.24426e-15 0 -3.09904e-15)
(2.24426e-15 0 -3.09904e-15)
(2.47525e-15 0 -1.08817e-15)
(2.58349e-15 1.92369e-27 -3.19251e-15)
(2.58349e-15 1.92369e-27 -3.19251e-15)
(6.06703e-18 9.33888e-21 4.19161e-15)
(0 4.22586e-19 -7.57144e-15)
(0 6.87138e-18 -7.98538e-18)
(0 4.4073e-19 8.57316e-15)
(0 0 2.48006e-16)
(0 0 0)
(0 0 0)
(0 0 -2.59524e-16)
(0 -2.49556e-16 -3.58472e-21)
(-3.21309e-23 -2.08948e-16 6.40628e-17)
(0 7.5083e-17 1.36631e-17)
(0 7.5083e-17 1.36631e-17)
(0 0 -2.74225e-19)
(0 0 -1.37012e-22)
(0 0 4.81503e-20)
(0 0 -3.04509e-22)
(0 0 2.96765e-22)
(0 2.34503e-20 1.13503e-18)
(2.04242e-18 8.43779e-19 1.37359e-16)
(7.65279e-17 -6.35949e-17 4.38876e-15)
(7.65279e-17 -6.35949e-17 4.38876e-15)
(7.65279e-17 -6.35949e-17 4.38876e-15)
(0 -1.77488e-16 2.81139e-15)
(2.24426e-15 0 -3.09904e-15)
(2.24426e-15 0 -3.09904e-15)
(2.47525e-15 0 -1.08817e-15)
(2.47525e-15 0 -1.08817e-15)
(2.47525e-15 0 -1.08817e-15)
(0 0 7.20594e-15)
(0 0 -6.22154e-16)
(0 0 -7.7198e-15)
(0 0 -5.57421e-16)
(0 0 1.53622e-16)
(0 -3.96395e-30 -2.74188e-22)
(0 -2.49556e-16 3.11576e-20)
(-3.21309e-23 -2.08966e-16 5.9169e-17)
(3.59605e-26 -2.05542e-16 -5.77349e-17)
(0 4.92721e-17 -1.29645e-17)
(0 4.92721e-17 -1.29645e-17)
(3.02483e-17 1.09058e-16 1.82579e-16)
(0 1.66163e-18 -2.90823e-17)
(1.62882e-16 -5.3081e-19 -3.91929e-15)
(1.62882e-16 -5.3081e-19 -3.91929e-15)
(1.62882e-16 -5.3081e-19 -3.91929e-15)
(1.02203e-15 -1.73329e-18 -3.10215e-15)
(2.48753e-15 -7.8387e-18 -5.40896e-15)
(2.48753e-15 -7.8387e-18 -5.40896e-15)
(2.48753e-15 -7.8387e-18 -5.40896e-15)
(0 -9.32269e-21 -7.45409e-17)
(0 0 5.51989e-16)
(0 0 -6.84104e-21)
(0 -2.58751e-19 -8.28764e-17)
(0 -4.92369e-29 -2.10898e-18)
(0 -2.45877e-16 -3.48802e-18)
(0 -2.46568e-16 4.67999e-17)
(3.59605e-26 -2.05716e-16 -5.81698e-17)
(0 0 8.65014e-16)
(2.48753e-15 -7.8387e-18 -5.40896e-15)
(3.02483e-17 1.09058e-16 1.82579e-16)
)
;
    }
    procBoundary6to4
    {
        type            processor;
        value           nonuniform List<vector> 
63
(
(0 0 0)
(0 0 0)
(0 0 0)
(0 0 0)
(0 0 1.36032e-24)
(0 0 5.44559e-23)
(0 0 -1.70207e-16)
(0 0 9.07224e-17)
(0 0 9.86025e-27)
(0 0 -2.9246e-16)
(0 0 3.45883e-18)
(0 0 3.45883e-18)
(0 0 -1.05808e-19)
(0 0 1.75752e-26)
(0 0 6.58103e-20)
(0 4.78601e-20 -1.01253e-15)
(0 4.78601e-20 -1.01253e-15)
(0 1.3776e-19 -6.74951e-16)
(0 -1.18264e-15 3.17444e-15)
(0 -1.18264e-15 3.17444e-15)
(2.28095e-16 0 5.55828e-16)
(0 1.11431e-15 1.32479e-16)
(0 0 -4.23128e-16)
(0 0 0)
(0 0 -3.52306e-16)
(0 0 -1.04155e-15)
(0 0 2.97495e-16)
(0 0 2.97495e-16)
(-2.47354e-16 2.12521e-16 5.55828e-16)
(0 7.94118e-18 -1.81093e-18)
(0 1.19553e-15 4.2891e-15)
(0 6.61534e-31 0)
(0 1.03649e-17 1.17418e-19)
(0 1.03649e-17 1.17418e-19)
(0 0 4.40515e-18)
(0 0 9.64771e-20)
(0 0 1.16857e-19)
(0 0 0)
(0 0 0)
(0 0 0)
(0 0 0)
(0 0 0)
(0 0 0)
(0 0 0)
(0 0 4.31626e-22)
(0 0 7.44199e-22)
(0 0 -1.20592e-18)
(0 0 1.08858e-18)
(0 0 2.63502e-24)
(0 0 2.63502e-24)
(0 0 1.08858e-18)
(0 2.52749e-17 -2.80524e-17)
(0 2.52749e-17 -2.80524e-17)
(0 2.83283e-17 1.92607e-16)
(0 2.83283e-17 1.92607e-16)
(0 -1.18264e-15 3.17444e-15)
(0 -1.18264e-15 3.17444e-15)
(0 -1.18264e-15 3.17444e-15)
(0 1.06014e-17 0)
(0 1.03649e-17 1.17418e-19)
(0 2.83283e-17 1.92607e-16)
(0 2.93233e-19 4.59429e-19)
(0 2.52749e-17 -2.80524e-17)
)
;
    }
    procBoundary6to5
    {
        type            processor;
        value           nonuniform List<vector> 
67
(
(0 3.84469e-20 2.50562e-15)
(0 0 1.81947e-16)
(0 3.16816e-20 2.58997e-15)
(0 1.78009e-20 1.69952e-28)
(0 4.28734e-20 -4.32011e-15)
(0 0 -1.58085e-14)
(0 0 0)
(0 0 0)
(0 -3.344e-33 2.06469e-14)
(0 -3.40551e-42 -2.07297e-14)
(0 0 0)
(0 0 0)
(0 0 -3.1181e-15)
(0 0 3.49979e-15)
(0 0 0)
(0 0 0)
(0 0 -3.13813e-15)
(0 0 3.52042e-15)
(0 0 0)
(0 0 0)
(0 0 -3.08951e-15)
(0 0 3.91345e-15)
(0 0 0)
(0 0 0)
(0 0 -6.4253e-16)
(-1.22516e-14 0 1.86026e-15)
(0 4.96072e-17 -9.09495e-15)
(0 8.30998e-17 0)
(0 0 1.31388e-16)
(0 0 -1.15921e-15)
(0 0 0)
(0 0 9.67582e-17)
(0 0 1.31816e-15)
(0 0 1.63865e-14)
(0 0 -1.67267e-14)
(0 0 1.63595e-14)
(0 0 0)
(0 0 -1.88134e-17)
(0 -2.46688e-29 -1.77119e-14)
(0 -2.77241e-31 0)
(0 -9.34585e-41 0)
(0 7.23766e-40 -1.43234e-16)
(0 -9.88745e-37 1.11936e-16)
(0 -6.04299e-35 0)
(0 -2.25121e-33 0)
(0 6.04426e-33 -2.78466e-16)
(0 -8.18052e-30 1.37919e-16)
(0 -1.50857e-28 0)
(0 -3.86245e-27 0)
(0 -5.68368e-26 -8.68324e-16)
(0 0 -3.76117e-16)
(0 -8.70043e-15 9.06504e-15)
(0 0 -2.12091e-15)
(0 -6.48269e-16 -4.37628e-15)
(0 -3.70322e-17 -2.32206e-14)
(0 -2.40852e-18 0)
(0 0 -1.5838e-17)
(0 0 -2.6273e-17)
(0 0 0)
(0 0 0)
(0 0 3.84427e-19)
(0 -3.76473e-26 0)
(0 -9.9892e-28 1.65594e-14)
(0 -3.06842e-24 0)
(0 -8.97511e-23 -1.79864e-14)
(0 -2.27545e-21 1.63298e-14)
(0 -5.23528e-20 0)
)
;
    }
    procBoundary6to7
    {
        type            processor;
        value           nonuniform List<vector> 
237
(
(1.07324e-26 0 0)
(1.07324e-26 0 0)
(1.25416e-24 1.34459e-18 0)
(4.82496e-24 6.88203e-21 0)
(3.58732e-24 0 6.67942e-15)
(0 0 -3.96996e-16)
(4.36466e-15 0 1.62866e-16)
(7.02381e-17 0 4.19405e-15)
(4.52971e-18 0 -8.84972e-15)
(4.52971e-18 0 -8.84972e-15)
(3.27218e-21 1.2013e-29 -1.83238e-16)
(0 0 5.09243e-16)
(0 0 -5.30967e-19)
(0 0 -3.65935e-17)
(0 0 2.81842e-17)
(0 0 -2.37638e-16)
(9.07513e-15 0 -1.65661e-14)
(9.07513e-15 0 -1.65661e-14)
(1.91152e-34 0 -6.07429e-18)
(7.45304e-36 0 -9.97685e-25)
(0 0 -2.52612e-15)
(0 0 2.11587e-14)
(0 0 -1.64389e-14)
(0 0 1.68774e-14)
(0 0 -1.73011e-14)
(0 0 1.63035e-14)
(0 0 -2.1549e-14)
(0 0 4.49622e-16)
(0 0 4.49622e-16)
(0 0 8.7506e-15)
(0 0 0)
(0 0 -3.1305e-15)
(0 0 2.86231e-15)
(0 0 -6.9192e-15)
(0 0 1.5234e-14)
(0 0 1.5234e-14)
(0 0 0)
(0 0 0)
(0 0 0)
(0 0 0)
(0 0 0)
(3.45824e-18 0 0)
(0 0 0)
(0 0 0)
(0 0 0)
(0 0 0)
(0 0 0)
(0 3.74635e-21 0)
(2.07041e-18 1.99359e-22 0)
(-2.28948e-17 2.25353e-23 0)
(-2.45395e-17 1.60629e-24 8.86731e-15)
(1.93295e-17 8.09969e-26 0)
(-7.01093e-25 2.98435e-27 0)
(0 3.63167e-29 0)
(0 0 0)
(0 0 0)
(0 0 0)
(0 0 0)
(0 0 0)
(9.32393e-22 0 0)
(1.44563e-21 0 1.65336e-20)
(0 0 5.7574e-22)
(-4.97812e-21 0 0)
(0 0 0)
(0 0 0)
(0 0 0)
(0 0 -7.47756e-18)
(0 0 1.47449e-16)
(-1.38219e-14 1.22917e-14 6.57986e-15)
(1.75253e-14 1.35324e-34 -1.45272e-16)
(1.75253e-14 1.35324e-34 -1.45272e-16)
(3.0616e-18 0 6.83718e-16)
(0 0 -8.21528e-15)
(0 0 4.34022e-15)
(0 0 2.15638e-16)
(0 2.36409e-29 0)
(0 1.38373e-18 0)
(0 0 2.68276e-15)
(0 0 2.68276e-15)
(0 0 0)
(0 0 0)
(0 0 0)
(-8.96334e-36 0 0)
(0 0 0)
(-1.32307e-37 0 0)
(0 0 0)
(0 0 0)
(0 0 0)
(0 0 0)
(0 0 0)
(0 0 0)
(0 0 0)
(0 2.73628e-18 0)
(0 1.89833e-18 0)
(0 0 3.34681e-15)
(0 0 -3.18986e-17)
(0 0 -7.40433e-15)
(5.33739e-16 0 8.88317e-15)
(0 0 -6.34849e-15)
(0 0 4.77153e-15)
(7.20461e-17 0 3.21133e-16)
(3.84079e-16 0 -8.91339e-15)
(3.84079e-16 0 -8.91339e-15)
(8.47293e-15 0 1.52992e-14)
(8.43565e-15 0 -2.27998e-15)
(9.06483e-15 0 9.00505e-15)
(9.07513e-15 0 -4.62546e-16)
(9.07492e-15 0 4.29444e-16)
(9.07492e-15 0 4.29444e-16)
(9.07513e-15 0 -1.65661e-14)
(7.53297e-33 0 3.30628e-15)
(4.10366e-34 0 -7.57098e-22)
(4.18369e-32 0 6.22517e-20)
(1.95639e-30 0 4.73707e-16)
(7.73739e-29 0 -5.91249e-16)
(2.65737e-27 0 -6.94461e-22)
(1.73608e-25 0 1.40202e-22)
(2.51767e-25 0 -1.47012e-16)
(2.51767e-25 0 -1.47012e-16)
(5.29227e-24 0 -2.39882e-16)
(1.64552e-22 0 0)
(5.177e-21 0 0)
(4.78662e-20 0 0)
(4.91638e-24 0 1.83998e-15)
(4.91638e-24 0 1.83998e-15)
(4.91638e-24 0 1.83998e-15)
(0 0 -2.17134e-14)
(0 0 -3.71432e-15)
(3.79182e-16 0 -1.75e-16)
(-4.61995e-16 0 -3.81317e-18)
(-4.61995e-16 0 -3.81317e-18)
(4.83351e-16 2.357e-16 -1.05792e-19)
(4.83351e-16 2.357e-16 -1.02708e-19)
(-1.26435e-16 0 -2.91161e-19)
(-1.26435e-16 0 -2.91161e-19)
(0 0 -1.17091e-21)
(0 0 7.0344e-24)
(0 0 -4.52553e-20)
(5.14394e-17 2.53759e-20 -1.30558e-15)
(1.18842e-16 5.18633e-21 -4.54096e-17)
(-1.26983e-16 2.05949e-22 -8.10768e-16)
(-1.27312e-16 1.31525e-23 -3.03365e-15)
(1.30278e-16 5.80314e-25 -7.28217e-16)
(0 1.04097e-26 -4.5006e-17)
(0 1.7153e-28 -1.90886e-18)
(0 0 -1.24014e-19)
(0 0 -6.5154e-20)
(1.13846e-21 0 -1.28368e-18)
(1.13846e-21 0 -1.28368e-18)
(0 0 -6.80401e-20)
(1.0146e-18 0 -1.47514e-18)
(1.99193e-19 0 -1.41566e-17)
(0 0 -1.65382e-16)
(-2.4567e-19 0 -3.74267e-15)
(0 0 -6.96404e-16)
(0 0 -2.61982e-17)
(0 0 -1.2268e-16)
(-8.81174e-15 7.99338e-35 -2.99075e-15)
(-8.81174e-15 7.99338e-35 -2.99075e-15)
(-1.44127e-18 0 -5.39411e-15)
(0 0 -6.54105e-16)
(-1.58199e-18 0 1.03473e-18)
(0 0 0)
(-1.40599e-23 0 0)
(-4.4445e-24 0 1.28925e-16)
(-3.57806e-24 -4.17867e-24 0)
(-4.41776e-26 5.85409e-17 0)
(-4.77455e-28 0 0)
(-4.77455e-28 0 0)
(-1.43015e-30 0 0)
(-3.79535e-33 0 0)
(0 0 0)
(-8.19053e-35 0 0)
(0 0 0)
(-4.62317e-32 0 0)
(-4.37008e-25 0 0)
(-4.37008e-25 0 0)
(-2.41357e-23 -3.2953e-18 0)
(-3.12188e-23 7.45122e-17 0)
(-3.89465e-23 -6.76715e-15 1.16318e-16)
(-5.00984e-21 0 -2.51299e-20)
(0 0 -8.57722e-19)
(6.03311e-17 0 0)
(9.97979e-16 0 -5.81266e-16)
(1.67299e-14 0 -1.07789e-14)
(5.98885e-15 0 4.98718e-15)
(-4.61995e-16 0 -3.81317e-18)
(4.83351e-16 2.357e-16 -1.05792e-19)
(4.83351e-16 2.357e-16 -1.02708e-19)
(-1.26435e-16 0 -2.91161e-19)
(-1.68989e-14 0 -9.67507e-15)
(3.28441e-15 0 2.77304e-15)
(1.59477e-14 8.7877e-19 1.78505e-16)
(-1.2649e-14 1.578e-24 0)
(1.42638e-14 2.59206e-27 1.94565e-15)
(-1.57029e-14 5.22321e-31 -1.33712e-14)
(-1.35846e-15 -4.88759e-15 -8.58482e-15)
(-1.35846e-15 -4.88759e-15 -8.58482e-15)
(1.05525e-14 1.94742e-36 -8.32813e-15)
(1.05525e-14 1.94742e-36 -8.32813e-15)
(-1.75534e-16 0 7.69317e-15)
(1.96318e-19 0 5.65765e-16)
(-2.82868e-18 0 3.52961e-17)
(0 0 1.52956e-17)
(-7.9099e-26 0 -7.15675e-18)
(-2.96582e-25 0 0)
(0 0 6.83577e-17)
(0 8.46295e-19 0)
(0 -3.33632e-19 0)
(0 0 0)
(0 0 0)
(0 0 0)
(0 1.1057e-16 -2.0591e-18)
(0 0 -6.44524e-16)
(4.06773e-16 0 2.12756e-19)
(-9.55435e-16 0 0)
(0 1.11498e-16 6.64077e-16)
(-1.39644e-23 0 0)
(-1.35846e-15 -4.88759e-15 -8.58482e-15)
(1.353e-15 0 -9.07021e-15)
(4.91638e-24 0 1.83998e-15)
(4.91638e-24 0 1.83998e-15)
(4.80791e-27 0 -1.18829e-14)
(7.67108e-20 0 5.31544e-17)
(7.08897e-20 0 1.32597e-14)
(2.7173e-21 0 -1.10735e-14)
(7.11622e-23 0 3.35058e-17)
(7.11622e-23 0 3.35058e-17)
(9.06483e-15 0 9.00505e-15)
(9.07513e-15 0 -4.62546e-16)
(9.07513e-15 0 -4.62546e-16)
(9.07492e-15 0 4.29444e-16)
(-5.65023e-29 0 2.58268e-15)
(1.15939e-31 0 -2.52968e-15)
(-1.39256e-26 0 -3.41129e-15)
(-2.68023e-25 0 3.38558e-15)
(-3.00262e-24 0 -2.49551e-15)
)
;
    }
}


// ************************************************************************* //
