/*--------------------------------*- C++ -*----------------------------------*\
  =========                 |
  \\      /  F ield         | OpenFOAM: The Open Source CFD Toolbox
   \\    /   O peration     | Website:  https://openfoam.org
    \\  /    A nd           | Version:  9
     \\/     M anipulation  |
\*---------------------------------------------------------------------------*/
FoamFile
{
    format      ascii;
    class       volScalarField;
    location    "0.00075";
    object      impulseMax;
}
// * * * * * * * * * * * * * * * * * * * * * * * * * * * * * * * * * * * * * //

dimensions      [1 -1 -1 0 0 0 0];

internalField   nonuniform List<scalar> 
6876
(
0.000257398
0.032969
0.188582
1.37676e-06
0.000948011
0.041276
24.381
0.148228
1.34356
0.284686
9.36102
19.2796
6.43793
0.873003
0.174064
6.90765
1.31877
13.057
3.47233
0.459322
0.0831688
0.0293605
1.78627
0.185502
0.00426567
0.099947
1.01523
0.0231526
0.00225371
0.00681875
0.000805308
0.000162705
0.000506769
0.0211395
0.0040824
9.57976e-05
0.0120069
0.0402425
0.443949
0.0100633
0.000266674
0.000898616
0.00326622
0.000100341
0.00436606
0.0109886
0.00189385
1.63881e-05
4.46523e-05
0.000655456
4.44294e-06
9.71021e-05
2.31774e-05
0.000526504
2.92689e-06
1.33939e-05
5.11687e-05
0.000221713
2.75263e-06
1.67451e-06
6.93517e-06
5.95091e-06
2.02543e-05
7.00871e-05
302.561
21.6716
222.581
317.499
171.925
321.065
222.304
285.764
188.753
299.944
315.264
306.66
313.133
298.494
292.935
311.887
224.043
318.481
147.643
154.865
250.939
24.0173
115.536
307.383
314.501
309.617
292.203
295.661
286.691
279.943
282.313
299.805
260.447
324.149
308.213
280.34
301.819
286.71
203.237
266.123
251.712
202.387
272.838
184.079
292.466
248.563
237.393
304.327
305.892
270.847
261.548
310.119
304.032
279.45
291.772
265.293
254.81
239.6
188.391
241.814
254.521
239.036
153.644
169.763
225.7
273.11
190.189
219.767
294.512
273.981
245.441
218.262
141.478
202.712
125.047
230.835
175.145
251.473
157.877
273.304
207.889
259.363
154.839
215.52
198.524
136.707
113.094
174.21
98.0271
217.257
128.928
144.545
203.369
221.953
129.309
205.114
111.153
189.879
172.02
93.2449
213.758
81.9595
143.284
185.065
239.814
174.588
112.109
151.412
75.0627
44.5727
104.64
181.748
147.192
70.181
618.293
437.301
266.371
550.193
782.016
542.177
459.628
353.741
339.519
355.897
455.831
354.443
452.414
450.37
353.722
972.953
918.872
615.72
824.371
585.706
570.005
777.342
415.931
362.605
324.187
366.593
465.705
437.563
343.279
328.519
351.565
419.47
404.546
247.024
331.987
315.138
579.547
659.289
514.735
853.206
603.301
545.892
721.072
684.075
438.509
521.712
500.671
516.474
416.409
644.36
272.407
267.319
186.735
382.176
220.407
305.604
294.67
439.064
425.972
353.024
472.807
474.639
387.623
596.35
79.3938
64.2209
141.266
122.694
13.7151
49.3344
63.4347
1.80522
68.1805
15.5218
97.7597
6.33601
31.9014
43.8695
282.046
338.638
321.792
286.124
319.176
351.828
314.723
323.674
341.475
294.553
289.491
278.627
292.137
304.599
300.116
289.486
277.302
332.736
333.493
362.192
360.441
270.453
337.39
327.423
312.481
305.781
336.026
321.882
315.098
329.901
324.216
322.929
317.332
303.367
314.689
311.327
302.246
289.287
280.057
292.167
298.662
298.49
290.534
301.235
338.469
346.793
333.933
344.452
330.663
324.741
338.57
336.621
341.436
344.997
348.863
340.975
341.583
348.353
319.022
303.326
303.885
311.385
325.156
326.201
311.064
326.467
335.316
321.083
310.377
318.107
305.575
313.431
330.524
322.305
320.836
320.662
328.32
334.241
319.287
365.315
360.548
357.875
353.058
356.843
349.136
356.499
343.054
343.017
346.146
349.971
347.009
351.529
334.233
332.393
334.593
338.929
334.926
343.058
347.366
329.726
335.989
344.916
358.293
308.338
343.797
351.992
324.325
346.595
299.016
316.337
330.149
345.988
346.871
317.635
315.817
316.057
342.069
337.901
264.054
305.905
305.44
311.131
220.304
268.512
327.628
245.388
290.907
289.509
280.146
546.851
597.97
352.696
323.783
1328.41
1056.23
461.29
321.297
330.201
278.316
290.906
338.927
352.854
292.754
1456.92
569.436
1372.85
1436.05
573.65
597.491
1337.95
392.75
424.307
339.731
304.898
362.228
383.542
312.894
393.166
306.991
286.938
380.518
328.857
304.673
423.456
1260.35
618.516
1122.98
620.737
1067.47
630.568
1211.8
639.347
1199.48
655.302
1395.42
605.568
628.353
1280.73
477.461
364.036
377.77
419.55
357.108
330.692
455.816
654.275
914.045
628.399
641.949
995.591
635.801
1142.75
6.74152e-05
0.0348233
2.25868
22.6937
0.0327178
9.22909e-06
23.2071
0.0871719
81.8618
72.1919
152.673
135.291
58.3199
66.4186
15.0993
2.45548
82.6823
27.0431
111.699
41.076
47.1752
7.59357
0.0788441
2.22831
25.3819
1.02414
16.8227
1.04577
0.0347494
0.60817
1.43536
15.1251
0.310038
9.7271
0.692021
0.0167283
0.00153373
1.44613
0.0643041
0.119264
4.67262
0.247999
0.00596029
0.00265962
2.66077
0.0791168
0.332666
8.39213
0.353287
0.0112477
28.2057
97.0545
217.48
315.874
52.9261
5.87351
288.411
70.7763
322.041
300.637
269.27
290.7
258.659
237.565
224.968
304.771
182.304
222.883
255.892
275.971
243.487
206.763
266.428
201.742
253.649
134.853
192.994
178.063
118.93
190.906
86.2412
178.676
61.6574
151.357
137.746
51.6906
24.2102
93.9218
137.855
71.3426
161.202
118.557
38.673
129.186
210.598
150.182
179.51
235.44
156.896
97.1615
6.8093
52.0991
102.275
88.5775
4.11208
21.0822
41.059
0.545427
14.516
48.5627
70.1419
1.807
12.9586
27.7067
0.00229461
0.00159424
0.0625561
0.0286042
3.30175e-05
0.000733553
0.00102073
8.52964e-05
0.00236251
6.86997e-05
0.00963397
1.59454e-05
0.000248585
0.000332664
0.00517801
6.4073
0.0107222
66.0526
8.03227e-05
0.779476
11.1192
0.000246303
0.249451
0.00710723
0.148855
2.04103
2.0093e-05
0.000107197
0.0391348
0.0539456
3.40671
3.53382
84.8553
84.6453
0.844
0.000101015
5.36701e-06
2.16481
0.000114262
4.28682
0.00137844
7.60109e-05
0.384563
69.5197
0.527731
5.81256e-05
0.0500071
73.4693
6.37852e-06
0.0210245
64.3361
47.9619
46.3342
10.285
9.76112
4.9348
5.2948
2.82611
52.1069
35.1604
59.4654
41.9135
8.36421
4.04427
81.1996
163.647
168.212
91.9328
96.214
30.5919
28.1954
79.8703
168.025
162.134
90.8436
96.1211
30.4497
27.4348
149.553
130.191
79.3948
62.4317
54.2668
21.2298
13.2091
4.53095e-06
5.29651e-06
6.4318e-07
0.00726932
41.4213
2.15502e-06
0.00372907
1.60443
42.6874
26.5203
31.2595
2.26744
16.7522
0.686475
12.1918
28.8942
27.4077
1.67353
0.414478
0.361856
1.86139
0.00624232
0.023327
0.000575028
8.04545e-07
6.95149e-06
0.00809035
1.24147e-05
18.1301
0.147912
5.67203
8.75691
23.6624
1.26375
0.259008
1.15958e-06
0.00476932
0.339189
2.19403e-05
2.02883e-07
0.00154329
1.40851e-06
104.386
21.7395
18.3971
42.0239
36.139
5.92464
1.58902
0.00978872
0.372245
0.344284
0.141284
0.00410384
0.154891
0.00369501
7.77981
0.216559
18.7099
0.835345
7.77406
0.216345
0.04801
0.19505
0.00179941
0.0726581
0.00767912
0.27762
0.11047
0.00281859
0.904452
2.18677
19.1029
1.0538
20.7966
2.56275
0.0639927
4.19369
31.0204
34.3495
3.99131
0.122491
3.24918
0.155602
0.128926
3.41322
31.6198
4.21506
34.412
4.02979
0.157174
1.03482
20.6274
18.4083
2.5255
0.0504155
2.05524
0.0629315
11.6584
0.0650081
2.80162
0.949747
5.67377
0.146109
0.0209625
24.0471
0.837857
14.9672
0.0696378
1.97733
0.839723
0.0278755
13.9015
0.247617
8.31456
0.0301788
1.25103
0.550515
0.0132386
15.1648
6.87815
5.71366
0.949606
0.802081
0.25402
0.0280465
202.143
57.9878
232.438
60.2974
51.6107
0.0139623
79.3156
78.4616
0.919159
142.615
0.0782432
0.297179
0.00738863
39.3974
32.7068
0.0121585
237.795
206.651
201.089
165.471
159.789
123.151
128.552
220.723
168.947
188.632
126.942
146.954
110.489
90.9259
176.264
141.602
99.9586
106.849
65.7962
67.9147
38.6474
94.9048
30.6708
158.855
89.5932
153.011
74.4723
27.5658
83.0546
18.9217
21.129
6.72578
7.91289
51.7115
47.8627
119.366
77.8185
139.845
63.3687
12.4025
20.8997
47.0979
67.6456
8.01997
14.068
1.9967
4.41419
39.0906
26.7315
101.695
31.1281
67.6097
11.503
35.8038
15.4676
3.0028
92.077
19.2716
60.4184
5.06832
28.5104
12.1302
1.18059
3.07896
0.583156
13.8295
0.691306
15.1099
4.51514
0.124217
1.1563
20.0984
0.0638884
0.0812642
2.89688
17.7187
2.3312
7.5264
1.48701
21.7543
3.40512
0.610398
0.0965252
0.0156532
0.212214
0.535318
0.0357061
0.525964
1.34664
12.7463
6.82366
0.0176608
8.57861
0.682386
0.171702
5.52267
29.9966
2.76408
0.000384596
0.00299367
0.118298
0.000948205
0.0391179
0.056824
0.0162732
0.00191228
0.0115561
0.45886
0.0180199
0.107855
3.94028
0.732439
0.0414915
0.00115633
0.000211957
0.0100729
0.00874608
0.0466085
0.00102071
0.338851
0.227315
1.76803
0.0389369
0.000845685
0.00747033
0.00499484
0.242389
1.73358
6.64924
0.253722
0.00168224
0.0546633
0.00803547
0.0856709
0.928572
3.53959
0.177576
0.000976494
0.0405281
0.0042226
1.77121
0.0390101
0.227776
0.039201
0.00747806
0.00500568
0.000847064
0.000779693
0.0304908
0.00386507
0.0601225
0.152164
2.36762
0.488284
0.000444351
0.0187219
0.00343456
0.030786
0.000147792
0.00616735
0.000745705
3.47761e-06
3.71175e-06
6.95024e-08
9.77888e-08
2.35955e-06
2.24213e-08
9.76632e-08
2.35608
0.00428958
0.00453619
0.0755283
0.0680718
0.0022737
0.000144622
2.61423e-05
0.000459315
0.000114152
0.00495298
0.0198265
0.00494809
0.00106496
0.00374737
0.00253908
0.0999369
0.120295
0.000129108
0.00305318
0.00456219
0.118649
0.000127332
0.00354097
0.00238349
0.094018
0.00300911
0.00450778
1.17545e-05
3.41062e-05
0.000210624
0.0091041
0.00146472
0.00332675
0.00046413
0.260741
0.000753306
0.0273885
0.000247822
0.00824649
0.000879554
2.72857e-05
0.162571
0.000456356
0.019447
0.000161192
0.00655541
0.000739376
1.99594e-05
0.00137814
0.930839
0.0531293
0.00318884
0.0563723
0.00143844
8.78425e-05
0.00201029
0.00138479
0.0545705
0.0227103
2.57184e-05
0.000810212
0.000578576
0.000157221
0.000943126
0.0378807
6.24263e-05
0.00245897
0.000396294
1.13348e-05
0.188066
0.00129074
0.0305486
0.000226052
0.00502676
0.000806198
3.90128e-05
0.0476132
0.000421487
0.00477247
0.000103172
0.00101978
0.000103185
1.1393e-05
0.000450986
1.30507e-05
0.000181621
0.00174638
0.000111458
0.00438559
0.0714162
0.0216177
0.00021038
0.00330189
3.70507e-05
0.000472087
7.35289e-05
8.09648e-06
5.37778e-06
0.000855145
0.000162678
4.07264e-06
0.000108538
1.94167e-05
2.16447e-06
2.17647e-06
2.00516e-05
4.06373e-06
0.000853484
1.94085e-05
0.000162503
0.000108255
0.0068277
1.12322e-05
5.53474e-05
4.43445e-05
0.00149092
0.000233874
0.00017465
0.000219034
0.000223402
0.000290184
1.34304e-05
1.34667e-05
1.14e-05
4.55548e-06
0.000112498
4.15091e-05
0.00168805
6.21306e-05
1.8093e-06
5.65538e-06
3.27056e-06
0.00013089
5.92135e-05
0.00213537
7.07429e-05
1.85879e-06
6.07022e-06
3.76577e-06
3.58943e-05
2.63152e-06
1.53831e-05
3.68489e-05
1.78554e-06
3.86523e-06
2.62871e-06
0.000159371
0.000117506
0.00272775
7.56686e-05
6.11275e-06
9.04826e-06
1.00823e-05
98.2618
98.4597
102.331
1.59463
1.35428
107.356
102.526
0.0653129
0.0541956
0.0430218
67.1555
0.0202612
107.191
0.0221179
81.974
0.0630956
102.269
23.1575
24.94
101.168
104.72
26.3701
24.5738
103.124
107.24
107.279
27.5864
25.0412
27.5487
25.4605
108.176
106.135
107.387
27.7235
27.707
28.1547
27.1406
25.0753
24.8724
102.096
103.727
104.567
26.3232
25.9129
107.182
103
102.239
27.5407
27.5202
24.9967
25.3989
104.493
90.7325
98.211
23.056
26.0997
23.0323
19.613
80.2678
94.4992
93.1374
20.6692
15.9683
15.3271
21.2862
80.2011
75.107
88.2215
18.567
10.7509
13.4556
15.3342
1.8863
0.0665117
1.88442
0.0635713
1.93092
1.83005
0.0653788
0.053343
0.0509333
1.53863
1.84922
0.0622705
1.83525
0.0632754
1.50566
0.0504762
0.0450978
0.0527534
1.54857
1.71808
0.0588266
0.0544397
1.57765
1.56424
1.73234
0.0588859
1.69624
0.0600158
0.0621623
1.84402
1.83221
1.53407
0.0531164
1.58815
0.0507731
0.0496998
0.0160372
0.0371035
0.00949424
93.7215
100.03
62.5806
73.2592
23.8496
23.9453
100.164
94.97
94.3866
21.2644
21.577
98.5226
20.9267
23.1016
86.071
91.713
20.0277
17.6142
85.893
72.2748
85.0451
17.2333
12.7589
17.6
12.4204
75.5385
68.6718
81.6827
15.8929
9.28528
11.2094
13.5663
258.477
156.72
170.586
196.281
312.33
297.102
272.639
251.112
247.046
260.051
264.121
257.107
260.33
266.781
270.215
259.866
283.983
272.243
276.481
267.153
276.374
284.459
293.648
290.07
276.437
280.239
278.851
281.964
292.303
253.534
196.192
252.014
192.116
254.532
256.027
191.854
303.416
297.805
287.427
286.823
296.73
294.955
292.536
191.6
195.519
256.411
257.579
184.34
189.765
257.641
251.522
184.05
255.393
256.199
169.292
183.233
251.349
255.852
172.732
164.744
243.234
179.717
248.877
253.187
0.0487736
1.43474
1.4528
1.17561
0.040513
0.0390302
1.21143
1.32607
0.0315609
1.0021
0.0553833
1.65969
1.3239
0.0429507
1.13472
0.0451918
1.34878
0.0270747
1.0573
0.0345305
0.851536
1.09828
0.0204054
0.719384
0.0374974
0.671484
1.16067
0.0350796
0.521908
0.0151927
0.828791
0.0278601
0.0265594
0.861704
0.499227
0.669997
0.0112704
0.39337
0.915539
0.0162842
0.548392
0.0286101
0.017276
0.012798
0.724855
0.328087
0.0227947
0.428696
0.565363
42.1477
0.113266
0.82747
73.5127
0.00314
2.39751
0.0115515
54.4841
85.3491
17.3356
77.3141
65.7127
14.2192
12.8572
10.2655
7.03558
4.67723
44.4554
66.8067
55.9475
10.6098
7.44012
58.8643
35.8487
51.8493
4.09631
8.18467
6.33348
2.95102
291.168
159.51
235.22
315.756
183.896
296.05
232.339
287.667
199.662
214.715
984.648
113.2
292.349
3.72818
146.714
80.2345
217.325
295.798
186.271
125.493
307.207
89.9532
276.501
516.203
410.694
426.027
421.572
799.293
166.358
346.015
292.545
285.78
288.68
308.825
304.454
295.749
298.067
27.361
27.6996
234.281
286.873
280.563
321.107
159.569
305.239
294.962
289.781
285.604
288.612
304.198
295.434
302.237
313.363
298.826
297.719
298.204
298.33
299.784
296.937
313.105
299.118
313.053
298.421
297.406
299.75
20.7313
277.841
270.826
67.9098
264.374
1.17607
144.38
306.899
293.556
294.707
305.205
298.881
286.186
303.272
442.4
331.888
346.848
344.561
439.503
342.8
436.92
611.109
579.854
831.875
934.466
605.254
562.401
787.132
290.227
313.798
302.453
309.573
303.319
281.827
276.407
0.028675
11.5956
0.00690077
16.765
0.00094929
4.03778
0.00767813
293.17
240.262
294.393
276.014
215.42
273.757
220.612
213.679
290.187
271.51
239.794
294.072
275.725
220.417
479.061
163.064
10.2959
364.296
722.914
123.039
328.499
156.388
1.49131
0.316985
83.3802
288.293
53.8403
249.692
319.348
309.225
320.987
312.629
291.009
268.4
263.541
321.063
310.58
312.714
287.726
290.993
268.391
264.369
312.215
288.232
298.672
271.555
268.456
290.738
248.853
351.965
441.796
447.499
308.071
329.546
422.634
400.025
267.142
200.505
252.007
189.394
263.568
206.003
256.553
183.632
262.306
251.386
267
189.569
206.01
256.591
297.44
282.279
297.909
263.811
228.375
238.493
255.48
315.951
301.808
306.112
287.894
262.077
252.926
235.954
199.726
281.423
262.325
245.669
194.009
264.84
178.025
342.316
257.899
320.928
234.682
304.275
392.591
319.317
870.904
568.311
591.827
536.919
669.053
504.665
731.826
91.5808
0.0968046
8.5075e-05
35.8357
235.672
0.171576
103.817
170.686
252.143
240.269
234.747
150.696
165.688
222.396
687.786
431.613
550.273
492.964
516.08
406.957
649.125
232.234
165.212
237.592
206.385
122.791
128.235
200.803
238.636
281.89
285.381
230.737
166.309
226.243
171.378
232.891
238.495
285.279
230.684
165.251
225.207
171.345
232.752
164.953
237.503
206.257
122.86
201.284
127.977
288.163
242.224
267.703
210.991
239.604
212.207
180.994
423.667
303.354
396.235
279.916
370.653
334.245
243.064
268.107
258.684
239.387
237.01
218.341
176.901
194.183
88.2926
75.1601
67.1918
18.5948
15.3465
13.4707
10.7606
221.76
162.991
207.048
113.026
240.204
190.102
148.932
221.297
203.114
255.173
152.319
213.164
194.278
132.229
536.065
644.049
497.376
601.32
467.307
424.664
529.006
258.138
216.304
226.835
194.455
206.174
164.54
151.308
46.2056
0.141649
1.01027
78.7621
93.234
1.1658
4.9267
0.0107363
90.5817
19.555
93.2637
81.2093
20.7736
15.6956
14.7655
94.6277
80.3343
82.0742
20.7114
21.3454
16.0067
15.35
210.105
123.533
103.466
165.061
178.255
137.859
197.48
463.152
472.809
544.881
338.565
427.73
375.743
600.85
204.041
248.899
280.189
367.681
252.607
336.685
289.27
220.549
126.771
202.021
110.169
188.362
168.735
90.6857
7.81542
69.6552
57.2194
45.278
4.86849
57.2341
7.81901
63.6039
47.8004
65.626
10.1699
4.92156
9.55147
5.27476
46.3034
9.76279
64.3522
47.967
66.1039
10.2994
5.29486
399.211
562.459
452.435
375.221
375.934
314.767
453.075
137.511
215.581
196.827
122.607
79.5363
65.6245
139.084
210.036
198.866
174.736
167.661
141.191
129.123
93.9146
311.022
267.665
360.106
287.453
131.837
226.806
192.823
158.554
74.1334
30.4918
89.2605
79.018
152.655
94.62
158.426
30.4768
89.921
74.3446
153.194
78.8403
94.5668
99.8734
142.636
176.215
141.469
38.6036
106.801
65.6611
177.653
204.269
233.318
167.824
72.9699
133.374
105.242
41.893
8.36349
59.4793
35.1587
52.1227
6.40871
2.82463
482.267
294.871
387.092
340.385
302.271
243.196
414.874
209.878
208.801
299.084
253.141
77.8684
158.441
161.813
164.802
72.9379
149.648
100.92
42.6002
114.477
35.0086
126.262
170.624
183.417
112.296
47.9206
58.1811
99.2234
65.3868
124.859
138.509
91.7782
22.2205
29.9965
78.92
616.275
419.886
278.202
574.581
1018.06
531.495
421.181
414.448
323.563
314.99
409.999
442.518
349.259
447.899
344.296
442.124
319.87
345.238
314.468
409.008
441.534
343.662
1011.27
1029.44
613.099
595.319
858.588
593.639
875.467
612.541
589.788
862.657
1033.7
612.746
594.752
878.25
427.745
334.883
363.511
282.283
426.829
367.313
335.525
357.486
273.054
330.119
426.486
280.981
365.723
334.515
540.553
712.996
453.215
586.04
535.321
459.477
727.183
714.634
448.648
574.22
539.748
586.854
458.258
728.719
32.0578
0.812728
18.3657
27.7785
42.8936
4.32488
1.76967
63.0643
77.515
139.517
119.108
12.3066
46.8851
60.0769
0.687375
31.269
2.26877
26.5313
42.7025
4.28898
1.6055
166.176
60.3296
118.55
39.9766
92.2629
50.0091
13.8132
0.0324773
0.0195201
0.638852
1.11869
0.0362365
0.0216389
0.702469
0.0376677
0.0221922
0.0351948
0.0204463
1.10177
0.672853
0.721859
0.0260904
0.0155299
0.518181
0.0184923
0.0108561
0.604687
0.374119
0.0163086
0.917564
0.54918
0.0112838
0.0202837
0.670741
0.393815
284.462
271.054
117.746
235.37
217.878
182.969
344.815
149.424
59.3611
114.377
31.6815
77.518
46.9706
13.1283
101.76
15.4683
67.6191
11.5282
58.0582
31.1537
3.00725
91.9172
5.03587
12.1005
19.2345
60.3546
28.4043
39.2799
197.368
56.2974
53.5415
37.3894
134.717
104.568
107.808
51.9693
21.916
0.845074
12.885
15.6759
62.9029
9.21063
0.00625405
0.00670271
0.00351968
0.225978
0.134701
0.393679
0.241977
0.0126877
0.438336
0.00354858
0.00689665
0.253115
0.138407
0.253255
45.531
8.40907
0.597254
4.35665
12.6332
7.17041
36.045
0.00961279
0.336519
0.0037226
0.0105896
0.00409403
0.367253
0.154379
0.00978772
0.0041008
0.00368747
0.141
0.344299
0.372855
0.15481
0.00762101
0.27281
0.00292031
0.00525815
0.00194116
0.195143
0.077299
0.00281397
0.11027
0.277562
0.00179917
0.00518041
0.195105
0.0726279
24.543
23.2834
67.3393
16.841
0.118403
2.10343
1.95069
2.762
5.51967
29.9889
8.5847
0.0176748
0.297455
0.683041
3687.94
585.778
492.041
469.311
338.012
366.871
404.072
359.396
692.876
1517.95
1395.57
797.423
1144.2
800.066
810.167
558.546
558.085
945.01
460.437
758.943
590.704
458.972
545.419
823.659
469.845
428.79
704.009
580.393
426.406
400.444
490.782
566.763
377.837
509.115
528.874
384.882
1535.94
3075.51
3125.33
2114.91
2576.4
1761.52
1656.04
1231.94
2286.45
1409.33
1042.67
1845.99
1322.26
915.957
1219.87
2034.08
1344.8
984.048
1843.8
928.099
1311.81
1057.58
1155.43
756.751
756.544
1154.23
723.166
1147.96
420.083
489.456
449.616
399.099
575.87
416.611
437.62
439.031
382.838
352.66
355.869
436.822
369.285
393.121
358.021
382.855
443.932
388.146
457.192
378.667
387.704
365.999
422.454
381.702
367.328
375.959
388.482
396.401
291.617
325.245
315.818
1519.49
1429.28
1578.59
326.823
446.559
1667.36
356.219
292.57
315.228
327.683
365.485
369.243
437.469
361.436
362.336
387.973
444.209
340.559
378.887
398.443
356.55
439.46
370.071
352.602
382.243
337.788
393.19
546.749
1621.16
1645.62
577.954
1607.59
547.014
558.333
425.185
377.667
392.446
367.96
383.148
368.142
397.263
315.612
324.816
343.08
297.808
335.871
313.384
342.145
354.65
318.837
354.021
350.547
327.559
353.787
370.12
306.869
314.291
329.798
328.046
299.211
313.186
313.045
341.797
321.299
341.784
348.949
327.564
334.636
362.041
336.977
350.884
345.929
346.852
344.191
331.749
354.867
534.685
547.523
1508.33
1572.42
556.628
1562.91
533.12
555.421
1546.09
554.131
1616.41
569.804
1582.75
550.924
360.397
363.068
360.149
373.87
365.8
353.236
376.508
372.178
348.786
305.263
314.705
350.943
312.942
359.51
326.405
328.493
307.049
317.142
319.724
314.647
329.748
567.755
513.751
384.638
399.937
294.002
318.616
338.582
299.497
545.484
497.597
486.404
407.163
373.343
406.127
385.678
573.929
498.332
545.538
406.683
381.969
408.638
388.429
1475.99
317.009
358.111
377.902
441.012
395.687
464.908
390.228
363.091
395.543
364.709
450.342
382.841
468.496
389.942
365.123
304.088
288.156
301.008
317.323
330.36
337.434
328.637
328.194
284.997
313.698
291.739
304.495
338.267
325.761
300.8
1169.8
288.878
276.604
527.668
580.123
335.216
285.768
310.796
275.235
278.756
314.957
278.01
313.749
327.135
318.266
328.692
343.2
342.442
344.549
342.003
325.508
316.069
339.558
319.285
327.024
345.28
341.237
272.405
276.907
289.007
282.685
268.834
280.683
271.789
264.104
269.406
302.579
309.092
263.715
309.534
266.713
273.461
309.685
309.809
313.477
270.164
271.464
316.002
288.729
275.454
287.318
282.451
271.587
272.925
282.218
1666.66
1652.54
480.938
546.257
1518.95
286.739
273.841
1525.7
522.094
548.623
481.105
396.721
358.565
378.299
388.175
503.186
518.759
566.578
416.255
384.411
405.47
397.213
617.366
1670.16
601.027
552.132
1617.73
1611.45
547.509
586.005
1646.68
598.123
536.111
1609.71
532.503
1600.37
350.171
317.195
316.842
292.045
326.357
319.919
342.227
335.458
299.694
282.019
305.116
326.982
313.34
309.297
520.034
1567.74
517.545
1515
512.733
1561.74
521.517
507.985
1568.18
1516.56
507.994
508.99
504.635
1558.1
1470.13
520.881
516.82
539.128
1404.9
544.475
1405.58
302.714
304.982
317.965
297.879
312.352
296.418
313.123
1464.7
1465.21
521.514
549.268
1391.45
541.283
1398.52
319.562
304.698
298.625
304.441
317.874
297.616
313.046
614.511
566.879
1480.43
1499.06
583.553
590.186
1539.71
343.028
347.536
350.878
359.776
337.843
357.858
347.9
327.552
271.528
366.221
286.335
330.548
271.95
360.252
370.999
292.703
276.249
329.855
287.669
274.634
361.473
281.649
270.302
283.561
275.339
280.741
271.923
283.273
282.365
273.063
285.437
281.429
275.627
272.522
283.14
1290.28
607.436
1159.99
571.39
1176.76
601.232
1303.1
295.318
310.455
295.357
310.655
294.523
310.83
295.34
313.221
297.046
298.085
295.314
310.932
310.936
295.537
570.661
1302.68
603.963
1182.53
576.067
600.679
1309.85
383.478
1472.08
315.491
322.03
186.474
1422.8
344.815
323.612
1138.97
299.877
939.294
359.888
300.453
340.672
290.302
314.435
280.328
320.679
312.433
308.98
276.624
267.832
269.118
320.31
338.751
280.341
296.527
281.757
275.566
272.961
285.973
280.17
293.272
219.264
288.266
310.94
322.169
168.686
326.673
127.137
1455.83
556.453
534.855
1391.88
559.139
581.142
1361.79
327.923
307.636
313.196
316.924
301.301
307.645
322.539
283.677
908.614
583.068
1274.17
405.709
852.616
360.545
181.953
343.885
229.288
312.174
346.429
321.799
293.692
312.068
303.804
290.475
303.364
290.162
301.81
311.387
372.309
307.437
289.406
365.348
323.632
400.065
298.468
274.505
288.191
285.653
289.131
281.566
292.323
294.384
279.177
382.581
343.665
365.639
317.894
406.636
293.547
584.344
1363.6
614.348
607.752
1235.48
632.037
1311.35
325.932
334.395
319.42
314.724
336.492
322.27
329.386
314.265
299.118
298.655
304.11
318.682
303.829
319.155
1279.58
610.6
588.768
605.951
1088.27
617.404
1236.11
298.655
304.189
288.406
313.121
294.298
297.352
298.767
398.172
346.83
342.424
455.23
435.937
434.458
316.69
311.875
305.43
293.516
301.244
309.604
312.441
303.732
331.462
361.15
354.851
446.267
441.854
473.569
380.484
320.457
328.017
321.371
329.129
322.539
332.025
342.028
311.301
331.635
320.247
310.28
319.883
310.307
325.614
331.918
350.404
337.213
343.399
330.65
333.579
337.819
623.3
1088.21
1019.89
613.124
634.095
620.418
1171.74
322.594
326.884
322.573
295.949
298.051
295.957
287.034
640.097
1160.77
1136.88
653.49
646.368
642.995
1024.74
319.109
325.992
324.635
288.999
298.896
294.692
280.091
260.126
177.721
256.594
172.038
253.973
246.912
161.882
479.497
385.288
476.589
479.486
365.301
460.82
383.479
370.147
457.735
464.677
471.555
346.147
442.68
373.964
324.775
346.163
335.721
324.849
322.764
301.011
343.951
331.73
303.1
321.787
316.526
305.137
335.008
284.526
197.541
327.137
308.798
104.335
228.049
1.83252
248.409
35.0011
373.96
307.691
380.49
337.733
347.819
1024.35
1388.17
378.009
1309.99
365.577
1554.19
329.968
341.838
307.1
347.631
329.214
289.651
299.146
346.613
340.615
292.576
295.692
287.496
333.115
353.179
298.505
300.399
313.408
314.027
292.636
306.959
312.401
299.358
347.601
285.99
350.245
360.791
345.937
340.879
353.887
1524.64
546.733
569.085
1500.73
563.057
591.119
1459.37
344.618
332.494
332.524
339.471
325.053
329.184
344.159
763.003
1170.52
398.401
731.047
399.745
334.028
424.439
334.804
325.435
293.056
268.137
238.296
216.142
239.149
314.026
356.763
302.486
378.111
334.415
313.937
408.204
298.258
289.14
344.958
372.584
323.506
400.38
307.228
318.506
303.163
316.114
318.357
315.397
306.885
323.677
301.435
290.027
303.435
311.688
302.821
310.995
299.942
349.871
349.678
347.544
356.148
353.109
350.823
357.736
619.465
1471.12
593.549
619.582
1286.17
643.158
1387.91
607.905
1421.42
584.434
614.6
1234.47
632.252
1362.73
332.765
347.77
333.017
332.666
349.622
347.572
335.244
314.454
334.234
319.164
325.673
336.315
321.984
340.524
335.448
348.422
292.633
1592.49
1653.52
333.456
319.238
1528.05
1501.93
333.184
310.356
357.794
374.433
341.817
301.291
299.701
344.269
410.598
425.257
343.752
359.079
381.076
359.778
315.41
419.436
343.111
412.294
335.689
360.909
370.237
321.244
317.765
345.842
322.446
339.062
333.152
353.154
352.919
565.087
530.313
1640.8
1614.13
545.402
531.1
1608.05
356.463
364.53
402.765
350.709
363.368
373.267
352.404
334.918
304.125
297.964
335.855
324.781
351.642
304.528
310.079
280.393
275.423
294.235
325.221
325.102
292.134
303.747
323.784
317.17
323.711
329.315
341.525
309.986
303.608
321.993
287.748
285.022
304.938
315.573
299.615
1566.63
536.515
550.418
536.716
1620.99
535.689
1592.98
1521.53
538.814
520.529
529.474
1573.05
517.344
1569.25
330.167
334.73
319.336
321.977
337.819
334.401
342.93
346.614
343.356
348.058
331.433
346.901
329.657
338.079
349.809
341.946
336.25
342.001
356.012
355.003
349.89
353.07
298.722
287.824
340.659
295.838
330.209
292.829
312.664
307.24
292.849
300.45
314.116
313.491
298.853
304.732
304.066
316.376
308.937
317.83
328.179
318.926
563.06
1460.03
590.989
1525.05
569.111
546.905
1555.13
329.358
339.607
325.26
346.679
332.596
332.617
344.739
335.102
341.378
344.696
336.052
333.904
341.915
343.314
346.284
350.404
349.575
339.691
350.46
346.326
352.523
329.958
338.583
328.62
338.587
339.956
347.096
329.931
322.373
334.734
327.895
336.53
340.15
341.901
330.728
347.611
353.908
349.745
349.898
357.725
356.153
350.827
405.956
473.668
361.154
354.835
442.083
331.393
446.374
320.178
331.829
327.863
320.969
322.206
311.797
328.99
300.914
311.442
312.083
305.091
303.46
309.325
320.358
316.561
346.762
436.177
342.328
434.564
455.253
359.782
331.723
333.43
350.361
343.259
330.409
346.327
337.123
354.031
345.813
340.106
346.374
350.412
359.17
345.864
364.348
356.101
357.705
361.759
357.682
364.359
365.386
344.243
349.062
351.319
350.039
350.265
358.643
352.46
640.302
643.031
1160.55
1136.21
646.527
653.576
1273.65
623.423
1087.27
634.216
1018.81
620.4
613.059
938.464
311.037
331.448
319.593
320.08
310.076
310.039
312.258
347.794
354.021
359.136
345.803
346.316
350.37
340.055
471.548
370.107
464.771
457.655
346.097
360.476
442.581
316.323
331.414
321.485
302.86
304.921
321.522
284.325
335.276
315.06
350.554
361.939
335.284
361.507
361.954
341.851
318.866
337.482
318.927
282.136
289.449
315.53
306.905
327.118
319.904
247.742
270.852
285.654
266.552
619.479
1035.27
647.193
619.494
796.253
579.683
908.78
992.028
592.493
630.819
610.199
763.434
559.665
890.076
326.949
297.887
323.324
311.181
267.083
274.42
307.816
322.17
306.906
319.913
270.84
285.633
266.535
247.728
320.876
335.302
357.944
342.596
350.185
358.226
362.109
335.977
300.964
318.698
329.568
340.247
353.481
355.702
422.393
307.889
329.358
351.832
447.422
441.634
345.865
248.639
290.431
271.36
311.914
298.447
288.015
306.923
130.372
235.267
148.05
248.483
164.787
235.288
148.072
266.934
274.22
311.003
326.786
293.519
323.078
297.659
559.547
889.63
610.149
991.347
630.846
592.382
852.023
228.248
276.348
263.654
255.395
297.309
297.72
282.073
152.395
219.163
240.559
230.684
115.568
207.352
141.562
668.426
504.316
536.552
869.994
591.61
568.077
798.589
456.007
332.194
376.531
321.397
425.432
415.088
359.668
296.509
209.13
284.518
274.964
263.51
317.665
254.898
287.754
262.522
287.758
191.159
223.188
250.345
223.184
107.539
216.555
126.772
99.6825
190.787
168.655
79.443
270.632
282.421
300.352
200.804
238.98
216.44
173.861
325.792
246.794
291.958
317.799
277.669
311.152
346.622
396.076
242.818
303.235
370.386
279.709
423.482
328.376
176.59
193.832
258.418
236.666
218.075
267.887
288.012
197.558
79.4744
107.558
216.582
99.7143
190.818
126.806
574.67
469.938
688.695
673.655
529.276
518.434
788.331
285.638
238.763
194.602
231.504
248.962
241.506
278.351
528.613
643.645
497.209
600.819
467.022
535.847
722.389
226.616
151.138
164.296
205.945
194.294
249.526
257.918
180.334
219.29
259
97.6093
148.838
187.022
139.208
139.966
172.467
30.747
55.5554
83.4665
139.947
55.5372
67.5758
112.582
156.356
131.148
20.428
86.3349
48.3027
257.627
198.763
264.92
261.101
201.024
242.885
197.514
239.024
240.352
237.917
240.416
251.517
251.451
253.283
250.257
242.829
236.358
239.317
250.966
250.843
249.587
253.542
261.824
251.451
248.756
257.966
270.845
260.391
267.76
265.023
251.77
247.891
257.433
270.526
267.075
260.628
250.912
201.506
250.875
200.483
251.899
201.052
250.171
250.043
197.712
199.272
249.46
199.148
249.853
250.704
195.468
198.077
254.358
253.283
197.289
199.511
256.708
254.479
199.128
259.484
201.935
255.919
201.678
257.967
360.137
333.957
288.446
242.236
319.211
343.735
322.486
301.254
300.395
343.829
271.876
343.36
281.426
348.733
293.909
316.03
313.953
354.993
361.244
297.635
357.238
328.236
339.495
319.138
336.516
314.535
342.316
345.65
310.071
274.42
247.353
247.613
259.357
254.921
268.679
264.21
275.33
287.019
258.945
289.281
268.974
274.469
303.748
332.518
356.746
349.062
325.845
360.011
354.468
337.724
299.736
320.075
261.406
231.664
300.12
265.086
328.468
237.459
257.25
332.255
255.42
298.314
323.93
238.354
266.001
265.613
325.759
258.919
258.916
300.531
325.844
239.813
353.451
304.501
354.933
275.449
346.714
340.319
283.386
345.705
298.556
349.961
339.569
280.465
275.841
338.047
235.052
233.952
237.168
226.311
223.672
232.395
241.752
233.635
242.134
236.354
236.477
227.849
224.916
233.743
272.256
265.879
277.083
249.852
248.648
243.717
256.365
275.071
261.958
272.269
248.003
255.007
250.838
244.714
297.792
309.947
306.351
294.141
279.265
289.584
283.36
308.68
330.589
318.683
304.78
304.825
292.203
318.699
324.327
293.743
339.645
329.361
350.704
362.794
331.12
361.848
353.282
358.715
361.703
358.746
339.224
336.392
345.917
284.375
314.99
333.453
328.131
285.392
316.825
318.101
331.146
344.781
339.198
314.926
348.738
341.422
322.947
322.783
352.345
319.809
352.533
345.319
343.712
324.545
327.471
294.998
281.775
293.067
309.284
302.041
310.507
299.986
329.302
329.687
334.493
327.059
330.352
327.38
330.01
303.285
313.179
297.418
281.631
293.663
309.954
300.044
332.802
333.602
338.042
330.153
335.719
328.006
330.525
364.065
353.344
362.655
362.555
347.382
354.239
360.183
310.489
321.695
307.278
305.565
319.843
332.377
320.539
341.256
341.226
347.021
349.574
354.707
349.054
349.713
320.469
316.538
329.38
326.637
321.563
314.819
328.545
324.248
329.893
332.165
321.02
326.731
314.921
328.92
364.876
357.099
364.019
360.349
357.505
357.835
363.677
342.227
318.723
332.106
342.957
341.942
331.672
351.616
331.682
335.308
338.553
340.812
342.519
346.376
332.869
363.932
350.286
349.516
350.781
355.105
342.219
358.753
296.794
299.067
83.1876
127.788
145.058
170.426
325.486
322.358
176.593
191.276
281.199
323.792
277.798
134.557
134.601
299.759
278.255
297.858
295.204
283.196
280.333
292.569
294.557
281.334
298.18
294.889
282.669
279.696
292.034
294.153
287.466
288.2
304.363
298.202
313.095
293.091
298.358
324.832
313.753
311.357
299.356
293.696
299.746
295.288
325.725
294.1
314.268
323.64
311.144
298.968
295.088
310.361
328.305
322.87
295.113
296.914
296.158
287.985
188.748
256.288
259.252
191.101
259.166
257.263
179.331
192.52
260.87
260.219
258.027
178.233
257.352
180.33
327.738
289.983
319.54
328.026
325.384
295.474
282.046
183.568
252.972
258.194
174.712
254.549
246.214
160.53
328.931
311.805
323.301
252.421
287.358
269.735
273.751
158.646
246.018
226.94
248.034
137.246
161.483
229.589
248.538
159.443
226.731
137.557
246.44
162.107
229.843
161.868
233.361
246.649
234.91
129.777
146.914
219.399
151.975
240.566
220.081
231.205
117.1
141.627
209.221
173.383
217.88
102.372
109.323
127.647
193.974
200.022
415.024
278.271
142.055
311.138
329.55
258.988
131.614
331.382
343.921
351.369
313.515
328.719
307.038
210.675
337.544
337.031
328.614
342.926
334.113
337.613
342.879
251.504
30.4278
324.811
161.511
350.243
284.068
173.802
344.308
358.629
350.264
349.145
340.968
350.061
352.478
313.018
282.404
131.184
95.4981
26.5867
139.72
0.360629
336.219
340.8
339.724
342.966
345.773
347.359
330.422
331.877
327.751
339.051
329.171
332.498
342.137
325.226
226.317
673.356
491.782
287.244
375.033
208.034
24.0046
119.974
254.734
165.456
170.485
196.587
4.36867
0.893573
193.831
281.23
321.183
339.779
105.389
210.939
49.9867
198.766
355.678
340.221
353.455
345.932
300.937
335.972
318.675
337.188
322.753
338.18
339.827
290.186
328.376
310.849
362.1
357.96
358.261
350.248
342.615
335.344
320.888
328.339
337.085
338.073
306.94
322.66
310.827
290.153
274.768
339.118
313.306
333.692
259.771
301.159
301.862
320.215
298.577
267.575
287.097
255.804
235.195
220.923
455.978
321.346
359.665
332.186
425.418
376.48
283.612
244.222
149.337
16.8257
5.04092
165.141
0.281254
0.000235576
285.985
325.785
346.611
277.649
317.788
291.951
246.79
102.203
0.222875
10.9878
3.88643
6.95111e-05
100.816
0.0707629
289.551
307.498
339.323
270.42
307.519
289.558
248.255
323.761
264.68
308.516
254.744
299.42
281.254
231.443
296.393
274.803
317.551
284.465
263.454
209.008
229.16
299.353
254.658
308.487
323.674
283.972
231.403
264.644
302.944
262.211
284.843
238.794
283.183
259.926
210.715
231.388
241.347
285.525
238.726
248.91
194.5
181.882
321.177
262.179
238.717
259.909
302.935
283.149
284.798
300.335
216.449
248.39
270.595
238.976
200.787
173.874
518.345
788.087
574.625
688.595
529.253
469.882
582.896
264.296
239.601
288.114
212.282
267.723
242.212
181.013
339.458
285.56
328.407
327.218
326.35
338.402
320.051
325.527
329.212
335.156
326.725
332.303
324.859
333.555
336.246
326.583
332.236
332.07
324.25
324.746
333.408
333.44
8.91101
338.991
338.551
336.081
337.697
334.652
339.509
342.312
326.837
325.517
324.172
335.399
335.406
338.119
334.452
335.983
339.858
337.621
337.184
335.146
334.418
339.361
333.108
323.877
335.269
325.295
323.99
335.238
334.3
103.753
227.382
324.452
225.723
324.374
103.175
32.065
324.377
306.379
275.661
308.245
277.884
248.699
245.544
323.28
308.142
305.051
274.781
277.905
248.547
244.247
321.23
288.878
322.903
340.975
321.728
342.143
323.316
284.03
288.713
322.75
339.927
319.606
340.81
323.201
274.362
231.464
277.47
206.021
144.856
202.308
148.941
231.187
277.237
272.876
205.728
143.219
200.643
148.655
189.796
214.339
263.767
196.594
249.305
172.975
113.746
198.632
106.268
201.639
163.067
67.9139
159.821
70.2515
66.9909
158.605
197.862
106.31
201.67
162.923
70.1057
59.7206
148.781
189.116
83.6205
175.532
133.548
48.7454
228.048
148.852
187.037
219.287
180.349
139.239
97.637
295.756
204.173
256.669
256.668
146.981
208.892
204.179
222.903
215.223
266.603
244.242
126.989
194.221
185.703
232.982
230.096
279.303
247.878
127.37
190.069
193.839
247.876
279.316
232.996
190.047
127.345
230.097
173.804
129.025
174.65
235.577
93.8661
167.607
209.999
141.165
266.56
215.154
185.661
222.881
194.209
161.469
126.961
289.458
323.206
382.258
323.17
152.738
251.395
226.266
411.57
589.578
475.979
411.536
400.724
339.603
491.708
359.996
192.559
267.52
310.916
131.624
226.61
214.56
452.755
562.157
452.312
399.118
375.7
314.588
478.856
144.98
234.185
213.329
144.922
94.3085
165.385
77.1657
122.327
138.752
215.324
137.327
79.3055
156.169
65.4377
177.769
167.957
233.396
204.305
73.03
133.433
144.433
48.3327
67.5941
156.375
112.58
20.4435
86.363
35.0008
201.206
171.911
228.843
149.667
62.3805
119.611
90.1454
185.393
132.993
198.144
132.948
58.113
68.7303
119.945
183.219
99.0838
112.084
126.122
47.8396
58.0473
113.106
9.83546
62.0492
59.2482
114.075
32.9204
110.812
34.7928
8.49041
9.71681
61.8075
58.0104
109.417
113.829
34.5943
204.405
137.058
75.8181
84.0375
146.331
78.6847
30.4162
6.12318
49.6786
99.4209
84.1496
3.40442
37.6748
18.9516
98.4835
65.811
130.929
40.8617
98.4664
65.8008
19.2617
54.1563
185.545
130.126
75.1878
130.139
54.1683
18.8714
165.048
59.084
120.161
34.0658
84.025
47.0604
11.7534
204.417
84.047
78.7038
75.8427
146.341
137.087
142.074
13.8044
118.519
60.3084
166.171
39.9828
92.2639
103.818
77.4401
46.9321
114.327
31.6409
91.5254
59.3298
13.1128
10.9806
64.4231
28.1175
99.8256
8.28112
56.6603
27.9582
333.309
306.788
295.1
160.246
241.785
253.997
394.833
64.4401
27.9813
99.8595
8.29278
56.6928
28.1373
1.83546
64.4234
4.32721
1.33204
11.1627
42.134
23.8472
10.7984
245.018
79.4629
71.1688
85.5491
156.118
167.39
147.293
74.1937
34.3373
29.6812
2.29701
90.3715
21.1794
24.4019
66.0638
14.583
12.2822
1.62184
17.3892
20.0995
55.5996
1.94798
67.3089
23.2676
24.528
0.118238
2.10049
3.72441
33.0203
29.0206
82.4647
29.0149
0.225499
3.87028
5.03914
7.04988
5.61143
38.4975
17.5942
0.0459905
1.12819
1.53278
28.1001
23.2679
71.0174
16.9124
0.115778
2.47248
1.72113
0.00152003
0.00107933
0.000466626
0.0615565
0.0195673
0.121782
0.0439827
3.41426
1.492
21.7955
7.53885
0.0156844
0.611643
0.249984
2.21568
30.8378
8.12314
8.1277
0.0195672
0.923138
0.223051
0.000385217
0.00299613
0.00137949
0.0162963
0.0568621
0.118374
0.0391518
1.01001
3.09567
20.7697
6.05955
0.00944825
0.426455
0.153566
0.932379
0.00319137
0.00143773
0.00137713
0.0564626
0.0233605
0.053211
3.33598
0.00560537
0.00743647
0.00407352
0.102572
0.138595
0.191665
0.762215
0.00127843
0.0027882
0.000909939
0.0578409
0.0402192
0.0163258
284.196
147.403
35.9522
55.6432
0.191817
70.9976
0.000743651
120.132
201.228
0.948534
6.05122
2.21192e-05
10.8061
0.00423862
42.1257
0.0426483
0.00115475
9.93007e-06
0.00133038
1.66747
2.30568
0.0576901
27.673
7.25304e-06
1.2598
1.57961
0.000210893
5.68159
0.00792884
6.8615e-06
197.096
84.0041
4.04399
0.0297119
2.62343e-05
108.607
2.03145
394.956
89.9057
1.02954
0.0992458
118.046
6.07264e-05
2.82954
51.7336
0.339906
0.0033349
6.08822e-06
1.23172e-05
0.144994
0.0270246
90.4962
0.0847268
0.0170523
1.38635e-05
0.19204
1.11455e-05
0.0341216
228.898
149.713
172.003
139.751
119.609
90.2187
62.3954
38.5199
0.0050332
0.000158748
5.55454e-06
0.0102683
1.59006e-06
0.000260217
0.0754113
0.761243
5.36254e-06
0.209021
8.01467e-05
0.00707137
1.67532e-06
165.038
59.0609
47.0345
100.806
83.9983
34.0532
11.742
27.3588
11.0783
28.8745
12.1687
1.85909
0.413461
0.359981
1.71375
0.377418
11.4265
28.9223
12.268
1.87301
0.41934
333.396
295.274
306.845
254.047
241.939
160.349
208.141
344.49
270.796
217.639
235.037
182.662
117.503
162.787
1.33485
64.4505
4.32401
42.1245
23.8799
11.1646
0.360547
104.504
21.7707
73.5112
5.9502
36.2092
18.4136
1.59256
23.6265
8.72806
18.1196
5.66229
0.778645
0.257887
0.14764
245.114
71.2977
79.5082
167.44
156.263
85.631
24.053
74.2936
29.7872
34.3759
24.4301
21.2566
2.30643
4.38641
66.1339
12.3075
14.5925
20.1177
17.4393
1.62679
0.89528
107.523
56.1107
134.495
37.194
104.302
53.3677
10.2211
62.6078
21.7723
15.5775
12.7553
9.12151
0.835352
1.47187
45.3675
8.37865
12.569
4.33442
7.11631
0.592304
0.315427
0.146374
11.6639
0.951272
2.80184
0.384871
0.0650346
0.0210011
23.2537
16.9012
28.0936
3.88344
2.47118
1.71881
0.115665
191.1
71.65
143.869
55.8716
29.9144
13.5855
89.7038
191.317
56.0304
144.058
71.7647
30.0108
13.6431
108.747
213.414
79.9798
165.755
80.0201
41.0458
20.7596
118.094
17.6041
5.6204
7.05346
1.53347
1.12972
0.281574
0.0460274
687.001
264.519
392.298
259.384
56.0386
727.994
426.124
449.83
170.567
31.471
234.661
15.9152
290.009
262.336
151.163
123.339
420.915
329.903
334.237
357.123
280.63
365.327
272.709
293.926
271.435
275.666
239.598
232.094
220.38
213.59
245.476
281.171
262.209
193.63
217.009
199.572
177.791
410.429
304.033
320.706
341.942
234.31
257.535
318.922
713.843
539.229
531.032
448.162
586.274
457.749
573.586
251.509
256.722
267.043
189.742
206.075
199.696
183.801
648.404
492.519
515.749
431.136
515.497
406.497
549.636
222.423
252.134
240.356
186.256
150.753
170.813
165.596
275.775
192.353
94.0296
266.485
87.1903
161.882
183.466
61.1899
136.327
52.0578
55.9912
143.265
129.399
47.6462
317.805
252.26
360.618
350.742
307.444
242.768
438.214
44.65
34.4776
106.87
117.368
31.6102
41.0754
101.678
333.199
385.647
200.498
287.561
225.404
308.276
416.313
249.097
142.03
122.584
73.8613
145.58
166.449
224.134
104.457
45.3277
127.276
114.748
25.9696
38.2839
93.3458
104.047
21.8313
71.546
24.9323
32.8463
89.635
84.3698
340.108
91.5422
252.837
600.216
336.359
80.8925
0.97227
223.391
94.7188
100.587
206.635
178.044
0.155264
0.0395296
17.5443
11.1139
189.806
239.846
221.525
162.547
148.627
112.675
125.032
367.367
248.599
279.917
203.644
288.874
252.217
165.956
544.34
427.353
462.734
472.273
375.313
338.184
421.09
164.95
209.948
197.434
123.508
137.692
103.251
89.8664
414.482
481.812
386.782
294.521
301.885
242.863
363.878
161.465
298.772
209.542
208.435
77.5638
158.111
122.663
114.069
164.37
149.304
72.6111
42.3049
34.7817
82.9678
78.775
124.707
138.256
65.173
22.146
29.8482
53.7335
346.562
168.513
276.358
237.408
180.176
130.425
300.259
192.388
36.4238
111.961
154.543
18.3586
64.4747
78.6617
77.1069
13.7693
67.5205
40.782
6.62348
4.91084
48.1207
60.3553
49.4735
7.4244
35.4173
2.14555
3.72991
27.1133
191.169
188.179
48.2939
131.489
138.529
88.7424
247.283
112.336
18.7739
13.1251
5.92423
69.3594
35.4253
45.7194
17.4517
5.31291
0.106581
1.32126
3.76757
0.916846
21.7429
14.3009
1.51575
0.0771917
0.347768
2.80825
0.659875
9.541
6.87933
15.1545
41.4198
5.7116
0.0280108
0.800936
0.253966
0.153274
1.0081
20.752
3.09218
0.00942269
0.425701
0.070645
0.247609
0.297785
2.7011
0.0642983
0.00575765
0.0541506
0.00695824
2.44387
0.264714
0.00616564
0.30327
2.74464
0.0654429
0.00708566
17.0245
125.125
35.8095
35.8726
8.25861
2.61184
63.751
0.161818
0.0801875
0.833336
0.00370141
0.0362877
0.0189038
0.00179696
0.0859329
0.17838
3.55141
0.929559
0.000977282
0.0405871
0.021035
0.00914063
0.001054
0.000221297
0.00116555
0.0469286
0.0101899
0.000247826
0.0010169
0.041333
0.0465357
0.0100483
0.00021073
0.000245612
0.0086989
0.0995321
31.6249
2.361
7.74485
0.00754883
0.364903
0.187614
17.8306
24.055
72.624
15.9726
0.0491915
1.5423
1.02045
17.909
16.0494
72.7709
24.1184
0.0495308
1.55226
2.04212
26.4036
28.9372
90.0834
28.9618
0.0956515
3.02819
2.83425
0.0306929
0.000444181
0.0187071
0.000147083
0.00614025
0.00342847
8.02066e-05
0.00895648
0.542599
0.0134662
0.0225924
0.000927209
0.0377011
0.000599077
2.93648
0.0724269
1.58314
0.0453029
0.00385307
0.0838295
0.00208241
2.96186
0.0457174
1.59602
0.072836
0.00388177
0.145936
0.00209412
0.60583
0.0323777
1.12201
0.0509638
0.00077999
0.00149346
0.0270772
4.98161
0.0917529
2.59726
0.0919266
0.00632901
0.192455
0.00315729
1.01742
0.0638097
1.8293
0.0638906
0.00117744
0.00223084
0.0341425
3.3384
0.00560536
0.00743341
0.138646
0.102683
0.00406936
0.000228923
0.101988
0.0293078
0.33577
0.00755531
0.000179226
0.00222415
0.000655016
7.30949
0.645318
0.00742798
1.72787
0.432358
0.162749
18.5745
18.8223
3.24664
4.32169
0.0239544
1.18911
0.851913
38.2272
0.128703
0.244644
0.00651197
0.0162756
0.000223899
0.00849049
0.000437376
0.603604
0.0507711
1.11531
0.0321787
0.000785211
0.0014936
0.0169968
2.35296
0.00227011
0.00452931
0.148673
0.067962
0.00428353
0.000144459
0.0163046
0.000904966
0.00127494
0.0578046
0.0401534
0.00278216
6.63666e-05
4.54413
0.00589442
0.00828298
0.208921
0.138021
0.00589084
0.000253455
7.61686e-05
0.00333342
0.00911358
0.00146542
1.18099e-05
0.000465534
3.4118e-05
0.188482
0.000807105
0.0305943
0.000222935
0.00809614
0.00129297
3.65497e-05
0.321965
0.00163288
0.0527917
0.000340484
0.0102683
0.00163744
5.53003e-05
2023.66
10231.2
8055.19
1735.04
823.812
1771.17
1085.85
1994.63
1899.5
819.037
556.186
499.459
803.325
592.314
10661.5
1228.83
1175.21
1149.65
1909.62
2981.87
1986.73
1082.98
2015.24
2161.86
2590.2
1932.2
132594
8384.66
5231.38
1046.49
2029.92
1977.12
2607.57
130775
4342.89
9370.61
980.749
731.975
1730.1
693.203
974.105
1809.84
835.115
1836.35
692.281
822.084
797.656
1367.42
1528.34
3697.06
1121.16
807.223
1703
676.046
1706.79
709.815
942.016
1799.75
669.504
794.86
762.544
1405.03
762.646
1321.03
3887.85
1160.39
1873.51
1040.27
1158.6
2973.98
1752.5
1976.51
975.434
8251.69
2468.42
1901.5
128977
5457.32
8251.09
816.439
699.195
844.19
1490.88
1522.63
4360.18
1160.51
602.52
435.618
444.125
856.089
477.046
486.348
711.096
1226.01
1191.77
498.599
382.892
1757.04
505.482
963.081
828.927
1459.82
767.534
672.073
1056.56
1430.28
3621.63
436.323
527.947
419.369
660.658
454.509
829.85
477.682
2197.94
2001.89
944.275
1998.46
128730
10660.1
5413.25
896.012
486.905
503.856
1238.5
384.898
1780.62
502.595
11512.4
7538.48
5538.95
23932
4537.43
17509.3
16849.4
12997.7
6731.35
8141.12
36608.3
14410.2
11519.9
4327.21
4377.98
1712.25
3243.2
2741.26
2782.07
2190.68
5679.04
1049.34
813.071
736.658
1186.03
721.089
1129.2
1191.23
8365.92
5791.9
5986.5
23087.6
5271.37
27734.9
18327.4
795.234
1114.11
744.887
1416.55
678.011
1390.88
829.943
1015.08
1441.11
1176.08
929.919
1330.92
915.845
972.729
1007.93
907.786
1405.67
1149.69
909.269
1316.43
951.016
1208.43
2984.8
1076.84
2967.87
1130.47
1124.13
2913.07
962.831
1628.2
1585.34
989.997
1655.17
1000.51
963.892
4659.92
3545.06
2736.48
1847.61
3195.9
2600.88
6625.39
5264.51
3957.74
3934.69
2053.77
3303.15
10912.5
3368.36
4727.17
3598.36
2890.66
1832.25
3017.41
2526.04
5622.01
18709.7
104685
77160.3
80268.7
79113.7
43469.1
29497.2
12486
6638.02
8084.03
34410.1
15668.5
4469.56
13139.3
8644.86
3694.49
3576.59
14689.2
3212.04
12026.5
12634.1
3390.77
1470.02
1516.85
1448.62
2074.85
2079.31
1850.26
4403.56
2661.66
3306.97
1748.83
2560.61
3044.85
6671.37
4351.74
3152.32
2543.55
1707.6
2535.1
6625.49
3024.97
5049.95
3896.55
3916.34
2041.59
11312.7
3351.38
3366.43
16542.6
72350.9
49045.7
93195
81675.4
49349.4
49938.1
9754.03
4289.84
4176.86
24006.4
3070.82
9335.25
8919.37
12618
6203.21
8034.99
27404
15231.6
4329.24
13592
3305.02
1384.72
1368.76
1467.59
1748.12
1982.82
1972.2
1108.21
777.884
779.148
1183.41
724.915
1110.91
1131.74
1229.52
1004.41
2125.67
1324.04
1786.16
917.06
1315.15
1256.64
1063.8
2362
1406.77
1838.36
1342.5
918.332
1521.13
2034.63
2992.36
3071.81
2672.17
1712.94
1847.98
1030.07
750.871
722.585
1176.32
683.527
1113.61
1030.31
1178.65
1350.37
994.556
2170.96
868.115
1704.79
1211.52
1174.4
1265.75
978.642
2036.58
1254.12
879.876
1686.73
1405.18
1844.75
2720.12
2727.89
1734.34
2448.74
1701.36
941.638
901.351
1095.57
1309.11
885.381
1295.57
959.633
939.593
1095.41
1309.57
905.024
957.596
879.241
1294.9
1165.87
2959.03
1068.11
2944.02
1122.22
1119.92
2889.16
935.975
1698.15
1696
1024.83
936.321
1406.84
929.004
3042.7
1329.33
1441.38
1328.4
1922.62
1922.85
1771.43
10385.3
5844.38
7195.78
30013.1
4021.28
13390.9
15463
4666.22
1906.27
3538.5
3537.88
3070.4
3070.17
10102.8
4377.71
1711.96
2742.52
3243.49
5678.02
2782.83
2190.91
20535.6
100522
97219.3
100521
28568.6
28568.9
68541.8
6957.79
3523.15
3526.27
13142.5
12930.6
3194.81
12932.2
10385.2
7195.22
5844.41
30013.3
13390.6
4020.99
15463.1
1138.87
784.46
791.236
1259.49
738.998
1146.7
1197.54
1286.23
1068.48
2292.74
1404.06
1890.1
959.673
1368.55
1271.02
1051.01
2348.87
1418.25
1871.1
1330.42
920.79
1582.43
2024.47
3025.35
3081.98
2780.51
1886.84
1883.28
828.385
1452.72
753.633
1209.56
1355.76
709.646
812.127
820.634
718.904
1389.63
1171.41
1360.27
811.281
698.487
607.966
399.239
566.112
400.485
575.493
592.189
403.286
894.298
1704.46
1698.39
930.455
1577.45
901.991
893.603
1149.68
947.366
1279.33
1985.38
873.451
1310.63
1895.85
1174.24
1015.33
1268.76
2068.91
1412.9
913.022
1892.79
1603.73
2147.1
3348.39
3384.36
1635.15
1782.2
2368.65
6354.86
4385.58
2028.17
4386.13
2816.53
7215.25
2816.44
5258.27
3782.64
1826.37
3068.04
2713.19
2314.8
5668.97
2865.14
1347.83
1295.32
1295.22
2029.98
2030.52
1838.71
5257.55
1825.75
3781
3061.42
5669.27
2713.39
2312.72
33534.6
103320
103320
96501.4
26291.8
36747.8
26291.4
8365.31
5791.8
5985.29
23087.5
18325.7
27734.8
5270.79
6862.06
3629.22
3629.35
13462
13594.2
3617.85
13593.8
797.177
1109.87
1411.45
734.849
844.816
679.61
1390.6
603.13
404.367
577.745
402.954
604.429
591.118
404.969
925.901
1789.49
1791.32
962.697
912.727
1524.61
913.709
230.648
195.705
161.834
272.78
298.667
295.38
201.611
261.816
180.224
264.896
251.409
248.674
257.916
260.37
270.831
267.744
324.681
305.141
311.604
287.155
162.036
48.7833
106.353
284.584
272.782
259.827
277.235
267.32
277.243
285.807
297.915
278.32
281.2
283.19
292.641
294.57
280.354
313.173
304.249
288.285
288.419
298.771
297.369
294.304
201.89
254.434
255.894
259.439
199.026
257.913
198.683
260.943
200.516
258.826
260.924
189.002
195.662
260.71
313.83
324.051
324.897
299.451
299.761
293.723
295.388
260.812
178.148
257.984
192.404
257.297
260.168
191.18
319.183
326.026
326.734
294.683
298.902
289.013
280.082
260.087
177.686
246.875
171.966
253.927
186.401
256.574
358.022
1612.73
1732.46
725.947
1598.25
388.745
1808.65
1323.54
539.324
903.357
559.058
536.509
435.149
553.734
443.912
477.543
357.18
395.514
544.966
376.633
521.822
480.308
947.388
1776.68
815.455
677.916
1709.52
710.764
1706.13
1088.3
3887.39
1404.46
664.027
764.217
792.606
761.234
1172.07
1265.18
2035.72
979.06
881.044
1254.61
1686.52
1403.64
2727.87
2719.38
1844.2
1735.79
1700.79
2448.42
1174.73
1348.44
2169.59
992.441
863.342
1211
1703.51
1033.71
1177.52
761.184
723.952
679.595
1101.61
1028.75
342.594
331.827
314.151
422.56
357.519
407.117
379.863
697.51
1691.62
621.187
621.766
1668.48
575.694
1692.91
1607.88
535.343
531.551
585.346
1646.2
597.542
1652.63
1607.07
530.385
529.849
564.653
1640.54
545.052
1653.49
271.276
311.09
323.956
342.778
330.797
320.064
1570.86
1389.68
1555.25
334.6
1403.28
266.046
316.914
304.827
285.725
325.649
344.902
282.562
313.436
325.921
313.156
299.055
304.33
281.572
308.624
273.31
312.704
337.641
327.529
299.057
291.515
284.249
304.163
324.47
293.339
291.29
309.487
279.866
274.827
318.919
299.929
321.757
315.542
300.943
287.614
284.575
303.333
325.046
338.657
315.156
330.465
328.614
341.857
327.459
1565.45
507.2
508.048
507.227
1513.7
503.792
1522.84
339.384
338.555
341.123
316.045
327.159
319.236
325.616
314.244
281.539
285.477
303.006
276.378
303.994
299.852
280.477
271.37
268.303
285.465
276.671
271.77
288.831
1307.91
1277.77
343.587
786.233
342.608
877.306
343.382
308.385
309.007
263.165
300.068
268.976
301.731
263.421
337.665
334.23
341.686
319.188
334.6
330.114
321.77
1567.66
516.646
528.998
520.002
1519.61
538.488
1525.58
338.78
280.063
268.79
308.615
276.262
267.377
323.487
538.415
1402.43
543.941
520.209
1467.44
516.012
1473.21
279.727
292.962
272.501
289.986
281.393
275.029
296.201
312.52
298.065
296.507
302.781
318.251
305.106
317.193
327.303
333.438
334.647
329.898
329.409
330.474
330.316
558.899
1360.02
581.125
534.47
1453.91
556.31
1469.6
322.409
301.222
307.436
307.523
327.797
322.027
312.98
333.839
344.572
338.914
341.282
335.065
336.072
343.304
280.598
271.504
269.866
283.453
274.949
274.879
283.157
326.936
330.156
271.053
285.761
288.512
365.982
359.741
324.362
326.877
326.489
332.338
333.713
333.513
332.406
316.644
321.691
320.816
329.495
327.004
328.228
328.926
310.565
295.478
294.59
295.381
310.812
310.837
295.427
281.163
292.06
274.119
288.059
288.789
280.001
294.17
570.031
1300.69
575.673
603.619
1180.97
600.087
1168.18
365.742
293.361
278.927
317.759
299.698
382.577
406.728
322.452
336.544
327.947
334.806
340.226
333.236
341.949
334.038
337.487
331.377
337.041
342.857
337.618
342.924
319.021
298.598
303.92
299.051
318.538
314.374
303.657
352.243
304.722
343.851
873.94
396.05
406.213
389.316
3620.18
828.713
337.979
309.945
274.629
322.62
300.223
339.039
261.956
550.219
518.947
696.963
520.688
432.039
557.989
428.892
484.904
372.076
405.872
567.405
384.695
495.889
542.809
1459.99
1468.99
1055.57
671.109
806.727
768.262
828.4
660.672
453.768
476.742
527.628
435.288
591.525
418.815
1605.35
3348.49
3388.77
2147.29
1635.46
1786.93
2370.13
1150.11
1986.56
1279.33
949.224
1310.85
875.378
1896.84
1172.09
2067.62
1269.06
1020.8
912.611
1410.34
1890.89
1049.22
1184.42
735.83
780.975
1128.36
722.297
1191.65
322.29
358.018
336.043
420.566
362.605
415.502
370.887
456.808
524.434
423.66
456.604
376.479
395.77
406.503
377.552
357.842
362.53
440.547
394.942
463.232
384.277
280.165
337.587
275.569
299.833
349.479
345.346
298.378
364.41
350.649
356.223
402.642
363.249
374.117
373.269
346.886
343.813
293.421
309.803
347.476
346.627
321.486
322.873
338.625
340.797
314.488
347.624
344.094
314.49
265.046
247.929
244.633
254.782
250.771
274.959
272.225
329.449
346.711
343.017
322.114
347.863
346.125
331.312
288.966
285.982
274.62
258.501
267.522
285.922
301.376
302.114
281.856
284.359
310.553
309.504
294.912
293.066
318.955
308.98
292.614
328.158
317.814
303.97
316.342
588.64
1234.57
605.996
610.484
1086.95
617.394
1137.45
314.07
345.035
319.638
414.264
441.211
441.932
408.622
289.682
285.288
305.092
295.308
287.428
294.862
288.49
335.23
339.659
336.318
337.69
339.914
337.252
334.786
299.079
313.097
297.001
297.387
296.025
313.089
298.409
294.584
304.917
286.005
306.714
295.57
293.426
298.685
344.433
346.67
331.738
425.981
436.754
442.262
439.459
612.193
1032.48
861.642
594.215
589.383
612.207
1016.78
339.771
343.011
336.284
347.378
343.952
340.853
345.806
302.362
309.471
281.717
290.256
292.29
313.733
303.17
610.873
933.374
562.032
830.885
579.5
605.063
983.425
323.34
308.334
324.6
274.843
248.683
244.351
278.019
159.4
248.507
246.404
226.741
137.542
134.626
229.845
141.522
152.351
240.52
219.156
115.55
127.141
207.332
313.047
298.654
320.265
267.622
220.977
235.278
255.827
201.727
163.036
70.1861
197.928
67.1073
158.733
103.259
189.159
83.6332
133.599
59.8078
148.882
95.553
175.545
324.235
339.992
333.716
327.726
132.467
262.143
319.411
171.619
323.958
335.455
335.301
325.447
325.541
333.167
334.467
332.407
342.097
339.028
329.093
328.673
331.908
325.231
319.711
341.021
322.951
320.181
288.895
284.193
323.385
321.118
287.028
291.18
309.36
268.611
263.748
312.802
301.935
339.166
313.406
313.616
259.888
274.917
301.226
306.108
315.987
277.968
301.925
236.088
253.115
287.968
280.743
238.701
165.571
230.919
225.47
233.13
285.467
270.991
203.293
194.479
152.617
213.415
221.517
255.3
249.401
273.007
18.9914
0.0133382
62.624
32.1747
0.852856
84.8549
277.42
205.893
231.388
225.923
200.807
143.447
148.867
263.889
173.079
196.747
214.53
189.941
131.822
113.893
8.54752
34.6684
9.75625
113.981
61.95
109.593
58.1949
30.5883
168.27
96.3784
91.1452
162.419
80.1185
27.6006
3.42041
26.6718
6.16286
84.2362
99.5703
49.8348
37.7659
130.394
79.6693
149.822
69.7423
13.2861
21.3687
54.4148
1.04178
20.7164
0.0510082
0.0634274
2.54602
18.5231
2.07916
0.249227
0.532893
0.0305125
13.9917
0.555151
1.26569
8.35929
0.162416
0.00074024
0.0004569
0.000163106
0.0194131
0.00655149
0.00372496
2.57913
0.0018304
0.00150288
0.00243334
0.0742861
0.053637
0.0811315
0.631798
0.000452528
0.000499426
0.00103516
0.0278498
0.0219928
0.0108367
0.00148434
3.4669e-05
1.0622e-05
0.000135607
4.01635e-05
0.00124743
0.000163516
1.01156e-05
0.000145073
3.66127e-05
0.00151042
1.09472e-05
4.09216e-05
0.000166594
2.32545e-05
8.6068e-05
0.000822372
0.00042425
6.22857e-06
4.38045e-05
1.44441e-05
0.00283099
0.000158144
0.000194529
1.20146e-05
0.00557879
0.000107854
9.11697e-05
0.000881268
1.72001e-05
6.97294e-06
2.63496e-05
4.61491e-05
0.000458688
2.85309e-05
0.00122254
5.96028e-05
1.14904e-05
0.000105602
0.00208905
6.55519e-05
4.1273e-05
0.00198994
3.9927e-05
1.2342e-05
4.61318e-05
7.98316e-05
6.80321e-05
0.00105022
0.00273058
7.50761e-05
9.39574e-06
0.00011655
5.49649e-06
8.34897e-06
1.16213e-05
1.65731e-05
0.000148364
0.00460323
0.000147936
8.74878e-06
1.3101e-05
1.62895e-05
6.3428e-05
4.28859e-05
0.00167616
0.000113379
3.92136e-06
7.71783e-06
6.475e-06
0.00325976
1.02063e-05
0.000154328
0.000154181
6.7411e-06
1.32305e-05
1.0093e-05
0.000228416
0.000295042
2.10536e-05
0.000224191
1.20404e-05
1.87177e-05
2.07034e-05
8.78185e-06
7.48374e-06
0.00022364
2.5646e-05
1.87201e-06
2.5889e-06
2.46133e-06
0.000127315
4.41086e-06
1.60831e-06
2.10877e-05
1.31219e-06
2.25741e-06
1.82167e-06
0.000342857
4.36686e-06
2.94125e-05
9.90076e-06
2.9891e-06
3.53998e-06
3.42638e-06
3.39845e-06
4.28178e-06
4.77139e-05
0.000158733
3.69095e-06
1.63399e-05
6.52385e-06
8.11868e-07
2.62324e-06
1.98949e-05
2.6251e-06
7.57499e-07
9.35198e-07
8.15012e-07
1.26882e-05
1.4372e-05
0.000288461
4.93784e-05
5.19287e-06
6.64032e-06
6.38565e-06
8.979e-07
1.01137e-06
8.63246e-06
1.99398e-06
8.31921e-07
9.22286e-07
8.65518e-07
1.32431e-06
1.3683e-06
1.27923e-06
1.26992e-06
1.33961e-06
1.27506e-06
1.27155e-06
1.37014e-06
1.27766e-06
1.32882e-06
1.27078e-06
1.34911e-06
1.27625e-06
1.27246e-06
6.2043e-06
2.37504e-06
2.25182e-06
2.25811e-06
2.37132e-06
2.24416e-06
2.2441e-06
1.57644e-06
1.56859e-06
1.5855e-06
3.77682e-06
1.57282e-06
1.64876e-06
1.62452e-06
)
;

boundaryField
{
    ground
    {
        type            calculated;
        value           nonuniform List<scalar> 
358
(
550.193
425.972
782.016
972.953
824.371
777.342
918.872
853.206
721.072
659.289
516.474
644.36
684.075
542.177
596.35
474.639
1122.98
914.045
1328.41
1456.92
1372.85
1337.95
1436.05
1067.47
1211.8
1260.35
1395.42
1280.73
1199.48
1056.23
1142.75
995.591
163.064
421.572
550.273
984.648
799.293
934.466
787.132
831.875
364.296
722.914
479.061
669.053
731.826
870.904
687.786
649.125
516.08
644.049
529.006
601.32
472.809
600.85
544.881
375.934
453.075
562.459
482.267
414.874
302.271
574.22
574.581
1011.27
1018.06
1029.44
875.467
858.588
862.657
878.25
1033.7
586.854
728.719
714.634
712.996
727.183
586.04
235.37
344.815
271.054
1519.49
1429.28
1578.59
1667.36
1621.16
1607.59
1645.62
1508.33
1562.91
1572.42
1616.41
1582.75
1546.09
1169.8
1159.99
1464.7
1475.99
1525.7
1518.95
1670.16
1652.54
1666.66
1611.45
1617.73
1609.71
1600.37
1646.68
1516.56
1558.1
1568.18
1567.74
1561.74
1515
1465.21
1398.52
1391.45
1404.9
1405.58
1470.13
1499.06
1539.71
1480.43
1290.28
1303.1
1176.76
1182.53
1309.85
1302.68
583.068
939.294
1138.97
1472.08
1363.6
1455.83
1361.79
1391.88
852.616
1274.17
908.614
1235.48
1311.35
1422.8
1279.58
1236.11
1088.27
1019.89
1171.74
1088.21
1160.77
1024.74
1136.88
528.613
1024.35
1388.17
1554.19
1309.99
1500.73
1459.37
1524.64
889.63
1170.52
731.047
1471.12
1387.91
1286.17
1234.47
1362.73
1421.42
1460.03
1528.05
1653.52
1592.49
1640.8
1608.05
1614.13
1573.05
1569.25
1521.53
1566.63
1592.98
1620.99
1501.93
1555.13
1525.05
1160.55
1273.65
1136.21
1018.81
938.464
1087.27
992.028
890.076
763.434
796.253
908.78
1035.27
991.347
852.023
763.003
668.426
798.589
869.994
673.655
788.331
688.695
643.645
722.389
600.819
208.034
491.782
788.087
452.755
673.356
582.896
688.595
589.578
491.708
400.724
375.7
478.856
562.157
306.788
394.833
295.1
0.0992458
0.0297119
89.9057
394.956
118.046
108.607
344.49
35.8095
306.845
208.141
295.274
235.037
162.787
270.796
191.317
108.747
30.0108
41.0458
118.094
213.414
191.1
89.7038
29.9144
259.384
648.404
727.994
317.805
586.274
573.586
713.843
687.001
549.636
515.497
307.444
438.214
449.83
385.647
416.313
287.561
80.8925
414.482
600.216
223.391
472.273
421.09
544.34
481.812
363.878
301.885
180.176
300.259
346.562
188.179
247.283
131.489
8.25861
63.751
125.125
3.24664
38.2272
4.32169
1.72787
18.5745
0.645318
1703
1730.1
2023.66
1994.63
1706.79
1799.75
1771.17
1809.84
1836.35
1735.04
2981.87
2015.24
1909.62
1873.51
1976.51
2973.98
2967.87
2913.07
2984.8
2959.03
2889.16
2944.02
1607.07
1691.62
1808.65
1598.25
1709.52
1706.13
1776.68
1732.46
1692.91
1668.48
1607.88
1652.63
1646.2
1640.54
1653.49
1612.73
786.233
1360.02
1567.66
1555.25
1403.28
1513.7
1522.84
1565.45
1234.57
1307.91
877.306
1570.86
1525.58
1519.61
1402.43
1473.21
1467.44
1453.91
1469.6
1389.68
1180.97
1168.18
1300.69
1277.77
1137.45
1086.95
861.642
1016.78
1032.48
933.374
983.425
830.885
)
;
    }
    outlet
    {
        type            calculated;
        value           nonuniform List<scalar> 0();
    }
    wall
    {
        type            calculated;
        value           nonuniform List<scalar> 0();
    }
    wall2
    {
        type            calculated;
        value           nonuniform List<scalar> 0();
    }
    wall3
    {
        type            calculated;
        value           nonuniform List<scalar> 0();
    }
    internalPatch
    {
        type            internal;
    }
    procBoundary5to0
    {
        type            processor;
        value           nonuniform List<scalar> 
152
(
7.11932e-05
0.00243439
0.0675381
1.44387
13.1297
39.5759
68.1157
90.4007
105.725
117.96
133.069
175.879
259.774
342
420.269
391.395
354.523
310.499
371.799
482.665
593.95
708.309
829.536
960.258
649.443
490.312
390.542
348.049
334.643
335.439
338.757
335.207
319.189
289.216
243.863
187.023
117.066
51.0261
8.76982
0.28618
0.00656403
0.000290496
1.22778e-05
2.29843e-06
1.52471e-06
1.65371e-06
3.46155e-06
4.48597e-06
3.22228e-05
0.00105603
0.0291209
0.630841
7.53404
28.1809
53.4272
73.8918
87.8633
98.7049
113.13
155.204
238.72
320.141
290.866
254.026
311.456
400.541
478.395
547.152
606.114
478.055
379.58
337.863
316.544
310.311
305.443
295.23
275.463
241.515
179.432
104.911
49.4803
10.4448
0.459766
0.0118351
0.000415204
1.47775e-05
2.97633e-06
7.88625e-06
0.000332642
0.00921013
0.202521
3.00391
15.8797
35.8585
53.5601
65.8062
75.0304
88.2462
128.094
210.232
174.757
231.532
319.388
388.367
441.057
346.358
304.367
281.653
270.594
261.389
247.012
221.916
154.062
78.5874
38.0352
8.55921
0.475377
0.0150823
0.000456114
7.98678e-05
0.00213279
0.0470874
0.736582
6.11894
18.5732
32.0536
41.9805
49.4184
60.352
96.314
146.121
232.814
299.252
254.624
233.494
219.568
206.853
187.126
113.751
43.9458
20.9284
4.53939
0.308345
0.0132795
63.6556
77.0027
86.9989
101.872
185
166.274
152.632
137.523
)
;
    }
    procBoundary5to2
    {
        type            processor;
        value           nonuniform List<scalar> 
232
(
0.251929
0.264834
7.86953
7.6034
6.72681
0.213916
0.00593003
0.00713649
0.00757679
0.00431732
0.00274956
0.00142614
0.000540993
0.000150146
2.88212e-05
6.07904e-06
2.07179e-06
1.9201e-06
2.58345e-06
5.85735e-05
0.00262232
0.120319
4.89257
42.4105
113.605
177.589
229.229
286.733
326.957
352.844
360.925
354.229
342.304
334.98
336.957
373.962
470.482
670.103
1098.56
1233.51
1348.93
1435.54
1493.98
1530.67
564.995
347.853
311.981
314.846
313.068
313.508
316.141
327.799
334.152
341.454
338.207
331.55
335.736
341.443
341.612
330.919
270.087
246.047
241.231
246.254
256.52
251.502
195.547
191.377
183.194
169.694
151.49
57.832
56.8829
53.4777
47.9391
5.39384
0.161062
0.106651
0.0575272
0.0228221
0.00637319
0.00122
0.000166168
1.11879e-05
0.000758768
0.0351672
1.63802
26.6134
95.2354
150.204
195.582
266.657
319.087
355.081
370.279
367.048
357.673
344.674
333.296
327.394
349.167
432.057
666.907
646.357
617.375
589.424
359.154
314.375
317.253
329.694
328.622
328.135
329.005
327.992
340.12
339.95
334.296
327.706
324.548
318.694
309.497
292.912
267.69
258.423
259.288
266.224
253.971
254.695
250.752
240.388
239.193
149.917
144.763
136.155
124.069
40.5364
3.84867
2.24781
0.942124
0.274517
0.0553767
0.00761213
0.344836
11.1112
65.0257
108.153
146.298
229.331
293.786
341.847
368.315
370.914
366.695
359.323
346.682
332.392
323.026
331.489
399.755
376.295
320.486
320.333
331.33
347.694
347.792
347.349
346.389
344.897
348.587
343.89
336.574
328.927
321.663
318.51
305.828
288.846
278.449
275.693
278.22
289.404
295.194
296.113
295.504
234.683
226.55
214.731
198.441
107.663
31.0601
19.8877
9.19856
2.45545
32.7023
60.0963
86.1465
176.167
254.339
313.204
352.095
365.976
367.89
365.435
360.309
359.596
357.393
353.828
352.728
346.846
338.888
331.4
322.477
316.303
313.137
297.15
292.968
310.048
313.195
318.314
323.971
292.237
285.048
272.607
324.677
350.382
358.331
363.243
363.867
359.556
356.463
349.203
341.491
327.622
)
;
    }
    procBoundary5to3
    {
        type            processor;
        value           nonuniform List<scalar> 
983
(
2.23087e-08
1.79836e-08
4.34844e-07
7.66538e-07
7.66538e-07
1.90643e-06
1.35812e-07
1.35812e-07
3.78449e-08
1.10281e-08
3.46131e-08
1.02923e-07
1.02923e-07
2.11424e-06
4.34844e-07
4.34844e-07
4.34844e-07
7.66538e-07
7.66538e-07
2.83159e-05
0.000347897
8.48804e-06
1.35812e-07
1.35812e-07
3.78449e-08
3.78449e-08
3.78449e-08
2.18958e-07
3.46131e-08
3.46131e-08
3.46131e-08
1.02923e-07
1.02923e-07
3.51682e-06
7.84888e-05
1.12306e-05
1.12306e-05
4.34844e-07
4.34844e-07
1.36096e-08
7.66538e-07
7.66538e-07
2.83159e-05
0.000347897
0.00329506
0.00329506
7.28814e-05
1.93172e-06
8.06653e-07
2.45961e-07
2.45961e-07
2.1044e-06
2.18958e-07
2.18958e-07
2.18958e-07
1.67215e-06
1.80658e-07
1.80658e-07
4.82254e-07
4.82254e-07
1.31026e-05
0.000472246
0.000472246
7.84888e-05
5.21193e-06
2.25861e-06
4.34844e-07
4.34844e-07
1.36096e-08
1.36096e-08
1.36096e-08
7.66538e-07
7.66538e-07
2.70898e-06
2.06765e-05
0.000209105
0.00153952
0.0215731
0.0215731
0.00047016
8.55141e-06
9.34541e-07
2.45961e-07
2.45961e-07
3.05457e-06
6.88477e-06
3.05572e-06
1.28183e-05
1.67215e-06
1.67215e-06
1.67215e-06
1.80658e-07
1.80658e-07
4.82254e-07
4.82254e-07
4.407e-05
0.00191009
0.00191009
9.84287e-05
2.57308e-05
1.43233e-06
1.76947e-07
1.76947e-07
2.31562e-08
6.82231e-09
6.67506e-09
6.9197e-09
4.62107e-08
4.62107e-08
4.56255e-07
4.56255e-07
1.1305e-05
7.84479e-05
0.000471977
0.00792039
0.101863
0.101863
0.00221444
4.72786e-05
2.55687e-06
1.67625e-06
1.67625e-06
1.2761e-05
3.13572e-05
9.17107e-05
3.14221e-05
6.30549e-05
2.33426e-05
4.73863e-05
8.46244e-06
4.55214e-06
4.60266e-07
4.60266e-07
1.27496e-06
2.81996e-06
0.000129969
0.00565562
0.00565562
0.000312822
1.3341e-05
1.43233e-06
1.43233e-06
1.43233e-06
1.76947e-07
1.76947e-07
2.02397e-07
2.38842e-08
7.58438e-09
7.40369e-09
1.35117e-08
1.38763e-08
6.87274e-08
4.62107e-08
4.62107e-08
4.56255e-07
4.56255e-07
2.37489e-06
5.31554e-06
2.51928e-05
9.88434e-05
0.00191447
0.0293507
0.335991
0.335991
0.00755649
0.000162731
4.90739e-06
1.67625e-06
1.67625e-06
2.32769e-05
6.29593e-05
0.000178358
0.000339063
0.000178473
0.000312755
0.0001282
0.000192605
7.12309e-05
1.17796e-05
5.23375e-06
4.60266e-07
4.60266e-07
1.30586e-06
4.71824e-06
0.000281608
0.0122057
0.0122057
0.000716418
2.89809e-05
3.42901e-06
2.83186e-06
2.82004e-06
1.6856e-06
1.64092e-06
2.02397e-07
2.02397e-07
2.02397e-07
2.26219e-06
5.74501e-07
5.74501e-07
1.68009e-08
1.68009e-08
7.68813e-09
1.38605e-08
3.39687e-08
3.39687e-08
1.65262e-06
6.87274e-08
6.87274e-08
6.87274e-08
7.39906e-07
7.39906e-07
2.54318e-06
7.52243e-06
4.13308e-05
0.000173853
0.000583894
0.000315268
0.00568919
0.0805685
0.836204
0.836204
0.0189632
0.000428162
1.08316e-05
4.59735e-06
8.5079e-06
4.73669e-05
0.000128108
0.000312365
0.000584247
0.000960386
0.000584909
0.000850611
0.000463214
0.000598134
0.0002592
9.68959e-05
2.04991e-05
7.89281e-06
7.98841e-07
7.98841e-07
1.985e-06
9.41237e-06
0.000457245
0.0196105
0.0196105
0.00119916
5.53181e-05
5.62905e-06
6.36223e-06
3.80291e-06
6.2435e-05
2.5548e-05
3.95171e-06
2.11637e-06
5.11123e-05
8.22229e-06
0.000189992
2.0701e-05
5.74501e-07
5.74501e-07
1.68009e-08
1.68009e-08
8.34186e-07
4.37357e-08
5.64562e-08
1.25647e-06
3.39687e-08
3.39687e-08
1.74711e-06
4.07717e-06
1.72385e-06
6.16019e-06
7.39906e-07
7.39906e-07
2.5704e-05
0.000223586
0.00149344
0.00687076
0.0229172
0.0552632
0.00140128
0.000723937
0.0123192
0.163073
1.58965
1.58965
0.0365164
0.000836958
2.0046e-05
5.28303e-06
1.18473e-05
7.1315e-05
0.000192619
0.000462547
0.000847666
0.00133769
0.00176499
0.00134046
0.0016287
0.00108011
0.00116867
0.000656026
0.000286504
0.000107801
2.27963e-05
8.39562e-06
7.98841e-07
7.98841e-07
2.01941e-06
1.12135e-05
0.000562284
0.0240662
0.0240662
0.00149576
6.90612e-05
6.1938e-06
7.25324e-06
0.000148892
0.000116864
0.00385941
0.00215802
0.000848266
0.00023745
0.00667683
0.00136178
0.0303792
0.00438428
0.000453994
3.72696e-05
5.80669e-06
8.34186e-07
8.34186e-07
8.34186e-07
3.35757e-06
3.28859e-07
3.28859e-07
3.5757e-07
3.5757e-07
3.96577e-06
1.29987e-06
2.79379e-06
1.34646e-06
1.34646e-06
1.74711e-06
4.07717e-06
0.000130806
0.000130806
0.002132
7.07298e-05
0.000878935
0.00824559
0.0547993
0.255207
0.848167
2.00229
3.28865
0.0952492
0.00241339
0.00121264
0.0198092
0.249757
2.32181
2.32181
0.0545489
0.00126374
3.04164e-05
7.96265e-06
2.06208e-05
9.7148e-05
0.000259398
0.000598511
0.00106594
0.00162012
0.00202494
0.00219859
0.00203409
0.0020828
0.00172219
0.001632
0.0011266
0.000640752
0.00028316
0.000107956
2.51886e-05
7.60997e-06
8.01323e-07
8.01323e-07
2.09994e-06
1.14598e-05
0.000572383
0.0245043
0.0245043
0.00152077
7.0184e-05
6.35963e-06
7.39314e-06
0.000150546
0.00498123
0.00493659
0.137933
0.108225
0.0606586
0.0237853
0.528856
0.151004
2.34958
0.486383
0.0713471
0.00739575
0.000567571
3.81904e-05
0.000400016
2.15017e-05
0.000123038
7.74668e-06
3.28859e-07
3.28859e-07
3.5757e-07
3.5757e-07
1.21759e-05
0.000298396
4.85042e-05
4.85042e-05
2.79379e-06
1.2863e-06
1.25054e-06
1.63987e-06
1.69306e-06
5.44445e-06
5.92907e-05
0.002132
0.0273574
0.0273574
0.260831
1.73896
6.68394
15.065
24.2158
31.2193
34.5206
4.02766
0.119783
0.00303546
0.00150667
0.0242154
0.299246
2.71118
2.71118
0.064537
0.00149919
3.59442e-05
8.47005e-06
2.27995e-05
0.000107936
0.000286298
0.000653732
0.00114885
0.00170959
0.00206974
0.00217085
0.00211839
0.00217361
0.00199491
0.00193774
0.0017288
0.00144928
0.00100283
0.000573884
0.000255771
9.83348e-05
2.30575e-05
7.05509e-06
8.01323e-07
8.01323e-07
2.07186e-06
1.00448e-05
0.000490257
0.0210185
0.0210185
0.00128319
5.89497e-05
5.90265e-06
6.65524e-06
0.00012321
0.00405068
0.112642
0.138781
2.86737
2.86347
2.29693
1.32605
12.6212
6.75902
26.5868
13.7684
4.5037
0.732345
0.0783638
0.00625538
0.0379905
0.00246554
0.0085319
0.000461476
2.35389e-05
1.1542e-06
1.1542e-06
1.47364e-06
1.47364e-06
4.14966e-05
0.001055
0.001055
0.000298396
1.04963e-05
3.72595e-06
2.17503e-07
4.75836e-08
5.86311e-08
5.38199e-07
5.38199e-07
2.05887e-05
0.000752945
0.00727216
0.260831
1.73896
6.68394
15.065
24.2158
31.2193
34.5206
4.23657
0.139644
0.00390982
0.00211949
0.0298219
0.260116
1.23967
3.30303
5.5266
7.30954
9.83725
24.0541
72.9434
139.44
190.094
181.083
163.178
137.517
105.872
71.1531
37.9465
13.2899
2.21308
0.179772
0.0106732
0.000506944
0.0011023
0.0630161
3.23221
38.1682
38.1682
4.31518
0.11501
0.0024145
0.00186337
0.063397
1.74079
18.6727
63.973
125.44
188.535
247.658
300.684
347.04
386.158
416.842
438.742
450.324
449.951
440.857
356.52
273.248
189.174
146.355
130.85
117.79
101.509
78.1031
47.6595
17.7061
2.35792
19.9121
19.9521
17.5579
47.5962
38.8636
67.4096
51.4619
32.6462
15.103
3.9461
0.460215
1.52493
0.12942
0.247014
0.0164091
0.000893547
4.38332e-05
1.1542e-06
1.1542e-06
1.47364e-06
1.47364e-06
7.5836e-05
0.0020012
0.0020012
6.39592e-05
3.53476e-05
1.07096e-06
2.17503e-07
2.17503e-07
2.17503e-07
1.27321e-07
2.37745e-08
2.37776e-07
5.38199e-07
5.38199e-07
2.02455e-06
6.27242e-06
0.000189984
0.00136597
0.0501722
0.244082
0.847419
2.06943
3.45126
0.109857
0.0030623
0.00166485
0.0236193
0.20988
1.01182
2.78233
4.68623
6.1607
8.29789
20.8834
66.8811
131.338
115.814
93.9644
68.1227
41.4589
18.537
4.85845
0.578788
0.0457702
0.00274218
0.000130215
0.000277578
0.0153235
0.847728
18.7858
18.7858
1.18714
0.0277569
0.000595093
0.000462483
0.0154124
0.435719
7.36056
36.0323
84.2636
138.848
191.535
237.81
276.788
308.741
333.688
351.241
361.142
362.64
278.046
194.137
151.869
136.403
123.065
106.403
82.5377
51.3299
51.47
82.7925
78.1835
101.486
89.4905
71.484
49.4867
27.1607
9.57765
14.3974
2.83652
3.81813
0.344654
0.0228613
0.00124231
6.15025e-05
2.30119e-06
1.55631e-06
1.92255e-06
2.97992e-06
0.000103941
0.00282965
0.00282965
8.69834e-05
2.29576e-06
1.07096e-06
1.07096e-06
1.07096e-06
5.96512e-07
1.27321e-07
1.27321e-07
1.27321e-07
2.40054e-06
2.37776e-07
2.37776e-07
2.37776e-07
2.16906e-06
4.11523e-06
2.20783e-05
3.91839e-05
0.000178381
0.00672282
0.0240532
0.0615631
0.00170024
0.000926127
0.0134323
0.123782
0.609316
1.73596
2.99594
3.9737
5.43329
15.1095
55.3556
40.211
24.2406
10.831
2.92399
0.419835
0.0427573
0.00324468
0.000187771
9.80995e-06
1.93466e-05
0.000982668
0.0533819
2.57106
2.57106
0.0741657
0.0017159
3.90174e-05
3.05701e-05
0.000987976
0.0280605
0.637787
7.80365
31.7872
69.615
112.661
154.929
192.803
224.585
249.568
266.958
276.265
192.815
151.43
136.385
123.256
106.669
117.322
104.062
84.4562
60.4955
35.5609
41.0349
17.6129
21.9633
5.39076
0.551546
0.0382361
0.00212286
0.000102134
3.03181e-06
1.57405e-06
1.943e-06
4.14605e-06
0.000190629
0.00556589
0.00556589
0.000153697
3.02136e-06
1.55877e-06
1.54976e-06
1.05985e-06
5.96512e-07
5.96512e-07
5.96512e-07
8.11283e-06
3.14122e-06
1.65331e-05
4.58211e-06
4.9076e-05
5.43523e-06
3.61731e-05
0.00029937
0.00145973
9.82909e-05
0.000358079
0.000657852
0.00532661
0.0504418
0.264057
0.758599
1.33242
1.82221
2.5988
8.60426
3.48144
0.893705
0.158771
0.0204478
0.00201505
0.00015382
9.8594e-06
1.71597e-06
2.27274e-06
4.0161e-05
0.00182188
0.0808476
0.0808476
0.00242947
6.56731e-05
3.4677e-06
2.55535e-06
4.02149e-05
0.00104008
0.0222075
0.369152
4.08878
18.9246
45.9822
79.0094
112.373
142.485
166.915
183.93
143.588
129.519
114.935
93.5944
67.7974
77.5175
48.4622
104.876
127.66
1.05985e-06
1.05985e-06
1.05985e-06
1.72958e-05
1.33559e-05
0.000162333
8.25636e-05
0.00101206
0.000284754
0.00265672
0.000440145
0.00305091
0.0144579
0.0811766
0.243179
0.429938
0.589217
0.861429
0.202619
0.0329309
0.00380145
0.000323197
2.41414e-05
0.000226614
0.0027293
0.00199555
0.0173473
0.00905438
0.0563785
0.0173374
0.10551
0.144332
0.0237407
4.13172e-06
3.50458e-06
2.04563e-06
2.04563e-06
2.04563e-06
3.95026e-05
0.000733442
0.000733442
1.95142e-05
5.86724e-07
5.86724e-07
1.22336e-07
1.22336e-07
1.73247e-06
2.1548e-06
1.49697e-05
3.48969e-05
9.22242e-05
0.000164433
0.000267211
0.000364709
0.000444496
0.000472139
0.000851379
0.00129875
0.00162054
0.00180208
0.00196094
0.00180374
0.00158328
0.00144375
0.00116356
0.000788054
0.000445501
0.000193008
7.46978e-05
1.69147e-05
4.62311e-06
3.26476e-07
3.26476e-07
1.43002e-06
5.39323e-06
0.000326876
0.014091
0.014091
0.000829246
3.35933e-05
1.68639e-05
2.04563e-06
0.00013975
0.00267775
0.00267775
6.18015e-05
5.86724e-07
5.86724e-07
1.22336e-07
1.22336e-07
1.86854e-06
2.95155e-06
2.65236e-05
6.68918e-05
0.000175538
0.00031218
0.000498236
0.000670366
0.000805975
0.00124451
0.00107969
0.00082969
0.000541504
0.00030251
0.00013174
5.12802e-05
1.11025e-05
3.40382e-06
3.26476e-07
3.26476e-07
1.38968e-06
3.33616e-06
0.000165129
0.00713076
0.00713076
0.000397829
)
;
    }
    procBoundary5to4
    {
        type            processor;
        value           nonuniform List<scalar> 
570
(
0.0599261
0.0588543
0.0575003
0.0541764
0.0490384
0.0395133
0.0270633
0.0155878
0.506382
12.4775
72.4755
85.0815
94.2597
99.6462
101.731
196.746
248.843
250.223
238.367
230.906
232.788
253.676
316.796
492.161
461.094
425.172
386.119
356.533
379.834
394.028
392.364
404.056
380.816
357.248
338.282
338.282
360.222
543.081
1599.69
1641.79
1678.64
1712.14
1712.14
1760.6
1805.19
1829.71
1995.44
2965.43
2962.84
2980.51
2978.84
2030.47
1841.49
1737.08
1666.66
1609.97
1559.37
1512.36
1462.57
1396.16
1301.16
1175.25
1028.3
874.61
726.532
585.516
449.506
317.957
253.659
172.193
95.1381
61.5723
52.1519
44.597
34.4052
21.065
7.87796
1.14871
0.0807802
2.88083
30.542
94.6374
171.4
96.2235
30.5883
2.56007
0.0638967
1.05111
9.80979
34.718
70.12
12.2233
0.417147
0.0101367
0.000247853
0.00115651
0.00406593
0.0105187
0.021479
0.0359718
0.0501771
0.0586115
1.71162
1.72946
1.69514
1.65614
1.56186
1.43158
1.18007
0.835858
17.2513
21.2366
23.7261
24.8241
25.6301
103.243
198.199
248.94
249.129
236.093
225.87
222.838
236.907
295.96
393.181
562.154
930.244
793.538
717.084
807.594
567.052
453.427
517.799
547.939
561.15
511.668
438.28
385.763
385.763
396.748
555.622
583.106
630.314
630.314
704.387
822.931
946.061
946.061
900.531
938.765
913.097
1100.23
1047.17
1077.09
1126.47
1005.86
975.244
936.949
975.057
734.056
617.729
551.737
519.384
511.978
520.779
540.621
570.804
600.71
612.621
594.87
540.11
459.026
362.156
277.581
193.73
151.666
136.392
123.157
106.568
82.7207
51.4762
19.9861
78.9758
158.527
230.771
285.35
238.61
168.177
84.8143
20.7698
61.9755
113.947
162.912
201.464
106.09
28.8339
1.86237
0.0466439
0.153399
0.364721
0.697192
1.11062
1.49681
24.486
26.3116
26.298
25.9036
103.712
199.241
249.785
249.488
236.25
226.209
223.677
238.775
299.609
380.149
387.429
573.596
949.45
1968.47
1638.01
1431.32
1135.38
2012.82
1331.55
980.54
797.462
776.627
763.74
784.317
778.248
813.607
590.764
464.903
464.903
459.436
554.093
554.093
739.435
1110.67
1110.67
1286.46
946.061
946.061
1118.77
1247.81
1604.27
1653.75
977.259
979.916
1971.43
1619.23
1442.06
1175.85
2030.74
1367.22
1004.42
821.022
546.146
414.946
349.245
319.268
309.063
312.9
329.374
361.073
409.665
442.228
427.436
366.957
281.978
240.13
220.605
206.071
189.529
165.12
128.148
206.369
268.434
312.671
334.306
323.228
288.828
231.406
148.857
205.925
248.594
277.767
294.965
229.403
137.033
47.6633
5.24612
10.1137
15.6123
20.678
93.0556
100.995
104.613
104.525
199.109
249.983
250.873
239.252
232.32
235.066
257.521
324.419
505.716
402.79
585.563
566.608
931.421
1757.62
5231.5
4352.28
4264.37
2586.14
6532.61
3210.58
2028.39
1253.91
1778.86
1063.16
1198.25
1245.87
1112.54
1868.8
1321.42
1048.09
944.858
600.893
600.893
600.893
944.858
944.858
1408.34
1110.67
1110.67
1757.73
2045.95
1336.53
1749.02
2703.55
3223.6
4967.05
4329.33
4287.53
2662.36
6670.95
3305.87
2125.26
1314.02
1711.51
1125.64
770.933
564.867
404.944
325.816
291.397
276.142
270.924
274.111
287.218
314.663
344.065
335.284
294.278
275.975
267.177
256.633
237.6
291.027
320.982
325.358
323.991
335.218
340.852
322.833
277.407
308.177
324.314
323.588
311.079
298.857
247.846
161.256
65.4393
80.9944
179.11
190.91
197.137
199.42
253.189
257.293
247.712
243.573
249.846
275.803
341.26
487.162
857.824
744.091
826.253
903.769
1705.23
3695.23
12026.6
14689.1
22499.9
9292.37
49296
12246.6
6603.85
2818.56
3986.82
1891.33
1919.63
4145.12
3038.06
2352.69
1520.76
1520.76
944.858
944.858
2352.69
1846.01
2732.16
2805.53
5069.45
3427.74
4979.92
11788.7
15999.4
24003.7
9333.2
49349.5
13592.2
6202.18
2992.4
3696.06
2034.37
1180.61
797.884
815.257
572.9
408.292
328.404
293.813
278.407
272.662
272.294
275.387
285.545
304.283
295.642
297.672
299.785
313.261
310.835
310.809
312.85
324.604
333.351
339.387
338.479
336.032
326.662
314.771
299.803
294.746
291.91
257.092
259.019
256.579
266.911
260.878
261.153
272.049
299.734
353.822
444.823
604.519
847.03
1059.88
1446.13
2157.96
1236.48
1449.81
2730.69
6623.6
13138.5
43469.4
80268.9
58802.2
133152
72500.4
35372.5
8257.26
9883.44
4145.12
3038.06
25870.1
15925.1
32624.8
80112.3
49046.2
130776
93195.5
27404.2
9371.2
8384.27
4360.58
2024.14
1260.08
1196.31
821.533
1880.11
1367.33
2295.16
3546.52
6636.91
3021.75
34410.1
77160.4
132594
151208
88685.7
546
406.66
337.091
303.806
288.579
282.263
281.296
283.036
288.576
298.743
295.469
295.21
297.447
304.232
317.611
326.376
332.027
334.496
328.7
320.735
309.579
293.224
281.313
277.571
279.539
316.171
351.462
400.182
470.115
390.047
344.474
318.424
326.85
329.731
330.16
327.605
323.983
342.996
365.007
341.824
335.403
)
;
    }
}


// ************************************************************************* //
