/*--------------------------------*- C++ -*----------------------------------*\
  =========                 |
  \\      /  F ield         | OpenFOAM: The Open Source CFD Toolbox
   \\    /   O peration     | Website:  https://openfoam.org
    \\  /    A nd           | Version:  9
     \\/     M anipulation  |
\*---------------------------------------------------------------------------*/
FoamFile
{
    format      ascii;
    class       volScalarField;
    location    "0.0005";
    object      T;
}
// * * * * * * * * * * * * * * * * * * * * * * * * * * * * * * * * * * * * * //

dimensions      [0 0 0 1 0 0 0];

internalField   nonuniform List<scalar> 
5819
(
297.499
300.043
301.282
287.931
287.93
310.468
305.798
287.926
287.926
287.926
288.581
287.926
308.508
287.926
290.801
287.926
304.315
288.143
288.238
302.128
306.774
288.291
288.186
302.971
307.179
308.564
288.326
288.164
288.292
288.201
310.149
310.067
310.494
288.374
288.374
288.362
288.369
288.277
288.284
305.956
307.446
307.79
288.322
288.318
307.141
302.921
301.242
288.325
288.291
288.163
288.2
303.078
293.283
297.481
288.088
288.202
288.088
288.011
290.249
296.024
294.784
288.037
287.971
287.962
288.06
290.134
289.329
292.379
287.996
287.936
287.947
287.96
287.935
287.926
287.935
287.926
287.935
287.935
287.926
287.926
287.926
287.93
287.934
287.926
287.933
287.926
287.931
287.926
287.926
287.926
287.932
287.933
287.926
287.926
287.933
287.933
287.934
287.926
287.934
287.926
287.926
287.934
287.933
287.93
287.926
287.931
287.926
287.926
287.926
287.926
287.926
287.926
288.377
288.161
287.927
287.926
287.926
287.926
287.926
287.926
287.926
287.926
287.926
288
287.927
287.933
288.298
287.985
287.932
287.927
288.036
287.94
287.96
287.927
287.929
287.926
287.926
1165.34
297.991
962.855
350.45
563.688
254.956
349.199
1639.32
1471.7
188.86
229.023
245.578
355.823
185.837
220.368
382.136
281.549
219.469
197.555
316.193
253.185
451.247
586.497
292.572
1483.14
1365.32
330.765
288.04
997.753
288.48
925.304
481.889
1216.69
452.01
726.043
769.901
1243.37
647.787
620.319
323.01
598.006
1025.76
1070.1
664.516
1044.31
696.458
557.835
870.124
1409.72
1305.29
1025.1
420.11
950.157
763.539
1313.49
1166.18
769.678
941.744
1097.3
1632.84
1423.83
1638.69
1447.26
1134.37
1490.65
1346.09
1445.59
1350.46
1509.2
1521.82
1448.83
1338.74
1603.2
1645.08
1505.45
1215.66
1616.07
1537.63
1341.91
1409.88
1591.89
1550.14
1426.55
1445.47
1291.97
1195.17
1565.21
1328.89
483.677
1300.55
452.839
1564.81
962.247
314.141
293.503
318.095
888.176
560.212
863.676
534.042
1041.39
1212.34
389.944
1507.37
1551.8
863.14
702.836
289.242
290.813
306.136
676.627
790.85
467.984
386.123
287.926
287.928
288.161
949.764
1195.33
626.435
1926.41
171.466
254.195
202.949
1267.04
558.987
500.09
1585.15
1027.1
199.768
984.648
302.678
1393.65
517.524
308.065
195.358
614.742
1363.06
1064.96
181.573
848.656
178.497
968.385
1276.99
164.515
277.971
171.192
168.621
170.531
165.958
265.225
168.923
283.676
642.515
938.2
1125.92
1332.17
1555.88
1473.46
317.481
304.363
320.55
296.032
414.378
1660.36
302.638
297.426
1556.96
485.948
1889.25
1382.69
2404.59
2410.8
726.646
1290.34
1732.77
296.463
1268.61
527.459
1363.66
1116.58
1550.6
294.126
1500.72
1584.37
293.303
1169.4
1416.91
1314.58
1669.9
1504.16
1743.73
1201.27
1725.69
288.362
1372.51
288.131
906.185
287.926
1527.79
1318.93
288.253
290.851
287.932
289.972
287.926
287.926
287.936
287.926
287.926
287.926
287.926
287.926
1573.46
930.445
184.577
179.142
177.358
176.511
224.44
395.181
1343.88
562.192
1333.61
866.702
177.662
176.025
297.406
218.517
178.458
231.713
222.65
180.836
174.338
272.519
336.941
346.236
923.384
1157.6
1468.41
1135.19
182.182
530.833
952.489
1351.11
181.009
305.84
200.172
185.809
172.48
184.235
167.882
173.279
166.058
354.249
182.419
339.178
180.123
227.502
173.035
230.501
350.898
186.682
446.759
206.973
207.109
647.446
673.458
181.641
191.34
181.634
177.664
187.936
184.582
175.8
188.156
196.081
198.317
194.119
193.745
191.006
193.136
183.539
193.559
181.129
181.103
188.673
188.613
176.738
177.995
181.756
176.495
182.08
189.941
184.417
187.432
198.737
199.441
200.071
197.587
198.237
199.15
197.422
196.502
198.098
196.981
194.298
191.702
198.182
196.06
197.009
199.396
197.914
196.965
197.968
198.6
192.576
196.103
193.936
192.213
193.897
195.309
194.299
190.537
182.267
180.416
170.856
170.946
176.522
178.785
166.801
175.961
171.579
171.882
171.449
177.638
167.884
166.872
170.54
177.881
173.883
177.888
175.902
182.988
172.489
166.861
171.58
171.883
171.441
171.189
175.971
177.645
185.508
185.252
173.433
174.89
183.485
172.168
186.885
178.68
169.977
174.484
178.78
177.162
183.463
173.459
190.834
188.496
171.699
175.067
184.323
192.747
170.613
193.104
178.526
197.773
204.232
180.816
196.605
179.679
177.431
178.251
176.899
177.423
179.044
177.81
177.513
171.097
171.511
174.685
175.814
170.407
171.038
174.579
195.728
191.279
1294.54
860.159
233.694
1160.48
748.134
405.731
831.484
400.291
872.732
417.516
431.569
904.657
167.696
168.912
170.702
174.115
171.333
167.918
166.048
168.907
167.918
171.332
167.688
170.694
174.122
170.536
239.873
1968.78
2305.42
1701.88
1008.85
1673.82
1026.77
194.287
169.847
166.927
182.94
175.934
209.283
165.353
179.525
178.152
167.09
168.344
191.897
179.521
164.505
164.294
168.414
167.454
167.631
170.36
165.942
164.281
165.352
209.431
182.935
194.255
166.87
181.49
169.811
215.649
208.286
192.624
180.952
200.883
182.799
238.812
170.565
192.474
171.01
186.678
170.863
183.489
170.57
167.576
169.525
166.719
166.793
174.906
165.099
178.355
195.532
1544.31
964.142
1596.01
1316.31
1041.82
898.92
505.469
930.695
1028
447.814
446.797
501.269
1033.94
180.202
187.775
178.678
178.43
179.975
177.365
189.217
166.813
174.994
165.112
171.466
166.688
169.513
167.552
170.85
180.647
172.607
173.622
168.352
169.936
174.666
1048.6
460.5
513.993
542.433
993.447
481.568
1097.56
185.338
172.629
182.396
175.727
176.646
177.798
175.375
175.27
173.262
208.462
192.101
174.685
172.222
192.611
653.863
351.412
544.898
918.118
1157.74
1155.84
732.279
235.8
223.248
360.376
394.029
224.031
233.625
408.425
310.89
238.3
230.912
225.394
186.915
222.229
185.813
241.71
224.805
233.002
187.514
185.41
184.321
187.543
235.174
249.797
333.605
190.533
228.265
241.086
195.385
235.141
239.037
247.377
188.098
189.8
193.528
191.565
465.456
890.462
424.194
1060.88
524.309
465.346
968.253
188.359
175.078
167.694
212.198
167.903
186.175
174.259
165.844
165.915
168.597
190.575
174.47
165.891
168.894
1116.5
997.512
483.015
523.153
950.137
456.373
1061.45
212.41
186.332
167.95
188.452
175.12
168.636
167.689
587.675
1265.45
560.78
1052.89
513.311
1171.74
650.772
242.028
179.762
172.253
174.045
217.417
195.712
171.389
171.389
174.056
207.117
172.26
179.745
217.43
241.992
456.166
1061.27
522.949
482.772
1116.57
561.995
997.261
171.725
196.324
168.896
282.957
265.808
189.768
195.6
169.703
249.055
195.563
356.233
278.716
192.93
235.782
175.212
219.191
194.637
182.308
177.762
175.736
194.917
244.968
524.945
267.277
244.946
387.73
229.956
446.698
355.482
192.839
235.631
195.449
199.459
248.691
169.617
189.693
282.378
195.523
171.65
196.05
168.824
202.681
376.656
243.817
353.439
184.14
218.535
184.439
250.523
213.706
369.475
342.379
258.678
272.884
195.622
190.658
391.52
286.778
395.668
266.637
237.866
207.109
322.132
190.604
213.414
222.327
258.419
272.537
341.353
368.459
723.476
1336.52
735.883
595.57
1160.86
587.936
1167.15
362.047
463.975
280.658
353.403
267.902
239.965
192.888
375.246
226.248
218.918
344.425
259.137
196.484
194.413
738.343
1398.69
782.202
1179.74
600.883
634.841
1229.93
375.89
269.753
280.879
204.03
226.123
200.995
232.264
378.793
220.656
346.083
260.774
276.661
196.263
201.284
310.775
679.825
323.26
261.655
480.901
256.869
502.107
192.853
218.191
280.232
267.672
353.076
463.011
360.893
284.177
221.027
176.426
340.372
477.586
262.62
211.096
309.432
199.956
176.693
476.444
259.081
199.915
309.347
755.042
826.574
853.666
1191.95
1204.96
1262.8
1250.44
1190.41
1074.69
533.366
1276.25
731.22
1166.1
606.781
278.339
673.397
321.667
763.481
362.526
452.829
905.4
477.014
339.751
262.439
211
176.322
220.705
195.218
1629.22
1648.69
1541.61
1534.95
1427.55
1437.38
899.456
351.434
1418.83
1270.22
1278.84
290.515
288.247
1616.4
212.453
583.377
312.272
247.242
444.841
191.309
275.692
321.666
905.582
452.953
763.65
362.543
278.303
558.978
247.092
311.888
212.334
444.634
275.625
346
583.078
620.64
1247.38
673.752
1362.13
777.835
866.719
1416.06
209.355
336.329
248.906
463.309
320.808
452.559
640.364
1166.3
731.249
606.763
533.228
1190.93
626.4
1074.72
992.949
1476.05
864.911
692.62
1403.62
1308.08
778.383
673.821
1415.14
1246.83
1361.8
777.943
620.788
1195.24
249.325
453.523
321.395
641.004
463.956
254.483
209.523
259.835
639.415
467.471
455.03
325.911
216.119
255.643
599.9
914.548
519.383
518.44
599.176
272.335
345.978
866.822
486.35
898.423
485.546
260.779
516.871
276.222
287.718
592.09
553.003
901.477
937.455
536.012
501.901
935.517
499.961
534.453
286.672
307.088
550.926
590.366
589.061
684.408
387.169
623.174
1029.14
948.063
536.834
762.825
1235.69
1213.6
450.009
722.907
957.869
477.22
945.099
534.557
621.408
301.427
386.1
682.598
586.661
1023.78
813.761
918.171
1292.88
1239.16
1293.05
1339.16
344.229
657.436
616.987
320.749
595.471
1022.28
1062.8
517.183
1117.41
635.424
832.146
1212.52
723.412
1303.47
485.628
1010.57
524.583
1172.28
682.289
727.785
1205.39
270.494
806.293
467.89
731.022
1088.97
748.293
428.107
798.544
995.89
1164.16
798.202
614.267
460.967
329.698
1403.27
1408
1177.41
974.172
1001.48
1336.12
1326.39
1205.72
1393
914.271
1393.47
1263.6
914.225
719.098
772.915
1509.53
1319.91
1427.47
947.531
1672.63
1280.42
562.801
950.295
758.512
414.742
762.075
1306.55
1157.84
562.36
762.009
758.244
938.121
950.122
1158.04
1306.74
372.576
705.012
912.402
1042.96
640.539
832.139
1215.75
1036.8
861.666
552.178
693.428
1398.27
1019.03
1157.5
424.93
1085.45
622.024
871.091
1284.78
621.908
1085.37
1088.73
467.401
730.607
427.901
270.269
499.817
805.987
526.707
831.422
1215.22
639.375
371.668
703.858
911.811
693.659
1019.05
861.703
1398.18
1294.41
1036.93
552.338
1280.11
1428.7
947.467
1321.01
772.945
1027.1
1510.9
876.244
1134.17
640.253
857.292
1448.37
1296.67
1076.72
287.926
287.926
287.926
296.612
302.969
288.541
289.852
1286.68
1516.64
1254.41
1272.02
1535.56
871.265
904.741
1287.78
906.165
1255.14
873.222
1272.51
1516.77
1535.62
1579.63
1884.46
1444.65
1597.36
1053.84
1185.32
1662.71
1310.57
1433.6
1419.08
1228.24
1063.79
1359.22
1394.09
1358.9
1227.94
1063.52
1157.59
1310.39
1393.93
1433.46
287.926
287.926
287.926
294.84
288.226
289.8
288.934
1666.91
1382.18
1305.52
1553.29
1294.44
918.631
992.707
994.454
1394.98
1307.1
1295.12
920.818
1553.25
1666.75
1233.58
670.215
1235.04
1225.68
612.447
591.707
1232.31
1481.49
1468.01
1093.54
1630.1
1420.07
1629.79
1438.33
1524.73
1581.31
1427.92
1436.07
1345.83
1124.53
1036.17
1390.95
1413.86
1566.62
1307.56
1329.82
990.786
1028.91
1346.97
1481.33
1175.09
1501.14
1590.26
1673.59
1005.33
1396.36
1063.54
1404.08
1651.63
1396.24
1064.77
706.59
1006.2
1175.56
1347.26
1481.42
1673.32
1590.18
1501.25
805.129
1193.18
1104.3
1427.69
1495.79
1457.38
1680.42
907.543
1220.54
1542.49
1453.23
1160.56
1510.7
1677.6
1442.44
1513.17
1328.54
1439.23
1347.57
1506.06
1358.87
1510.68
1677.77
1453.18
907.398
1542.55
1220.47
1314.49
614.813
1207.75
1229
1207.83
471.622
544.895
1169.16
804.709
1103.89
1457.22
1680.83
1169.21
1192.93
1495.92
1609.42
2203.59
1912.16
1889.56
1586.15
1607.2
1222.92
1204.99
1599.23
1524.58
1610.41
1589.28
1628.72
1493.92
287.926
287.926
288.407
307.169
287.949
840.842
969.784
1586.24
1606.42
1223.18
1925.54
1609.55
2202.69
1911.61
1483.37
1660.92
1613.48
1405.56
1540.17
1135.62
1306.5
1524.96
1494.38
1205.28
1599.64
1332.41
1589.79
1611.15
1660.96
1651.65
1622.62
1492.76
1192.01
1342.64
1596.14
1424.51
1434.73
1547.65
1364.96
1424.44
1428.95
1434.7
379.779
1104.85
1083.88
1187.42
515.604
494.326
1199.49
1570.2
1535.63
1155.53
1270.09
1395.75
1426.61
1398.82
1976.97
2122.88
1775.8
1999.99
1668.6
1395.37
1791.55
1426.6
1535.75
1398.7
1570.38
1468.33
1395.77
1155.81
287.926
287.926
287.926
287.926
287.926
291.087
288.123
1685.6
1089.78
1518.6
1680.76
1723.31
1565.83
1559.76
1661.55
1571.06
1548.22
1570.12
1731.94
1182.4
1397.33
1510.95
1541.85
1158.4
1528.23
1549.09
1543.84
1573.51
1511.86
1530.12
1579.51
1550.16
1207.55
1579.16
1253.21
322.517
920.114
1025.38
1154.38
385.46
447.048
1088.16
447.089
1025.5
1154.36
385.453
1088.13
920.128
322.515
1753.65
1661.26
1416.66
1675.34
1724.88
1529.44
1746.18
1668.51
1613.39
1613.27
1612.76
1613.06
1088.35
1243.75
1661.16
1660.31
1753.54
1724.39
1674.99
1528.46
1745.5
1437.33
1676.59
1699.04
1755.22
1669.98
1422.04
1698.77
1670.24
1678.34
1506.34
1685.75
1196.49
1697.77
1647.89
953.281
996.282
1562.62
1328
1292.08
483.162
447.733
312.761
883.606
525.941
850.549
557.771
293.424
292.347
1585.96
942.787
1316.51
1616.32
611.099
1481.62
1095.04
2083.62
2189.05
1903.68
2410.48
2441.15
2083.06
1968.96
1557.79
1130.9
938.206
1602.99
1679.69
1603.07
1583.59
1678.67
1198.38
1698.82
1670.76
1504.3
1686.47
1507.6
1682.89
1609.84
1185.18
1692.45
1697.33
1532.08
1693.8
1482.17
611.671
1095.26
1586.29
1556.95
1316.66
943.334
1877.36
2435
2072.35
2243.54
1936.83
2427.81
2084.82
1189.37
1533.68
1474.01
995.025
664.489
380.712
323.247
1533.37
663.989
840.72
323.094
994.145
1189.13
380.594
755.435
292.059
535.42
332.754
967.793
755.461
302.639
1245.59
658.949
449.323
1375.59
1651.62
1651.02
1194.33
288.211
288.231
303.77
299.102
298.157
288.108
288.128
288.193
302.044
303.533
298.787
297.435
288.122
288.095
296.396
370.978
453.302
641.554
766.891
289.015
290.513
289.017
304.366
453.362
767.005
641.64
296.4
371.083
300.639
288.074
288.158
292.819
295.877
288.061
288.005
557.937
292.965
452.832
1375.06
1163.35
489.263
613.599
477.254
295.42
505.498
1187.63
1231.68
516.615
549.84
1535.04
312.976
852.219
643.512
1459.5
758.442
1371.45
588.519
304.309
529.556
1699.8
1363.67
778.426
1425.11
1556.24
1429.19
1428.45
676.622
874.221
323.376
875.02
1535.49
1744.27
853.727
645.228
759.119
1461.08
313.126
1109.75
339.309
533.484
339.413
1109.28
677.656
291.437
445.511
296.561
687.217
378.465
289.018
316.148
968.496
288.044
288.126
298.96
291.855
294.842
288.044
287.99
463.781
354.995
289.562
1218.21
1053.95
379.358
509.503
314.922
480.509
288.542
288.246
293.536
340.512
287.986
321.119
291.398
456.06
450.512
1264.42
1574.69
864.437
293.658
289.59
292.994
288.009
287.957
288.021
287.952
289.481
293.475
292.62
287.956
288.018
288.003
287.951
379.191
316.298
289.028
1319.9
688.649
446.147
296.622
328.656
287.965
291.013
287.955
290.268
288.476
288.358
366.168
1901.52
1176.28
2438.2
1951.24
1989.66
1275.11
287.986
288.543
293.553
340.564
480.658
290.855
314.988
289.957
289.061
291.546
287.984
287.935
287.944
287.958
2287.96
1407.78
2417.73
1572.75
1635.54
305.145
548.438
663.471
288.127
1398.72
1567.73
1492.99
295.606
301.106
288.113
288.049
1243.08
329.25
397.941
666.679
1319.62
1180.68
905.508
752.75
733.064
826.024
851.68
1194.41
1209.15
1251.85
1267.26
805.467
1019.25
914.096
1299.99
1244.15
1300.93
1351.53
1156.65
1405.64
973.829
1001.56
1327.89
1341.55
1415.4
1243.87
673.091
1237.99
617.576
1236.26
1237.91
605.593
1234.72
1161
1064.98
1369.79
1456.85
1433.45
1411.28
583.551
642.166
1250.97
1231.32
502.507
568.616
1205.48
1424.58
1492.38
1513.05
1495.34
1510.41
1416.23
1399.44
1536.91
1433.67
1523.81
1658.47
1517.92
1561.47
1411.53
1109.98
520.48
1204.13
1200.84
385.979
505.682
1098.15
1919.98
2221.16
1827.82
2011.18
2408.37
1964.85
2384.76
1588.15
1610.73
1560.24
1510.74
1433.15
1390.1
1250.04
1179.01
404.314
359.051
961.294
464.54
1051.58
1127.23
1530.36
1552.23
1439.2
707.543
730.609
1178.05
1156.41
1695.9
1403.49
1557.49
680.562
808.456
1302.64
1146.43
356.631
300.288
335.387
1123.05
982.878
810.507
691.923
1576.61
1303.34
1429.82
462.823
659.857
1117.78
896.243
337.558
300.656
333.591
980.425
974.605
697.357
697.043
2007.9
2370
2014.72
2001.08
1358.19
1799.03
2309.6
355.41
899.182
523.253
1593.08
2126.14
1289.27
1874.02
314.712
289.997
296.222
870.715
634.144
610.399
424.82
290.321
288.084
289.681
299.251
304.205
446.867
397.817
289.918
288.126
289.958
301.079
302.183
412.27
408.257
289.137
287.959
288.269
290.583
297.328
369.902
313.835
328.971
287.965
291.027
288.376
287.957
290.364
321.837
537.165
290.625
387.356
288.05
292.215
289.244
287.962
288.439
289.587
291.087
287.977
287.934
287.952
287.942
288.934
287.977
289.587
288.439
287.952
287.942
287.934
288.196
287.932
287.943
288.446
289.28
309.1
297.711
307.152
288.02
287.931
288.35
287.941
289.139
288.17
288.662
331.057
287.943
288.854
331.198
319.667
288.664
288.17
288.02
296.056
287.941
289.141
288.352
287.931
373.31
292.588
288.794
337.049
298.704
799.986
1388.76
287.93
295.42
300.437
290.564
288.254
288.01
288.064
296.875
287.936
288.118
638.674
300.529
288.542
317.281
299.643
287.934
288.357
316.108
300.325
690.119
288.411
295.361
287.93
288.009
290.551
300.403
485.148
288.064
288.008
288.487
288.488
287.926
295.631
287.963
287.932
287.975
288.601
288.123
287.929
287.936
287.929
287.926
287.949
287.927
288.022
287.926
287.938
288.239
287.929
287.96
287.94
288.036
287.926
287.929
287.927
287.926
287.926
287.975
290.42
287.956
309.644
288.192
287.932
287.929
287.926
288.241
287.939
289.982
288.023
287.927
287.926
287.931
287.932
287.929
287.926
287.926
287.93
822.334
183.314
842.063
199.665
870.969
904.985
183.538
166.772
186.365
186.366
189.847
176.394
190.751
180.921
183.321
399.07
816.14
400.792
834.113
399.287
407.955
816.304
194.249
195.367
201.712
193.161
197.261
199.508
189.705
188.948
177.292
184.426
188.688
188.691
193.393
183.28
196.604
198.99
198.134
196.947
197.491
195.962
196.774
194.573
197.508
194.699
193.612
196.317
189.632
195.398
193.427
196.631
202.126
203.347
195.302
194.579
198.576
193.986
193.08
191.768
191.299
193.367
188.497
193.405
396.467
813.194
394.707
394.845
807.617
394.56
813.475
178.756
178.469
170.853
170.925
180.328
182.219
176.531
862.695
420.698
414.53
401.918
843.333
410.984
828.498
431.758
848.882
405.843
873.236
417.733
400.509
832.02
287.929
287.926
287.927
287.926
287.931
287.929
287.926
287.928
287.926
287.93
287.926
287.928
287.926
287.927
287.928
287.926
287.926
287.926
287.926
287.928
287.926
287.933
287.932
287.926
287.926
287.926
287.926
287.926
287.933
287.926
287.926
287.93
287.961
287.926
287.926
287.938
287.926
287.926
287.926
287.943
288.695
287.94
287.929
287.926
287.926
287.926
288.09
287.933
287.928
287.926
287.926
287.926
287.926
288.338
287.936
287.931
287.926
287.926
287.927
287.926
287.926
287.927
287.926
287.926
287.932
287.931
287.926
287.929
287.929
287.926
287.927
287.926
287.978
287.942
287.926
287.926
287.926
287.926
287.926
287.933
287.93
287.961
287.926
287.926
287.926
287.926
287.926
287.927
287.926
287.926
287.926
287.926
287.926
287.93
287.928
287.926
287.926
287.927
287.926
287.926
287.926
287.926
287.927
287.954
287.927
287.926
287.926
287.926
287.954
287.927
287.927
287.926
287.926
287.926
287.927
287.926
287.926
287.926
287.926
287.926
287.929
287.926
287.926
287.926
287.926
287.926
287.926
287.926
287.926
287.926
287.927
287.927
287.926
287.926
287.927
287.926
287.926
287.926
287.926
287.926
287.926
287.926
287.926
287.927
287.926
287.926
287.926
287.926
287.926
287.926
287.929
287.926
287.926
287.926
287.926
287.926
287.927
287.926
287.926
287.926
287.926
287.926
287.926
287.926
287.926
287.926
287.926
287.926
287.926
287.926
287.926
287.926
287.926
287.926
287.926
287.926
287.926
287.926
287.926
287.926
287.926
287.926
287.926
287.926
287.926
287.926
287.926
287.926
287.926
287.926
287.926
287.926
287.926
287.926
287.926
287.926
287.926
287.926
287.926
287.926
287.926
287.926
287.926
288.058
287.926
288.386
287.926
287.926
287.926
287.926
287.926
288.001
287.927
287.933
287.987
288.318
287.932
287.927
287.943
287.964
288.187
287.928
287.93
287.926
287.926
287.926
287.933
287.926
287.926
287.932
287.926
287.926
287.926
287.926
287.926
287.927
287.929
287.926
287.926
287.926
287.926
287.926
287.926
287.926
287.926
287.926
287.926
287.926
287.926
287.926
287.926
287.926
287.926
287.981
287.927
288.331
303.631
1559.79
287.932
287.926
1116.4
287.927
287.926
287.927
289.401
287.926
287.926
287.926
288.183
1597.16
1301.61
963.247
1127.1
781.48
439.529
349.815
1434.7
290.073
339.69
452.347
824.277
538.165
303.567
636.784
292.813
454.035
288.135
295.353
290.32
287.989
292.279
287.995
290.162
288.658
287.961
287.949
287.937
319.726
288.088
301.658
287.952
290.044
288.677
287.935
287.929
287.927
287.996
288.811
288.204
287.939
287.93
288.282
287.949
288.095
287.926
287.931
287.928
287.926
287.926
287.95
288.497
287.967
291.691
288.102
287.928
287.985
292.963
288.023
288.819
327.508
288.417
287.938
1339.45
290.881
430.399
1583.87
309.407
1569.06
414.55
1326.41
356.237
288.026
2208.17
287.944
1526.19
287.926
289.105
290.138
339.269
1405.12
317.65
288.109
1413.98
287.957
1294
1714.64
1184.54
1546.21
300.064
2478.32
288.092
1425.77
1371.71
1295.16
1332.33
1553.73
1550.43
1564.21
1563.71
287.926
287.926
329.635
1322.64
908.381
1675.89
290.919
1535.71
1550.63
1356.81
1290.86
1326.52
1547.34
1561.52
1457.29
1563.54
1425.51
1585.44
1549.32
1579.29
1572.18
1543.42
1568.78
1441.25
1558.1
1419.35
1583.44
1572.05
287.926
1166.44
722.729
287.929
884.566
287.926
287.975
1504.97
1520.25
1427.69
1500.28
1517.03
1426.99
1409.63
1688.33
1442.65
1532.26
1536.44
1652.75
1426.3
1606.65
1825.27
2046.22
2435.82
2289.14
1929.78
2027.94
2437.87
1457.92
1597.26
1497.32
1620.54
1565.54
1405.95
1274.88
287.926
287.938
287.926
287.926
287.926
287.926
287.926
1206.92
479.366
1261.56
1244.1
408.688
1184
453.543
403.083
1180.09
1173.11
476.053
1259.47
1245.74
454.159
315.127
287.926
287.926
288.622
2446.65
287.936
967.055
288.027
287.926
287.926
287.937
968.067
287.928
699.82
1665.31
1529.69
1671.21
1569.39
1379.09
829.593
750.835
1673.84
1537.27
1568.62
1325.05
1376.59
827.148
756.444
1538.14
1434.58
1555.03
1184.43
709.928
1165.52
724.319
1575.04
1645
1727.54
699.742
1161.96
1377.07
911.808
1152.4
356.999
833.991
317.705
1083.96
384.361
906.935
309.34
1082.35
834.674
1156.1
318.147
385.717
911.096
1574.42
1423.82
1580.26
1128.19
455.597
653.376
908.636
1648.01
1419.39
1587.14
1188.95
876.995
577.657
382.581
336.853
992.201
991.923
710.099
301.401
705.055
301.372
373.195
338.523
1000.79
300.859
705.783
875.904
309.546
2393.41
2089.69
2044.34
1916.51
2215.97
1564.23
2411.26
287.928
287.926
287.926
287.926
375.422
287.926
287.928
297.492
895.467
662.119
627.474
290.273
296.312
440.079
2266.09
634.427
1133.13
1445.66
728.259
404.21
2064.89
465.447
292.322
522.676
308.019
288.113
288.205
301.838
344.313
919.637
986.379
333.328
288.664
320.855
288.961
326.861
344.106
988.004
333.443
288.616
319.304
288.957
466.772
292.264
520.339
307.861
288.119
302.232
288.203
1371.58
376.851
784.835
310.772
507.13
302.903
289.105
1239.79
403.77
557.588
334.045
394.332
292.657
289.857
985.489
403.511
407.774
336.024
338.522
289.99
289.911
292.392
289.333
288.583
287.996
287.96
287.947
287.936
414.791
289.928
300.944
288.116
410.316
301.629
289.991
304.855
292.104
468.406
288.205
301.272
291.064
287.991
1893.42
2013.41
1260.41
1607.05
874.68
341.005
617.378
926.844
315.556
373.229
298.641
322.226
289.255
288.304
288.02
287.926
287.928
290.249
294.802
287.928
287.927
287.926
294.486
288.033
295.774
290.754
288.057
287.97
287.962
296.046
290.251
290.803
288.037
288.061
287.971
287.962
373.224
288.283
288.044
290.438
296.943
289.179
315.053
987.279
396.499
943.34
289.891
464.146
308.496
1661.19
289.765
300.026
403.573
493.085
288.21
311.691
291.158
371.825
288.218
310.444
288
293.689
289.234
287.943
287.929
288.769
288.16
287.981
287.926
288.161
287.929
288.489
288.043
288.608
287.936
287.927
287.934
287.927
288.013
287.934
288.47
288.041
288.61
287.936
287.927
291.21
945.08
428.725
289.477
288.163
287.959
300.425
288.029
291.908
292.028
287.991
287.928
287.928
287.989
292.773
291.182
289.085
288.088
287.986
287.968
287.928
288.168
291.934
298.897
288.061
287.928
287.929
287.987
288.624
287.933
287.926
287.937
287.936
288.393
287.943
288.623
287.926
287.938
287.933
288.417
287.936
287.943
287.968
288.207
291.407
288.112
287.926
287.941
287.928
288.517
290.527
318.946
288.357
287.926
287.961
287.935
287.972
287.93
288.246
287.943
288.065
287.928
287.926
371.693
288.045
301.029
288.437
287.954
287.931
291.588
288.599
287.943
289.3
287.982
287.926
287.926
287.955
288.644
287.937
288.678
287.957
287.926
287.956
287.926
287.992
288.688
290.599
287.967
287.926
287.927
287.937
287.933
288.06
288.405
287.945
287.926
287.926
287.931
1776.64
1476.11
437.848
1510.99
2166.72
1862.04
1375.03
1466.38
1373.92
1330.15
1432.6
1728.41
1596.47
1742.57
1591.11
1714.03
1365.33
1573.24
1328.68
1430.84
1723.26
1587.51
2187.73
2164.94
1742.5
2058.72
2475
2075.74
2464.71
1760.62
2046.75
2441.88
2158.22
1737.21
2051.4
2455.65
1470.32
1229.66
537.699
485.733
1431.64
591.669
1282.47
490.001
414.763
1191.39
1461.3
479.669
579.479
1277.53
1935.5
2419.39
950.6
1579.65
1914.53
1016.12
2435.34
2376.68
869.069
1428.05
1927.68
1569.05
999.963
2428.76
287.937
287.926
287.927
287.932
287.981
287.926
287.926
287.928
287.93
288.112
287.969
287.926
287.926
287.927
287.926
287.929
288.015
287.955
287.926
287.926
287.927
287.926
287.934
287.926
287.93
287.966
287.926
287.926
288.056
287.926
287.931
287.926
287.928
287.926
287.926
287.926
287.926
287.926
287.928
287.926
287.926
287.926
287.926
287.926
287.926
287.926
287.928
287.926
287.926
287.926
287.926
287.926
287.926
287.926
287.926
287.926
287.926
287.927
287.926
287.926
287.926
287.926
287.926
287.941
287.928
287.926
287.927
287.926
287.926
288.025
288.012
287.926
287.93
287.926
287.927
287.926
287.926
287.941
287.926
287.926
287.926
287.926
287.926
287.926
287.932
287.926
287.926
287.926
287.926
287.926
287.926
287.926
287.926
287.926
287.932
287.926
287.926
287.926
287.928
287.926
287.926
287.926
287.926
287.926
287.927
287.927
287.926
287.926
287.926
287.926
287.927
287.926
287.926
287.926
287.926
287.926
287.926
287.926
287.926
287.926
287.926
287.926
287.926
287.926
287.926
287.926
287.926
287.926
287.926
287.926
287.926
287.926
287.926
287.926
287.926
287.926
287.926
287.926
287.926
287.926
287.926
287.926
287.926
287.926
287.926
287.926
287.926
287.926
287.926
287.926
287.926
287.926
287.926
287.926
287.926
287.926
287.926
287.926
287.926
287.926
287.926
287.926
287.926
287.926
287.926
287.926
287.926
287.926
287.926
287.926
287.926
287.926
287.926
287.926
287.926
287.926
287.926
287.926
287.926
287.926
287.926
287.926
287.926
287.926
287.926
287.926
287.929
287.927
287.926
287.926
287.926
287.926
287.926
287.926
287.926
287.926
287.926
287.926
287.926
287.926
287.926
287.926
287.926
287.926
287.926
862.398
200.625
199.942
897.158
203.772
1026.95
185.291
894.777
186.538
195.813
187.401
187.131
182.61
175.19
186.813
174.654
428.642
409.864
871.741
857.753
426.907
419.383
875.298
193.581
201.058
198.972
195.399
198.242
196.773
195.091
202.907
203.094
200.262
194.01
206.917
203.291
196.157
196.095
201.446
198.845
191.284
205.361
194.236
201.494
193.311
198.525
191.375
185.602
197.465
196.153
190.73
192.25
190.738
199.29
190.841
195.679
194.304
187.965
188.417
195.073
184.857
182.65
192.874
190.333
180.949
184.139
188.094
192.423
185.093
191.023
189.659
182.879
201.257
201.087
200.651
198.354
201.008
199.641
199.165
198.939
198.582
200.512
197.434
198.705
199.251
196.703
200.416
201.449
202.109
200.318
201.89
199.922
197.534
199.504
200.007
199.879
197.575
200.443
195.087
198.681
199.188
195.155
195.992
194.997
197.226
194.17
196.623
197.596
197.539
205.687
204.554
203.092
198.397
195.948
199.538
200.688
200.907
199.476
199.082
200.618
197.068
197.2
193.873
193.158
194.814
195.922
192.841
194.63
439.255
436.025
882.515
916.577
432.983
892.058
446.434
180.451
185.944
182.02
179.037
190.098
179.214
184.426
199.244
187.741
202.942
184.919
199.262
188.926
201.621
185.916
186.655
181.303
183.393
188.565
181.642
184.737
433.551
433.57
867.653
925.392
423.429
447.927
890.328
175.122
180.796
184.067
178.883
185.415
179.993
177.927
445.293
955.385
498.579
966.581
467.883
916.635
463.211
174.731
182.655
177.892
179.276
179.517
177.453
182.47
187.763
187.289
294.665
1171.58
1465.49
1115.99
184.979
192.426
923.392
470.028
185.155
274.559
181.274
178.435
178.304
191.731
189.562
205.691
189.356
203.359
188.146
204.192
203.269
187.983
188.999
186.099
184.072
188.225
185.429
186.238
499.839
972.223
957.24
450.284
1027.29
472.919
464.87
185.533
183.66
179.89
181.945
179.036
177.163
183.851
186.245
218.967
210.9
195.429
238.645
185.888
206.145
208.703
187.761
207.714
187.818
186.25
223.708
204.803
185.388
183.479
182.28
182.037
191.425
193.022
182.558
181.528
183.289
180.43
185.327
182.418
183.679
183.955
198.298
178.752
180.393
180.876
222.005
198.683
184.439
587.911
559.733
1258.63
1055.94
645.676
1132.7
516.598
547.53
1231.66
547.916
1017.89
622.952
1114.98
494.23
179.19
198.578
178.178
176.65
178.99
185.196
181.985
400.421
226.935
219.513
211.446
285.085
189.584
272.732
287.02
185.811
211.536
203.55
215.976
185.208
206.765
198.236
195.674
179.541
183.007
185.07
183.236
174.501
180.272
194.765
195.274
191.606
189.939
189.604
193.357
186.561
198.296
192.577
195.065
190.699
191.204
193.881
188.699
1207.31
230.302
176.548
182.796
186.622
182.166
189.566
185.699
179.169
181.549
179.339
188.17
185.38
190.154
186.725
180.342
184.109
184.329
183.699
185.789
183.898
185.445
187.864
180.651
180.826
182.735
183.651
182.716
184.189
186.759
241.611
1841.5
868.92
198.37
637.569
1012.71
551.16
196.45
1235.2
821.486
195.719
384.909
832.242
1254.51
186.969
183.687
189.472
177.487
181.268
182.333
177.896
186.149
180.28
177.986
181.844
185.528
180.986
176.612
194.516
194.277
195.71
241.11
241.559
250.204
233.484
198.245
197.248
236.38
308.882
249.976
324.854
240.267
201.15
245.371
237.697
310.508
252.772
241.342
329.654
197.213
198.057
200.136
242.999
245.38
235.041
254.891
896.757
896.099
207.343
207.839
1109.56
186.524
183.402
1084.59
208.44
198.827
196.505
204.782
191.33
203.597
194.464
205.769
196.177
198.607
204.924
192.311
194.759
204.276
441.111
905.159
443.545
452.364
940.727
925.317
458.724
440.66
893.895
440.203
450.177
926.02
452.093
920.724
204.741
188.043
211.333
187.008
189.827
208.891
204.808
203.77
185.42
185.797
207.995
202.181
188.834
207.682
479.54
1007.94
550.111
1077.36
531.477
983.536
491.683
476.098
987.797
1069.6
536.439
481.237
527.067
977.131
1192.14
621.686
608.975
734.3
1357.71
752.104
1345.48
203.67
201.34
222.812
265.688
375.724
278.765
345.073
1235.45
1200.45
613.958
771.227
1388.72
740.22
1354.2
234.796
207.634
284.866
202.97
224.703
268.119
348.744
856.92
627.334
1360.97
1352.5
731.528
719.751
1237.38
338.503
188.088
288.667
265.312
231.204
204.131
219.026
504.294
425.939
989.589
796.375
544.831
386.372
927.752
996.956
872.913
428.434
506.288
796.971
387.243
929.759
393.809
400.25
873.901
753.122
430.123
365.548
810.264
439.058
405.567
890.896
397.257
757.029
367.62
816.796
1601.3
1378.7
1866.32
970.473
1840.96
1332.78
1569.3
482.793
743.47
1017.9
1199.12
526.687
689.673
964.463
762.026
541.011
1038.78
488.233
1207.11
696.835
972.893
963.358
1569.67
1359.04
1833.7
990.049
1326.24
1560.47
1594.99
1244.89
1581.61
259.193
495.325
1371
403.693
299.953
1877.26
1020.38
2308.13
1594.64
514.84
845.015
204.806
1317.29
972.133
1551.43
1657.74
258.143
232.775
206.454
281.511
370.306
480.828
376.996
232.178
225.168
201.504
269.516
281.598
354.706
378.896
564.146
1046.46
1280.51
1630.75
293.588
1550.91
291.595
1301.43
709.743
653.292
1391.33
800.277
890.623
1447.34
344.351
216.722
257.018
465.465
327.168
459.421
643.558
294.02
2440.17
1171.92
1607.6
983.191
2478.63
1543.24
289.073
1552.05
293.856
882.151
1188.14
1514.89
1476.57
547.797
319.23
300.682
909.858
564.95
600.549
942.331
628.204
545.842
316.412
694.843
953.703
1027.5
600.944
496.595
1013.86
531.71
1180.47
694.196
733.886
1207.03
531.302
1123.39
647.657
845.51
1224.69
1313.79
739.365
806.059
1461.99
965.243
1042.5
1673.08
1274.15
1533.57
651.587
538.512
383.096
710.319
1221.99
1045.69
916.684
875.479
1135.43
643.23
857.739
1449.1
1296.04
1075.62
1602.59
1440.24
1061.23
1193.4
1961.77
1578.1
1670.01
1150.3
1218.06
1366.8
1310.03
1408.44
1438.55
1458.49
1132.83
1354.54
1439.26
1724.21
1440.34
1535.18
1048.81
1316.16
1399.58
1001.07
1032.25
1564.68
1331.62
1415.32
922.058
1296.11
1309.95
1373.09
1390.7
1682.67
1560.19
914.153
1259.22
1273.62
1274.12
1289.32
1529.6
1519.48
1134.78
1542.47
1598.61
1609.51
1405.27
1483.65
1307.81
1014.57
1486.27
1348.79
1505.09
1364.25
1581.03
1663.13
1394.09
1984.44
2111.77
1989.95
1657.2
1772.88
1789.93
1434.62
1563.6
1434.5
1465.55
1451.19
1465.75
1396.57
1212.28
1855.96
1901.64
1554.68
1587.08
1910.14
2191.33
1398.1
1591.07
1477.53
1335.39
1465.6
1437.55
1211.85
1211.03
415.501
1145.91
376.017
1097.03
986.179
333.247
1795.53
1553.86
1676.65
1795.78
1232.26
1544.15
1595.25
1575.14
1752.79
1698.83
1787.04
1129.95
1429.81
1584.3
1565.45
1513.47
1523.28
1565.51
1213.06
1227.37
1552.17
1533.14
1532.28
1544.66
1560.59
1119.76
1546.16
1135.18
344.688
1573.15
1528.72
287.957
297.838
287.926
373.948
287.927
1583.38
1552.72
1560.21
1663
1527.43
2191.55
1432.36
600.943
1533.06
695.849
1153.54
215.686
1519.29
499.432
818.799
916.475
564.96
179.845
275.828
255.138
183.889
206.79
213.949
268.939
371.486
291.623
201.216
180.904
205.626
207.709
212.61
295.09
278.48
1687.38
705.356
1741.74
1088.26
1695.75
1198.43
449.204
1242.87
580.258
652.869
1259.87
669.475
768.376
1337.25
203.039
184.198
220.554
295.713
229.674
353.936
495.351
2527.9
1789.67
1133.58
2409.35
907.093
292.561
340.072
1545.42
1307.27
1001.31
705.839
652.033
315.522
407.119
526.409
360.885
284.983
601.346
914.219
526.655
969.849
601.639
316.752
404.381
629.183
954.61
1028.7
546.428
530.987
273.51
288.991
530.831
875.997
499.345
908.587
600.401
300.472
318.947
547.494
909.92
942.168
514.67
516.716
282.207
483.845
772.664
753.834
822.185
1108.5
932.17
1327.77
757.056
932.309
1587.78
1193.19
1432.25
1042.85
1370.45
806.061
965.571
1673.07
1274.89
1461.67
630.153
480.846
344.74
630.046
1179.91
818.8
1007.43
710.158
538.527
382.916
651.438
1221.76
1045.51
845.043
200.514
198.683
544.557
1048.52
904.533
187.069
229.171
1122.89
1260.21
268.668
175.431
182.044
176.821
174.601
180.755
278.618
495.326
192.552
204.464
200.158
188.228
201.943
201.547
183.118
187.027
184.552
190.645
177.86
185.725
182.82
179.517
859.24
1688.72
198.584
195.749
1288.84
753.59
271.565
443.211
476.482
925.537
943.272
450.983
459.207
980.948
173.966
179.241
182.857
175.684
174.814
179.86
171.82
211.917
179.427
182.515
200.487
183.977
199.855
179.434
213.099
190.157
183.454
181.521
203.33
201.603
179.829
178.641
174.892
179.611
174.921
180.512
178.618
175.472
187.793
177.157
186.12
180.401
178.284
176.041
176.241
1142.59
512.136
572.22
512.174
969.595
470.467
1048.49
1184.89
603.896
560.941
526.95
1017.01
496.159
1071.86
194.09
218.95
182.595
193.855
175.44
175.261
180.472
176.097
178.679
176.897
210.722
184.815
220.083
246.776
175.438
173.044
182.402
173.063
171.464
176.341
175.437
371.048
291.424
213.879
255.031
206.766
215.577
183.878
295.287
212.733
207.83
201.24
205.658
180.97
179.926
664.82
276.795
322.233
744.583
357.802
454.991
899.324
669.647
1337.52
768.375
1242.96
652.922
580.364
1153.62
354.081
295.711
229.772
275.852
220.584
184.244
203.039
250.945
320.194
218.732
442.341
276.936
353.249
589.518
320.786
207.308
181.922
239.355
207.269
320.606
496.366
1091.11
634.019
431.159
633.63
1297.6
887.787
1090.8
1023.13
849.9
543.501
695.712
1402.62
1019.3
1156.57
483.556
449.09
282.074
516.23
1108.14
772.378
821.628
984.145
1682.77
1296.32
1310.4
1391.52
922.706
1373.49
913.924
1529.33
1259.11
1273.42
1288.88
882.049
1273.89
1032.24
1315.88
1331.18
1399.17
1414.88
1563.91
1550.45
1049.46
1354.71
1440.87
1438.89
1535.12
1723.46
1593.69
1014.41
1580.85
1486.19
1504.84
1363.92
1188.06
1348.65
1177.61
920.421
1325
1555.54
1230.72
1470.79
1688.46
1418.48
733.893
1088.04
1423.01
1088.13
1418.58
1659.83
816.359
1468.31
1119.08
1505.05
1178.42
1443.7
1687.5
1212.81
1910.49
1856.17
1902.06
1587.95
1555.07
1607.6
1394.56
1984.7
1657.94
2111.44
1773.03
1989.76
2307.73
1134.5
1542
1404.83
1597.87
1483.02
1608.81
1657.09
1527.34
1177.34
1470.61
919.815
1555.53
1230.3
1324.65
1786.13
1574.88
1698.68
1750.98
1127.38
1541.35
1426.88
1560.13
1532.66
1544.17
1531.2
1117.38
1513.33
1133.89
1692.85
1387.45
1744.24
1678.32
1692.56
1457.55
1678.26
1658
1591.43
1574.7
1591.48
1021.4
1199.45
1581.71
1488.91
1573.26
1605.76
616.198
1116.92
1355.15
979.511
2133.5
2177.84
1900.49
2133.59
2546.79
2125.33
2440.18
2235.17
2133.27
1940.05
2137.01
2528.94
2050.8
2460.53
1670.73
1542.51
1595.42
1582.72
886.308
1093.63
1553.07
1630.53
1488.05
1605.16
1116.35
1354.5
978.355
615.246
1484.32
1705.81
1662
1735.96
1675.94
1433.2
1668.34
1696.4
1186.57
1523.17
1648.62
1683.32
1516.2
1687.55
1373.37
695.87
1157.97
1573.12
1725.92
1642.29
1422.79
721.556
1161.25
1181.41
1536.47
1553.77
1432.55
1411.18
292.699
807.453
305.776
1026.63
345.223
807.845
305.81
885.95
1092.99
1582.39
1670.37
1476.01
1595.04
1541.75
2049.06
2460.15
2136.62
2235.26
1940.36
2132.45
2477.86
455.273
1293.32
1126.5
908.385
1573.76
1579.2
1422.48
310.468
505.832
846.039
696.619
289.305
392.624
298.699
2212.94
1559.99
1913.93
2392.2
2043.34
2088.16
2477.07
1519.48
523.62
305.596
480.11
785.038
706.289
1210.22
1205.87
294.001
514.38
474.077
519.215
1192.12
478.518
1090.34
502.485
1089.74
290.841
334.959
675.542
334.834
288.577
509.926
291.384
288.283
318.6
293.559
287.985
706.632
964.191
1343.44
297.286
460.775
315.365
288.954
1495.49
307.161
788.86
1428.05
606.881
1342.23
1735.69
554.217
289.826
402.225
392.288
333.243
1235.72
963.425
289.978
289.884
402.148
335.215
338.052
983.2
964.378
344.837
287.985
288.579
510.516
288.285
318.759
291.399
2111.77
524.172
2282.86
2213.94
1593.95
1493.09
2549.37
1175
353.993
291.933
337.757
467.371
431.064
989.696
613.437
2010.1
1255.99
1601.94
869.37
1890.5
2444.9
373.036
288.304
289.252
322.077
298.621
699.325
925.679
288.177
294.142
462.485
287.929
288.035
290.177
287.996
288.435
295.432
287.926
287.931
288.004
288.434
287.931
287.951
288.029
290.195
288.227
287.926
287.938
287.929
1258.91
658.052
822.84
800.186
740.097
679.171
691.141
690.202
668.105
662.229
668.054
1148.91
1149
1160.91
1141.66
702.748
674.847
681.493
1157.21
1162.08
1151.5
1173.28
793.958
724.644
704.366
1181.62
1258.49
1197.32
1242.28
833.783
743.315
714.99
1186.6
1263.88
1244.9
1206.18
1244.99
742.194
1244.98
731.639
1255.85
740.332
1232.17
1233.64
692.883
703.284
1226.59
710.549
1223.51
1235.89
636.75
684.176
1253.48
1254.39
663.755
709.581
1265.17
1263.39
676.164
1272.34
720.77
1269.88
730.084
1272.45
176.751
177.796
247.664
351.855
906.55
248.238
212.479
681.7
189.026
176.816
186.61
176.364
186.687
175.968
188.312
191.892
191.569
176.097
177.692
187.946
176.139
198.235
177.532
208.557
176.928
195.872
176.26
176.289
194.1
238.557
224.493
360.705
394.37
226.597
234.828
408.341
440.199
248.43
385.383
519.915
232.921
445.155
270.45
223.059
187.375
180.076
200.942
179.7
177.165
213.345
189.401
180.607
382.811
334.202
187.906
393.225
179.04
330.998
187.213
179.217
186.993
183.278
181.154
188.141
186.632
185.37
181.034
186.411
186.377
183.455
181.012
187.748
178.494
189.836
177.512
187.304
177.665
179.194
187.161
176.071
188.409
177.815
176.748
185.522
186.369
178.74
220.628
220.988
339.804
328.002
220.494
331.37
222.028
326.678
219.505
219.284
219.249
324.061
219.601
326.644
233.342
399.63
237.381
223.781
357.209
345.451
226.233
234.574
379.26
231.919
348.904
223.384
222.312
340.995
648.102
326.622
312.134
264.64
481.111
258.076
502.619
765.583
454.81
366.534
282.101
669.67
558.426
324.149
1021.32
545.77
277.785
201.314
1707.16
717.698
1086.42
207.763
182.29
178.765
180.449
188.19
213.292
222.679
247.192
483.146
194.398
187.904
1220.84
486.59
195.232
930.232
251.95
176.526
177.986
194.129
178.138
179.384
207.669
210.017
179.02
196.645
178.484
180.652
180.571
208.959
212.52
259.027
460.124
253.533
301.957
652.24
315.184
615.504
226.416
219.601
186.878
241.691
368.121
249.574
342.104
653.026
317.039
261.562
462.472
254.897
303.295
617.051
229.621
370.412
190.736
221.2
188.238
243.055
343.91
263.271
312.576
185.132
207.925
239.828
311.309
471.961
741.074
356.875
279.175
661.903
321.582
446.357
891.403
253.588
440.702
198.947
316.267
220.116
345.764
578.844
429.106
929.869
738.998
1191.9
460.24
886.427
692.766
461.018
1223.69
740.271
430.58
1193.73
887.824
694.554
1077.9
465.54
422.44
274.666
494.894
797.603
736.193
619.443
853.408
423.073
614.704
1286.5
1081.11
862.714
538.942
1290.99
846.736
682.035
1402.4
1010.4
1152.06
1453.44
896.448
1555.84
1517.14
1216.45
1315.08
1153.74
1442.98
1476.07
288.029
292.258
306.858
378.339
1658.04
1436.54
418.813
554.09
974.413
1511.65
945.932
295.122
294.66
1477.24
942.628
1158.29
1131.55
1338.63
1325.39
1414.78
1422.77
979.867
1161.28
1133.39
1341.25
1326.24
1414.57
1424.13
1371.21
1051.67
1221.31
1155.57
1312.14
1413.49
1466.97
1522.35
1349.24
1329.38
1475.6
1397.65
1474.21
1418.95
1527.25
1406.52
1351.79
1513.03
1330.59
1475.05
1418.72
1284.75
1568.51
1434.69
1471.88
1456.6
1480.59
1426.4
544.61
1155.5
1236.23
570.594
1247.97
1174.66
439.288
577.123
1244.85
1253.41
1178.87
420.151
1159.11
441.833
1560.04
1360.35
1401.54
1608.78
1482.05
1459.27
1262.06
489.104
1100.54
1205.08
414.183
1143
999.887
337.149
1582.15
1574.79
1642.85
725.867
1397.64
1067.34
1200.91
325.595
949.145
611.247
979.896
296.641
332.77
643.174
982.508
324.548
600.197
296.573
945.19
333.006
642.645
346.198
813.508
1026.21
833.657
293.948
308.477
600.557
312.623
863.803
530.199
729.255
289.757
300.692
419.993
297.55
554.856
288.459
288.911
292.608
333.098
370.601
703.528
989.53
287.936
1343.06
1649.39
463.155
288.093
414.577
1495.32
1118.98
1484.32
1539.01
1602.23
291.115
568.239
755.466
755.436
939.79
950.963
1152.84
1308.96
311.573
287.926
1510.87
288.057
1741.82
1162.59
288.093
816.206
1443.6
1178.24
1468.51
1198.69
1505.33
1687.86
1512.13
965.543
288.229
288.258
287.927
287.971
287.926
1654.42
1529.46
1198.66
1611.64
1335.86
1598.89
1636.46
1679.29
1190.22
1494.31
1629.51
1343.47
1603.97
1669.88
288.054
2212.2
327.552
288.059
289.452
287.926
287.926
287.949
478.067
288.054
288.688
292.015
287.926
287.926
288.29
712.108
1586.58
1701.58
287.935
310.745
287.926
291.175
1687.85
1683.85
1516.25
1696.28
1187.76
1697.07
1523.91
1694.26
1688.84
1537.33
1702.15
1169.81
1693.49
1552.4
1668.44
1662.05
1433.22
1676.17
1736.37
1706
1484.72
1692.85
1693.77
1536.77
1601.68
1688.26
1552.18
1169.16
722.126
1670.19
1430.43
1669.83
476.899
1284.85
1237.88
1573.55
1258.88
920.594
1046.82
713.84
413.18
331.265
1518.02
478.645
1208.95
523.064
783.986
305.456
293.981
308.58
288.012
287.926
287.926
288.077
287.926
287.926
705.799
1495.74
1736.06
607.894
1428.85
789.514
307.222
287.93
287.926
287.926
287.926
287.926
287.928
287.926
796.511
1372.31
1707.46
602.652
1372.49
796.747
312.396
1684.06
552.146
1388.6
482.628
1311.01
712.751
300.24
1205.32
472.906
1191.02
513.985
519.089
293.994
293.829
1310.55
482.307
1387.81
1683.59
1161.96
300.202
551.469
1250.55
440.358
880.859
322.973
914.103
445.201
291.098
337.731
430.961
1174.73
353.987
467.358
291.933
289.073
1587.06
441.045
323.049
445.715
1251.49
914.231
881.464
1344.52
315.527
374.452
707.598
461.592
297.334
288.961
1490.32
2549.05
2111.04
2282.36
1593.05
522.732
1169.55
884.234
507.415
1371.66
302.919
785.15
376.657
289.103
1662.57
915.382
1495.21
646.923
340.333
1651.15
1578.02
1478.8
345.472
648.086
317.964
600.233
591.484
1011.05
1061.54
315.393
642.722
597.174
634.835
586.23
1005.96
1050.95
287.926
1484.79
1653.79
1463.03
1114.37
1072.98
1416.24
1443.07
1104.58
1464.2
1049.72
1410.19
1684.17
1441.33
1672.73
1460.19
1433.58
1652.05
1478.19
1109.55
1070.11
1412.11
1672.05
1087.56
1427.95
1457.73
1042.39
1404.59
1669.19
288.633
318.714
1604.36
316.201
1601.26
288.573
287.928
1602.77
1389.07
1069.95
1415.53
1105.71
566.02
527.423
1594.41
1414.24
1371.8
1051.97
1104.58
563.472
510.701
1540.28
975.543
1562.94
1660.59
1588.7
1671.95
1610.62
898.58
975.654
1562.38
1660.69
1526.38
1657.38
1610.25
768.742
328.505
821.504
306.01
288.354
302.009
288.5
328.099
819.556
748.658
305.745
288.316
300.728
288.492
293.851
300.711
595.146
291.209
407.577
289.531
287.968
341.306
288.812
353.232
293.04
287.975
291.917
287.989
287.97
291.52
336.993
288.798
352.402
292.948
287.988
287.947
289.609
314.269
288.041
297.976
288.443
287.932
297.859
288.036
290.187
294.176
288.178
287.996
287.929
835.574
288.458
318.711
318.75
287.938
288.571
288.459
296.59
294.236
570.933
308.617
287.933
288.346
288.233
298.135
297.523
648.362
309.078
287.932
288.248
288.292
309.005
647.441
298.082
288.247
287.932
297.48
288.092
287.968
289.083
375.231
287.928
288.087
292.755
287.986
570.723
294.227
288.233
296.586
288.346
288.057
287.933
294.888
288.248
308.492
288.247
287.928
287.931
288.053
292.693
1241.81
563.272
292.676
288.398
287.988
327.427
298.735
287.987
291.886
288.165
287.927
287.929
288.026
300.248
940.933
426.949
291.175
288.161
287.959
314.882
288.056
294.662
294.823
288.056
287.929
288.053
287.929
287.99
287.988
291.87
288.029
287.928
288.027
287.928
288.516
288.357
318.935
290.517
287.926
287.961
287.975
287.929
287.951
290.209
288.03
287.926
287.938
287.927
290.232
288.432
311.095
288.208
287.926
287.954
287.933
289.238
288.009
292.5
288.009
287.926
287.927
287.949
290.597
287.937
287.967
287.992
287.926
287.927
287.944
287.926
287.934
287.932
288.157
287.928
288.102
287.929
287.926
287.926
287.934
287.931
288.085
288.153
287.929
288.468
287.935
287.926
287.926
287.938
287.926
287.926
287.926
287.928
287.997
287.945
287.926
287.926
287.926
287.928
287.926
287.934
287.926
287.928
287.926
287.926
287.926
288.235
287.934
287.926
287.934
287.926
287.926
288.06
287.926
287.931
287.926
287.927
287.926
287.926
288.469
287.926
287.926
287.926
287.938
287.935
287.936
287.926
287.931
287.926
288.056
287.926
287.928
287.928
287.927
287.926
287.93
287.926
287.928
287.926
287.926
287.926
287.927
287.926
287.95
287.926
287.927
287.926
287.978
287.931
287.93
287.926
287.926
287.927
288.322
287.927
287.926
287.95
287.926
287.927
287.926
287.926
287.929
287.926
287.926
287.926
287.926
287.926
287.926
287.931
287.926
287.926
287.926
287.926
287.926
287.928
287.928
287.926
287.926
287.926
287.928
287.926
287.926
287.927
287.926
287.926
287.926
287.926
287.926
287.926
287.926
287.926
287.926
287.926
287.926
287.926
287.926
287.926
287.926
287.926
287.926
287.926
287.926
287.926
287.926
287.926
287.926
287.926
287.926
287.926
287.926
287.926
287.926
287.926
287.926
287.926
287.926
287.926
)
;

boundaryField
{
    ground
    {
        type            zeroGradient;
    }
    outlet
    {
        type            zeroGradient;
    }
    wall
    {
        type            zeroGradient;
    }
    wall2
    {
        type            zeroGradient;
    }
    wall3
    {
        type            zeroGradient;
    }
    internalPatch
    {
        type            internal;
    }
    procBoundary4to0
    {
        type            processor;
        value           nonuniform List<scalar> 
476
(
287.926
287.926
287.926
287.926
287.926
287.926
287.926
287.926
287.926
287.926
287.926
287.926
287.926
287.926
287.926
287.926
287.926
287.926
287.926
287.926
287.926
287.926
287.926
287.926
287.926
287.926
287.926
287.926
287.926
287.926
287.926
287.926
287.926
287.926
287.926
287.926
287.926
287.926
287.926
287.926
287.926
287.926
287.926
287.926
287.94
288.407
287.933
288.088
287.928
287.926
287.926
287.926
287.926
287.926
287.926
287.926
287.926
287.926
287.926
287.926
287.926
287.926
287.926
287.926
287.926
287.926
287.926
287.926
287.926
287.926
287.926
287.926
287.926
287.926
287.926
287.926
287.946
289.57
408.975
1242.55
1677.33
1607.7
1346.93
1075.91
858.74
738.179
703.046
769.614
921.531
1317.81
1800.99
1702.65
1631.58
1590.19
1572.93
1571.69
1596.83
1661.77
1790.37
1998.78
2241.77
2426.08
2437.46
1988.89
780.349
297.828
294.808
575.604
1671.78
2289.97
2289.97
1240.31
317.508
288.167
287.963
288.348
290.912
300.396
291.204
288.917
288.69
288.746
288.662
288.334
288.037
288.904
358.278
1124.69
1628.84
1628.84
1376.36
666.221
300.823
288.125
287.929
287.926
287.926
287.926
287.926
287.926
287.926
287.926
287.926
287.935
287.927
287.98
287.929
288.085
287.932
287.926
287.926
287.926
287.926
287.943
288.69
315.848
687.634
300.193
448.939
290.391
287.956
287.926
287.929
287.926
287.926
287.926
287.926
287.926
287.926
287.926
287.926
287.926
287.926
287.926
287.926
287.926
287.926
287.926
287.926
287.926
287.984
292.755
557.472
1398.72
1666.9
1501.78
1197.31
879.045
645.019
534.366
501.801
550.854
701.467
1154
1046.85
989.938
971.1
990.31
1053.87
1185.25
1395.39
1668.62
1935.8
2083.11
1949.28
1273.43
379.878
289.193
288.848
334.485
955.447
1701.51
1701.51
635.682
293.11
287.974
287.935
288.03
288.647
288.153
288.108
288.125
288.114
288.032
287.954
288.181
307.665
843.726
1566.99
1566.99
1152.25
443.576
291.379
287.979
287.927
287.926
288.489
317.389
290.76
383.351
293.856
288.142
287.932
287.926
287.926
287.937
288.54
317.083
776.083
1422.89
1696.04
1262.06
1573.22
862.355
309.448
288.189
289.235
287.942
287.926
287.926
287.926
287.926
287.926
287.928
287.928
287.927
288.037
296.958
671.405
1474.17
1652.85
1436.98
1094.89
746.303
525.513
428.391
400
435.284
575.57
517.233
503.934
538.761
636.052
833.386
1126.27
1437.33
1680.2
1720.75
1371.24
611.546
297.661
288.082
288.048
293.472
454.738
1111.95
1111.95
353.666
288.779
287.937
287.928
287.957
287.952
287.956
287.956
287.943
287.931
287.967
291.238
498.255
1360.48
1360.48
771.848
898.015
391.386
292.262
288.046
287.929
287.93
288.15
300.481
637.035
1361.51
1698.46
1691.72
1531.91
1692.97
1595.67
1650.14
1193.16
386.794
536.743
292.202
287.978
287.926
287.927
288.033
288.071
288.071
299.478
719.854
1497.74
1644.97
1410.58
1047.29
689.17
477.96
388.078
360.856
387.853
381.222
416.745
517.935
725.001
1038.29
1347.29
1565.43
1556.98
1159.23
487.588
293.598
288.034
288.013
291.336
388.978
935.773
935.773
329.479
288.546
287.935
287.928
287.929
287.929
287.927
287.926
287.93
288.226
312.163
898.015
732.16
732.16
322.8
288.962
287.952
287.959
289.824
378.947
1051.81
1581.84
1678.82
1540.04
1306.73
1077.04
1342.58
1192.06
1492.4
1651
1375.11
1465.32
663.304
296.602
299.447
719.587
1496.9
1642.26
1407.44
1045.16
687.908
476.928
386.389
358.052
391.718
486.521
683.849
992.708
1308.97
1528
1541.87
1184.04
515.061
294.92
288.062
288.034
292.108
406.252
965.916
965.916
337.112
288.673
287.937
287.938
287.934
287.928
288.082
300.373
326.506
951.41
951.41
390.154
291.391
288.013
288.038
294.106
508.488
1215.73
1601.62
1602.53
1406.04
1136.38
858.241
641.237
876.889
743.663
1090.41
1429.62
1644.12
522.704
423.339
525.616
729.176
1030.33
1330.79
1548.86
1571.92
1228.71
548.388
296.43
288.089
288.054
292.904
423.839
1002.83
1002.83
343.493
288.759
288.467
)
;
    }
    procBoundary4to1
    {
        type            processor;
        value           nonuniform List<scalar> 
283
(
287.926
287.926
287.926
287.937
287.926
287.926
287.926
287.926
287.926
287.926
287.932
294.992
348.182
536.766
764.177
764.177
1514.04
1700.77
1560.74
1342.58
1163.29
1038.26
990.338
1033.32
1142.84
1478
1921.38
1662.43
1452.76
1300.61
1300.61
1386.81
1484.74
1597.99
1581.54
1463.85
1355.83
1241.2
1241.2
1371.03
1507.25
1687.04
1177.98
769.392
624.79
565.067
593.709
698.149
900.614
1188.24
1500.92
1709.35
1561.92
757.018
299.675
288.057
287.927
287.926
287.926
287.926
287.926
287.926
287.926
287.926
287.926
287.926
287.926
287.926
287.927
288.057
300.152
288.925
287.979
287.928
287.926
287.93
288.259
561.985
1006.68
1310.65
1466.15
1466.15
1690.43
1510.98
1211.28
900.68
664.061
546.091
505.714
538.533
664.495
1106.19
840.1
685.713
685.713
763.378
885.676
1071.44
1049.05
851.698
722.529
629.612
629.612
740.07
908.636
447.174
325.499
296.941
312.385
371.422
520.649
796.349
1167.68
1511.98
1697.59
1380.95
489.154
290.725
287.957
287.926
287.926
287.926
287.926
287.926
287.926
287.926
287.972
287.937
288.824
364.037
1181.83
782.924
378.354
293.06
288.091
302.789
1340.7
1604.2
1675.58
1675.16
1675.16
1506.68
1164.4
769.473
478.049
335.654
287.985
274.657
286.211
381.922
265.828
265.828
314.609
431.14
672.847
649.55
392.963
273.95
226.795
226.795
288.831
219.155
209.627
213.66
228.523
285.853
464.249
801.405
1223.14
1554.84
1621.09
1010.24
323.572
288.349
287.931
287.972
287.926
291.832
291.832
524.038
1368.25
1577.33
1652.09
1604.96
1244.74
602.926
1723
1714.62
1625.17
1537.84
1537.84
1203.06
758.935
418.919
264.542
222.051
209.68
206.138
210.615
210.615
238.413
321.152
553.836
531.183
288.629
211.61
188.075
188.075
183.508
184.126
186.587
203.109
274.521
498.471
905.135
1320.59
1577.33
1368.25
524.038
1320.59
1517.36
1700.51
1760.67
1723
1714.62
1625.17
1537.84
1203.06
758.935
418.919
264.542
222.051
209.68
206.138
229.756
299.148
506.158
482.237
268.946
203.326
183.508
184.126
186.587
203.109
274.521
498.471
905.135
1156.5
1432.93
1689.16
1703.7
1514.98
1337.85
936.038
566.487
345.115
261.383
236.923
316.689
534.914
507.484
279.261
206.405
218.503
264.835
422.189
737.645
1050.32
1384.79
1426.3
1166.56
801.988
529.048
378.23
633.712
597.911
325.522
450.403
689.177
1047.34
1096.22
820.691
775.946
)
;
    }
    procBoundary4to2
    {
        type            processor;
        value           nonuniform List<scalar> 
48
(
294.521
601.287
1185.4
379.081
289.231
288.011
287.929
288.145
303.55
757.611
1444.93
1668.45
1620.48
1475.24
676.228
298.249
320.458
345.095
355.901
361.563
425.629
768.861
1299.47
2354.64
2498.97
2248.97
1855.46
1568.62
1461.88
1425.85
1449.5
1520.23
1548.09
915.239
1026.29
1055.05
1082.16
1303.41
1827.88
2105.67
1752.39
1585.08
1543.87
1548.53
308.278
288.263
287.931
287.926
)
;
    }
    procBoundary4to3
    {
        type            processor;
        value           nonuniform List<scalar> 
758
(
287.926
287.926
287.926
287.926
287.926
287.926
287.926
287.926
287.926
287.926
287.926
287.926
287.926
287.926
287.926
287.926
287.926
287.926
287.926
287.926
287.926
287.926
287.926
287.926
287.926
287.926
287.926
287.926
287.926
287.926
287.926
287.926
287.926
287.926
287.926
287.926
287.926
287.926
287.926
287.926
287.926
287.926
287.926
287.926
287.926
287.926
287.926
287.926
287.926
287.926
287.926
287.926
287.926
287.926
287.926
287.935
287.927
287.927
287.926
287.926
287.926
287.926
287.926
287.926
287.926
287.926
287.926
287.926
287.926
287.926
287.926
287.926
287.926
287.926
287.931
287.931
288.06
287.927
287.926
287.926
287.926
287.926
287.926
287.927
287.926
287.926
287.926
287.926
287.927
287.927
287.926
287.926
287.926
287.926
287.926
287.927
287.99
287.99
287.935
287.926
287.926
287.926
287.926
287.926
287.926
287.926
287.926
287.926
287.926
287.926
287.926
287.926
287.926
287.926
287.926
287.926
287.926
287.926
287.928
288.06
290.218
290.218
287.954
287.926
287.926
287.926
287.926
287.926
287.934
287.934
287.927
287.926
287.926
287.926
287.926
287.926
287.926
287.93
287.93
287.926
287.926
287.926
287.926
287.926
287.93
288.191
288.191
287.931
287.927
287.926
287.926
287.926
287.926
287.926
287.926
287.926
287.926
287.926
287.926
287.926
287.926
287.926
287.926
287.926
287.926
287.926
287.926
287.926
287.926
287.926
287.926
287.926
287.926
287.926
287.926
287.926
287.926
287.927
287.971
288.431
311.006
311.006
288.206
287.929
287.926
287.926
287.926
287.93
287.966
287.966
287.926
287.926
287.926
287.926
287.926
287.926
287.926
287.926
287.926
287.934
287.934
287.926
287.926
287.926
287.926
287.926
287.936
288.567
288.567
287.939
287.926
287.926
287.926
287.926
287.926
287.926
287.926
287.926
287.926
287.926
287.926
287.926
287.926
287.926
287.926
287.926
287.926
287.926
287.926
287.927
287.926
287.926
287.926
287.926
287.926
287.926
287.926
287.926
287.926
287.926
287.926
287.926
287.926
287.926
287.926
287.926
287.926
287.926
287.935
287.926
287.932
288.112
291.412
315.036
372.697
413.248
408.018
401.494
489.907
982.389
1657.03
937.515
370.219
291.521
288.023
287.928
287.926
287.926
287.926
287.926
287.931
288.325
288.325
287.93
287.926
287.926
287.926
287.926
287.926
287.932
288.021
288.893
294.349
311.883
346.036
378.353
383.84
364.244
307.795
292.736
290.778
290.644
290.119
289.052
288.24
287.967
287.929
287.926
287.926
287.926
287.926
287.94
288.622
288.622
288.253
288.019
287.943
287.927
287.926
287.926
287.926
287.926
287.926
287.926
287.926
287.926
287.926
287.926
287.926
287.926
287.926
287.926
287.926
287.926
287.926
287.926
287.926
287.926
287.926
287.926
287.926
287.926
287.926
287.926
287.926
287.926
287.926
287.926
287.926
287.926
287.926
287.926
287.932
287.926
287.926
287.926
287.926
287.926
287.926
287.926
287.926
287.926
287.926
287.926
287.926
287.926
287.926
287.926
287.926
287.926
287.926
287.926
287.926
287.926
287.926
287.936
288.611
288.47
288.246
288.064
287.928
287.926
287.926
287.926
287.926
287.926
287.926
287.926
287.926
287.926
287.926
287.926
287.926
287.926
287.938
287.938
287.927
287.926
287.926
287.926
287.926
287.94
288.874
288.874
287.945
287.926
287.926
287.926
287.926
287.926
287.926
287.926
287.926
287.926
287.926
287.926
287.926
287.926
287.926
287.926
287.926
287.926
287.926
287.926
287.926
287.926
287.928
287.928
287.927
287.926
287.926
287.926
287.926
287.926
287.926
287.926
287.926
287.926
287.926
287.926
287.926
287.926
287.926
287.941
288.206
290.433
296.89
301.471
300.7
299.801
311.2
461.173
300.767
288.427
287.941
287.926
287.926
287.926
287.926
287.926
287.926
287.979
287.979
287.926
287.926
287.926
287.926
287.926
287.926
287.927
287.944
288.125
289.205
293.554
302.77
311.635
313.276
294.588
292.063
291.951
291.182
289.568
288.374
287.985
287.93
287.926
287.926
287.926
287.926
287.945
288.883
288.883
287.941
287.937
287.931
287.927
287.926
287.926
287.926
287.926
287.926
287.926
287.926
287.926
287.926
287.926
287.926
287.926
287.926
287.926
287.926
287.926
287.926
287.926
287.926
287.926
287.926
287.926
287.926
287.926
287.926
287.926
287.926
287.926
287.926
287.926
287.926
287.926
287.926
287.926
287.926
287.926
287.926
287.926
287.926
287.926
287.926
287.926
287.926
287.926
287.926
287.926
287.926
287.926
287.926
287.926
287.926
287.926
287.926
287.926
287.934
287.93
287.926
287.926
287.926
287.926
287.926
287.926
287.926
287.926
287.926
287.926
287.926
287.926
287.926
287.926
287.926
287.926
287.926
287.938
287.938
287.927
287.926
287.926
287.926
287.926
287.926
287.926
287.926
287.926
287.926
287.926
287.926
287.928
287.928
287.931
287.926
287.926
287.926
287.926
287.926
287.926
287.926
287.926
287.926
287.926
287.926
287.926
287.926
287.926
287.926
287.926
287.926
287.926
287.926
287.926
287.926
287.926
287.926
287.926
287.926
287.926
287.926
287.926
287.926
287.926
287.926
287.926
287.926
287.935
287.935
287.926
287.926
287.926
287.926
287.926
287.926
287.926
287.926
287.931
287.926
287.926
287.926
287.926
287.926
287.926
287.926
287.926
287.926
287.926
287.926
287.926
287.926
287.926
287.926
287.926
287.928
287.927
287.926
287.926
287.926
287.926
287.926
287.927
287.929
287.926
287.926
287.926
287.926
287.926
287.926
287.926
287.926
287.928
287.928
287.926
287.926
287.926
287.926
287.926
287.926
287.926
287.926
287.926
287.926
287.931
287.926
287.941
287.926
288.059
288.403
288.671
288.633
288.587
289.269
287.98
287.927
287.926
287.926
287.926
287.926
287.926
287.926
287.931
287.931
287.926
287.926
287.926
287.926
287.926
287.926
287.926
287.929
287.965
288.203
289.137
291.485
294.102
291.851
291.834
291.182
289.592
288.381
287.986
287.93
287.966
287.942
287.93
287.957
287.931
287.944
287.956
287.955
287.929
287.928
287.926
287.926
287.926
287.926
287.926
287.926
287.926
287.928
287.928
287.926
287.926
287.926
287.926
287.926
287.926
287.926
287.927
287.927
287.957
287.945
287.956
287.954
287.927
287.926
287.926
287.926
287.926
287.953
288.114
288.728
290.223
290.275
289.986
289.034
288.238
288.055
288.381
288.042
288.124
288.128
288.767
288.715
287.926
)
;
    }
    procBoundary4to5
    {
        type            processor;
        value           nonuniform List<scalar> 
714
(
1630.14
1438.64
1126.07
1481.8
1556.1
1292.11
663.37
1465.52
1644.48
1429.7
1062.75
657.33
376.568
762.782
1235.78
1513.26
1328.66
953.234
447.707
296.607
288.193
307.64
817.16
1529.22
1655.21
1475.03
1089.94
642.099
344.01
224.382
184.433
250.521
477.186
957.75
1358.72
1439.23
850.844
525.995
320.543
290.269
288.033
287.929
287.926
287.927
287.955
288.358
292.348
287.985
287.927
287.926
287.926
287.926
287.926
287.926
287.926
287.926
287.926
287.926
287.926
287.926
287.926
287.926
287.926
287.926
287.926
287.926
287.926
287.97
290.728
441.724
420.045
375.844
333.117
333.117
298.663
289.299
288.041
287.932
288.441
331.201
1046.73
1636.11
1238.3
477.382
292.12
287.991
291.081
383.174
878.509
1275.15
1404.84
1424.93
1406.6
1423.05
1603.9
2026.07
2436.08
2287.81
1961.06
1669.27
1446.53
1300.76
1184.5
1071.77
981.11
925.777
899.012
888.303
885.469
884.332
885.651
888.501
888.501
882.105
884.378
874.064
855.772
837.386
814.985
815.192
827.634
862.145
930.35
1033.77
1167.13
1336.58
1571.86
1855.97
2193.4
2432.66
2265.3
1189.01
726.111
451.718
404.762
409.207
396.603
350.283
306.767
804.465
1520.91
1558.59
1230.12
742.718
374.745
226.104
180.798
168.342
169.964
173.257
208.479
323.312
679.771
1177.14
1407.77
1084.19
379.899
312.779
288.298
287.932
287.926
287.926
287.927
287.929
287.931
287.933
287.933
287.933
287.934
287.934
287.934
287.933
287.931
287.928
288.056
295.71
576.614
553.645
494.908
415.293
415.293
1145.6
985.592
696.002
392.301
297.944
713.301
1511.63
1611.23
1335.71
1598.39
1669.54
1285.73
469.193
1190.37
1587.35
1619.79
1564.63
1516.24
1499.29
1535.2
1651.65
1928.88
1577.92
1193.59
890.662
709.51
603.643
526.791
476.495
451.071
440.997
437.704
437.102
436.063
435.749
436.816
436.816
432.43
423.086
505.706
483.086
477.807
490.038
398.609
398.628
398.4
401.448
414.288
446.672
505.386
595.51
735.821
990.264
1373.86
1776.66
2031.12
1759.83
1314.55
1170.35
1166
1158.14
1060.77
1554.53
1434.86
1012.07
521.71
272.238
196.412
172.601
169.939
174.474
178.766
173.439
172.204
192.108
261.702
502.196
1001.31
1335.83
1187.53
494.527
292.623
289.482
287.951
288.003
288.094
288.193
288.258
288.287
288.287
288.316
288.318
288.322
288.29
288.184
302.042
675.423
657.415
602.906
518.515
518.515
1219.61
1345.72
1408.45
1458.32
1437.08
1211.17
1590.67
1402.69
1019.72
590.001
939.781
1308.43
1603.29
1669.73
1628.72
1448.1
1295.37
1206.85
1180.55
1224.66
1313.8
846.26
481.558
300.328
229.332
203.393
200.2
201.968
204.055
207.009
210.659
212.631
211.523
208.499
208.499
210.303
206.323
207.455
204.323
270.98
254.023
252.633
263.876
200.949
200.727
197.147
197.12
194.16
188.665
184.484
184.404
190.92
225.455
310.895
538.492
994.291
1467.09
1694.52
1557.88
1526.55
1541.01
1352.69
868.662
422.586
241.555
187.496
171.114
171.048
176.485
182.068
188.15
183.526
176.721
172.148
185.504
235.822
408.519
853.718
1262.67
1225.66
591.8
297.435
302.042
304.899
306.137
306.137
307.478
307.456
307.781
306.711
729.445
720.317
679.589
603.28
603.28
1256.91
1293.55
894.544
1008.77
1150.54
1310.33
1477.57
1156.99
696.464
353.682
218.837
320.385
568.249
950.372
1342.59
1074.79
857.306
733.889
694.501
740.01
377.378
232.854
190.155
179.801
183.092
188.214
193.058
197.736
200.95
199.445
201.132
200.816
198.56
199.702
199.702
198.831
201.73
203.093
199.746
199.024
197.766
197.469
199.343
198.428
196.908
195.968
194.23
191.73
197.543
194.701
189.652
189.695
183.268
177.297
171.739
170.671
185.855
238.271
416.328
863.751
1361.08
1321.62
815.108
391.146
231.627
184.331
170.441
171.533
177.994
184.409
190.998
191.703
193.745
188.664
181.12
173.422
183.479
224.033
360.403
755.115
1204.99
1233.58
653.864
682.273
693.287
693.287
705.112
703.384
710.429
729.445
720.317
679.589
603.28
1256.91
1293.55
894.544
433.452
433.452
515.055
665.188
899.971
455.533
246.948
184.886
171.837
180.491
218.955
344.289
643.132
459.168
378.724
354.651
225.055
186.014
176.149
179.473
185.718
191.061
196.177
200.024
200.667
200.44
200.936
200.62
199.828
200.339
199.706
199.706
201.675
200.996
201.089
201.97
201.765
201.185
201.121
200.937
200.527
199.697
197.719
199.411
197.96
195.361
193.608
194.289
196.078
196.981
200.222
196.627
191.775
193.551
186.222
176.564
184.045
219.964
339.471
705.026
1170.08
1227.16
1225.06
1225.06
1223.21
1223.55
1233.69
1263.26
1269.75
1272.1
1235.19
785.073
375
229.353
244.361
244.361
267.281
322.414
210.79
176.931
174.837
179.869
175.681
175.226
193.791
256.892
232.052
187.706
175.978
177.835
182.816
187.112
191.852
196.384
199.122
198.227
200.503
201.309
201.091
200.399
198.113
199.126
196.528
196.528
199.572
198.741
202.653
201.729
202.616
202.34
203.068
202.626
202.491
202.249
201.553
201.883
199.843
198.562
199.504
197.742
197.03
201.1
198.155
191.83
190.249
179.623
185.807
219.848
332.804
687.663
1158.51
1158.51
1148.33
1151.33
1157.21
1181.88
1197.5
724.918
349.023
223.435
185.557
186.102
189.572
189.572
195.715
175.647
176.691
182.701
186.277
190.498
193.599
193.82
191.13
191.13
194.175
196.854
196.25
201.188
204.855
202.645
202.528
202.581
203.026
202.665
202.169
201.117
199.532
200.405
200.165
198.248
196.035
196.443
191.17
191.17
179.623
185.807
219.848
332.804
687.663
673.499
674.601
681.316
704.67
341.132
222.386
186.428
178.787
176.781
174.968
174.999
174.999
178.721
182.177
185.108
185.573
183.305
183.305
185.991
189.14
189.14
191.997
189.145
191.019
182.785
187.411
219.849
327.311
327.899
331.298
220.628
187.223
181.177
192.063
189.617
185.693
182.177
185.108
185.573
183.305
185.991
188.979
188.811
192.064
191.557
191.441
191.873
192.02
183.274
188.127
220.462
191.553
189.41
193.95
200.005
202.734
199.783
200.64
200.96
200.801
200.717
198.869
)
;
    }
}


// ************************************************************************* //
