/*--------------------------------*- C++ -*----------------------------------*\
  =========                 |
  \\      /  F ield         | OpenFOAM: The Open Source CFD Toolbox
   \\    /   O peration     | Website:  https://openfoam.org
    \\  /    A nd           | Version:  9
     \\/     M anipulation  |
\*---------------------------------------------------------------------------*/
FoamFile
{
    format      ascii;
    class       volScalarField;
    location    "0.00085";
    object      impulse;
}
// * * * * * * * * * * * * * * * * * * * * * * * * * * * * * * * * * * * * * //

dimensions      [1 -1 -1 0 0 0 0];

internalField   nonuniform List<scalar> 
7711
(
1873.66
4118.93
1759.65
530.947
1651.85
308.441
1645.41
376.433
683.377
951.162
1850.38
1771.03
827.649
713.599
1769.49
656.8
1314.75
1494.35
757.485
1088.12
773.636
787.008
574.004
525.33
918.4
437.39
716.702
563.865
435.741
379.832
468.656
534.141
352.795
505.407
364.812
484.509
1488.26
2779.08
3011.88
1893.11
1842.51
2705.85
1777.2
1190.13
2020.05
1265.06
929.626
874.59
1732.04
1229.14
1236.06
2326.38
1382.24
1021.29
1294.92
1819.99
887.755
1093.88
1218.87
739.608
751.074
1085.84
688.251
1045.6
634.418
628.84
1806.71
1727.55
708.564
1756.16
587.343
414.515
357.452
334.55
328.596
349.363
410.639
372.458
538.027
591.25
1700.8
1654.05
599.555
539.586
1707.54
574.691
1692.19
548.011
1661.53
544.173
1709.37
560.122
0.00138912
236.299
22.097
3.02642
1.45826e-06
241.74
221.769
16.5233
16.8473
2.05144e-05
1.98185
0.000426957
4.96763e-06
59.4956
477.549
400.254
317.828
564.56
62.6142
238.303
6.43649
252.208
205.101
255.169
13.8158
189.051
6.57672
1.34878e-05
50.3159
463.42
387.221
136.349
12.0433
443.09
227.821
4.51887
239.797
193.802
0.219378
1.49097
164.049
107.802
0.0111429
0.0113949
168.474
50.3198
9.20075
65.1735
0.791577
0.00667134
157.63
42.2029
0.000213674
0.0826116
88.0307
7.16765
312.901
319.662
407.368
330.231
234.604
242.055
322.555
405.178
321.129
408.904
331.729
239.507
327.438
243.53
224.598
258.239
230.24
150.055
171.829
178.358
144.218
258.965
226.285
230.544
150.181
174.904
145.545
179.105
565.799
575.561
485.575
401.505
451.546
393.621
460.248
480.709
573.979
486.467
402.317
451.881
396.762
459.487
188.854
193.648
210.219
133.388
112.936
117.327
128.494
205.918
193.538
210.306
133.27
112.946
128.908
117.135
300.177
281.528
368.577
220.354
308.587
288.431
199.842
546.127
518.309
443.279
434.433
379.378
359.041
410.286
212.54
220.682
193.675
158.341
131.546
112.568
138.473
61.3323
5.89197
0.0114331
97.2847
4.03437
398.613
192.224
0.000619568
6.02916e-05
2.23961
0.0434622
0.317285
126.668
74.0383
177.996
160.909
176.238
102.521
117.108
99.682
86.3377
4.0611e-06
0.0784183
2.05918
40.9615
2.84619
8.44218e-06
0.00395079
483.393
387.136
417.805
332.929
344.087
300.763
379.972
257.423
316.423
345.051
262.296
142.244
230.217
173.553
195.323
136.178
167.981
88.5312
83.4171
113.084
61.6755
173.156
138.885
143.565
92.5484
96.6784
69.0005
65.2062
92.4349
138.785
168.35
172.916
143.33
96.4689
68.8488
308.021
198.152
344.07
243.746
205.339
300.382
352.054
0.832261
1.78565e-06
0.00182766
4.35933e-05
0.0155119
56.3097
1.64201
201.182
345.543
303.45
308.787
243.892
206.071
351.886
137.383
121.966
152.203
77.2386
42.1559
52.1347
65.3628
140.547
128.072
110.942
82.8946
67.8876
56.5515
43.4865
236.96
131.058
142.204
64.173
137.633
148.893
229.511
146.657
134.984
234.027
238.338
65.1566
138.797
150.208
1.42934e-06
0.000219459
2.25846e-06
0.0293135
0.954932
0.798908
0.000280113
68.0436
13.2239
85.0631
24.7101
14.9088
90.2471
63.9359
183.962
328.758
286.022
265.114
199.922
163.103
306.726
65.1629
23.5218
87.7174
68.2358
25.1281
15.0623
90.9218
350.988
350.784
308.907
303.046
262.417
217.841
256.387
118.169
129.194
215.24
194.504
37.8361
99.6846
110.527
117.041
60.8214
87.8537
28.6051
48.7714
27.9755
13.43
9.71248
74.107
54.8017
41.651
10.4012
5.51588
58.5326
0.00125661
0.000744809
0.790142
0.000722652
13.7669
0.00119231
3.52258e-06
57.423
9.79652
43.5881
7.36847
11.0643
46.499
54.0111
43.8061
10.1092
54.543
57.4213
7.39931
11.1372
46.4639
281.647
150.764
240.168
107.036
192.107
148.78
70.5302
10.0134
0.000721627
2.41957e-06
1.40446e-06
1.65506e-05
0.514407
3.12215e-05
237.871
171.21
104.182
243.296
136.054
204.427
278.154
7.05777
36.6126
45.941
34.1588
2.32666
3.83322
26.4622
97.4865
54.0228
102.046
36.6441
9.08137
33.6626
10.4972
50.6012
33.7776
97.5602
53.9772
101.87
36.5766
10.4988
99.2339
85.5993
60.5888
52.2906
34.7705
13.0433
24.6923
86.8651
40.5603
50.6384
20.6772
27.8396
9.42488
6.02379
30.1489
3.56857
32.6576
16.7088
0.777458
0.94913
14.8982
205.713
299.177
260.821
167.013
143.514
111.211
203.147
167.793
24.1734
52.6083
62.0322
77.1025
135.866
87.4871
14.9984
3.082
30.2593
3.57998
32.6287
16.6982
0.951488
87.1066
30.55
71.1023
6.30693
27.1773
18.2053
3.21562
15.6451
43.2232
17.1583
5.05043
4.50352
0.699448
0.818215
24.4552
0.931637
16.4584
0.485307
11.1194
6.44632
0.225228
20.9718
0.820616
0.38722
6.19766
1.44056
9.49627
15.2724
26.6707
4.81508
0.602524
22.4022
2.23172
40.371
12.9484
69.8897
201.861
164.768
120.137
57.9576
37.5471
153.988
28.072
8.27678
35.7969
12.4767
3.40233
0.486327
0.268674
33.7794
27.1401
11.7473
12.4028
3.93984
2.58309
0.583651
17.7147
29.8823
50.9937
9.19066
0.263395
3.01561
1.09152
138.258
105.618
192.004
102.365
12.6223
57.2257
36.9889
18.8598
4.2675
10.0115
1.54539
0.343474
0.117043
0.0383792
3.27435e-07
0.124293
6.01288e-05
8.15436e-05
4.2974e-07
1.43948e-06
4.31721e-08
6.04408
46.2202
26.6239
2.37256
0.93455
0.214132
7.05593
0.319882
2.76326
8.33175
2.58486
0.0182955
0.0754891
0.646554
29.2358
36.9011
100.321
63.9418
0.794826
11.3266
16.2162
4.50181
0.119876
0.0138036
0.374248
0.147403
3.77789
0.462291
0.382159
0.122056
3.82926
4.50131
0.0138347
0.14757
0.463098
73.9293
52.5135
2.32578
24.9399
33.0976
13.434
102.104
3.8712
14.4153
20.308
1.45896
0.0692539
0.128455
0.789092
0.124044
8.63145
3.93704
0.625707
0.0510924
0.0179687
1.87251
14.0271
1.07295
15.675
0.955538
1.28506
0.0448198
0.0371227
15.6372
0.766511
1.02915
0.950609
1.27308
0.0444272
0.0356682
0.0727609
0.22728
2.43368
1.10878
0.00286067
0.0318
0.100002
0.0800808
1.46942
2.62346
0.392048
0.00628785
0.0116229
0.214129
3.32143
0.239938
0.287273
0.0764758
0.00758429
0.00631568
0.0907811
5.55095
0.462771
0.626545
0.280568
0.204568
0.0213617
0.00930223
1.03371
1.96228
0.157665
0.0511628
0.00201389
0.00410033
0.0264822
0.00343297
0.14924
0.130269
0.0183854
0.000557401
0.000475449
0.0215081
7.51206
0.182554
2.156
0.0243284
0.284511
0.0624129
0.00520623
12.2467
0.222699
2.66709
0.0476878
0.567473
0.0779012
0.00638016
3.65962
0.0734889
0.385844
0.0196023
0.0957801
0.00957551
0.00180102
0.0540948
0.00244885
0.0940252
0.0127342
0.00017519
0.00032617
0.00694426
31.2596
0.52641
0.251284
0.109419
9.13238
2.36763
4.20516
0.535897
0.00341981
0.121785
0.002166
0.0770725
0.0165158
0.000460865
2.09438
0.0222067
0.0921836
0.015563
0.0654474
0.00294413
0.000705357
0.360719
0.000895548
0.00246401
0.00754821
0.0102337
0.08909
0.0315356
0.417667
0.0083191
0.130263
0.000751187
0.0106357
0.00323285
0.000212854
0.0705138
0.0246923
0.00017501
0.00631096
0.00614404
0.00197818
0.245031
0.043613
0.000111254
0.00202667
0.00067617
0.00378631
0.00126402
0.0234171
0.000622384
0.0245564
0.00874776
7.42844e-05
0.0029408
0.000949271
2.56841e-05
0.0100388
0.0140866
0.00301999
0.00102466
0.000342354
0.000246474
2.71121e-05
0.0231288
0.022753
0.283846
0.00800323
5.91379e-05
0.000656129
0.000653354
5.43177e-05
0.0390739
0.00149742
0.0467539
0.0017096
0.00142218
6.39795e-05
0.0247167
0.000905325
0.0299765
0.00145685
4.14924e-05
0.00120382
4.9575e-05
0.000900719
0.023979
0.0298145
0.00144527
3.99936e-05
0.00115862
4.91655e-05
0.00147794
0.0372106
0.0461963
0.0016914
5.16885e-05
0.00135837
6.3123e-05
0.000692939
0.000227332
0.00820439
0.0017391
5.68206e-06
0.000146631
5.03835e-05
0.0143213
0.000181831
0.00617056
2.41593e-05
0.00068638
0.000293194
1.19428e-05
0.000434424
0.00134911
0.015998
0.0021515
7.82667e-06
6.0733e-05
0.000179494
0.00507235
0.00177702
0.029717
0.000739603
1.11233e-05
0.000129057
4.88867e-05
0.0225369
0.000320054
0.0100049
3.17903e-05
0.000811099
0.000351937
1.63233e-05
5.75503e-05
0.000480581
0.00234566
0.000233531
2.74306e-06
7.31692e-06
4.46446e-05
0.00196179
7.58529e-06
0.000196137
6.12418e-05
0.000163434
5.19319e-05
0.00233141
0.00130276
1.89909e-05
5.26313e-05
5.44254e-06
0.00010541
3.46195e-05
0.000669008
5.71466e-05
0.000455051
0.00191567
9.26456e-05
3.95747e-06
6.04893e-06
2.43431e-05
0.000106319
0.000792638
0.00323528
0.000112927
6.31877e-06
3.23565e-05
9.13209e-06
7.89345e-06
1.97244e-05
0.000260489
7.85416e-05
1.91265e-06
3.66696e-06
6.9271e-06
0.00119661
8.33182e-06
8.12148e-05
5.28735e-06
3.15691e-05
5.16555e-06
3.34159e-06
0.0210416
1.91437
9.92243
3.47274e-05
0.10292
3.67243
95.5579
12.1343
26.6988
12.8112
66.8279
86.7616
58.2475
22.0901
9.60844
58.8039
32.975
74.4295
46.6304
16.2197
5.99938
2.89669
37.0646
13.2998
0.539066
9.32516
29.9803
2.36537
0.31798
0.518294
0.0544028
0.0141766
0.0370489
1.32701
0.339567
0.0092072
2.12764
5.21557
21.1456
1.1856
0.0538691
0.149374
0.459902
0.00963442
0.356666
0.763676
0.183077
0.00199947
0.00485335
0.0777463
0.000366562
0.0141628
0.00269814
0.0630408
0.000210894
0.00163038
0.00828068
0.0307074
0.000297563
9.52817e-05
0.00133866
0.000783956
0.00379716
0.011812
111.566
183.302
281.659
340.441
140.241
64.2704
326.789
173.401
340.392
333.447
310.438
328.151
304.167
291.643
283.272
336.41
254.53
280.173
304.949
318.705
294.224
270.92
313.005
271.029
304.43
226.18
264.218
254.028
214.041
257.366
173.463
248.785
151.567
231.654
221.494
140.636
104.303
187.136
219.317
159.296
236.242
206.836
124.905
220.02
275.392
236.848
256.245
291.961
239.462
196.641
67.3162
149.727
196.327
184.521
56.8934
100.032
136.521
28.249
94.5691
144.993
167.538
43.3099
84.0037
118.043
24.7168
4.84512
25.966
50.6832
0.00260993
0.0293752
5.75801
7.59071
59.309
59.9124
187.246
186.977
32.2883
0.0277802
0.000647813
39.892
0.0112123
41.9854
0.0853452
0.00797585
15.1897
172.072
26.8924
0.0171738
10.7792
177.99
0.000677074
4.67403
183.55
247.49
250.794
193.587
197.59
125.327
121.525
182.183
250.576
246.236
192.419
197.404
125.122
120.339
237.218
223.323
181.999
165.717
156.284
110.098
94.2736
0.00227674
0.0033644
3.2795e-06
2.90486
144.831
0.000132637
1.19272
28.6089
120.089
98.2363
104.467
32.4753
81.6801
19.8979
2.15114
7.5821
0.283526
3.62402e-06
0.00330211
3.20425
0.00684222
0.000120413
1.14881
19.5278
0.0100517
3.11254e-06
0.386026
0.000234054
203.917
114.319
107.099
143.161
134.57
73.5946
49.9535
61.7436
11.1086
84.8531
21.6198
61.7299
11.1034
4.34556
33.108
49.603
103.015
35.0415
106.242
52.2046
8.44072
63.2988
126.001
130.991
62.435
15.0476
58.5622
16.9969
15.4425
59.4157
126.925
63.352
131.084
62.5819
17.0815
34.8361
105.983
101.767
51.9896
7.25889
48.6477
8.33932
72.0969
5.23714
43.8026
29.6729
55.6065
8.81419
2.31705
115.242
38.1029
98.5955
11.1509
50.2935
38.2156
6.41964
92.5287
19.3058
78.3096
5.21299
41.4453
31.0567
2.86824
105.071
80.6843
75.3599
46.2441
43.0417
26.7831
9.19313
151.969
218.872
12.3908
27.5926
2.66682
138.353
117.129
3.02961
242.879
221.453
187.028
196.094
159.91
158.793
130.377
189.149
124.187
163.948
83.7427
123.777
94.9002
57.2846
188.256
108.541
160.109
68.9089
119.515
89.7722
44.3099
48.8432
28.0741
88.0121
28.6148
88.0388
60.8861
13.4608
79.3506
44.4397
107.269
60.4012
37.5424
14.7091
5.34564
6.23537
84.3809
40.4526
21.5949
74.334
124.887
57.3037
0.0302523
0.156919
4.84205
0.0633609
2.2102
2.87877
1.09558
0.58284
2.57427
27.0888
3.94195
11.7323
56.2669
33.7854
19.5202
15.93
37.2274
3.75043
0.163491
1.0138
0.706953
23.684
51.6627
76.702
24.2791
0.662839
11.5012
2.57145
11.1987
39.622
60.0282
19.2945
0.320802
8.86329
1.12467
37.2453
3.75446
15.9415
5.76313
1.01456
0.707906
0.16368
0.264858
7.19802
1.10189
9.24996
17.809
51.1535
29.9509
0.00584026
0.00679075
1.89846e-06
3.11154e-06
0.000457397
1.5913e-07
2.91835e-06
62.7367
2.83605
3.07059
17.841
16.4939
1.43385
0.119595
0.00308721
0.0356908
0.0112043
0.416807
1.28485
0.41652
0.121505
0.962871
0.58566
12.7591
14.0849
0.0347258
0.684291
1.13986
13.972
0.0342209
0.914388
0.552271
12.3247
0.673288
1.12496
0.00154206
0.0040355
0.0184822
0.67874
0.154061
0.299231
0.0605031
27.2734
0.412427
9.09319
0.125008
3.30674
0.496099
0.0169525
20.2135
0.20103
6.40405
0.0685195
2.47752
0.386109
0.0105583
0.786083
44.5823
14.1251
2.06605
14.4816
0.808171
0.063054
0.566732
0.35185
9.08224
5.19609
0.00785267
0.261467
0.169052
0.0622745
0.283336
7.487
0.0242275
0.828692
0.182089
0.00519006
22.1667
0.741322
9.46605
0.109197
1.88939
0.416002
0.0229506
6.62805
0.147764
1.14949
0.0280294
0.195154
0.0280462
0.00358962
0.222769
0.00637615
0.0778882
0.568649
0.0477991
1.64605
12.2623
3.66265
0.0735662
0.799858
0.00958367
0.0958881
0.0196283
0.00180418
0.000648333
0.102663
0.0255121
0.000447
0.0178863
0.00408299
0.000102419
0.000102314
0.00260655
0.000446294
0.102535
0.00407794
0.025493
0.0178604
2.09222
0.00265215
0.022247
0.0158999
0.561287
0.0890814
0.0601107
0.196853
0.205392
0.283885
0.0104397
0.0103362
0.00765382
0.000410521
0.0856189
0.0246864
0.94943
0.0433695
0.000107007
0.00366894
0.001203
0.108661
0.0424089
1.35009
0.0524123
0.000141697
0.00421208
0.00174126
0.0227335
0.000650288
0.00798673
0.0230915
5.44078e-05
0.00182177
0.000650065
0.133301
0.0925375
1.74673
0.0525812
0.000222345
0.00281108
0.00401779
176.115
179.821
20.8435
19.1356
182.612
179.057
1.40288
1.20125
178.969
83.9355
86.3912
178.222
180.778
88.433
86.1224
180.023
183.263
182.906
90.5215
87.5424
90.8801
87.7813
183.237
181.792
182.634
90.2338
90.2077
91.1805
88.9884
86.282
85.7043
178.868
180.352
180.755
88.0263
87.0537
21.9158
1.43242
21.9022
1.38925
22.2529
21.6162
1.40431
1.27179
1.24983
20.7066
21.9577
1.40009
22.0737
1.39509
20.1835
1.21136
1.10502
1.20433
20.0957
21.1466
1.31919
1.21122
20.058
19.8674
21.0726
1.31904
20.8665
1.32507
1.12203
0.495659
0.955872
0.348223
172.406
177.064
142.798
153.428
84.4541
84.2751
177.061
172.721
172.493
80.3933
80.6128
176.117
80.4031
83.6703
165.93
170.578
78.6661
74.6895
165.1
152.601
164.564
73.4464
64.383
73.852
63.868
156.141
149.083
161.752
71.1965
56.9096
61.3804
66.8058
280.917
226.956
235.829
247.039
308.121
289.627
260.603
237.228
232.953
247.092
251.474
254.183
257.604
265
268.78
246.584
273.623
260.416
275.724
265.018
275.88
285.922
285.647
295.538
265.454
269.676
279.469
283.175
298.794
270.32
246.415
268.137
245.728
274.221
276.705
246.325
297.154
289.952
277.837
289.556
310.219
303.929
298.333
247.344
248.005
275.114
280.692
244.241
246.293
284.953
285.186
242.885
280.925
283.012
235.346
243.008
286.4
285.464
237.679
232.498
285.233
241.57
286.714
287.241
1.11987
19.2313
19.1874
17.5732
0.978546
0.962109
17.7026
17.575
1.08075
18.8956
0.757392
16.8232
0.892355
15.2181
11.4184
0.481689
14.7527
0.744187
0.726533
14.9344
11.226
0.543688
0.430329
13.8851
8.92608
0.658847
10.3886
12.2474
119.895
4.66114
15.117
154.377
0.154848
32.4352
0.407824
133.561
165.396
74.3305
157.991
146.344
68.35
65.5377
59.6116
50.6047
42.5197
121.191
147.326
135.299
60.323
51.887
139.278
111.319
131.057
41.296
54.405
48.8243
36.0677
285.643
234.111
310.66
315.757
250.591
306.62
307.757
281.862
262.774
340.62
1074.34
204.342
308.675
72.7725
224.244
161.52
298.783
293.211
253.811
235.94
340.581
177.522
308.633
598.776
487.038
438.63
546.929
896.269
297.071
389.839
286.344
278.395
280.748
319.979
312.215
301.554
306.949
118.546
119.036
291.855
317.949
320.947
331.047
234.331
315.722
302.965
283.183
278.174
280.591
311.799
301.051
297.672
311.31
292.588
306.079
317.736
309.824
316.059
315.777
312.441
294.064
310.867
292.06
305.567
315.917
107.633
313.662
314.645
158.812
303.015
44.2225
231.595
324.033
307.381
291.137
309.546
301.382
309.762
331.839
482.994
333.122
373.165
354.574
461.814
382.766
490.169
649.839
639.491
926.722
1026.91
651.102
629.413
884.224
314.865
317.397
300.428
320.638
307.761
307.065
308.444
0.840446
63.4979
0.294537
81.7042
0.0633886
41.4939
0.318732
335.158
312.556
331.978
308.271
282.108
309.884
284.408
280.013
331.567
306.882
311.942
331.481
307.756
283.962
590.961
331.791
137.484
495.795
822.464
268.819
387.883
270.91
68.2774
24.571
203.581
336.373
143.516
290.705
328.651
333.791
328.155
334.718
319.413
310.091
307.226
328.359
335.392
334.874
319.006
319.495
310.099
307.925
329.129
316.064
312.222
307.325
323.537
333.404
296.259
377.006
497.107
484.917
376.337
385.065
490.218
479.595
300.751
263.976
294.697
254.331
300.396
267.16
296.72
250.102
298.618
293.924
300.445
254.294
266.907
296.638
319.199
310.221
313.158
299.236
275.676
283.178
295.045
330.705
331.372
328.822
323.29
303.089
299.974
287.179
271.357
330.182
304.045
295.52
283.321
322.819
256.651
449.237
356.357
384.666
340.812
377.429
477.564
432.506
965.787
634.505
647.39
612.195
771.459
588.607
831.375
188.324
14.7481
0.0631206
123.848
282.571
21.5691
203.799
240.788
293.859
287.171
282.97
225.811
239.043
274.554
789.793
537.603
664.583
581.521
633.117
517.912
753.628
283.815
238.424
287.129
268.46
209.288
213.752
264.575
294.693
322.155
323.798
287.426
247.306
284.471
250.919
290.692
294.565
323.714
287.34
246.328
283.56
250.796
284.295
238.338
287.133
268.425
209.497
265.04
213.627
319.484
289.847
308.735
265.188
286.236
269.438
247.819
493.856
377.486
478.606
361.693
461.081
438.584
344.909
309.484
321.256
294.423
305.592
278.63
255.455
282.679
168.676
156.497
148.499
77.3515
71.4911
67.4802
61.5306
281.069
262.122
287.72
208.989
308.278
261.113
236.036
282.687
270.248
303.18
237.137
274.917
261.475
222.832
612.34
746.952
583.333
707.205
560.117
526.804
639.136
297.085
268.686
277.51
252.401
261.979
236.858
225.162
125.206
5.43134
16.7215
159.478
172.71
18.1051
44.8968
0.399236
169.904
78.2178
172.167
161.837
80.3042
71.3416
69.463
173.556
161.408
162.843
80.7992
81.5259
72.1461
71.1269
266.036
204.845
191.598
233.261
244.204
218.369
256.333
558.581
593.46
656.309
463.482
530.762
492.926
708.388
320.789
344.499
363.24
461.312
385.968
439.853
410.987
275.631
208.647
261.885
198.858
255.435
241.03
182.508
53.6794
150.962
137.397
123.005
44.0006
137.421
53.6947
144.557
127.308
146.833
59.6037
44.552
58.0255
45.8643
125.724
58.9628
145.76
127.695
147.512
60.0788
46.0723
507.006
669.087
548.405
488.608
501.493
443.517
569.052
238.684
299.558
271.906
223.481
215.684
178.318
254.43
267.872
258.588
240.777
241.611
221.83
211.404
189.286
428.757
363.046
457.331
411.29
289.696
375.207
322.688
238.968
171.536
123.469
189.087
176.429
234.524
194.109
238.988
123.417
189.871
171.841
235.154
176.313
194.156
186.981
218.923
242.881
221.379
130.317
196.074
159.779
253.293
267.282
287.098
243.289
176.172
220.155
202.823
120.069
55.4146
140.407
111.025
131.971
49.6616
35.9712
598.562
429.663
498.747
462.778
442.458
390.403
537.547
323.808
356.762
415.394
387.288
233.431
321.64
299.006
262.645
174.496
235.757
202.47
163.694
232.485
132.147
218.686
241.001
252.461
204.552
144.288
159.661
190.414
158.038
205.234
217.788
184.538
103.135
117.331
170.285
649.882
427.68
370.909
683.504
1105.22
610.035
490.254
421.968
321.03
310.78
415.328
470.8
368.382
480.529
359.345
474.382
317.143
363.478
310.226
414.29
469.708
358.463
1095.39
1113.66
644.66
646.606
948.374
647.322
965.716
646.657
644.271
955.505
1119
644.487
646.332
969.608
492.417
391.542
464.818
371.975
495.842
466.476
387.173
459.676
365.782
385.887
491.188
370.539
465.063
385.897
616.43
809.76
554.065
695.342
612.853
559.487
824.43
814.574
551.109
686.311
615.918
697.339
558.73
827.148
104.695
20.84
83.6926
99.3496
119.641
41.474
29.1469
160.519
178.365
224.678
209.41
90.7211
143.176
161.533
19.9078
104.484
32.4837
98.2627
120.122
42
28.6179
243.334
167.685
213.264
142.127
190.759
153.046
101.348
0.881713
0.611264
13.274
17.6427
0.963412
0.663305
14.003
1.00069
0.68075
0.964339
0.647621
17.7658
13.8615
14.2708
0.748584
0.51541
11.8405
0.580433
0.394518
12.8215
9.81387
0.555196
16.3539
12.5357
0.425616
0.656276
14.016
10.4502
420.991
416.565
293.993
388.14
372.508
345.132
476.65
228.26
163.293
207.877
125.417
173.573
147.326
97.2453
189.239
94.9022
163.971
83.838
152.084
124.242
57.3195
188.121
68.7279
89.6714
108.436
160.031
119.324
138.167
352.416
219.924
227.4
189.075
308.502
278.969
265.642
158.512
142.906
41.2352
116.716
105.79
193.296
85.112
0.255906
0.272989
0.16585
7.06616
4.99178
10.0362
7.44107
0.46518
11.129
0.177451
0.29437
7.96899
5.34563
7.97285
141.521
77.8618
32.3643
60.5785
90.9201
72.5147
126.673
0.36479
9.29133
0.181061
0.393153
0.19494
9.81517
5.76887
0.376438
0.196001
0.182558
5.49327
9.5548
9.94157
5.80357
0.306826
8.16845
0.150403
0.231549
0.109006
6.56994
3.54824
0.150425
4.69439
8.46556
0.106658
0.238759
6.79086
3.5143
123.744
122.318
174.018
107.284
22.8898
59.6338
58.6961
57.2735
74.2947
124.863
84.3941
6.23383
27.5964
40.4506
3661.83
558.222
463.174
440.766
307.163
332.478
375.724
326.425
665.385
1491.67
1369.06
770.652
1117.38
773.051
782.948
530.428
529.955
918.168
432.113
731.586
563.156
430.079
517.081
796.351
440.899
399.461
676.357
552.424
396.648
371.52
462.39
539.221
348.988
481.289
500.909
355.436
1510.12
3049.39
3099.17
2088.5
2550.31
1735.32
1629.8
1205.53
2260.25
1383.14
1015.93
1819.95
1295.88
888.374
1193.33
2007.7
1318.28
956.948
1817.51
900.2
1285.29
1031.19
1128.54
729.606
729.314
1127.6
695.368
1121.29
389.734
460.566
420.06
367.63
547.704
386.227
408.034
410.008
353.623
321.026
326.288
408.384
339.08
363.343
325.586
352.86
414.731
357.653
428.417
348.065
356.691
332.292
392.657
348.221
333.968
344.218
356.532
365.415
260.764
292.263
289.104
1573.53
1492.43
1631.99
295.325
418.991
1716.15
330.898
260.581
286.699
295.197
331.11
335.502
409.065
332.949
336.907
359.71
420.56
310.878
354.558
374.263
327.07
410.479
339.924
320.987
353.06
307.01
363.428
551.615
1671.28
1695.64
582.242
1658.9
551.588
562.819
395.439
345.957
360.548
334.587
349.649
333.687
366.292
285.495
299.904
317.302
266.878
311.762
282.147
316.683
328.422
287.044
327.744
321.001
296.11
328.404
344.661
274.454
283.006
297.771
295.18
267.175
280.941
280.732
308.679
288.447
308.661
318.36
295.098
301.458
330.6
304.241
316.784
312.594
313.039
312.644
299.355
321.02
540.422
552.979
1564.24
1624.11
562.908
1616.01
538.165
560.774
1601.32
559.528
1667.87
575.838
1635.69
555.756
326.115
330.08
325.874
339.258
331.395
319.602
343.128
354.207
323.716
275.469
284.383
328.989
281.346
336.804
298.086
295.53
275.963
285.534
288.675
281.976
298.124
540.236
485.95
353.527
369.497
262.91
285.873
304.526
267.421
517.522
469.836
458.048
378.231
344.655
377.848
356.287
546.394
469.992
517.579
377.759
353.224
380.344
359.055
1533.4
286.266
324.954
347.224
411.777
365.171
436.085
360.165
330.565
364.629
331.746
421.2
352.303
439.71
359.938
332.687
272.317
256.595
268.852
287.058
299.248
306.951
299.007
297.114
253.624
283.551
260.714
272.752
307.792
296.165
277.918
1250.01
275.353
246.8
534.019
592.167
322.796
254.512
299.61
258.671
247.754
288.758
261.461
302.99
293.929
285.3
295.527
309.277
309.801
312.456
308.349
292.242
283.058
306.822
286.514
293.763
313.142
307.51
241.482
245.98
257.722
253.739
240.232
252.132
242.787
234.464
239.72
279.359
289.501
236.679
290.643
239.172
243.514
286.539
286.479
293.8
242.859
243.824
296.931
257.408
244.329
255.965
253.479
242.796
243.85
253.59
1713.23
1700.39
457.937
523.328
1571.83
256.38
243.785
1579.17
499.232
521.703
454.107
373.417
330.854
354.78
360.735
480.007
491.67
539.609
392.851
356.565
377.974
373.456
621.544
1717.89
605.231
556.502
1666.87
1659.78
551.934
590.247
1693.32
602.325
540.502
1659.13
536.958
1648.83
325.967
288.104
291.884
262.176
297.846
295.216
317.46
311.384
270.838
252.264
280.491
302.554
284.9
284.729
524.756
1618.46
522.957
1567.3
518.006
1611.86
526.33
512.73
1619.32
1569.08
513.441
513.834
509.932
1608.39
1526.25
527.293
522.984
547.014
1468.23
552.824
1467.18
271.266
273.419
286.918
269.375
286.014
268.374
286.154
1521.18
1521.02
527.645
557.49
1453.3
549.118
1459.64
288.916
273.279
270.633
272.895
286.878
269.14
286.143
623.259
572.944
1539.34
1557.48
590.708
597.133
1594.86
315.553
314.204
321.682
329.721
307.155
325.218
316.484
314.12
249.775
362.402
271.366
318.168
249.243
355.262
367.306
279.097
254.298
316.375
272.656
251.854
356.494
257.155
246.348
267.033
257.49
257.021
247.145
265.597
258.635
248.984
269.039
256.929
257.761
247.686
265.496
1359.37
627.219
1237.41
582.741
1253.71
619.729
1371.49
271.915
290.598
280.39
298.232
271.91
290.013
279.246
293.6
274.564
283.42
271.963
298.632
290.208
279.533
582.112
1373.96
624.13
1260.45
588.361
619.329
1378.96
416.214
1531.75
340.757
292.38
246.542
1491.3
327.755
303.341
1222.59
289.445
1033.17
377.034
278.145
322.887
259.504
306.267
266.671
331.745
328.551
286.948
248.639
238.599
243.33
302.941
324.247
257.175
267.052
252.32
244.998
245.435
258.549
254.997
268.265
273.526
277.97
305.919
340.046
240.318
332.507
206.924
1519.16
564.315
541.781
1458.22
568.424
592.117
1432.71
300.614
276.846
284.142
292.356
274.583
283.716
301.319
376.601
1004.6
687.814
1356.54
400.32
948.577
397.588
251.044
369.718
312.26
296.74
336.197
350.164
321.722
289.948
277.079
263.609
288.929
269.193
281.007
296.862
360.223
287.261
264.275
355.367
312.01
396.056
279.93
252.446
274.328
263.777
280.583
263.184
273.993
285.249
259.579
380.874
333.504
359.219
312.539
409.433
278.009
593.816
1438.76
626.648
621.751
1319.06
651.579
1388.36
305.12
311.001
293.613
295.333
327.383
309.354
313.269
296.832
286.905
278.06
287.325
315.057
296.322
305.986
1354.49
633.826
602.8
623.212
1175.75
645.926
1316.01
290.444
297.23
290.144
308.681
299.583
305.099
311.736
396.411
345.538
344.693
483.361
442.851
446.869
307.432
307.863
303.912
281.182
288.633
318.144
307.691
301.166
318.655
357.688
351.981
448.995
445.836
493.676
391.753
304.995
322.063
316.04
322.539
316.547
336.745
348.479
300.349
332.461
324.428
320.513
316.419
309.258
318.629
318.004
348.88
332.049
342.572
326.04
339.92
349.66
646.166
1178.02
1110.68
661.336
665.664
657.533
1257.07
322.256
334.032
322.224
316.782
309.688
316.777
317.021
657.817
1249.33
1225.91
680.736
674.967
684.595
1118.21
316.641
337.774
326.063
318.849
316.374
318.47
315.405
288.037
241.653
289.761
238.12
290.157
288.075
231.236
521.185
396.028
495.792
521.171
416.449
520.411
416.187
383.297
505.365
487.594
514.974
400.482
506.98
407.562
346.308
352.245
340.083
346.37
365.469
338.03
369.766
339.652
326.85
327.772
338.331
349.645
361.111
322.904
259.63
335.36
337.106
194.312
285.801
45.2572
299.371
120.696
407.621
333.631
391.801
349.577
347.841
1117.78
1462.45
364.919
1386.91
355.629
1610.6
305.297
348.31
284.251
329.108
313.087
268.68
267.022
317.091
317.903
261.797
266.209
258.44
311.231
334.737
272.424
269.562
280.773
282.996
262.196
276.374
284.806
271.659
357.49
326.974
368.244
347.681
356.584
330.493
328.1
1585.13
552.775
576.009
1562.12
570.244
599.857
1526.52
312.186
299.339
301.602
310.644
294.71
302.378
319.564
861.074
1255.75
396.669
830.489
479.308
438.402
526.534
360.952
318.442
280.734
323.316
282.995
268.533
294.264
293.178
337.839
276.173
365.033
321.259
293.094
402.36
279.74
264.019
327.93
360.526
311.912
396.398
287.066
295.835
275.28
288.326
295.681
299.65
284.032
307.902
280.621
263.148
276.692
289.553
288.391
296.464
277.625
325.776
320.241
322.573
336.636
333.091
332.237
345.074
631.026
1537.91
602.087
631.141
1368.1
660.315
1462.17
621.899
1489.82
593.89
626.896
1317.97
651.807
1437.82
311.329
322.855
305.955
311.225
339.042
329.047
321.008
295.05
310.831
293.341
304.848
327.201
309.058
322.731
309.865
315.71
272.356
1645.98
1702.53
305.235
295.48
1583.08
1563.41
311.272
278.28
327.602
342.151
307.561
269.01
272.016
319.681
383.229
401.985
318.972
331.141
357.423
335.874
286.228
390.435
313.734
383.985
303.996
331.854
340.42
290.645
301.921
356.613
290.799
306.31
325.48
333.135
323.13
569.408
535.187
1691.05
1664.65
549.904
535.699
1659.83
322.441
332.523
372.85
317.054
329.432
341.783
317.722
309.919
273.451
267.063
310.257
295.76
326.953
273.854
285.61
250.134
245.082
264.579
300.002
300.183
261.574
271.514
290.792
284.384
290.73
298.878
309.933
277.921
271.626
290.021
256.173
253.342
273.883
282.831
267.664
1622.79
541.837
556.39
542.039
1672.58
540.513
1646.5
1579.04
545.132
526.299
534.93
1625.37
522.411
1623.23
297.36
303.27
286.317
289.68
304.339
300.53
309.051
313.283
309.682
314.239
300.179
313.467
298.786
308.202
315.401
307.626
302.873
307.689
321.164
321.288
315.486
334.606
272.636
258.765
317.934
266.354
305.514
262.049
285.083
276.675
262.427
269.621
283.093
280.875
266.747
286.096
276.721
290.13
291.331
292.278
304.331
303.623
570.26
1527.25
599.736
1585.57
576.039
552.953
1611.61
302.565
310.788
294.935
317.16
301.681
299.476
312.314
304.824
313.048
313.042
310.629
304.958
314.744
320.56
318.409
318.147
315.936
309.549
318.203
318.447
328.022
318.356
317.637
304.384
317.635
333.433
330.472
318.319
308.918
316.9
305.401
316.485
335.927
327.336
320.327
322.639
328.121
320.308
325.797
345.055
336.638
332.233
400.585
493.802
357.703
351.995
446.102
318.602
449.115
304.708
336.56
321.914
315.651
316.217
296.363
322.401
288.299
307.449
307.34
303.597
300.902
317.892
331.471
307.339
345.518
443.148
344.656
447.038
483.449
377.016
317.804
339.777
348.836
342.432
325.798
336.093
331.958
343.378
329.67
334.159
347.852
340.816
355.829
356.651
359.307
335.714
344.587
357.161
344.565
359.321
370.001
325.569
345.86
339.033
347.61
339.134
354.375
359.397
658.03
684.643
1249.09
1225.18
675.148
680.831
1355.99
646.307
1176.99
665.818
1109.5
657.558
661.304
1032.23
300.076
332.272
316.129
324.246
309.024
320.282
328.369
347.806
343.361
355.784
329.647
347.77
340.757
334.092
514.981
383.328
487.739
505.31
400.493
397.603
506.866
338.159
339.373
327.492
326.654
349.499
349.948
322.755
357.166
346.896
368.942
367.908
357.176
357.703
367.928
353.401
340.674
343.46
340.728
318.644
324.065
340.796
336.302
335.318
340.203
295.753
309.907
316.996
307.993
675.042
1128.75
688.158
675.059
893.737
647.641
1004.79
1085.54
652.781
674.648
667.182
861.6
631.07
985.937
340.16
321.951
331.001
333.369
305.065
310.538
333.752
340.056
336.304
340.228
309.895
316.982
307.974
295.738
350.069
355.637
364.139
361.687
357.383
353.945
367.201
357.48
336.03
346.317
353.361
353.901
351.695
363.038
490.006
376.243
384.968
376.962
484.908
496.976
389.781
296.104
333.17
307.159
328.88
312.016
315.884
340.366
207.781
282.578
221.129
288.275
233.027
282.597
221.15
304.922
310.361
333.207
339.999
321.547
330.765
321.737
630.923
985.408
667.128
1084.77
674.698
652.671
947.871
275.537
308.467
299.066
294.925
319.037
312.966
310.024
225.022
274.82
285.967
280.671
197.521
267.2
216.907
770.726
588.225
611.834
964.769
647.214
634.275
895.446
516.812
401.389
470.179
391.777
500.962
492.75
411.61
333.789
283.648
344.424
335.196
316.474
360.755
307.977
325.309
308.423
325.312
258.639
279.24
297.095
279.24
189.718
272.188
205.343
184.105
255.84
240.298
166.113
314.56
321.967
333.035
267.078
291.029
275.68
249.167
355.039
299.96
331.223
348.336
320.526
343.763
365.733
478.435
344.831
377.456
460.812
361.607
493.653
387.835
255.254
282.508
321.101
305.388
278.455
309.325
336.181
259.647
166.141
189.736
272.215
184.139
255.868
205.379
643.406
562.41
789.162
774.865
609.059
600.204
885.968
320.599
288.429
262.867
281.672
297.442
290.301
315.108
638.662
746.459
583.121
706.609
559.779
612.088
821.828
277.327
224.996
236.664
261.792
252.246
290.54
296.887
256.416
280.243
306.056
197.104
232.163
256.398
226.345
220.129
242.454
113.824
142.901
169.233
220.121
142.885
156.205
202.667
233.122
214.805
98.6967
181.242
135.785
277.044
250.774
251.507
247.596
247.326
227.887
246.109
224.408
225.309
222.914
225.373
247.69
247.625
249.484
246.482
228.333
221.572
224.56
247.461
247.468
246.068
250.266
248.105
236.916
234.064
254.454
268.556
257.007
265.16
251.995
237.712
233.461
254.184
268.643
264.688
257.717
264.058
247.98
264.027
247.062
265.367
247.341
263.152
263.929
246.329
247.389
263.828
246.766
263.524
265.468
248.402
247.997
270.538
268.299
248.702
248.053
274.637
268.897
249.984
278.129
250.396
270.993
249.375
275.483
327.93
303.246
260.44
219.339
304.104
314.034
291.643
283.189
268.971
312.762
240.828
311.92
250.195
316.969
262.608
284.488
282.444
323.404
328.385
266.196
325.021
296.792
306.291
288.246
303.513
283.15
310.016
313.056
278.737
246.237
218.843
224.834
237.2
226.391
240.44
242.253
253.788
259.095
236.554
268.926
240.564
253.062
276.433
302.006
323.53
315.721
294.525
326.513
321.459
306.723
268.364
290.026
238.87
208.487
268.46
242.591
298.014
213.97
226.543
301.833
224.719
268.6
293.915
207.862
235.078
234.556
295.743
228.135
228.129
270.849
295.824
209.288
322.048
273.035
323.209
244.383
315.684
309.668
252.156
313.825
267.081
318.486
308.446
249.061
244.678
307.351
206.51
205.464
214.034
203.066
195.25
209.118
213.185
210.165
213.318
207.67
207.791
204.464
196.403
210.272
243.801
243.671
248.756
221.222
225.752
220.601
227.779
246.517
239.273
243.684
224.775
226.172
222.064
221.407
279.295
284.115
280.257
266.763
258.473
262.063
262.877
291.644
306.907
293.573
277.845
286.469
272.454
292.693
310.728
273.671
310.704
297.918
359.798
341.909
319.236
329.525
319.799
325.66
328.155
325.412
308.139
305.631
316.031
263.243
283.282
300.326
318.28
264.459
285.315
302.939
301.436
311.977
305.696
283.324
316.326
308.182
291.651
291.528
320.025
288.279
319.926
311.981
310.557
293.323
296.345
267.158
260.316
265.09
282.587
283.196
284.093
280.648
298.1
298.232
301.391
297.031
303.502
297.594
302.653
284.55
286.883
269.76
260.286
265.788
283.334
280.78
301.676
306.799
305.027
298.753
302.69
298.036
303.218
333.885
325.322
329.15
330.176
317.281
326.126
335.162
292.915
296.206
280.125
287.026
293.713
308.432
305.045
310.988
315.726
314.353
321.06
322.985
321.68
326.636
296.163
301.353
309.7
315.826
297.752
298.912
308.114
300.488
320.008
312.493
296.766
315.943
299.061
308.528
351.142
331.615
337.551
330.563
332.898
338.578
343.313
321.044
302.787
307.832
321.634
334.73
319.59
334.351
309.115
327.398
320.548
320.455
337.795
331.354
322.023
359.532
333.476
349.874
349.606
344.65
335.54
347.096
304.4
316.024
168.872
207.048
218.212
236.682
342.069
321.677
240.538
248.569
269.741
324.784
266.044
212.601
212.904
313.106
266.338
289.382
286.097
283.223
279.75
296.198
299.352
270.158
289.842
285.876
283.001
279.276
295.755
299.057
289.489
278.179
297.431
290.128
308.48
298.461
310.887
327.238
309.48
306.318
311.065
319.467
313.233
318.922
328.029
319.568
310.005
324.62
306.146
310.667
318.644
305.279
334.534
321.937
315.747
308.389
316.296
317.438
246.514
289.017
284.168
247.384
282.359
288.199
242.037
248.501
285.375
283.178
288.867
241.974
289.988
242.871
333.118
319.253
316.882
338.889
326.186
318.479
316.54
244.105
289.102
286.498
239.062
287.971
287.17
229.859
336.066
340.007
342.379
299.316
317.895
310.229
312.017
229.422
288.024
279.193
288.415
214.75
231.393
280.46
288.895
230.248
279.295
215.098
288.55
231.95
280.77
230.465
280.774
286.598
281.856
206.654
219.668
273.277
224.443
285.643
275.096
280.629
198.249
216.463
268.194
243.442
272.778
185.835
190.574
205.453
257.881
261.246
492.676
315.033
234.766
343.752
353.342
306.042
223.822
305.23
340.614
339.082
340.963
326.779
332.264
274.504
314.328
316.989
308.603
326.441
317.949
324.983
334.604
303.55
135.55
353.473
238.683
368.241
318.279
251.615
325.634
354.354
339.124
345.942
330.585
347.628
359.41
338.476
321.956
214.815
182.37
109.447
229.8
24.1348
348.486
340.274
328.399
347.932
338.498
349.171
349.93
342.056
316.031
335.332
333.393
325.401
343.734
343.24
350.884
774.503
601.79
411.162
488.41
369.921
178.933
211.116
307.864
280.402
240.864
271.745
99.8242
40.2741
265.63
320.967
347.148
350.535
202.956
265.106
153.027
258.486
363
353.859
351.655
356.574
336.012
357.477
346.305
346.773
336.861
337.344
350.596
324.89
350.3
337.906
367.186
364.154
353.978
357.444
361.706
355.679
350.086
350.25
346.665
337.229
332.144
336.739
337.847
324.83
318.636
348.647
342.099
350.861
308.143
334.407
335.902
339.15
332.004
309.509
325.418
302.316
290.242
280.667
516.776
391.789
411.644
401.406
500.946
470.139
376.606
295.498
228.166
107.253
80.265
241.878
27.6144
0.210555
326.97
355.033
365.719
320.507
348.332
331.219
299.948
200.665
20.7864
79.9086
73.8183
0.041234
202.34
10.8439
328.323
338.444
359.437
312.113
338.468
328.332
299.118
345.577
306.982
339.559
298.061
331.33
320.998
284.616
333.704
335.11
360.684
344.397
316.437
283.566
312.207
331.256
297.97
339.516
345.483
318.168
284.574
306.931
336.531
309.236
324.807
293.324
322.251
305.766
274.542
281.563
290.166
320.499
288.393
297.399
262.781
250.971
347.162
309.213
293.277
305.771
336.539
322.256
324.786
333.024
275.68
299.349
314.537
291.028
267.053
249.148
600.083
885.668
643.344
789.04
609.024
562.335
687.605
302.909
286.187
319.39
269.455
308.706
289.802
247.801
347.082
325.905
323.863
305.184
298.64
344.163
342.658
320.596
301.593
313.182
298.526
309.529
301.88
317.369
321.198
298.326
310.197
309.239
302.064
301.688
317.154
318.256
73.8299
335.689
344.288
331.824
324.014
319.971
332.585
336.57
312.59
319.491
308.584
327.837
341.112
331.922
337.956
331.716
334.015
345.23
333.902
321.442
319.7
332.391
338.38
309.347
328.819
319.169
308.304
327.595
337.738
189.368
288.37
338.638
287.125
336.672
189.156
117.606
336.601
335.546
313.712
335.477
314.325
298.565
296.797
337.651
335.471
334.478
313.242
314.473
298.557
296.014
345.581
327.514
344.997
344.133
344.445
347.241
343.596
324.54
327.404
344.876
344.805
344.037
343.935
343.453
317.898
290.99
319.46
273.027
233.832
270.577
237.028
290.788
319.33
316.774
272.848
232.571
269.483
236.761
262.177
279.446
311.081
267.527
301.266
250.765
210.143
262.687
191.669
264.585
240.491
158.275
238.073
160.839
157.631
237.395
262.362
191.821
264.716
240.457
160.811
149.974
230.125
256.449
171.624
246.917
218.804
137.807
285.792
232.159
256.391
280.219
256.401
226.333
197.101
334.319
273.3
306.976
306.973
238.646
275.771
273.294
278.87
272.086
308.569
295.518
219.165
263.138
256.015
289.736
285.686
320.825
299.705
222.862
260.881
265.61
299.707
320.83
289.761
260.876
222.879
285.684
251.645
211.292
240.677
282.462
189.228
241.56
267.821
221.791
308.523
272.015
255.979
278.847
263.127
238.635
219.137
381.907
438.299
474.867
438.284
310.683
394.742
350.879
516.679
693.744
567.309
516.642
521.151
462.268
601.7
457.241
322.6
363.024
428.705
289.595
375.109
340.589
568.679
668.719
548.247
506.905
501.253
443.373
590.717
247.002
317.273
288.107
246.958
235.285
280.37
194.914
223.261
254.253
299.435
238.542
215.501
270.802
178.095
253.371
243.366
287.13
267.294
176.257
220.195
231.653
135.81
156.22
233.126
202.643
98.7099
181.24
120.683
269.137
251.162
287.298
234.739
165.419
213.424
190.915
254.26
225.891
266.466
225.846
158.272
174.37
211.081
252.298
190.248
204.35
218.551
144.141
159.471
204.229
76.4273
161.082
157.839
206.559
118.589
203.672
121.345
72.7802
76.1991
160.834
156.553
202.662
206.378
121.183
272.13
228.889
185.12
193.756
236.638
186.674
135.539
65.2142
147.13
194.21
180.97
53.7435
132.417
96.6585
195.348
171.051
222.649
139.922
195.324
171.036
112.168
159.213
259.884
225.778
184.813
225.773
159.216
112.256
246.49
166.7
217.836
133.236
185.819
150.575
95.4103
272.131
193.757
186.688
185.121
236.64
228.901
234.758
101.347
213.252
167.691
243.334
142.164
190.768
203.831
173.459
147.261
207.825
125.32
188.246
163.245
97.1904
79.8955
161.218
119.788
191.207
72.7307
153.759
110.101
457.489
445.338
435.898
332.57
391.359
401.065
516.507
161.226
110.125
191.218
72.7517
153.77
119.803
45.2735
162.292
58.6716
39.4231
87.2307
137.815
112.241
79.3542
389.598
253.067
241.632
269.93
328.554
339.044
305.221
190.62
172.277
161.899
62.6268
230.085
120.646
128.667
170.665
96.6508
90.3221
50.0558
103.962
110.64
154.929
58.6821
173.993
122.304
123.717
22.8794
59.6072
72.7577
139.891
132.087
190.691
132.078
31.8778
73.1661
80.259
78.7402
72.5028
136.352
108.41
12.9204
47.9525
53.6034
131.528
122.422
180.226
107.99
22.278
62.8628
55.8916
0.0870395
0.0673296
0.0338611
2.88846
1.20599
4.73566
2.30974
60.4852
44.5183
107.385
79.4105
5.35688
37.5817
24.7484
48.2757
123.798
80.9316
80.9402
5.3527
42.6747
20.7922
0.0302808
0.157
0.0853887
1.09656
2.8801
4.84439
2.21106
36.7164
59.1558
107.651
73.5084
2.89242
31.7122
17.0485
44.6045
2.0681
0.809433
0.786669
14.4947
7.58912
14.1315
69.6872
3.80171
5.06395
2.74561
21.0673
24.9833
29.4793
39.7895
0.578911
1.6254
0.406264
13.6714
10.8283
4.61997
420.769
305.261
126.488
155.005
29.4866
180.229
0.0521595
217.852
269.178
46.2483
73.4943
0.0105571
79.3936
1.13093
143.327
2.34352
0.0733028
0.000480874
0.135736
29.4951
40.8637
4.65472
100.911
0.000331192
26.3326
35.7097
0.0184886
55.6271
1.54418
0.000952349
352.25
260.533
105.35
30.5208
0.133718
290.267
101.392
516.636
270.824
84.1363
53.5953
299.776
0.504931
110.769
158.203
26.44
0.783218
0.000294518
0.00514682
38.1388
7.03353
230.175
28.0464
4.57607
0.0162607
44.1515
0.000652957
8.61222
287.344
234.797
251.245
229.861
213.462
191.01
165.474
136.402
1.89608
0.133429
0.000230412
4.12233
0.000304784
0.245654
17.8361
39.7798
0.00120586
30.7362
0.0489549
4.84327
0.000326378
246.523
166.71
150.572
202.376
185.835
133.254
95.4064
100.837
71.5537
103.045
73.9803
30.7258
15.7547
14.6993
29.5799
14.9548
72.0591
102.917
74.0387
30.7087
15.8277
457.558
436.043
445.387
401.096
391.459
332.638
369.998
476.319
416.341
372.338
387.834
344.877
293.785
331.55
39.4742
162.344
58.6768
137.831
112.326
87.2661
24.1491
204.042
114.415
178.07
73.734
134.704
107.17
50.0225
94.901
65.5874
85.3523
56.1772
21.3741
12.3024
8.87246
389.635
241.742
253.102
339.068
328.633
269.998
179.018
190.735
162.058
172.33
128.728
120.821
62.7196
99.9211
170.763
90.4214
96.6843
110.687
104.1
50.1253
40.3191
265.458
219.728
308.35
188.805
278.73
227.195
137.254
193.014
142.645
105.532
116.39
84.8059
41.0363
68.0412
141.274
77.7192
90.7148
60.429
72.2856
32.2229
24.4864
8.82084
72.1072
29.682
43.7941
15.1919
5.23511
2.31874
122.417
107.982
131.525
73.8111
62.8586
55.8836
22.2736
355.377
255.398
317.866
235.186
201.692
167.824
270.63
355.55
235.366
318.003
255.512
201.844
167.973
290.386
374.506
265.318
337.504
265.354
220.973
187.376
299.813
108.44
72.5643
78.7607
53.6145
47.9841
27.6387
12.93
462.497
184.306
387.078
707.662
439.556
256.073
70.2623
379.556
261.895
202.184
287.473
244.031
24.4952
5.98926
112.681
77.0993
260.922
308.044
280.9
261.847
235.823
208.713
235.629
461.022
344.356
363.094
320.582
410.668
385.657
296.847
655.681
530.339
558.139
592.861
492.477
463.089
546.398
233.144
265.882
256.258
204.802
218.225
191.408
177.419
537.103
598.03
498.398
429.323
442.073
390.108
495.351
298.84
415.14
323.664
356.475
233.154
321.377
268.569
232.218
262.398
235.523
174.165
163.329
131.79
203.236
170.103
205.079
217.584
157.8
102.957
117.071
143.359
482.887
332.515
417.376
386.739
343.707
300.381
442.649
344.691
173.161
257.099
316.061
141.871
229.837
227.481
194.946
88.2516
167.701
135.841
83.0415
61.3994
163.647
152.057
137.359
65.3477
121.758
42.0947
51.9701
107.708
350.633
350.435
217.516
302.691
308.589
262.064
398.24
281.31
150.439
148.474
106.707
239.857
191.761
191.881
98.8896
85.2534
12.916
51.9849
60.2977
34.5428
126.272
86.6308
40.4418
9.3479
20.6104
50.4341
27.6966
73.9088
80.7218
105.074
144.866
75.3846
9.1943
43.042
26.8045
17.0387
36.7062
107.644
59.1602
2.8903
31.7048
10.8425
15.5751
17.1147
43.1661
5.0393
0.694435
4.48181
0.81522
41.5386
16.0716
0.733724
17.2603
43.3249
5.09653
0.829199
166.716
298.855
202.856
205.47
143.264
110.974
241.474
12.4173
8.24466
28.0221
0.482878
3.38522
2.05193
0.267375
11.2322
19.3594
60.1249
39.6633
0.321696
8.88476
4.68221
0.661581
0.0676935
0.0181502
0.0736664
2.5333
0.727426
0.0199428
0.0665926
2.31795
2.5264
0.719669
0.0175344
0.0197241
0.64051
36.8096
191.732
102.113
138.03
12.539
61.141
57.0447
162.629
188.456
253.566
167.579
37.2236
104.196
83.9715
162.798
167.755
253.706
188.568
37.3127
104.325
101.502
184.623
199.198
275.549
199.237
49.6043
122.633
110.806
1.85191
0.0342087
1.23887
0.013197
0.484301
0.302688
0.00814627
2.3401
45.9747
6.9777
5.9823
0.922741
16.4056
0.211353
86.9722
15.8708
53.8434
11.0096
5.49634
27.9226
0.999811
87.1574
11.0855
54.0074
15.9329
5.52733
38.2297
1.00776
33.9332
7.3129
43.0178
10.6938
0.298295
0.543294
7.05399
104.457
18.8817
65.8094
18.9056
9.34527
44.184
1.74407
42.5045
12.7336
52.5189
12.7486
0.491718
0.895827
8.6203
69.7033
3.80428
5.06515
24.9882
21.0794
2.74746
0.210659
10.0112
4.25722
18.842
0.953545
0.0383693
0.343566
0.116769
143.371
81.8085
16.9929
107.369
79.3399
56.9006
177.063
182.77
125.453
134.385
34.424
104.423
96.0037
216.494
14.3488
20.1854
1.4426
3.837
0.0687758
2.22464
0.127147
33.8557
10.6546
42.8969
7.2681
0.297032
0.539883
4.55397
62.7288
1.4331
3.06864
25.9594
16.4894
2.83463
0.119507
4.61688
0.405905
0.578685
13.6687
10.8234
1.62457
0.0412034
77.7062
3.90492
5.59777
30.7332
24.4581
3.90417
0.232782
0.00798555
0.29956
0.678892
0.154019
0.00154389
0.0605625
0.00403508
22.206
0.416951
9.48005
0.109481
3.21131
0.742494
0.022986
29.579
0.996895
14.2417
0.182881
4.12541
0.997452
0.0384285
2066.35
10205.5
8029.42
1779.77
801.251
1815.73
1063.49
2036.28
1876.49
792.002
527.889
471.48
776.557
564.33
10635.7
1202.27
1172.11
1145.74
1953.86
3024.25
1977.11
1089.47
2057.33
2135.77
2564.24
1906.08
132568
8358.86
5205.33
1018.56
2006.84
1953.81
2581.51
130749
4317.75
9344.73
959.299
736.261
1776.35
697.38
979.407
1854.67
839.878
1879.35
669.607
795.466
770.779
1345.85
1501.94
3670.78
1098.69
812.101
1749.29
680.29
1751.56
714.135
947.351
1842.65
646.914
772.335
735.728
1378.65
736.087
1299.46
3861.6
1157.54
1917.07
1046.92
1155.58
3016.01
1743.19
2018.31
954.263
8225.83
2442.37
1878.46
128951
5432.21
8225.23
789.641
671.733
816.985
1464.38
1496.34
4334.01
1133.69
574.557
405.918
414.82
828.806
448.134
457.839
683.466
1199.48
1165.19
470.3
355.108
1730.36
477.53
935.978
801.717
1433.53
740.511
644.582
1029.69
1403.8
3595.46
406.974
499.581
389.552
632.98
425.521
802.55
449.144
2171.97
1975.8
916.297
1972.37
128705
10634.3
5387.23
868.874
458.579
475.893
1211.94
357.137
1753.97
474.631
11486.4
7512.7
5513.1
23906.3
4511.52
17483.5
16823.5
12971.4
6705.22
8115.29
36582.5
14384.3
11493.8
4301.06
4351.44
1690.23
3216.67
2716.88
2755.72
2167.15
5652.59
1022.93
785.875
709.503
1159.15
693.284
1102.57
1164.6
8339.88
5766.08
5960.61
23061.8
5245.45
27709.1
18301.4
768.147
1087.58
717.567
1390.03
649.826
1364.44
803.102
1030.26
1435.37
1173.99
944.002
1326.67
931.099
987.081
1023.06
921.717
1399.2
1147.12
924.42
1311.81
965.28
1241.72
3030.44
1110.67
3013.08
1163.25
1157.23
2961.58
978.371
1618.09
1574.87
1009.07
1645.42
1016.96
980.259
4633.56
3518.79
2710.23
1821.89
3169.66
2574.72
6599.13
5238.37
3931.69
3908.63
2028.32
3277.23
10886.4
3342.45
4700.8
3572.08
2864.41
1806.5
2991.16
2499.88
5595.76
18683.9
104659
77134.8
80243.2
79088.1
43443.5
29471.6
12459.9
6612.12
8058.2
34384.3
15642.7
4443.64
13113.4
8618.66
3668.45
3550.56
14663.2
3185.98
12000.5
12608.1
3364.35
1443.25
1490.26
1421.84
2048.45
2052.91
1823.83
4377.01
2637.2
3280.42
1726.65
2536.94
3018.47
6644.92
4325.2
3125.8
2518.94
1685.26
2511.35
6599.12
2998.55
5023.57
3870.4
3890.18
2015.85
11286.5
3325.2
3340.24
16516.6
72325.4
49019.8
93169.5
81649.8
49323.5
49912.3
9727.68
4264.63
4151.62
23980.3
3045.75
9309
8893.18
12591.7
6176.98
8009.1
27378.1
15205.7
4303.06
13565.8
3278.95
1363.52
1347.54
1441.71
1726.26
1956.98
1946.31
1081.92
751.109
751.941
1156.38
697.579
1084.24
1105.01
1204.05
983.679
2099.78
1302.85
1760.5
895.863
1289.53
1230.43
1036.96
2335.67
1380.68
1812.34
1315.95
891.154
1495.08
2008.04
2965.85
3045.57
2645.84
1686.39
1821.65
1003.81
724.103
695.435
1149.35
656.233
1086.96
1003.64
1152.44
1324.25
967.755
2144.63
840.967
1678.74
1185.01
1148.98
1244.62
957.909
2010.69
1228.49
858.753
1661.1
1379.17
1818.22
2693.89
2701.4
1707.82
2422.43
1675.08
956.89
915.438
1093.86
1303.71
900.611
1291.86
974.029
954.882
1093.64
1304.02
919.172
972.024
894.568
1291.11
1198.71
3003.91
1101.96
2988.88
1154.94
1152.59
2936.99
951.636
1688.4
1686.18
1044
952.851
1397.7
945.503
3016.59
1308.35
1415.57
1307.42
1896.78
1896.97
1749.76
10359
5818.17
7169.9
29987.3
3995.11
13364.6
15437.1
4639.73
1880.5
3512.32
3511.71
3044.17
3043.93
10076.6
4351.16
1689.92
2718.11
3216.96
5651.57
2756.48
2167.37
20509.7
100496
97193.5
100496
28542.7
28543
68516.2
6931.42
3498.01
3501.11
13116.3
12904.4
3169.87
12905.9
10358.8
7169.34
5818.2
29987.4
13364.4
3994.83
15437.2
1112.45
757.289
764.012
1232.57
711.173
1120.04
1170.88
1259.7
1041.41
2266.38
1377.55
1863.83
931.785
1342.05
1244.6
1024.24
2322.65
1392.04
1845.06
1304
893.187
1556.61
1997.99
2999.15
3055.82
2754.41
1860.59
1857.03
801.317
1426.22
726.337
1183.05
1329.33
681.483
785.294
793.577
691.549
1363.11
1144.89
1333.84
784.41
670.304
580.912
371.121
538.583
372.403
548.263
564.933
374.451
867.957
1677.87
1671.8
903.545
1550.92
875.407
866.998
1123.23
920.586
1253.08
1959.16
845.823
1284.22
1869.76
1147.67
988.255
1242.24
2042.54
1386.39
885.115
1866.49
1577.89
2120.65
3322.24
3358.17
1608.93
1755.97
2342.54
6328.66
4359.5
2002.65
4360.05
2790.57
7189.09
2790.47
5231.9
3756.37
1800.63
3041.8
2686.94
2288.65
5642.7
2838.7
1321.19
1268.51
1268.41
2003.54
2004.08
1812.27
5231.18
1800.02
3754.72
3035.17
5643
2687.13
2286.57
33508.9
103295
103294
96475.8
26266.2
36722.2
26265.8
8339.27
5765.98
5959.4
23061.7
18299.7
27709
5244.86
6835.85
3603.19
3603.32
13436.1
13568.2
3591.79
13567.7
770.091
1083.34
1384.93
707.527
817.972
651.424
1364.15
576.074
376.283
550.257
374.871
577.21
563.9
376.124
899.565
1762.91
1764.73
935.826
886.149
1498.08
887.132
280.641
326.137
334.545
306.58
325.459
231.87
137.854
191.819
309.572
325.057
327.313
311.187
313.272
319.504
319.038
316.737
337.835
332.59
318.483
316.416
318.879
315.4
334.145
1663.14
1778.25
703.405
1646.53
361.304
1851.21
1302.09
516.441
876.94
532.282
513.642
407.873
526.957
420.699
454.585
329.471
372.272
518.065
353.156
499.046
453.314
952.696
1821.05
820.297
682.159
1754
715.11
1752.19
1065.93
3861.13
1378.08
641.475
737.418
770.175
734.68
1146.69
1244.14
2009.87
958.464
860.049
1229.04
1660.94
1377.62
2701.37
2693.15
1817.66
1709.28
1674.5
2422.1
1148.51
1322.32
2143.26
965.642
836.183
1184.5
1677.47
1007.47
1150.57
734.442
696.825
652.32
1074.99
1002.1
317.838
303.607
284.97
399.31
329.58
379.747
356.22
701.792
1739.08
625.355
625.936
1717.31
579.974
1740.3
1657.15
539.781
536.028
589.603
1692.59
601.788
1700.29
1658.79
534.99
534.723
568.978
1690.75
549.556
1702.39
248.577
290.247
299.065
308.893
320.416
302.711
1623.08
1455.92
1605.44
310.559
1464.84
238.507
292.335
273.767
258.3
296.053
312.762
253.611
286.448
301.524
284.71
270.201
279.722
251.813
284.068
243.256
282.558
307.166
296.449
266.982
260.492
252.878
272.419
299.278
263.685
260.73
285.039
249.609
244.489
295.187
267.961
289.778
282.782
268.659
256.025
252.893
271.335
301.97
344.409
299.26
349.967
308.593
314.693
297.674
1616.49
511.988
512.915
512.691
1566.15
509.121
1576.21
306.645
304.493
307.391
283.029
293.89
286.46
292.342
296.793
257.038
263.602
331.628
308.348
311.61
315.925
251.925
242.369
239.706
254.208
245.745
240.851
257.543
1377
1352.6
333.447
883.236
382.666
968.679
358.22
288.788
290.119
236.136
277.194
239.29
278.51
233.785
304.176
300.343
307.425
286.162
303.132
297.302
289.458
1621.54
521.718
534.451
525.77
1577
544.795
1580.49
324.305
256.911
243.013
286.6
248.283
238.15
303.242
546.309
1465.69
552.289
526.626
1523.5
522.193
1530.54
254.553
267.949
244.981
259.186
251.948
244.461
266.715
286.168
269.55
268.455
271.328
287.191
273.535
286.44
297.274
300.308
301.541
298.435
298.202
303.624
302.956
568.171
1430.84
592.085
541.387
1517.11
564.154
1529.16
301.179
274.497
283.496
276.726
300.479
292.369
283.914
304.899
312.918
306.162
312.953
304.786
310.653
320.559
256.877
246.728
245.919
266.924
257.105
258.329
265.472
313.502
317.783
249.312
270.804
275.007
362.177
354.757
302.16
298.608
298.77
310.293
317.443
318.312
309.567
301.472
297.887
296.515
309.819
316.201
318.386
308.498
290.684
272.057
271.966
280.396
298.351
299.615
279.308
262.789
273.727
252.071
274.197
280.26
266.363
285.036
581.484
1371.92
587.965
623.794
1258.88
618.743
1248.35
359.351
277.847
259.348
312.439
289.294
380.891
409.57
309.016
316.514
305.464
316.984
336.021
325.58
327.4
317.867
314.269
305.221
316.998
334.581
324.978
326.443
305.837
277.994
287.125
286.825
314.893
306.175
296.14
317.557
286.092
314.47
847.09
365.498
377.932
359.255
3594.01
801.416
308.107
278.161
252.753
291.367
280.894
307.919
239.276
522.703
490.805
669.563
492.545
403.824
530.474
399.991
456.547
343.387
376.94
539.886
355.304
468.128
514.848
1433.7
1442.51
1028.7
643.618
779.959
741.239
801.191
632.996
424.782
448.207
499.264
405.945
563.545
389.002
1579.51
3322.33
3362.59
2120.83
1609.23
1760.69
2344.02
1123.66
1960.34
1253.09
922.445
1284.44
847.75
1870.75
1145.52
2041.26
1242.55
993.726
884.704
1383.83
1864.59
1022.81
1157.54
708.679
753.777
1101.73
694.491
1165.02
291.676
327.822
304.333
391.562
333.546
387.19
341.067
427.834
496.194
393.99
427.63
344.575
365.219
376.762
346.872
324.681
330.004
411.313
364.432
434.412
353.167
248.764
306.897
244.411
268.177
318.011
313.47
266.909
332.395
316.98
322.196
372.726
329.31
341.832
341.779
314.437
312.07
261.756
278.022
314.284
314.179
289.764
291.58
305.122
307.557
282.783
315.217
311.291
282.893
242.558
224.704
221.329
225.95
222.001
246.41
243.646
298.583
313.277
309.343
290.469
314.045
312.793
300.061
268.284
257.7
252.748
235.706
238.798
257.644
273.776
283.28
260.405
263.237
284.145
282.813
267.077
265.094
303.667
291.388
272.347
304.32
292.271
276.63
290.1
602.668
1314.38
623.261
633.725
1174.34
645.946
1221.01
309.846
363.332
316.936
421.818
469.443
474.26
413.925
283.081
277.868
315.611
300.893
281.643
302.848
280.456
321.523
332.678
332.053
345.275
334.056
333.969
320.067
294.002
310.853
315.748
305.476
306.537
312.367
292.017
291.013
309.292
309.583
323.89
293.003
307.233
301.19
354.512
373.066
333.016
438.635
490.072
482.933
461.839
646.332
1117.78
954.459
645.832
643.907
643.966
1103.9
328.451
347.993
348.542
349.191
340.638
340.337
338.542
300.314
320.486
306.921
314.803
308.563
317.273
307.595
649.642
1025.74
629.082
925.672
639.186
650.958
1073.06
337.707
335.648
336.902
313.295
298.663
296.091
314.578
230.193
288.881
288.529
279.302
215.046
212.898
280.766
216.864
224.967
285.942
274.816
197.493
206.903
267.181
338.506
332.07
339.208
309.553
280.712
290.305
302.332
264.744
240.524
160.866
262.406
157.726
237.478
189.202
256.48
171.631
218.851
150.054
230.195
182.399
246.93
308.52
344.824
350.858
315.981
223.003
303.094
328.625
250.964
309.396
327.787
328.82
319.282
320.57
338.374
337.851
325.295
343.676
335.289
333.276
326.693
342.027
343.194
344.102
344.119
345.044
342.722
327.537
324.652
343.574
328.199
318.025
319.495
333.843
310.23
307.367
334.807
335.945
348.66
342.171
341.014
308.215
318.74
334.43
328.751
330.655
313.719
331.42
287.25
300.101
323.305
321.065
294.696
246.525
287.489
283.728
290.85
323.841
314.753
270.361
261.593
237.329
275.075
282.829
303.251
301.338
316.867
96.7455
2.89006
165.938
117.749
32.4228
187.168
319.475
272.962
290.929
287.258
269.592
232.716
236.909
311.172
250.849
267.638
279.575
262.276
223.967
210.272
72.9451
121.285
76.3199
206.486
160.988
202.786
156.736
125.35
250.736
197.616
192.668
246.419
182.396
120.604
53.8463
109.577
65.3654
181.06
194.326
147.311
132.557
223.486
182.253
237.404
172.294
94.4898
110.367
156.472
34.9285
106.167
7.31514
8.38159
52.1412
101.986
48.8416
19.382
27.0129
5.25753
92.7437
31.1832
41.627
78.4721
20.2222
0.386072
0.200915
0.0685825
6.40268
2.4806
1.1932
118.054
8.24399
9.64599
10.5518
53.0199
46.5852
46.3409
82.9117
1.93267
3.23995
4.78592
34.8635
24.7625
20.9659
0.148877
0.00341974
0.000564455
0.0182593
0.00394821
0.129527
0.0214378
0.000509395
0.0193199
0.00359638
0.15106
0.000574809
0.00401019
0.021808
0.00244013
0.0126484
0.0934863
0.0539017
0.000181549
0.00691677
0.00139045
1.52033
0.369465
0.512905
0.00216737
8.22974
0.064718
0.0503864
0.293041
0.00484961
0.000540017
0.00940325
0.0172803
0.160883
0.00896397
0.513226
0.0782437
0.000919479
0.194986
2.68955
0.0306792
0.0151277
0.790113
0.0147045
0.00119304
0.0183632
0.0337503
0.0270221
0.433661
1.74896
0.0526563
0.00402086
0.0926248
0.00022133
0.00281248
0.00684521
0.0089568
0.123253
3.17792
0.123292
0.000354668
0.00462053
0.00895756
0.0433393
0.0246636
0.948769
0.0855606
0.000111129
0.00366976
0.00227811
1.93747
0.00314573
0.120372
0.12034
0.000200223
0.00685341
0.00314436
0.205261
0.28382
0.01045
0.19677
0.000425866
0.00766272
0.0103473
0.00422545
0.00318813
0.111737
0.0158967
2.14966e-05
0.000584257
0.000465288
0.057775
0.00167752
9.94556e-05
0.0122557
2.26357e-05
0.00068945
0.00035635
0.12439
0.00102892
0.0140938
0.00302303
3.0557e-05
0.000345524
0.000250058
2.925e-05
0.000222882
0.00875227
0.02452
7.82228e-05
0.00293714
0.000624859
1.76195e-05
0.000684002
0.00489965
0.000684036
3.4948e-06
8.64441e-05
1.76153e-05
0.00521513
0.00654838
0.160781
0.0337513
5.61529e-05
0.00135926
0.00108764
7.71704e-06
5.7939e-05
0.00234882
0.000481162
2.91342e-06
4.48692e-05
1.36051e-05
0.000164578
0.000325305
1.37823e-05
1.12265e-05
0.000245975
1.75286e-05
4.51015e-06
0.000354514
1.57183e-05
0.000215443
1.30792e-05
0.000272037
1.86033e-05
4.67993e-06
0.0120192
0.000464648
2.53471e-05
2.61793e-05
0.00045785
2.55459e-05
8.01007e-06
1.46235e-05
5.34205e-06
1.88908e-05
0.00583808
1.22423e-05
0.000246336
0.000164946
0.00168348
7.24259e-06
7.92921e-06
5.06443e-06
0.000140452
6.18722e-05
5.20176e-05
0.001506
7.21926e-06
5.80675e-06
9.80272e-06
8.4353e-05
0.000118861
4.44914e-05
1.94487e-05
7.78628e-06
1.79458e-05
0.00404507
1.27199e-05
0.000163161
0.000131305
0.000215927
2.24204e-06
3.25761e-06
2.33306e-06
1.8988e-05
7.31385e-06
1.91295e-05
0.000616127
6.33989e-06
3.4064e-05
4.41615e-06
1.82687e-05
4.93484e-06
3.61055e-06
8.68415e-06
6.83695e-05
2.78169e-06
1.41835e-06
6.60972e-06
1.82378e-06
1.28336e-06
3.63781e-06
5.36294e-05
4.80795e-06
3.65356e-06
4.49035e-05
5.24625e-06
5.05921e-06
5.30483e-05
3.55726e-06
4.66065e-06
4.80529e-06
4.30226e-05
5.14021e-06
4.9578e-06
2.59208e-06
2.73372e-06
9.47129e-06
6.48661e-05
2.69027e-06
7.53414e-06
3.92036e-06
1.47611e-05
1.48093e-06
1.45083e-06
1.56556e-06
1.71331e-06
3.67819e-06
2.23456e-06
2.95009e-06
3.04278e-06
2.26799e-05
1.08698e-05
2.3762e-06
2.62869e-06
2.66427e-06
0.000212117
1.85974e-05
6.67009e-08
4.13832e-08
0.00126222
9.88686e-07
4.90364e-07
5.95228e-05
3.49473e-05
2.12585e-06
0.0156475
0.0604879
9.19043e-06
0.412593
0.0125659
0.000465331
4.0686e-06
10.8176
0.000844075
0.000172847
0.252472
5.22875e-05
2.82315
0.00079667
2.04766e-06
2.12827e-06
4.59043
0.00686067
9.72263
216.415
0.0167179
46.2893
1.94554
0.000490849
2.57874e-05
0.130061
7.09053e-07
3.89122e-06
2.43904e-06
51.7487
23.789
76.8704
24.3706
11.5355
2.59126
0.666122
1.14892e-06
3.00744e-06
0.00027411
0.000593496
8.20843
3.07861e-05
0.432684
0.0423824
5.23688e-05
8.4185e-07
8.31595e-08
1.92518e-06
0.000355882
2.59928e-06
182.695
125.347
134.348
95.9089
104.391
34.3844
53.5424
1.30685e-06
6.75782e-06
3.4495e-07
1.15043e-05
0.160577
1.93942e-06
0.000303057
0.00010178
3.18334e-08
7.86217e-07
1.99793e-07
3.52671e-06
0.0944176
6.62466e-06
6.1552e-07
2.71642e-08
2.88795e-07
6.01582e-06
0.0297154
1.62564e-07
1.7625e-06
9.09551
2.91121
27.3011
0.496222
3.31265
0.12527
0.0169565
2.98173
0.0805991
3.35862
0.290609
0.0919948
0.0076754
0.00665776
3.30613
0.237585
0.285547
0.075812
0.0903535
0.00754037
0.00625345
117.984
8.21938
10.5416
46.5149
52.9954
9.62867
0.503561
1.02676
0.15608
0.0777978
0.0507168
0.0263171
0.00405926
0.00199873
0.517254
0.0660426
2.11291
0.00296824
0.0929606
0.0223183
0.000708744
2.10618
0.0159451
0.563523
0.00266509
0.0897405
0.0223396
0.000674627
1.7054
44.2045
26.9999
3.13453
0.210141
0.0699406
7.67492
56.8239
4.16421
37.0188
4.15969
0.377088
0.125625
9.71335
0.416056
0.00830349
0.0291694
0.00322998
0.0106007
0.00074813
0.000212862
1.51413
0.367692
0.512066
0.0501101
0.0645927
0.0162051
0.0021512
0.787478
0.0146573
0.0183379
0.0269059
0.0336955
0.00117953
0.000641158
1.34935
0.0523793
0.108566
0.00420844
0.00336151
0.00174017
0.00014178
0.000371218
0.00280524
0.0946447
0.00407645
1.94063e-05
0.000544923
0.000129159
0.0158958
0.00319137
0.111913
0.00422982
2.14695e-05
0.000583966
0.000132282
0.170658
0.302572
6.57566
0.323389
0.000288519
0.0123649
0.00665112
0.449664
0.59937
10.8516
0.449092
0.000485062
0.0116781
0.0166973
0.0337197
0.0052026
0.00654061
0.00135291
0.00108071
0.000222815
4.92694e-05
0.0125619
0.00406999
0.00280127
0.000545182
0.000371627
0.00012939
1.9666e-05
3.07254e-05
0.000435216
0.0161388
0.000995027
0.0188272
0.000507768
3.49205e-05
0.000980017
0.0151938
0.0185179
0.000499288
2.8979e-05
0.000408743
3.42358e-05
0.00507705
0.00177609
0.000739697
0.000280046
0.000129128
4.88015e-05
1.09566e-05
0.108477
7.05754e-05
0.00707929
0.00915555
0.00300928
0.00233023
0.325312
0.00207016
8.39653e-06
5.55708e-05
6.29367e-05
0.00236347
0.000199365
9.0871e-06
6.17598e-05
0.00194531
0.00232119
0.00019581
7.95466e-06
0.000162044
8.84736e-06
0.00962013
0.000225107
0.00455414
1.90364e-05
0.000257412
0.000123872
1.18359e-05
0.00129198
1.94966e-05
0.000665602
5.76256e-06
0.000104477
5.25712e-05
4.40617e-06
4.37475e-08
4.43483e-08
1.27286e-07
1.55066e-07
2.92343e-06
4.50046e-08
1.51228e-07
6.90502e-08
2.02924e-08
4.38592e-08
2.21542e-08
9.05485e-08
1.93273e-08
2.05808e-08
0.000113651
0.000106873
0.00325904
0.000795529
6.13419e-06
3.22393e-05
3.08485e-05
5.02032e-05
0.0104372
0.00154133
1.65213e-05
0.000455524
7.14049e-05
6.85964e-06
0.0188068
8.78227e-05
0.00239431
2.48034e-05
0.00059104
8.71397e-05
9.11694e-06
0.00678605
2.01459e-05
0.000272672
1.66236e-05
0.000215577
1.40601e-05
5.63131e-06
0.00405669
1.61219e-05
0.000160904
1.46111e-05
0.000128827
9.05974e-06
4.28077e-06
3.06793e-05
0.000467482
0.000862952
4.20744e-05
5.05981e-06
2.47269e-05
5.70596e-06
3.85184e-05
5.45407e-06
0.000101241
4.21865e-06
5.62695e-05
6.82645e-06
2.66249e-06
0.000623348
4.61256e-06
3.29327e-05
3.40427e-06
1.70663e-05
2.75707e-06
1.91188e-06
0.0101219
8.12334e-06
1.2782e-05
1.46553e-05
0.000281537
0.000422231
0.000219712
7.87662e-05
0.000427331
0.00159362
4.72144e-05
7.35462e-06
1.78352e-05
8.8832e-06
8.15421e-06
7.85277e-05
0.000259906
1.98287e-05
2.05347e-06
7.07053e-06
2.43221e-06
5.1482e-05
0.000697383
0.00128613
5.11332e-05
7.1129e-06
7.97791e-06
3.04559e-05
0.00168244
7.65722e-06
0.000140348
5.34266e-06
6.21114e-05
8.23203e-06
3.56472e-06
0.00126321
6.9101e-06
5.64507e-05
5.67415e-06
3.86855e-05
4.36271e-06
2.77596e-06
0.000155329
3.30694e-06
3.35064e-05
2.62749e-06
8.81576e-06
3.73554e-06
2.39434e-06
0.000233797
5.42564e-06
5.03473e-05
4.03669e-06
1.13629e-05
5.29745e-06
3.70691e-06
7.76649e-05
1.64426e-06
1.11774e-05
1.51824e-06
4.89657e-06
1.80916e-06
1.34909e-06
0.00014121
2.77129e-06
2.06714e-05
2.4486e-06
6.62515e-06
2.77545e-06
2.18873e-06
0.000134675
4.25893e-06
4.57868e-06
4.55765e-06
2.13542e-05
8.07615e-06
8.08582e-06
7.94657e-05
3.28635e-06
1.3958e-05
3.03755e-06
4.79205e-06
3.14406e-06
2.85697e-06
2.54817e-06
1.00263e-05
2.30949e-06
1.13702e-05
2.12196e-06
2.60993e-06
2.32563e-06
1.11229e-05
2.04111e-06
2.21788e-06
2.44396e-06
9.48585e-06
2.52462e-06
2.24326e-06
1.48121e-05
1.52727e-06
3.72222e-06
1.49624e-06
2.27937e-06
1.60898e-06
1.47318e-06
0.238692
49.6429
0.398161
147.413
0.00816277
21.3863
71.6401
0.0197469
145.705
127.642
125.728
60.0077
58.9316
44.9062
46.0406
35.9712
131.928
111.007
140.355
120.061
55.3928
41.5049
74.0242
103.046
100.89
29.5274
15.768
14.7352
30.7243
85.3654
8.88714
56.2178
65.6625
94.9402
26.3625
12.3338
0.376132
9.91954
9.54684
5.49598
0.19579
5.79617
0.182716
6.78835
0.106719
3.51574
0.318721
8.46337
4.6991
0.15064
2.32296
0.0733174
0.0176053
0.720558
0.643023
2.52599
0.0667675
0.0342509
1.24043
0.303329
1.85665
0.0132489
0.486206
0.0523049
176.966
1.12481
148.446
0.655541
182.837
0.678037
162.718
1.39149
183.213
179.914
179.737
90.4449
90.8299
87.4609
87.6682
181.695
170.942
176.923
84.7294
89.1217
84.6822
79.2847
161.318
173.43
172.612
80.7103
72.0394
71.0572
81.4023
161.484
156.42
168.602
77.2852
61.4951
67.4259
71.459
1.39811
21.9229
22.0527
20.6729
1.26701
20.7947
1.24662
19.4771
0.904795
17.1188
1.3165
21.3317
19.4565
1.12301
17.7296
0.64607
14.2312
0.99618
13.8372
18.0525
0.961334
14.0045
0.425131
10.4403
16.3293
0.554376
12.5206
0.838633
250.478
231.192
260.279
290.464
286.288
249.338
248.106
242.784
251.492
236.878
233.986
254.409
256.989
268.552
265.153
273.76
260.288
245.963
275.97
264.565
275.985
286.729
289.456
266.416
269.756
283.236
296.296
299.393
279.788
308.749
297.308
278.002
290.176
311.765
305.148
299.602
250.367
268.868
270.981
278.109
249.921
275.459
250.722
282.453
251.38
276.134
282.449
247.899
250.452
287.077
285.35
241.9
288.858
248.422
289.962
283.163
248.501
288.024
241.627
288.049
238.056
290.136
246.49
289.753
1.97447e-06
1.8973e-06
1.89775e-06
1.98174e-06
4.86722e-06
2.04671e-06
1.90027e-06
3.10948e-06
3.11551e-06
3.29084e-06
8.3424e-06
3.2513e-06
3.30665e-06
3.10408e-06
3.04559e-06
2.91704e-06
2.92266e-06
2.9265e-06
3.10126e-06
7.92125e-06
3.09934e-06
1.06449e-06
9.89324e-07
1.01517e-06
1.04243e-06
2.32483e-06
9.86274e-07
9.8574e-07
3.16562e-06
3.20986e-06
1.01302e-05
3.83166e-06
3.0193e-06
3.04175e-06
3.03668e-06
3.12234e-06
3.1013e-06
8.15619e-06
3.06175e-06
2.91838e-06
2.921e-06
2.92205e-06
)
;

boundaryField
{
    ground
    {
        type            calculated;
        value           nonuniform List<scalar> 
390
(
1759.65
1651.85
1645.41
1873.66
1850.38
1769.49
1771.03
1727.55
1756.16
1806.71
1700.8
1707.54
1654.05
1661.53
1709.37
1692.19
236.299
5.89197
136.349
238.303
564.56
565.799
221.769
546.127
443.09
573.979
459.487
451.881
451.546
460.248
575.561
518.309
410.286
434.433
97.2847
398.613
241.74
344.087
379.972
483.393
243.746
352.054
344.07
345.543
351.886
243.892
328.758
306.726
199.922
350.784
256.387
303.046
171.21
278.154
243.296
143.514
203.147
299.177
201.861
153.988
57.9576
24.9399
102.104
52.5135
331.791
546.929
664.583
1074.34
896.269
1026.91
884.224
926.722
495.795
822.464
590.961
771.459
831.375
965.787
789.793
753.628
633.117
746.952
639.136
707.205
593.46
708.388
656.309
501.493
569.052
669.087
598.562
537.547
442.458
686.311
683.504
1095.39
1105.22
1113.66
965.716
948.374
955.505
969.608
1119
697.339
827.148
814.574
809.76
824.43
695.342
388.14
476.65
416.565
1573.53
1492.43
1631.99
1716.15
1671.28
1658.9
1695.64
1564.24
1616.01
1624.11
1667.87
1635.69
1601.32
1250.01
1237.41
1521.18
1533.4
1579.17
1571.83
1717.89
1700.39
1713.23
1659.78
1666.87
1659.13
1648.83
1693.32
1569.08
1608.39
1619.32
1618.46
1611.86
1567.3
1521.02
1459.64
1453.3
1468.23
1467.18
1526.25
1557.48
1594.86
1539.34
1359.37
1371.49
1253.71
1260.45
1378.96
1373.96
687.814
1033.17
1222.59
1531.75
1438.76
1519.16
1432.71
1458.22
948.577
1356.54
1004.6
1319.06
1388.36
1491.3
1354.49
1316.01
1175.75
1110.68
1257.07
1178.02
1249.33
1118.21
1225.91
638.662
1117.78
1462.45
1610.6
1386.91
1562.12
1526.52
1585.13
985.408
1255.75
830.489
1537.91
1462.17
1368.1
1317.97
1437.82
1489.82
1527.25
1583.08
1702.53
1645.98
1691.05
1659.83
1664.65
1625.37
1623.23
1579.04
1622.79
1646.5
1672.58
1563.41
1611.61
1585.57
1249.09
1355.99
1225.18
1109.5
1032.23
1176.99
1085.54
985.937
861.6
893.737
1004.79
1128.75
1084.77
947.871
861.074
770.726
895.446
964.769
774.865
885.968
789.162
746.459
821.828
706.609
369.921
601.79
885.668
568.679
774.503
687.605
789.04
693.744
601.7
521.151
501.253
590.717
668.719
445.338
516.507
435.898
53.5953
30.5208
270.824
516.636
299.776
290.267
476.319
202.856
445.387
369.998
436.043
387.834
331.55
416.341
355.55
290.386
201.844
220.973
299.813
374.506
355.377
270.63
201.692
256.073
537.103
707.662
379.556
592.861
546.398
655.681
598.03
495.351
442.073
343.707
442.649
482.887
350.435
398.24
302.691
143.264
241.474
298.855
125.453
216.494
134.385
107.369
177.063
81.8085
1749.29
1776.35
2066.35
2036.28
1751.56
1842.65
1815.73
1854.67
1879.35
1779.77
3024.25
2057.33
1953.86
1917.07
2018.31
3016.01
3013.08
2961.58
3030.44
3003.91
2936.99
2988.88
1658.79
1739.08
1851.21
1646.53
1754
1752.19
1821.05
1778.25
1740.3
1717.31
1657.15
1700.29
1692.59
1690.75
1702.39
1663.14
883.236
1430.84
1621.54
1605.44
1464.84
1566.15
1576.21
1616.49
1314.38
1377
968.679
1623.08
1580.49
1577
1465.69
1530.54
1523.5
1517.11
1529.16
1455.92
1258.88
1248.35
1371.92
1352.6
1221.01
1174.34
954.459
1103.9
1117.78
1025.74
1073.06
925.672
0.000212117
9.72263
216.415
4.59043
125.347
53.5424
134.348
56.8239
9.71335
0.377088
0.210141
7.67492
44.2045
0.00915555
0.325312
0.00707929
)
;
    }
    outlet
    {
        type            calculated;
        value           nonuniform List<scalar> 0();
    }
    wall
    {
        type            calculated;
        value           nonuniform List<scalar> 0();
    }
    wall2
    {
        type            calculated;
        value           nonuniform List<scalar> 0();
    }
    wall3
    {
        type            calculated;
        value           nonuniform List<scalar> 0();
    }
    internalPatch
    {
        type            internal;
    }
    procBoundary4to0
    {
        type            processor;
        value           nonuniform List<scalar> 
66
(
239.001
217.514
218.331
236.283
257.682
278.675
279.739
287.791
302.708
324.066
349.853
365.162
364.109
364.372
367.069
528.328
1653.95
1703.8
1766.39
1861.68
934.224
1259.66
1816.09
2990.57
3510.91
3960.78
2792.43
2002.03
1305.06
780.298
432.545
300.177
310.142
261.586
239.443
261.329
278.146
309.115
355.612
424.687
489.885
520.482
518.832
488.077
586.267
701.164
747.558
922.372
1228.12
1521.24
2011.67
1864.97
1752.64
1227.42
953.496
770.285
539.115
395.844
749.469
737.003
765.597
709.762
1096.07
1071.07
1171.38
1036.51
)
;
    }
    procBoundary4to1
    {
        type            processor;
        value           nonuniform List<scalar> 
208
(
7.50068
7.68782
52.7394
52.1633
49.7025
6.81598
0.24438
0.277122
0.287061
0.193664
0.136869
0.0817231
0.038122
0.0132873
0.00337701
0.000626517
8.71089e-05
1.35214e-05
0.000359758
0.0146094
0.589541
14.2042
67.3819
143.569
211.71
254.344
286.971
311.956
330.236
362.141
372.409
364.542
352.311
339.72
324.285
308.784
299.279
310.306
387.983
658.235
1417.35
1498.63
1552.83
1586.76
1605.64
1612.21
1603.73
1596.64
509.753
316.575
296.383
298.095
303.69
309.402
304.677
298.796
295.053
294.974
298.274
306.128
285.003
264.75
246.359
232.163
253.594
267.772
245.9
245.192
242.235
235.111
223.671
137.528
136.553
132.658
126.069
45.396
5.67031
4.26014
2.72704
1.34803
0.48548
0.131136
0.0247776
0.00345336
0.139601
5.03228
42.5916
116.615
194.615
233.296
261.979
283.737
300.275
340.408
360.281
361.037
353.558
344.035
334.526
319.845
302.712
291.535
293.528
357.985
625.993
596.43
571.16
549.374
531.945
516.3
310.99
285.887
285.723
296.844
307.489
306.129
301.538
298.429
298.551
302.038
309.868
311.663
309.234
294.954
278.909
264.482
273.861
280.433
284.576
283.567
283.646
222.664
218.697
212.053
202.481
116.404
39.3542
31.5172
22.0395
12.1826
4.58867
0.975339
19.0648
79.3884
161.563
197.205
224.348
244.943
260.1
311.208
341.576
349.36
346.773
342.936
337.423
329.542
316.369
298.061
285.639
284.059
336.521
322.807
314.916
312.57
282.585
282.082
296.931
311.571
314.587
311.428
307.997
306.904
309.622
316.543
314.433
281.706
277.369
270.514
316.342
335.4
335.125
332.646
332.013
329.858
324.797
314.015
295.641
282.143
280.338
280.002
280.668
295.235
312.591
320.068
321.156
319.75
318.925
321.118
325.601
316.604
189.14
103.173
85.8244
64.5521
40.9126
115.902
146.81
170.887
)
;
    }
    procBoundary4to2
    {
        type            processor;
        value           nonuniform List<scalar> 
288
(
5.12893e-06
0.000113735
0.000343852
1.05285e-05
2.31541e-05
3.93743e-05
3.93743e-05
6.39951e-06
2.34375e-06
2.31416e-06
2.39914e-06
2.20839e-05
0.000556537
0.0193668
0.000812187
3.60501e-05
3.48728e-06
2.78639e-06
3.37963e-06
2.67764e-05
0.000464608
0.00715262
0.077288
0.512362
2.09455
4.78215
7.60495
10.7404
19.2402
55.6152
124.973
189.484
225.692
331.665
435.287
543.916
658.989
780.641
913.827
1057.39
1201.74
1331.32
1436.43
1514.87
1514.87
1496.48
1459.57
1397.4
651.823
381.825
303.317
291.665
301.36
316.939
333.27
347.212
360.06
367.913
358.391
358.391
342.236
315.89
281.439
186.228
115.35
45.3412
6.2233
0.185978
0.0046715
0.0139226
0.0319499
0.000811096
0.00146428
0.00146428
0.000119116
4.14797e-06
0.000293772
0.0109063
0.397166
9.84363
0.635129
0.0251818
0.000904314
2.53353e-05
0.000756439
0.0155608
0.242797
2.56578
11.465
24.9631
37.3826
47.2158
57.2889
78.922
136.711
222.761
291.279
384.133
467.85
541.595
602.461
644.349
656.6
641.397
611.717
578.536
553.693
553.693
581.403
614.945
345.558
279.258
275.848
287.428
304.433
320.627
333.847
345.002
355.652
357.232
357.232
351.014
329.969
298.465
209.658
140.779
65.088
13.2676
0.543327
1.24162
2.18223
0.0573635
0.0573635
0.00461338
0.176518
5.74286
43.3024
112.553
52.0899
11.9187
0.692618
0.0235627
0.502497
6.61877
27.7612
57.0808
83.3881
103.28
118.553
134.496
163.913
228.394
316.038
394.367
456.509
495.614
494.212
450.884
391.937
342.819
312.773
298.989
298.989
318.575
262.366
262.193
274.797
292.662
308.57
321.57
332.056
342.238
350.349
350.349
353.026
339.318
311.599
227.133
160.595
82.1645
21.329
28.4041
28.4041
2.18223
95.0206
174.717
239.584
184.424
117.387
52.1546
10.5901
43.1622
87.9189
128.64
158.196
178.94
195.713
215.718
244.883
307.759
363.932
393.398
382.559
341.565
296.702
267.105
252.153
250.429
250.429
251.137
263.574
281.68
297.815
310.481
321.34
331.533
342.235
342.235
350.568
344.23
320.706
239.584
174.717
95.0206
320.706
284.806
239.179
180.288
109.135
161.734
199.862
225.168
241.984
256.049
274.927
303.464
336.108
331.468
300.56
272.586
257.808
250.794
251.137
263.574
281.68
297.815
310.481
321.34
331.533
342.235
350.568
344.23
351.563
343.288
316.753
276.868
226.272
256.753
276.697
288.524
296.493
308.604
313.63
296.991
278.535
267.369
261.904
279.07
297.322
313.574
328.98
343.656
339.518
345.398
333.554
301.447
315.176
317.448
313.124
306.134
292.069
282.857
301.84
320.954
331.289
333.789
321.995
311.516
)
;
    }
    procBoundary4to3
    {
        type            processor;
        value           nonuniform List<scalar> 
906
(
2.98423e-09
2.52042e-09
2.52042e-09
2.98423e-09
2.98423e-09
2.98423e-09
2.44363e-09
2.44363e-09
2.44363e-09
2.52042e-09
2.52042e-09
2.52042e-09
2.52042e-09
1.73146e-09
2.48269e-08
1.11517e-07
1.11517e-07
1.51387e-06
6.09896e-08
2.44014e-08
1.48888e-08
3.62541e-08
2.44363e-09
4.908e-08
1.42665e-08
1.77722e-08
6.37045e-08
6.37045e-08
1.71925e-08
2.52042e-09
2.52042e-09
1.73146e-09
1.73146e-09
1.73146e-09
8.07835e-08
8.07835e-08
1.3568e-06
1.11517e-07
1.11517e-07
1.51387e-06
1.51387e-06
1.51387e-06
4.40961e-06
2.8024e-07
2.8024e-07
3.18158e-08
2.1363e-08
1.90611e-07
1.90611e-07
3.5596e-06
6.26404e-07
6.26404e-07
6.26404e-07
4.25062e-06
4.80247e-07
4.80247e-07
3.24431e-08
3.63165e-08
6.28857e-07
6.28857e-07
6.28857e-07
6.28857e-07
2.96338e-08
1.13813e-08
6.89218e-09
9.08259e-10
9.08259e-10
9.08259e-10
7.71489e-09
1.33795e-08
2.82181e-08
2.82181e-08
8.07835e-08
8.07835e-08
8.07835e-08
1.43757e-06
3.42352e-06
1.45814e-06
9.9444e-06
8.45946e-05
0.000692897
3.42103e-05
0.000156123
9.57607e-06
2.8024e-07
2.8024e-07
1.16239e-06
9.38938e-08
7.3089e-08
7.1218e-07
1.90611e-07
1.90611e-07
5.18547e-06
3.96787e-05
1.07295e-05
6.26404e-07
1.95036e-05
0.000210353
1.97314e-05
4.80247e-07
4.80247e-07
2.85211e-06
2.75879e-07
2.75879e-07
2.67968e-07
2.67968e-07
3.21805e-06
6.28857e-07
6.28857e-07
6.28857e-07
6.28857e-07
3.07936e-06
1.59242e-07
1.59242e-07
6.39431e-08
6.39431e-08
5.89538e-07
6.08047e-08
6.08047e-08
1.2817e-08
9.08259e-10
1.03896e-08
3.62928e-08
9.09849e-09
1.71827e-08
1.85483e-07
1.85483e-07
1.85483e-07
1.85483e-07
1.79683e-08
1.3506e-08
2.31064e-08
5.96828e-08
1.35456e-06
1.43757e-06
3.42352e-06
0.000119414
0.000119414
0.00150833
0.0122839
0.0579711
0.00331172
0.00943917
0.000465881
2.86235e-05
1.16239e-06
1.16239e-06
1.16239e-06
1.66773e-06
1.47731e-07
1.47731e-07
1.23942e-07
1.23942e-07
1.58688e-06
7.1218e-07
7.1218e-07
7.1218e-07
1.39451e-05
0.000137734
0.00201385
0.000691647
0.000150733
0.00173598
0.0164991
0.00215108
0.00018099
1.16407e-05
7.40826e-05
5.72077e-06
2.75879e-07
2.75879e-07
2.67968e-07
2.67968e-07
5.91015e-06
7.94726e-05
1.38984e-05
1.38984e-05
7.94726e-05
4.69497e-06
1.59242e-07
1.59242e-07
6.39431e-08
6.39431e-08
5.89538e-07
5.89538e-07
5.89538e-07
6.08047e-08
6.08047e-08
9.937e-07
1.24828e-07
1.24828e-07
1.24828e-07
6.13739e-07
3.62928e-08
3.62928e-08
3.62928e-08
1.94314e-07
3.14474e-08
5.52424e-08
1.37769e-06
1.85483e-07
1.85483e-07
1.85483e-07
1.85483e-07
1.37769e-06
6.48086e-08
4.99847e-08
1.20575e-08
8.41881e-09
1.66503e-08
1.86339e-07
5.86455e-07
5.86455e-07
7.49702e-06
1.40414e-06
4.48508e-05
0.00150833
0.0122839
0.0579711
0.161817
0.161817
0.295553
0.0173898
0.000857898
4.55738e-05
7.22609e-05
3.24419e-06
1.40675e-05
1.97726e-06
1.47731e-07
1.47731e-07
1.23942e-07
1.23942e-07
1.67973e-06
4.30018e-06
1.9675e-06
3.25338e-05
2.06108e-05
0.000252649
0.00374805
0.0431206
0.0232489
0.00815663
0.0768167
0.535022
0.121871
0.0160196
0.00135235
0.00759196
0.00045756
2.45057e-05
1.40086e-06
1.40086e-06
1.2309e-06
1.2309e-06
2.24526e-05
0.000428209
0.000428209
1.44071e-05
5.44618e-07
5.44618e-07
1.88981e-07
1.88981e-07
2.98515e-06
5.18916e-06
4.41202e-05
1.27232e-05
6.03371e-06
9.937e-07
9.937e-07
9.937e-07
1.24828e-07
6.13739e-07
6.13739e-07
6.13739e-07
3.29201e-06
1.94314e-07
1.94314e-07
1.94314e-07
5.42422e-07
5.56634e-08
1.16185e-07
2.27049e-06
1.37769e-06
1.37769e-06
1.37769e-06
1.37769e-06
1.37769e-06
1.37769e-06
2.33007e-06
1.51822e-07
1.51822e-07
1.35708e-07
1.35708e-07
2.12933e-06
7.14329e-07
7.14329e-07
9.39186e-08
9.39186e-08
9.39186e-08
2.38088e-06
1.86339e-07
1.86339e-07
1.86339e-07
5.86455e-07
5.86455e-07
1.04967e-05
0.000358219
0.0016875
0.00487551
0.00904076
0.295553
0.518915
0.518915
0.030935
0.00155035
0.0104972
0.000458588
0.0124101
0.000423718
1.46238e-05
1.17168e-06
1.01908e-06
7.48178e-07
8.53053e-07
8.5467e-06
0.000150793
0.00288813
0.000132962
0.00195298
0.000425986
0.00606113
0.0694764
0.615988
0.387595
0.212679
1.4607
6.17931
2.76559
0.649006
0.0895472
0.363895
0.0318241
0.00193231
9.34926e-05
1.40086e-06
1.40086e-06
1.2309e-06
1.2309e-06
7.64354e-05
0.00161242
0.00161242
4.44501e-05
5.44618e-07
5.44618e-07
1.88981e-07
1.88981e-07
3.5264e-06
9.88627e-06
0.000105075
0.000472426
0.000201881
5.55369e-05
1.66802e-05
7.98491e-05
1.66576e-05
6.00319e-06
1.27047e-05
4.41723e-05
5.49505e-06
1.01865e-05
3.83567e-06
8.59273e-06
5.42422e-07
5.42422e-07
5.42422e-07
9.76194e-07
1.06629e-07
1.06629e-07
2.12873e-07
2.12873e-07
3.77645e-06
2.48506e-06
1.79143e-05
8.97505e-06
8.97505e-06
1.79143e-05
2.63879e-06
1.51822e-07
1.51822e-07
1.35708e-07
1.35708e-07
2.32207e-06
8.60106e-06
4.72516e-06
7.14329e-07
7.14329e-07
9.39186e-08
2.62817e-06
5.43078e-06
2.75346e-06
1.68745e-05
1.79093e-06
1.47193e-06
2.04443e-06
2.87282e-06
4.39914e-05
0.000140447
0.000260937
0.000433494
0.0152944
0.079081
2.71463
2.71463
0.196495
4.81234
0.304174
6.60197
0.324613
0.0101449
0.000281769
4.37464e-06
1.08346e-06
8.03136e-07
2.88963e-06
0.000136087
0.00332065
0.0673637
1.06709
0.0442152
0.520593
0.0243711
0.241489
1.84406
8.52723
3.88493
2.59658
9.43289
20.8894
15.2623
8.35627
2.60248
26.5091
40.0964
87.1476
167.411
237.485
277.784
242.946
201.527
153.699
101.861
52.3438
16.263
1.93673
0.102318
0.00424638
0.000145921
5.81676e-06
7.30801e-06
0.000229843
0.0091658
0.326125
7.69781
44.2975
107.532
177.278
177.278
81.9959
16.35
0.573544
0.132035
1.19142
7.02179
21.6958
43.9615
69.1761
93.2434
113.034
126.58
132.987
133.214
128.676
98.1171
50.1187
11.8672
1.62583
0.680577
0.435365
0.245124
0.0972737
0.0233385
0.00348527
0.000332248
1.88058e-05
3.91897e-06
2.64634e-07
2.64634e-07
2.88062e-07
2.88062e-07
4.26214e-06
3.50146e-05
3.50146e-05
3.92956e-06
2.19074e-07
2.19074e-07
1.08588e-07
1.08588e-07
9.51639e-07
9.51639e-07
1.55584e-05
1.0238e-05
6.66491e-06
4.39048e-06
3.74664e-06
6.73023e-06
5.40732e-05
0.000247489
0.000926663
0.00245067
0.004882
0.00781039
0.0109536
0.013826
0.0156998
0.0162573
0.0253083
0.0341681
0.0399904
0.0432038
0.0471745
0.0500396
0.0509223
0.049984
0.0443965
0.033863
0.0222581
0.0124649
0.00575197
0.0020119
0.000531215
9.36054e-05
1.76545e-05
9.69808e-07
9.69808e-07
3.0643e-06
9.46685e-06
0.000501684
0.0186516
0.0153641
0.00973046
0.00459632
0.000124959
3.024e-06
1.45851e-06
5.54423e-07
5.54423e-07
8.02557e-06
3.18697e-05
0.000217127
0.000913079
0.00299241
0.00173603
0.000815854
0.000289156
0.000951316
0.000289366
5.55701e-05
0.000202138
0.000472636
0.000105083
0.000216675
3.23465e-05
5.37803e-05
1.1454e-05
1.6555e-05
9.76194e-07
9.76194e-07
9.76194e-07
1.06629e-07
1.06629e-07
2.12873e-07
2.12873e-07
3.97125e-06
4.05578e-05
3.31843e-05
3.31843e-05
4.09843e-06
2.80409e-07
2.80409e-07
2.58261e-07
2.58261e-07
3.83554e-06
1.82914e-05
0.000324677
0.000192248
8.4574e-05
2.66905e-05
8.56539e-06
6.70124e-05
0.000512666
9.39546e-05
0.000421839
6.1059e-05
3.06458e-06
1.57508e-06
4.6015e-06
6.8484e-06
1.01523e-05
1.51207e-05
5.09637e-05
0.00198267
0.0446501
1.94926
24.8644
24.8644
83.0829
34.9598
79.4835
27.0698
3.14521
0.108735
0.00301247
7.62943e-05
3.7223e-06
2.86713e-06
4.88462e-05
0.00140328
0.0337804
0.661045
7.84003
32.9511
9.06655
31.1057
4.16269
16.0941
36.6931
61.7494
22.2001
12.8269
135.524
204.061
164.431
119.852
73.7005
63.7088
100.027
143.58
143.58
57.0645
7.89325
0.197295
0.0454073
0.424543
2.95457
11.568
27.1689
46.7792
66.6018
83.6198
95.5646
101.46
102.064
52.7089
12.8776
1.84125
0.781517
0.500578
0.284875
0.115302
0.0280319
0.00423082
0.00040318
2.22989e-05
4.08285e-06
2.64634e-07
2.64634e-07
2.88062e-07
2.88062e-07
4.48956e-06
4.11824e-05
4.11824e-05
4.08085e-06
2.19074e-07
2.19074e-07
1.08588e-07
1.08588e-07
9.51639e-07
9.51639e-07
1.71782e-05
9.90526e-05
8.92194e-05
6.55815e-05
3.96319e-05
1.23595e-05
0.000125828
0.00055108
0.00186916
0.0044898
0.0083474
0.0129345
0.0177551
0.0219558
0.0245528
0.0334038
0.039697
0.0435083
0.0476935
0.0509744
0.0519857
0.0499566
0.043318
0.0324159
0.0210534
0.0116867
0.00532806
0.0018261
0.00047327
8.17542e-05
1.58727e-05
9.69808e-07
9.69808e-07
3.02431e-06
8.30554e-06
0.000413692
0.000260874
4.8555e-06
1.51705e-06
5.54423e-07
5.54423e-07
1.09152e-05
5.35085e-05
0.000352352
0.00140957
0.00431483
0.00971836
0.00709313
0.00449611
0.00236733
0.0051649
0.00236863
0.000816731
0.00173697
0.00299073
0.000911964
0.00140548
0.000350946
0.000471243
8.19923e-05
9.43114e-05
1.83303e-05
0.000530458
0.000534844
0.000486549
0.000376249
0.0002416
0.00100202
0.00309008
0.00694279
0.0124458
0.018974
0.0254651
0.0305959
0.0378223
0.0428339
0.0472014
0.0501289
0.0500377
0.0462793
0.0383875
0.0278336
0.0177684
0.0133085
0.00892018
0.0146375
0.00892519
0.0044986
0.00709494
0.00971777
0.00430812
0.00532197
0.00182073
0.00201156
0.00202868
0.00186286
0.00148669
0.00434127
0.00941563
0.0166243
0.0250004
0.0327856
0.0384539
0.0424349
0.0445816
0.0434449
0.0384489
0.0302327
0.0212696
0.0212928
0.0133231
0.0177943
0.0211031
0.0116941
0.0124954
0.00575684
0.00573152
0.00529949
0.0113683
0.0199876
0.029854
0.0328035
0.0340402
0.0325366
0.0278958
0.0223476
0.0217972
0.0123161
4.05578e-05
4.37835e-06
2.80409e-07
2.80409e-07
2.58261e-07
2.58261e-07
4.02684e-06
2.21508e-05
0.000402155
0.00422444
0.0034197
0.00204476
0.000886723
0.000272849
0.00209076
0.00923588
0.00230276
0.0063878
0.00124927
0.000180607
1.70367e-05
2.92182e-05
5.61073e-06
8.86804e-06
1.84301e-05
0.000245306
0.000948374
0.0202405
1.07722
21.063
83.0829
0.00480766
0.0470043
0.349151
2.014
7.21976
16.4918
28.0198
39.1643
47.5898
51.9457
12.4761
1.77872
0.765787
0.494114
0.282674
0.114705
0.0279516
0.022907
0.0142137
0.00644368
0.0273117
0.0712384
0.0243239
0.0427588
0.0114156
0.00229999
0.00033407
0.000507675
5.14149e-05
0.000147615
0.0023575
0.01765
0.104381
0.468867
1.64958
4.14082
7.55952
10.6988
1.44373
0.631027
0.413617
0.237415
0.0950838
0.0595985
0.152806
0.26425
0.124106
0.187543
0.0659018
0.017269
0.00349494
0.00835582
0.00130449
0.0403748
0.150262
0.416164
0.893112
0.397052
)
;
    }
    procBoundary4to5
    {
        type            processor;
        value           nonuniform List<scalar> 
566
(
0.658334
0.390496
0.193775
0.0732402
0.0198493
0.0039845
0.000563171
6.19156e-05
8.58631e-06
0.00019815
0.00766282
0.290201
8.43244
0.678536
0.558611
0.355966
0.170639
0.170639
0.0079318
0.000327882
2.16485e-05
0.000360374
0.00941484
0.207173
3.25388
18.3374
43.6725
68.0435
86.3968
99.6041
112.331
138.088
199.444
288.02
358.607
409.846
517.768
632.465
752.822
752.822
788.949
813.75
826.443
964.909
1112.56
1252.22
1369.55
1457.29
1518.38
1564.65
1609.44
1658.16
1712.99
1781.52
1884.13
2072.36
3024.01
3022.84
3005.61
3011.5
2038.84
914.434
1114.75
1725.73
3401.27
5043.41
9857.78
8231.62
6578.05
3184.33
1986.72
1108.81
689.755
464.172
286.719
222.934
204.264
207.707
223.726
246.807
263.285
245.297
178.101
176.408
172.031
164.298
152.578
63.6792
11.159
0.480485
0.721174
0.951273
1.09612
1.17641
1.26166
1.31741
1.32229
1.31438
1.20452
0.956472
17.56
13.9293
9.76252
5.73904
2.51995
0.723774
0.150457
0.0217306
0.00235681
0.0917695
3.35119
35.006
106.19
52.189
14.0485
12.4204
9.16138
5.23904
5.23904
0.264284
0.0101138
0.283922
5.60821
30.7293
71.3631
111.19
140.714
160.963
176.159
193.465
220.358
281.219
368.211
442.82
517.446
581.084
581.084
598.348
609.619
615.448
646.206
644.205
619.219
582.166
548.475
526.943
517.298
524.162
556.162
621.956
738.363
980.3
950.965
989.563
1022.26
1159.16
1110.86
1081
1133.48
929.417
952.985
1241.17
2678.94
4953.63
15899.1
25844.5
35346.8
12220.7
6506.37
2559.89
1404.78
766.67
903.651
534.916
365.079
266.238
206.396
194.394
202.607
221.276
245.554
262.599
246.072
179.44
86.4712
85.3255
83.804
79.9813
73.1255
14.6229
17.3938
18.9176
19.6503
20.3846
20.8523
21.0468
21.1007
20.1119
85.9692
80.1195
71.1474
59.4333
45.7339
30.6205
15.7772
5.07822
0.826469
17.2252
76.349
161.003
236.97
187.206
125.321
62.637
58.7994
50.5184
38.3803
38.3803
6.47757
38.2908
90.9926
143.445
182.702
208.754
225.833
238.95
256.488
283.097
340.617
432.19
477.313
477.313
486.842
490.077
490.913
470.556
415.006
356.096
315.889
293.218
285.735
294.579
325.069
391.597
523.295
798.537
983.769
1345.71
2007.69
1172.86
1436.45
1609.2
1961.84
998.971
996.259
1643.88
1593.61
3198.35
11762.6
32599.1
88660.3
72475
49270.5
9266.33
4238.34
1611.4
1941.83
922.583
546.127
359.697
352.365
269.896
208.283
195.254
202.962
221.459
245.965
263.447
247.347
180.335
87.0361
87.9836
88.339
180.695
178.081
171.983
161.621
146.607
127.099
102.744
73.9109
43.2463
121.222
206.453
272.96
319.392
290.935
250.756
197.584
131.242
126.308
115.545
98.8436
98.8436
161.78
209.593
241.157
261.945
274.532
282.856
295.351
322.584
377.291
377.291
384.541
385.759
385.684
359.135
310.462
272.212
251.336
243.287
246.34
261.528
297.299
377.445
537.911
744.173
1098.99
1684.96
1288.43
2099.41
3279.32
6644.5
2637.95
4262.35
4304.19
4941.87
15973.3
80086.5
151182
133127
58776.7
22473.9
4326.26
5205.45
1730.94
904.511
539.081
558.335
374.711
477.767
294.41
226.817
206.522
209.039
224.49
247.364
263.868
246.735
180.718
247.994
248.6
247.257
241.876
231.209
214.558
191.49
160.683
240.368
298.474
335.414
344.221
344.913
327.437
294.64
250.904
194.334
189.366
178.644
161.78
209.593
241.157
261.945
274.532
282.856
295.351
322.584
329.999
331.453
331.376
312.042
278.159
257.52
247.458
243.588
247.408
262.727
298.777
379.999
545.365
788.461
771.022
1153.6
2007.78
3669.77
2965.88
6175.96
13565.9
49323.6
9306.94
23977.6
49020.4
130750
132568
80243.3
14663.1
12000.5
3669.18
1678.64
877.185
799.419
716.794
830.542
458.656
310.615
244.741
221.217
220.456
233.28
254.043
268.218
274.54
282.259
288.081
288.271
280.31
264.439
314.222
336.56
331.788
319.826
332.465
343.991
343.464
323.72
287.406
239.153
234.751
224.892
255.606
275.738
287.2
293.807
303.925
306.8
307.67
301.406
280.624
265.378
256.786
253.285
257.255
272.034
306.608
377.738
518.043
819.826
794.31
1169.65
1233.16
1997.66
4334.4
8358.47
9345.32
27378.3
93169.9
77134.9
43443.8
13112.6
6597.33
2704.44
1423.3
1209.94
2131.87
1419.64
1032.81
1340.83
1853.86
2995.55
6611.01
3520.25
2268.8
34384.3
576.558
415.522
322.427
268.368
243.597
238.619
247.376
264.532
279.137
295.664
310.599
318.557
324.596
315.894
308.321
302.857
309.254
317.159
327.639
337.765
334.758
310.082
268.626
264.758
283.944
293.979
298.598
300.425
305.954
292.468
279.44
271.839
268.958
272.678
285.675
312.378
360.044
441.331
369.747
319.148
284.668
265.355
259.974
265.828
285.751
306.102
298.93
296.492
297.64
302.375
298.328
298.172
301.612
308.379
319.297
328.2
319.447
287.252
296.697
315.958
311.152
298.496
290.056
285.932
286.606
293.639
308.168
332.572
309.845
292.767
282.968
280.551
)
;
    }
}


// ************************************************************************* //
