/*--------------------------------*- C++ -*----------------------------------*\
  =========                 |
  \\      /  F ield         | OpenFOAM: The Open Source CFD Toolbox
   \\    /   O peration     | Website:  https://openfoam.org
    \\  /    A nd           | Version:  9
     \\/     M anipulation  |
\*---------------------------------------------------------------------------*/
FoamFile
{
    format      ascii;
    class       refinementHistory;
    location    "0.0006/polyMesh";
    object      refinementHistory;
}
// * * * * * * * * * * * * * * * * * * * * * * * * * * * * * * * * * * * * * //

// splitCells

1754
(
1 0()
-1 8(0 2 3 4 5 6 7 8)
1 0()
1 0()
1 0()
1 0()
1 0()
1 0()
1 0()
10 0()
-1 8(9 11 12 13 14 15 16 17)
10 0()
10 0()
10 0()
10 0()
10 0()
10 0()
10 0()
19 0()
-1 8(18 20 21 22 23 24 25 26)
19 0()
19 0()
19 0()
19 0()
19 0()
19 0()
19 0()
28 0()
-1 8(27 29 30 31 32 33 34 35)
28 0()
28 0()
28 0()
28 0()
28 0()
28 0()
28 0()
37 0()
-1 8(36 38 39 40 41 42 43 44)
37 0()
37 0()
37 0()
37 0()
37 0()
37 0()
37 0()
46 0()
-1 8(45 47 48 49 50 51 52 53)
46 0()
46 0()
46 0()
46 0()
46 0()
46 0()
46 0()
55 0()
-1 8(54 56 57 58 59 60 61 62)
55 0()
55 0()
55 0()
55 0()
55 0()
55 0()
55 0()
64 0()
-1 8(63 65 66 67 68 69 70 71)
64 0()
64 0()
64 0()
64 0()
64 0()
64 0()
64 0()
73 0()
74 8(72 138 139 140 141 142 143 144)
-1 8(73 75 84 93 102 111 120 129)
74 8(76 77 78 79 80 81 82 83)
75 0()
75 0()
75 0()
75 0()
75 0()
75 0()
75 0()
75 0()
74 8(85 86 87 88 89 90 91 92)
84 0()
84 0()
84 0()
84 0()
84 0()
84 0()
84 0()
84 0()
74 8(94 95 96 97 98 99 100 101)
93 0()
93 0()
93 0()
93 0()
93 0()
93 0()
93 0()
93 0()
74 8(103 104 105 106 107 108 109 110)
102 0()
102 0()
102 0()
102 0()
102 0()
102 0()
102 0()
102 0()
74 8(112 113 114 115 116 117 118 119)
111 0()
111 0()
111 0()
111 0()
111 0()
111 0()
111 0()
111 0()
74 8(121 122 123 124 125 126 127 128)
120 0()
120 0()
120 0()
120 0()
120 0()
120 0()
120 0()
120 0()
74 8(130 131 132 133 134 135 136 137)
129 0()
129 0()
129 0()
129 0()
129 0()
129 0()
129 0()
129 0()
73 0()
73 0()
73 0()
73 0()
73 0()
73 0()
73 0()
146 0()
-1 8(145 147 156 165 166 175 184 193)
146 8(148 149 150 151 152 153 154 155)
147 0()
147 0()
147 0()
147 0()
147 0()
147 0()
147 0()
147 0()
146 8(157 158 159 160 161 162 163 164)
156 0()
156 0()
156 0()
156 0()
156 0()
156 0()
156 0()
156 0()
146 0()
146 8(167 168 169 170 171 172 173 174)
166 0()
166 0()
166 0()
166 0()
166 0()
166 0()
166 0()
166 0()
146 8(176 177 178 179 180 181 182 183)
175 0()
175 0()
175 0()
175 0()
175 0()
175 0()
175 0()
175 0()
146 8(185 186 187 188 189 190 191 192)
184 0()
184 0()
184 0()
184 0()
184 0()
184 0()
184 0()
184 0()
146 8(194 195 196 197 198 199 200 201)
193 0()
193 0()
193 0()
193 0()
193 0()
193 0()
193 0()
193 0()
203 0()
-1 8(202 204 205 206 207 208 209 210)
203 0()
203 0()
203 0()
203 0()
203 0()
203 0()
203 0()
212 0()
-1 8(211 213 214 215 216 217 218 219)
212 0()
212 0()
212 0()
212 0()
212 0()
212 0()
212 0()
221 0()
-1 8(220 222 223 224 225 226 227 228)
221 0()
221 0()
221 0()
221 0()
221 0()
221 0()
221 0()
230 0()
-1 8(229 231 232 233 234 235 236 237)
230 0()
230 0()
230 0()
230 0()
230 0()
230 0()
230 0()
239 0()
-1 8(238 240 241 242 243 244 245 246)
239 0()
239 0()
239 0()
239 0()
239 0()
239 0()
239 0()
248 0()
-1 8(247 249 250 251 252 253 254 255)
248 0()
248 0()
248 0()
248 0()
248 0()
248 0()
248 0()
257 0()
-1 8(256 258 259 260 261 262 263 264)
257 0()
257 0()
257 0()
257 0()
257 0()
257 0()
257 0()
266 0()
-1 8(265 267 268 269 270 271 272 273)
266 0()
266 0()
266 0()
266 0()
266 0()
266 0()
266 0()
275 0()
-1 8(274 276 277 278 279 280 281 282)
275 0()
275 0()
275 0()
275 0()
275 0()
275 0()
275 0()
284 0()
-1 8(283 285 286 287 288 289 290 291)
284 0()
284 0()
284 0()
284 0()
284 0()
284 0()
284 0()
293 0()
-1 8(292 294 295 296 297 298 299 300)
293 0()
293 0()
293 0()
293 0()
293 0()
293 0()
293 0()
302 0()
-1 8(301 303 304 305 306 307 308 309)
302 0()
302 0()
302 0()
302 0()
302 0()
302 0()
302 0()
311 0()
-1 8(310 312 313 314 315 316 317 318)
311 0()
311 0()
311 0()
311 0()
311 0()
311 0()
311 0()
320 0()
-1 8(319 321 322 323 324 325 326 327)
320 0()
320 0()
320 0()
320 0()
320 0()
320 0()
320 0()
329 0()
-1 8(328 330 331 332 333 334 335 336)
329 0()
329 0()
329 0()
329 0()
329 0()
329 0()
329 0()
338 0()
-1 8(337 339 340 341 342 343 344 345)
338 0()
338 0()
338 0()
338 0()
338 0()
338 0()
338 0()
347 0()
-1 8(346 348 349 350 351 352 353 354)
347 0()
347 0()
347 0()
347 0()
347 0()
347 0()
347 0()
356 0()
-1 8(355 357 358 359 360 361 362 363)
356 0()
356 0()
356 0()
356 0()
356 0()
356 0()
356 0()
365 0()
-1 8(364 366 367 368 369 370 371 372)
365 0()
365 0()
365 0()
365 0()
365 0()
365 0()
365 0()
374 0()
-1 8(373 375 376 377 378 379 380 381)
374 0()
374 0()
374 0()
374 0()
374 0()
374 0()
374 0()
383 0()
-1 8(382 384 385 386 387 388 389 390)
383 0()
383 0()
383 0()
383 0()
383 0()
383 0()
383 0()
392 0()
-1 8(391 393 394 395 396 397 398 399)
392 0()
392 0()
392 0()
392 0()
392 0()
392 0()
392 0()
401 0()
-1 8(400 402 403 404 405 406 407 408)
401 0()
401 0()
401 0()
401 0()
401 0()
401 0()
401 0()
410 0()
-1 8(409 411 412 413 414 415 416 417)
410 0()
410 0()
410 0()
410 0()
410 0()
410 0()
410 0()
419 0()
-1 8(418 420 421 422 423 424 425 426)
419 0()
419 0()
419 0()
419 0()
419 0()
419 0()
419 0()
428 0()
-1 8(427 429 430 431 432 433 434 435)
428 0()
428 0()
428 0()
428 0()
428 0()
428 0()
428 0()
437 0()
-1 8(436 438 439 440 441 442 443 444)
437 0()
437 0()
437 0()
437 0()
437 0()
437 0()
437 0()
446 0()
-1 8(445 447 448 449 450 451 452 453)
446 0()
446 0()
446 0()
446 0()
446 0()
446 0()
446 0()
455 0()
-1 8(454 456 457 458 459 460 461 462)
455 0()
455 0()
455 0()
455 0()
455 0()
455 0()
455 0()
464 0()
-1 8(463 465 466 467 468 469 470 471)
464 0()
464 0()
464 0()
464 0()
464 0()
464 0()
464 0()
473 0()
-1 8(472 474 475 476 477 478 479 480)
473 0()
473 0()
473 0()
473 0()
473 0()
473 0()
473 0()
482 0()
-1 8(481 483 484 485 486 487 488 489)
482 0()
482 0()
482 0()
482 0()
482 0()
482 0()
482 0()
491 0()
-1 8(490 492 493 494 495 496 497 498)
491 0()
491 0()
491 0()
491 0()
491 0()
491 0()
491 0()
500 0()
-1 8(499 501 502 503 504 505 506 507)
500 0()
500 0()
500 0()
500 0()
500 0()
500 0()
500 0()
509 0()
-1 8(508 510 511 512 513 514 515 516)
509 0()
509 0()
509 0()
509 0()
509 0()
509 0()
509 0()
518 0()
-1 8(517 519 520 521 522 523 524 525)
518 0()
518 0()
518 0()
518 0()
518 0()
518 0()
518 0()
527 0()
-1 8(526 528 529 530 531 532 533 534)
527 0()
527 0()
527 0()
527 0()
527 0()
527 0()
527 0()
536 0()
-1 8(535 537 538 539 540 541 542 543)
536 0()
536 0()
536 0()
536 0()
536 0()
536 0()
536 0()
545 0()
-1 8(544 546 547 548 549 550 551 552)
545 0()
545 0()
545 0()
545 0()
545 0()
545 0()
545 0()
554 0()
-1 8(553 555 556 557 558 559 560 561)
554 0()
554 0()
554 0()
554 0()
554 0()
554 0()
554 0()
563 0()
-1 8(562 564 565 566 567 568 569 570)
563 0()
563 0()
563 0()
563 0()
563 0()
563 0()
563 0()
572 0()
-1 8(571 573 574 575 576 577 578 579)
572 0()
572 0()
572 0()
572 0()
572 0()
572 0()
572 0()
581 0()
-1 8(580 582 583 584 585 586 587 588)
581 0()
581 0()
581 0()
581 0()
581 0()
581 0()
581 0()
590 0()
-1 8(589 591 592 593 594 595 596 597)
590 0()
590 0()
590 0()
590 0()
590 0()
590 0()
590 0()
599 0()
-1 8(598 600 601 602 603 604 605 606)
599 0()
599 0()
599 0()
599 0()
599 0()
599 0()
599 0()
608 0()
-1 8(607 609 610 611 612 613 614 615)
608 0()
608 0()
608 0()
608 0()
608 0()
608 0()
608 0()
617 0()
-1 8(616 618 619 620 621 622 623 624)
617 0()
617 0()
617 0()
617 0()
617 0()
617 0()
617 0()
626 0()
-1 8(625 627 628 629 630 631 632 633)
626 0()
626 0()
626 0()
626 0()
626 0()
626 0()
626 0()
635 0()
-1 8(634 636 637 638 639 640 641 642)
635 0()
635 0()
635 0()
635 0()
635 0()
635 0()
635 0()
644 0()
-1 8(643 645 646 647 648 649 650 651)
644 0()
644 0()
644 0()
644 0()
644 0()
644 0()
644 0()
653 0()
-1 8(652 654 655 656 657 658 659 660)
653 0()
653 0()
653 0()
653 0()
653 0()
653 0()
653 0()
662 0()
-1 8(661 663 664 665 666 667 668 669)
662 0()
662 0()
662 0()
662 0()
662 0()
662 0()
662 0()
671 0()
-1 8(670 672 673 674 675 676 677 678)
671 0()
671 0()
671 0()
671 0()
671 0()
671 0()
671 0()
680 0()
-1 8(679 681 682 683 684 685 686 687)
680 0()
680 0()
680 0()
680 0()
680 0()
680 0()
680 0()
689 0()
-1 8(688 690 691 692 693 694 695 696)
689 0()
689 0()
689 0()
689 0()
689 0()
689 0()
689 0()
698 0()
-1 8(697 699 700 701 702 703 704 705)
698 0()
698 0()
698 0()
698 0()
698 0()
698 0()
698 0()
707 0()
-1 8(706 708 709 710 711 712 713 714)
707 0()
707 0()
707 0()
707 0()
707 0()
707 0()
707 0()
716 0()
-1 8(715 717 718 719 720 721 722 723)
716 0()
716 0()
716 0()
716 0()
716 0()
716 0()
716 0()
725 0()
-1 8(724 726 727 728 729 730 731 732)
725 0()
725 0()
725 0()
725 0()
725 0()
725 0()
725 0()
734 0()
-1 8(733 735 736 737 738 739 740 741)
734 0()
734 0()
734 0()
734 0()
734 0()
734 0()
734 0()
743 0()
-1 8(742 744 745 746 747 748 749 750)
743 0()
743 0()
743 0()
743 0()
743 0()
743 0()
743 0()
752 0()
-1 8(751 753 754 755 756 757 758 759)
752 0()
752 0()
752 0()
752 0()
752 0()
752 0()
752 0()
761 0()
-1 8(760 762 763 764 765 766 767 768)
761 0()
761 0()
761 0()
761 0()
761 0()
761 0()
761 0()
770 0()
-1 8(769 771 772 773 774 775 776 777)
770 0()
770 0()
770 0()
770 0()
770 0()
770 0()
770 0()
779 0()
-1 8(778 780 781 782 783 784 785 786)
779 0()
779 0()
779 0()
779 0()
779 0()
779 0()
779 0()
788 0()
-1 8(787 789 790 791 792 793 794 795)
788 0()
788 0()
788 0()
788 0()
788 0()
788 0()
788 0()
797 0()
-1 8(796 798 799 800 801 802 803 804)
797 0()
797 0()
797 0()
797 0()
797 0()
797 0()
797 0()
806 0()
-1 8(805 807 808 809 810 811 812 813)
806 0()
806 0()
806 0()
806 0()
806 0()
806 0()
806 0()
815 0()
-1 8(814 816 817 818 819 820 821 822)
815 0()
815 0()
815 0()
815 0()
815 0()
815 0()
815 0()
824 0()
-1 8(823 825 826 827 828 829 830 831)
824 0()
824 0()
824 0()
824 0()
824 0()
824 0()
824 0()
833 0()
-1 8(832 834 835 836 837 838 839 840)
833 0()
833 0()
833 0()
833 0()
833 0()
833 0()
833 0()
842 0()
-1 8(841 843 844 845 846 847 848 849)
842 0()
842 0()
842 0()
842 0()
842 0()
842 0()
842 0()
851 0()
-1 8(850 852 853 854 855 856 857 858)
851 0()
851 0()
851 0()
851 0()
851 0()
851 0()
851 0()
860 0()
-1 8(859 861 862 863 864 865 866 867)
860 0()
860 0()
860 0()
860 0()
860 0()
860 0()
860 0()
869 0()
-1 8(868 870 871 872 873 874 875 876)
869 0()
869 0()
869 0()
869 0()
869 0()
869 0()
869 0()
878 0()
-1 8(877 879 880 881 882 883 884 885)
878 0()
878 0()
878 0()
878 0()
878 0()
878 0()
878 0()
887 0()
-1 8(886 888 889 890 891 892 893 894)
887 0()
887 0()
887 0()
887 0()
887 0()
887 0()
887 0()
896 0()
-1 8(895 897 898 899 900 901 902 903)
896 0()
896 0()
896 0()
896 0()
896 0()
896 0()
896 0()
905 0()
-1 8(904 906 907 908 909 910 911 912)
905 0()
905 0()
905 0()
905 0()
905 0()
905 0()
905 0()
914 0()
-1 8(913 915 916 917 918 919 920 921)
914 0()
914 0()
914 0()
914 0()
914 0()
914 0()
914 0()
923 0()
924 8(922 948 949 950 951 952 953 954)
-1 8(923 925 926 927 936 945 946 947)
924 0()
924 0()
924 8(928 929 930 931 932 933 934 935)
927 0()
927 0()
927 0()
927 0()
927 0()
927 0()
927 0()
927 0()
924 8(937 938 939 940 941 942 943 944)
936 0()
936 0()
936 0()
936 0()
936 0()
936 0()
936 0()
936 0()
924 0()
924 0()
924 0()
923 0()
923 0()
923 0()
923 0()
923 0()
923 0()
923 0()
956 0()
-1 8(955 957 958 959 960 961 962 963)
956 0()
956 0()
956 0()
956 0()
956 0()
956 0()
956 0()
965 0()
-1 8(964 966 967 968 969 970 971 972)
965 0()
965 0()
965 0()
965 0()
965 0()
965 0()
965 0()
974 0()
975 8(973 1039 1040 1041 1042 1043 1044 1045)
-1 8(974 976 985 994 1003 1012 1021 1030)
975 8(977 978 979 980 981 982 983 984)
976 0()
976 0()
976 0()
976 0()
976 0()
976 0()
976 0()
976 0()
975 8(986 987 988 989 990 991 992 993)
985 0()
985 0()
985 0()
985 0()
985 0()
985 0()
985 0()
985 0()
975 8(995 996 997 998 999 1000 1001 1002)
994 0()
994 0()
994 0()
994 0()
994 0()
994 0()
994 0()
994 0()
975 8(1004 1005 1006 1007 1008 1009 1010 1011)
1003 0()
1003 0()
1003 0()
1003 0()
1003 0()
1003 0()
1003 0()
1003 0()
975 8(1013 1014 1015 1016 1017 1018 1019 1020)
1012 0()
1012 0()
1012 0()
1012 0()
1012 0()
1012 0()
1012 0()
1012 0()
975 8(1022 1023 1024 1025 1026 1027 1028 1029)
1021 0()
1021 0()
1021 0()
1021 0()
1021 0()
1021 0()
1021 0()
1021 0()
975 8(1031 1032 1033 1034 1035 1036 1037 1038)
1030 0()
1030 0()
1030 0()
1030 0()
1030 0()
1030 0()
1030 0()
1030 0()
974 0()
974 0()
974 0()
974 0()
974 0()
974 0()
974 0()
1047 0()
-1 8(1046 1048 1049 1050 1051 1052 1053 1054)
1047 0()
1047 0()
1047 0()
1047 0()
1047 0()
1047 0()
1047 0()
1056 0()
-1 8(1055 1057 1058 1059 1060 1061 1062 1063)
1056 0()
1056 0()
1056 0()
1056 0()
1056 0()
1056 0()
1056 0()
1065 0()
1066 8(1064 1130 1131 1132 1133 1134 1135 1136)
-1 8(1065 1067 1076 1085 1094 1103 1112 1121)
1066 8(1068 1069 1070 1071 1072 1073 1074 1075)
1067 0()
1067 0()
1067 0()
1067 0()
1067 0()
1067 0()
1067 0()
1067 0()
1066 8(1077 1078 1079 1080 1081 1082 1083 1084)
1076 0()
1076 0()
1076 0()
1076 0()
1076 0()
1076 0()
1076 0()
1076 0()
1066 8(1086 1087 1088 1089 1090 1091 1092 1093)
1085 0()
1085 0()
1085 0()
1085 0()
1085 0()
1085 0()
1085 0()
1085 0()
1066 8(1095 1096 1097 1098 1099 1100 1101 1102)
1094 0()
1094 0()
1094 0()
1094 0()
1094 0()
1094 0()
1094 0()
1094 0()
1066 8(1104 1105 1106 1107 1108 1109 1110 1111)
1103 0()
1103 0()
1103 0()
1103 0()
1103 0()
1103 0()
1103 0()
1103 0()
1066 8(1113 1114 1115 1116 1117 1118 1119 1120)
1112 0()
1112 0()
1112 0()
1112 0()
1112 0()
1112 0()
1112 0()
1112 0()
1066 8(1122 1123 1124 1125 1126 1127 1128 1129)
1121 0()
1121 0()
1121 0()
1121 0()
1121 0()
1121 0()
1121 0()
1121 0()
1065 0()
1065 0()
1065 0()
1065 0()
1065 0()
1065 0()
1065 0()
1138 0()
-1 8(1137 1139 1140 1141 1142 1143 1144 1145)
1138 0()
1138 0()
1138 0()
1138 0()
1138 0()
1138 0()
1138 0()
1147 0()
1148 8(1146 1196 1197 1198 1199 1200 1201 1202)
-1 8(1147 1149 1158 1167 1176 1185 1186 1187)
1148 8(1150 1151 1152 1153 1154 1155 1156 1157)
1149 0()
1149 0()
1149 0()
1149 0()
1149 0()
1149 0()
1149 0()
1149 0()
1148 8(1159 1160 1161 1162 1163 1164 1165 1166)
1158 0()
1158 0()
1158 0()
1158 0()
1158 0()
1158 0()
1158 0()
1158 0()
1148 8(1168 1169 1170 1171 1172 1173 1174 1175)
1167 0()
1167 0()
1167 0()
1167 0()
1167 0()
1167 0()
1167 0()
1167 0()
1148 8(1177 1178 1179 1180 1181 1182 1183 1184)
1176 0()
1176 0()
1176 0()
1176 0()
1176 0()
1176 0()
1176 0()
1176 0()
1148 0()
1148 0()
1148 8(1188 1189 1190 1191 1192 1193 1194 1195)
1187 0()
1187 0()
1187 0()
1187 0()
1187 0()
1187 0()
1187 0()
1187 0()
1147 0()
1147 0()
1147 0()
1147 0()
1147 0()
1147 0()
1147 0()
1204 0()
-1 8(1203 1205 1206 1207 1208 1209 1218 1219)
1204 0()
1204 0()
1204 0()
1204 0()
1204 8(1210 1211 1212 1213 1214 1215 1216 1217)
1209 0()
1209 0()
1209 0()
1209 0()
1209 0()
1209 0()
1209 0()
1209 0()
1204 0()
1204 0()
1221 0()
-1 8(1220 1222 1223 1224 1225 1226 1227 1228)
1221 0()
1221 0()
1221 0()
1221 0()
1221 0()
1221 0()
1221 0()
1230 0()
-1 8(1229 1231 1232 1233 1234 1235 1236 1237)
1230 0()
1230 0()
1230 0()
1230 0()
1230 0()
1230 0()
1230 0()
1239 0()
-1 8(1238 1240 1241 1242 1243 1244 1245 1246)
1239 0()
1239 0()
1239 0()
1239 0()
1239 0()
1239 0()
1239 0()
1248 0()
-1 8(1247 1249 1250 1251 1252 1253 1254 1255)
1248 0()
1248 0()
1248 0()
1248 0()
1248 0()
1248 0()
1248 0()
1257 0()
-1 8(1256 1258 1259 1260 1261 1262 1263 1264)
1257 0()
1257 0()
1257 0()
1257 0()
1257 0()
1257 0()
1257 0()
1266 0()
-1 8(1265 1267 1268 1269 1270 1271 1272 1273)
1266 0()
1266 0()
1266 0()
1266 0()
1266 0()
1266 0()
1266 0()
1275 0()
-1 8(1274 1276 1277 1278 1279 1280 1281 1282)
1275 0()
1275 0()
1275 0()
1275 0()
1275 0()
1275 0()
1275 0()
1284 0()
-1 8(1283 1285 1286 1287 1288 1289 1290 1291)
1284 0()
1284 0()
1284 0()
1284 0()
1284 0()
1284 0()
1284 0()
1293 0()
-1 8(1292 1294 1295 1296 1297 1298 1299 1300)
1293 0()
1293 0()
1293 0()
1293 0()
1293 0()
1293 0()
1293 0()
1302 0()
-1 8(1301 1303 1304 1305 1306 1307 1308 1309)
1302 0()
1302 0()
1302 0()
1302 0()
1302 0()
1302 0()
1302 0()
1311 0()
-1 8(1310 1312 1313 1314 1315 1316 1317 1318)
1311 0()
1311 0()
1311 0()
1311 0()
1311 0()
1311 0()
1311 0()
1320 0()
-1 8(1319 1321 1322 1323 1324 1325 1326 1327)
1320 0()
1320 0()
1320 0()
1320 0()
1320 0()
1320 0()
1320 0()
1329 0()
-1 8(1328 1330 1331 1332 1333 1334 1335 1336)
1329 0()
1329 0()
1329 0()
1329 0()
1329 0()
1329 0()
1329 0()
1338 0()
-1 8(1337 1339 1340 1341 1342 1343 1344 1345)
1338 0()
1338 0()
1338 0()
1338 0()
1338 0()
1338 0()
1338 0()
1347 0()
-1 8(1346 1348 1349 1350 1351 1352 1353 1354)
1347 0()
1347 0()
1347 0()
1347 0()
1347 0()
1347 0()
1347 0()
1356 0()
-1 8(1355 1357 1358 1359 1360 1361 1362 1363)
1356 0()
1356 0()
1356 0()
1356 0()
1356 0()
1356 0()
1356 0()
1365 0()
-1 8(1364 1366 1367 1368 1369 1370 1371 1372)
1365 0()
1365 0()
1365 0()
1365 0()
1365 0()
1365 0()
1365 0()
1374 0()
1375 8(1373 1439 1440 1441 1442 1443 1444 1445)
-1 8(1374 1376 1385 1394 1403 1412 1421 1430)
1375 8(1377 1378 1379 1380 1381 1382 1383 1384)
1376 0()
1376 0()
1376 0()
1376 0()
1376 0()
1376 0()
1376 0()
1376 0()
1375 8(1386 1387 1388 1389 1390 1391 1392 1393)
1385 0()
1385 0()
1385 0()
1385 0()
1385 0()
1385 0()
1385 0()
1385 0()
1375 8(1395 1396 1397 1398 1399 1400 1401 1402)
1394 0()
1394 0()
1394 0()
1394 0()
1394 0()
1394 0()
1394 0()
1394 0()
1375 8(1404 1405 1406 1407 1408 1409 1410 1411)
1403 0()
1403 0()
1403 0()
1403 0()
1403 0()
1403 0()
1403 0()
1403 0()
1375 8(1413 1414 1415 1416 1417 1418 1419 1420)
1412 0()
1412 0()
1412 0()
1412 0()
1412 0()
1412 0()
1412 0()
1412 0()
1375 8(1422 1423 1424 1425 1426 1427 1428 1429)
1421 0()
1421 0()
1421 0()
1421 0()
1421 0()
1421 0()
1421 0()
1421 0()
1375 8(1431 1432 1433 1434 1435 1436 1437 1438)
1430 0()
1430 0()
1430 0()
1430 0()
1430 0()
1430 0()
1430 0()
1430 0()
1374 0()
1374 0()
1374 0()
1374 0()
1374 0()
1374 0()
1374 0()
1447 0()
1448 8(1446 1504 1505 1506 1507 1508 1509 1510)
-1 8(1447 1449 1458 1467 1468 1477 1486 1495)
1448 8(1450 1451 1452 1453 1454 1455 1456 1457)
1449 0()
1449 0()
1449 0()
1449 0()
1449 0()
1449 0()
1449 0()
1449 0()
1448 8(1459 1460 1461 1462 1463 1464 1465 1466)
1458 0()
1458 0()
1458 0()
1458 0()
1458 0()
1458 0()
1458 0()
1458 0()
1448 0()
1448 8(1469 1470 1471 1472 1473 1474 1475 1476)
1468 0()
1468 0()
1468 0()
1468 0()
1468 0()
1468 0()
1468 0()
1468 0()
1448 8(1478 1479 1480 1481 1482 1483 1484 1485)
1477 0()
1477 0()
1477 0()
1477 0()
1477 0()
1477 0()
1477 0()
1477 0()
1448 8(1487 1488 1489 1490 1491 1492 1493 1494)
1486 0()
1486 0()
1486 0()
1486 0()
1486 0()
1486 0()
1486 0()
1486 0()
1448 8(1496 1497 1498 1499 1500 1501 1502 1503)
1495 0()
1495 0()
1495 0()
1495 0()
1495 0()
1495 0()
1495 0()
1495 0()
1447 0()
1447 0()
1447 0()
1447 0()
1447 0()
1447 0()
1447 0()
1512 0()
-1 8(1511 1513 1514 1515 1516 1517 1518 1519)
1512 0()
1512 0()
1512 0()
1512 0()
1512 0()
1512 0()
1512 0()
1521 0()
-1 8(1520 1522 1523 1524 1525 1526 1527 1528)
1521 0()
1521 0()
1521 0()
1521 0()
1521 0()
1521 0()
1521 0()
1530 0()
-1 8(1529 1531 1532 1533 1534 1535 1536 1537)
1530 0()
1530 0()
1530 0()
1530 0()
1530 0()
1530 0()
1530 0()
1539 0()
-1 8(1538 1540 1541 1542 1543 1544 1545 1546)
1539 0()
1539 0()
1539 0()
1539 0()
1539 0()
1539 0()
1539 0()
1548 0()
-1 8(1547 1549 1550 1551 1552 1553 1554 1555)
1548 0()
1548 0()
1548 0()
1548 0()
1548 0()
1548 0()
1548 0()
1557 0()
-1 8(1556 1558 1559 1560 1561 1562 1563 1564)
1557 0()
1557 0()
1557 0()
1557 0()
1557 0()
1557 0()
1557 0()
1566 0()
-1 8(1565 1567 1568 1569 1570 1571 1572 1573)
1566 0()
1566 0()
1566 0()
1566 0()
1566 0()
1566 0()
1566 0()
1575 0()
-1 8(1574 1576 1577 1578 1579 1580 1581 1582)
1575 0()
1575 0()
1575 0()
1575 0()
1575 0()
1575 0()
1575 0()
1584 0()
1585 8(1583 1649 1650 1651 1652 1653 1654 1655)
-1 8(1584 1586 1595 1604 1613 1622 1631 1640)
1585 8(1587 1588 1589 1590 1591 1592 1593 1594)
1586 0()
1586 0()
1586 0()
1586 0()
1586 0()
1586 0()
1586 0()
1586 0()
1585 8(1596 1597 1598 1599 1600 1601 1602 1603)
1595 0()
1595 0()
1595 0()
1595 0()
1595 0()
1595 0()
1595 0()
1595 0()
1585 8(1605 1606 1607 1608 1609 1610 1611 1612)
1604 0()
1604 0()
1604 0()
1604 0()
1604 0()
1604 0()
1604 0()
1604 0()
1585 8(1614 1615 1616 1617 1618 1619 1620 1621)
1613 0()
1613 0()
1613 0()
1613 0()
1613 0()
1613 0()
1613 0()
1613 0()
1585 8(1623 1624 1625 1626 1627 1628 1629 1630)
1622 0()
1622 0()
1622 0()
1622 0()
1622 0()
1622 0()
1622 0()
1622 0()
1585 8(1632 1633 1634 1635 1636 1637 1638 1639)
1631 0()
1631 0()
1631 0()
1631 0()
1631 0()
1631 0()
1631 0()
1631 0()
1585 8(1641 1642 1643 1644 1645 1646 1647 1648)
1640 0()
1640 0()
1640 0()
1640 0()
1640 0()
1640 0()
1640 0()
1640 0()
1584 0()
1584 0()
1584 0()
1584 0()
1584 0()
1584 0()
1584 0()
1657 0()
1658 8(1656 1722 1723 1724 1725 1726 1727 1728)
-1 8(1657 1659 1668 1677 1686 1695 1704 1713)
1658 8(1660 1661 1662 1663 1664 1665 1666 1667)
1659 0()
1659 0()
1659 0()
1659 0()
1659 0()
1659 0()
1659 0()
1659 0()
1658 8(1669 1670 1671 1672 1673 1674 1675 1676)
1668 0()
1668 0()
1668 0()
1668 0()
1668 0()
1668 0()
1668 0()
1668 0()
1658 8(1678 1679 1680 1681 1682 1683 1684 1685)
1677 0()
1677 0()
1677 0()
1677 0()
1677 0()
1677 0()
1677 0()
1677 0()
1658 8(1687 1688 1689 1690 1691 1692 1693 1694)
1686 0()
1686 0()
1686 0()
1686 0()
1686 0()
1686 0()
1686 0()
1686 0()
1658 8(1696 1697 1698 1699 1700 1701 1702 1703)
1695 0()
1695 0()
1695 0()
1695 0()
1695 0()
1695 0()
1695 0()
1695 0()
1658 8(1705 1706 1707 1708 1709 1710 1711 1712)
1704 0()
1704 0()
1704 0()
1704 0()
1704 0()
1704 0()
1704 0()
1704 0()
1658 8(1714 1715 1716 1717 1718 1719 1720 1721)
1713 0()
1713 0()
1713 0()
1713 0()
1713 0()
1713 0()
1713 0()
1713 0()
1657 0()
1657 0()
1657 0()
1657 0()
1657 0()
1657 0()
1657 0()
1730 0()
-1 8(1729 1731 1732 1733 1742 1743 1752 1753)
1730 0()
1730 0()
1730 8(1734 1735 1736 1737 1738 1739 1740 1741)
1733 0()
1733 0()
1733 0()
1733 0()
1733 0()
1733 0()
1733 0()
1733 0()
1730 0()
1730 8(1744 1745 1746 1747 1748 1749 1750 1751)
1743 0()
1743 0()
1743 0()
1743 0()
1743 0()
1743 0()
1743 0()
1743 0()
1730 0()
1730 0()
)

// visibleCells

6429
(
-1
-1
-1
-1
-1
-1
-1
-1
-1
-1
-1
-1
-1
-1
-1
-1
-1
-1
-1
-1
-1
-1
-1
-1
-1
-1
-1
-1
-1
-1
-1
-1
-1
-1
-1
-1
-1
-1
-1
-1
-1
-1
-1
-1
-1
-1
-1
-1
-1
-1
-1
-1
-1
-1
-1
-1
-1
-1
-1
-1
-1
-1
-1
-1
-1
-1
-1
-1
-1
-1
-1
-1
-1
-1
-1
-1
-1
-1
-1
-1
-1
-1
-1
-1
-1
-1
-1
-1
-1
-1
-1
-1
-1
-1
-1
-1
-1
-1
-1
-1
-1
-1
-1
-1
-1
-1
-1
-1
-1
-1
-1
-1
-1
-1
-1
-1
-1
-1
-1
-1
-1
-1
-1
-1
-1
-1
-1
-1
-1
-1
-1
-1
-1
-1
-1
-1
-1
-1
-1
-1
-1
-1
-1
-1
-1
-1
-1
-1
-1
-1
-1
-1
-1
-1
-1
-1
-1
-1
-1
-1
-1
-1
-1
-1
-1
-1
-1
-1
-1
-1
-1
-1
-1
-1
-1
-1
-1
-1
-1
-1
-1
-1
-1
-1
-1
-1
-1
-1
-1
-1
-1
-1
-1
-1
-1
-1
-1
-1
-1
-1
-1
-1
-1
-1
-1
-1
-1
-1
-1
-1
-1
-1
-1
-1
-1
-1
-1
-1
-1
-1
-1
-1
-1
-1
-1
-1
-1
-1
-1
-1
-1
-1
-1
-1
-1
-1
-1
-1
-1
-1
-1
-1
-1
-1
-1
-1
-1
-1
-1
-1
-1
-1
-1
-1
-1
-1
-1
-1
-1
-1
-1
-1
-1
-1
-1
-1
-1
-1
-1
-1
-1
-1
-1
-1
-1
-1
-1
-1
-1
-1
-1
-1
-1
-1
-1
-1
-1
-1
-1
-1
-1
-1
-1
-1
-1
-1
-1
-1
-1
-1
-1
-1
-1
-1
-1
-1
-1
-1
-1
-1
-1
-1
-1
-1
-1
-1
-1
-1
-1
-1
-1
-1
-1
-1
-1
-1
-1
-1
-1
-1
-1
-1
-1
-1
-1
-1
-1
-1
-1
-1
-1
-1
-1
-1
-1
-1
-1
-1
-1
-1
-1
-1
-1
-1
-1
-1
-1
-1
-1
-1
-1
-1
-1
-1
-1
-1
-1
-1
-1
-1
-1
-1
-1
-1
-1
-1
-1
-1
-1
-1
-1
-1
-1
-1
-1
-1
-1
-1
-1
-1
-1
-1
-1
-1
-1
-1
-1
-1
-1
-1
-1
-1
-1
-1
-1
-1
-1
-1
-1
-1
-1
-1
-1
-1
-1
-1
-1
-1
-1
-1
-1
-1
-1
-1
-1
-1
-1
-1
-1
-1
-1
-1
-1
-1
-1
-1
-1
-1
-1
-1
-1
-1
-1
-1
-1
-1
-1
-1
0
-1
-1
-1
-1
9
18
-1
-1
-1
-1
-1
-1
-1
-1
-1
-1
-1
-1
-1
-1
-1
-1
-1
-1
-1
-1
-1
-1
-1
-1
-1
-1
-1
-1
-1
-1
-1
-1
-1
-1
-1
-1
-1
-1
-1
-1
-1
-1
-1
-1
-1
-1
-1
-1
-1
-1
-1
-1
-1
-1
-1
-1
-1
-1
-1
-1
-1
-1
-1
-1
-1
-1
-1
-1
-1
-1
-1
-1
-1
-1
-1
-1
-1
-1
-1
-1
-1
-1
-1
-1
-1
-1
-1
-1
-1
-1
-1
-1
-1
-1
-1
-1
-1
-1
-1
-1
-1
-1
-1
-1
-1
-1
-1
-1
-1
-1
-1
-1
-1
-1
-1
-1
-1
-1
-1
-1
-1
-1
-1
-1
-1
-1
-1
-1
-1
-1
-1
-1
-1
-1
-1
-1
-1
-1
-1
-1
-1
-1
-1
-1
-1
-1
-1
-1
-1
-1
-1
-1
-1
-1
-1
-1
-1
-1
-1
-1
-1
-1
-1
-1
-1
-1
-1
-1
-1
-1
-1
-1
-1
-1
-1
-1
-1
-1
-1
-1
-1
-1
-1
-1
-1
-1
-1
-1
-1
-1
-1
-1
-1
-1
-1
-1
-1
-1
-1
-1
-1
-1
-1
-1
-1
-1
-1
-1
-1
-1
-1
-1
-1
-1
-1
-1
-1
-1
-1
-1
-1
-1
-1
-1
-1
-1
-1
-1
-1
-1
-1
27
-1
-1
36
-1
-1
-1
-1
-1
-1
-1
-1
-1
-1
-1
-1
-1
-1
-1
-1
-1
-1
-1
-1
-1
-1
29
30
31
32
33
34
35
38
39
40
41
42
43
44
-1
-1
-1
-1
-1
-1
45
-1
-1
47
48
49
50
51
52
53
54
-1
-1
-1
-1
-1
-1
-1
-1
-1
-1
-1
-1
63
72
145
-1
-1
202
-1
-1
-1
-1
-1
-1
-1
-1
-1
-1
-1
-1
-1
-1
-1
-1
-1
-1
-1
-1
-1
-1
-1
-1
-1
-1
-1
-1
-1
-1
-1
-1
-1
-1
-1
-1
-1
-1
-1
-1
211
220
229
238
247
256
265
274
283
292
301
-1
310
-1
319
-1
328
-1
337
-1
-1
346
355
-1
-1
-1
-1
-1
364
-1
-1
373
382
-1
-1
-1
-1
-1
391
-1
-1
400
409
-1
-1
-1
-1
-1
418
-1
427
-1
-1
-1
-1
-1
-1
-1
-1
-1
-1
-1
-1
-1
-1
-1
-1
-1
-1
-1
-1
-1
-1
-1
-1
-1
-1
-1
-1
-1
-1
-1
-1
-1
-1
-1
-1
-1
-1
-1
-1
-1
-1
-1
-1
-1
-1
-1
-1
-1
-1
-1
-1
-1
-1
-1
-1
-1
-1
-1
-1
-1
-1
-1
-1
-1
-1
-1
-1
-1
-1
-1
-1
-1
-1
-1
-1
-1
-1
-1
-1
-1
-1
-1
-1
-1
-1
-1
-1
-1
-1
-1
-1
-1
-1
-1
-1
-1
-1
-1
-1
-1
-1
-1
-1
-1
-1
-1
-1
-1
-1
-1
-1
-1
-1
-1
-1
-1
-1
-1
-1
-1
-1
-1
-1
-1
-1
-1
-1
-1
-1
-1
-1
-1
-1
-1
-1
-1
-1
-1
-1
-1
-1
-1
436
445
-1
-1
-1
454
463
472
-1
-1
-1
481
490
499
-1
-1
-1
508
517
-1
-1
526
-1
-1
535
544
-1
-1
553
-1
-1
562
571
-1
-1
-1
-1
-1
-1
-1
-1
-1
-1
-1
580
-1
-1
589
598
-1
-1
607
-1
-1
616
625
-1
-1
-1
634
-1
-1
-1
-1
-1
-1
-1
-1
643
-1
-1
652
661
-1
-1
670
-1
-1
679
688
-1
-1
-1
697
-1
-1
-1
-1
-1
-1
-1
-1
706
-1
-1
715
724
-1
-1
733
-1
-1
742
-1
-1
-1
-1
-1
-1
-1
-1
-1
-1
-1
-1
-1
-1
-1
-1
-1
-1
-1
-1
-1
-1
-1
-1
-1
-1
-1
-1
-1
-1
-1
-1
-1
-1
-1
-1
-1
-1
-1
-1
-1
-1
-1
-1
-1
-1
-1
-1
-1
-1
-1
-1
-1
-1
-1
-1
-1
-1
-1
-1
-1
-1
-1
-1
-1
-1
-1
-1
-1
-1
-1
-1
-1
-1
-1
-1
-1
-1
-1
-1
-1
-1
-1
-1
-1
-1
-1
-1
-1
-1
-1
-1
-1
-1
-1
-1
-1
-1
-1
-1
-1
-1
-1
-1
-1
-1
-1
-1
-1
-1
-1
-1
-1
-1
-1
-1
-1
-1
-1
-1
-1
-1
-1
-1
-1
-1
-1
-1
-1
-1
-1
-1
-1
-1
-1
-1
-1
-1
-1
-1
-1
-1
-1
-1
-1
-1
-1
-1
-1
-1
-1
-1
-1
-1
-1
-1
-1
-1
-1
-1
-1
-1
-1
-1
-1
-1
-1
-1
-1
-1
-1
-1
-1
-1
-1
-1
-1
-1
-1
-1
-1
-1
-1
-1
-1
-1
-1
-1
-1
-1
-1
-1
-1
-1
-1
-1
-1
-1
-1
-1
-1
-1
-1
-1
-1
-1
-1
-1
-1
-1
-1
-1
-1
-1
-1
-1
-1
-1
-1
-1
-1
-1
-1
-1
-1
-1
-1
-1
-1
-1
-1
-1
-1
-1
-1
-1
-1
-1
-1
-1
-1
-1
-1
-1
-1
-1
-1
-1
-1
-1
-1
-1
-1
-1
-1
-1
-1
-1
-1
-1
-1
-1
-1
-1
-1
-1
-1
-1
-1
-1
-1
-1
-1
-1
-1
-1
-1
-1
-1
-1
-1
-1
-1
-1
-1
-1
-1
-1
-1
-1
-1
-1
-1
-1
-1
-1
-1
-1
-1
-1
-1
-1
-1
-1
-1
-1
-1
-1
-1
-1
-1
-1
-1
-1
-1
-1
-1
-1
-1
-1
-1
-1
-1
-1
-1
-1
-1
-1
-1
-1
-1
-1
-1
-1
-1
-1
-1
-1
-1
-1
-1
-1
-1
-1
-1
-1
-1
-1
-1
-1
-1
-1
-1
-1
-1
-1
-1
-1
-1
-1
-1
-1
-1
-1
-1
-1
-1
-1
-1
-1
-1
-1
-1
321
322
323
324
325
326
327
348
349
350
351
352
353
354
357
358
359
360
361
362
363
366
367
368
369
370
371
372
375
376
377
378
379
380
381
312
313
314
315
316
317
318
384
385
386
387
388
389
390
339
340
341
342
343
344
345
330
331
332
333
334
335
336
456
457
458
459
460
461
462
537
538
539
540
541
542
543
76
85
94
103
112
121
130
393
394
395
396
397
398
399
591
592
593
594
595
596
597
438
439
440
441
442
443
444
546
547
548
549
550
551
552
582
583
584
585
586
587
588
402
403
404
405
406
407
408
483
484
485
486
487
488
489
600
601
602
603
604
605
606
138
139
140
141
142
143
144
528
529
530
531
532
533
534
411
412
413
414
415
416
417
465
466
467
468
469
470
471
645
646
647
648
649
650
651
654
655
656
657
658
659
660
564
565
566
567
568
569
570
618
619
620
621
622
623
624
95
96
97
98
99
100
101
447
448
449
450
451
452
453
-1
751
-1
-1
760
-1
769
-1
-1
-1
778
-1
-1
-1
-1
-1
-1
-1
-1
-1
-1
-1
-1
-1
-1
-1
-1
-1
-1
-1
-1
-1
-1
-1
-1
-1
-1
-1
-1
-1
-1
-1
-1
-1
-1
-1
-1
-1
-1
-1
-1
-1
-1
787
796
-1
805
814
823
832
841
850
859
868
877
886
-1
895
-1
148
157
165
167
176
185
194
420
421
422
423
424
425
426
77
78
79
80
81
82
83
104
105
106
107
108
109
110
249
250
251
252
253
254
255
492
493
494
495
496
497
498
663
664
665
666
667
668
669
231
232
233
234
235
236
237
510
511
512
513
514
515
516
573
574
575
576
577
578
579
609
610
611
612
613
614
615
86
87
88
89
90
91
92
213
214
215
216
217
218
219
222
223
224
225
226
227
228
240
241
242
243
244
245
246
555
556
557
558
559
560
561
122
123
124
125
126
127
128
627
628
629
630
631
632
633
807
808
809
810
811
812
813
825
826
827
828
829
830
831
843
844
845
846
847
848
849
861
862
863
864
865
866
867
-1
-1
-1
-1
-1
-1
-1
-1
-1
-1
-1
-1
-1
-1
-1
-1
-1
-1
-1
-1
-1
-1
-1
-1
904
-1
-1
-1
-1
-1
-1
-1
-1
-1
-1
-1
-1
-1
-1
-1
-1
-1
-1
-1
-1
-1
-1
-1
-1
-1
-1
-1
-1
-1
-1
-1
-1
-1
-1
-1
-1
-1
-1
-1
-1
-1
-1
-1
-1
-1
-1
-1
-1
-1
-1
-1
-1
-1
-1
913
-1
-1
-1
-1
-1
-1
-1
-1
-1
-1
-1
-1
-1
-1
-1
-1
-1
-1
-1
-1
-1
-1
-1
-1
-1
-1
-1
-1
-1
-1
-1
-1
-1
-1
-1
-1
-1
-1
-1
-1
-1
-1
-1
-1
-1
-1
-1
-1
-1
-1
-1
-1
-1
-1
-1
-1
-1
-1
-1
-1
-1
-1
-1
-1
-1
-1
-1
-1
-1
-1
-1
-1
-1
-1
-1
-1
-1
-1
-1
-1
-1
-1
-1
-1
-1
-1
-1
-1
-1
-1
-1
-1
-1
-1
-1
-1
-1
-1
-1
-1
-1
-1
-1
-1
-1
-1
-1
-1
-1
-1
-1
-1
-1
-1
-1
-1
-1
-1
-1
-1
-1
-1
-1
-1
-1
-1
-1
-1
-1
-1
-1
-1
-1
-1
-1
-1
-1
-1
-1
-1
-1
-1
-1
-1
-1
-1
-1
-1
-1
-1
-1
-1
-1
-1
-1
-1
-1
-1
-1
-1
-1
-1
-1
-1
-1
-1
-1
-1
-1
-1
-1
-1
-1
-1
-1
-1
-1
-1
-1
-1
-1
-1
-1
-1
-1
-1
-1
-1
-1
-1
-1
-1
-1
-1
-1
-1
-1
-1
-1
-1
-1
-1
-1
-1
-1
-1
-1
-1
-1
-1
-1
-1
-1
-1
-1
-1
-1
-1
-1
-1
-1
-1
-1
-1
-1
-1
-1
-1
-1
-1
-1
-1
-1
-1
-1
-1
-1
-1
-1
-1
-1
-1
-1
-1
-1
-1
-1
-1
-1
-1
-1
-1
-1
-1
-1
-1
-1
-1
-1
-1
-1
-1
-1
-1
-1
-1
-1
-1
-1
-1
-1
-1
-1
-1
-1
-1
-1
-1
-1
-1
-1
-1
-1
-1
-1
-1
-1
-1
-1
-1
-1
-1
-1
-1
-1
-1
-1
-1
-1
-1
-1
-1
-1
-1
-1
-1
-1
-1
-1
-1
-1
-1
-1
-1
-1
-1
-1
-1
-1
-1
-1
-1
-1
-1
-1
-1
-1
-1
-1
-1
-1
-1
-1
-1
-1
-1
-1
-1
-1
-1
-1
-1
-1
-1
-1
-1
-1
-1
-1
-1
-1
-1
-1
-1
-1
-1
-1
-1
-1
-1
-1
-1
-1
-1
-1
-1
-1
-1
-1
-1
-1
-1
-1
-1
-1
-1
-1
-1
-1
-1
-1
-1
-1
-1
-1
-1
-1
-1
-1
-1
-1
-1
-1
-1
-1
-1
-1
-1
-1
-1
-1
-1
-1
-1
-1
-1
-1
-1
-1
-1
-1
-1
-1
-1
-1
-1
-1
-1
-1
-1
-1
-1
-1
-1
-1
-1
-1
-1
-1
-1
-1
-1
-1
-1
-1
-1
-1
-1
-1
-1
-1
-1
-1
-1
-1
-1
-1
-1
-1
-1
-1
-1
-1
-1
-1
-1
-1
-1
-1
-1
-1
-1
-1
-1
-1
-1
-1
-1
-1
-1
-1
-1
-1
-1
-1
-1
-1
-1
-1
-1
-1
-1
-1
-1
-1
-1
-1
-1
-1
-1
-1
-1
-1
-1
-1
-1
-1
-1
-1
-1
-1
-1
-1
-1
-1
-1
-1
-1
-1
-1
-1
-1
-1
-1
-1
-1
-1
-1
-1
-1
-1
-1
-1
-1
-1
-1
-1
-1
-1
-1
-1
-1
-1
-1
-1
-1
-1
-1
-1
-1
-1
-1
-1
-1
-1
-1
-1
-1
-1
-1
-1
-1
-1
-1
-1
-1
-1
-1
-1
-1
-1
-1
-1
-1
-1
-1
-1
-1
-1
-1
-1
-1
-1
-1
-1
-1
-1
-1
-1
-1
-1
-1
-1
-1
-1
-1
-1
-1
-1
-1
-1
-1
-1
-1
-1
-1
-1
-1
-1
-1
-1
-1
-1
-1
-1
-1
-1
-1
-1
-1
-1
-1
-1
-1
-1
-1
-1
-1
-1
-1
-1
-1
-1
-1
-1
-1
-1
-1
-1
-1
-1
-1
-1
-1
-1
-1
-1
-1
-1
-1
-1
-1
-1
-1
-1
-1
-1
-1
-1
-1
-1
-1
-1
-1
-1
-1
-1
-1
-1
-1
-1
-1
-1
-1
-1
-1
-1
-1
-1
-1
-1
-1
-1
-1
-1
-1
-1
-1
-1
-1
-1
-1
-1
-1
-1
-1
-1
-1
-1
-1
-1
-1
-1
-1
-1
-1
-1
-1
-1
-1
-1
-1
-1
-1
-1
-1
-1
-1
-1
-1
-1
-1
-1
-1
-1
-1
-1
-1
-1
-1
-1
-1
-1
-1
-1
-1
-1
-1
-1
-1
-1
-1
-1
-1
-1
-1
-1
-1
-1
-1
-1
-1
-1
-1
-1
-1
-1
-1
-1
-1
-1
-1
-1
-1
-1
-1
-1
-1
-1
-1
-1
-1
-1
-1
-1
-1
-1
-1
-1
-1
-1
-1
-1
-1
-1
-1
-1
-1
-1
-1
-1
-1
-1
-1
-1
-1
-1
-1
-1
-1
-1
-1
-1
-1
-1
-1
-1
-1
-1
-1
-1
-1
-1
-1
-1
-1
-1
-1
-1
-1
-1
-1
-1
-1
-1
-1
-1
-1
-1
-1
-1
-1
-1
-1
-1
-1
-1
-1
-1
-1
-1
-1
-1
-1
-1
-1
-1
-1
-1
-1
-1
-1
-1
-1
-1
-1
-1
-1
-1
-1
-1
-1
-1
-1
-1
-1
-1
-1
-1
-1
-1
-1
-1
-1
-1
-1
-1
-1
-1
-1
-1
-1
-1
-1
-1
-1
-1
-1
-1
-1
-1
-1
-1
-1
-1
-1
-1
-1
-1
-1
-1
-1
-1
-1
-1
-1
-1
-1
-1
-1
-1
-1
-1
-1
-1
-1
-1
-1
-1
-1
-1
-1
-1
-1
-1
-1
-1
-1
-1
-1
-1
-1
-1
-1
-1
-1
-1
-1
-1
-1
-1
-1
-1
-1
-1
-1
-1
-1
-1
-1
-1
-1
-1
-1
-1
-1
-1
-1
-1
-1
-1
-1
-1
-1
-1
-1
-1
-1
-1
-1
-1
-1
-1
-1
-1
-1
-1
-1
-1
-1
-1
-1
-1
-1
-1
-1
-1
-1
-1
-1
-1
-1
-1
-1
-1
-1
-1
-1
-1
-1
-1
-1
-1
-1
-1
-1
-1
-1
-1
-1
-1
-1
-1
-1
-1
-1
-1
-1
-1
-1
-1
-1
-1
-1
-1
-1
-1
-1
-1
-1
-1
-1
-1
-1
-1
-1
-1
-1
-1
-1
-1
-1
-1
-1
-1
-1
-1
-1
-1
-1
-1
-1
-1
-1
-1
-1
-1
-1
-1
-1
-1
-1
-1
-1
-1
-1
-1
-1
-1
-1
-1
-1
-1
-1
-1
-1
-1
-1
-1
-1
-1
-1
-1
-1
-1
-1
-1
-1
-1
-1
-1
-1
-1
-1
-1
-1
-1
-1
-1
-1
-1
-1
-1
-1
-1
-1
-1
-1
-1
-1
-1
-1
-1
-1
-1
-1
-1
-1
-1
-1
-1
-1
-1
-1
-1
-1
-1
-1
-1
-1
-1
-1
-1
-1
-1
-1
-1
-1
-1
-1
-1
-1
-1
-1
-1
-1
-1
-1
-1
-1
-1
-1
-1
-1
-1
-1
-1
-1
-1
-1
-1
-1
-1
-1
-1
-1
-1
-1
-1
-1
-1
-1
-1
-1
-1
-1
-1
-1
-1
-1
-1
-1
-1
-1
-1
-1
-1
-1
-1
-1
-1
-1
-1
-1
-1
-1
-1
-1
-1
-1
-1
-1
-1
-1
-1
-1
-1
-1
-1
-1
-1
-1
-1
-1
-1
-1
-1
-1
-1
-1
-1
-1
-1
-1
-1
-1
-1
-1
-1
-1
-1
-1
-1
-1
-1
-1
-1
-1
-1
-1
-1
-1
-1
-1
-1
-1
-1
-1
-1
-1
-1
-1
-1
-1
-1
-1
-1
-1
-1
-1
-1
-1
-1
-1
-1
-1
-1
-1
-1
-1
-1
-1
-1
-1
-1
-1
-1
-1
-1
-1
-1
-1
-1
-1
-1
-1
-1
-1
-1
-1
-1
-1
-1
-1
-1
-1
-1
-1
-1
-1
-1
-1
-1
-1
-1
-1
-1
-1
-1
-1
-1
-1
-1
-1
-1
-1
-1
-1
-1
-1
-1
-1
-1
-1
-1
-1
-1
-1
-1
-1
-1
-1
-1
-1
-1
-1
-1
-1
-1
-1
-1
-1
-1
-1
-1
-1
-1
-1
-1
-1
-1
-1
-1
-1
-1
-1
-1
-1
-1
-1
-1
-1
-1
-1
-1
-1
-1
-1
-1
-1
-1
-1
-1
-1
-1
-1
-1
-1
-1
-1
-1
-1
-1
-1
-1
-1
-1
-1
-1
-1
-1
-1
-1
-1
-1
-1
-1
-1
-1
-1
-1
-1
-1
-1
-1
-1
-1
-1
-1
-1
-1
-1
-1
-1
-1
-1
-1
-1
-1
-1
-1
-1
-1
-1
-1
-1
-1
-1
-1
-1
-1
-1
-1
-1
-1
-1
-1
-1
-1
-1
-1
-1
-1
-1
-1
-1
-1
-1
-1
-1
-1
-1
-1
-1
-1
-1
-1
-1
-1
-1
-1
-1
-1
-1
-1
-1
-1
-1
-1
-1
-1
-1
-1
-1
-1
-1
-1
-1
-1
-1
-1
-1
-1
-1
-1
-1
-1
-1
-1
-1
-1
-1
-1
-1
-1
-1
-1
-1
-1
-1
-1
-1
-1
-1
-1
-1
-1
-1
-1
-1
-1
-1
-1
-1
-1
-1
-1
-1
-1
-1
-1
-1
-1
-1
-1
-1
-1
-1
-1
-1
-1
-1
-1
-1
-1
-1
-1
-1
-1
-1
-1
-1
-1
-1
-1
-1
-1
-1
-1
-1
-1
-1
-1
-1
-1
-1
-1
-1
-1
-1
-1
-1
-1
-1
-1
-1
-1
-1
-1
-1
-1
-1
-1
-1
-1
-1
-1
-1
-1
-1
-1
-1
-1
-1
-1
-1
-1
-1
-1
-1
-1
-1
-1
-1
-1
-1
-1
-1
-1
-1
-1
-1
-1
-1
-1
-1
-1
-1
-1
-1
-1
-1
-1
-1
-1
-1
-1
-1
-1
-1
-1
-1
-1
-1
-1
-1
-1
-1
-1
-1
-1
-1
-1
-1
-1
-1
-1
-1
-1
-1
-1
-1
-1
-1
-1
-1
-1
-1
-1
-1
-1
-1
-1
-1
-1
-1
-1
-1
-1
-1
-1
-1
-1
-1
-1
-1
-1
-1
-1
-1
-1
-1
-1
-1
-1
-1
-1
-1
-1
-1
-1
-1
-1
-1
-1
-1
-1
-1
-1
-1
-1
-1
-1
-1
-1
-1
-1
-1
-1
-1
-1
-1
-1
-1
-1
-1
-1
-1
-1
-1
-1
-1
-1
-1
-1
-1
-1
-1
-1
-1
-1
-1
-1
-1
-1
-1
-1
-1
-1
-1
-1
-1
-1
-1
-1
-1
-1
-1
-1
-1
-1
-1
-1
-1
-1
-1
-1
-1
-1
-1
-1
-1
-1
-1
-1
-1
-1
-1
-1
-1
-1
-1
-1
-1
-1
-1
-1
-1
-1
-1
-1
-1
-1
-1
-1
-1
-1
-1
-1
-1
-1
-1
-1
-1
-1
-1
-1
-1
-1
-1
-1
-1
-1
-1
-1
-1
-1
-1
-1
-1
-1
-1
-1
-1
-1
-1
-1
-1
-1
-1
-1
-1
-1
-1
-1
-1
-1
-1
-1
-1
-1
-1
-1
-1
-1
-1
-1
-1
-1
-1
-1
-1
-1
-1
-1
-1
-1
-1
-1
-1
-1
-1
-1
-1
-1
-1
-1
-1
-1
-1
-1
-1
-1
-1
-1
-1
-1
-1
-1
-1
-1
-1
-1
-1
-1
-1
-1
-1
-1
-1
-1
-1
-1
-1
-1
-1
-1
-1
-1
-1
-1
-1
-1
-1
-1
-1
-1
-1
-1
-1
-1
-1
-1
-1
-1
-1
-1
-1
-1
-1
-1
-1
-1
-1
-1
-1
-1
-1
-1
-1
-1
-1
-1
-1
-1
-1
-1
-1
-1
-1
-1
-1
-1
-1
-1
-1
-1
-1
-1
-1
-1
-1
-1
-1
-1
-1
-1
-1
-1
-1
-1
-1
-1
-1
-1
-1
-1
-1
-1
-1
-1
-1
-1
-1
-1
-1
-1
-1
-1
-1
-1
-1
-1
-1
-1
-1
-1
-1
-1
-1
-1
-1
-1
-1
-1
-1
-1
-1
-1
-1
-1
-1
-1
-1
-1
-1
-1
-1
-1
-1
-1
-1
-1
-1
-1
-1
-1
-1
-1
-1
-1
-1
-1
-1
-1
-1
-1
-1
-1
-1
-1
-1
-1
-1
-1
-1
-1
-1
-1
-1
-1
-1
-1
-1
-1
-1
-1
-1
-1
-1
-1
-1
-1
-1
-1
-1
-1
-1
-1
-1
-1
-1
-1
-1
-1
-1
-1
-1
-1
-1
-1
-1
-1
-1
-1
-1
-1
-1
-1
-1
-1
-1
-1
-1
-1
-1
-1
-1
-1
-1
-1
-1
-1
-1
-1
-1
-1
-1
-1
-1
-1
-1
-1
-1
-1
-1
-1
-1
-1
-1
-1
-1
-1
-1
-1
-1
-1
-1
-1
-1
-1
-1
-1
-1
-1
-1
-1
-1
-1
-1
-1
-1
-1
-1
-1
-1
-1
-1
-1
-1
-1
-1
-1
-1
-1
-1
-1
-1
-1
-1
-1
-1
-1
-1
-1
-1
-1
-1
-1
-1
-1
-1
-1
-1
-1
-1
-1
-1
-1
-1
-1
-1
-1
-1
-1
-1
-1
-1
-1
-1
-1
-1
-1
-1
-1
-1
-1
-1
-1
-1
-1
-1
-1
-1
-1
-1
-1
-1
-1
-1
-1
-1
-1
-1
-1
-1
-1
-1
-1
-1
-1
-1
-1
-1
-1
-1
-1
-1
-1
-1
-1
-1
-1
-1
-1
-1
-1
-1
-1
-1
-1
-1
-1
-1
-1
-1
-1
-1
-1
-1
-1
-1
-1
-1
-1
-1
-1
-1
-1
-1
-1
-1
-1
-1
-1
-1
-1
-1
-1
-1
-1
-1
-1
-1
-1
-1
-1
-1
-1
-1
-1
-1
-1
-1
-1
-1
-1
-1
-1
-1
-1
-1
-1
-1
-1
-1
-1
-1
-1
-1
-1
-1
-1
-1
-1
-1
-1
-1
-1
-1
-1
-1
-1
-1
-1
-1
-1
-1
-1
-1
-1
-1
-1
-1
-1
-1
-1
-1
-1
-1
-1
-1
-1
-1
-1
-1
-1
-1
-1
-1
-1
-1
-1
-1
-1
-1
-1
-1
-1
-1
-1
-1
-1
-1
-1
-1
-1
-1
-1
-1
-1
-1
-1
-1
-1
-1
-1
-1
-1
-1
-1
-1
-1
-1
-1
-1
-1
-1
-1
-1
-1
-1
-1
-1
-1
-1
-1
-1
-1
-1
-1
-1
-1
-1
-1
-1
-1
-1
-1
-1
-1
-1
-1
-1
-1
-1
-1
-1
-1
-1
-1
-1
-1
-1
-1
-1
-1
-1
-1
-1
-1
-1
-1
-1
-1
-1
-1
-1
-1
-1
-1
-1
-1
-1
-1
-1
-1
-1
-1
-1
-1
-1
-1
-1
-1
-1
-1
-1
-1
-1
-1
-1
-1
-1
-1
-1
-1
-1
-1
-1
-1
-1
-1
-1
-1
-1
-1
-1
-1
-1
-1
-1
-1
-1
-1
-1
-1
-1
-1
-1
-1
-1
-1
-1
-1
-1
-1
-1
-1
-1
-1
-1
-1
-1
-1
-1
-1
-1
-1
-1
-1
-1
-1
-1
-1
-1
-1
-1
-1
-1
-1
-1
-1
-1
-1
-1
-1
-1
-1
-1
-1
-1
-1
-1
-1
-1
-1
-1
-1
-1
-1
-1
-1
-1
-1
-1
-1
-1
-1
-1
-1
-1
-1
-1
-1
-1
-1
-1
-1
-1
-1
-1
-1
-1
-1
-1
-1
-1
-1
-1
-1
-1
-1
-1
-1
-1
-1
-1
-1
-1
-1
-1
-1
-1
-1
-1
-1
-1
-1
-1
-1
-1
-1
-1
-1
-1
-1
-1
-1
-1
-1
-1
-1
-1
-1
-1
-1
-1
-1
-1
-1
-1
-1
-1
-1
-1
-1
-1
-1
-1
-1
-1
-1
-1
-1
-1
-1
-1
-1
-1
-1
-1
-1
-1
-1
-1
-1
-1
-1
-1
-1
-1
-1
-1
-1
-1
-1
-1
-1
-1
-1
-1
-1
-1
-1
-1
-1
-1
-1
-1
-1
-1
-1
-1
-1
-1
-1
-1
-1
-1
-1
-1
-1
-1
-1
-1
-1
-1
922
-1
-1
-1
-1
-1
955
-1
-1
-1
-1
-1
-1
964
-1
-1
-1
-1
-1
-1
-1
-1
-1
-1
-1
-1
-1
-1
-1
-1
-1
-1
-1
-1
-1
-1
-1
-1
-1
-1
-1
-1
-1
-1
-1
-1
-1
-1
-1
-1
-1
-1
-1
-1
-1
-1
-1
-1
-1
-1
-1
-1
-1
-1
-1
-1
-1
-1
-1
-1
-1
-1
-1
-1
-1
-1
-1
-1
-1
-1
-1
-1
-1
-1
-1
-1
-1
-1
-1
-1
-1
-1
-1
-1
-1
-1
-1
-1
-1
-1
-1
-1
-1
-1
-1
-1
-1
-1
-1
-1
-1
-1
-1
-1
-1
-1
-1
-1
-1
-1
-1
-1
-1
-1
-1
-1
-1
-1
-1
-1
-1
-1
-1
-1
-1
-1
-1
-1
-1
-1
-1
-1
-1
-1
-1
-1
-1
-1
-1
-1
-1
-1
-1
-1
-1
-1
-1
-1
-1
-1
-1
-1
-1
-1
-1
-1
-1
-1
-1
-1
-1
-1
-1
-1
-1
-1
-1
-1
-1
-1
-1
-1
-1
-1
-1
-1
-1
-1
-1
-1
-1
-1
-1
-1
-1
-1
-1
-1
-1
-1
-1
-1
-1
-1
-1
-1
-1
-1
-1
-1
-1
-1
-1
-1
-1
-1
-1
-1
-1
-1
-1
-1
-1
-1
-1
-1
-1
-1
-1
-1
-1
-1
-1
-1
-1
-1
-1
-1
-1
-1
-1
-1
-1
-1
-1
-1
-1
-1
-1
-1
-1
-1
-1
-1
-1
-1
-1
-1
-1
-1
-1
-1
-1
-1
-1
-1
-1
-1
-1
-1
-1
-1
-1
-1
-1
-1
-1
-1
-1
-1
-1
-1
-1
-1
-1
-1
-1
-1
-1
-1
-1
-1
-1
-1
-1
-1
-1
-1
-1
-1
-1
-1
-1
-1
-1
-1
-1
-1
-1
-1
-1
-1
-1
-1
-1
-1
-1
-1
-1
-1
-1
-1
-1
-1
-1
-1
-1
-1
-1
-1
-1
-1
-1
-1
-1
-1
-1
-1
-1
-1
-1
-1
-1
-1
-1
-1
-1
-1
-1
-1
-1
-1
-1
-1
-1
-1
-1
-1
-1
-1
-1
-1
-1
-1
-1
-1
-1
-1
-1
-1
-1
-1
-1
-1
-1
-1
-1
-1
-1
-1
-1
-1
-1
-1
-1
-1
-1
-1
-1
-1
-1
-1
-1
-1
-1
-1
-1
-1
-1
-1
-1
-1
-1
-1
-1
-1
-1
-1
-1
-1
-1
-1
-1
-1
-1
-1
-1
-1
-1
-1
-1
-1
-1
-1
-1
-1
-1
-1
-1
-1
973
1046
1055
-1
1064
1137
-1
-1
1146
-1
1203
-1
-1
-1
-1
-1
-1
-1
-1
-1
-1
-1
-1
-1
-1
-1
-1
-1
-1
-1
-1
-1
-1
-1
-1
-1
-1
-1
-1
-1
-1
-1
-1
-1
-1
-1
-1
-1
-1
-1
-1
-1
-1
-1
-1
-1
-1
-1
-1
-1
-1
-1
-1
-1
-1
-1
-1
-1
-1
-1
-1
-1
-1
-1
-1
-1
-1
-1
-1
-1
-1
-1
-1
-1
-1
-1
-1
-1
-1
-1
-1
-1
-1
-1
-1
-1
-1
-1
-1
-1
-1
-1
-1
-1
-1
-1
-1
-1
-1
-1
-1
-1
-1
-1
-1
-1
-1
-1
-1
-1
-1
-1
-1
-1
-1
-1
-1
-1
-1
-1
-1
-1
-1
-1
-1
-1
-1
-1
-1
-1
-1
-1
-1
-1
-1
-1
-1
-1
-1
-1
-1
-1
-1
-1
-1
-1
-1
-1
-1
-1
-1
-1
-1
-1
-1
-1
-1
-1
-1
-1
-1
-1
-1
-1
-1
-1
-1
-1
-1
-1
-1
-1
-1
-1
-1
-1
-1
-1
-1
-1
-1
-1
-1
-1
1220
1229
-1
1238
1247
1256
-1
1265
1274
1283
-1
1292
-1
-1
-1
1301
-1
-1
1310
-1
-1
-1
-1
-1
-1
-1
-1
-1
-1
-1
-1
-1
-1
-1
-1
-1
-1
-1
-1
-1
-1
-1
-1
-1
-1
-1
-1
-1
-1
-1
-1
-1
-1
-1
-1
-1
-1
-1
-1
-1
-1
-1
-1
-1
-1
-1
-1
-1
-1
-1
-1
-1
-1
-1
-1
-1
-1
-1
-1
-1
1319
-1
-1
-1
-1
-1
-1
-1
-1
-1
-1
-1
-1
-1
977
986
995
1004
1013
1022
1031
1068
1077
1086
1095
1104
1113
1122
1150
1159
1168
1177
1185
1186
1188
996
997
998
999
1000
1001
1002
1069
1070
1071
1072
1073
1074
1075
978
979
980
981
982
983
984
1087
1088
1089
1090
1091
1092
1093
-1
-1
-1
-1
-1
-1
-1
-1
-1
-1
-1
-1
-1
-1
-1
-1
-1
-1
-1
-1
-1
-1
-1
-1
-1
-1
-1
-1
-1
1328
113
114
115
116
117
118
119
158
159
160
161
162
163
164
258
259
260
261
262
263
264
267
268
269
270
271
272
273
429
430
431
432
433
434
435
672
673
674
675
676
677
678
681
682
683
684
685
686
687
708
709
710
711
712
713
714
1039
1040
1041
1042
1043
1044
1045
1130
1131
1132
1133
1134
1135
1136
987
988
989
990
991
992
993
1151
1152
1153
1154
1155
1156
1157
879
880
881
882
883
884
885
1078
1079
1080
1081
1082
1083
1084
65
66
67
68
69
70
71
717
718
719
720
721
722
723
131
132
133
134
135
136
137
816
817
818
819
820
821
822
186
187
188
189
190
191
192
204
205
206
207
208
209
210
474
475
476
477
478
479
480
636
637
638
639
640
641
642
789
790
791
792
793
794
795
834
835
836
837
838
839
840
852
853
854
855
856
857
858
925
926
928
937
945
946
947
1048
1049
1050
1051
1052
1053
1054
1196
1197
1198
1199
1200
1201
1202
1014
1015
1016
1017
1018
1019
1020
957
958
959
960
961
962
963
1267
1268
1269
1270
1271
1272
1273
1023
1024
1025
1026
1027
1028
1029
1096
1097
1098
1099
1100
1101
1102
519
520
521
522
523
524
525
690
691
692
693
694
695
696
1240
1241
1242
1243
1244
1245
1246
1294
1295
1296
1297
1298
1299
1300
1114
1115
1116
1117
1118
1119
1120
276
277
278
279
280
281
282
285
286
287
288
289
290
291
501
502
503
504
505
506
507
798
799
800
801
802
803
804
888
889
890
891
892
893
894
168
169
170
171
172
173
174
195
196
197
198
199
200
201
1205
1206
1207
1208
1210
1218
1219
1005
1006
1007
1008
1009
1010
1011
1330
1331
1332
1333
1334
1335
1336
1337
1346
1355
1364
1357
1358
1359
1360
1361
1362
1363
1348
1349
1350
1351
1352
1353
1354
1339
1340
1341
1342
1343
1344
1345
1366
1367
1368
1369
1370
1371
1372
2
3
4
5
6
7
8
56
57
58
59
60
61
62
726
727
728
729
730
731
732
1032
1033
1034
1035
1036
1037
1038
1189
1190
1191
1192
1193
1194
1195
11
12
13
14
15
16
17
1231
1232
1233
1234
1235
1236
1237
1105
1106
1107
1108
1109
1110
1111
1123
1124
1125
1126
1127
1128
1129
753
754
755
756
757
758
759
149
150
151
152
153
154
155
177
178
179
180
181
182
183
906
907
908
909
910
911
912
1303
1304
1305
1306
1307
1308
1309
762
763
764
765
766
767
768
771
772
773
774
775
776
777
915
916
917
918
919
920
921
966
967
968
969
970
971
972
1222
1223
1224
1225
1226
1227
1228
1160
1161
1162
1163
1164
1165
1166
1169
1170
1171
1172
1173
1174
1175
294
295
296
297
298
299
300
699
700
701
702
703
704
705
735
736
737
738
739
740
741
744
745
746
747
748
749
750
870
871
872
873
874
875
876
948
949
950
951
952
953
954
1258
1259
1260
1261
1262
1263
1264
1285
1286
1287
1288
1289
1290
1291
303
304
305
306
307
308
309
780
781
782
783
784
785
786
897
898
899
900
901
902
903
1057
1058
1059
1060
1061
1062
1063
1139
1140
1141
1142
1143
1144
1145
1249
1250
1251
1252
1253
1254
1255
1321
1322
1323
1324
1325
1326
1327
1178
1179
1180
1181
1182
1183
1184
-1
-1
-1
-1
-1
-1
-1
-1
-1
-1
-1
-1
-1
-1
-1
-1
1373
1446
1377
1386
1395
1404
1413
1422
1431
1450
1459
1467
1469
1478
1487
1496
1405
1406
1407
1408
1409
1410
1411
1414
1415
1416
1417
1418
1419
1420
1511
1520
1529
1538
1547
1556
1565
1574
1522
1523
1524
1525
1526
1527
1528
1531
1532
1533
1534
1535
1536
1537
1540
1541
1542
1543
1544
1545
1546
1513
1514
1515
1516
1517
1518
1519
1583
1656
1587
1596
1605
1614
1623
1632
1641
1660
1669
1678
1687
1696
1705
1714
1661
1662
1663
1664
1665
1666
1667
1606
1607
1608
1609
1610
1611
1612
1649
1650
1651
1652
1653
1654
1655
1679
1680
1681
1682
1683
1684
1685
1722
1723
1724
1725
1726
1727
1728
1597
1598
1599
1600
1601
1602
1603
1615
1616
1617
1618
1619
1620
1621
1670
1671
1672
1673
1674
1675
1676
1697
1698
1699
1700
1701
1702
1703
1588
1589
1590
1591
1592
1593
1594
1624
1625
1626
1627
1628
1629
1630
1688
1689
1690
1691
1692
1693
1694
1642
1643
1644
1645
1646
1647
1648
1706
1707
1708
1709
1710
1711
1712
1715
1716
1717
1718
1719
1720
1721
1633
1634
1635
1636
1637
1638
1639
1549
1550
1551
1552
1553
1554
1555
1432
1433
1434
1435
1436
1437
1438
1479
1480
1481
1482
1483
1484
1485
1558
1559
1560
1561
1562
1563
1564
1423
1424
1425
1426
1427
1428
1429
1470
1471
1472
1473
1474
1475
1476
1488
1489
1490
1491
1492
1493
1494
1439
1440
1441
1442
1443
1444
1445
1387
1388
1389
1390
1391
1392
1393
1567
1568
1569
1570
1571
1572
1573
1729
1731
1732
1734
1742
1744
1752
1753
1451
1452
1453
1454
1455
1456
1457
1497
1498
1499
1500
1501
1502
1503
1735
1736
1737
1738
1739
1740
1741
1378
1379
1380
1381
1382
1383
1384
1396
1397
1398
1399
1400
1401
1402
1576
1577
1578
1579
1580
1581
1582
1460
1461
1462
1463
1464
1465
1466
20
21
22
23
24
25
26
1276
1277
1278
1279
1280
1281
1282
1312
1313
1314
1315
1316
1317
1318
929
930
931
932
933
934
935
938
939
940
941
942
943
944
1211
1212
1213
1214
1215
1216
1217
1504
1505
1506
1507
1508
1509
1510
1745
1746
1747
1748
1749
1750
1751
)


// ************************************************************************* //
