/*--------------------------------*- C++ -*----------------------------------*\
  =========                 |
  \\      /  F ield         | OpenFOAM: The Open Source CFD Toolbox
   \\    /   O peration     | Website:  https://openfoam.org
    \\  /    A nd           | Version:  9
     \\/     M anipulation  |
\*---------------------------------------------------------------------------*/
FoamFile
{
    format      ascii;
    class       volVectorField;
    location    "0.0002";
    object      rhoU;
}
// * * * * * * * * * * * * * * * * * * * * * * * * * * * * * * * * * * * * * //

dimensions      [1 -2 -1 0 0 0 0];

internalField   nonuniform List<vector> 
2202
(
(0 0 -9.1374e-17)
(9.3343e-17 -1.05097e-21 3.23401e-15)
(-1.5672e-21 -2.47954e-18 1.89885e-15)
(2.91741e-37 -4.14892e-18 -2.7157e-15)
(9.4721e-23 -2.35522e-15 0)
(0 -2.60131e-18 -2.94168e-15)
(0 0 2.2461e-16)
(9.27689e-19 0 -1.35203e-18)
(0 0 -1.13277e-20)
(1.60298e-22 0 6.1981e-22)
(-1.15101e-27 0 8.66445e-22)
(4.33438e-41 0 -4.31772e-22)
(9.91505e-28 0 -5.98066e-16)
(0 0 -2.90494e-18)
(0 0 8.97813e-22)
(0 0 0)
(-8.81909e-26 0 0)
(1.51142e-41 0 0)
(1.08658e-25 0 4.50046e-15)
(0 0 0)
(0 0 8.72183e-33)
(0 0 2.69048e-27)
(0 0 -1.17309e-30)
(0 0 4.00989e-26)
(0 0 0)
(0 0 0)
(0 0 2.3973e-23)
(0 0 6.53916e-18)
(0 0 0)
(0 0 0)
(0 0 -4.36156e-15)
(0 0 0)
(0 0 0)
(0 0 0)
(-1.72676e-23 0 -2.20894e-16)
(2.43378e-39 0 -6.31192e-19)
(2.0005e-23 -4.54488e-18 -1.16653e-16)
(0 0 -9.88761e-20)
(0 0 0)
(0 0 0)
(0 0 0)
(0 0 -4.50204e-15)
(0 0 0)
(0 0 0)
(0 0 -2.79926e-16)
(0 0 0)
(0 0 0)
(0 0 0)
(0 0 0)
(0 0 0)
(0 0 0)
(0 0 0)
(0 0 0)
(0 0 0)
(0 0 0)
(0 0 0)
(0 0 0)
(0 0 0)
(0 0 0)
(0 0 0)
(0 0 0)
(0 0 0)
(0 0 0)
(0 0 0)
(0 0 0)
(0 0 0)
(0 0 0)
(0 0 0)
(0 0 0)
(0 0 0)
(0 0 0)
(0 0 0)
(0 0 0)
(0 0 0)
(0 0 0)
(0 0 0)
(0 0 2.92164e-22)
(0 0 2.03267e-19)
(0 0 8.71769e-17)
(0 0 2.03267e-19)
(0 0 2.9187e-22)
(0 0 2.94697e-25)
(0 0 0)
(0 0 0)
(0 0 0)
(0 0 0)
(0 0 0)
(0 0 0)
(0 0 0)
(0 0 0)
(0 0 0)
(0 0 0)
(0 0 0)
(0 -3.32109e-38 0)
(0 -2.87563e-35 0)
(0 -6.00923e-33 0)
(0 -6.73148e-31 0)
(0 -9.93434e-29 0)
(0 -1.10625e-30 0)
(0 0 0)
(0 0 0)
(0 0 0)
(0 0 0)
(0 0 0)
(0 0 0)
(0 0 0)
(0 0 0)
(0 0 0)
(0 0 0)
(0 0 0)
(0 0 0)
(0 0 0)
(0 0 0)
(0 0 0)
(0 0 0)
(0 0 0)
(-6.89547e-22 -1.47007e-19 -1.74725e-16)
(-1.78405e-23 8.10314e-24 2.94055e-20)
(0 -2.72559e-18 7.57258e-15)
(6.7903e-17 -1.16702e-17 -6.5774e-17)
(0 -8.86394e-19 -8.71886e-15)
(0 -2.0092e-32 -2.27309e-22)
(0 -1.39812e-35 0)
(0 -4.14791e-38 1.17628e-15)
(0 4.63814e-28 -8.83836e-15)
(3.5011e-21 0 0)
(1.20155e-21 0 -9.09495e-15)
(0 0 -8.17664e-15)
(3.36909e-49 0 0)
(1.88743e-21 0 0)
(0 0 0)
(1.96576e-20 9.12525e-24 7.52572e-15)
(0 -8.81745e-21 7.39915e-15)
(0 -1.65131e-18 0)
(5.90222e-33 -1.30754e-16 0)
(0 -1.66092e-18 0)
(1.72453e-25 9.57539e-25 -9.26988e-17)
(0 6.69746e-19 0)
(0 0 0)
(1.47583e-34 1.31592e-16 0)
(0 0 0)
(3.15136e-41 2.24726e-22 -5.06477e-23)
(0 0 0)
(0 0 0)
(0 0 0)
(0 0 0)
(5.38635e-45 0 -4.50137e-25)
(0 0 0)
(0 0 0)
(0 0 0)
(0 0 0)
(0 0 -3.15299e-27)
(0 0 0)
(0 0 0)
(0 0 0)
(0 0 0)
(0 5.74187e-22 -1.3197e-18)
(0 1.65681e-25 8.04676e-17)
(0 0 8.81046e-17)
(0 0 0)
(0 0 0)
(0 0 0)
(0 0 0)
(0 0 0)
(0 3.36607e-32 8.93001e-17)
(0 0 0)
(0 0 0)
(0 0 0)
(0 0 0)
(0 0 8.68781e-17)
(0 0 0)
(0 0 0)
(0 0 0)
(0 0 0)
(0 -1.32557e-26 0)
(0 0 0)
(0 0 0)
(0 0 0)
(0 0 0)
(0 0 0)
(0 0 0)
(0 0 0)
(0 0 0)
(0 0 0)
(0 0 0)
(0 0 0)
(0 0 0)
(0 0 0)
(0 0 0)
(0 3.00893e-24 0)
(0 0 3.02143e-18)
(0 0 0)
(0 0 0)
(0 0 0)
(0 0 0)
(0 0 0)
(0 0 0)
(0 0 0)
(0 0 0)
(0 0 0)
(0 0 0)
(0 0 0)
(0 0 5.14585e-27)
(0 0 0)
(0 0 0)
(0 0 0)
(0 0 0)
(0 0 0)
(0 0 0)
(0 0 0)
(0 0 0)
(0 0 0)
(0 0 0)
(0 0 0)
(0 0 0)
(0 0 0)
(0 0 0)
(0 0 0)
(0 0 0)
(0 0 0)
(0 0 0)
(0 0 0)
(0 0 0)
(0 0 0)
(0 0 0)
(0 0 0)
(0 0 0)
(0 0 0)
(0 0 0)
(0 0 0)
(0 0 0)
(0 0 0)
(0 0 0)
(0 0 0)
(0 0 0)
(0 0 0)
(0 0 0)
(0 0 0)
(0 0 0)
(0 0 0)
(0 0 0)
(0 0 0)
(0 0 0)
(0 0 0)
(0 0 0)
(0 0 0)
(0 0 0)
(0 0 0)
(0 0 0)
(0 0 0)
(0 0 0)
(0 0 0)
(0 0 0)
(0 0 0)
(0 0 0)
(0 0 -4.2413e-19)
(0 0 0)
(0 0 0)
(0 0 0)
(0 0 0)
(0 0 0)
(0 0 0)
(0 0 0)
(0 0 0)
(0 0 0)
(0 0 0)
(0 0 0)
(0 0 0)
(0 0 0)
(0 0 0)
(0 0 0)
(0 0 0)
(0 0 0)
(0 0 0)
(0 0 0)
(0 0 0)
(0 0 0)
(0 0 0)
(0 0 0)
(0 0 0)
(0 0 0)
(0 0 0)
(0 0 0)
(0 0 0)
(0 0 0)
(0 0 0)
(0 0 0)
(0 0 0)
(0 0 0)
(0 0 0)
(0 0 0)
(0 0 0)
(0 0 0)
(0 0 0)
(0 0 0)
(0 0 0)
(0 0 0)
(0 0 0)
(0 0 0)
(0 0 0)
(0 0 0)
(0 0 0)
(0 0 0)
(0 0 0)
(0 0 0)
(0 0 0)
(0 0 0)
(0 0 0)
(0 0 0)
(0 0 0)
(0 0 0)
(0 0 0)
(0 0 0)
(0 0 0)
(0 0 0)
(0 0 0)
(0 0 0)
(0 0 0)
(0 0 0)
(0 0 0)
(0 0 0)
(2.03108e-26 -3.15184e-29 0)
(1.50024e-21 0 -7.9635e-15)
(-7.55551e-22 0 0)
(7.92528e-42 0 0)
(3.42322e-21 2.11486e-16 0)
(0 0 0)
(8.77085e-24 1.43349e-22 1.56923e-15)
(8.33503e-24 1.90449e-24 -8.17664e-15)
(0 2.21523e-26 0)
(2.10687e-47 9.2933e-29 0)
(9.64509e-20 8.88364e-31 0)
(0 7.81707e-33 0)
(0 0 -2.62452e-20)
(0 0 0)
(0 0 0)
(0 0 0)
(0 0 0)
(0 0 0)
(0 0 0)
(0 0 0)
(0 0 0)
(0 0 0)
(0 0 0)
(0 0 0)
(0 0 0)
(0 0 0)
(0 0 0)
(0 0 0)
(0 0 0)
(0 0 0)
(0 0 0)
(0 0 0)
(0 0 0)
(0 0 0)
(0 0 0)
(0 0 0)
(0 0 0)
(0 0 0)
(0 0 0)
(0 0 2.92164e-22)
(0 0 2.03267e-19)
(0 0 8.71769e-17)
(0 0 2.03267e-19)
(0 0 2.9187e-22)
(0 0 2.94697e-25)
(0 0 0)
(0 0 0)
(0 0 0)
(0 0 0)
(0 0 0)
(0 0 0)
(0 0 -4.98562e-17)
(0 0 0)
(0 0 0)
(0 0 0)
(0 0 0)
(0 0 0)
(0 0 0)
(0 0 0)
(0 0 0)
(0 0 0)
(0 0 0)
(0 0 0)
(0 0 0)
(0 0 0)
(0 0 0)
(0 0 0)
(0 0 0)
(0 0 0)
(0 0 0)
(0 0 0)
(0 0 0)
(0 0 0)
(0 0 0)
(0 0 0)
(0 0 0)
(0 0 0)
(-1.37559e-21 -8.5059e-20 -7.60841e-15)
(2.99567e-37 -1.11139e-17 -6.62174e-17)
(2.21603e-21 -1.47143e-15 -6.53411e-15)
(0 -4.05585e-17 -2.34805e-18)
(0 -1.62694e-26 0)
(0 -4.75534e-24 -8.90534e-15)
(0 -9.43162e-22 0)
(0 -1.12441e-19 0)
(0 -1.3043e-17 0)
(0 -1.98198e-19 0)
(0 -2.77624e-29 0)
(0 -1.5326e-26 0)
(0 -1.81965e-24 0)
(0 -2.57961e-22 0)
(0 -2.88623e-20 0)
(0 -3.98937e-22 0)
(0 -2.60136e-32 0)
(0 -1.38734e-29 0)
(0 -2.11764e-27 0)
(0 -3.1561e-25 0)
(0 -3.31438e-23 0)
(0 -4.69434e-25 0)
(0 -4.23257e-35 8.14938e-20)
(0 -2.7384e-32 3.6222e-17)
(0 -4.65809e-30 3.22729e-15)
(0 -5.58855e-28 3.6222e-17)
(0 -6.7116e-26 8.1377e-20)
(0 -8.59877e-28 1.16936e-22)
(0 -1.02024e-15 0)
(0 -9.9513e-16 1.25517e-18)
(0 -2.1693e-15 -3.08451e-15)
(0 0 -8.83861e-15)
(0 0 2.21173e-19)
(0 0 2.29163e-25)
(0 0 0)
(0 0 0)
(0 0 0)
(0 0 5.53482e-16)
(0 0 -2.41581e-17)
(0 0 9.00283e-19)
(0 0 3.06558e-17)
(0 0 5.09138e-16)
(0 0 7.85877e-15)
(0 0 -2.61941e-19)
(0 0 3.47194e-23)
(0 0 0)
(0 0 3.16253e-17)
(0 1.54374e-22 -4.69825e-18)
(7.08088e-27 1.86972e-20 0)
(0 0 -5.97123e-25)
(9.54834e-29 0 0)
(0 0 -3.4078e-18)
(0 0 -6.90631e-20)
(0 0 1.24072e-20)
(0 0 1.64158e-22)
(0 0 0)
(0 0 0)
(0 0 0)
(0 0 0)
(0 0 0)
(0 0 0)
(4.1787e-42 0 0)
(0 0 0)
(0 0 -3.33025e-17)
(2.97755e-43 0 0)
(0 0 -3.33025e-17)
(0 0 0)
(0 0 0)
(0 0 0)
(0 0 0)
(0 0 0)
(1.49098e-29 0 -1.07639e-16)
(0 0 -5.09448e-17)
(0 0 5.00418e-17)
(1.59248e-41 0 1.73669e-18)
(0 0 3.43696e-17)
(0 0 0)
(0 0 0)
(0 0 0)
(0 0 0)
(0 0 0)
(0 1.0731e-20 -4.3165e-15)
(0 0 -5.73563e-17)
(7.01243e-37 2.42718e-15 2.07475e-17)
(0 0 -2.17738e-17)
(1.81748e-26 0 -1.34528e-17)
(0 0 -1.71217e-16)
(0 0 -5.10602e-18)
(0 0 2.35277e-19)
(0 0 -2.22875e-19)
(0 0 -2.37883e-19)
(0 0 -1.9131e-18)
(0 0 -9.14355e-20)
(0 0 3.64923e-22)
(0 0 -1.61033e-21)
(2.90487e-21 1.9582e-22 -7.3979e-15)
(0 5.21125e-17 -9.0458e-15)
(0 0 -8.93216e-17)
(6.04095e-33 2.38957e-15 8.75342e-17)
(0 0 8.93611e-19)
(0 0 -3.38394e-16)
(0 0 -9.12114e-18)
(0 0 1.78762e-18)
(0 0 3.168e-20)
(0 0 5.50408e-22)
(0 0 0)
(0 0 1.16837e-16)
(0 0 0)
(0 2.73281e-18 -6.08548e-16)
(0 0 -4.08612e-17)
(0 0 -6.52943e-19)
(7.54813e-25 6.7905e-19 -5.88792e-17)
(0 4.53826e-28 5.79236e-15)
(-3.28757e-21 2.19394e-26 4.76083e-15)
(0 2.24957e-22 4.75608e-15)
(0 -3.05953e-22 -3.3624e-21)
(0 0 -4.96169e-23)
(0 0 -4.56038e-25)
(0 5.20393e-31 1.24672e-15)
(0 5.14247e-31 1.35587e-15)
(0 0 1.27717e-15)
(0 -2.8187e-24 0)
(0 0 0)
(0 0 0)
(0 0 2.95286e-20)
(0 0 0)
(0 0 5.285e-25)
(0 0 0)
(0 0 0)
(0 0 0)
(0 0 0)
(0 0 0)
(0 0 0)
(0 0 0)
(0 0 0)
(0 0 0)
(0 0 0)
(0 0 0)
(0 0 0)
(0 0 0)
(0 0 0)
(0 0 0)
(0 0 0)
(0 0 0)
(0 0 0)
(0 0 0)
(0 0 0)
(0 0 0)
(-7.09507e-20 -1.81162e-15 -1.57051e-15)
(0 -2.12132e-26 2.03332e-15)
(1.40477e-20 -6.65953e-19 0)
(1.27304e-18 -6.34277e-19 -5.57156e-19)
(0 0 2.62153e-17)
(0 -1.45009e-16 7.9123e-17)
(0 0 1.23444e-15)
(0 0 -5.24805e-17)
(0 0 -1.12823e-22)
(0 0 -6.57615e-16)
(0 0 -8.26308e-15)
(0 0 5.72481e-16)
(0 -5.27616e-16 9.09495e-15)
(0 0 0)
(0 0 0)
(0 0 0)
(0 0 0)
(0 0 0)
(0 0 0)
(0 0 0)
(0 0 0)
(0 0 0)
(0 0 0)
(0 0 0)
(0 0 0)
(0 0 -4.85242e-23)
(0 0 7.12168e-15)
(0 0 0)
(7.13964e-25 0 0)
(0 -1.11025e-16 0)
(0 0 0)
(0 -5.27616e-16 -6.07436e-15)
(0 -3.68045e-16 1.31004e-17)
(0 0 0)
(0 0 0)
(0 0 0)
(0 0 0)
(0 0 0)
(0 0 0)
(0 -3.86059e-16 5.50771e-16)
(0 0 0)
(0 0 0)
(7.46319e-18 0 -6.29007e-15)
(0 0 -6.65791e-16)
(0 -9.09495e-15 -9.40896e-16)
(0 0 0)
(0 0 0)
(0 0 0)
(0 0 0)
(0 0 0)
(0 0 0)
(0 0 0)
(0 0 0)
(0 0 0)
(0 0 0)
(0 0 0)
(0 0 0)
(0 0 0)
(0 0 -7.0106e-17)
(-1.31235e-18 0 1.21815e-15)
(1.84783e-16 0 7.04405e-15)
(0 0 5.49683e-18)
(2.11644e-26 0 1.21264e-14)
(1.8922e-16 0 2.87116e-18)
(0 0 4.10184e-18)
(0 0 0)
(0 0 0)
(0 0 0)
(0 0 0)
(0 0 0)
(0 0 0)
(0 0 0)
(0 0 0)
(0 0 0)
(0 0 0)
(0 0 0)
(0 0 0)
(0 0 0)
(0 0 0)
(0 0 0)
(0 0 0)
(0 0 0)
(0 0 0)
(0 0 0)
(0 0 0)
(0 0 0)
(0 0 0)
(0 0 0)
(0 0 0)
(0 0 0)
(0 0 0)
(0 0 8.24842e-32)
(0 0 0)
(0 0 1.00141e-32)
(0 0 4.06202e-33)
(0 0 1.61094e-31)
(9.55163e-20 0 -2.84704e-15)
(1.85527e-15 -1.14904e-15 1.07572e-15)
(0 0 0)
(0 0 0)
(0 0 5.72041e-15)
(0 0 9.39949e-20)
(0 0 0)
(0 0 -1.27597e-16)
(0 0 0)
(0 1.36279e-20 5.573e-20)
(0 0 -1.143e-17)
(0 0 1.21462e-16)
(0 0 1.61921e-18)
(0 0 -6.44705e-16)
(0 0 -7.67735e-15)
(0 0 -6.36644e-16)
(0 -5.50677e-15 7.84393e-15)
(0 0 0)
(-2.15457e-17 0 0)
(0 0 0)
(-4.59139e-24 0 -8.17628e-15)
(0 -9.09335e-15 1.50451e-14)
(0 0 0)
(0 0 0)
(0 0 0)
(-1.47272e-21 0 0)
(-1.92781e-23 0 -4.2821e-17)
(-3.34792e-17 0 7.90711e-16)
(0 0 -4.98693e-15)
(-1.54655e-21 0 -4.27185e-17)
(-8.22401e-22 0 -4.67116e-17)
(0 0 0)
(0 0 0)
(0 0 2.36934e-29)
(0 0 0)
(0 0 4.16955e-29)
(0 0 6.25408e-30)
(0 0 4.7589e-30)
(-4.16437e-20 0 -6.64895e-15)
(0 -4.43955e-15 0)
(0 0 0)
(0 -8.08327e-15 1.36576e-14)
(0 0 -3.86108e-31)
(0 -7.03501e-15 -1.28736e-16)
(0 0 0)
(0 -4.43955e-15 1.90881e-21)
(0 -7.03501e-15 3.78959e-18)
(0 0 0)
(0 0 0)
(0 0 2.84842e-19)
(0 0 0)
(0 0 0)
(0 0 0)
(0 0 0)
(0 -4.44244e-15 5.90991e-16)
(0 -7.03501e-15 7.6403e-15)
(0 0 -5.9138e-34)
(0 0 0)
(0 0 0)
(0 1.3185e-15 2.02942e-15)
(0 0 0)
(0 0 0)
(0 0 0)
(0 0 1.9643e-19)
(0 0 2.72041e-25)
(0 0 0)
(-2.2815e-20 0 0)
(0 0 4.72674e-25)
(0 0 0)
(-3.25983e-18 0 6.30947e-24)
(0 -1.39258e-15 -5.09227e-16)
(0 0 1.04605e-16)
(0 0 0)
(0 0 0)
(0 0 0)
(0 0 0)
(0 0 0)
(0 0 0)
(0 0 0)
(0 0 0)
(0 0 0)
(0 0 0)
(0 0 0)
(0 0 0)
(0 0 0)
(0 0 0)
(0 0 -1.58508e-32)
(0 0 0)
(0 0 0)
(0 0 0)
(0 0 0)
(0 0 0)
(0 0 0)
(0 0 0)
(0 0 0)
(0 0 0)
(0 0 0)
(0 0 0)
(0 0 2.38943e-19)
(0 0 0)
(0 -8.53453e-15 1.40378e-14)
(0 -1.35347e-15 9.62195e-15)
(0 0 0)
(0 0 0)
(0 0 0)
(0 0 0)
(0 0 0)
(0 0 0)
(0 0 0)
(0 0 0)
(0 0 0)
(0 0 0)
(0 0 2.00962e-19)
(0 0 1.23966e-23)
(0 0 0)
(0 0 1.83271e-22)
(0 0 0)
(0 0 0)
(0 0 0)
(0 0 0)
(0 0 0)
(0 0 0)
(0 0 0)
(0 0 0)
(0 0 0)
(0 0 0)
(0 0 0)
(0 0 0)
(0 0 0)
(0 0 0)
(0 0 0)
(0 0 0)
(0 0 0)
(0 0 0)
(0 0 0)
(0 0 0)
(0 0 0)
(4.59232e-28 -9.09495e-15 1.59739e-14)
(0 0 0)
(0 0 0)
(0 0 2.39097e-21)
(0 0 0)
(2.70346e-26 0 -8.67116e-15)
(0 0 0)
(0 0 0)
(0 0 0)
(0 0 0)
(1.73036e-14 1.07138e-14 1.20529e-14)
(5.87895e-17 0 0)
(1.73309e-18 1.08126e-18 0)
(2.41118e-33 0 3.88698e-18)
(1.23392e-17 0 2.12109e-17)
(-1.24732e-23 0 2.34739e-18)
(7.70831e-18 4.19311e-18 1.18725e-17)
(4.07002e-46 3.06939e-32 -3.22756e-15)
(-9.10674e-16 -4.85626e-16 1.68444e-14)
(0 0 0)
(2.7804e-53 -9.17834e-21 -1.81899e-14)
(0 -6.83844e-20 -2.48564e-18)
(0 0 0)
(1.54005e-27 0 0)
(0 0 1.61706e-30)
(0 0 1.07864e-25)
(5.79443e-27 0 0)
(0 0 -1.75821e-15)
(0 0 2.77769e-23)
(0 0 -1.60033e-14)
(0 0 -3.02994e-15)
(0 1.99757e-27 0)
(0 2.00894e-20 -3.45697e-18)
(0 0 1.98418e-18)
(0 0 0)
(-3.74079e-24 0 0)
(2.91909e-24 0 0)
(0 0 -2.29509e-14)
(0 0 0)
(0 4.25183e-19 -2.03475e-21)
(0 0 0)
(0 0 2.70592e-32)
(0 2.13356e-16 0)
(0 2.13356e-16 0)
(-1.33784e-15 0 -3.08431e-15)
(0 1.46316e-15 1.23212e-14)
(0 0 0)
(0 -1.67267e-14 1.36423e-14)
(-1.59243e-14 0 1.36424e-14)
(0 -3.38297e-21 0)
(0 -6.33603e-23 0)
(-1.04849e-15 -1.78178e-14 9.23966e-15)
(1.46197e-16 0 0)
(2.29332e-15 0 1.36424e-14)
(1.51503e-14 -4.26712e-16 1.36424e-14)
(-1.59273e-14 1.81899e-14 1.34578e-14)
(1.08348e-17 0 -1.49895e-14)
(2.64877e-53 6.77984e-19 -1.67486e-14)
(3.49778e-22 0 1.19613e-15)
(1.41392e-16 -3.25176e-18 -1.57976e-14)
(1.2142e-14 -1.53709e-14 -6.95244e-15)
(-1.75448e-17 0 -1.77762e-15)
(-2.61442e-16 -3.03848e-18 0)
(0 0 0)
(0 0 1.14467e-23)
(0 0 4.85104e-23)
(0 0 0)
(0 0 1.13529e-24)
(0 0 0)
(0 0 3.35624e-23)
(0 0 0)
(0 0 -3.87777e-21)
(-3.38857e-25 0 -3.02339e-22)
(0 0 0)
(0 0 -9.00162e-20)
(0 0 0)
(0 0 -4.28704e-21)
(0 0 0)
(0 0 0)
(0 0 2.62971e-29)
(0 0 4.74675e-29)
(0 0 0)
(0 0 0)
(0 0 8.70971e-28)
(0 0 0)
(0 0 0)
(0 0 3.05077e-24)
(0 0 1.79653e-27)
(0 0 0)
(0 0 0)
(0 0 5.48144e-26)
(0 0 0)
(0 0 1.5659e-18)
(2.67996e-24 0 1.05881e-21)
(0 0 0)
(0 0 -1.60599e-18)
(0 0 0)
(0 0 -4.29367e-17)
(0 0 0)
(0 0 -9.80967e-19)
(0 0 -2.17822e-16)
(0 0 0)
(0 0 -1.16656e-14)
(0 0 1.35574e-14)
(0 0 -1.80486e-15)
(0 0 0)
(0 0 0)
(0 0 1.49351e-22)
(0 0 5.63804e-22)
(0 0 0)
(0 0 0)
(0 0 6.26041e-21)
(0 0 0)
(0 0 2.69602e-14)
(0 0 7.31095e-18)
(0 0 6.52692e-21)
(0 0 4.71596e-15)
(0 0 2.39227e-16)
(0 0 2.39569e-19)
(0 0 1.04548e-19)
(0 0 2.39227e-16)
(0 0 -3.9541e-16)
(0 0 -1.83352e-14)
(0 0 1.28362e-17)
(0 0 1.62911e-14)
(0 0 -3.06606e-15)
(-1.70064e-14 2.64324e-25 1.36424e-14)
(0 1.56685e-14 1.36424e-14)
(0 1.80092e-31 0)
(0 -1.48483e-14 1.25522e-14)
(-1.61212e-14 -1.14548e-15 1.19019e-15)
(0 -9.29954e-16 0)
(0 -9.76981e-17 0)
(-1.71535e-14 2.60218e-22 1.11554e-14)
(1.03885e-15 2.15746e-25 0)
(1.59705e-14 1.0397e-23 1.36424e-14)
(0 0 0)
(0 0 3.33759e-22)
(0 0 1.39321e-21)
(0 0 0)
(0 0 2.97044e-21)
(0 0 0)
(0 0 1.37657e-20)
(0 0 0)
(0 0 3.7325e-24)
(-6.58008e-22 0 4.45994e-23)
(-7.33999e-22 0 0)
(-7.21484e-20 0 -2.4956e-22)
(0 0 0)
(-6.59632e-20 0 -7.65473e-25)
(0 0 0)
(0 0 1.73245e-23)
(7.36575e-22 0 9.27413e-22)
(0 1.50323e-27 0)
(7.43206e-20 0 7.12631e-20)
(4.51357e-22 0 0)
(0 1.26249e-26 9.09902e-22)
(0 0 0)
(0 0 -8.53485e-19)
(0 0 -3.24777e-23)
(0 1.14257e-25 0)
(0 9.29485e-24 -2.39505e-19)
(0 2.1369e-24 3.78766e-22)
(0 5.59127e-25 -4.67286e-21)
(0 -2.80688e-16 -1.34162e-14)
(3.48616e-17 0 1.34162e-14)
(2.4754e-16 -2.93968e-16 1.40455e-14)
(-2.98528e-16 7.50267e-18 5.6113e-16)
(0 0 0)
(0 0 2.01934e-18)
(0 -3.11132e-19 1.93172e-18)
(0 0 3.59074e-20)
(0 -3.364e-21 2.2087e-18)
(0 0 0)
(0 0 2.21002e-19)
(-5.24946e-20 0 3.14022e-22)
(-1.14488e-17 0 -2.87212e-20)
(0 0 2.89129e-24)
(-1.16097e-17 0 -1.3425e-22)
(1.22819e-17 0 8.16821e-18)
(5.76269e-20 0 3.44595e-18)
(0 0 0)
(0 3.11077e-21 0)
(0 0 0)
(0 2.87823e-22 0)
(0 0 0)
(0 8.07867e-21 0)
(0 1.04769e-19 0)
(0 0 -1.98996e-16)
(3.58016e-52 0 1.0765e-15)
(3.57321e-20 0 3.17453e-15)
(0 0 -9.99647e-16)
(0 3.41658e-30 -5.30832e-15)
(0 -1.07993e-20 0)
(0 1.59451e-14 1.36318e-14)
(0 3.03113e-16 1.36424e-14)
(0 0 -1.10961e-15)
(0 0 8.93426e-17)
(0 0 8.89651e-17)
(0 0 8.91054e-17)
(0 0 0)
(0 0 0)
(0 0 0)
(0 9.05515e-18 0)
(0 1.64392e-15 0)
(0 5.36647e-17 0)
(0 1.78259e-16 0)
(0 0 0)
(0 0 0)
(0 0 0)
(0 2.18972e-19 0)
(0 6.00298e-17 0)
(0 3.1824e-18 0)
(0 2.66543e-18 0)
(0 -7.77302e-19 -3.18534e-15)
(0 3.01849e-17 -8.68425e-22)
(0 -5.63451e-17 1.25751e-15)
(5.04973e-21 1.57131e-20 4.54747e-15)
(0 0 -2.82217e-21)
(0 0 0)
(2.34272e-18 6.93254e-16 1.36198e-14)
(0 0 2.64226e-24)
(0 0 0)
(0 0 1.47306e-23)
(0 0 0)
(8.01694e-32 0 0)
(0 0 0)
(0 0 0)
(4.6349e-28 6.64565e-19 0)
(1.61579e-19 -1.34806e-17 -1.42362e-25)
(2.6402e-20 1.13431e-23 0)
(0 0 0)
(5.74327e-46 2.8626e-16 0)
(0 0 0)
(1.46295e-39 2.74795e-17 1.45068e-14)
(0 2.13356e-16 0)
(0 0 0)
(0 0 0)
(0 0 0)
(0 0 0)
(0 0 0)
(0 0 0)
(-3.20482e-24 -4.58902e-31 0)
(0 0 1.80006e-18)
(0 0 -3.56843e-19)
(0 0 0)
(0 0 0)
(0 1.62285e-29 0)
(0 0 0)
(0 3.14323e-32 0)
(0 0 0)
(0 0 0)
(0 1.09003e-30 0)
(0 9.59355e-32 0)
(0 0 0)
(4.71629e-27 8.17085e-15 0)
(8.84317e-38 7.1768e-16 -1.43066e-14)
(0 0 0)
(0 0 0)
(1.28451e-24 9.09495e-15 0)
(4.55805e-23 9.09495e-15 1.67267e-14)
(0 2.13356e-16 -1.11563e-15)
(9.43287e-18 -3.20115e-16 1.36424e-14)
(3.43465e-23 1.81899e-14 -1.44532e-15)
(8.67091e-22 0 0)
(3.45802e-16 -1.61265e-14 1.99672e-15)
(5.9154e-23 0 1.36381e-14)
(7.61778e-18 2.04656e-17 1.6734e-14)
(1.47331e-21 6.67135e-19 0)
(0 6.03083e-27 0)
(0 0 0)
(0 1.24426e-30 0)
(0 0 0)
(0 0 0)
(0 5.2214e-29 0)
(0 8.03499e-30 0)
(0 3.42301e-25 0)
(0 0 0)
(0 0 0)
(0 1.92628e-25 0)
(0 0 0)
(0 5.4105e-27 0)
(0 4.46657e-24 0)
(0 7.7801e-28 0)
(0 0 0)
(0 0 0)
(0 2.76088e-27 0)
(0 0 0)
(0 6.61037e-29 0)
(0 7.574e-27 0)
(0 0 0)
(0 0 2.80106e-23)
(0 0 1.27366e-22)
(0 0 0)
(0 0 2.11019e-30)
(0 0 0)
(0 0 5.9708e-32)
(0 0 0)
(0 0 -4.17195e-24)
(0 0 -4.13968e-25)
(0 0 0)
(0 0 0)
(0 0 0)
(0 0 0)
(0 0 0)
(0 0 0)
(0 0 0)
(0 0 0)
(0 0 0)
(0 0 0)
(0 0 0)
(0 0 0)
(0 0 0)
(0 0 0)
(0 0 0)
(0 0 0)
(0 0 0)
(0 0 0)
(2.70279e-26 1.70064e-14 1.36424e-14)
(1.19383e-24 0 1.36424e-14)
(4.00158e-23 7.44545e-31 0)
(1.02686e-24 -1.62328e-14 -2.85201e-15)
(6.13528e-25 -1.62338e-14 1.19125e-15)
(3.71212e-23 -1.04782e-15 1.38044e-14)
(1.12316e-23 -1.07692e-15 0)
(0 0 0)
(0 0 3.57856e-23)
(0 0 2.24634e-22)
(0 0 0)
(0 0 0)
(0 0 8.00353e-22)
(0 0 3.92218e-21)
(0 0 0)
(0 0 6.26558e-21)
(0 0 0)
(0 0 3.75951e-20)
(0 0 0)
(0 0 1.64819e-22)
(0 0 1.76996e-23)
(0 0 0)
(0 0 -3.9821e-23)
(0 0 0)
(0 0 -4.73515e-22)
(0 0 0)
(0 8.39605e-20 0)
(0 0 0)
(0 1.82128e-20 0)
(0 0 0)
(0 3.21354e-19 0)
(0 1.63515e-18 0)
(0 0 0)
(0 5.20817e-29 0)
(0 0 0)
(0 1.31611e-30 0)
(0 0 0)
(0 0 0)
(0 0 0)
(0 0 0)
(0 0 1.88699e-18)
(0 0 1.8781e-18)
(0 0 2.22824e-20)
(0 0 2.29474e-18)
(0 0 0)
(0 0 2.52475e-19)
(0 0 0)
(0 0 -3.60545e-19)
(0 0 -3.80007e-19)
(0 0 -3.31813e-21)
(0 0 -4.17423e-19)
(0 0 0)
(0 0 -3.40983e-20)
(0 0 0)
(0 2.08961e-27 0)
(0 0 0)
(0 6.10397e-29 0)
(0 0 0)
(0 0 0)
(0 0 0)
(1.87364e-20 0 2.85617e-15)
(8.96446e-22 1.02789e-28 -1.15734e-15)
(8.87897e-45 5.11591e-23 0)
(2.66746e-33 4.24043e-27 0)
(3.05495e-44 0 0)
(1.58786e-29 0 6.98353e-26)
(8.11549e-41 6.23332e-21 0)
(9.54932e-31 4.52914e-25 2.49054e-24)
(8.11733e-41 0 2.49174e-24)
(6.24331e-37 7.49502e-19 -2.27914e-20)
(2.89768e-28 2.99944e-23 -2.39017e-16)
(6.24554e-37 0 -2.36413e-16)
(1.47772e-25 7.44819e-17 -1.44577e-24)
(4.00181e-33 7.6282e-17 0)
(8.97882e-26 7.37149e-17 -1.53288e-23)
(3.99986e-33 7.6273e-17 0)
(2.70039e-16 1.15837e-23 0)
(8.50317e-15 1.68138e-14 1.36424e-14)
(5.89346e-23 0 1.25659e-14)
(1.13784e-22 2.59409e-17 8.21742e-17)
(1.59767e-21 0 -1.55545e-14)
(8.17238e-21 3.61077e-19 0)
(3.77131e-20 1.84179e-23 0)
(0 0 0)
(0 0 0)
(0 0 0)
(0 9.9956e-18 0)
(0 1.73777e-15 0)
(0 6.11526e-17 0)
(0 1.87548e-16 0)
(0 0 0)
(0 0 0)
(0 0 0)
(0 0 0)
(0 0 0)
(0 0 0)
(0 0 0)
(6.09167e-41 2.3341e-15 4.83256e-23)
(3.2885e-28 2.33172e-15 -3.2067e-15)
(1.63852e-23 2.25456e-15 2.25852e-15)
(4.68158e-19 1.00434e-21 -2.11289e-15)
(0 0 0)
(0 2.1087e-22 0)
(0 0 0)
(0 0 0)
(0 6.65305e-17 0)
(0 -1.20952e-17 -2.25053e-17)
(1.65698e-14 7.48118e-16 -4.54175e-15)
(0 0 0)
(0 4.05152e-18 0)
(0 0 0)
(0 2.32297e-21 0)
(0 0 1.6292e-14)
(5.09798e-23 0 0)
(0 1.40795e-14 0)
(0 0 0)
(0 0 -1.69795e-14)
(5.12123e-21 4.78453e-16 0)
(0 1.36424e-14 0)
(0 0 -3.60931e-15)
(0 1.72836e-14 1.67267e-14)
(0 4.00105e-26 0)
(0 0 0)
(0 1.73119e-27 0)
(0 0 0)
(0 0 0)
(0 1.71082e-25 0)
(0 3.67566e-29 0)
(0 0 1.78155e-14)
(3.94192e-19 3.21628e-15 -5.67623e-24)
(0 1.54676e-14 -1.99093e-19)
(0 0 5.41985e-31)
(0 0 -4.90667e-17)
(1.14103e-17 9.08992e-15 0)
(0 1.36424e-14 0)
(0 1.81899e-14 -1.10475e-17)
(0 0 1.97091e-14)
(0 0 9.25888e-18)
(-5.05887e-17 1.81899e-14 -4.16171e-16)
(0 7.35289e-28 0)
(0 0 0)
(0 2.80614e-28 0)
(0 0 0)
(0 0 0)
(0 9.09962e-27 0)
(0 8.51549e-30 0)
(0 4.17886e-26 0)
(0 0 0)
(0 0 0)
(0 2.38761e-23 0)
(0 0 0)
(0 7.25643e-25 0)
(0 4.68007e-25 0)
(0 4.97106e-27 0)
(0 0 0)
(0 5.73918e-28 0)
(0 0 -1.72967e-14)
(0 0 0)
(0 2.31878e-26 0)
(0 1.66442e-29 0)
(0 4.27059e-24 0)
(0 0 0)
(0 0 0)
(0 7.90922e-22 0)
(0 0 0)
(0 1.78602e-23 0)
(0 1.94975e-22 0)
(0 4.2798e-25 0)
(0 0 1.61296e-14)
(0 0 0)
(0 6.2103e-23 0)
(0 0 0)
(0 2.00256e-24 0)
(0 1.2855e-23 0)
(0 6.50345e-27 0)
(0 0 0)
(0 0 -1.76654e-14)
(0 2.90255e-24 0)
(0 0 0)
(0 8.31665e-26 0)
(0 3.41187e-25 1.87026e-14)
(0 0 0)
(0 4.69112e-20 0)
(0 0 0)
(0 1.07275e-20 0)
(0 0 0)
(0 1.93603e-19 0)
(0 9.17128e-19 0)
(0 0 1.6059e-14)
(0 1.56511e-22 0)
(0 0 0)
(0 8.92721e-24 -1.43373e-14)
(0 0 -1.7274e-14)
(0 9.76321e-23 1.87605e-14)
(0 2.26431e-21 0)
(0 0 0)
(0 4.38874e-21 0)
(0 0 -2.65847e-14)
(0 8.0911e-22 0)
(0 0 0)
(0 1.70258e-20 0)
(0 1.07539e-19 0)
(0 0 0)
(0 0 0)
(0 0 0)
(0 0 0)
(0 0 1.95366e-14)
(5.97393e-37 -1.51383e-16 0)
(0 7.00334e-17 0)
(2.08316e-17 1.11375e-14 -8.92254e-15)
(0 0 0)
(0 1.81899e-14 0)
(2.69014e-47 7.58556e-15 0)
(0 0 0)
(0 1.00938e-14 -1.10198e-20)
(0 -2.71402e-31 -2.21202e-14)
(0 0 2.39227e-16)
(0 -2.30532e-35 2.39227e-16)
(0 0 0)
(0 0 0)
(0 0 0)
(0 -4.16247e-33 2.59079e-14)
(0 9.15788e-15 -1.68816e-14)
(0 0 1.96129e-14)
(0 1.81035e-14 1.51958e-14)
(0 0 -3.40756e-15)
(0 1.08724e-14 -1.20418e-15)
(5.51777e-38 9.09495e-15 5.83364e-17)
(0 -1.10269e-29 0)
(0 0 0)
(0 -3.02999e-29 0)
(0 0 4.6051e-15)
(0 0 0)
(0 -2.24451e-28 0)
(0 -3.26235e-31 2.39227e-16)
(0 -8.3352e-28 0)
(0 0 -2.74998e-15)
(0 0 0)
(0 -9.33261e-25 0)
(0 0 0)
(0 -2.0243e-26 -2.02823e-18)
(0 -2.13406e-26 0)
(0 0 7.28236e-16)
(0 -8.11189e-28 -2.3583e-14)
(0 0 2.70048e-14)
(0 0 -1.92291e-15)
(0 -1.46621e-26 0)
(0 -6.49828e-25 -6.92828e-17)
(0 -1.02911e-26 -4.42715e-15)
(0 1.81035e-14 -1.51496e-14)
(0 0 -2.11307e-14)
(0 9.19455e-15 1.48505e-14)
(0 0 -1.41202e-14)
(0 0 -1.64649e-15)
(0 -1.97485e-23 2.79426e-15)
(0 0 2.34175e-15)
(0 -1.27473e-24 2.08511e-16)
(0 -3.83896e-23 3.62513e-15)
(0 -7.97425e-22 -3.35971e-15)
(0 0 0)
(0 -2.05119e-23 -4.00281e-16)
(0 0 0)
(0 -4.10524e-25 0)
(0 0 0)
(0 -3.43432e-24 0)
(0 -1.30853e-22 0)
(0 -6.21121e-21 0)
(0 0 -3.27451e-16)
(0 0 -1.42235e-14)
(0 0 8.95301e-16)
(0 -3.39612e-22 -3.0858e-15)
(0 -1.4658e-20 3.18377e-15)
(0 -2.00098e-19 -8.00356e-16)
(0 2.37804e-22 0)
(0 0 0)
(0 0 0)
(0 2.2383e-20 0)
(0 0 0)
(0 0 0)
(0 0 1.50749e-14)
(0 1.3251e-25 0)
(0 0 0)
(0 2.39701e-23 0)
(0 0 0)
(0 4.45842e-21 0)
(0 0 -3.62548e-16)
(0 1.80424e-18 -1.9753e-20)
(0 0 -9.73963e-17)
(0 0 -8.28759e-17)
(0 1.22196e-16 0)
(0 1.22429e-16 0)
(0 1.26776e-16 0)
(0 1.26783e-16 0)
(0 1.36762e-20 1.26132e-18)
(0 0 9.56833e-17)
(0 7.29673e-17 0)
(0 6.59614e-19 0)
(0 0 9.74628e-17)
(0 7.29784e-17 0)
(0 7.29726e-17 0)
(0 0 -1.64541e-14)
(1.41015e-16 -2.08222e-18 -2.23382e-17)
(1.47763e-15 2.05609e-15 1.36424e-14)
(-2.06669e-17 1.19044e-15 1.08931e-14)
(1.96114e-16 0 -1.36206e-16)
(0 -3.28014e-18 1.68986e-23)
(0 -3.28014e-18 0)
(1.45764e-36 0 -8.66031e-15)
(8.03516e-33 -1.81509e-16 0)
(9.66902e-33 -1.8925e-16 0)
(-9.57119e-16 -1.64067e-16 0)
(-1.16175e-15 0 -1.66858e-14)
(-1.50084e-14 1.52499e-14 3.03188e-15)
(-1.02003e-16 -1.85e-16 0)
(0 0 0)
(0 0 7.68297e-30)
(0 0 0)
(0 6.46288e-18 0)
(0 3.90004e-16 0)
(0 3.45646e-17 0)
(0 5.80178e-17 0)
(0 0 2.75082e-16)
(0 0 4.91578e-29)
(0 0 0)
(0 6.55595e-19 0)
(0 8.54775e-17 0)
(0 5.17636e-18 0)
(0 6.61729e-18 0)
(0 0 -1.39195e-14)
(0 6.81551e-17 1.61797e-14)
(0 0 -7.56495e-18)
(0 0 0)
(0 1.35564e-15 -2.53021e-17)
(0 0 0)
(0 0 0)
(0 -1.69366e-19 3.54085e-15)
(0 0 6.09412e-18)
(0 -3.09852e-21 8.10731e-19)
(0 0 1.1004e-20)
(0 0 -2.03099e-20)
(0 0 1.60954e-17)
(0 0 -1.58456e-17)
(9.15554e-43 0 0)
(0 0 0)
(4.58985e-44 0 -1.81899e-14)
(8.82785e-46 0 0)
(4.58985e-44 0 0)
(0 0 0)
(1.24627e-42 0 8.36336e-15)
(0 9.23873e-24 -8.39969e-16)
(0 0 1.35724e-14)
(0 0 -1.35724e-14)
(0 0 0)
(0 1.30182e-21 3.12869e-18)
(0 0 -1.69697e-14)
(0 0 -2.22136e-16)
(5.95251e-37 -1.37131e-16 0)
(0 0 -6.01044e-17)
(2.83706e-41 0 -5.49412e-16)
(9.13721e-37 -1.79809e-16 0)
(0 0 -4.87665e-16)
(3.3623e-41 0 -6.39235e-15)
(1.122e-36 -1.87469e-16 9.09495e-15)
(0 0 6.13436e-16)
(0 2.62712e-19 -3.70441e-18)
(0 0 1.6707e-14)
(0 0 1.64688e-14)
(0 3.95014e-17 3.52769e-18)
(0 2.35226e-17 0)
(0 7.23475e-17 -1.78311e-14)
(0 0 1.14432e-15)
(0 -3.29927e-18 -1.81899e-14)
(0 -4.521e-19 1.1301e-17)
(2.08375e-17 -3.75538e-17 1.57968e-14)
(2.59206e-17 1.5748e-14 1.69342e-14)
(0 -3.29927e-18 -1.58085e-14)
(0 -2.45181e-18 2.09681e-14)
(0 0 1.44017e-16)
(0 -1.21854e-19 1.31335e-17)
(5.84177e-17 0 -1.16033e-15)
(0 0 3.11245e-15)
(0 -3.21461e-18 0)
(0 -2.59717e-17 0)
(0 2.27471e-15 0)
(0 2.27379e-15 -4.51417e-15)
(3.92559e-43 2.27379e-15 0)
(0 2.27375e-15 -4.51417e-15)
(0 2.27471e-15 -9.71953e-16)
(0 2.27465e-15 9.30271e-16)
(3.80011e-40 2.29478e-15 8.06978e-17)
(0 2.27463e-15 9.84925e-16)
(0 2.64382e-15 2.15457e-15)
(0 2.19579e-15 -2.21874e-15)
(1.56225e-35 4.83675e-17 9.68656e-16)
(0 2.1769e-15 -1.23893e-15)
(0 -9.55601e-17 -2.05701e-15)
(1.05915e-31 -2.22801e-15 1.9719e-15)
(0 -9.64526e-17 8.75342e-17)
(0 2.83152e-22 0)
(0 1.83285e-18 -1.60398e-19)
(0 2.40375e-20 0)
(0 -6.74944e-23 -7.57344e-21)
(0 4.37294e-20 -2.32442e-16)
(0 0 -1.93476e-22)
(0 0 0)
(0 0 4.94796e-17)
(0 -5.04159e-22 0)
(0 0 0)
(0 0 0)
(0 0 1.10636e-23)
(0 0 0)
(0 0 0)
(0 0 0)
(0 0 0)
(0 0 0)
(0 0 0)
(0 0 0)
(0 0 0)
(0 0 0)
(0 0 0)
(0 0 0)
(0 0 0)
(0 0 0)
(0 0 0)
(0 0 0)
(0 -1.90299e-20 -5.53314e-20)
(0 0 -1.45765e-21)
(0 0 -1.99058e-23)
(-9.10203e-22 -8.31911e-24 -5.94498e-15)
(-1.28055e-19 -1.65548e-18 1.54753e-15)
(-8.60684e-19 0 7.36286e-17)
(-3.60089e-18 0 -8.86522e-16)
(6.98085e-24 -6.17933e-20 -5.66293e-16)
(-4.49131e-18 0 -2.38896e-21)
(-1.86592e-22 0 -3.37355e-16)
(-8.41333e-23 -6.17933e-20 -2.40526e-16)
(-6.24901e-25 -6.17933e-20 -5.54165e-16)
(1.71163e-21 -6.17933e-20 -7.42692e-16)
(0 -9.09495e-15 0)
(0 -5.06058e-17 9.55223e-18)
(0 0 0)
(0 0 0)
(0 0 0)
(0 0 0)
(0 -9.09495e-15 1.80986e-23)
(0 0 0)
(0 0 0)
(0 0 0)
(0 -5.16953e-17 0)
(0 -8.3516e-22 1.20312e-17)
(0 -5.16953e-17 1.3283e-19)
(0 -8.37956e-22 -5.12309e-20)
(0 -9.09495e-15 -2.67032e-19)
(-5.62659e-17 -3.19163e-23 1.24319e-15)
(-4.18509e-18 -9.06335e-15 1.75866e-14)
(0 0 -2.14581e-29)
(0 0 -8.52937e-30)
(-1.08981e-25 0 -2.60019e-34)
(-1.83176e-16 -1.74738e-14 -6.85559e-15)
(0 0 0)
(0 0 0)
(0 0 0)
(0 0 0)
(0 0 0)
(0 0 0)
(0 0 0)
(0 0 0)
(0 0 0)
(0 0 0)
(0 0 0)
(0 0 0)
(0 0 0)
(0 0 0)
(0 0 0)
(0 0 -5.00295e-31)
(0 0 0)
(0 0 -9.0619e-30)
(0 0 0)
(0 0 0)
(0 0 0)
(-5.92594e-17 -5.51976e-18 -8.51241e-19)
(-1.24225e-23 -3.91541e-18 -1.8464e-18)
(-5.66166e-17 -5.85227e-18 5.47368e-22)
(-3.02741e-21 -4.20391e-18 3.31638e-16)
(-3.49919e-19 -4.00701e-18 6.55006e-17)
(-5.66222e-17 -5.85209e-18 -8.33901e-19)
(1.87682e-18 -4.31752e-16 -5.738e-24)
(-9.30978e-16 0 1.22625e-14)
(-1.97969e-17 0 3.07637e-17)
(1.71246e-16 1.01255e-15 1.57928e-14)
(0 0 0)
(0 0 8.62659e-32)
(0 0 0)
(0 0 9.5564e-31)
(0 7.29119e-16 1.5456e-21)
(0 7.25759e-16 1.95678e-15)
(0 7.30433e-16 4.16027e-15)
(-3.25908e-20 -4.74309e-18 -2.14616e-16)
(0 1.55356e-31 -3.65239e-15)
(1.06836e-18 0 -2.65315e-16)
(0 2.31228e-26 2.46615e-15)
(-1.92807e-18 3.51664e-24 3.19936e-15)
(0 0 0)
(0 0 -8.9234e-28)
(-1.09714e-20 -3.27159e-19 -4.0849e-16)
(0 0 6.62687e-17)
(1.08062e-15 0 -6.77903e-22)
(0 2.32869e-30 1.74608e-18)
(0 0 0)
(0 0 0)
(0 0 0)
(0 0 0)
(0 0 0)
(0 0 -8.8155e-22)
(0 0 1.39062e-26)
(-2.48711e-15 0 -1.79272e-14)
(-2.48711e-15 -2.84208e-27 -9.34561e-24)
(-2.84037e-15 0 0)
(-2.84037e-15 0 7.82527e-15)
(1.07734e-14 -4.68714e-21 -3.35514e-15)
(-1.70825e-24 0 2.12036e-18)
(0 0 -1.4833e-28)
(0 0 -1.8121e-20)
(0 0 0)
(-2.4418e-15 -2.57783e-25 1.13477e-14)
(0 0 -7.28276e-18)
(0 0 -1.6549e-36)
(1.4123e-14 -9.97914e-16 -6.73602e-16)
(0 0 0)
(0 0 0)
(0 0 0)
(0 0 0)
(0 0 0)
(0 0 0)
(0 0 0)
(0 0 0)
(0 0 0)
(0 0 0)
(0 0 0)
(0 0 0)
(0 0 0)
(0 0 0)
(0 0 0)
(0 0 0)
(0 0 0)
(0 0 0)
(0 0 0)
(0 0 0)
(0 0 0)
(0 0 0)
(0 0 0)
(0 0 0)
(0 0 0)
(0 0 0)
(0 0 0)
(0 0 0)
(0 0 0)
(0 0 0)
(0 0 -1.0732e-27)
(0 -3.15543e-19 0)
(0 -8.30895e-17 2.0978e-30)
(0 -2.25663e-18 0)
(0 -7.27653e-18 6.31961e-29)
(0 2.54356e-18 -6.56124e-20)
(-6.4969e-15 1.6972e-17 1.31727e-14)
(0 2.43633e-18 -4.33634e-20)
(0 0 0)
(0 0 0)
(-4.5487e-20 0 0)
(-4.955e-18 0 3.15962e-26)
(-1.58675e-18 0 0)
(-2.21952e-16 0 1.9725e-25)
(-2.5473e-15 -7.88159e-26 -5.48368e-17)
(-2.73553e-15 -2.93613e-22 -2.04158e-15)
(-6.85431e-16 8.90665e-17 1.25316e-14)
(0 0 0)
(7.69491e-32 8.73543e-19 1.36512e-26)
(0 2.39028e-15 0)
(-1.45821e-16 0 -2.24117e-19)
(-8.28688e-19 -2.00194e-19 7.74323e-16)
(-6.83035e-15 1.62583e-14 1.31341e-14)
(0 -4.65337e-21 -8.68945e-18)
(-3.15329e-17 2.48842e-21 1.36424e-14)
(-1.09724e-16 -2.03185e-19 -2.43413e-16)
(-6.35775e-19 -3.271e-19 -3.85883e-16)
(-1.14896e-15 0 1.36424e-14)
(-1.74793e-14 0 0)
(-5.00988e-16 0 -1.39462e-14)
(-1.35813e-14 0 1.36424e-14)
(-8.36465e-17 0 1.00191e-15)
(-2.89492e-20 0 1.33094e-14)
(0 0 1.13482e-15)
(0 0 0)
(0 0 -1.83559e-29)
(0 0 -1.1591e-28)
(0 0 0)
(0 0 0)
(0 0 -3.15067e-19)
(0 0 -2.52163e-18)
(0 2.56295e-19 -6.51946e-19)
(0 0 0)
(0 0 0)
(-1.0243e-19 0 4.7665e-20)
(-2.77236e-19 0 -6.38314e-18)
(-4.08267e-20 0 0)
(-1.97009e-18 0 -3.25137e-19)
(0 0 0)
(0 0 0)
(0 0 0)
(0 0 -3.80062e-18)
(0 0 -4.21168e-16)
(0 0 -4.995e-17)
(0 0 -2.51875e-17)
(0 0 0)
(0 0 0)
(0 0 0)
(-2.23047e-18 0 -8.3022e-17)
(-9.30047e-20 0 0)
(0 0 0)
(0 0 0)
(0 0 0)
(-1.49754e-16 0 0)
(-4.7086e-18 0 0)
(-2.77334e-16 0 1.45109e-18)
(-1.70121e-24 0 1.77275e-18)
(0 0 1.80408e-27)
(0 0 0)
(-2.26992e-25 0 3.01557e-19)
(-1.51183e-26 0 0)
(-1.45991e-24 0 1.81815e-18)
(0 0 0)
(0 0 0)
(0 0 0)
(0 0 0)
(0 0 0)
(0 0 0)
(0 0 0)
(0 0 -9.4398e-18)
(0 0 -1.17933e-27)
(0 0 0)
(0 0 0)
(0 0 -2.38588e-28)
(0 0 -4.2555e-29)
(0 0 -8.98186e-28)
(1.81899e-14 -1.31081e-15 1.36424e-14)
(-8.02538e-26 5.6183e-19 1.21588e-16)
(-1.81884e-14 1.87485e-28 -1.68501e-16)
(-4.11627e-25 1.09674e-16 2.67076e-16)
(-4.11627e-25 5.93674e-19 2.71567e-16)
(-8.85136e-22 1.61286e-28 1.00196e-16)
(-6.74738e-19 8.78926e-29 -1.10992e-16)
(0 0 0)
(0 0 0)
(0 0 0)
(0 0 0)
(0 0 0)
(0 0 0)
(0 0 0)
(0 0 0)
(1.8444e-15 0 0)
(0 -2.52482e-16 0)
(6.30472e-17 0 0)
(0 -9.54942e-18 0)
(0 -5.63131e-19 0)
(0 -9.48842e-18 0)
(0 0 0)
(0 0 0)
(0 0 -1.14322e-19)
(0 -2.92899e-27 0)
(0 0 0)
(0 5.53283e-16 0)
(0 0 0)
(0 0 0)
(0 0 -1.35512e-34)
(0 8.69529e-15 -3.40627e-21)
(0 1.55673e-15 0)
(0 0 0)
(0 9.09495e-15 0)
(0 9.09495e-15 0)
(1.0648e-14 1.33556e-14 -2.05971e-15)
(0 0 0)
(0 0 0)
(0 -2.43826e-24 0)
(0 0 0)
(0 0 0)
(0 -5.7835e-22 0)
(0 0 0)
(0 -1.48713e-23 0)
(0 -1.2012e-22 0)
(0 8.74424e-26 0)
(0 0 0)
(0 0 0)
(0 6.95208e-24 0)
(0 0 0)
(0 0 0)
(0 0 -1.25116e-32)
(0 0 0)
(0 0 0)
(0 0 -1.06987e-30)
(0 0 0)
(0 0 -3.17318e-29)
(0 0 0)
(0 -1.46184e-20 0)
(0 0 0)
(0 -6.1407e-21 0)
(0 0 0)
(0 -2.10742e-19 0)
(0 2.14239e-19 0)
(0 0 0)
(0 4.45901e-22 0)
(0 0 0)
(0 1.15691e-20 0)
(0 0 0)
(0 2.69267e-26 0)
(0 8.89993e-25 0)
(0 0 3.40241e-21)
(0 6.44944e-23 4.46651e-28)
(0 1.77952e-24 2.76315e-19)
(0 7.6477e-23 1.36967e-26)
(0 7.57512e-21 0)
(0 2.02251e-22 -7.26889e-22)
(0 9.37928e-21 5.13735e-19)
(0 0 -4.09406e-21)
(0 3.41272e-19 -1.40879e-22)
(0 2.02744e-21 -1.15467e-19)
(0 3.23179e-19 -1.12016e-21)
(-1.49766e-14 -1.62086e-14 1.36424e-14)
(2.34471e-15 5.18192e-16 1.36424e-14)
(0 1.57389e-14 0)
(0 1.28391e-15 4.06911e-19)
(-9.80702e-16 0 0)
(0 9.7025e-19 0)
(0 2.27784e-17 0)
(0 0 0)
(0 0 0)
(0 0 0)
(0 -8.91109e-18 0)
(0 -1.84369e-15 0)
(0 -7.36888e-17 0)
(0 -1.87668e-16 0)
(0 0 0)
(0 0 0)
(0 2.48615e-19 0)
(0 -2.21804e-18 0)
(0 0 0)
(0 0 0)
(0 8.99741e-15 0)
(0 0 0)
(5.13232e-30 5.52255e-15 0)
(0 0 0)
(2.69786e-28 1.47827e-15 0)
(0 0 0)
(0 1.7468e-25 0)
(0 0 0)
(0 2.17457e-26 0)
(0 0 0)
(0 0 0)
(0 7.31237e-25 0)
(0 7.07952e-28 0)
(0 0 0)
(0 0 0)
(2.15901e-16 -1.08258e-14 1.36422e-14)
(0 1.31302e-27 0)
(0 1.33758e-27 0)
(0 0 0)
(0 4.36354e-26 0)
(0 6.51617e-29 0)
(0 0 0)
(0 2.12932e-22 0)
(0 3.72403e-24 0)
(0 1.08916e-23 0)
(0 0 0)
(0 0 0)
(0 6.18299e-22 0)
(0 0 0)
(0 4.44797e-23 0)
(0 1.58931e-22 0)
(0 0 0)
(0 0 6.58228e-26)
(0 0 5.6928e-25)
(0 0 1.60579e-28)
(0 0 0)
(0 0 3.78876e-27)
(0 0 0)
(0 0 0)
(0 0 0)
(0 1.25675e-20 0)
(0 0 0)
(0 2.68344e-19 0)
(0 0 0)
(0 1.10243e-16 0)
(0 1.07217e-17 0)
(0 0 -2.491e-18)
(-9.59995e-23 0 -1.69879e-16)
(0 0 1.25702e-24)
(-1.45961e-24 0 8.22766e-17)
(0 -8.03253e-21 -3.58355e-19)
(-9.8562e-23 -5.05451e-17 7.84336e-15)
(0 0 -2.12173e-16)
(8.80651e-28 -1.02985e-15 0)
(0 0 -1.55083e-16)
(4.81759e-25 -1.02969e-15 -3.7837e-18)
(3.52058e-21 -3.30365e-15 -4.18097e-15)
(3.77381e-17 -2.89438e-18 -2.53396e-16)
(-4.53251e-21 -1.42148e-15 -5.71249e-15)
(3.55396e-24 0 0)
(0 0 -5.92893e-21)
(-3.3869e-22 0 3.57148e-18)
(0 0 7.48121e-20)
(3.90889e-21 0 -2.38829e-20)
(1.76496e-22 0 -1.41449e-21)
(0 0 -3.57608e-25)
(0 0 0)
(-1.64904e-21 -1.02991e-15 4.50047e-15)
(0 0 -7.95159e-21)
(0 0 4.75346e-21)
(0 0 7.57029e-19)
(0 0 0)
(0 0 0)
(0 0 0)
(0 0 1.93717e-23)
(0 0 0)
(0 5.57884e-20 -1.18617e-15)
(0 0 -2.74225e-19)
(0 7.5083e-17 1.36631e-17)
(0 0 -1.37012e-22)
(0 4.92721e-17 -1.29645e-17)
(0 0 4.81503e-20)
(3.02483e-17 1.09058e-16 1.82579e-16)
(0 0 -3.04509e-22)
(0 1.66163e-18 -2.90823e-17)
(0 9.81012e-17 3.62143e-18)
(-1.56921e-27 1.0056e-16 1.97714e-15)
(-4.0945e-24 1.12142e-15 3.74545e-15)
(0 0 0)
(0 0 -1.43047e-19)
(0 0 1.60563e-17)
(0 4.93679e-23 7.04494e-16)
(0 0 1.13748e-17)
(2.92942e-40 0 1.12021e-17)
(0 0 0)
(1.75789e-38 0 6.84714e-16)
(0 0 8.90202e-25)
(0 5.09486e-21 -1.84063e-16)
(0 5.05154e-21 -1.78757e-16)
(9.77405e-34 4.7784e-21 -1.83661e-16)
(0 0 -5.69997e-18)
(0 0 -1.80198e-24)
(1.14695e-36 0 -1.70599e-16)
(0 0 -5.29785e-18)
(0 9.93418e-18 -7.85912e-15)
(2.58349e-15 1.92369e-27 -3.19251e-15)
(4.06362e-15 0 8.58932e-15)
(4.64386e-19 4.58902e-26 3.19341e-21)
(4.05504e-15 3.57968e-19 -1.35166e-15)
(0 0 1.28252e-16)
(2.35499e-19 0 1.64523e-21)
(0 0 4.18757e-19)
(-8.71817e-19 0 9.83595e-19)
(-5.20104e-22 0 2.03983e-17)
(0 0 -5.8661e-16)
(-1.43574e-20 0 -3.32832e-17)
(1.02203e-15 -1.73329e-18 -3.10215e-15)
(0 -2.2741e-21 -9.86715e-18)
(1.36392e-18 0 -6.96973e-17)
(3.59605e-26 -2.05716e-16 -5.81698e-17)
(0 -2.46568e-16 4.67999e-17)
(0 -2.49556e-16 3.11576e-20)
(0 -2.45877e-16 -3.48802e-18)
(3.59605e-26 -2.05542e-16 -5.77349e-17)
(-3.63147e-16 -9.11383e-21 7.83296e-16)
(-3.21309e-23 -2.08966e-16 5.9169e-17)
(-3.21309e-23 -2.08948e-16 6.40628e-17)
(0 -2.49556e-16 -3.58472e-21)
(2.48753e-15 -7.8387e-18 -5.40896e-15)
(2.47525e-15 0 -1.08817e-15)
(0 -1.77488e-16 2.81139e-15)
(0 0 -2.59524e-16)
(0 0 0)
(0 0 0)
(0 7.70952e-15 0)
(0 -2.58751e-19 -8.28764e-17)
(0 0 -6.84104e-21)
(-6.37816e-18 7.62913e-15 -7.72396e-15)
(0 0 0)
(0 0 0)
(0 0 0)
(0 -3.96395e-30 -2.74188e-22)
(0 0 0)
(0 0 1.53622e-16)
(-9.05576e-15 0 0)
(0 0 2.48006e-16)
(-8.36508e-15 0 0)
(0 0 -5.57421e-16)
(-9.05576e-15 0 1.28761e-16)
(0 0 -7.7198e-15)
(-8.36501e-15 0 8.36499e-15)
(0 0 0)
(0 0 0)
(0 0 0)
(0 0 0)
(0 0 0)
(0 0 0)
(0 0 0)
(0 0 0)
(2.54156e-38 1.19984e-16 1.71144e-19)
(0 4.64653e-15 0)
(0 7.72636e-15 1.48551e-18)
(0 0 0)
(6.74778e-37 1.86803e-16 2.05236e-18)
(0 4.54747e-15 3.74402e-27)
(0 0 0)
(0 0 0)
(-4.33892e-15 0 -3.25752e-15)
(-4.54747e-15 0 1.19688e-14)
(0 0 0)
(0 0 0)
(0 0 0)
(0 0 0)
(0 0 0)
(0 0 0)
(0 0 0)
(0 0 0)
(0 0 0)
(0 0 0)
(0 0 0)
(0 0 0)
(0 0 0)
(0 0 0)
(0 0 0)
(0 0 0)
(0 0 0)
(0 0 0)
(0 0 0)
(0 0 0)
(0 0 0)
(0 0 0)
(0 0 0)
(0 0 0)
(0 0 0)
(0 0 0)
(0 0 0)
(0 0 0)
(0 0 0)
(0 0 0)
(0 0 0)
(0 0 0)
(0 0 0)
(0 0 0)
(0 0 0)
(0 0 0)
(0 0 0)
(0 -4.92369e-29 -2.10898e-18)
(-8.72453e-15 -1.17893e-24 1.20709e-14)
(0 0 8.65014e-16)
(0 -9.32269e-21 -7.45409e-17)
(-6.68227e-17 -2.85274e-24 -3.37717e-15)
(-9.05576e-15 0 -8.09837e-17)
(0 0 -6.22154e-16)
(-8.36501e-15 0 -7.88439e-15)
(0 0 5.51989e-16)
(7.28785e-21 0 2.32517e-17)
(0 0 7.20594e-15)
(4.74294e-19 0 5.74296e-16)
(0 0 0)
(0 0 0)
(0 0 -1.85706e-20)
(0 0 -9.7814e-20)
(0 0 0)
(1.53106e-35 9.27136e-17 -1.31308e-18)
(0 4.60446e-15 -7.49826e-20)
(4.37271e-27 0 0)
(0 -3.04563e-28 0)
(0 0 0)
(3.14873e-25 0 0)
(0 -1.61016e-26 0)
(0 1.74541e-28 0)
(0 3.89476e-30 0)
(0 0 0)
(7.39871e-22 0 0)
(0 -2.68127e-23 0)
(1.76503e-23 0 0)
(0 -8.46171e-25 0)
(0 5.19754e-27 0)
(0 4.38335e-26 0)
(-6.65181e-20 0 0)
(-1.62207e-19 0 0)
(0 0 0)
(0 0 0)
(0 0 0)
(0 0 -6.54679e-19)
(0 0 -2.54033e-17)
(0 0 -1.87185e-18)
(0 0 -4.41177e-18)
(0 0 0)
(0 0 0)
(0 0 0)
(0 0 -4.77618e-18)
(0 0 -1.1498e-15)
(0 0 -5.84854e-17)
(0 0 -5.13158e-17)
(0 0 0)
(0 0 0)
(0 0 0)
(0 0 0)
(-9.62082e-19 0 0)
(-4.96594e-18 0 0)
(9.75945e-21 0 0)
(0 -7.65328e-22 0)
(0 0 0)
(0 -2.34027e-24 0)
(1.41725e-19 0 0)
(0 -9.95455e-21 0)
(0 -1.31701e-22 0)
(0 0 0)
(0 7.05176e-15 0)
(0 -2.1602e-28 0)
(0 0 0)
(0 -1.08838e-28 0)
(0 0 0)
(0 0 0)
(0 -1.55484e-27 0)
(0 -5.12235e-30 0)
(0 4.4073e-19 8.57316e-15)
(0 6.87138e-18 -7.98538e-18)
(6.06703e-18 9.33888e-21 4.19161e-15)
(0 4.22586e-19 -7.57144e-15)
(-1.19061e-17 1.38367e-17 -4.24721e-24)
(-1.14328e-17 4.57152e-16 1.1285e-17)
(4.91746e-18 1.1704e-19 3.21732e-20)
(-1.10095e-17 1.37217e-17 -1.12926e-17)
(1.62882e-16 -5.3081e-19 -3.91929e-15)
(2.24426e-15 0 -3.09904e-15)
(0 0 2.08687e-30)
(0 0 4.76531e-29)
(0 0 0)
(0 0 0)
(0 -3.72069e-18 -6.06644e-15)
(0 4.68212e-21 2.50486e-18)
(0 0 -2.10177e-18)
(0 0 0)
(0 0 0)
(0 0 -1.57923e-18)
(0 0 0)
(0 0 1.65291e-24)
(0 -5.44338e-21 5.9104e-21)
(0 0 2.21696e-22)
(0 0 -2.797e-21)
(0 0 0)
(0 0 0)
(0 0 4.37182e-26)
(0 0 0)
(0 0 0)
(0 0 -5.04824e-17)
(0 0 0)
(0 0 0)
(2.09397e-17 4.01476e-26 -1.11735e-15)
(0 8.57109e-20 -8.75411e-17)
(0 2.46402e-23 -2.67388e-16)
(0 5.4352e-22 0)
(0 0 2.79943e-16)
(0 0 0)
(0 0 0)
(0 0 -1.60774e-21)
(0 0 0)
(0 0 0)
(0 0 0)
(0 0 0)
(0 0 0)
(0 0 0)
(0 0 0)
(0 0 0)
(0 0 0)
(0 0 0)
(0 0 0)
(0 0 2.96765e-22)
(0 2.34503e-20 1.13503e-18)
(0 0 2.42917e-20)
(0 0 -2.0041e-19)
(-1.25145e-25 1.4616e-22 -1.42978e-15)
(0 0 4.60124e-20)
(0 0 0)
(-1.6435e-29 0 7.33308e-17)
(0 0 0)
(0 0 -4.17252e-18)
(0 0 -7.45501e-20)
(0 8.11836e-20 0)
(0 9.45327e-23 7.80093e-15)
(0 0 0)
(0 0 0)
(0 0 0)
(0 0 0)
(0 0 0)
(0 0 0)
(8.76469e-17 2.99936e-20 2.06708e-16)
(0 0 1.10328e-25)
(0 0 0)
(6.49544e-18 3.18593e-18 1.32228e-17)
(0 0 5.12966e-21)
(0 0 0)
(2.04242e-18 8.43779e-19 1.37359e-16)
(0 0 -2.02046e-17)
(7.65279e-17 -6.35949e-17 4.38876e-15)
(0 4.05157e-18 -1.22607e-15)
(1.52086e-17 3.87174e-21 -6.54455e-15)
)
;

boundaryField
{
    ground
    {
        type            zeroGradient;
    }
    outlet
    {
        type            zeroGradient;
    }
    wall
    {
        type            zeroGradient;
    }
    wall2
    {
        type            zeroGradient;
    }
    wall3
    {
        type            zeroGradient;
    }
    internalPatch
    {
        type            internal;
    }
    procBoundary3to0
    {
        type            processor;
        value           nonuniform List<vector> 
93
(
(0 0 1.77157e-26)
(0 0 9.3953e-21)
(0 0 0)
(0 0 0)
(0 0 0)
(0 0 0)
(0 0 0)
(0 0 0)
(0 0 0)
(0 0 0)
(0 0 9.3953e-21)
(0 0 0)
(0 0 -1.01014e-28)
(0 0 -1.01014e-28)
(0 0 -4.95263e-33)
(0 0 0)
(0 0 0)
(0 0 0)
(0 0 0)
(0 0 0)
(0 0 0)
(0 0 0)
(0 0 0)
(0 0 0)
(0 0 0)
(0 0 0)
(0 0 0)
(0 0 2.36859e-23)
(0 0 0)
(0 0 4.99347e-21)
(0 0 1.50294e-22)
(0 0 7.96173e-30)
(0 0 7.96173e-30)
(0 0 1.46635e-35)
(0 0 0)
(0 0 0)
(0 0 0)
(0 0 0)
(0 0 0)
(0 0 0)
(0 0 0)
(0 0 0)
(0 0 0)
(0 0 0)
(0 0 0)
(0 0 0)
(0 0 0)
(0 0 0)
(0 0 0)
(0 0 0)
(0 0 -1.60219e-20)
(1.71518e-29 0 -3.33335e-18)
(1.22445e-43 0 -2.37607e-24)
(-5.46139e-30 0 4.09193e-24)
(-5.7638e-26 0 1.23312e-23)
(2.14238e-20 0 -1.72224e-21)
(2.14238e-20 0 -1.72224e-21)
(4.57641e-22 0 0)
(0 0 0)
(-4.88995e-29 0 0)
(0 0 -8.87669e-15)
(0 0 -5.71622e-18)
(0 0 -2.40731e-24)
(0 0 1.64489e-21)
(0 0 -2.78428e-20)
(0 0 2.78413e-20)
(0 0 5.92519e-19)
(0 0 1.10024e-27)
(0 0 1.74692e-26)
(0 0 0)
(0 0 0)
(0 0 8.74547e-22)
(-9.03663e-27 0 2.24256e-19)
(-9.03663e-27 0 2.24256e-19)
(0 0 1.31969e-24)
(0 0 0)
(-3.22754e-28 0 0)
(9.59953e-44 0 0)
(1.20335e-27 0 4.70129e-17)
(0 0 -1.87794e-16)
(0 0 0)
(0 0 0)
(0 0 0)
(0 0 0)
(4.07661e-25 0 3.3052e-24)
(0 0 -2.66718e-23)
(0 0 2.9607e-20)
(0 0 2.9607e-20)
(-8.32081e-27 0 -6.98001e-20)
(0 0 -1.53984e-18)
(0 0 -3.56514e-20)
(-5.84631e-25 0 -1.36149e-18)
(-5.84631e-25 0 -1.36149e-18)
)
;
    }
    procBoundary3to2
    {
        type            processor;
        value           nonuniform List<vector> 
177
(
(1.18787e-19 5.64203e-15 -3.03618e-15)
(0 0 -3.55874e-15)
(0 -1.23239e-15 -4.73987e-15)
(8.41562e-21 1.22201e-15 2.64427e-15)
(1.15936e-35 -1.23418e-15 -4.44438e-15)
(2.19027e-40 0 -3.33489e-15)
(2.19027e-40 0 -3.33489e-15)
(1.18787e-19 5.64203e-15 -3.03618e-15)
(0 0 -3.55874e-15)
(0 2.05343e-38 -8.49092e-16)
(0 2.05343e-38 -8.49092e-16)
(0 2.61184e-17 -9.16746e-16)
(0 -1.67281e-14 7.12024e-15)
(-1.78686e-14 4.19209e-16 7.56857e-15)
(2.36946e-15 -1.80676e-15 -3.14322e-15)
(2.36946e-15 -1.80676e-15 -3.14322e-15)
(0 1.41409e-14 3.17742e-16)
(0 1.41409e-14 3.17742e-16)
(0 1.43269e-14 -3.29334e-16)
(0 1.43269e-14 3.00656e-16)
(0 1.41776e-14 -1.78209e-14)
(0 1.41776e-14 -1.78209e-14)
(0 -2.12461e-25 -5.67227e-17)
(0 0 1.76304e-14)
(0 0 -1.73597e-14)
(0 0 1.91188e-14)
(0 0 -1.48028e-14)
(0 0 1.88163e-14)
(0 0 -1.6047e-14)
(0 0 1.68293e-14)
(0 0 1.28862e-16)
(0 0 5.4504e-18)
(0 0 2.13608e-19)
(0 0 7.12615e-16)
(0 0 7.12615e-16)
(0 0 2.46128e-22)
(0 0 -2.39331e-16)
(0 0 5.74524e-16)
(0 0 5.74524e-16)
(0 0 -2.38246e-16)
(0 0 -2.38373e-16)
(0 6.05341e-22 2.33573e-24)
(0 0 3.21775e-20)
(0 0 3.21775e-20)
(-1.66374e-21 0 1.0863e-16)
(1.346e-31 0 2.17144e-16)
(2.04996e-22 0 1.9092e-16)
(0 0 6.21287e-22)
(0 -1.33859e-23 3.33302e-20)
(0 -1.33859e-23 3.33302e-20)
(0 0 0)
(0 0 0)
(0 0 0)
(0 0 0)
(0 0 0)
(0 0 0)
(0 0 0)
(0 0 0)
(0 0 0)
(0 0 0)
(0 -6.50401e-15 0)
(0 0 0)
(0 0 0)
(-1.29059e-30 -1.04775e-16 0)
(-1.72054e-23 -9.97931e-17 2.49943e-22)
(-1.72054e-23 -9.97931e-17 2.49943e-22)
(5.3146e-37 -6.9705e-16 1.52555e-19)
(4.84556e-39 0 7.56561e-21)
(6.40201e-27 0 6.84874e-19)
(0 0 6.15481e-17)
(0 -6.99531e-16 1.16588e-15)
(0 -1.23239e-15 -4.73987e-15)
(8.41562e-21 1.22201e-15 2.64427e-15)
(1.15936e-35 -1.23418e-15 -4.44438e-15)
(1.15936e-35 -1.23418e-15 -4.44438e-15)
(1.41741e-40 0 -3.52268e-16)
(2.19027e-40 0 -3.33489e-15)
(2.19027e-40 0 -3.33489e-15)
(4.03913e-18 1.17571e-35 3.68349e-15)
(4.03913e-18 1.17571e-35 3.68349e-15)
(4.03913e-18 1.17571e-35 3.68349e-15)
(1.18294e-24 1.86159e-17 3.35112e-18)
(2.97237e-19 6.0231e-16 2.00544e-16)
(2.17111e-15 0 -5.14554e-15)
(1.49566e-14 -1.77632e-14 -5.50217e-15)
(1.49566e-14 -1.77632e-14 -5.50217e-15)
(2.36946e-15 -1.80676e-15 -3.14322e-15)
(0 -4.07289e-16 0)
(0 1.41409e-14 3.17742e-16)
(0 1.43269e-14 -3.29334e-16)
(0 1.43269e-14 3.00656e-16)
(0 -2.05365e-22 1.78832e-14)
(0 -6.5439e-24 -1.47026e-15)
(0 -4.80912e-21 -1.70049e-14)
(0 -9.84282e-20 1.65848e-14)
(0 -1.57546e-18 -1.90755e-14)
(0 -2.38332e-17 0)
(0 0 -1.90676e-14)
(1.5112e-15 0 -9.05009e-15)
(0 0 -2.94957e-14)
(0 0 -2.33527e-15)
(0 0 -7.81514e-16)
(0 0 -7.81514e-16)
(0 0 -3.31596e-16)
(0 0 7.83917e-17)
(0 0 -4.65673e-16)
(0 0 -4.65673e-16)
(0 0 -4.51621e-17)
(0 0 -5.76752e-16)
(0 6.1635e-23 5.8784e-20)
(0 2.43131e-20 1.59751e-16)
(0 2.43131e-20 1.59751e-16)
(-6.59477e-20 0 1.00347e-16)
(5.63481e-16 3.7675e-16 1.91707e-16)
(5.63481e-16 3.7675e-16 1.98287e-16)
(-5.23454e-16 -3.57344e-17 0)
(-5.34773e-16 -3.54267e-17 0)
(-5.34773e-16 -3.54267e-17 0)
(-4.54676e-17 -8.94984e-15 2.11792e-15)
(0 0 -1.45943e-26)
(0 0 0)
(0 0 0)
(0 0 0)
(0 0 0)
(0 0 0)
(0 0 0)
(0 0 0)
(0 0 0)
(0 -6.47088e-15 1.19619e-15)
(0 0 1.31715e-17)
(0 0 1.78887e-26)
(0 0 1.60209e-17)
(-4.11662e-22 -8.88199e-18 -1.03297e-17)
(-4.11662e-22 -8.88199e-18 -1.03297e-17)
(-9.36563e-22 -2.0093e-17 -2.48901e-19)
(-4.0027e-20 -2.3049e-17 -2.51041e-17)
(-1.22026e-18 0 -3.53883e-16)
(3.43682e-30 0 -4.44606e-16)
(3.62163e-16 -1.51085e-14 -5.01066e-15)
(1.02453e-18 0 0)
(1.02453e-18 0 0)
(-1.26266e-18 0 0)
(3.95409e-17 7.82996e-21 -1.59688e-14)
(8.15801e-16 5.54649e-19 -3.46075e-16)
(8.15801e-16 5.54649e-19 -3.46075e-16)
(1.74864e-15 -3.72045e-16 6.29615e-15)
(9.69008e-25 0 -3.94941e-15)
(-1.6006e-14 -3.40091e-16 -4.02543e-15)
(-1.6006e-14 -3.40091e-16 -4.02543e-15)
(-1.6006e-14 -3.40091e-16 -4.02543e-15)
(1.74864e-15 -3.72045e-16 6.29615e-15)
(1.74864e-15 -3.72045e-16 6.29615e-15)
(1.41009e-14 2.04313e-20 6.91306e-15)
(1.40284e-15 2.35446e-16 3.77026e-15)
(1.40284e-15 2.35446e-16 3.77026e-15)
(1.40284e-15 2.35446e-16 3.77026e-15)
(5.63481e-16 3.7675e-16 1.91707e-16)
(5.63481e-16 3.7675e-16 1.98287e-16)
(-5.23454e-16 -3.57344e-17 0)
(-5.34773e-16 -3.54267e-17 0)
(-4.54676e-17 -8.94984e-15 2.11792e-15)
(3.62163e-16 -1.51085e-14 -5.01066e-15)
(1.40284e-15 2.35446e-16 3.77026e-15)
(-1.22026e-18 0 -3.53883e-16)
(-2.3612e-20 -7.49423e-15 1.9862e-16)
(0 0 -2.35716e-27)
(0 0 0)
(0 0 0)
(0 0 0)
(0 0 0)
(0 -6.47088e-15 1.19619e-15)
(0 0 6.13665e-16)
(0 0 6.13665e-16)
(-4.96996e-22 0 -6.56085e-16)
(-4.96996e-22 0 -6.56085e-16)
(-4.96996e-22 0 -6.56085e-16)
(7.51262e-25 -7.57652e-16 1.33981e-17)
)
;
    }
    procBoundary3to6
    {
        type            processor;
        value           nonuniform List<vector> 
79
(
(1.91101e-32 0 1.09934e-27)
(-5.1195e-39 0 1.88387e-18)
(1.04363e-36 0 -8.73599e-21)
(4.60751e-29 0 0)
(0 0 0)
(0 0 1.89977e-32)
(0 0 0)
(0 0 0)
(0 0 0)
(0 0 0)
(6.20487e-25 0 -3.85817e-17)
(2.21232e-22 1.47881e-16 0)
(3.41333e-22 4.34572e-19 3.32148e-15)
(1.71679e-15 1.96205e-23 2.74258e-15)
(1.71679e-15 1.96205e-23 2.74258e-15)
(4.79304e-17 0 1.06566e-16)
(1.04261e-18 0 7.43116e-15)
(1.47529e-20 0 -8.32908e-15)
(6.32215e-20 0 -4.4647e-15)
(0 0 7.38961e-15)
(0 2.47363e-26 8.15943e-17)
(0 1.00785e-24 -1.96584e-16)
(0 1.15664e-22 -5.08695e-19)
(0 8.44319e-24 -5.36667e-15)
(0 0 8.85817e-15)
(1.49877e-20 0 0)
(1.58126e-18 0 0)
(1.2219e-16 0 -2.32344e-18)
(2.63375e-15 -2.81419e-15 7.59197e-19)
(2.63375e-15 -2.81419e-15 7.59197e-19)
(2.63375e-15 -2.81419e-15 7.59197e-19)
(0 4.60176e-15 1.67052e-19)
(9.48719e-43 0 -4.86639e-21)
(8.41051e-40 0 -5.22307e-21)
(3.17491e-37 0 7.51465e-18)
(1.11766e-34 0 -3.3649e-20)
(3.63418e-32 0 3.36546e-20)
(2.17545e-29 8.00211e-19 8.15665e-21)
(2.72979e-22 7.5428e-17 1.19573e-16)
(3.47785e-20 4.45546e-15 4.74969e-15)
(1.71679e-15 1.96205e-23 2.74258e-15)
(2.58954e-15 -3.85885e-15 -5.92982e-15)
(2.58954e-15 -3.85885e-15 -5.92982e-15)
(1.58063e-16 4.25583e-25 -6.92529e-17)
(1.90292e-18 0 3.50183e-16)
(3.32277e-20 0 -6.27393e-17)
(0 0 -6.05995e-17)
(0 0 5.23935e-16)
(0 0 9.60028e-17)
(0 0 -5.106e-18)
(0 0 -2.1532e-16)
(4.47325e-22 0 -2.00304e-17)
(3.02994e-20 0 2.02563e-18)
(1.22177e-16 1.43193e-32 3.21876e-20)
(2.63375e-15 -2.81419e-15 7.59197e-19)
(2.63375e-15 -2.81419e-15 7.59197e-19)
(3.62547e-15 -2.74974e-15 -6.26279e-19)
(3.62547e-15 -2.74974e-15 -6.26279e-19)
(0 4.61176e-15 -1.2445e-19)
(0 4.54847e-15 2.72076e-16)
(1.44501e-26 1.49609e-16 -2.30499e-19)
(2.69705e-24 4.40304e-15 -5.60641e-15)
(2.58954e-15 -3.85885e-15 -5.92982e-15)
(2.70399e-15 -5.95766e-17 3.77535e-15)
(2.70399e-15 -5.95766e-17 3.77535e-15)
(2.26834e-16 -2.80286e-16 -1.46487e-16)
(1.01006e-16 -2.75304e-16 -1.46487e-16)
(0 -1.45459e-19 -1.41148e-16)
(0 -4.57138e-19 -5.80101e-19)
(0 0 1.51515e-17)
(1.08796e-23 0 -1.56432e-19)
(4.57393e-22 -1.30331e-17 -8.47457e-19)
(2.20041e-16 1.51592e-31 -2.36429e-20)
(3.62547e-15 -2.74974e-15 -6.26279e-19)
(3.62547e-15 -2.74974e-15 -6.26279e-19)
(3.62547e-15 -2.74974e-15 -6.26279e-19)
(2.18829e-16 0 8.54485e-18)
(1.31662e-16 -1.45311e-19 1.96986e-16)
(2.70399e-15 -5.95766e-17 3.77535e-15)
)
;
    }
    procBoundary3to7
    {
        type            processor;
        value           nonuniform List<vector> 
89
(
(0 0 0)
(0 0 0)
(0 0 0)
(0 0 0)
(0 0 0)
(0 0 0)
(0 0 0)
(0 0 -8.34587e-25)
(0 0 0)
(0 0 -1.0166e-26)
(0 0 -1.0166e-26)
(1.3538e-18 0 0)
(1.35371e-18 0 0)
(1.36016e-16 0 1.23419e-27)
(3.74539e-15 1.76964e-22 2.31235e-18)
(0 0 5.86475e-16)
(0 0 5.7801e-16)
(0 0 -2.37638e-16)
(0 0 2.81842e-17)
(0 0 -3.65935e-17)
(0 0 -5.30967e-19)
(0 0 5.09243e-16)
(3.27218e-21 1.2013e-29 -1.83238e-16)
(3.01074e-17 2.441e-28 -1.92664e-15)
(3.01074e-17 2.441e-28 -1.92664e-15)
(2.30896e-21 9.96727e-30 8.48397e-15)
(0 1.26277e-32 2.79015e-17)
(3.40011e-20 0 -8.39601e-15)
(0 0 8.04064e-17)
(4.82496e-24 6.88203e-21 0)
(1.25416e-24 1.34459e-18 0)
(1.07324e-26 0 0)
(0 0 0)
(0 0 0)
(0 0 0)
(0 0 0)
(0 0 0)
(0 0 0)
(0 0 0)
(0 0 0)
(0 0 0)
(0 0 0)
(0 0 0)
(0 0 0)
(0 0 0)
(0 0 0)
(0 0 0)
(0 0 -6.07043e-23)
(0 0 -5.2626e-20)
(0 0 -6.60488e-24)
(0 0 -6.60488e-24)
(1.36019e-16 0 5.73832e-23)
(3.74527e-15 3.5712e-20 7.05346e-21)
(0 4.76407e-21 -1.31935e-16)
(0 0 5.50738e-16)
(0 0 1.09753e-15)
(0 4.83924e-21 -6.72934e-16)
(0 1.50151e-20 -1.34143e-16)
(1.05651e-15 4.47819e-17 -1.99939e-15)
(1.05651e-15 4.47819e-17 -1.99939e-15)
(1.05651e-15 4.47819e-17 -1.99939e-15)
(1.02997e-15 5.55886e-20 7.82217e-15)
(3.01074e-17 2.441e-28 -1.92664e-15)
(2.30896e-21 9.96727e-30 8.48397e-15)
(0 1.26277e-32 2.79015e-17)
(0 0 3.21281e-18)
(0 0 3.21281e-18)
(0 0 0)
(0 0 0)
(0 0 0)
(0 0 0)
(0 0 0)
(0 0 0)
(0 0 0)
(0 0 0)
(0 0 0)
(0 0 0)
(0 0 0)
(0 0 0)
(0 0 0)
(0 -3.75233e-20 0)
(0 -2.24218e-18 -9.21609e-22)
(0 -2.59051e-20 -2.48066e-18)
(2.64601e-20 1.27234e-20 -4.01482e-18)
(2.64601e-20 1.27234e-20 -4.01482e-18)
(0 9.97195e-23 -7.97921e-15)
(0 0 9.75404e-19)
(0 0 4.70261e-25)
(0 4.76388e-21 -1.29981e-16)
)
;
    }
}


// ************************************************************************* //
