/*--------------------------------*- C++ -*----------------------------------*\
  =========                 |
  \\      /  F ield         | OpenFOAM: The Open Source CFD Toolbox
   \\    /   O peration     | Website:  https://openfoam.org
    \\  /    A nd           | Version:  9
     \\/     M anipulation  |
\*---------------------------------------------------------------------------*/
FoamFile
{
    format      ascii;
    class       volScalarField;
    location    "0.00055";
    object      rho;
}
// * * * * * * * * * * * * * * * * * * * * * * * * * * * * * * * * * * * * * //

dimensions      [1 -3 0 0 0 0 0];

internalField   nonuniform List<scalar> 
6722
(
1.225
1.225
1.225
1.225
1.225
1.225
1.225
1.225
1.225
1.225
1.225
1.225
1.225
1.225
1.225
1.225
1.22556
1.225
1.225
1.225
1.225
1.225
1.225
1.225
1.225
1.225
1.225
1.225
1.225
1.225
1.225
1.225
1.225
1.225
1.225
1.225
1.225
1.225
1.225
1.225
1.225
1.225
1.225
1.225
1.225
1.225
1.225
1.225
1.225
1.225
1.225
1.225
1.225
1.225
1.225
1.225
1.225
1.225
1.225
1.225
1.225
1.225
1.225
1.225
1.225
1.225
1.225
1.225
1.225
1.225
1.225
1.225
1.225
1.225
1.225
1.225
1.225
1.225
1.225
1.225
1.225
1.225
1.225
1.225
1.225
1.225
1.225
1.225
1.225
1.225
1.225
1.225
1.225
1.225
1.225
1.225
1.225
1.225
1.225
1.225
1.225
1.225
1.225
1.225
1.225
1.225
1.225
1.225
1.225
1.225
1.225
1.225
1.225
1.225
1.225
1.225
1.225
1.225
1.225
1.225
1.225
1.225
1.225
1.225
1.225
1.225
1.225
1.225
1.22558
1.225
1.225
1.225
1.225
1.225
1.225
1.225
1.225
1.225
1.225
1.225
1.225
1.225
1.225
1.225
1.225
1.225
1.225
1.225
1.225
1.225
1.225
1.225
1.225
1.225
1.225
1.225
1.225
1.225
1.225
1.225
1.225
1.225
1.225
1.225
1.225
1.225
1.225
1.225
1.225
1.225
1.225
1.225
1.225
1.225
1.225
1.225
1.225
1.225
1.225
1.225
1.225
1.225
1.225
1.225
1.225
1.225
1.225
1.225
1.225
1.225
1.225
1.225
1.225
1.225
1.225
1.225
1.225
1.225
1.225
1.225
1.225
1.225
1.225
1.225
1.225
1.225
1.225
1.225
1.225
1.225
1.225
1.225
1.225
1.225
1.225
1.225
1.225
1.225
1.225
1.225
1.225
1.225
1.225
1.225
1.225
1.225
1.225
1.225
1.225
1.225
1.225
1.225
1.225
1.23043
1.225
1.225
1.225
1.225
1.225
1.225
1.225
1.225
1.22583
1.225
1.22511
1.225
1.225
1.225
1.225
1.225
1.225
1.225
1.225
1.22505
1.22803
1.225
1.225
1.225
1.22501
1.23
1.22514
1.23176
1.2258
1.22519
1.22502
1.225
1.225
1.225
1.225
1.225
1.225
1.225
1.23195
1.22562
1.22582
1.22515
1.22519
1.22502
1.22501
1.225
1.225
1.225
1.225
1.225
1.225
1.225
1.22529
1.22506
1.22501
1.22503
1.22501
1.225
1.225
1.225
1.225
1.225
1.225
1.225
1.225
1.225
1.225
1.225
1.225
1.225
1.225
1.225
1.225
1.22509
1.22502
1.2258
1.22597
1.22511
1.22502
1.225
1.22598
1.22509
1.22511
1.22502
1.22502
1.225
1.225
1.22618
1.22533
1.22511
1.22508
1.22503
1.22501
1.225
1.225
1.225
1.225
1.225
1.225
1.225
1.225
1.225
1.225
1.225
1.225
1.225
1.225
1.225
1.225
1.225
1.225
1.225
1.225
1.225
1.225
1.225
1.225
1.225
1.225
1.225
1.225
1.225
1.22503
1.225
1.22501
1.225
1.225
1.225
1.225
1.2253
1.225
1.22503
1.225
1.22501
1.225
1.225
1.225
1.225
1.225
1.225
1.225
1.225
1.225
1.225
1.225
1.225
1.225
1.225
1.225
1.225
1.225
1.225
1.225
1.225
1.225
1.225
1.225
1.225
1.225
1.225
1.225
1.225
1.225
1.225
1.225
1.22503
1.225
1.225
1.22505
1.225
1.225
1.225
1.22504
1.22505
1.225
1.225
1.225
1.225
1.225
1.225
1.225
1.225
1.225
1.225
1.225
1.225
1.225
1.225
1.225
1.225
1.225
1.225
1.225
1.225
1.225
1.225
1.225
1.225
1.225
1.225
1.225
1.225
1.225
1.225
1.225
1.225
1.225
1.225
1.225
1.225
1.225
1.225
1.225
1.225
1.225
1.225
1.225
1.225
1.225
1.225
1.225
1.225
1.225
1.225
1.225
1.225
1.225
1.225
1.225
1.22505
1.225
1.225
1.22502
1.225
1.225
1.225
1.225
1.225
1.225
1.2258
1.225
1.225
1.225
1.225
1.225
1.225
1.225
1.225
1.225
1.225
1.225
1.225
1.225
1.225
1.225
1.225
1.225
1.225
1.225
1.225
1.225
1.225
1.225
1.225
1.225
1.225
1.225
1.225
1.225
1.225
1.225
1.225
1.225
1.225
1.225
1.225
1.225
1.225
1.225
1.225
1.225
1.225
1.225
1.225
1.225
1.225
1.225
1.225
1.225
1.225
1.225
1.225
1.225
1.225
1.225
1.225
1.225
1.225
1.225
1.225
1.225
1.225
1.225
1.225
1.225
1.225
1.225
1.225
1.225
1.225
1.225
1.225
1.225
1.225
1.225
1.225
1.225
1.225
1.225
1.225
1.225
1.225
1.225
1.225
1.225
1.225
1.225
1.225
1.225
1.225
1.225
1.225
1.225
1.225
1.225
1.225
1.225
1.225
1.225
1.225
1.225
1.225
1.225
1.225
1.225
1.225
1.225
1.225
1.225
1.225
1.225
1.225
1.225
1.225
1.225
1.225
1.225
1.225
1.225
1.225
1.225
1.225
1.225
1.225
1.225
1.225
1.225
1.225
1.225
1.225
1.225
1.225
1.225
1.225
1.225
1.225
1.225
1.225
1.225
1.225
1.225
1.225
1.225
1.225
1.225
1.225
1.225
1.225
1.225
1.225
1.225
1.225
1.225
1.225
1.225
1.225
1.225
1.225
1.225
1.225
1.225
1.225
1.225
1.225
1.225
1.225
1.225
1.225
1.225
1.225
1.225
1.225
1.225
1.225
1.225
1.225
1.225
1.225
1.225
1.225
1.225
1.225
1.225
1.225
1.225
1.225
1.225
1.225
1.225
1.225
1.225
1.225
1.225
1.225
1.225
1.225
1.225
1.225
1.225
1.225
1.225
1.225
1.225
1.225
1.225
1.225
1.225
1.225
1.225
1.225
1.225
1.22543
1.2258
1.225
1.225
1.225
1.225
1.225
1.225
1.225
1.225
1.225
1.225
1.225
1.225
1.225
1.225
1.225
1.225
1.225
1.225
1.225
1.225
1.225
1.225
1.225
1.225
1.225
1.225
1.225
1.225
1.225
1.225
1.225
1.225
1.225
1.225
1.225
1.225
1.225
1.225
1.225
1.225
1.225
1.225
1.225
1.225
1.225
1.225
1.225
1.225
1.225
1.225
1.225
1.225
1.225
1.225
1.225
1.225
1.225
1.225
1.225
1.225
1.225
1.225
1.225
1.225
1.225
1.225
1.225
1.225
1.225
1.225
1.225
1.225
1.225
1.225
1.225
1.225
1.225
1.225
1.225
1.225
1.225
1.225
1.225
1.225
1.225
1.225
1.225
1.225
1.225
1.225
1.225
1.225
1.225
1.225
1.225
1.225
1.225
1.225
1.22502
1.225
1.225
1.225
1.225
1.225
1.225
1.225
1.225
1.225
1.225
1.225
1.225
1.225
1.225
1.225
1.225
1.225
1.225
1.225
1.225
1.225
1.225
1.225
1.225
1.225
1.225
1.225
1.225
1.225
1.225
1.225
1.225
1.225
1.225
1.225
1.225
1.225
1.225
1.225
1.225
1.225
1.225
1.225
1.225
1.225
1.225
1.225
1.225
1.225
1.225
1.225
1.225
1.225
1.225
1.225
1.225
1.225
1.225
1.225
1.225
1.225
1.225
1.225
1.225
1.225
1.225
1.225
1.225
1.225
1.225
1.225
1.225
1.225
1.225
1.225
1.225
1.225
1.225
1.225
1.225
1.225
1.225
1.225
1.225
1.225
1.225
1.225
1.225
1.225
1.225
1.225
1.225
1.225
1.225
1.225
1.225
1.225
1.225
1.225
1.225
1.225
1.225
1.225
1.225
1.225
1.225
1.225
1.225
1.225
1.225
1.225
1.225
1.225
1.225
1.225
1.225
1.225
1.225
1.225
1.225
1.225
1.225
1.225
1.225
1.225
1.225
1.225
1.225
1.225
1.225
1.225
1.225
1.225
1.225
1.225
1.225
1.225
1.225
1.225
1.225
1.225
1.225
1.225
1.225
1.225
1.225
1.225
1.225
1.225
1.225
1.225
1.225
1.225
1.225
1.225
1.225
1.225
1.225
1.225
1.225
1.225
1.225
1.225
1.225
1.225
1.225
1.225
1.225
1.225
1.225
1.225
1.225
1.225
1.225
1.225
1.225
1.225
1.225
1.225
1.225
1.225
1.225
1.225
1.225
1.225
1.225
1.225
1.225
1.225
1.225
1.225
1.225
1.225
1.225
1.225
1.225
1.225
1.225
1.225
1.225
1.225
1.225
1.225
1.225
1.225
1.225
1.225
1.225
1.225
1.225
1.225
1.225
1.225
1.225
1.225
1.225
1.225
1.225
1.225
1.225
1.225
1.225
1.225
1.225
1.225
1.225
1.225
1.225
1.225
1.225
1.225
1.225
1.225
1.225
1.225
1.225
1.225
1.225
1.225
1.225
1.225
1.225
1.225
1.225
1.225
1.225
1.225
1.225
1.225
1.225
1.225
1.225
1.225
1.225
1.225
1.225
1.225
1.225
1.225
1.225
1.225
1.225
1.225
1.225
1.225
1.225
1.225
1.225
1.225
1.225
1.225
1.225
1.225
1.225
1.225
1.225
1.225
1.225
1.225
1.225
1.225
1.225
1.225
1.225
1.225
1.225
1.225
1.225
1.225
1.225
1.225
1.225
1.225
1.225
1.225
1.225
1.225
1.225
1.225
1.225
1.225
1.225
1.225
1.225
1.225
1.225
1.225
1.225
1.225
1.225
1.225
1.225
1.225
1.225
1.225
1.225
1.225
1.225
1.225
1.225
1.225
1.225
1.225
1.225
1.225
1.225
1.225
1.225
1.225
1.225
1.225
1.225
1.225
1.225
1.225
1.225
1.225
1.225
1.225
1.225
1.225
1.225
1.225
1.225
1.225
1.225
1.225
1.225
1.225
1.225
1.225
1.225
1.225
1.225
1.225
1.225
1.225
1.225
1.225
1.225
1.225
1.225
1.225
1.225
1.225
1.225
1.225
1.225
1.225
1.225
1.225
1.225
1.225
1.225
1.225
1.225
1.225
1.225
1.225
1.225
1.225
1.225
1.225
1.225
1.225
1.225
1.225
1.225
1.225
1.225
1.225
1.225
1.225
1.225
1.225
1.225
1.225
1.225
1.225
1.225
1.225
1.225
1.225
1.225
1.225
1.225
1.225
1.225
1.225
1.225
1.225
1.225
1.225
1.225
1.225
1.225
1.225
1.225
1.225
1.225
1.225
1.225
1.225
1.225
1.225
1.225
1.225
1.225
1.225
1.225
1.225
1.225
1.225
1.225
1.225
1.225
1.225
1.225
1.225
1.225
1.225
1.225
1.225
1.225
1.225
1.225
1.225
1.225
1.225
1.225
1.225
1.225
1.225
1.225
1.225
1.225
1.225
1.225
1.225
1.225
1.225
1.225
1.225
1.225
1.225
1.225
1.225
1.225
1.225
1.225
1.225
1.225
1.225
1.225
1.225
1.225
1.225
1.225
1.225
1.225
1.225
1.225
1.225
1.225
1.225
1.225
1.225
1.225
1.225
1.225
1.225
1.225
1.225
1.225
1.225
1.225
1.225
1.225
1.225
1.225
1.225
1.225
1.225
1.225
1.225
1.225
1.225
1.225
1.225
1.225
1.225
1.225
1.225
1.225
1.225
1.225
1.225
1.225
1.225
1.225
1.225
1.225
1.225
1.225
1.225
1.225
1.225
1.225
1.225
1.225
1.225
1.225
1.225
1.225
1.225
1.225
1.225
1.225
1.225
1.225
1.225
1.225
1.225
1.225
1.225
1.225
1.225
1.225
1.225
1.225
1.225
1.225
1.225
1.225
1.225
1.225
1.225
1.225
1.225
1.225
1.225
1.225
1.225
1.225
1.225
1.225
1.225
1.225
1.225
1.225
1.225
1.225
1.225
1.225
1.225
1.225
1.225
1.225
1.225
1.225
1.225
1.225
1.225
1.225
1.225
1.225
1.225
1.225
1.225
1.225
1.225
1.225
1.225
1.225
1.225
1.225
1.225
1.225
1.225
1.225
1.225
1.225
1.225
1.225
1.225
1.225
1.225
1.225
1.225
1.225
1.225
1.225
1.225
1.225
1.225
1.225
1.225
1.225
1.225
1.225
1.225
1.225
1.225
1.225
1.225
1.225
1.225
1.225
1.225
1.225
1.225
1.225
1.225
1.225
1.225
1.225
1.225
1.225
1.225
1.225
1.225
1.225
1.225
1.225
1.225
1.225
1.225
1.225
1.225
1.225
1.225
1.225
1.225
1.225
1.225
1.225
1.225
1.225
1.225
1.225
1.225
1.225
1.225
1.225
1.225
1.225
1.225
1.225
1.225
1.225
1.225
1.225
1.225
1.225
1.225
1.225
1.225
1.225
1.225
1.225
1.225
1.225
1.225
1.225
1.225
1.225
1.225
1.225
1.225
1.225
1.225
1.225
1.225
1.225
1.225
1.225
1.225
1.225
1.225
1.225
1.225
1.225
1.225
1.225
1.225
1.225
1.225
1.225
1.225
1.225
1.225
1.225
1.225
1.225
1.225
1.225
1.225
1.225
1.225
1.225
1.225
1.225
1.225
1.225
1.225
1.225
1.225
1.225
1.225
1.225
1.225
1.225
1.225
1.225
1.225
1.225
1.225
1.225
1.225
1.225
1.225
1.225
1.225
1.225
1.225
1.225
1.225
1.225
1.225
1.225
1.225
1.225
1.225
1.225
1.225
1.225
1.225
1.225
1.225
1.225
1.225
1.225
1.225
1.225
1.225
1.225
1.225
1.225
1.225
1.225
1.225
1.225
1.225
1.225
1.225
1.225
1.225
1.225
1.225
1.225
1.225
1.225
1.225
1.225
1.225
1.225
1.225
1.225
1.225
1.225
1.225
1.225
1.225
1.225
1.225
1.225
1.225
1.225
1.225
1.225
1.225
1.225
1.225
1.225
1.225
1.225
1.225
1.225
1.225
1.225
1.225
1.225
1.225
1.225
1.225
1.225
1.225
1.225
1.225
1.225
1.225
1.225
1.225
1.225
1.225
1.225
1.225
1.225
1.225
1.225
1.225
1.225
1.225
1.225
1.225
1.225
1.225
1.225
1.225
1.225
1.225
1.225
1.225
1.225
1.225
1.225
1.225
1.225
1.225
1.225
1.225
1.225
1.225
1.225
1.225
1.225
1.225
1.225
1.225
1.225
1.225
1.225
1.225
1.225
1.225
1.225
1.225
1.225
1.225
1.225
1.225
1.225
1.225
1.225
1.225
1.225
1.225
1.225
1.225
1.225
1.225
1.225
1.225
1.225
1.225
1.225
1.225
1.225
1.225
1.225
1.225
1.225
1.225
1.225
1.225
1.225
1.22501
1.225
1.225
1.225
1.22501
1.225
1.225
1.225
1.225
1.225
1.225
1.225
1.225
1.225
1.225
1.225
1.225
1.225
1.225
1.225
1.225
1.225
1.225
1.225
1.225
1.225
1.225
1.225
1.225
1.225
1.225
1.225
1.225
1.225
1.225
1.225
1.225
1.225
1.225
1.225
1.225
1.225
1.225
1.225
1.225
1.225
1.225
1.225
1.225
1.225
1.225
1.225
1.225
1.225
1.225
1.225
1.225
1.225
1.225
1.225
1.225
1.225
1.225
1.225
1.225
1.225
1.225
1.225
1.225
1.225
1.225
1.225
1.225
1.225
1.225
1.225
1.225
1.225
1.225
1.225
1.225
1.225
1.225
1.225
1.225
1.225
1.225
1.225
1.225
1.225
1.225
1.225
1.225
1.225
1.225
1.225
1.225
1.225
1.225
1.225
1.225
1.225
1.225
1.225
1.225
1.225
1.22525
1.225
1.25183
1.225
1.22501
1.22513
1.225
1.225
1.23532
1.25148
1.22504
1.225
1.22517
1.225
1.22583
1.53716
1.22514
1.225
1.22501
1.225
1.225
1.22502
1.22886
1.22518
1.225
1.225
1.225
1.225
1.22517
1.225
1.22503
1.225
1.225
1.225
1.225
1.225
1.22537
1.22985
1.225
1.22501
1.225
1.225
1.225
1.225
1.225
1.225
1.225
1.225
1.225
1.225
1.225
1.225
1.225
1.225
1.225
1.225
1.225
1.225
1.225
1.225
1.225
1.225
1.225
1.22505
1.225
1.225
1.225
1.225
1.225
1.225
1.225
1.225
1.225
1.225
1.225
1.225
1.225
1.225
1.225
1.225
1.225
1.225
1.225
1.225
1.225
1.225
1.225
1.225
1.225
1.225
1.225
1.225
1.225
1.225
1.225
1.225
1.225
1.225
1.225
1.225
1.225
1.225
1.225
1.225
1.225
1.225
1.225
1.225
1.225
1.225
1.225
1.225
1.225
1.225
1.225
1.225
1.225
1.225
1.225
1.225
1.225
1.225
1.225
1.225
1.225
1.225
1.225
1.225
1.225
1.225
1.225
1.225
1.225
1.225
1.225
1.225
1.225
1.225
1.225
1.225
1.225
1.225
1.225
1.225
1.225
1.225
1.225
1.225
1.225
1.225
1.225
1.225
1.225
1.225
1.225
1.225
1.225
1.225
1.225
1.225
1.225
1.225
1.225
1.225
1.225
1.225
1.225
1.225
1.225
1.225
1.225
1.225
1.225
1.225
1.225
1.225
1.225
1.225
1.225
1.225
1.225
1.225
1.225
1.225
1.225
1.225
1.225
1.225
1.225
1.225
1.225
1.225
1.225
1.225
1.225
1.225
1.225
1.225
1.225
1.225
1.225
1.225
1.225
1.225
1.225
1.225
1.225
1.225
1.225
1.225
1.225
1.225
1.225
1.225
1.225
1.225
1.225
1.225
1.225
1.225
1.225
1.225
1.225
1.225
1.225
1.225
1.225
1.225
1.225
1.225
1.225
1.225
1.225
1.225
1.225
1.225
1.225
1.225
1.225
1.225
1.225
1.225
1.225
1.225
1.225
1.225
1.225
1.225
1.225
1.225
1.225
1.225
1.225
1.225
1.225
1.225
1.225
1.225
1.225
1.225
1.225
1.225
1.225
1.225
1.225
1.225
1.225
1.225
1.225
1.225
1.225
1.225
1.225
1.225
1.225
1.225
1.225
1.225
1.225
1.225
1.225
1.225
1.225
1.225
1.225
1.225
1.225
1.225
1.225
1.225
1.225
1.225
1.225
1.225
1.225
1.225
1.225
1.225
1.225
1.225
1.225
1.225
1.225
1.225
1.225
1.225
1.225
1.225
1.225
1.225
1.225
1.225
1.225
1.225
1.225
1.225
1.225
1.225
1.225
1.225
1.225
1.225
1.225
1.225
1.225
1.225
1.225
1.225
1.225
1.225
1.225
1.225
1.225
1.225
1.225
1.225
1.225
1.225
1.225
1.225
1.225
1.225
1.225
1.225
1.225
1.225
1.225
1.225
1.225
1.225
1.225
1.225
1.225
1.225
1.225
1.225
1.225
1.225
1.225
1.225
1.225
1.225
1.225
1.225
1.225
1.225
1.225
1.225
1.225
1.225
1.225
1.225
1.225
1.225
1.225
1.225
1.225
1.225
1.225
1.225
1.225
1.225
1.225
1.225
1.225
1.225
1.225
1.225
1.225
1.225
1.225
1.225
1.225
1.225
1.225
1.225
1.225
1.225
1.225
1.225
1.225
1.225
1.225
1.225
1.225
1.225
1.225
1.225
1.225
1.225
1.225
1.225
1.225
1.225
1.225
1.225
1.225
1.225
1.225
1.225
1.225
1.225
1.225
1.225
1.225
1.225
1.225
1.225
1.225
1.225
1.225
1.225
1.225
1.225
1.225
1.225
1.225
1.225
1.225
1.225
1.225
1.225
1.225
1.225
1.225
1.225
1.225
1.225
1.225
1.225
1.225
1.225
1.225
1.225
1.225
1.225
1.225
1.225
1.225
1.225
1.225
1.225
1.225
1.225
1.225
1.225
1.225
1.225
1.225
1.225
1.225
1.225
1.225
1.225
1.225
1.225
1.225
1.225
1.225
1.225
1.225
1.225
1.225
1.225
1.225
1.225
1.225
1.225
1.225
1.225
1.225
1.225
1.225
1.225
1.225
1.225
1.225
1.225
1.225
1.225
1.225
1.225
1.225
1.225
1.225
1.225
1.225
1.225
1.225
1.225
1.225
1.225
1.225
1.225
1.225
1.225
1.225
1.225
1.225
1.225
1.225
1.225
1.225
1.225
1.225
1.225
1.225
1.225
1.225
1.225
1.225
1.225
1.225
1.225
1.225
1.225
1.225
1.225
1.225
1.225
1.225
1.225
1.225
1.225
1.225
1.225
1.225
1.225
1.225
1.225
1.225
1.225
1.225
1.225
1.225
1.225
1.225
1.225
1.225
1.225
1.225
1.225
1.225
1.225
1.225
1.225
1.225
1.225
1.225
1.225
1.225
1.225
1.225
1.225
1.225
1.225
1.225
1.225
1.225
1.225
1.225
1.225
1.225
1.225
1.225
1.225
1.225
1.225
1.225
1.225
1.225
1.225
1.225
1.225
1.225
1.225
1.225
1.225
1.225
1.225
1.225
1.225
1.225
1.225
1.225
1.225
1.225
1.225
1.225
1.225
1.225
1.225
1.225
1.225
1.225
1.225
1.225
1.225
1.225
1.225
1.225
1.225
1.225
1.225
1.225
1.225
1.225
1.225
1.225
1.225
1.225
1.225
1.225
1.225
1.225
1.225
1.225
1.225
1.225
1.225
1.225
1.225
1.225
1.225
1.225
1.225
1.225
1.225
1.225
1.225
1.225
1.225
1.225
1.225
1.225
1.225
1.225
1.225
1.225
1.225
1.225
1.225
1.225
1.225
1.225
1.225
1.225
1.225
1.225
1.225
1.225
1.225
1.225
1.225
1.225
1.225
1.225
1.225
1.225
1.225
1.225
1.225
1.225
1.225
1.225
1.225
1.225
1.225
1.225
1.225
1.225
1.225
1.225
1.225
1.225
1.225
1.225
1.225
1.225
1.225
1.225
1.225
1.225
1.225
1.225
1.225
1.225
1.225
1.225
1.225
1.225
1.225
1.225
1.225
1.225
1.225
1.225
1.225
1.225
1.225
1.225
1.225
1.225
1.225
1.225
1.225
1.225
1.225
1.225
1.225
1.225
1.225
1.225
1.225
1.225
1.225
1.225
1.225
1.225
1.225
1.225
1.225
1.225
1.225
1.225
1.225
1.225
1.225
1.225
1.225
1.225
1.225
1.225
1.225
1.225
1.225
1.225
1.225
1.225
1.225
1.225
1.225
1.225
1.225
1.225
1.225
1.225
1.225
1.225
1.225
1.225
1.225
1.225
1.225
1.225
1.225
1.225
1.225
1.225
1.225
1.225
1.225
1.225
1.225
1.225
1.225
1.225
1.225
1.225
1.225
1.225
1.225
1.225
1.225
1.225
1.225
1.225
1.225
1.225
1.225
1.225
1.225
1.225
1.225
1.225
1.225
1.225
1.225
1.225
1.225
1.225
1.225
1.225
1.225
1.225
1.225
1.225
1.225
1.225
1.225
1.225
1.225
1.225
1.225
1.225
1.225
1.225
1.225
1.225
1.225
1.225
1.225
1.225
1.225
1.225
1.225
1.225
1.225
1.225
1.225
1.225
1.225
1.225
1.225
1.225
1.225
1.225
1.225
1.225
1.225
1.225
1.225
1.225
1.225
1.225
1.225
1.225
1.225
1.225
1.225
1.225
1.225
1.225
1.225
1.225
1.225
1.225
1.225
1.23915
1.225
1.22605
1.225
1.225
1.2251
1.225
1.22524
1.225
1.225
1.225
1.225
1.225
1.225
1.225
1.225
1.225
1.225
1.22515
1.225
1.225
1.225
1.225
1.225
1.225
1.225
1.225
1.225
1.225
1.225
1.225
1.225
1.225
1.225
1.225
1.225
1.225
1.225
1.225
1.225
1.225
1.225
1.225
1.225
1.225
1.225
1.225
1.225
1.225
1.225
1.225
1.225
1.225
1.225
1.225
1.225
1.225
1.225
1.225
1.225
1.225
1.225
1.225
1.225
1.225
1.225
1.225
1.225
1.225
1.225
1.225
1.225
1.225
1.225
1.225
1.225
1.225
1.225
1.225
1.225
1.225
1.225
1.225
1.225
1.225
1.225
1.225
1.225
1.225
1.225
1.225
1.225
1.225
1.225
1.225
1.225
1.225
1.225
1.225
1.225
1.225
1.225
1.225
1.225
1.225
1.225
1.225
1.225
1.225
1.225
1.225
1.225
1.225
1.225
1.225
1.225
1.225
1.225
1.225
1.225
1.225
1.225
1.225
1.225
1.225
1.225
1.225
1.225
1.225
1.225
1.225
1.225
1.225
1.225
1.225
1.225
1.225
1.225
1.225
1.225
1.225
1.225
1.225
1.225
1.225
1.225
1.225
1.225
1.225
1.225
1.225
1.225
1.225
1.225
1.225
1.225
1.225
1.225
1.225
1.225
1.225
1.225
1.225
1.225
1.225
1.225
1.225
1.225
1.225
1.225
1.225
1.225
1.225
1.225
1.225
1.225
1.225
1.225
1.225
1.225
1.225
1.225
1.225
1.225
1.225
1.225
1.225
1.225
1.225
1.225
1.225
1.225
1.225
1.225
1.225
1.225
1.225
1.225
1.225
1.225
1.225
1.225
1.225
1.225
1.225
1.225
1.225
1.225
1.225
1.225
1.225
1.225
1.225
1.225
1.225
1.225
1.225
1.225
1.225
1.225
1.225
1.225
1.225
1.225
1.225
1.225
1.225
1.225
1.225
1.225
1.225
1.225
1.225
1.225
1.225
1.225
1.225
1.225
1.225
1.225
1.225
1.225
1.225
1.225
1.225
1.225
1.225
1.225
1.225
1.225
1.225
1.225
1.225
1.225
1.225
1.225
1.225
1.225
1.225
1.225
1.225
1.225
1.225
1.225
1.225
1.225
1.225
1.225
1.225
1.225
1.225
1.225
1.225
1.225
1.225
1.225
1.225
1.225
1.225
1.225
1.225
1.225
1.225
1.225
1.225
1.225
1.225
1.225
1.225
1.225
1.225
1.225
1.225
1.225
1.225
1.225
1.225
1.225
1.225
1.225
1.225
1.225
1.225
1.225
1.225
1.225
1.225
1.225
1.225
1.225
1.225
1.225
1.225
1.225
1.225
1.225
1.225
1.225
1.225
1.225
1.225
1.225
1.225
1.225
1.225
1.225
1.225
1.225
1.225
1.225
1.225
1.225
1.225
1.225
1.225
1.225
1.225
1.225
1.225
1.225
1.225
1.225
1.225
1.225
1.225
1.225
1.225
1.225
1.225
1.225
1.225
1.225
1.225
1.225
1.225
1.225
1.225
1.225
1.225
1.225
1.225
1.225
1.225
1.225
1.225
1.225
1.225
1.225
1.225
1.225
1.225
1.225
1.225
1.225
1.225
1.225
1.225
1.225
1.225
1.225
1.225
1.225
1.225
1.225
1.225
1.225
1.225
1.225
1.225
1.225
1.225
1.225
1.225
1.225
1.225
1.225
1.225
1.225
1.225
1.225
1.225
1.225
1.225
1.225
1.225
1.225
1.225
1.225
1.225
1.225
1.225
1.225
1.225
1.225
1.225
1.225
1.225
1.225
1.225
1.225
1.225
1.225
1.225
1.225
1.225
1.225
1.225
1.225
1.225
1.225
1.225
1.225
1.225
1.225
1.225
1.225
1.225
1.225
1.225
1.225
1.225
1.225
1.225
1.225
1.225
1.225
1.225
1.225
1.225
1.225
1.225
1.225
1.225
1.225
1.225
1.225
1.225
1.225
1.225
1.225
1.225
1.225
1.225
1.225
1.225
1.225
1.225
1.225
1.225
1.225
1.225
1.225
1.225
1.225
1.225
1.225
1.225
1.225
1.225
1.225
1.225
1.225
1.225
1.225
1.225
1.225
1.225
1.225
1.225
1.225
1.225
1.225
1.225
1.225
1.225
1.225
1.225
1.225
1.225
1.225
1.225
1.225
1.225
1.225
1.225
1.225
1.225
1.225
1.225
1.225
1.225
1.225
1.225
1.225
1.225
1.225
1.225
1.225
1.225
1.225
1.225
1.225
1.225
1.225
1.225
1.225
1.225
1.225
1.225
1.225
1.225
1.225
1.225
1.225
1.225
1.225
1.225
1.225
1.225
1.225
1.225
1.225
1.225
1.225
1.225
1.225
1.225
1.225
1.225
1.225
1.225
1.225
1.225
1.225
1.225
1.225
1.225
1.225
1.225
1.225
1.225
1.225
1.225
1.225
1.225
1.225
1.225
1.225
1.225
1.225
1.225
1.225
1.225
1.225
1.225
1.225
1.225
1.225
1.225
1.225
1.225
1.225
1.225
1.225
1.225
1.225
1.225
1.225
1.225
1.225
1.225
1.225
1.225
1.225
1.225
1.225
1.225
1.225
1.225
1.225
1.225
1.225
1.225
1.225
1.225
1.225
1.225
1.225
1.225
1.225
1.225
1.225
1.225
1.225
1.225
1.225
1.225
1.225
1.225
1.225
1.225
1.225
1.225
1.225
1.225
1.225
1.225
1.225
1.225
1.225
1.225
1.225
1.225
1.225
1.225
1.225
1.225
1.225
1.225
1.225
1.225
1.225
1.225
1.225
1.225
1.225
1.225
1.225
1.225
1.225
1.225
1.225
1.225
1.225
1.225
1.225
1.225
1.225
1.225
1.225
1.225
1.225
1.225
1.225
1.225
1.225
1.225
1.225
1.225
1.225
1.225
1.225
1.225
1.225
1.225
1.225
1.225
1.225
1.225
1.225
1.225
1.225
1.225
1.225
1.225
1.225
1.225
1.225
1.225
1.225
1.225
1.225
1.225
1.225
1.225
1.225
1.225
1.225
1.225
1.225
1.225
1.225
1.225
1.225
1.225
1.225
1.225
1.225
1.225
1.225
1.225
1.225
1.225
1.225
1.225
1.225
1.225
1.225
1.225
1.225
1.225
1.225
1.225
1.225
1.225
1.225
1.225
1.225
1.225
1.225
1.225
1.225
1.225
1.225
1.225
1.225
1.225
1.225
1.225
1.225
1.225
1.225
1.225
1.225
1.225
1.225
1.225
1.225
1.225
1.225
1.225
1.225
1.225
1.225
1.225
1.225
1.225
1.225
1.225
1.225
1.225
1.225
1.225
1.225
1.225
1.225
1.225
1.225
1.225
1.225
1.225
1.225
1.225
1.225
1.225
1.225
1.225
1.225
1.22502
1.225
1.225
1.225
1.225
1.225
1.225
1.225
1.225
1.225
1.225
1.225
1.225
1.225
1.225
1.225
1.225
1.225
1.225
1.225
1.225
1.225
1.225
1.225
1.225
1.225
1.225
1.225
1.225
1.225
1.225
1.225
1.225
1.225
1.225
1.225
1.225
1.225
1.225
1.225
1.225
1.225
1.225
1.225
1.225
1.225
1.225
1.225
1.225
1.225
1.225
1.225
1.225
1.225
1.225
1.225
1.225
1.225
1.225
1.225
1.225
1.225
1.79705
1.40735
1.33467
2.43171
1.225
1.22506
1.225
1.3123
1.27904
1.32104
1.225
1.24949
1.225
1.225
1.225
1.225
1.225
1.225
1.225
1.225
1.225
1.225
1.225
1.225
1.225
1.225
1.225
1.225
1.225
1.225
1.225
1.225
1.225
1.225
1.2251
1.225
1.225
1.225
1.225
1.225
1.22793
1.225
1.225
1.225
1.225
1.59013
1.32078
1.225
1.225
1.26213
1.22567
1.225
1.2714
1.25561
1.225
1.225
1.22567
1.22517
1.4852
1.225
1.225
1.225
1.22502
1.225
1.2251
1.225
1.225
1.23074
1.225
1.225
1.22502
1.225
1.225
1.225
1.225
1.22807
1.22803
1.225
1.225
1.225
1.225
1.225
1.2251
1.225
1.225
1.225
1.22615
1.225
1.225
1.225
1.22548
1.225
1.225
1.225
1.225
1.225
1.22501
1.22866
1.22517
1.225
1.225
1.22501
1.225
1.225
1.22502
1.22516
1.225
1.225
1.225
1.225
1.225
1.22503
1.22501
1.225
1.22622
1.225
1.228
1.225
1.225
1.225
1.22503
1.225
1.225
1.22501
1.225
1.225
1.22502
1.225
1.225
1.32036
1.35767
1.47504
1.23537
1.22893
1.23074
1.23208
1.44565
1.36298
1.489
1.23601
1.22961
1.23384
1.23098
1.30429
1.34436
1.33084
1.22965
1.22873
1.23033
1.22835
1.34737
1.30796
1.33115
1.22966
1.22915
1.22852
1.23046
1.225
1.71219
1.22898
1.225
1.225
1.225
1.22501
1.22844
1.225
1.22575
1.225
1.225
1.225
1.225
1.24812
1.23248
1.23121
1.2259
1.22575
1.22517
1.22521
1.2483
1.23245
1.23142
1.22589
1.22576
1.22518
1.22521
2.33055
2.4981
1.92856
1.26449
1.30737
1.25366
1.3379
1.8779
2.52582
1.95493
1.26665
1.32561
1.26016
1.34372
1.24932
1.25644
1.29551
1.2279
1.2258
1.22609
1.22714
1.28005
1.25609
1.29492
1.22787
1.22581
1.22718
1.22607
1.27449
1.24329
1.26121
1.22681
1.22832
1.22607
1.22555
1.22501
1.39184
1.22655
1.225
1.225
1.225
1.225
1.225
1.22634
1.22527
1.225
1.225
1.225
1.225
1.24221
1.22749
1.22947
1.22529
1.22553
1.22512
1.22506
1.22642
1.22501
1.225
1.225
1.225
1.225
1.225
1.44173
1.225
1.225
1.225
1.225
1.225
1.225
1.22539
1.225
1.225
1.225
1.225
1.225
1.225
1.22591
1.225
1.225
1.225
1.225
1.225
1.225
2.04346
1.68396
1.38537
1.27017
1.23984
1.2303
1.24357
1.26859
1.24247
1.24194
1.22676
1.22665
1.22553
1.22554
2.03903
1.266
1.29989
1.23876
1.2331
1.22724
1.22535
1.225
1.225
1.225
1.225
1.225
1.225
1.225
1.22505
1.2342
1.22708
1.24133
1.22906
1.22549
1.22511
1.29499
1.26937
1.23681
1.23378
1.22723
1.22636
1.22522
1.225
1.225
1.225
1.225
1.225
1.23044
1.22506
1.225
1.225
1.225
1.225
1.225
1.22506
1.22502
1.23828
1.22981
1.23674
1.22539
1.22607
1.22535
1.22513
1.22742
1.29665
1.31429
1.2282
1.22911
1.22512
1.22509
1.22725
1.31317
1.29219
1.22801
1.22908
1.22512
1.22508
1.225
1.225
1.225
1.225
1.225
1.225
1.225
1.225
1.22522
1.22501
1.225
1.225
1.225
1.225
1.225
1.225
1.225
1.225
1.225
1.225
1.225
1.225
1.225
1.225
1.225
1.22502
1.225
1.225
1.225
1.225
1.225
1.22501
1.225
1.225
1.225
1.225
1.225
1.225
1.225
1.225
1.225
1.225
1.225
1.225
1.225
1.225
1.225
1.225
1.225
1.225
1.225
1.225
1.225
1.225
1.225
1.225
1.225
1.225
1.225
1.225
1.225
1.225
1.225
1.225
1.225
1.225
1.225
1.225
1.225
1.22501
1.22676
1.22636
1.26808
1.24336
1.22552
1.22565
1.22502
1.225
1.225
1.225
1.225
1.225
1.225
1.225
1.22666
1.22606
1.22512
1.22529
1.22504
1.22502
1.22501
1.26214
1.2388
1.2265
1.22548
1.22538
1.22504
1.22501
1.225
1.225
1.225
1.225
1.225
1.225
1.225
1.225
1.225
1.225
1.225
1.225
1.225
1.225
1.225
1.225
1.225
1.225
1.225
1.225
1.225
1.225
1.225
1.22505
1.225
1.225
1.225
1.225
1.22512
1.225
1.225
1.225
1.225
1.225
1.225
1.22504
1.225
1.225
1.225
1.225
1.225
1.225
1.225
1.225
1.225
1.225
1.225
1.225
1.225
1.225
1.225
1.225
1.225
1.22504
1.225
1.225
1.225
1.225
1.225
1.225
1.225
1.225
1.225
1.225
1.225
1.225
1.225
1.225
1.225
1.225
1.38807
1.23481
1.27265
1.22634
1.22594
1.22522
1.23009
1.22933
1.22654
1.23426
1.22523
1.22502
1.22503
1.22512
1.22924
1.22568
1.22922
1.22512
1.22502
1.22512
1.22502
1.23262
1.2257
1.22596
1.22516
1.22522
1.22502
1.22502
1.22516
1.22572
1.2308
1.23255
1.22596
1.22521
1.22502
1.22502
1.22904
1.2258
1.22628
1.22503
1.2252
1.225
1.35097
1.24294
1.25059
1.23031
1.22878
1.22512
1.22561
1.225
1.225
1.225
1.225
1.225
1.225
1.225
1.225
1.225
1.225
1.225
1.225
1.225
1.225
1.22517
1.22643
1.22615
1.22503
1.225
1.225
1.22503
1.22643
1.22514
1.22621
1.22503
1.225
1.225
1.22503
1.23485
1.22507
1.22602
1.22502
1.22525
1.22502
1.225
1.22623
1.2282
1.22601
1.22502
1.22508
1.22502
1.22506
1.225
1.225
1.225
1.225
1.225
1.225
1.225
1.22618
1.22502
1.22759
1.22508
1.22502
1.2258
1.2287
1.225
1.225
1.225
1.225
1.225
1.225
1.225
1.225
1.225
1.225
1.225
1.225
1.225
1.225
1.22502
1.22824
1.22602
1.22625
1.22508
1.22503
1.2289
1.26085
1.2251
1.22507
1.22645
1.22594
1.22503
1.225
1.22619
1.22547
1.22796
1.22508
1.225
1.22501
1.22503
1.22756
1.22616
1.22579
1.22507
1.22502
1.22502
1.22505
1.22614
1.22513
1.22642
1.22517
1.22503
1.225
1.225
1.22503
1.225
1.22514
1.22644
1.22517
1.22503
1.225
1.22603
1.22534
1.2251
1.22508
1.22502
1.22501
1.225
1.26634
1.23635
1.22743
1.22961
1.22603
1.22505
1.22523
1.27177
1.23188
1.23422
1.2267
1.22629
1.22504
1.22521
1.225
1.22589
1.22502
1.23002
1.22513
1.22516
1.225
1.22502
1.225
1.22509
1.22539
1.22504
1.22501
1.225
1.225
1.225
1.225
1.225
1.225
1.225
1.225
1.225
1.225
1.225
1.225
1.225
1.225
1.225
1.2253
1.225
1.22503
1.22507
1.22569
1.22501
1.225
1.22539
1.22509
1.2258
1.22502
1.225
1.225
1.22501
1.22826
1.22502
1.22555
1.225
1.22508
1.22501
1.225
1.28785
1.2288
1.22573
1.22659
1.22531
1.22501
1.22507
1.225
1.225
1.225
1.225
1.225
1.225
1.225
1.22529
1.225
1.22511
1.225
1.22501
1.22517
1.22519
1.22514
1.22501
1.22524
1.22531
1.225
1.22501
1.22518
1.225
1.225
1.225
1.225
1.225
1.225
1.225
1.225
1.225
1.225
1.225
1.225
1.225
1.225
1.225
1.2261
1.225
1.22519
1.22505
1.22501
1.225
1.22825
1.22501
1.22548
1.225
1.22508
1.22501
1.225
1.22825
1.22501
1.22501
1.2251
1.22508
1.225
1.225
1.22511
1.22514
1.2251
1.225
1.225
1.225
1.225
1.22569
1.22507
1.2253
1.22503
1.22501
1.225
1.225
1.23982
1.22511
1.22514
1.2255
1.22537
1.22501
1.225
1.22811
1.2251
1.22512
1.22511
1.22509
1.225
1.225
1.22711
1.22502
1.22502
1.22507
1.22506
1.225
1.225
1.2301
1.22507
1.22524
1.22504
1.22511
1.225
1.225
1.22511
1.22626
1.22536
1.22501
1.22501
1.225
1.22502
1.22522
1.2269
1.22558
1.22501
1.22501
1.225
1.22504
1.225
1.225
1.225
1.225
1.225
1.225
1.225
1.22531
1.225
1.22505
1.225
1.22503
1.225
1.225
1.22513
1.2253
1.22524
1.22501
1.225
1.22501
1.225
1.22512
1.22514
1.2251
1.225
1.225
1.225
1.225
1.22508
1.22502
1.22506
1.225
1.225
1.225
1.225
1.22505
1.22501
1.22505
1.225
1.22501
1.225
1.225
1.225
1.225
1.225
1.225
1.225
1.225
1.225
1.22514
1.225
1.22511
1.225
1.225
1.22517
1.2251
1.22918
1.22503
1.22503
1.22513
1.2251
1.225
1.225
1.225
1.225
1.225
1.225
1.225
1.225
1.225
1.22501
1.22627
1.22537
1.22511
1.22501
1.225
1.22544
1.2251
1.225
1.22513
1.22514
1.225
1.225
1.22517
1.22511
1.22528
1.22519
1.225
1.22501
1.225
1.225
1.22503
1.22508
1.22506
1.225
1.225
1.225
1.225
1.22619
1.22506
1.22506
1.22503
1.22503
1.225
1.225
1.22578
1.22501
1.22504
1.22501
1.22502
1.225
1.225
1.2259
1.22503
1.22503
1.22503
1.22503
1.225
1.225
1.22625
1.22549
1.2251
1.2251
1.22502
1.225
1.22501
1.22503
1.225
1.22514
1.22501
1.225
1.225
1.225
1.225
1.22502
1.22502
1.225
1.225
1.225
1.225
1.225
1.225
1.225
1.225
1.225
1.225
1.225
1.225
1.225
1.225
1.225
1.225
1.225
1.225
1.225
1.22502
1.22502
1.225
1.225
1.225
1.225
1.22514
1.225
1.22503
1.225
1.225
1.225
1.225
1.22565
1.22501
1.22501
1.22502
1.22502
1.225
1.225
1.225
1.225
1.225
1.225
1.225
1.225
1.225
1.225
1.22505
1.22508
1.22502
1.225
1.225
1.22501
1.22503
1.225
1.22525
1.225
1.22503
1.225
1.225
1.22522
1.225
1.22502
1.225
1.225
1.225
1.225
1.22542
1.22502
1.22506
1.22501
1.22503
1.225
1.225
1.22539
1.22502
1.22502
1.22501
1.22501
1.225
1.225
1.225
1.225
1.225
1.225
1.225
1.225
1.225
1.225
1.225
1.225
1.225
1.225
1.225
1.225
1.22506
1.22502
1.22505
1.225
1.225
1.225
1.225
1.225
1.225
1.225
1.225
1.225
1.225
1.225
1.225
1.22539
1.22508
1.225
1.225
1.225
1.22501
1.22501
1.225
1.225
1.225
1.22501
1.225
1.225
1.225
1.22501
1.22501
1.225
1.225
1.225
1.225
1.22507
1.22505
1.22513
1.225
1.225
1.225
1.225
1.22528
1.225
1.22501
1.225
1.22501
1.225
1.225
1.225
1.225
1.225
1.225
1.225
1.225
1.225
1.225
1.22505
1.22504
1.22501
1.225
1.225
1.22501
1.225
1.225
1.225
1.225
1.225
1.225
1.225
1.225
1.225
1.225
1.225
1.225
1.225
1.225
1.22508
1.225
1.22502
1.225
1.225
1.22503
1.22506
1.22502
1.225
1.22506
1.22508
1.225
1.225
1.22503
1.225
1.225
1.22506
1.225
1.22508
1.225
1.225
1.225
1.22509
1.22513
1.225
1.225
1.225
1.225
1.225
1.225
1.2251
1.225
1.22513
1.225
1.225
1.225
1.22508
1.22506
1.225
1.225
1.225
1.225
1.22509
1.225
1.22501
1.225
1.22502
1.225
1.225
1.22502
1.22505
1.22508
1.225
1.225
1.225
1.225
1.22501
1.22505
1.22504
1.225
1.225
1.225
1.225
1.225
1.22509
1.225
1.22501
1.225
1.225
1.225
1.22574
1.225
1.22514
1.225
1.225
1.225
1.22501
1.225
1.22545
1.22509
1.225
1.225
1.225
1.22501
1.22516
1.225
1.22501
1.225
1.225
1.225
1.225
1.22506
1.22504
1.22501
1.225
1.225
1.225
1.225
1.22513
1.225
1.2251
1.225
1.225
1.225
1.225
1.22513
1.225
1.2251
1.225
1.225
1.225
1.225
1.225
1.225
1.22505
1.225
1.22502
1.225
1.225
1.225
1.225
1.225
1.225
1.225
1.225
1.225
1.22501
1.22501
1.22503
1.225
1.225
1.225
1.225
1.225
1.225
1.225
1.225
1.225
1.225
1.225
1.225
1.225
1.225
1.225
1.225
1.225
1.225
1.225
1.225
1.22501
1.225
1.225
1.225
1.225
1.225
1.225
1.225
1.225
1.225
1.225
1.225
1.22504
1.225
1.22501
1.225
1.225
1.225
1.225
1.225
1.225
1.225
1.225
1.225
1.225
1.225
1.22502
1.22502
1.225
1.225
1.225
1.225
1.225
1.22503
1.225
1.225
1.22502
1.225
1.225
1.2251
1.225
1.22501
1.22503
1.22501
1.225
1.225
1.225
1.22504
1.225
1.22506
1.225
1.225
1.225
1.225
1.225
1.225
1.22505
1.225
1.22506
1.225
1.225
1.22503
1.225
1.22501
1.225
1.225
1.225
1.225
1.22501
1.22501
1.22503
1.225
1.225
1.225
1.225
1.22508
1.225
1.22502
1.225
1.225
1.225
1.225
1.22514
1.225
1.22502
1.225
1.225
1.225
1.225
1.22514
1.225
1.22502
1.225
1.225
1.225
1.225
1.22523
1.225
1.22504
1.225
1.225
1.225
1.225
1.22506
1.225
1.225
1.225
1.225
1.225
1.225
1.22504
1.225
1.225
1.225
1.225
1.225
1.225
1.22505
1.225
1.225
1.225
1.225
1.225
1.225
1.22504
1.225
1.225
1.225
1.225
1.225
1.225
1.225
1.225
1.225
1.225
1.225
1.225
1.225
1.22501
1.225
1.225
1.225
1.225
1.225
1.225
1.225
1.225
1.225
1.225
1.225
1.225
1.225
1.225
1.225
1.225
1.225
1.225
1.225
1.225
1.225
1.225
1.225
2.08078
1.225
1.24713
1.36718
1.22503
1.225
2.16888
1.31974
1.22503
1.225
1.30852
1.225
1.225
1.31657
1.24901
1.225
1.225
1.225
1.27786
1.2264
1.96625
1.28139
1.22502
1.225
1.22637
1.225
1.22528
1.27924
1.23894
1.225
1.225
1.30051
1.33865
1.32668
1.22947
1.22857
1.23007
1.22818
1.31155
1.34257
1.41667
1.23277
1.22859
1.23008
1.23051
1.34422
1.38645
1.4213
1.23294
1.22896
1.2313
1.23015
1.34141
1.30732
1.32941
1.22959
1.22895
1.23019
1.22851
1.64439
2.23396
1.75041
1.25044
1.27502
1.2922
1.24366
2.2508
1.70058
1.76459
1.2513
1.28467
1.24711
1.29455
1.25499
1.28001
1.29399
1.22782
1.22579
1.22718
1.22603
1.225
1.225
1.225
1.225
1.225
1.23428
1.22516
1.225
1.225
1.225
1.225
1.22516
1.225
1.22503
1.27562
1.2542
1.29213
1.22774
1.22572
1.226
1.22698
1.32559
1.24981
1.27108
1.22714
1.2286
1.22643
1.22579
1.27401
1.24876
1.24658
1.22713
1.2269
1.2257
1.22578
1.56311
1.6926
1.40194
1.26396
1.23873
1.23105
1.24419
1.25818
1.2306
1.23929
1.22541
1.22618
1.22543
1.22515
1.24067
1.4224
1.28845
1.22685
1.22641
1.22537
1.23138
1.22625
1.23192
1.23129
1.22518
1.22503
1.22503
1.22519
1.22797
1.23223
1.23968
1.22538
1.22503
1.22507
1.2252
1.22581
1.22659
1.22913
1.22511
1.22501
1.22502
1.22504
1.22571
1.22647
1.22501
1.22504
1.22501
1.22707
1.22549
1.22522
1.2251
1.225
1.225
1.22501
1.22515
1.22515
1.22573
1.22504
1.22679
1.22501
1.2256
1.22501
1.22714
1.22522
1.225
1.22512
1.225
1.22517
1.22501
1.22516
1.22514
1.22511
1.225
1.225
1.22516
1.225
1.22509
1.22514
1.225
1.22512
1.225
1.22516
1.2251
1.225
1.22508
1.22502
1.225
1.225
1.225
1.22502
1.22505
1.22508
1.225
1.22502
1.225
1.22506
1.225
1.22503
1.22608
1.22501
1.22534
1.22513
1.22501
1.225
1.22546
1.22736
1.22598
1.22522
1.22519
1.22505
1.225
1.22502
1.22537
1.22501
1.22503
1.225
1.22501
1.225
1.225
1.22506
1.225
1.22509
1.22503
1.225
1.225
1.22502
1.22506
1.225
1.22505
1.22502
1.225
1.22502
1.225
1.22514
1.22501
1.22501
1.225
1.225
1.225
1.225
1.22509
1.225
1.22501
1.225
1.225
1.225
1.225
1.22504
1.225
1.22502
1.225
1.22501
1.225
1.22513
1.22501
1.225
1.22503
1.22501
1.225
1.225
1.225
3.95185
2.81663
3.04655
2.39082
2.8097
1.22581
1.23042
1.22515
1.29505
2.98922
4.16242
3.21163
1.25605
1.22592
2.52043
1.23091
2.97057
3.01944
2.94084
2.10131
2.26697
2.17315
2.19564
3.18753
3.58812
3.57076
2.37442
2.7998
2.28108
2.71809
2.95569
2.73206
2.87476
1.91569
1.70206
1.98308
1.65172
2.91222
2.74941
2.86929
1.94956
1.76606
2.04086
1.68585
3.39792
3.12299
3.51611
1.77066
2.07993
2.51772
2.174
4.11479
3.74452
3.71918
3.72729
3.28096
3.22218
3.66642
3.61037
4.04481
3.67809
3.08032
3.34964
2.82759
3.54691
2.61745
2.62645
2.78397
1.77325
1.37406
1.53929
1.53985
1.30786
1.34659
1.22913
1.22966
1.22852
1.32059
1.33106
1.36141
1.22956
1.23585
1.48578
1.33374
1.44333
1.23373
4.15463
2.76126
3.33017
1.24338
1.22554
4.1784
3.58872
2.49298
1.2352
1.22553
2.5827
1.22513
3.01657
2.86326
1.34319
1.29568
3.56815
3.17281
3.20919
2.62995
2.35693
2.77463
2.21874
3.04963
2.93327
2.97061
2.25728
2.1339
2.19338
2.08057
2.69401
2.94386
2.86258
1.59714
1.90822
1.87208
1.58339
3.50708
2.90221
3.09647
2.3532
1.62008
1.9654
1.93234
4.17395
3.7524
3.75425
3.1721
3.72111
3.26731
3.64966
2.74611
2.81346
2.91342
1.77047
2.043
1.93968
1.68358
4.07928
3.66182
3.74295
2.98444
3.25451
2.62736
3.51655
2.34596
2.76997
2.61335
1.74827
1.35464
1.52584
1.49545
1.47157
1.35575
1.23065
1.40466
1.22886
1.23196
1.31878
1.23027
1.33049
1.22963
1.22868
1.31127
1.3039
1.22834
1.27388
1.24975
1.22722
1.22569
1.22688
1.28153
1.24647
1.22788
1.22608
1.2562
1.28006
1.22581
1.22718
1.24949
1.2536
1.22749
1.29006
1.36347
1.227
1.23003
1.28757
1.34255
1.26619
1.94988
1.873
1.32449
1.25977
2.42601
1.70575
1.88103
1.23468
1.28875
1.24696
1.49019
2.20246
1.33686
1.26405
1.92342
1.7927
1.30663
1.25334
2.32565
1.22791
1.2261
1.25664
1.27911
1.22581
1.22714
1.24948
1.2578
1.23065
1.22542
1.22542
1.22616
1.23906
1.23907
1.58669
1.68023
1.23023
1.26977
1.23967
1.38357
2.03901
1.31935
1.24298
1.22605
1.22678
1.22827
1.27367
1.2607
1.24218
1.22673
1.27079
1.26829
1.22552
1.22663
1.24177
1.25558
1.22535
1.22982
1.2254
1.22607
1.23835
1.2367
2.25144
1.24452
1.9067
1.2476
3.83614
2.6831
1.22502
1.225
1.23529
1.22523
2.52623
1.22943
1.98716
1.225
1.2252
1.225
1.22908
2.51292
1.22557
1.22741
1.2282
1.23258
1.225
1.225
3.15618
2.06424
2.60071
1.44531
1.71622
1.35325
1.2747
2.43923
1.96696
1.90228
1.41096
1.38737
1.26333
1.26839
2.41573
1.80615
1.71476
1.4143
1.37449
1.24837
1.25506
1.8549
1.38911
1.2299
1.22535
2.41296
1.22543
1.22604
1.225
1.22744
1.2308
1.225
1.2472
3.9255
2.16886
1.22501
1.225
1.23003
1.22522
1.23169
1.71225
1.6127
1.225
1.225
1.22511
1.22508
1.26917
1.225
1.225
1.225
1.22509
1.22522
1.225
2.51834
1.81033
1.71113
1.41687
1.37422
1.24818
1.25543
1.70811
2.35109
2.31363
1.33779
1.33676
1.2473
1.24702
3.48891
3.65673
3.21548
3.00912
2.38207
1.78135
2.37429
2.28408
1.51338
1.76183
1.27376
1.33562
1.25134
1.23586
2.93719
1.73404
2.44296
1.34392
1.48447
1.27762
1.24764
2.21744
1.373
1.54992
1.26367
1.31346
1.23819
1.23012
2.19797
1.34914
1.53239
1.25834
1.30905
1.23725
1.22919
3.60873
2.98641
3.46037
2.75183
2.07011
1.50989
2.00543
1.41563
2.17962
1.8896
1.26222
1.30669
1.24142
1.23172
1.63891
3.22778
2.55834
1.34306
1.28041
1.23922
1.62302
1.40406
1.24236
1.38382
1.23059
1.22555
1.22549
1.23132
1.29262
1.43243
1.74673
1.24501
1.22562
1.22687
1.23217
1.46638
1.25699
1.23357
1.23012
1.22594
1.22634
1.22512
1.51888
1.22787
1.31977
1.24795
1.22719
1.22556
1.30327
1.23338
1.22553
1.24506
1.22898
1.22504
1.22509
1.2266
1.23665
1.27033
1.33382
1.22868
1.22511
1.22531
1.22639
1.23224
1.22517
1.23127
1.22626
1.22504
1.22503
1.22643
1.22883
1.22511
1.29365
1.22793
1.27867
1.22683
1.22508
1.80418
2.8928
2.10589
1.27148
1.2469
1.22986
1.40657
1.22886
1.22511
1.29437
1.22784
1.27762
1.22679
1.22508
1.23217
1.44112
1.3038
1.23183
1.22519
1.22555
1.22757
1.23163
1.29944
1.29992
1.22754
1.22518
1.22518
1.22749
1.22511
1.22661
1.22504
1.22581
1.22501
1.22502
1.22529
1.22694
1.24966
1.28116
1.22683
1.22505
1.22513
1.2257
1.23269
1.22516
1.22522
1.22502
1.22502
1.22597
1.22571
1.23746
1.22658
1.25609
1.22597
1.22501
1.22534
1.22504
1.23079
1.22522
1.22516
1.22502
1.22596
1.22572
1.22502
1.23488
1.2264
1.25335
1.22587
1.22501
1.22504
1.22527
1.38625
1.22632
1.27205
1.23466
1.22593
1.22521
1.26167
1.23411
1.22511
1.22926
1.22651
1.22502
1.22503
1.22566
1.22917
1.22511
1.22917
1.22567
1.22502
1.22502
1.22566
1.22624
1.22503
1.22508
1.22537
1.225
1.22501
1.22513
1.22802
1.22502
1.22508
1.225
1.22501
1.22534
1.2251
1.22795
1.22619
1.22503
1.22547
1.225
1.22501
1.22517
1.22839
1.22639
1.22501
1.22529
1.22507
1.22531
1.23865
1.23
1.22503
1.22549
1.22501
1.22512
1.22501
1.225
1.22721
1.22501
1.2253
1.225
1.22505
1.22501
1.225
1.22549
1.22501
1.225
1.225
1.22501
1.22504
1.22518
1.22515
1.22501
1.225
1.225
1.225
1.22501
1.22517
1.22623
1.22549
1.225
1.2251
1.2251
1.22502
1.23036
1.22509
1.225
1.225
1.225
1.225
1.22501
1.22503
1.225
1.225
1.22502
1.225
1.22503
1.225
1.225
1.22515
1.225
1.225
1.225
1.22501
1.225
1.22506
1.22506
1.225
1.225
1.22505
1.225
1.225
1.225
1.225
1.22506
1.225
1.225
1.225
1.22504
1.225
1.22506
1.225
1.225
1.225
1.225
1.225
1.22506
1.22504
1.225
1.225
1.225
1.225
1.225
1.22502
1.225
1.225
1.225
1.225
1.225
1.225
1.225
1.225
1.225
1.225
1.225
1.225
1.225
1.225
1.225
1.225
1.225
1.225
1.225
1.225
1.225
1.225
1.225
1.225
1.225
1.225
1.225
1.225
1.225
1.225
1.225
1.225
1.225
1.225
1.225
1.22502
1.225
1.22501
1.225
1.225
1.225
1.225
1.225
1.225
1.225
1.225
1.225
1.225
1.225
1.225
1.225
1.22503
1.225
1.22501
1.225
1.225
1.225
1.225
1.225
1.225
1.225
1.225
1.225
1.225
1.225
1.22505
1.225
1.225
1.225
1.225
1.225
1.22501
1.225
1.225
1.225
1.225
1.225
1.225
1.225
1.225
1.225
1.225
1.225
1.225
1.225
1.225
1.225
1.225
1.225
1.225
1.225
1.225
1.225
1.225
1.225
1.225
1.225
1.225
1.225
1.225
1.225
1.225
1.225
1.225
1.225
1.225
1.225
1.225
1.225
1.225
1.225
1.225
1.225
1.225
1.22502
1.225
1.225
1.225
1.225
1.225
1.225
1.225
1.225
1.225
1.225
1.225
1.225
1.22503
1.22501
1.225
1.225
1.225
1.225
1.225
1.225
1.225
1.225
1.225
1.225
1.225
1.225
1.225
1.22504
1.225
1.225
1.225
1.225
1.225
1.225
1.22502
1.225
1.225
1.225
1.225
1.225
1.225
1.225
1.225
1.225
1.225
1.225
1.225
1.225
1.22501
1.225
1.225
1.225
1.225
1.22501
1.225
1.225
1.225
1.22501
1.225
1.225
1.22502
1.225
1.22501
1.225
1.225
1.225
1.225
1.225
1.22503
1.225
1.225
1.225
1.225
1.225
1.22501
1.225
1.225
1.225
1.225
1.225
1.225
1.225
1.22501
1.225
1.225
1.225
1.225
1.225
1.225
1.225
1.225
1.225
1.225
1.225
1.225
1.225
1.225
1.225
1.225
1.225
1.225
1.225
1.225
1.225
1.225
1.22501
1.225
1.225
1.225
1.225
1.225
1.225
1.22506
1.22501
1.225
1.225
1.225
1.225
1.225
1.225
1.225
1.22501
1.22502
1.225
1.225
1.225
1.225
1.225
1.22502
1.22501
1.225
1.225
1.225
1.225
1.225
1.22502
1.225
1.225
1.225
1.225
1.225
1.225
1.225
1.225
1.225
1.225
1.225
1.225
1.225
1.225
1.225
1.225
1.225
1.22501
1.225
1.22501
1.225
1.225
1.225
1.22501
1.22501
1.225
1.225
1.225
1.225
1.225
1.225
1.225
1.225
1.225
1.225
1.225
1.225
1.225
1.225
1.225
1.225
1.225
1.225
1.225
1.225
1.225
1.225
1.225
1.225
1.225
1.225
1.225
1.225
1.225
1.225
1.225
1.225
1.225
1.225
1.225
1.225
1.225
1.225
1.225
1.22501
1.225
1.225
1.225
1.225
1.225
1.225
1.225
1.225
1.225
1.225
1.225
1.225
1.225
1.225
1.225
1.225
1.225
1.225
1.225
1.225
1.225
1.225
1.225
1.225
1.225
1.225
1.225
1.225
1.225
1.22501
1.225
1.225
1.225
1.225
1.225
1.225
1.225
1.225
1.225
1.225
1.225
1.225
1.225
1.225
1.225
1.225
1.225
1.225
1.225
1.225
1.225
1.225
1.225
1.225
1.225
1.225
1.225
1.225
1.225
1.225
1.225
1.225
1.225
1.225
1.225
1.225
1.225
1.225
1.225
1.225
1.225
1.225
1.225
1.225
1.225
1.225
1.225
1.225
1.225
1.225
1.225
1.225
1.225
1.225
1.225
1.225
1.225
1.225
1.225
1.225
1.225
1.225
1.225
1.225
1.225
1.225
1.225
1.225
1.225
1.225
1.225
1.225
1.225
1.225
1.225
1.225
1.225
1.225
1.225
1.225
1.225
1.225
1.225
1.225
1.225
1.225
1.225
1.225
1.225
1.225
1.225
1.225
1.225
1.225
1.225
1.225
1.225
1.225
1.225
1.225
1.225
1.225
1.225
1.225
1.225
1.225
1.225
1.225
1.225
1.225
1.225
1.22501
1.225
1.225
1.225
1.225
1.225
1.225
1.22501
1.225
1.225
1.225
1.225
1.225
1.225
1.225
1.225
1.225
1.225
1.225
1.225
1.225
1.225
1.225
1.225
1.225
1.225
1.225
1.225
1.225
1.225
1.225
1.225
1.225
1.225
1.225
1.225
1.225
1.225
1.225
1.225
1.225
1.225
1.225
1.225
1.225
1.225
1.225
1.225
1.225
1.225
1.225
1.225
1.225
1.225
1.22501
1.225
1.225
1.225
1.225
1.225
1.225
1.225
1.225
1.225
1.225
1.225
1.225
1.225
1.225
1.225
1.225
1.225
1.225
1.225
1.225
1.225
1.225
1.225
1.225
1.225
1.225
1.225
1.225
1.225
1.225
1.225
1.225
1.225
1.225
1.225
1.225
1.225
1.225
1.225
1.225
1.225
1.225
1.225
1.225
1.225
1.225
1.225
1.225
1.225
1.225
1.225
1.225
1.225
1.225
1.225
1.225
1.225
1.225
1.225
1.225
1.225
1.225
1.225
1.225
1.225
1.225
1.225
1.225
1.225
1.225
1.225
1.225
1.225
1.225
1.225
1.225
1.225
1.225
1.225
1.225
1.225
1.225
1.225
1.225
1.225
1.225
1.225
1.225
1.225
1.225
1.225
1.225
1.225
1.225
1.225
1.225
1.225
1.225
1.225
1.225
1.225
1.225
1.225
1.225
1.225
1.225
1.225
1.225
1.225
1.225
1.225
1.225
1.225
1.225
1.225
1.225
1.225
1.225
1.225
1.225
1.225
1.225
1.225
1.225
1.225
1.225
1.225
1.225
1.225
1.225
1.225
1.225
1.225
1.225
1.225
1.225
1.225
1.225
1.225
1.225
1.225
1.225
1.225
1.225
1.225
1.225
1.225
1.225
1.225
1.225
1.225
1.225
1.225
1.225
1.225
1.225
1.225
1.225
1.225
1.225
1.225
1.225
1.225
1.225
1.225
1.225
1.225
1.225
1.225
1.225
1.225
1.225
1.225
1.225
1.225
1.225
1.225
1.225
1.225
1.225
1.225
1.225
1.225
1.225
1.225
1.225
1.225
1.225
1.225
1.225
1.225
1.225
1.225
1.225
1.225
1.225
1.225
1.225
1.225
1.225
1.225
1.225
1.225
1.225
1.225
1.225
1.225
1.225
1.225
1.225
1.225
1.225
1.225
1.225
1.225
1.225
1.225
1.225
1.225
1.225
1.225
1.225
1.225
1.225
1.225
1.225
1.225
1.225
1.225
1.225
1.225
1.225
1.225
1.225
1.225
1.225
1.225
1.225
1.225
1.225
1.225
1.225
1.225
1.225
1.225
1.225
1.225
1.225
1.225
1.225
1.225
1.225
1.225
1.225
1.225
1.225
1.225
1.225
1.225
1.225
1.225
1.225
1.225
1.225
1.225
1.225
1.225
1.225
1.225
1.225
1.225
1.225
1.225
1.225
1.225
1.225
1.225
1.225
1.225
1.225
1.225
1.225
1.225
1.225
1.225
1.225
1.225
1.225
1.225
1.225
1.225
1.225
1.225
)
;

boundaryField
{
    ground
    {
        type            calculated;
        value           nonuniform List<scalar> 
583
(
1.225
1.225
1.225
1.225
1.225
1.225
1.225
1.225
1.225
1.225
1.225
1.225
1.225
1.225
1.225
1.225
1.225
1.225
1.225
1.225
1.225
1.225
1.225
1.225
1.225
1.225
1.225
1.225
1.225
1.225
1.225
1.225
1.225
1.225
1.225
1.225
1.225
1.225
1.225
1.225
1.225
1.225
1.225
1.225
1.225
1.225
1.225
1.225
1.225
1.225
1.225
1.225
1.225
1.225
1.225
1.225
1.225
1.225
1.225
1.225
1.225
1.225
1.225
1.225
1.225
1.225
1.225
1.225
1.225
1.225
1.225
1.225
1.225
1.225
1.225
1.225
1.225
1.225
1.225
1.225
1.225
1.225
1.225
1.225
1.225
1.225
1.225
1.225
1.225
1.225
1.225
1.225
1.225
1.225
1.225
1.225
1.225
1.225
1.225
1.225
1.225
1.225
1.225
1.225
1.225
1.225
1.225
1.225
1.225
1.225
1.225
1.225
1.225
1.225
1.225
1.225
1.225
1.225
1.225
1.225
1.225
1.225
1.225
1.225
1.22501
1.225
1.225
1.22886
1.2258
1.225
1.225
1.225
1.225
1.225
1.225
1.225
1.225
1.22505
1.225
1.225
1.225
1.225
1.225
1.225
1.225
1.225
1.225
1.225
1.225
1.225
1.225
1.225
1.225
1.225
1.225
1.225
1.225
1.225
1.225
1.225
1.225
1.225
1.225
1.225
1.225
1.225
1.225
1.225
1.225
1.225
1.225
1.225
1.225
1.225
1.225
1.225
1.225
1.225
1.225
1.225
1.225
1.225
1.225
1.225
1.225
1.225
1.225
1.225
1.225
1.225
1.225
1.225
1.225
1.225
1.225
1.225
1.225
1.225
1.225
1.225
1.225
1.225
1.225
1.225
1.225
1.225
1.225
1.225
1.225
1.225
1.225
1.225
1.225
1.225
1.225
1.225
1.225
1.225
1.225
1.225
1.225
1.225
1.225
1.225
1.225
1.225
1.225
1.225
1.225
1.225
1.225
1.225
1.225
1.225
1.225
1.225
1.225
1.225
1.225
1.225
1.225
1.225
1.225
1.225
1.225
1.225
1.225
1.225
1.225
1.225
1.225
1.225
1.225
1.225
1.225
1.225
1.225
1.225
1.225
1.225
1.225
1.225
1.225
1.225
1.225
1.225
1.225
1.225
1.225
1.225
1.225
1.225
1.225
1.225
1.225
1.225
1.225
1.225
1.225
1.225
1.225
1.225
1.225
1.225
1.225
1.225
1.225
1.225
1.225
1.225
1.225
1.225
1.22506
2.43171
2.33055
1.225
1.225
1.225
1.225
1.225
1.22502
2.04346
1.26213
1.22543
1.22866
1.225
1.71219
1.22501
1.225
2.52582
1.34372
1.32561
1.30737
1.3379
2.4981
1.39184
1.22501
1.225
1.225
1.44173
1.225
1.225
1.28785
1.225
1.68396
1.24357
1.27017
1.225
1.23044
1.225
1.22522
1.225
1.225
1.225
1.2251
1.225
1.22594
1.23009
1.38807
1.24294
1.22561
1.25059
1.2282
1.22506
1.22508
1.225
1.225
1.225
1.22508
1.2287
1.22759
1.22824
1.2289
1.22508
1.22507
1.22505
1.22756
1.23635
1.22523
1.22961
1.23422
1.22521
1.23188
1.22659
1.22507
1.2288
1.22501
1.22504
1.2269
1.225
1.225
1.225
1.22627
1.22544
1.22501
1.22626
1.22502
1.22501
1.22549
1.22501
1.2251
1.225
1.225
1.225
1.225
1.225
1.225
1.22574
1.22501
1.225
1.225
1.22501
1.22539
1.225
1.22501
1.22545
1.22504
1.225
1.225
1.225
1.225
1.225
1.22508
1.225
1.225
1.225
1.225
1.225
1.225
1.225
1.225
1.225
1.2251
1.22502
1.22514
1.225
1.225
1.225
1.225
1.22523
1.22514
1.225
1.225
1.225
1.225
1.22502
1.225
1.27786
2.16888
2.08078
1.22503
1.22503
1.96625
1.22502
1.225
2.2508
1.29455
1.28467
1.27502
1.2922
2.23396
1.23428
1.225
1.225
1.26396
1.24419
1.6926
1.4224
1.23138
1.22641
1.22504
1.22707
1.22647
1.22679
1.22714
1.22504
1.22501
1.22546
1.22608
1.22519
1.22502
1.22598
1.22502
1.22513
1.225
1.34255
4.16242
3.95185
1.25605
4.11479
3.66642
3.72729
3.34964
3.54691
4.04481
1.24338
4.07928
4.1784
1.33686
3.72111
3.64966
4.17395
4.15463
3.51655
3.25451
2.52043
2.42601
1.32449
1.28875
2.20246
1.88103
1.30663
2.32565
2.49298
1.68023
2.03901
1.26977
1.23529
3.83614
2.25144
1.22502
1.22501
1.80418
3.9255
1.23003
3.65673
2.37429
3.00912
2.75183
2.00543
3.60873
1.28041
1.62302
3.22778
1.51888
1.30327
1.22719
2.8928
1.40657
1.2469
1.22593
1.26167
1.38625
1.22529
1.23865
1.22639
1.22549
1.23036
1.2251
1.225
1.225
1.225
1.225
1.225
1.22503
1.225
1.225
1.22503
1.22506
1.225
1.225
1.225
1.225
1.225
1.225
1.225
1.225
1.225
1.225
1.225
1.225
1.225
1.225
1.225
1.225
1.225
1.225
1.225
1.225
1.225
1.225
1.225
1.225
1.225
1.225
1.225
1.225
1.225
1.225
1.225
1.225
1.225
1.225
1.225
1.225
1.225
1.225
1.225
1.225
1.225
1.225
1.225
1.225
)
;
    }
    outlet
    {
        type            calculated;
        value           uniform 1.225;
    }
    wall
    {
        type            calculated;
        value           nonuniform List<scalar> 0();
    }
    wall2
    {
        type            calculated;
        value           nonuniform List<scalar> 0();
    }
    wall3
    {
        type            calculated;
        value           nonuniform List<scalar> 0();
    }
    internalPatch
    {
        type            internal;
    }
    procBoundary3to0
    {
        type            processor;
        value           nonuniform List<scalar> 
157
(
1.225
1.225
1.225
1.225
1.225
1.225
1.225
1.225
1.225
1.225
1.225
1.225
1.225
1.225
1.225
1.225
1.225
1.225
1.225
1.225
1.225
1.225
1.225
1.22502
1.22528
1.2276
1.23685
1.25336
1.26639
1.26971
1.271
1.30027
1.47581
1.81449
1.25229
1.22571
1.22501
1.225
1.225
1.225
1.225
1.225
1.225
1.225
1.225
1.225
1.225
1.225
1.225
1.225
1.225
1.225
1.225
1.225
1.225
1.225
1.225
1.225
1.225
1.225
1.225
1.225
1.225
1.225
1.225
1.225
1.225
1.225
1.225
1.225
1.225
1.225
1.225
1.225
1.225
1.225
1.225
1.225
1.225
1.225
1.225
1.225
1.225
1.225
1.22501
1.22506
1.22535
1.22598
1.22655
1.2267
1.2267
1.22762
1.2344
1.22522
1.225
1.225
1.225
1.225
1.225
1.225
1.225
1.225
1.225
1.225
1.225
1.225
1.225
1.225
1.225
1.225
1.225
1.225
1.225
1.225
1.225
1.225
1.225
1.225
1.225
1.225
1.225
1.225
1.225
1.225
1.225
1.225
1.225
1.225
1.225
1.225
1.225
1.225
1.225
1.22501
1.22502
1.22504
1.22505
1.22505
1.22506
1.225
1.225
1.225
1.225
1.225
1.225
1.225
1.225
1.225
1.225
1.225
1.225
1.225
1.225
1.225
1.225
1.225
1.225
)
;
    }
    procBoundary3to1
    {
        type            processor;
        value           nonuniform List<scalar> 
67
(
1.225
1.225
1.225
1.225
1.225
1.225
1.225
1.225
1.225
1.225
1.225
1.225
1.225
1.225
1.225
1.225
1.225
1.225
1.225
1.22509
1.225
1.225
1.225
1.225
1.225
1.225
1.225
1.225
1.225
1.225
1.225
1.225
1.225
1.225
1.225
1.225
1.225
1.225
1.225
1.225
1.225
1.225
1.225
1.225
1.225
1.225
1.225
1.225
1.225
1.225
1.225
1.225
1.225
1.225
1.225
1.225
1.225
1.225
1.225
1.225
1.225
1.225
1.225
1.225
1.225
1.225
1.225
)
;
    }
    procBoundary3to2
    {
        type            processor;
        value           nonuniform List<scalar> 
213
(
1.225
1.225
1.225
1.225
1.225
1.225
1.225
1.225
1.225
1.225
1.225
1.225
1.225
1.225
1.225
1.225
1.225
1.225
1.225
1.225
1.225
1.225
1.225
1.225
1.225
1.225
1.225
1.225
1.225
1.225
1.225
1.225
1.225
1.225
1.225
1.225
1.225
1.225
1.225
1.225
1.225
1.225
1.225
1.225
1.225
1.225
1.225
1.225
1.225
1.225
1.225
1.225
1.225
1.225
1.225
1.225
1.225
1.225
1.225
1.225
1.225
1.225
1.225
1.225
1.225
1.225
1.225
1.225
1.225
1.225
1.225
1.225
1.225
1.225
1.225
1.225
1.225
1.225
1.225
1.225
1.225
1.225
1.225
1.225
1.225
1.225
1.225
1.225
1.225
1.225
1.225
1.225
1.225
1.225
1.225
1.225
1.225
1.225
1.225
1.225
1.225
1.225
1.225
1.22504
1.22693
1.28951
2.20806
1.70993
1.36468
1.29037
1.28167
1.27395
1.25785
1.23911
1.22821
1.22537
1.22502
1.225
1.225
1.225
1.22504
1.2266
1.27061
1.93138
1.62649
1.35955
1.25251
1.22585
1.22502
1.225
1.225
1.225
1.225
1.225
1.225
1.225
1.225
1.225
1.225
1.225
1.225
1.225
1.225
1.225
1.225
1.225
1.225
1.225
1.225
1.225
1.225
1.225
1.225
1.225
1.225
1.225
1.225
1.225
1.225
1.225
1.225
1.22501
1.22558
1.24722
1.23007
1.2275
1.22722
1.22688
1.22616
1.22542
1.22508
1.22501
1.225
1.225
1.225
1.225
1.225
1.225
1.225
1.225
1.225
1.225
1.22501
1.22557
1.24384
1.22997
1.22514
1.225
1.225
1.225
1.225
1.225
1.225
1.225
1.225
1.225
1.225
1.225
1.225
1.225
1.22513
1.22507
1.22506
1.22505
1.22503
1.22501
1.225
1.225
1.225
1.225
1.225
1.225
1.225
)
;
    }
    procBoundary3to4
    {
        type            processor;
        value           nonuniform List<scalar> 
800
(
1.225
1.225
1.225
1.225
1.225
1.225
1.225
1.225
1.225
1.225
1.225
1.225
1.225
1.22501
1.225
1.225
1.225
1.225
1.225
1.225
1.225
1.225
1.225
1.225
1.225
1.225
1.22503
1.22646
1.2251
1.2251
1.225
1.225
1.225
1.225
1.225
1.22501
1.22524
1.22518
1.22913
1.2251
1.225
1.225
1.225
1.225
1.22501
1.22514
1.22501
1.22507
1.225
1.225
1.225
1.22501
1.22535
1.2388
1.24062
1.22655
1.22504
1.225
1.225
1.225
1.225
1.225
1.22501
1.22501
1.225
1.225
1.225
1.225
1.22501
1.22518
1.23069
1.31774
1.28699
1.22665
1.22503
1.225
1.225
1.22501
1.22517
1.22654
1.2252
1.2252
1.22598
1.22917
1.22538
1.22502
1.225
1.225
1.22505
1.22724
1.29997
1.31557
1.22827
1.22546
1.22501
1.225
1.225
1.225
1.225
1.225
1.225
1.2251
1.22513
1.225
1.225
1.225
1.225
1.225
1.225
1.2251
1.22851
1.27101
1.96265
1.74183
1.24332
1.22543
1.22501
1.22501
1.22514
1.22653
1.23565
1.22628
1.22503
1.225
1.225
1.22502
1.2258
1.22709
1.23696
1.22632
1.22509
1.225
1.225
1.22522
1.23388
1.48458
1.55019
1.23944
1.22543
1.22509
1.225
1.225
1.225
1.225
1.225
1.225
1.225
1.225
1.225
1.225
1.22503
1.2262
1.22652
1.22505
1.225
1.225
1.225
1.225
1.225
1.225
1.225
1.225
1.225
1.22504
1.22654
1.24059
1.57966
2.83642
2.54891
1.34492
1.22832
1.22507
1.22507
1.22598
1.23338
1.26864
1.23009
1.22512
1.225
1.225
1.225
1.225
1.225
1.225
1.22505
1.22511
1.22906
1.24898
1.22808
1.22525
1.22501
1.22501
1.22563
1.24823
1.75669
1.87676
1.26501
1.22638
1.22504
1.22501
1.22501
1.225
1.225
1.225
1.225
1.225
1.225
1.225
1.225
1.225
1.225
1.225
1.225
1.22518
1.23132
1.23293
1.22527
1.22501
1.225
1.225
1.225
1.225
1.225
1.225
1.225
1.225
1.225
1.225
1.22504
1.22546
1.22546
1.22827
1.31561
2.24886
3.20916
3.00174
1.66943
1.24074
1.22538
1.22538
1.22915
1.25327
1.34633
1.2389
1.22539
1.22501
1.225
1.225
1.225
1.225
1.225
1.225
1.225
1.225
1.225
1.225
1.22517
1.23119
1.2612
1.23021
1.22547
1.22503
1.22503
1.22621
1.2659
1.97563
2.12145
1.29896
1.2278
1.22508
1.22508
1.22504
1.22586
1.22526
1.22505
1.22501
1.22512
1.22501
1.22512
1.22501
1.22505
1.225
1.22501
1.225
1.225
1.22501
1.22548
1.24043
1.24411
1.22572
1.22502
1.225
1.225
1.22502
1.22501
1.22518
1.22503
1.22574
1.22506
1.22631
1.22507
1.2261
1.23635
1.29371
1.22827
1.88234
2.66751
2.9404
3.02872
3.09691
3.19798
3.39091
3.8126
3.94753
4.39194
4.2908
4.06915
3.53945
2.32558
1.36083
1.23183
1.22521
1.22521
1.2342
1.47645
2.96723
2.74942
1.36203
1.22884
1.22507
1.22507
1.22661
1.24718
1.4089
2.01159
2.75778
3.25849
3.5196
3.65199
3.72313
3.7292
3.66808
3.22456
2.72254
2.28442
2.17475
2.1018
1.94953
1.68579
1.37469
1.24845
1.22684
1.22508
1.22508
1.22795
1.30289
2.14811
2.00577
1.81381
1.55422
1.33743
1.24937
1.22565
1.22501
1.225
1.225
1.22501
1.22512
1.22655
1.22529
1.22501
1.225
1.225
1.225
1.225
1.225
1.225
1.225
1.225
1.225
1.225
1.225
1.225
1.225
1.225
1.225
1.225
1.225
1.225
1.225
1.225
1.225
1.225
1.225
1.225
1.225
1.225
1.225
1.225
1.225
1.22505
1.22551
1.22501
1.225
1.225
1.225
1.225
1.225
1.225
1.225
1.225
1.22501
1.22501
1.22501
1.22501
1.22501
1.22501
1.22501
1.22501
1.22501
1.22501
1.225
1.225
1.225
1.22508
1.22765
1.28992
1.28196
1.26752
1.25192
1.22589
1.22502
1.225
1.225
1.225
1.225
1.225
1.225
1.225
1.225
1.225
1.225
1.225
1.225
1.225
1.22521
1.23246
1.26878
1.23161
1.22562
1.22504
1.22504
1.22661
1.27779
2.0897
2.24754
1.32285
1.22882
1.22511
1.22511
1.22741
1.22677
1.24793
1.23713
1.22916
1.22594
1.23356
1.22634
1.23173
1.2257
1.22684
1.22513
1.22518
1.22501
1.225
1.225
1.22502
1.22566
1.24564
1.25035
1.22599
1.22503
1.225
1.225
1.22503
1.22566
1.22548
1.23487
1.22897
1.28622
1.23822
1.37914
1.24336
1.3838
2.01472
2.56854
2.78404
2.88174
2.95355
3.11896
3.58412
3.87293
3.57525
2.7656
1.62541
1.25491
1.22628
1.22504
1.22504
1.2267
1.279
2.03644
1.88562
1.25518
1.22574
1.22501
1.22501
1.22532
1.22993
1.27214
1.5134
2.0759
2.63282
2.98868
3.17561
3.27035
3.28363
2.80504
2.37895
2.26922
2.196
2.04016
1.76489
1.41372
1.25499
1.22741
1.22511
1.22511
1.22884
1.32346
2.25135
2.09677
1.27865
1.26895
1.2523
1.23694
1.22846
1.22508
1.225
1.225
1.22504
1.22558
1.23087
1.22606
1.22502
1.225
1.225
1.225
1.225
1.225
1.225
1.225
1.225
1.225
1.225
1.225
1.225
1.225
1.225
1.225
1.225
1.225
1.225
1.225
1.225
1.225
1.225
1.225
1.225
1.225
1.225
1.225
1.225
1.225
1.225
1.22501
1.22501
1.22501
1.22501
1.22501
1.22501
1.22501
1.22501
1.22501
1.22501
1.22501
1.225
1.225
1.225
1.22506
1.22727
1.22659
1.22504
1.225
1.225
1.225
1.225
1.225
1.225
1.225
1.225
1.225
1.225
1.225
1.225
1.225
1.225
1.225
1.22521
1.23251
1.26938
1.23173
1.22563
1.22504
1.22504
1.22663
1.22631
1.22576
1.2253
1.22501
1.22501
1.22513
1.22674
1.23996
1.2275
1.22506
1.225
1.225
1.225
1.225
1.225
1.225
1.225
1.225
1.22501
1.22501
1.22501
1.22501
1.22501
1.22501
1.22501
1.225
1.225
1.225
1.225
1.225
1.225
1.225
1.225
1.225
1.225
1.225
1.225
1.22518
1.23147
1.26331
1.23063
1.22551
1.22503
1.22503
1.22502
1.22502
1.2253
1.22862
1.25205
1.2295
1.22512
1.225
1.225
1.225
1.225
1.225
1.225
1.22501
1.22501
1.22501
1.22501
1.22501
1.22501
1.225
1.225
1.225
1.225
1.225
1.225
1.25515
1.41522
1.37287
1.30838
1.25818
1.35438
1.26224
1.30712
1.24151
1.24754
1.22756
1.22753
1.22518
1.22501
1.225
1.225
1.22502
1.22567
1.24606
1.25097
1.22601
1.22503
1.225
1.225
1.22503
1.22566
1.2384
1.23832
1.40758
1.36466
2.08165
1.768
2.2131
2.23483
2.3148
2.93022
1.78717
1.27701
1.22778
1.2251
1.225
1.225
1.22513
1.22976
1.34738
1.31765
1.22781
1.22506
1.225
1.225
1.22503
1.22556
1.23195
1.27842
1.48793
1.93868
2.36003
2.63626
2.7807
2.36295
2.26101
2.19465
2.04225
1.76826
1.68178
1.52466
1.74855
1.49618
1.58596
1.33797
1.33969
1.24739
1.248
1.22761
1.22519
1.22501
1.225
1.225
1.22502
1.22575
1.24972
1.25602
1.22617
1.22503
1.225
1.225
1.22503
1.22575
1.24018
1.42912
1.4085
1.34591
1.62527
1.97229
2.22544
2.13815
2.08239
1.93936
1.87443
1.913
1.60179
1.225
1.225
1.225
1.225
)
;
    }
    procBoundary3to5
    {
        type            processor;
        value           nonuniform List<scalar> 
811
(
1.225
1.225
1.225
1.225
1.225
1.225
1.225
1.225
1.225
1.225
1.225
1.225
1.225
1.225
1.225
1.225
1.225
1.22501
1.225
1.225
1.225
1.225
1.225
1.225
1.225
1.225
1.225
1.225
1.225
1.225
1.225
1.225
1.225
1.225
1.225
1.225
1.225
1.225
1.225
1.225
1.225
1.225
1.225
1.22509
1.22731
1.22517
1.22501
1.225
1.22501
1.225
1.225
1.225
1.225
1.22501
1.225
1.22502
1.22501
1.225
1.225
1.225
1.225
1.225
1.225
1.225
1.225
1.225
1.225
1.225
1.225
1.225
1.22502
1.22525
1.22502
1.22512
1.22501
1.22504
1.225
1.225
1.225
1.225
1.225
1.225
1.22516
1.22502
1.22585
1.24491
1.48011
1.26078
1.2281
1.22517
1.22695
1.22509
1.225
1.225
1.225
1.225
1.22514
1.22943
1.22539
1.22529
1.22501
1.225
1.225
1.225
1.225
1.225
1.225
1.225
1.225
1.225
1.225
1.225
1.225
1.225
1.225
1.22501
1.22523
1.22502
1.22531
1.22745
1.2371
1.22655
1.23085
1.22558
1.22673
1.22512
1.22501
1.225
1.225
1.225
1.225
1.22502
1.22564
1.24374
1.22996
1.32431
2.00809
2.73368
2.19851
1.50874
1.25452
1.35957
1.23538
1.22552
1.22502
1.225
1.225
1.22502
1.22586
1.24862
1.24288
1.22831
1.22508
1.225
1.225
1.225
1.225
1.225
1.225
1.225
1.225
1.225
1.225
1.225
1.225
1.225
1.225
1.225
1.225
1.225
1.225
1.22503
1.22501
1.2251
1.22631
1.22526
1.22526
1.2273
1.23969
1.27958
1.36496
1.26065
1.30021
1.2399
1.25188
1.2286
1.2253
1.22502
1.225
1.225
1.225
1.225
1.22505
1.22675
1.27026
1.82511
1.54365
2.48401
2.96322
3.06061
2.95462
2.6873
2.00668
2.34802
1.53145
1.2514
1.22646
1.22506
1.225
1.225
1.22507
1.22738
1.28197
1.269
1.22645
1.22551
1.22501
1.225
1.225
1.22501
1.22511
1.22502
1.22523
1.22502
1.225
1.225
1.225
1.225
1.225
1.225
1.225
1.225
1.225
1.225
1.225
1.225
1.225
1.225
1.225
1.225
1.22509
1.22627
1.22544
1.22964
1.22587
1.22502
1.22501
1.22501
1.22503
1.22655
1.23083
1.24001
1.25295
1.48492
1.59271
1.35116
1.39715
1.26301
1.23058
1.2255
1.22503
1.225
1.225
1.225
1.225
1.22509
1.22818
1.30238
2.04051
2.89993
2.76074
3.07751
3.07563
2.97128
3.044
3.01892
2.85461
2.94485
2.50858
1.64199
1.26298
1.22719
1.22509
1.225
1.225
1.22511
1.22852
1.30533
1.28732
1.22717
1.22506
1.22504
1.225
1.225
1.22502
1.22531
1.22868
1.22636
1.2357
1.22711
1.2252
1.22501
1.22507
1.225
1.22501
1.22503
1.22506
1.225
1.225
1.225
1.225
1.225
1.225
1.225
1.225
1.225
1.225
1.22502
1.22501
1.22521
1.22753
1.24476
1.23619
1.22694
1.22505
1.225
1.225
1.225
1.225
1.225
1.225
1.22515
1.22544
1.22595
1.22661
1.26764
1.28087
1.67234
1.71111
1.42219
1.26904
1.23168
1.22562
1.22504
1.225
1.225
1.225
1.225
1.22512
1.2291
1.3232
2.14629
2.96663
3.16049
3.13295
3.04797
2.86736
2.76353
2.91054
3.04366
3.07217
3.17154
3.04149
2.59419
1.68638
1.26751
1.22745
1.2251
1.225
1.225
1.22512
1.2289
1.31434
1.29387
1.22739
1.22506
1.225
1.225
1.225
1.22503
1.22548
1.23055
1.26319
1.25149
1.33679
1.27337
1.23619
1.22621
1.22958
1.22529
1.2258
1.2265
1.22695
1.22508
1.22508
1.225
1.225
1.225
1.22506
1.2264
1.24431
1.35577
1.656
1.91825
2.06407
2.11493
2.17235
2.49987
3.03695
3.53149
3.6176
3.61182
3.54478
3.40883
3.1862
2.80056
2.17183
1.51532
1.2654
1.22847
1.22518
1.22518
1.23418
1.52364
3.1569
3.3709
1.79881
1.25173
1.22567
1.22567
1.24542
1.57712
2.8508
3.70049
3.96776
4.04992
4.07654
4.11425
4.16734
4.20764
4.2397
4.28616
4.35476
4.41489
4.42525
3.89762
3.81179
3.43051
3.21982
3.1008
3.0801
3.07866
2.95733
2.4246
1.48784
1.2395
1.22548
1.22548
1.23884
1.48527
2.53166
1.35854
1.22902
1.22509
1.22509
1.22632
1.23694
1.2894
1.46595
1.58377
1.67226
1.71616
1.42311
1.26894
1.23163
1.22562
1.22504
1.225
1.225
1.225
1.225
1.22512
1.22912
1.32382
2.15036
2.97144
3.16435
3.02915
3.02925
2.80533
2.67099
2.67456
2.78395
2.96467
3.13208
3.31956
3.36307
3.23963
2.75473
1.75228
1.27536
1.22788
1.22511
1.225
1.225
1.22514
1.22959
1.33206
1.30541
1.2277
1.22507
1.225
1.225
1.225
1.22503
1.22553
1.23105
1.26661
1.40304
1.38727
1.65146
1.54231
1.37332
1.26202
1.30945
1.23678
1.24576
1.25122
1.25059
1.22691
1.39628
1.74509
2.0252
2.17751
2.23532
2.30122
2.64183
3.14562
3.15333
3.08501
2.92311
2.64264
2.1932
1.6478
1.30929
1.23546
1.22579
1.22504
1.22504
1.22701
1.29983
2.34987
2.57264
1.37919
1.23053
1.22513
1.22513
1.22925
1.31331
2.06752
3.17656
3.64233
3.75965
3.72706
3.65384
3.59747
3.55723
3.54255
3.57291
3.66397
3.78921
3.65523
3.29219
3.04818
2.95734
2.99826
3.09092
3.082
2.74506
1.78891
1.26535
1.22651
1.22504
1.22501
1.22501
1.22538
1.2339
1.22522
1.225
1.225
1.22501
1.22525
1.22809
1.24901
1.34119
1.39207
1.26134
1.23024
1.22547
1.22503
1.225
1.225
1.225
1.225
1.22509
1.22804
1.29974
2.02996
2.89699
3.13537
3.05128
2.87431
2.8038
2.6743
2.68915
2.94649
2.92324
3.01682
3.17277
3.49235
3.63207
3.71456
3.65163
3.30374
2.32915
1.39624
1.23547
1.2254
1.22501
1.22501
1.22551
1.24282
1.60748
1.50182
1.23416
1.22521
1.225
1.225
1.22509
1.22503
1.22556
1.23131
1.26873
1.41745
1.71761
1.68761
1.96421
1.91329
1.77605
1.53759
1.68125
1.36614
1.40112
1.75549
2.03616
2.18669
2.24455
2.30653
2.65374
2.56494
2.35869
2.02569
1.61114
1.32148
1.24041
1.22648
2.01331
2.21283
2.15204
2.09551
1.94903
3.36761
3.29569
3.32498
3.45856
3.08744
2.82728
2.7813
1.225
1.225
1.225
1.22501
1.225
1.225
1.225
1.225
1.225
1.225
1.225
1.225
1.28835
1.22759
1.22507
1.225
1.225
1.225
1.22501
1.22501
1.22501
1.22501
1.22501
1.22501
1.22501
1.22501
1.22501
1.225
1.225
1.225
1.225
1.225
1.225
1.22512
1.22942
1.25143
1.22869
1.22533
1.22502
1.225
1.225
1.225
1.22502
1.22503
1.22542
1.22534
1.22883
1.2524
1.22961
1.22832
1.22509
1.225
1.225
1.225
1.225
1.225
1.225
1.225
1.225
1.225
1.22501
1.22502
1.22504
1.22506
1.22724
1.225
1.225
1.225
1.22501
1.22501
1.22501
1.22501
1.22501
1.22501
1.22501
1.225
1.225
1.225
1.225
1.225
1.225
1.22514
1.23017
1.256
1.22949
1.22541
1.22954
1.2564
1.23026
1.22514
1.22512
1.225
1.225
1.225
1.225
1.225
1.225
1.225
1.225
1.225
1.225
1.225
1.225
1.225
1.225
1.225
1.22501
1.22501
1.22501
1.22501
1.22501
1.225
1.225
1.225
1.225
1.225
1.225
1.225
1.225
1.225
1.225
1.225
1.225
1.225
1.225
1.225
1.22501
1.225
1.225
1.225
1.225
1.225
1.225
)
;
    }
}


// ************************************************************************* //
