/*--------------------------------*- C++ -*----------------------------------*\
  =========                 |
  \\      /  F ield         | OpenFOAM: The Open Source CFD Toolbox
   \\    /   O peration     | Website:  https://openfoam.org
    \\  /    A nd           | Version:  9
     \\/     M anipulation  |
\*---------------------------------------------------------------------------*/
FoamFile
{
    format      ascii;
    class       volScalarField;
    location    "0.00065";
    object      T;
}
// * * * * * * * * * * * * * * * * * * * * * * * * * * * * * * * * * * * * * //

dimensions      [0 0 0 1 0 0 0];

internalField   nonuniform List<scalar> 
6364
(
844.352
158.114
821.678
162.502
862.597
885.167
196.537
190.748
443.24
452.072
837.125
848.434
456.709
449.772
836.522
182.924
182.754
159.499
157.705
184.082
160.995
181.91
272.368
831.532
271.988
838.167
204.681
441.166
823.107
175.429
160.827
175.437
163.931
162.911
162.506
186.79
460.236
845.796
282.398
273.953
844.71
206.152
834.643
477.017
873.412
471.781
451.333
863.659
465.702
850.267
179.796
162.683
163.646
175.991
164.166
163.452
162.577
189.831
161.52
161.773
184.127
158.244
187.137
161.147
161.198
162.355
161.027
163.016
161.728
162.699
161.002
162.881
192.917
168.167
191.419
166.902
185.846
165.43
165.244
188.68
161.331
184.144
187.025
162.986
163.756
160.956
158.58
160.533
160.268
159.387
160.802
158.469
159.559
156.417
158.924
157.496
158.121
158.449
157.24
160.399
159.76
161.07
159.482
160.023
160.08
158.888
507.978
250.141
283.112
534.749
543.424
261.566
498.544
507.535
533.648
249.879
283.036
497.572
261.412
542.901
714.704
845.757
662.817
846.367
693.894
694.928
857.067
410.509
211.594
211.516
394.01
396.612
220.427
397.259
159.705
168.48
159.265
177.799
159.522
171.575
160.237
160.188
161.204
161.195
161.204
160.466
161.483
160.44
159.701
159.256
168.523
177.787
160.241
171.551
159.53
162.645
164.016
162.961
164.02
162.934
162.942
163.749
160.841
163.405
163.448
161.809
161.393
165.151
161.385
161.204
161.033
162.358
163.026
161.01
161.744
162.702
160.842
184.991
161.989
184.837
162.311
181.264
162.288
525.034
295.562
553.087
257.661
564.722
513.841
269.817
518.982
290.371
251.98
540.039
503.338
556.22
266.64
731.291
864.044
668.675
854.865
710.333
702.015
875.536
421.167
216.071
213.235
397.266
407.134
401.053
224.702
161.444
183.016
162.036
171.42
162.739
161.728
174.841
162.007
163.899
162.711
162.354
162.844
162.378
162.384
162.436
162.757
163.608
163.549
162.944
162.662
163.341
160.659
180.215
169.015
159.641
160.442
173.502
160.925
163.015
164.385
163.191
164.015
163.4
162.989
164.018
161.348
165.174
163.963
162.005
161.939
161.48
166.795
161.91
162.834
161.225
163.01
161.801
161.761
163.008
163.036
163.238
161.414
161.875
161.821
163.027
160.914
168.251
187.993
190.132
161.823
164.505
191.738
165.067
161.372
158.412
159.791
157.768
159.05
159.661
159.248
161.495
161.775
159.967
159.7
159.176
160.991
160.883
1294.49
1248.83
846.496
664.134
1138.14
1183.87
461.224
925.232
692.393
880.671
902.512
1035.43
1048.39
1171.37
1161.1
755.117
1011.98
947.601
1123.11
1076.35
1197.55
1247.16
330.51
1113.52
211.2
985.863
474.011
316.479
151.744
148.633
147.875
143.916
143.301
143.115
143.434
164.523
161.305
160.399
142.904
142.622
153.301
145.675
173.793
197.001
334.349
189.16
184.799
245.793
487.189
515.996
234.094
199.281
155.304
158.333
212.273
338.698
370.267
202.057
380.758
201.316
231.099
280.136
688.926
581.53
360.823
244.059
192.56
167.731
241.153
567.685
443.236
317.44
409.325
1004.93
648.35
734.882
681.831
764.071
379.611
478.122
862.324
1044.72
917.211
755.023
828.331
594.004
1066.58
1261.72
1080.23
1310.16
1409.83
1415.87
1301.02
1249.16
1179.56
1256.03
1322.41
1110.17
1103
1317.7
1111.92
1355.04
1172.18
1333.24
1440.1
1426.85
1374.53
1297.4
1165.39
1271.7
1331.99
1022.92
1076.91
1346.01
665.162
491.865
429.572
1153.51
350.265
1180.55
1180.78
1204.84
338.011
312.943
322.226
643.246
662.588
716.123
693.354
382.6
377.691
342.058
770.018
701.328
762.332
836.776
514.247
408.722
392.512
808.593
909.681
928.903
785.459
568.303
518.144
445.209
856.873
1021.47
967.444
926.983
1013.02
1158.2
1025.14
1059.23
1172.84
1045.54
1176.84
1087.42
1168.05
1048.67
1084.8
1191.58
1184.4
1124.56
1112.48
1170.31
1193.78
1203.28
1180.54
1099.75
1195.93
1137.43
1235.16
1194.82
1196.52
1202.05
1198.32
1175.05
144.317
239.554
144.814
321.35
148.9
142.53
197.276
218.728
150.34
143.877
143.017
142.32
148.034
146.74
142.894
143.824
146.471
141.492
141.095
141.702
141.523
144.505
144.354
144.989
144.329
142.683
146.042
145.046
143.012
194.159
187.872
189.912
152.502
152.504
154.045
153.578
147.335
143.075
143.369
142.473
143.048
142.319
143.448
205.309
204.333
194.749
158.705
155.28
153.03
155.378
247.582
213.111
208.588
167.681
165.729
158.125
157.165
269.473
248.257
223.915
172.917
185.514
166.769
160.529
968.218
194.493
931.837
161.558
879.758
919.827
192.12
191.986
195.327
160.333
195.832
163.668
195.086
195.956
162.6
476.212
868.034
463.998
485.611
887.082
482.538
896.832
189.563
162.065
162.743
195.227
162.209
194.37
163.915
191.879
192.924
159.987
161.239
163.195
194.016
162.277
171.588
192.299
164.858
197.749
168.852
197.896
167.462
164.707
163.906
162.624
162.363
162.898
162.434
164.252
163.975
162.153
162.907
162.074
162.302
162.752
162.843
164.256
161.198
164.206
161.779
162.695
162.789
162
194.254
155.12
158.018
192.365
157.565
193.836
160.666
494.444
902.917
485.714
891.72
481.638
489.289
907.74
923.431
502.032
498.566
493.031
904.876
490.49
912.987
946.209
520.472
509.011
939.83
505.168
497.679
924.34
1014.48
149.948
198.669
959.719
196.095
739.02
186.037
651.719
161.722
154.041
150.001
145.846
172.584
153.487
217.692
168.054
196.366
158.286
159.42
198.989
157.489
198.356
156.529
155.506
152.037
153.216
148.885
152.042
150.794
149.996
196.382
155.411
156.503
205.634
153.811
200.858
154.758
151.85
148.506
150.105
146.72
145.604
146.905
148.571
948.903
516.381
510.784
542.422
991.725
533.605
1006.51
150.863
148.449
147.819
147.25
145.429
148.147
144.671
159.275
232.267
225.674
206.335
153.78
203.695
153.197
151.728
152.982
151.254
145.573
147.654
146.747
146.249
980.328
546.23
527.468
1081.81
588.555
559.674
1035.57
147.597
148.577
146.801
145.463
144.53
145.977
143.88
167.804
282.753
247.904
226.145
156.861
212.361
153.13
1153.99
1133.73
635.455
586.411
1055.09
573.875
1073.87
158.328
171.291
157.687
148.496
148.459
145.6
146.193
163.643
157.114
154.799
145.69
145.552
145.953
146.216
684.728
1248.89
1193.51
1164.99
651.258
610.842
1110.4
181.556
183.547
163.818
151.193
159.904
146.428
149.415
151.645
158.569
152.044
146.583
162.466
156.875
158.89
151.6
157.636
156.888
156.182
160.888
154.729
159.61
159.152
162.954
161.783
162.455
160.145
162.413
161.714
161.467
158.948
161.504
154.633
156.892
159.723
157.734
159.837
160.598
155.011
156.655
157.025
154.447
158.634
152.967
163.295
162.918
163.351
162.502
162.665
160.686
163.734
164.555
163.085
163.058
162.328
162.995
163.118
163.485
163.19
162.929
162.791
162.266
162.831
160.115
163.344
163.183
161.401
161.702
161.692
161.975
162.179
160.23
154.404
149.816
152.359
154.148
151.954
155.102
157.292
153.741
156.585
147.927
149.791
152.592
154.593
150.592
153.185
149.993
149.115
154.576
152.008
155.981
150.807
148.098
150.059
147.639
149.384
146.669
152.213
148.76
1346.37
1248.12
621.223
1347.24
601.812
1239.22
911.68
1342.74
1126.95
780.527
547.667
1203.53
865.907
1324.45
1500.71
287.926
1025.79
287.95
294.456
287.926
288.04
287.926
350.709
1477.65
1227.65
1342.2
1162.96
1026.77
752.402
509.866
287.926
569.918
287.927
287.926
287.926
287.926
287.926
1343.67
393.152
468.458
852.353
719.65
329.939
291.859
559.074
289.45
384.672
288.245
309.194
292.814
287.996
858.604
300.608
590.613
289.195
333.971
297.832
288.168
308.132
295.668
301.395
288.464
288.263
288.154
287.936
289.625
288.167
304.797
288.585
287.927
287.986
287.936
293.611
289.389
352.276
289.14
287.928
287.955
288.026
785.983
1403.56
1370.47
1436.24
1324.36
899.902
1123.07
770.69
888.54
428.912
490.255
951.064
288.304
1353.29
1644.68
916.66
1457.48
296.454
981.682
1583.89
1090.34
386.757
1120.47
614.441
180.964
1388.85
1496.05
1074.27
2265.22
1183.79
2132.11
1477.67
1221.24
720.957
1051.69
1044.36
859.839
1380
1322.76
147.334
164.134
172.204
236.049
227.185
257.893
405.16
382.286
836.973
849.458
287.994
287.965
287.983
287.962
835.106
287.942
287.932
657.002
766.334
287.991
287.958
1197.14
1488.38
1311.74
292.876
1178.34
1449.06
865.525
1337.98
1387.83
312.121
1530.42
1291.86
642.271
1318.21
1430.26
1361.53
1096.54
1198.88
1088.37
288.408
366.849
259.277
699.044
422.62
734.27
460.354
655.252
912.237
218.501
616.458
388.608
629.307
388.166
617.656
846.966
307.325
783.964
464.618
828.037
503.206
688.445
969.415
929.559
787.424
947.971
1143.86
1262.52
1361.81
1242.5
883.182
713.467
864.333
1090.77
1065.83
1154.7
1186.58
1429.63
1130.69
375.508
287.98
1389.39
1237
1310.25
287.978
288.408
694.594
792.598
287.949
585.647
287.927
1068.37
1168.26
1255.19
288.073
625.427
1222.2
296.666
287.929
287.926
373.437
579.897
287.945
510.296
287.927
288.919
2320.73
1467.84
1785.13
1587.52
2227.84
888.087
1243.7
1392.32
1413.71
288.01
1084.77
743.326
533.627
782.761
912.732
1013.44
1174.58
1097.23
1178.35
1249.7
1279.81
1454.81
1188.26
1604.67
1433.31
1512.17
1660.1
989.473
957.534
1042.58
1127.81
1179.94
1212.85
1359.56
1220.64
1021.93
750.373
916.338
1362.43
1118.78
1151.59
906.737
881.503
647.668
864.688
1266.17
1077.72
1052.06
882.261
951.014
669.485
882.42
1302.89
1063.44
1119.99
1277.18
1224.54
1110.91
1499.23
1508.47
1660.38
1373.39
1054.29
1022.63
1184.1
1274.52
1431.91
1390.16
1310.74
861.223
878.864
898.522
1050.43
1072.25
1086
1263.11
950.631
1061.01
1194.56
1215.66
1291.39
1320.63
1402.27
1181.52
1301.63
1335.25
1356.82
1371.71
1411.05
1420.73
1515.57
1553.9
1385.1
1630.02
1889.92
1788.96
1752.15
1405.04
1723.44
1547.45
1633.94
1445.67
1736.02
1475.35
1127.16
1271.92
1201.86
1289.77
1431.55
1394.13
1348.87
1339.01
1353.1
1306.31
1360.25
1335.89
1312.66
1399.57
1142.99
1247
1300.77
1322.18
1364.94
1437.2
1465.12
887.889
889.714
874.85
391.484
381.052
367.199
376.977
878.532
880.353
873.825
391.371
388.246
381.561
382.705
1846.35
1967.15
1704.86
1791.61
2182.27
2014.81
1922.62
378.42
872.438
874.709
877.866
874.828
387.283
382.337
351.655
369.314
865.412
847.528
871.188
374.582
357.176
874.974
851.213
872.687
375.453
356.262
374.101
358.819
288.668
1197.69
1489.55
287.926
290.557
288.183
342.915
287.934
287.926
288.441
1107.98
1495.96
887.554
287.963
1371.87
1344.38
1323.13
1367.75
1250.8
1295.08
1400.85
872.129
799.15
848.106
347.875
367.819
352.479
333.745
1122.06
1485.63
1300.19
1497.75
1347.8
1501.22
1567.59
1079
1471.13
1253.79
1482.68
1290.34
1470.25
1581.13
1075.58
1493
1264.5
1499.46
1289.35
1479.44
1579.4
1268.17
1507.56
1389.32
1437.62
1425.41
1460.44
1375
1488.8
287.943
1320.59
288.43
287.926
287.943
364.097
1077.07
1503.47
1481.3
1494.52
1291.42
1265.29
1317.88
1427.47
1518.37
1345.58
1517.96
1422.19
1518.64
1508.26
1273.67
1478.34
1402.33
1488.48
1433.97
1511.32
1433.03
1112.9
1493.82
1293.83
1491.99
1306.3
1481.7
1562.87
1199.6
1493.71
1361
1457.87
1392.26
1460.66
1445
1273.34
1498.61
1431.61
1450.02
1417.79
1414.5
1349.41
1461.78
1609.51
1784.8
1592.11
1803.45
1878.8
1563.01
1352.77
1511.07
1465.68
1486.38
1442.23
1381.46
1414.04
1732.76
1532.9
1623.86
1359.76
1801.25
1715.3
1532.01
1400.58
1419.36
1014.12
1235.08
1387.56
1210.47
1439.68
845.727
751.046
829.334
343.542
323.496
319.762
350.362
779.453
329.912
792.363
707.785
334.137
313.27
310.861
796.815
706.642
712.035
333.129
335.416
313.951
312.491
1388.76
1501.68
1420.45
1470.46
1434.38
1477.54
1426.51
1690.57
1968.16
1900.38
2058.36
1964.37
2114.48
2214.85
1361.51
1486.26
1462.89
1447.54
1438.49
1363.35
1321.6
727.987
680.821
633.133
326.075
315.988
308.202
302.488
1433.56
1427.82
1472.57
1163.64
1455.42
1420.71
1036.52
557.563
288.068
287.928
287.926
287.93
287.931
287.926
1910.9
2161.5
2053.42
2236.7
2032.47
2055.13
2034.72
1400.78
1352.95
971.12
1108.13
1377.42
1181.53
1411.63
739.911
715.119
795.201
331.799
304.694
312.733
318.046
1330.02
988.865
1355.1
928.052
1354.24
1325.15
770.473
777.116
1062.93
796.945
456.293
1187.89
745.317
1153.39
1024.53
587.88
524.823
869.022
678.722
931.52
978.321
1027.36
641.166
931.447
802.242
1088.86
1005.4
1091.3
1178.92
962.037
1020.8
859.482
1207.65
1086.01
1130.09
1253.68
1140.72
1188.15
1176.11
1176.05
1204.64
1235.47
1165.13
956.448
1218.79
1102.05
1198.63
1400.01
1292.35
1322.36
1276.19
1178.44
1222.98
1275.57
1098.84
1321.5
1144.32
1320.01
1132.84
1269.56
1293.72
975.801
1332.22
1110
1324.93
1310.47
976.252
890.051
1350.74
1338.96
1066.85
1437.26
1395.32
1463.33
998.225
1341.32
1289.31
880.355
1290.11
795.719
720.789
485.565
1140.9
1066.84
416.1
1425.5
1107.35
1425.44
929.968
1402.69
1338.89
768.772
1582
1548.53
1539.02
1487.77
1519.1
1387.69
1138.57
1552.97
1551.05
1493.02
1582.06
1068.37
1479.63
1479.45
1559.96
1586.84
1498.24
1561.31
1083.14
1486.63
1386.25
1502.33
1421.21
1496.09
1526.26
849.79
1232.6
1401.21
1537.03
1547.98
1487.37
1580.22
1137.28
1518.62
1485.66
1593.65
1589.08
1473.58
1592.62
1231.35
1554.8
1527.86
1528.91
1546.26
1499.5
1433.63
848.381
1192.48
1260.49
665.647
484.586
568.044
297.81
305.975
297.103
292.609
1488.69
1199.74
1448.2
1103.96
692.44
646.393
1142.34
1422.71
1543.04
1519.01
1420.9
1252.89
1168.84
832.725
1520.06
1499.35
1419.94
1397.15
1227.77
1180.02
843.74
575.093
441.823
589.083
299.053
290.898
291.314
297.929
1370.34
1341.07
1518.83
1501.46
585.998
1133.15
1193.48
1334.26
802.136
536.95
1208.46
347.954
547.453
944.637
1309.65
1458.64
1483.21
1182.97
476.619
986.837
701.17
1116.26
602.946
452.237
936.675
306.227
738.53
347.108
436.376
444.673
592.903
299.318
291.096
298.591
291.395
1344.91
1489.04
1504.75
1324.03
560.455
1116.68
833.206
1245.75
906.476
1386.98
1196.57
356.379
940.533
549.716
2223.24
2164.09
2097.32
2192.45
2317.54
2110.74
2320.17
1912
1639.17
1914.55
1826.23
929.831
1559.08
1351.95
2263.97
1958.28
2117.66
2120.96
2055.66
1695.13
2303.81
1427.23
1411.02
1798.87
1672.72
507.067
1037.82
1163.2
1281.1
708.304
1255.54
945.413
404.799
384.6
980.49
988.844
647.745
1270.81
1146.65
310.744
778.354
477.783
557.177
411.408
374.961
290.358
296.53
293.856
289.479
1166
1414.77
1434.58
1065.35
484.526
594.598
966.752
1153.02
654.063
1227.75
898.41
318.238
357.034
780.063
290.747
287.992
290.674
290.439
287.987
290.451
287.987
290.204
289.599
287.978
287.967
290.143
289.685
287.98
287.987
290.458
290.319
287.991
290.63
290.459
287.987
287.975
289.478
290.008
290.176
287.966
289.64
287.98
290.685
287.983
290.349
289.894
287.978
290.179
287.971
265.609
193.067
959.755
144.856
361.362
175.855
763.581
568.391
141.625
144.697
141.129
153.223
153.417
168.307
167.86
145.202
147.236
155.995
141.979
158.418
178.194
210.945
193.135
157.104
157.236
209.886
343.438
340.145
209.62
512.987
362.549
507.22
198.08
199.255
250.653
250.03
208.093
163.391
183.323
231.347
502.991
385.521
308.716
283.547
420.941
568.08
708.826
217.675
288.026
396.437
729.176
713.277
927.733
394.061
647.672
633.011
397.828
877.613
1039.36
958.55
447.237
791.051
680.231
575.9
1016.66
138.691
895.722
144.298
178.098
853.407
154.828
897.494
963.641
189.461
186.689
153.278
140.954
145.966
156.824
145.274
152.08
142.453
181.893
150.743
181.132
156.994
183.903
154.204
178.123
159.251
185.283
158.573
155.505
187.3
187.12
155.888
150.758
149.088
151.859
155.852
152.453
154.686
147.723
154.999
152.017
157.216
152.965
153.877
151.129
155.863
455.065
868.534
461.011
467.561
860.709
461.448
876.607
481.818
478.001
877.241
914.729
489.35
471.238
893.819
143.288
145.613
149.24
148.339
148.521
152.029
145.68
148.569
149.454
149.419
146.121
148.719
153.023
146.698
1029.87
192.24
186.48
1275.77
306.157
1316.09
328.3
141.173
140.684
139.664
270.697
470.231
282.337
475.308
179.861
182.935
148.084
144.418
147.386
181.423
150.927
190.379
150.156
150.131
185.074
152.618
187.865
152.789
145.906
143.732
144.378
148.279
149.217
150.012
147.57
142.966
139.802
143.944
140.801
145.1
146.951
148.513
473.775
944.874
499.888
947.841
502.684
479.098
902.273
513.192
991.636
530.228
489.895
943.151
503.442
919.387
137.047
141.658
139.328
138.9
142.541
145.163
143.202
142.951
140.097
140.461
146.377
143.952
145.867
144.306
198.435
146.948
146.349
215.533
156.699
152.798
226.975
188.103
144.186
140.935
210.148
149.63
150.237
211.815
139.023
136.368
136.617
144.234
142.842
143.38
143.878
141.303
140.379
140.454
145.661
147.538
145
147.939
545.989
1015.91
545.206
609.58
1101.75
612.683
1100.46
139.189
139.644
137.078
147.73
159.752
157.529
147.963
555.464
1061.35
576.372
619.641
1143.37
1112.22
644.676
140.488
141.617
140.722
148.982
162.792
158.645
151.499
269.714
184.589
451.159
282.241
180.102
277.653
429.652
277.799
194.705
289.007
494.379
183.568
301.321
444.457
169.707
171.133
279.63
252.417
167.44
174.081
258.289
171.335
177.179
255.828
287.172
169.465
178.802
260.664
714.023
1228
1295.59
894.469
1201.5
744.398
858.318
181.992
232.349
333.058
433.942
219.965
188.631
303.624
183.307
235.852
435.644
338.219
221.222
192.408
305.286
702.768
1188.46
849.31
1284.57
707.583
1190.97
844.493
700.153
217.272
153.687
165.88
1060.78
201.998
936.922
1030.71
190.551
149.923
148.29
171.706
146.209
153.167
143.334
148.489
142.221
189.759
156.324
158.279
191.74
154.437
189.254
153.186
155.406
151.03
153.305
147.891
151.449
149.665
149.561
502.734
916.439
491.638
517.001
937.486
501.794
964.775
150.466
145.892
147.161
146.351
145.208
147.413
144.988
197.092
154.849
154.686
192.984
154.057
195.951
153.761
149.785
147.101
148.361
150.893
149.016
147.462
148.859
803.798
1128.93
1490.09
153.813
730.653
1106.7
1391.87
149.769
195.272
195.061
152.303
202.319
190.853
152.589
144.028
142.327
142.592
145.81
147.984
147.175
146.393
1003.93
571.705
539.452
963.592
517.265
538.509
1003.39
543.39
1082.14
973.409
554.372
587.738
520.669
1012.78
144.374
146.553
147.396
147.296
145.825
146.562
145.399
141.386
139.986
141.892
145.073
143.47
145.084
143.302
153.795
144.094
143.689
145.44
144.886
145.384
146.545
247.791
151.959
213.178
153.409
201.442
216.32
153.21
148.413
207.948
225.285
164.63
247.44
288.712
185.342
1227.65
1138.39
624.113
575.42
1148.44
633.31
1066.12
157.859
144.92
148.547
146.926
145.419
144.983
142.992
1166.18
607.687
653.131
1190.94
685.668
746.108
1250.84
339.721
170.888
260.676
377.433
398.64
546.975
239.067
587.238
419.821
578.052
222.012
350.778
450.497
294.437
1306.9
1238.13
717.136
829.082
1355.51
933.257
1310.1
1054.59
1350.21
958.603
1269.88
796.391
873.731
1319.8
1020.54
927.65
795.179
615.558
708.718
833.791
461.18
1297.55
1435.51
1170.6
976.186
1403.71
1101.19
1364.91
1436.19
1434.56
1018.42
287.926
842.345
788.723
239.82
1492.78
1025.14
416.756
1153.6
165.184
243.009
189.91
318.428
323.244
443.379
562.511
290.112
825.121
1309.39
1081.32
1440.71
290.223
835.324
1403.19
1413.9
302.262
1465.05
1021.86
1275.94
303.372
255.365
651.163
458.225
686.316
478.559
725.634
904.604
489.081
924.497
600.478
1051.43
759.776
862.657
1118.68
465.843
900.027
597.15
1010.59
739.856
850.935
1088.24
1202.21
1260.24
998.674
1188.56
1248.35
1405.97
1412.27
1166.51
944.361
767.833
978.461
1350.2
1118.71
1201
915.333
1025.67
752.79
979.117
1362.25
1116.22
1224.11
1000.03
1206.29
1190.23
1263.83
1249.85
1407.7
1416.92
1265.68
1087.93
1079.43
1305.31
1259.39
1395.38
1396.37
1093.18
1272.47
1315.25
1307.44
1261.96
1397.54
1402.53
1262.56
1236.07
1008.25
1081.85
1471.84
1329.76
1310.55
1193.39
1502.62
1508.79
1509.87
1341.15
1421.43
1412.51
1184.29
288.03
288.297
1210.88
288.168
287.935
287.926
1458.64
1462.43
1395.95
1463.51
1219.19
1459.02
1245
1264.41
1287.06
1413.66
1426.67
1005.25
1417.66
1045.32
1464.46
1408.74
1398.23
1465.44
1227.87
1465.38
1246.7
1419.37
1289.3
1415.17
1428.47
1019.63
1048.36
1424.97
1414.42
1439.57
1411.6
1364.97
1054.6
1079.74
1356.79
1309.37
842.167
1312.48
1182.36
523.238
543.871
1169.23
1441.51
1420.92
1414.11
1366.73
1061.97
1362.86
1081.32
1315.97
845.559
1314.6
1184.38
530.373
1176.24
546.28
696.688
358.872
1139.55
304.068
1134.63
1163.42
1170.22
359.253
305.57
1426.55
843.622
1191.33
1178.68
422.856
1170.12
1183
422.999
1037.03
1047.29
310.85
302.754
307.167
633.106
625.307
640.098
622.96
1414.28
757.123
1007.84
710.012
208.27
705.099
152.631
310.631
301.83
305.53
630.725
630.772
622.092
641.468
349.947
325.972
320.011
659.2
732.05
670.71
716.668
349.582
325.75
318.829
657.948
733.606
716.788
671.841
820.432
1674.52
768.267
2068.63
1389.21
2099.83
1483.31
674.331
604.695
1350.17
1279.94
581.849
1389.43
1351.1
155.642
214.153
152.623
204.242
197.928
348.081
375.97
151.513
210.291
202.805
204.761
196.591
345.759
370.017
410.012
537.762
517.926
828.678
811.447
931.063
945.722
410.002
536.994
517.768
829.339
811.91
930.919
944.299
1004.44
1000.4
1134.32
1143.57
1008.95
1137.22
1000.02
1000.93
1131.15
1137.86
1000.95
1134.68
996.088
1006.32
215.077
139.324
137.176
533.702
140.212
539.462
143.148
158.095
140.743
139.14
142.946
141.123
140.826
141.76
140.463
141.53
143.807
141.692
142.059
141.624
142.668
142.833
156.09
211.935
156.384
165.528
253.734
166.148
246.87
137.381
138.549
139.157
145.39
161.198
159.727
144.87
139.577
139.871
140.156
146.294
164.198
160.825
147.422
216.505
212.538
157.165
166.376
255.488
247.531
168.372
186.295
349.423
250.187
511.602
240.503
189.17
334.049
187.27
513.815
254.155
352.651
241.939
335.182
191.848
1148.68
1062.12
1025.15
1018.1
1161.79
1054.44
1145.8
1020.5
1065.3
1154.82
1163.85
1028.71
1055.67
1147.83
668.838
607.232
761.11
1149.33
1074.41
1192.52
1032.32
604.146
549.548
554.496
968.603
1020.92
980.323
1003.21
632.481
1149.44
1045.35
595.712
744.285
1132.97
1021.51
589.358
1002.08
990.704
542.43
549.904
964.444
973.857
397.993
783.463
425.187
662.472
1013.66
691.629
997.353
776.715
684.323
418.549
754.648
395.478
659.631
995.059
387.149
674.409
354.325
633.233
961.218
665.712
939.168
956.741
659.48
382.161
672.535
352.354
630.763
937.386
903.457
721.341
922.311
1050.01
1183.36
1060.68
1174.24
1119.88
1410.91
1078.32
1349.96
1574.34
1381.71
1559.81
807.59
682.938
637.35
1023.07
1133.31
1048
1116.69
1057.49
918.025
718.448
695.793
902.027
1049.15
1172.73
1175.57
1181.93
1116.29
1176.08
1108.98
1176.16
1173.7
1118.96
1178.28
1109.57
1176.95
1178.8
1185.28
1176.43
1066.5
1336.19
1544.83
1401.39
1060.92
1333.91
1551.94
838.796
1040.69
1129.35
805.979
634.586
1020.59
1115.13
1456.95
1333.15
1461.77
1449.86
1472.79
1681.12
1323.51
1464.35
1356.81
1478.85
1705.58
1691.99
1492.7
1332.6
1257.45
1373.62
1350.69
1245.76
1383.05
1357.85
1268.61
1249.04
1294.86
1387.2
1362.63
1360.77
1273.9
1267.05
151.412
186.146
139.404
197.629
150.715
145.446
153.039
153.859
144.679
144.682
149.414
153.157
151.407
146.284
143.009
152.228
145.344
144.247
145.103
153.356
151.771
146.446
143.3
142.578
146.481
145.617
148.702
141.027
140.873
148.258
141.431
142.592
143.21
146.367
149.292
141.765
152.45
152.458
186.402
186.154
153.542
186.131
151.369
186.237
152.611
187.371
153.066
186.555
153.9
186.875
152.009
151.719
189.298
195.916
152.713
188.464
150.748
152.396
190.611
198.975
152.448
196.592
153.469
189.252
225.828
971.458
428.691
600.381
142.974
250.459
155.529
141.881
142.104
142.72
141.614
141.304
141.623
143.706
146.757
142.794
145.572
142.536
146.067
142.157
155.424
176.773
173.586
151.244
139.863
140.878
150.987
159.911
197.073
226.844
166.992
160.639
277.99
173.793
186.595
329.227
170.771
163.9
146.119
180.867
404.475
258.284
236.207
307.622
215.534
181.743
216.645
593.908
434.506
293.768
289.407
397.977
204.394
234.774
703.571
369.414
488.971
311.575
690.135
786.781
835.326
508.433
622.965
466.599
1407.95
1220.34
957.496
941.559
1402.75
1210.19
1178.74
1248.41
1311.16
1142.31
1050.75
1255.04
1306
1141.81
943.868
1405.35
1226.63
1196.35
963.239
1212.69
1180.79
1132.85
1305.35
1250.35
1246.95
1047.41
1304.05
1138.74
1896.05
1613.58
1772.42
1613.02
2076.41
1901.31
1775.87
1627.73
1804.54
2086.11
1932.91
1914.78
1653.49
1786.39
1341.56
1284.28
1346.44
1274.57
1354.14
1358.68
1340.66
1276.57
1351.06
1356.1
1359.83
1360.86
1290.44
1342.15
846.032
411.2
319.546
290.622
325.327
432.323
820.909
848.08
290.66
416.257
321
828.606
325.846
433.774
1210.91
639.63
545.049
306.775
1179.2
588.025
683.619
1212.98
307.171
651.579
557.505
591.499
1189.83
686.513
1209.26
546.88
636.81
580.197
677.246
305
301.376
1192.22
554.961
646.861
582.173
679.693
305.261
302.173
157.212
162.677
157.171
149.169
163.09
160.116
160.435
155.414
160.9
160.042
155.821
158.173
161.254
158.165
158.923
161.944
161.277
161.946
164.132
162.675
162.761
157.233
160.98
160.988
155.203
157.891
161.382
157.164
158.869
158.607
152.923
152.353
151.78
155.668
154.822
156.086
163.805
159.327
163.207
162.206
164.256
162.836
162.753
162.231
158.529
161.051
161.181
158.857
161.558
159.149
162.272
156.692
158.169
161.259
157.839
161.371
157.628
158.13
151.486
154.298
159.274
152.571
156.515
155.479
162.298
162.499
162.451
163.13
162.706
162.812
162.266
162.794
162.98
165.005
162.707
163.723
162.603
163.405
160.6
161.224
160.13
160.947
161.371
157.54
160.56
160.413
159.076
160.904
160.727
157.219
159.846
161.459
159.866
156.883
157.752
157.914
158.361
158.909
155.997
161.827
161.439
161.322
159.806
160.34
161.44
160.667
161.301
161.505
161.767
163.028
161.566
161.967
161.722
161.444
161.558
161.558
162.744
161.857
161.7
161.857
161.299
161.507
161.771
163.025
161.724
161.965
161.562
163.42
164.107
164.105
163.854
163.745
163.802
163.745
162.298
162.449
162.498
163.131
162.263
162.813
162.706
161.927
162.582
162.583
162.738
162.448
162.338
162.45
160.765
160.396
160.351
160.392
160.7
160.998
160.693
160.054
161.284
159.881
161.194
161.465
157.396
160.479
160.053
159.891
161.289
161.193
160.487
161.462
157.4
159.835
157.268
158.694
157.259
155.681
159.303
159.29
161.576
161.241
161.238
160.422
161.01
161.128
161.003
163.142
163.719
163.627
163.664
163.641
163.468
163.37
161.963
162.479
162.051
161.551
162.36
162.031
162.085
162.201
162.703
164.458
162.678
162.903
162.459
162.994
161.805
163.732
161.732
162.022
161.873
162.236
162.588
163.752
164.468
164.155
163.932
164.11
164.087
163.811
162.775
163.079
162.643
163.196
163.144
162.829
162.918
162.359
163.053
162.725
162.766
162.773
162.528
162.921
162.255
161.87
163.068
162.373
160.016
161.57
163.151
161.798
161.819
161.541
160.396
160.933
162.269
158.69
161.34
159.079
158.334
158.521
159.565
159.771
157.846
163.008
162.147
161.732
160.251
161.153
161.421
162.406
161.168
162.629
161.213
162.272
158.921
161.331
162.531
160.918
161.957
161.589
160.147
160.713
162.17
158.3
160.396
157.68
158.615
157.308
159.697
159.412
156.243
162.185
161.738
161.458
160.414
161.482
161.198
161.833
2317.79
1292.73
2133.94
1527.55
1679.68
1578.27
1316.73
1172.59
369.845
1507.18
911.822
1162.52
1209.14
1456.48
1164.26
1124.8
466.763
314.322
509.452
643.097
750.717
663.533
779.396
1029.65
946.627
317.711
586.831
571.879
605.457
591.178
864.119
896.249
1353.38
1382.1
1039.58
1388.92
1061.02
1201.36
1433.13
356.697
727.454
617.236
747.578
638.127
890.806
965.013
1525.54
1412.98
1657.84
292.56
1457.6
2316.94
1381.46
1135.3
1385.82
1353.55
300.653
289.127
1152.3
963.529
1216.11
968.413
1065.43
1273.97
1429.75
1186.13
1536.06
943.97
1243.8
1012.98
1250.63
1414.08
1496.78
1175.31
1124.46
912.155
881.919
1096.52
1364.83
1134.32
1325.72
1087.18
893.767
860.816
1086.39
1352.84
1313.79
1125.1
1439.16
1453.31
1237.86
1389.37
1717.04
1623.84
1537.62
1350.99
1423.55
1183.59
1359.78
1655.29
1563.12
1514.43
1140.05
988.08
910.168
1109.5
1395.41
1176.37
1335.2
1098.86
959.649
887.13
1097.57
1377.22
1317.94
1162.45
1315.65
1522.45
1481.7
1528.96
1483.63
1354.13
1478.85
1508.75
1932.77
1619.69
1626.98
1763.2
1417.21
1771.06
1496.22
1626.54
1758.87
1618.82
1759.28
1931.79
1683.61
1317.32
1529.23
1484.38
1523.49
1481.52
1483.12
1529.92
1583.44
2087.64
1906.66
1872.4
1825.8
1853.71
1675.59
1564.96
1863.4
1817.25
1881.53
1829.75
2078.73
2121.92
1322.52
1466.7
1504.52
1506.23
1474.65
1382.99
1474.27
1325.04
1506.97
1475.38
1507.45
1477.32
1467.32
1456.52
939.702
318.367
235.607
210.083
1422.83
815.699
791.243
1137.85
213.56
969.05
895.657
213.698
246.969
187.847
146.248
144.536
203.235
154.226
155.027
217.214
154.467
246.657
167.007
148.332
145.657
147.107
146.487
146.065
155.148
155.161
1066.01
623.845
575.932
1147.15
632.441
697.924
1226.21
147.586
146.192
146.611
147.303
150.894
159.185
173.064
322.399
243.552
165.597
320.015
357.481
494.927
209.455
188.072
153.783
153.669
188.043
306.898
304.3
188.032
363.074
258.173
172.002
331.86
388.475
525.085
215.604
211.457
159.476
160.013
194.854
343.266
344.061
193.978
1304.83
1223.4
694.009
788.982
1351.76
902.947
1303.85
200.656
168.904
157.198
201.068
454.479
347.022
247.793
237.381
166.684
187.008
210.776
514.761
393.25
270.124
1304.59
1235.37
712.468
796.421
1346.13
915.012
1303.83
498.492
652.975
639.271
1014.6
757.115
743.102
364.596
315.403
865.977
604.571
586.169
595.069
572.669
316.809
903.181
1184.87
1377.95
1378.48
1040.52
1033
1348.83
359.397
756.798
893.962
730.463
645.181
619.153
471.498
2236.14
2118.8
2081.4
2235.9
2369.11
2212.96
2314.43
1241.65
1540.08
1490.56
1242.15
811.73
1294.78
751.64
1951.59
1694.21
1939
1955.65
1094.41
1721.09
1530.7
2140.36
2201.15
2081.92
2224.54
2337.18
2143.53
2316.83
1648.76
1856.08
1914.57
1925.85
960.424
1603.46
1484.05
1494.03
1106.66
1451.19
1201.76
700.998
648.739
1250.17
1208.64
1466.48
1474.21
1208.3
585.202
698.776
1134.58
1414.77
1063.34
1435.76
1165.47
483.957
593.975
1083.12
485.907
561.497
1129.33
1006.45
391.615
439.146
291.39
289.348
287.973
289.926
289.467
287.949
287.961
288.964
289.382
767.87
310.761
659.528
288.611
300.166
331.9
560.673
473.545
1113.8
968.296
291.168
370.879
432.315
448.605
337.42
308.322
291.341
288.243
289.4
288.739
1542.08
693.38
618.446
1181.65
1245.83
664.762
313.08
1453.31
603.776
443.086
1102.05
885.406
438.35
297.341
940.425
394.598
940.313
576.181
1168.15
577.202
300.179
825.154
453.332
1008.77
323.16
690.399
382.747
291.372
1960.51
552.848
1918.43
1639.68
1520.13
1203.73
2234
855.529
466.398
1021.01
339.672
778.142
406.44
292.331
289.214
287.94
288.693
287.959
288.602
289.397
287.955
1364.94
480.394
415.306
347.177
793.809
1032.62
877.975
1539.43
607.551
660.285
689.607
1244.44
1190.8
1175.27
287.936
288.884
287.948
287.95
288.996
288.466
287.938
288.959
287.951
289.027
288.481
287.937
288.442
287.938
875.621
1320.55
738.055
414.651
1034.25
516.96
294.017
875.523
513.77
1030.34
342.343
737.48
410.411
293.825
288.908
287.937
288.255
287.94
288.437
287.948
288.568
908.661
321.763
294.957
292.344
507.392
336.538
578.043
288.772
287.939
288.522
287.934
288.339
288.209
287.931
330.834
294.591
569.539
291.675
485.379
318.788
288.365
950.964
296.685
587.882
294.716
544.78
327.968
288.581
2200.39
2153.96
1009.86
2113.38
1769.35
1838.62
2365.42
522.263
308.971
288.227
296.353
304.402
294.671
556.376
512.22
291.705
288.161
289.103
364.926
292.689
303.737
746.672
296.524
292.142
288.742
477.576
310.865
331.994
1348.5
306.137
349.961
308.455
809.826
540.669
740.753
815.693
295.783
298.324
322.92
337.762
288.894
288.119
475.562
288.132
292.883
289.779
299.477
292.541
385.275
1698.26
476.158
396.692
429.83
1056.56
1138.39
1064.66
288.185
297.282
558.141
672.873
288.538
308.746
315.82
726.641
342.424
288.821
328.423
317.826
785.383
327.769
288.114
287.929
287.927
288.139
287.927
287.985
287.93
288.144
287.927
287.93
287.981
288.126
287.987
287.93
288.105
287.933
288.286
288.092
287.927
288.004
287.929
287.93
295.027
288.035
288.059
296.456
288.224
287.931
288.301
288.325
306.584
288.428
310.963
288.394
287.937
287.929
287.968
288.082
288.028
287.926
287.952
287.928
312.526
318.21
699.769
312.847
287.945
288.525
288.68
287.978
289.825
379.121
298.279
287.931
288.112
288.18
301.812
296.027
559.86
305.16
287.936
288.235
288.457
288.474
288.128
302.142
289.431
287.927
287.948
287.978
300.407
307.611
560.334
295.172
287.935
288.254
288.136
290.606
288.512
329.21
290.495
287.928
288.061
287.962
288.904
288.302
310.589
290.256
287.927
288.022
287.963
300.796
304.493
550.827
295.505
287.936
288.221
288.162
288.894
288.395
316.168
290.186
287.927
287.963
288.002
288.14
288.148
298.793
288.009
292.155
288.009
287.928
294.662
288.057
296.341
288.219
287.93
288.154
287.931
305.402
288.418
310.556
288.386
287.934
288.278
287.937
287.928
292.263
287.993
287.955
289.785
287.984
287.927
287.938
287.948
288.695
288.083
287.926
287.93
287.928
287.982
287.926
287.931
287.926
287.95
287.939
287.927
288.049
287.935
288.499
287.943
287.926
287.929
287.926
288.133
287.948
289.028
287.949
287.926
287.93
287.926
287.937
288.566
287.943
287.943
287.926
287.926
287.926
287.926
287.931
288.038
287.926
287.93
287.926
287.926
287.938
287.932
288.23
287.926
287.932
287.926
287.926
287.926
287.942
287.926
288.437
287.926
287.936
287.939
288.049
287.926
287.926
287.926
287.931
287.928
287.93
287.946
287.926
287.926
287.926
287.926
287.927
287.926
287.926
287.926
287.931
288.031
287.926
287.927
287.929
316.636
287.926
287.96
288.012
287.927
287.961
287.926
325.188
287.926
296.982
287.949
287.927
287.926
287.926
287.926
287.926
306.118
292.073
288.402
290.176
288.215
287.989
287.96
293.501
288.53
323.123
327.869
294.448
288.622
288.028
328.683
293.789
294.554
288.564
288.636
288.029
288.016
290.939
288.192
288.838
287.969
288.061
287.94
287.93
358.371
287.937
287.926
288.581
2358.88
1049.07
287.926
288.025
287.927
523.195
780.771
287.929
558.621
287.926
287.932
287.926
287.957
378.65
287.942
287.926
287.926
287.926
287.926
287.927
2187.2
2077.56
2145.87
1824.58
1724.73
975.353
1422.47
1677.8
416.474
470.578
1124.36
1014.56
385.621
292.227
725.365
327.073
341.794
327.616
317.503
288.815
289.102
673.253
297.283
300.654
315.821
308.752
288.538
288.184
301.955
1244.77
798.885
319.034
289.977
288.303
441.19
1488.06
338.938
1047.66
336.039
292.674
288.743
511.801
298.118
289.805
290.547
288.178
288.108
287.978
287.931
287.926
287.934
288.427
287.968
288.526
287.936
287.926
287.968
288.45
288.534
287.936
287.926
287.934
287.926
288.28
287.937
288.108
287.926
287.931
287.929
287.926
287.94
288.69
288.518
287.944
287.926
287.926
287.95
287.963
290.352
339.153
289.339
287.927
287.944
287.995
293.281
290.191
412.636
290.076
287.928
287.963
288.022
289.297
287.95
288.946
287.95
287.926
287.926
287.956
287.936
287.926
287.926
287.926
287.938
287.927
287.926
287.926
287.937
287.938
287.927
287.926
287.927
287.926
287.934
288.095
288.334
287.939
287.926
287.926
287.931
288.223
287.942
288.627
287.942
287.926
287.926
287.932
287.929
287.943
287.993
287.927
287.926
287.926
287.926
287.934
287.926
287.931
287.926
287.927
287.926
287.926
288.582
287.97
287.926
287.989
287.938
287.934
291.659
288.425
287.926
287.939
287.926
287.935
287.926
287.926
287.926
287.96
287.929
287.926
287.927
287.926
287.926
287.985
287.926
287.932
287.926
287.927
287.926
287.926
287.926
287.926
287.928
287.926
287.926
287.926
287.926
488.427
1110.31
352.559
159.849
189.805
147.419
155.68
1118.86
757.416
139.875
140.224
146.307
160.85
140.172
139.595
164.205
150.962
140.876
139.863
151.204
142.974
173.548
196.931
1047.33
859.087
721.231
1420.78
721.105
1307.48
845.517
335.191
191.824
513.981
187.278
241.996
254.159
539.529
208.419
204.342
152.668
198.022
348.496
376.354
214.227
397.67
234.554
204.304
289.243
703.256
600.224
369.02
165.175
323.089
239.831
562.714
443.596
242.942
318.148
398.25
997.656
662.966
1014.05
692.206
425.408
783.752
696.739
1050.02
1174.28
903.575
922.357
1060.64
1183.38
863.009
1051.76
760.242
489.077
924.57
842.498
600.369
776.799
1020.63
961.964
1129.82
1085.86
1207.58
1253.48
1081.44
1262.1
1397.49
1272.73
1402.53
1093.32
1315.31
1142.37
1050.71
1141.77
1248.36
1305.96
1255.01
1311.15
1356.9
1301.86
1411.09
1181.43
1123.14
1335.28
1371.65
976.179
1024.69
1133
1293.61
1269.48
1320.01
1332.26
289.165
540.033
900.578
1031.07
552.606
1231.03
135.901
140.706
133.831
573.561
225.024
175.785
1194.53
711.029
137.752
402.965
153.75
657.65
178.135
147.642
135.04
194.82
637.105
396.44
174.942
857.491
172.237
901.511
1096.02
139.975
148.879
143.723
138.512
142.613
137.22
141.688
137.409
142.148
204.854
314.008
418.614
593.38
1087.85
1171.79
1138.36
1115.37
1309.21
1269.16
160.752
889.759
1110.78
1417.02
950.995
1478.24
1220.96
641.218
1592.46
1360.52
1468.5
1171.02
575.538
178.215
637.908
1338.21
1105.66
1213.85
882.75
458.374
655.956
620.514
885.033
749.354
1077.97
1340.96
1087.39
1319.69
1297.65
1471.61
1197.1
1264.52
1345.18
1030.42
480.521
1203.76
291.846
309.287
980.661
316.197
287.938
287.927
1250.81
902.712
154.063
147.176
148.518
148.71
137.402
1173.45
696.022
520.382
1101.95
659.134
150.934
137.224
210.076
141.256
133.376
142.492
136.665
137.058
136.498
147.501
150.632
155.003
334.136
484.683
854.579
1011.58
152.572
288.773
919.653
1113
152.801
215.457
161.259
154.831
145.671
152.46
139.824
145.693
138.483
167.831
143.314
155.953
150.012
144.943
143.957
141.641
188.479
137.821
203.745
141.778
138.521
246.894
249.452
152.218
157.688
152.216
149.742
155.919
154.065
147.983
155.821
160.042
160.901
158.176
158.92
157.214
158.167
152.927
158.611
152.36
151.789
156.088
155.672
149.178
149.096
150.762
147.727
151.861
155.858
153.286
154.687
161.841
161.326
161.445
159.809
160.679
161.449
160.34
160.42
160.907
160.728
159.073
157.219
161.463
159.838
160.596
161.226
160.943
160.133
160.565
161.367
157.536
159.876
157.753
156.893
157.918
158.925
158.358
156
176.852
174.273
146.581
146.586
151.244
172.01
142.396
147.927
143.551
145.028
144.96
149.531
139.814
140.754
142.205
149.286
145.304
149.288
149.118
152.895
145.676
140.758
143.554
145.031
144.966
143.73
147.93
149.536
139.416
142.582
146.488
145.627
140.878
143.312
141.036
148.347
143.3
145.621
149.245
148.531
152.034
145.976
179.898
181.517
147.395
148.079
178.151
183.003
144.406
185.153
150.138
186.754
190.41
152.601
187.937
150.153
145.908
148.282
144.379
143.723
149.216
145.265
147.573
139.809
145.104
144.3
146.959
140.795
143.953
142.973
138.134
135.651
592.528
309.61
141.167
468.816
234.179
453.915
852.451
452.568
869.786
459.94
463.063
878.815
140.416
139.663
142.038
145.464
141.527
138.912
138.478
139.668
138.922
141.532
140.428
142.049
145.469
142.622
187.52
1283.82
1345.21
1009.24
376.163
1207.93
438.612
177.659
140.046
143.381
173.69
137.25
178.331
140.25
172.219
171.156
142.094
138.096
174.028
172.213
139.973
137.505
139.717
140.775
134.475
134.758
137.217
137.504
140.242
178.351
173.701
177.666
143.386
174.964
140.023
195.041
195.209
149.907
152.287
190.846
149.761
202.267
140.079
137.439
137.531
137.828
143.302
138.838
140.087
140.125
136.277
140.899
136.955
133.072
137.193
133.385
134.858
916.855
335.989
874.216
560.216
382.518
318.497
500.363
896.519
948.493
479.427
474.196
503.012
945.872
142.58
143.332
145.808
147.984
144.017
146.39
142.329
136.957
133.057
137.188
135.896
140.9
136.262
140.134
143.217
139.338
138.907
145.173
140.97
142.553
141.665
964.077
490.074
513.427
530.234
942.889
503.317
991.68
140.099
144.32
140.471
146.386
142.955
142.446
145.872
141.14
139.161
140.48
139.34
142.959
140.76
140.839
1148.66
1160.04
1168.6
384.986
528.877
517.878
318.865
152.013
151.729
189.299
195.923
150.752
152.724
197.624
211.782
149.111
149.905
186.505
144.163
188.149
140.905
143.491
143.195
144.015
136.367
139.661
136.603
139.024
152.613
156.622
226.902
146.352
192.28
198.422
146.942
145.588
147.524
147.931
141.314
140.458
140.372
141.166
473.124
872.15
459.612
945.826
495.897
472.985
901.258
135.149
136.026
139.411
135.537
137.196
134.531
136.507
138.29
137.398
138.693
135.195
135.848
137.396
137.41
982.748
918.682
482.992
505.217
901.357
475.466
955.778
135.562
134.525
137.193
135.149
136.022
138.519
139.421
554.099
1081.44
542.694
972.549
520.186
1030.29
587.284
142.305
136.402
136.704
137.212
140.226
138.145
138.102
138.085
137.196
138.517
136.698
136.402
140.218
142.306
475.079
954.77
504.725
482.639
981.806
519.876
917.983
134.246
132.893
133.917
143.423
141.78
132.399
133.342
137.772
184.509
174.972
205.493
148.99
137.238
180.328
143.468
141.386
139.993
141.887
145.073
145.081
142.225
152.526
217.664
155.431
152.527
193.551
150.711
203.739
205.329
137.22
180.294
174.958
137.714
184.419
137.785
132.379
143.339
133.324
134.251
132.853
133.928
133.791
161.222
145.409
159.752
139.174
138.566
137.195
144.881
135.585
159.373
156.704
144.849
146.318
134.859
134.42
185.336
164.606
247.415
207.914
153.8
148.397
225.269
134.428
135.528
136.601
145.398
146.827
156.79
159.313
610.287
1103.38
613.518
546.345
1016.32
545.441
1017.3
167.384
244.202
195.295
220.159
152.27
187.549
139.014
159.445
138.73
139.667
157.092
147.38
137.087
139.194
619.939
1143.65
644.736
1030.29
555.667
576.407
1061.5
168.259
153.226
153.433
141.126
144.843
141.616
144.682
162.842
140.745
158.519
148.859
151.502
140.494
140.684
165.543
253.75
166.156
156.095
211.939
156.395
215.071
139.031
141.183
195.174
152.879
220.08
243.843
167.336
142.225
136.647
135.44
149.387
166.098
139.503
135.619
150.185
135.555
136.51
171.403
138.597
135.556
150.179
325.743
349.586
359.227
657.964
671.811
733.615
716.768
1032.12
955.549
501.982
1096.37
601.479
1014.72
538.783
157.643
249.435
163.548
275.727
170.537
182.755
327.764
165.957
149.298
139.475
135.597
135.441
136.591
135.029
1043.23
1151.53
1198.93
782.706
656.989
1229.27
1404.26
1160.1
975.073
1199.69
648.054
1005.78
849.34
1058.47
135.505
192.138
146.097
138.758
169.118
135.655
147.131
163.552
327.878
182.774
275.778
170.548
157.646
225.026
138.732
146.046
135.503
169.078
147.126
154.983
192.038
555.191
1063.94
578.232
1116.59
626.597
658.261
1147.02
136.52
150.489
140.503
171.232
152.931
171.22
205.843
1014.46
601.185
538.611
501.687
1031.39
552.136
955.023
746.17
1191
685.711
607.581
1165.92
1106.58
652.976
578.799
1148.46
1064.85
1118.26
627.512
555.682
1031.93
140.6
171.499
152.545
206.309
171.367
140.771
136.538
145.215
210.846
175.883
178.126
158.452
141.986
147.214
260.762
327.153
188.643
188.495
260.558
148.169
201.934
293.499
175.154
298.998
175.02
141.079
178.024
142.675
145.661
198.992
194.304
320.243
327.565
182.775
179.413
326.076
179.002
182.399
145.453
147.436
193.589
198.255
211.873
305.147
217.792
273.756
440.006
353.997
193.642
250.235
533.828
511.752
186.319
240.553
349.509
189.189
352.005
193.117
273.195
153.506
217.505
304.221
210.976
434.725
344.738
384.973
773.974
707.903
774.034
842.831
152.685
210.377
202.884
151.55
196.572
346.073
370.275
202.84
510.02
303.79
368.428
513.611
258.211
622.171
186.838
346.155
190.773
470.723
230.742
237.288
479.537
140.111
256.01
165.708
224.913
408.664
234.255
158.086
248.988
350.746
465.505
248.789
194.718
163.165
148.27
931.114
944.649
537.145
410.008
423.007
829.534
811.984
759.052
1158.4
669.886
1158.41
1089.44
669.815
595.39
621.444
1183.08
1115.32
1166.27
682.695
1207.49
786.965
185.207
320.046
235.397
160.858
237.592
557.108
436.114
185.044
237.441
234.933
313.767
319.509
435.919
557.122
155.984
225.573
307.945
383.641
202.207
267.659
509.464
393.406
283.642
200.383
230.365
695.689
364.142
484.398
178.24
435.614
213.131
294.043
596.384
213.099
435.496
408.483
165.6
224.704
158.046
140.074
175.723
255.789
177.969
267.144
508.958
201.803
155.748
224.681
307.187
230.456
364.373
283.756
695.857
592.701
393.597
200.42
786.932
1166.34
682.503
1114.73
620.962
710.465
1182.42
278.191
410.13
211.267
279.617
701.994
552.646
391.247
575.46
866.952
564.05
562.516
849.435
300.052
306.529
576.935
307.448
564.855
301.199
563.125
868.264
850.319
925.907
1276.38
872.508
1197.36
726.064
767.132
1213.57
679.164
1022.38
975.475
587.38
457.581
869.868
931.213
869.586
587.122
457.523
528.784
678.871
931.023
1022.1
287.931
287.975
287.936
811.443
374.497
707.256
659.993
920.584
640.694
607.572
895.26
598.899
333.054
410.399
411.171
658.937
609.662
599.785
334.222
896.681
921.471
1025.13
1145.71
1018.1
1062.22
1161.69
1163.47
1054.45
776.725
754.789
395.62
995.087
659.862
1007.67
684.304
796.196
953.958
720.345
702.218
640.846
501.462
403.095
679.959
681.692
902.395
605.425
608.193
364.009
373.372
620.464
741.078
476.966
757.006
887.153
971.149
357.602
625.423
394.297
643.56
854.991
625.374
396.271
217.212
358.239
477.346
620.81
741.21
971.311
887.627
757.216
254.575
480.478
423.603
657.009
725.027
694.583
906.884
309.712
506.52
830.024
692.178
468.904
785.945
968.445
1049.33
918.188
1178.79
1057.79
1172.82
902.198
718.74
785.903
968.458
692.128
309.539
829.978
506.326
620.314
1157.43
1083.46
1046
1083.58
1172.56
1168.68
1120.17
254.215
423.333
694.663
907.123
458.196
480.218
725.295
892.819
1272.27
1032.25
1221.33
876.471
1197.94
765.609
480.808
915.666
833.017
1110.13
853.993
1042.93
750.122
289.234
287.963
1269.04
1297.67
566.157
1325.74
1379.95
876.373
1197.42
765.535
1230.14
892.639
1271.46
1031.98
748.468
1038.94
947.498
671.658
794.928
437.891
575.023
833.112
750.365
480.759
915.837
593.363
854.352
1110.43
1004.8
1083.22
895.67
732.231
459.599
593.204
845.354
802.022
1084.96
929.504
1172.06
801.879
1002.74
1084.86
1169.98
1176.27
1182.26
1116.57
1175.95
1175.61
1109.07
1012.72
955.156
1243.68
1199.77
1122.51
1080.44
773.008
1132.88
1302.95
1011.44
1254.23
932.487
833.209
1232.03
1080.15
955.033
772.657
1012.66
854.295
1122.31
1243.63
303.013
287.963
287.926
288.294
287.983
748.013
532.968
1224.58
1385.45
1165.93
946.076
1185.14
906.665
1140.48
914.57
1136.43
899.328
1137.12
1171.42
1382.79
1444.7
1133.53
1108.12
1310.78
875.873
861.285
1110.01
1083.88
868.353
847.228
1076.04
1106.29
1334.06
1076.52
1303.34
1141.13
1225.56
1198.45
1136.24
1165.76
1174.02
1169.07
1173.93
1198.11
1135.94
1165.72
1168.91
1225.34
1141.17
1057.36
868.097
655.854
907.373
1094.32
1272.34
1076.75
965.811
1097.89
1173.01
1173.18
1098.2
1376.56
1315.62
868.063
889.799
1057.38
1094.39
907.327
1272.46
1076.71
674.16
950.239
1120.85
1066.59
885.04
1306.48
1120.87
1019.09
914.455
1218.05
973.86
1358.06
1115.86
1151.54
1309.31
1305.28
1079.44
1259.29
1265.45
1395.24
1396.21
1132.5
1246.99
1305.34
1250.55
1303.98
1046.98
1036.61
1094.93
1310.38
1189.88
1058.51
1383.6
1213.77
1282.07
1213.69
1264.74
1022.09
1360.09
1531.29
1213.52
1457.18
1134.95
1327.61
1389.88
902.976
992.658
1107.75
1185.42
914.567
1358.08
1115.92
1019.22
749.425
974.143
1218.2
1023.32
1168.5
1349.53
948.16
1120.13
769.146
975.723
1213.72
1383.6
1282.04
1094.9
950.873
1189.78
1310.35
1509.35
1433.4
1293.2
1295.87
1065.08
1383.28
1238.58
1291.61
1114.78
1171.92
1345.24
1358.71
1400.25
1404
1114.64
1358.6
1325.64
1403.78
1344.97
1291.31
1400.05
1261.41
1053.35
1300.99
1147.03
1212.5
1261.33
1110.81
1303.65
1426.5
1457.98
1253.74
1000.6
1075.15
1320.16
369.275
865.339
870.983
847.237
836.781
357.075
351.574
1084.12
1316.11
1309.42
1280.88
1261.22
946.902
1005.49
947.086
1115.62
1309.44
1261.02
1280.75
1084.27
1316.16
1271.26
1545.74
1476.55
1487.18
1293.65
1484.78
1319.77
1482.06
1524.11
1474.91
1118.8
1315.13
1476.02
1299.54
1262.67
1300.37
1300.46
1467.55
1467.5
1543.61
1467.46
1271.2
1077.96
1476.51
1487.25
1484.78
1293.56
1545.87
1355.46
1431.25
1476.69
1431.29
1355.49
1376.4
1394.7
1400.14
1387.63
1417.42
1477.44
1303.27
1423.64
1379.94
340.494
357.895
849.344
764.251
811.371
340.468
325.638
1315.19
1306.45
924.116
849.177
1272.94
1324.22
691.01
1481.27
1454.12
1492.18
1491.98
1340.04
1190.12
1410.53
693.999
791.905
779.013
313.202
334.034
329.808
310.789
1477.63
1423.78
1303.59
1264.56
1417.62
1400.25
1387.86
1312.29
543.721
1182.15
523.234
1169.19
841.829
824.868
691.177
924.177
1273.04
1324.24
1306.42
1030.51
1315.27
1314.52
546.098
1184.15
835.287
530.159
1175.97
1315.91
1426.88
1372.37
1448.44
980.37
1328.08
1264.97
848.082
604.458
696.406
747.759
321.495
300.253
311.337
305.945
660.387
321.543
696.516
604.662
311.35
305.982
300.265
795.796
416.204
485.488
1066.91
1140.74
1310.27
1290.28
1297.54
692.425
399.376
1039.45
472.379
1125.83
776.989
1452.8
1559.92
1102.02
1477.08
1559.97
1553.87
1452.95
777.13
692.555
1269.3
472.358
1125.82
1039.52
399.44
731.449
1481.35
1505.49
1375.2
1345.5
1090.64
1167.96
1517.88
953.466
1401.96
1549.9
1516.35
1483.42
1405.46
1481.12
731.004
1090.16
1375.02
1505.42
1478.2
1167.78
734.61
1137.89
1138
324.65
1291.27
855.436
480.407
445.501
625.033
533.034
295.216
302.176
295.218
291.311
565.967
334.31
893.084
301.065
677.911
1061.93
413.35
399.705
362.12
487.053
290.091
295.629
292.915
289.234
427.283
1061.74
1418.21
920.482
1460.32
1140.38
652.416
413.544
301.103
1062.2
678.349
1203.93
893.326
334.396
847.041
155.493
835.07
160.989
876.818
879.259
154.222
142.409
179.767
179.64
158.327
151.408
181.481
175.821
155.475
452.141
836.504
443.128
847.508
449.799
456.78
843.843
183.025
159.491
183.264
157.69
182.254
184.429
158.067
182.105
150.776
178.251
181.328
157.008
184.179
154.861
160.389
161.062
159.759
159.47
160.05
158.894
160.007
160.554
160.512
160.192
158.537
160.653
158.237
159.305
165.471
161.347
184.469
189.187
163.093
163.828
187.509
159.563
157.475
158.948
156.408
158.445
157.261
158.102
450.3
843.027
449.565
449.617
838.193
449.233
842.961
172.026
172.261
146.587
146.606
174.315
176.956
151.256
869.037
467.921
461.374
455.288
860.483
461.748
853.414
463.304
857.651
454.026
870.303
460.22
452.717
852.616
731.63
384.448
289.733
341.795
1250.85
898.832
607.03
487.394
371.923
292.353
372.051
1374.4
980.921
772.938
287.98
290.174
290.007
287.966
289.637
289.476
287.962
367.535
308.701
750.951
631.178
288.496
298.306
324.713
288.158
288.992
351.55
327.257
421.059
290.585
288.567
287.954
287.967
289.658
289.164
287.945
287.954
288.775
316.141
290.257
288.18
305.807
427.089
811.196
491.372
291.851
290.265
305.855
811.509
427.442
491.534
288.18
288.406
287.938
288.465
287.95
288.994
288.882
287.948
287.934
288.67
287.942
287.936
288.421
288.165
287.931
288.164
287.934
288.293
288.669
287.937
287.942
288.421
290.448
288.742
342.255
476.321
288.103
291.547
299.973
288.065
287.928
287.926
288.012
287.926
287.927
287.948
287.927
287.928
288.056
287.932
288.208
288.057
287.928
287.983
287.926
287.926
287.926
288.079
287.938
288.115
287.926
291.66
288.356
313.832
303.49
289.816
288.172
287.955
290.042
287.957
287.929
295.113
288.633
288.032
287.937
287.926
288.052
287.931
288.258
287.955
288.754
296.854
287.945
288.246
287.945
289.232
287.991
289.234
310.47
287.935
288.247
287.946
287.926
287.931
287.926
287.928
287.929
287.926
287.937
287.943
287.926
287.97
287.927
287.926
287.977
287.928
287.926
287.926
287.926
287.927
287.93
287.933
287.926
287.927
287.926
287.926
287.926
287.926
287.93
287.926
287.927
287.926
287.926
287.926
287.935
287.926
287.926
287.926
287.932
287.926
287.926
287.926
287.933
287.926
287.935
287.926
287.926
287.926
287.956
287.926
287.926
287.926
287.926
287.926
287.927
287.926
287.926
287.927
287.926
287.926
287.926
287.926
287.926
287.926
287.926
287.926
287.926
287.926
287.926
287.926
287.926
287.926
287.926
287.926
287.926
287.926
287.926
287.926
287.926
287.926
287.926
287.926
287.926
287.926
287.926
287.926
287.926
287.926
287.926
287.926
287.926
287.926
287.926
287.926
287.926
287.926
287.926
)
;

boundaryField
{
    ground
    {
        type            zeroGradient;
    }
    outlet
    {
        type            zeroGradient;
    }
    wall
    {
        type            zeroGradient;
    }
    wall2
    {
        type            zeroGradient;
    }
    wall3
    {
        type            zeroGradient;
    }
    internalPatch
    {
        type            internal;
    }
    procBoundary5to1
    {
        type            processor;
        value           nonuniform List<scalar> 
483
(
287.926
287.926
287.926
287.926
287.926
287.926
287.926
287.926
287.927
287.927
287.928
287.929
287.93
288.138
299.026
588.604
588.604
441.527
327.807
294.442
325.3
845.89
1364.8
1411.45
1210.13
941.844
631.136
350.821
216.343
179.484
168.157
166.074
177.865
268.443
701.391
1189.05
1186.42
1195.32
1211.15
1229.19
1251.4
1293.45
1381.64
1545.42
1795.66
1795.82
1546.14
1546.14
1822.32
1874.36
1673.25
1523.68
1435.65
1395.5
1384.43
1384.43
1548.8
1791.33
2077.13
1906.16
1670.55
1437.07
1349.52
1328.87
1323.69
1301.4
1196.85
899.729
452.367
295.426
288.117
287.93
287.926
287.926
287.926
287.928
287.986
287.986
287.927
287.926
287.926
287.926
287.926
287.926
287.926
287.926
287.926
287.926
287.927
287.93
287.943
287.97
288.012
288.065
288.113
297.9
574.543
574.543
428.616
323.079
293.501
319.562
821.043
1356.75
1414.16
1220.07
957.49
659.621
381.332
229.036
185.373
171.602
168.806
181.336
276.254
705.999
724.504
765.999
831.837
931.302
1064.06
1238.08
1469.81
1751.22
1751.25
1469.9
1469.9
1767.03
1799.25
1580.11
1387.8
1249.62
1152.84
1093.25
1093.25
1360.31
1639.51
1493.36
1368.51
1313.92
1290.27
1312.72
1363.44
1414.85
1386.34
1089.52
538.222
297.399
288.113
287.929
288.051
291.773
291.773
289.441
287.95
287.926
287.926
287.926
287.926
287.928
287.959
288.339
287.932
287.98
288.223
288.991
290.583
292.91
295.613
539.681
539.681
399.552
313.814
291.66
308.708
751.095
1328.07
1426.55
1253.32
1000.31
732.116
459.793
277.974
207.801
187.11
182.986
198.511
302.209
367.673
501.924
703.234
947.449
1186.18
1449.95
1687.61
1687.57
1449.25
1449.25
1686.51
1688.8
1510.44
1301.82
1122.03
965.787
839.761
839.761
1197.94
1102.56
1063.15
1047.13
1086.6
1169.91
1296.17
1429.17
1442.34
1143.23
541.828
295.436
470.224
470.224
374.647
314.051
288.352
287.933
287.927
287.926
287.926
287.928
287.959
288.339
291.711
291.711
307.287
351.526
420.99
486.885
486.885
362.058
303.479
289.814
298.296
631.129
1264.91
1448.09
1319.74
1074.78
845.041
593.12
392.055
280.263
236.364
228.323
257.029
405.208
643.396
908.746
1141.95
1381.8
1535.62
1535.67
1380.97
1380.97
1527.97
1515.55
1405.19
1225.53
1050.63
880.643
728.614
728.614
680.741
686.892
767.405
909.201
1063.49
1241.9
1425.02
1444.86
1110.28
1110.28
971.932
761.795
494.178
293.08
288.008
287.936
287.927
287.926
287.926
287.926
287.929
287.98
288.46
291.707
307.287
351.526
420.99
327.222
295.102
288.631
291.537
476.038
1140.14
1459.99
1410.18
1189.9
975.438
769.017
575.486
439.568
375.07
365.482
607.913
877.893
1111.42
1334.34
1456.7
1456.75
1333.62
1333.62
1450.49
1436.51
1354.69
1189.02
1013.92
837.397
680.741
686.892
767.405
909.201
1063.49
1241.9
1425.02
1444.86
1404.96
1304.11
1097.39
756.87
320.279
288.521
287.973
288.029
287.927
287.926
287.927
287.927
287.926
287.93
287.98
288.338
290.038
302.998
288.115
288.738
342.054
919.944
1417.82
1491.7
1339.98
1120.02
948.07
795.18
672.72
610.227
862.662
1084.95
1305.59
1424.1
1424.11
1304.97
1304.97
1421.48
1408.91
1328.09
1165.18
996.908
833.627
895.629
1006.82
1139.22
1316.9
1459.74
1483.42
1448.33
1273.36
899.132
390.796
290.46
293.915
458.323
291.474
287.979
287.979
287.928
287.926
287.926
287.926
287.929
287.959
288.051
296.813
606.31
1250.25
1516.03
1483.31
1299.63
1118.85
992.881
903.717
1108.41
1319.9
1431.28
1431.28
1319.52
1319.52
1430.33
1416.79
1345.8
1193.51
1038.47
1124.11
1253.85
1411.91
1481.73
1477.54
1303.24
1394.32
1043.07
491.407
1067.1
1067.1
458.323
291.474
288.078
288.078
287.928
287.926
287.927
287.938
288.75
341.559
898.096
1405
1549.7
1475.97
1315.31
1185.77
1381.79
1466.73
1466.78
1381.67
1381.67
1463.07
1442.23
1400.39
1270.94
1382.87
1465
1441.99
1482.44
1471.72
1542.4
1463.04
1463.04
1107.43
552.851
296.98
296.964
457.883
291.461
287.979
1066.6
1462.78
1542.24
1471.67
1494.23
1494.33
1471.72
1542.4
1427.67
1427.52
1107.2
552.579
)
;
    }
    procBoundary5to2
    {
        type            processor;
        value           nonuniform List<scalar> 
144
(
320.906
293.78
294.545
325.748
847.588
828.011
767.424
310.721
292.071
316.654
325.188
328.676
444.686
592.928
585.769
557.423
510.626
1067.35
1324.88
1198.3
956.133
622.431
311.13
180.734
146.075
142.99
144.984
145.387
146.548
153.186
201.356
574.68
1064.86
1147.73
1237.92
1310.04
1319.83
1270.02
1228.26
1201.45
713.611
276.849
182.359
168.915
170.71
182.262
219.918
354.093
634.126
944.463
1213.03
1414.18
1366.45
1362.53
1341.02
1289.12
659.427
300.168
290.18
306.153
375.136
411.533
436.442
890.677
1339.12
1322.1
1101.78
835.091
508.019
257.933
170.651
148.489
144.893
143.671
144.084
151.946
216.274
632.876
717.065
829.176
873.83
796.459
744.351
300.925
194.281
177.007
178.667
192.3
235.923
387.771
666.705
963.949
1227.15
1421.1
1437.45
1463.47
1431.58
1414.65
937.058
347.281
603.498
1237.39
1417.76
1273.1
1025.62
752.754
457.948
255.022
183.174
163.285
157.167
157.066
170.88
260.731
377.591
450.595
350.779
221.994
198.127
199.341
217.83
283.705
466.412
740.69
1008.9
1263.06
1330.09
1224.05
979.36
726.023
478.556
308.381
231.024
209.672
209.497
239.049
294.488
250.019
250.548
287.829
396.501
597.813
851.696
1082.36
)
;
    }
    procBoundary5to3
    {
        type            processor;
        value           nonuniform List<scalar> 
709
(
287.926
287.926
287.926
287.926
287.926
287.926
287.926
287.926
287.926
287.926
287.926
287.926
287.926
287.926
287.926
287.926
287.926
287.926
287.926
287.926
287.926
287.926
287.926
287.926
287.926
287.926
287.926
287.926
287.926
287.926
287.926
287.926
287.926
287.926
287.926
287.929
287.96
287.927
287.931
287.926
287.926
287.926
287.926
287.926
287.926
287.926
287.926
287.926
287.926
287.926
287.926
287.926
287.926
287.926
287.926
287.926
287.926
287.926
287.926
287.926
287.926
287.926
287.926
287.926
287.926
287.926
287.926
287.926
287.926
287.926
287.926
287.931
288.026
288.92
292.878
288.096
288.334
287.939
287.945
287.926
287.926
287.926
287.926
287.926
287.926
287.926
287.926
287.926
287.926
287.931
287.93
287.927
287.926
287.932
287.926
287.926
287.926
287.926
287.926
287.932
288.204
287.938
287.938
287.926
287.926
287.926
287.926
287.926
287.926
287.926
287.926
287.926
287.926
287.926
287.926
287.926
287.931
288.058
290.368
310.911
384.619
474.412
299.451
304.653
288.526
288.72
287.95
288.002
287.928
287.926
287.926
287.926
287.926
287.926
287.926
287.926
287.941
287.933
288.067
288.041
288.004
287.957
288.44
288.032
287.937
287.926
287.926
287.926
287.928
288.026
292.922
292.922
288.204
287.931
287.926
287.926
287.926
287.926
287.926
287.926
287.926
287.926
287.926
287.926
287.926
287.926
287.926
287.926
287.926
287.926
287.955
287.928
288.011
290.407
330.042
545.531
948.251
1242.39
1389.16
1201.81
766.052
340.614
289.316
287.955
287.926
287.926
287.926
287.926
287.931
288.018
289.167
291.25
294.316
297.075
298.348
350.756
498.767
652.012
652.012
304.05
288.239
287.932
287.926
287.926
287.927
287.927
287.927
287.927
287.927
287.927
287.927
287.927
287.926
287.926
287.926
287.926
287.926
287.926
287.926
287.926
287.926
287.926
287.926
287.926
287.926
287.926
287.926
287.926
287.926
287.927
287.927
287.926
287.926
287.926
287.926
287.926
287.926
287.933
288.185
294.877
382.487
659.537
874.525
981.935
1028.64
1055.59
1164.48
1550.84
1961.19
2201.84
2217.12
2220.06
2219.8
2216.74
2197.24
2134.38
1986.28
1696.88
1210.98
589.531
310.022
288.732
287.949
287.926
287.926
287.926
287.927
287.992
292.116
468.087
1320.29
1992.07
2274.52
2024.04
1421.72
783.314
565.813
524.537
310.051
361.8
290.724
351.655
289.571
287.959
287.926
287.926
287.926
287.926
287.926
287.926
287.934
288.145
292.451
288.232
292.802
290.237
289.799
289.19
302.748
294.434
289.222
288.061
287.934
287.926
287.926
287.951
289.164
342.78
342.78
288.938
288.014
287.927
287.926
287.926
287.926
287.932
287.926
287.934
287.926
287.926
287.926
287.929
287.926
287.927
287.926
287.926
287.926
287.926
287.931
288.178
298.044
289.042
319.193
595.107
947.411
493.45
287.948
288.258
291.616
299.586
313.017
329.879
344.345
485.122
637.225
637.225
302.433
288.203
287.931
287.926
287.926
287.927
287.927
287.927
287.927
287.927
287.927
287.927
287.927
287.926
287.926
287.926
287.926
287.926
287.926
287.926
287.926
287.926
287.926
287.926
287.926
287.926
287.926
287.926
287.926
287.926
287.926
287.928
287.928
287.926
287.926
287.926
287.926
287.926
287.926
287.936
288.273
297.213
408.88
703.295
914.271
1020.81
1067.41
1094.15
1202.08
1579.85
1979.86
1985.77
1984.37
1970.63
1926.3
1822.19
1619.31
1274.17
778.124
362.532
292.19
288.082
287.93
287.926
287.926
287.926
287.926
287.938
288.652
324.906
864.458
1601.69
876.092
347.257
636.91
337.105
313.68
309.036
420.927
385.105
333.753
299.075
289.07
287.993
287.928
287.926
287.926
287.951
289.164
342.78
288.938
287.943
287.943
287.926
287.926
287.929
287.977
288.556
288.017
288.812
288.022
287.933
287.986
288.641
294.06
311.232
349.029
400.721
451.198
599.303
599.303
299.14
288.133
287.93
287.926
287.926
287.926
287.927
287.927
287.927
287.927
287.927
287.927
287.926
287.926
287.926
287.926
287.926
287.926
287.926
287.926
287.926
287.926
287.926
287.926
287.926
287.926
287.926
287.926
287.926
287.928
287.928
287.926
287.926
287.926
287.926
287.926
287.926
287.936
288.281
297.44
411.704
707.365
917.504
1023.13
1069.15
1095.69
1204.61
1584.72
1576.45
1533.88
1438.11
1268.98
1003.15
534.135
447.081
663.779
628.953
578.303
475.889
342.243
294.686
288.305
287.94
287.926
287.926
287.926
287.926
287.926
287.95
287.926
287.926
287.926
287.926
287.926
287.926
287.929
287.977
288.556
293.645
293.645
316.159
379.843
467.55
541.327
541.327
295.31
288.054
287.928
287.926
287.926
287.926
287.926
287.927
287.927
287.927
287.927
287.926
287.926
287.926
287.926
287.926
287.926
287.926
287.926
287.926
287.926
287.926
287.926
287.926
287.926
287.926
287.926
287.927
287.927
287.926
287.926
287.926
287.926
287.926
287.926
287.934
288.206
295.497
390.674
676.654
891.925
997.666
1044.19
1071.96
1185.68
1116.23
986.378
789.789
852.965
821.825
772.109
659.359
457.524
312.101
289.412
287.983
287.927
287.926
287.926
287.926
287.926
287.926
287.926
287.926
287.926
287.926
287.926
287.926
287.926
287.926
287.926
287.926
287.926
287.926
287.935
288.007
288.362
316.159
379.843
467.55
291.935
287.992
287.927
287.926
287.926
287.926
287.926
287.926
287.926
287.926
287.926
287.926
287.926
287.926
287.926
287.926
287.926
287.926
287.926
287.926
287.926
287.926
287.926
287.927
287.927
287.926
287.926
287.926
287.926
287.926
287.926
287.93
288.079
292.051
348.788
588.691
806.899
914.533
962.63
990.168
287.926
287.926
287.926
287.926
287.926
287.926
287.926
287.926
287.926
287.926
287.926
287.926
287.926
287.926
287.926
287.926
287.926
287.927
287.933
287.952
289.52
287.926
287.926
287.926
287.926
287.926
287.926
287.926
287.926
287.926
287.926
287.926
287.926
287.926
287.926
287.926
287.926
287.926
287.926
287.926
287.926
287.926
287.926
287.926
287.926
287.926
287.926
)
;
    }
    procBoundary5to4
    {
        type            processor;
        value           nonuniform List<scalar> 
664
(
287.943
288.716
324.646
772.162
1207.07
1186.35
1112.33
926.369
620.995
348.089
339.827
322.734
305.51
305.51
288.922
287.968
287.927
288.007
292.703
474.683
1070.74
1439.26
1479.08
1383.18
1366.08
1442.57
1451.23
1318.78
1318.78
1363.03
1384.74
1422.52
1582.15
1886.96
2096.43
2184.82
1927.54
1683.79
1515.95
1515.95
1431.94
1384.47
1349.89
1311.65
1269.05
1234.76
1216.41
1129.91
1051.29
988.265
946.187
921.628
904.172
887.643
869.495
847.723
866.116
848.292
843.267
852.749
831.251
846.97
861.418
876.17
893.607
893.607
913.823
936.049
963.077
516.036
191.672
153.169
149.668
147.89
146.346
144.984
141.621
146.728
186.494
328.838
678.107
1027.03
1235.26
1165.37
1176.18
1178.87
1176.41
1176.41
712.092
313.966
288.481
287.938
287.951
287.967
287.98
287.987
287.992
287.999
288.001
287.997
287.981
287.96
289.465
353.23
853.912
1195.56
1097.12
1168.58
1248.1
1317.24
1346.41
1248.91
931.947
910.332
844.187
725.745
725.745
350.697
290.591
426.441
1053.94
1452.21
1487.46
1336.78
1162.46
1145.89
1288.14
1423.47
1490.43
1490.43
1467.31
1470.03
1513.63
1609.82
1769.26
1864.51
1589.69
1363.7
1363.7
1205.37
1066.73
946.822
854.388
786.617
744.592
724.192
632.373
571.103
531.264
509.148
497.705
490.368
483.407
465.614
554.847
515.917
410.084
713.596
673.023
667.579
699.947
400.027
501.574
538.048
449.734
464.739
470.814
477.968
477.968
488.9
501.016
189.248
154.419
151.454
149.564
147.414
145.206
141.299
143.693
173.743
277.794
587.46
978.061
1204.47
1185.19
1176.87
1176.87
1109.44
1178.24
796.955
335.461
289.028
289.687
290.206
290.439
290.674
290.982
291.097
290.957
290.336
382.639
900.713
1174.79
1041.52
686.961
782.154
907.631
1033.51
1158.94
1298.79
1408.25
1407.24
1404.18
1385
1334.52
1334.52
941.368
1427.02
1484.55
1317.19
1101.86
921.775
897.978
1054.03
1219.88
1402.34
1402.34
1341.09
1329.5
1364.21
1422.54
1513.23
1254.86
1254.86
1037.07
798.192
582.897
425.873
338.944
298.783
283.797
224.428
202.742
197.772
196.242
196.182
196.537
195.242
198.348
190.304
180.395
283.417
258.952
217.504
207.558
400.64
396.847
206.026
213.018
251.572
273.376
175.968
184.087
190.155
187.154
187.195
185.401
185.401
187.406
155.463
152.968
151.137
148.728
146.13
141.698
142.835
168.356
255.406
537.55
945.569
931.004
931.004
811.257
716.458
1055.51
1163.78
851.397
358.905
375.528
381.575
388.276
398.296
402.642
400.412
914.466
1155.71
1006.46
632.952
307.233
333.833
389.789
490.333
662.898
879.256
1064.24
1245.39
1417.87
1427.12
1447.21
1477.69
1477.69
1329.7
1085.24
863.533
616.002
595.216
806.714
997.941
1182.51
1182.51
1114.25
1099.38
1133.66
1178.94
1178.94
956.223
692.854
445.543
285.853
220.723
197.104
189.085
158.543
153.163
157.178
159.459
161.864
164.002
164.402
162.982
162.599
169.147
165.131
162.352
162.01
171.952
165.658
163.888
163.435
163.959
169.032
160.462
159.65
161.823
164.499
159.139
159.021
159.77
158.58
155.903
155.903
153.877
152.02
149.462
146.711
142.074
142.68
166.376
247.5
517.844
517.844
409.878
349.865
320.013
659.128
1020.41
1147.78
872.806
873.815
878.548
894.035
906.877
1140.17
989.622
612.814
297.932
184.6
186.266
192.761
207.436
238.536
315.267
485.491
732.494
982.541
1200.74
1217.75
1257.3
1329.7
1085.24
863.533
616.002
413.328
595.216
806.714
997.941
1182.51
1114.25
1099.38
1133.66
911.838
648.409
398.174
252.434
202.108
182.458
175.747
150.427
146.888
151.633
155.34
158.581
161.061
162.62
162.566
161.549
162.412
162.998
162.411
162.981
162.814
163.595
162.145
162.133
162.019
161.496
162.991
161.795
161.233
159.986
161.149
159.696
157.762
158.248
158.856
157.216
153.877
152.02
149.462
146.711
142.074
142.68
166.376
247.5
212.509
196.583
189.266
186.903
307.238
633.182
1004.47
1137.21
1134.37
1133.04
989.564
612.081
297.931
185.394
153.47
152.306
151.768
152.896
156.464
164.975
184.05
232.959
377.118
644.542
940.708
963.772
1010.89
749.601
480.12
295.662
226.307
299.164
461.012
692.482
917.642
886.437
640.405
401.299
256.9
205.486
185.243
177.913
150.854
145.527
149.505
152.972
156.125
159.231
161.619
161.876
162.427
161.624
162.501
163.084
163.928
163.875
163.706
164.559
164.358
163.363
163.197
164.163
164.009
163.003
162.573
162.84
161.561
160.254
158.332
159.569
158.524
159.153
155.866
153.027
149.426
143.817
141.635
157.167
153.476
152.46
153.082
153.913
186.588
302.871
623.139
1000.17
146.447
146.56
145.331
143.711
142.593
142.603
143.843
147.204
160.428
200.686
335.347
630.941
670.266
394.37
244.329
200.087
190.138
153.825
145.203
147.545
150.483
153.014
155.961
158.712
160.745
162.361
162.948
163.285
163.19
163.746
163.474
163.756
164.586
164.436
164.256
164.158
163.2
162.835
162.646
161.733
161.155
160.935
160.398
159.277
156.517
152.572
146.368
141.773
143.217
145.109
151.77
153.357
153.619
152.386
150.365
147.93
145.796
144.557
143.329
142.389
154.334
197.515
353.991
227.327
162.484
144.751
144.758
147.94
149.671
151.858
154.421
156.725
158.344
161.282
162.349
163.368
162.63
163.068
162.822
162.56
162.911
164.211
164.129
163.93
163.813
162.528
161.878
161.735
161.543
161.184
162.212
161.265
160.151
157.629
155.48
149.29
157.311
157.838
158.007
157.824
159.929
161.683
161.431
162.399
162.831
163.223
163.038
162.998
162.763
162.75
162.725
162.027
161.595
160.717
161.202
159.412
158.614
158.932
160.688
161.606
161.914
161.368
161.459
160.414
)
;
    }
}


// ************************************************************************* //
