/*--------------------------------*- C++ -*----------------------------------*\
  =========                 |
  \\      /  F ield         | OpenFOAM: The Open Source CFD Toolbox
   \\    /   O peration     | Website:  https://openfoam.org
    \\  /    A nd           | Version:  9
     \\/     M anipulation  |
\*---------------------------------------------------------------------------*/
FoamFile
{
    format      ascii;
    class       volVectorField;
    location    "0.0001";
    object      rhoU;
}
// * * * * * * * * * * * * * * * * * * * * * * * * * * * * * * * * * * * * * //

dimensions      [1 -2 -1 0 0 0 0];

internalField   nonuniform List<vector> 
2259
(
(0.00889692 -0.000595524 0.000145535)
(4.98931e-10 -2.14435e-11 8.64769e-12)
(2.17188e-12 -5.70136e-14 2.11826e-14)
(6.42001e-15 0 0)
(0.00100579 0.000119694 1.41831e-05)
(2.67918e-09 2.55327e-11 5.29285e-11)
(8.64304e-12 4.47851e-14 8.91973e-14)
(2.27466e-14 0 3.50055e-17)
(8.33762e-08 3.59439e-08 1.24375e-09)
(4.07542e-11 1.05894e-11 7.95442e-13)
(2.24717e-13 4.99706e-14 2.33487e-15)
(3.50055e-16 0 0)
(1.48146e-10 1.07017e-10 3.14953e-12)
(6.33505e-13 3.07537e-13 9.2006e-15)
(2.79035e-15 4.89198e-16 0)
(0 0 0)
(7.07043e-13 7.70751e-13 8.64591e-15)
(3.83514e-15 3.28203e-15 0)
(1.39837e-61 0 0)
(0 0 0)
(3.01048e-15 4.06145e-15 4.54172e-15)
(-1.65124e-67 0 0)
(2.50749e-58 0 0)
(0 0 0)
(4.10299e-16 2.5204e-15 -4.53581e-15)
(-3.20303e-53 0 -4.54747e-15)
(-6.07575e-65 0 0)
(4.40718e-55 0 0)
(0 0 0)
(1.39651e-45 0 -3.59024e-24)
(-4.62144e-50 0 -4.54747e-15)
(5.96065e-62 0 0)
(7.29029e-52 0 0)
(0 0 0)
(5.03222e-09 -4.75374e-10 2.94233e-09)
(1.63142e-11 -9.38009e-13 4.96404e-12)
(5.29432e-14 -1.33021e-15 1.2483e-14)
(0 0 0)
(2.28987e-08 4.65401e-11 1.27786e-08)
(1.4945e-10 7.12871e-13 4.22346e-11)
(3.37548e-13 7.69712e-16 6.78656e-14)
(2.80044e-16 0 0)
(5.93385e-10 2.14208e-10 3.1367e-10)
(2.74418e-12 7.48295e-13 7.70937e-13)
(1.14723e-14 1.3992e-15 1.43173e-15)
(0 0 0)
(4.45464e-12 3.31488e-12 1.94825e-12)
(2.44231e-14 1.32844e-14 6.86081e-15)
(-6.8961e-64 0 0)
(0 0 0)
(2.21726e-14 2.58596e-14 8.7771e-15)
(-1.30489e-68 0 0)
(1.07579e-59 0 0)
(0 0 0)
(0 3.36596e-17 8.71185e-18)
(-7.39944e-66 0 0)
(1.31447e-56 0 0)
(0 0 0)
(1.03637e-17 0 9.24556e-18)
(-7.14395e-51 0 0)
(1.76789e-63 0 0)
(1.68405e-53 0 0)
(0 0 0)
(1.58359e-43 0 0)
(-8.55845e-48 0 0)
(6.25616e-60 0 0)
(2.19466e-50 0 0)
(0 0 0)
(1.49161e-11 -1.13124e-12 1.48577e-11)
(6.8154e-14 -2.66042e-15 4.48763e-14)
(5.49478e-19 0 0)
(0 0 0)
(1.05164e-10 9.71016e-13 1.21321e-10)
(3.94245e-13 1.67927e-15 2.92555e-13)
(6.29374e-16 0 2.45039e-16)
(0 0 0)
(2.4912e-12 8.89941e-13 2.48845e-12)
(1.61347e-14 2.65825e-15 1.03687e-14)
(1.54586e-63 0 0)
(0 0 0)
(2.39532e-14 1.79983e-14 2.0954e-14)
(9.24634e-72 0 0)
(1.68423e-60 0 0)
(0 0 0)
(0 4.38816e-17 2.98305e-17)
(7.72689e-69 0 0)
(1.63806e-57 0 0)
(0 0 0)
(0 0 0)
(5.61463e-66 0 0)
(1.46394e-54 0 0)
(0 0 0)
(3.48029e-20 0 0)
(-5.57249e-55 0 0)
(3.33771e-63 0 0)
(1.19696e-51 0 0)
(0 0 0)
(0 0 0)
(-9.95577e-52 0 0)
(1.75878e-60 0 0)
(8.93023e-49 0 0)
(0 0 0)
(3.63359e-14 -1.47023e-15 5.31315e-14)
(1.83212e-19 0 0)
(4.2819e-68 0 0)
(0 0 0)
(1.77027e-13 1.41709e-15 2.89562e-13)
(3.49813e-16 0 6.301e-16)
(1.5709e-65 0 0)
(0 0 0)
(9.55166e-15 1.94962e-15 1.2816e-14)
(8.18559e-77 3.01693e-26 0)
(7.31448e-62 2.63614e-30 0)
(0 0 0)
(0 1.6049e-17 3.34787e-17)
(6.73355e-74 0 0)
(7.80717e-59 0 0)
(0 0 0)
(0 0 0)
(6.68867e-71 0 0)
(7.7284e-56 0 0)
(0 0 0)
(0 0 0)
(6.57903e-68 0 0)
(7.07917e-53 0 0)
(0 0 0)
(5.64935e-23 0 0)
(-6.17273e-53 0 0)
(4.77113e-65 0 0)
(6.00195e-50 0 0)
(0 0 0)
(0 0 0)
(-1.05268e-49 0 0)
(3.20246e-62 0 0)
(4.73618e-47 0 0)
(0 0 0)
(0 0 1.44186e-20)
(0 0 0)
(3.386e-96 0 0)
(0 0 0)
(0 0 0)
(0 0 0)
(0 0 0)
(0 0 0)
(0 0 0)
(0 0 0)
(0 0 0)
(0 0 0)
(9.44639e-26 0 0)
(0 0 0)
(0 0 0)
(0 0 0)
(0 0 0)
(0 0 -1.59888e-39)
(0 0 -1.06182e-36)
(0 0 -6.36932e-34)
(0 0 -5.51969e-32)
(0 0 -6.37992e-34)
(0 0 0)
(0 0 0)
(0 0 0)
(0 0 0)
(0 0 0)
(0 0 0)
(0 0 0)
(0 0 0)
(0 0 0)
(0 0 0)
(0 0 0)
(0 0 0)
(1.05398e-28 0 0)
(0 0 0)
(0 0 0)
(0 0 0)
(0 0 0)
(0 0 0)
(0 0 0)
(0 0 0)
(0 0 0)
(0 0 0)
(0 0 1.77892e-19)
(0 0 0)
(0 0 0)
(0 0 0)
(0 0 4.46145e-15)
(0 0 0)
(0 0 0)
(0 0 0)
(0 0 0)
(0 0 0)
(0 0 0)
(0 0 0)
(1.28285e-31 0 0)
(0 0 0)
(0 0 0)
(0 0 0)
(0 0 0)
(0 0 0)
(0 0 0)
(0 0 0)
(0 0 0)
(0 0 0)
(0 0 0)
(0 0 0)
(0 0 0)
(0 0 -8.43699e-17)
(0 0 0)
(0 0 0)
(0 0 0)
(2.01427e-34 0 -1.47761e-22)
(0 0 0)
(0 0 0)
(0 0 0)
(0 0 0)
(0 0 0)
(0 0 0)
(0 0 0)
(0 0 0)
(0 0 0)
(0 0 0)
(0 0 0)
(0 0 0)
(0 0 0)
(7.42213e-37 0 0)
(0 0 0)
(0 0 0)
(0 0 0)
(0 0 0)
(0 0 0)
(0 0 0)
(0 0 0)
(0 0 0)
(0 0 0)
(0 0 0)
(0 0 0)
(0 0 0)
(0 0 0)
(4.18296e-40 0 0)
(0 0 0)
(0 0 0)
(0 0 0)
(0 0 0)
(0 0 0)
(0 0 0)
(0 0 0)
(0 0 0)
(0 0 0)
(75.2446 -55.2752 6.74332)
(0 0 3.85662e-17)
(0 0 0)
(3.93868e-98 0 0)
(0 0 0)
(0 7.33434e-20 3.64251e-16)
(0 0 0)
(2.06953e-96 0 0)
(0 0 0)
(0 2.19801e-19 1.07925e-17)
(0 7.6741e-23 0)
(9.34281e-95 1.50821e-26 0)
(0 1.31807e-30 0)
(0 0 0)
(0 0 0)
(0 0 0)
(0 0 0)
(0 0 0)
(0 0 0)
(0 0 0)
(0 0 0)
(0 0 0)
(0 0 0)
(0 0 0)
(0 0 0)
(0 0 0)
(0 0 0)
(0 0 0)
(0 0 0)
(0 0 0)
(0 0 0)
(0 0 0)
(0 0 0)
(0 0 2.5601e-26)
(0 0 0)
(0 0 0)
(0 0 0)
(0 0 0)
(0 0 0)
(0 0 0)
(0 0 0)
(0 0 0)
(0 0 0)
(0 0 0)
(0 0 0)
(0 0 0)
(0 0 0)
(0 0 0)
(0 0 0)
(0 0 0)
(0 0 0)
(0 0 0)
(0 0 0)
(0 0 -4.24759e-15)
(0 0 0)
(0 0 0)
(0 0 0)
(0 0 0)
(0 0 0)
(0 0 0)
(0 0 0)
(0 0 0)
(0 0 0)
(0 0 0)
(0 0 0)
(0 0 0)
(0 0 0)
(0 0 0)
(0 0 0)
(0 0 0)
(0 0 0)
(0 0 0)
(0 0 0)
(0 0 0)
(0 0 0)
(0 0 0)
(0 0 0)
(0 0 0)
(0 0 0)
(0 0 0)
(0 0 0)
(0 0 0)
(0 0 0)
(0 0 0)
(0 0 0)
(0 0 0)
(0 0 0)
(0 0 0)
(0 0 0)
(0 0 0)
(0 0 0)
(0 0 0)
(0 0 0)
(0 0 0)
(0.00382272 -0.000877424 6.15819e-05)
(8074.02 -2966.6 841.379)
(1.27636 -0.135227 0.0339533)
(0.000869969 -0.000526456 0.00083381)
(6.12042e-06 -2.07119e-06 2.94382e-06)
(9.97919 -2.97709 10.4041)
(0.00190338 -0.000144853 0.000751788)
(84.4335 -40.1132 36.5751)
(4264.38 -2612.76 509.647)
(1892.36 -703.483 206.154)
(4060.29 -1620.5 1620.36)
(1589.83 -1018.17 732.598)
(519.337 -206.481 226.16)
(523.808 -298.254 58.1615)
(1.63611 -0.462931 1.07434)
(514.09 -227.388 312.116)
(0.975233 -0.358429 1.17525)
(0.184289 -0.0302075 0.177951)
(81.9457 -45.4503 58.8334)
(16.3595 -4.18872 11.1343)
(0.0152902 -0.0035698 0.013785)
(0 0 0)
(-1.02709e-17 0 -4.76037e-17)
(0 3.29052e-15 -4.54747e-15)
(0 0 0)
(0 0 5.93962e-20)
(0 0 6.18738e-18)
(0 0 0)
(0 0 0)
(0 0 0)
(0 0 0)
(0 0 0)
(0 0 0)
(0 0 1.95321e-38)
(0 0 -1.16037e-62)
(0 0 -1.37123e-44)
(0 0 0)
(0 0 0)
(0 0 0)
(0 0 0)
(0 0 0)
(0 0 0)
(0 0 0)
(0 0 0)
(0 0 -1.99643e-28)
(0 0 0)
(0 0 -9.0452e-33)
(0 0 0)
(0 0 0)
(0 0 0)
(0 0 0)
(0 0 0)
(0 0 0)
(0 0 0)
(0 0 0)
(0 0 0)
(9953.92 -894.93 1020.83)
(5.82033e-06 6.31372e-06 3.37811e-06)
(8.96591e-08 4.17901e-07 8.50972e-08)
(-2.35882e-08 5.23482e-07 1.02778e-08)
(7.38315e-11 1.18679e-09 3.7694e-11)
(-8.24699e-13 1.71e-10 2.83018e-12)
(2.15278e-12 2.80098e-11 4.85368e-13)
(-1.68027e-15 9.51651e-13 4.92804e-15)
(8.57638e-15 1.59864e-13 1.32428e-15)
(1.16137e-17 7.00111e-17 -4.55375e-21)
(1.03244e-05 -5.66442e-06 1.18266e-05)
(0.00738073 -0.000879792 0.00837723)
(2.07247e-06 3.56874e-06 3.41046e-06)
(6.52626e-09 4.18583e-09 4.71419e-09)
(1.2936e-09 5.45977e-09 3.15201e-09)
(-5.24766e-12 6.44615e-10 2.97894e-10)
(1.26499e-11 1.63672e-10 6.40402e-11)
(-1.89224e-14 2.86839e-12 9.6108e-13)
(5.32768e-14 9.12911e-13 2.24289e-13)
(0 1.43092e-14 4.60186e-15)
(1.98524e-23 4.4053e-15 4.20066e-16)
(2.40543e-20 0 0)
(1.49952e-07 -4.2588e-07 1.21724e-06)
(1.57789e-09 -2.26204e-10 2.63699e-09)
(0.000184511 -0.000115492 0.00174884)
(4.38331e-09 6.80147e-11 9.24593e-09)
(7.89039e-10 1.26064e-09 3.41265e-09)
(1.85152e-10 1.09589e-10 3.38002e-10)
(1.4893e-11 1.23177e-10 1.48077e-10)
(1.96195e-12 2.74725e-12 3.61598e-12)
(-2.45848e-14 2.91293e-12 2.45225e-12)
(8.92231e-14 1.14216e-12 8.59465e-13)
(0 1.66635e-14 1.04819e-14)
(0 6.76287e-15 3.76362e-15)
(0 0 0)
(2.65961e-26 0 0)
(1.58317e-23 0 0)
(2.15158e-11 -1.35385e-11 3.39054e-10)
(3.27233e-12 -4.25091e-13 8.92089e-12)
(7.24053e-11 1.35811e-11 1.12091e-09)
(1.52252e-11 3.8922e-13 5.54375e-11)
(5.0981e-12 1.14875e-11 6.61438e-11)
(6.78341e-13 3.87537e-13 1.67259e-12)
(6.96519e-14 5.63743e-13 9.30775e-13)
(7.16711e-15 9.69168e-15 1.80108e-14)
(0 1.39685e-14 1.38765e-14)
(7.00111e-17 5.79214e-15 5.97934e-15)
(0 0 0)
(0 0 0)
(0 0 0)
(1.18319e-29 0 0)
(8.49552e-27 0 0)
(5.46909e-14 -2.81065e-14 1.17116e-12)
(5.55183e-15 -4.20066e-16 2.42068e-14)
(1.67591e-13 1.84026e-14 3.47547e-12)
(2.0539e-14 2.09975e-16 1.07195e-13)
(1.7412e-14 4.06874e-14 3.76959e-13)
(1.60689e-15 4.1989e-16 6.66021e-15)
(0 1.40643e-15 4.76852e-15)
(4.4291e-23 0 0)
(0 0 2.17932e-17)
(0 0 0)
(0 0 0)
(0 0 0)
(0 0 -9.0859e-67)
(4.41515e-33 0 0)
(3.78053e-30 0 -5.17788e-42)
(0 0 2.60147e-15)
(-2.45508e-35 0 0)
(0 0 7.98983e-15)
(-1.36071e-32 0 3.50055e-17)
(0 0 9.50081e-16)
(3.37086e-29 0 0)
(0 0 0)
(3.6617e-26 0 0)
(0 0 0)
(0 0 0)
(0 0 0)
(0 0 0)
(2.78181e-36 0 0)
(1.41106e-33 0 0)
(0 0 0)
(3.89304e-38 0 0)
(0 0 0)
(4.31167e-35 0 0)
(0 0 0)
(5.60359e-32 0 2.26946e-28)
(0 0 0)
(6.7216e-29 0 8.58895e-18)
(0 0 0)
(0 0 3.77596e-18)
(0 0 0)
(0 0 0)
(1.11215e-39 0 0)
(4.44629e-37 0 0)
(0 0 0)
(4.30517e-41 0 0)
(0 0 0)
(6.23727e-38 0 0)
(0 0 0)
(8.61714e-35 0 0)
(0 0 0)
(1.11874e-31 0 0)
(0 0 0)
(0 0 0)
(5.36838e-29 0 -3.78289e-18)
(0 0 0)
(0 0 -1.50291e-22)
(6.5902e-43 0 -1.54167e-26)
(1.186e-40 0 0)
(0 0 0)
(1.41145e-49 0 0)
(0 0 0)
(2.27938e-46 0 0)
(0 0 0)
(3.5229e-43 0 0)
(0 0 0)
(5.22243e-40 0 0)
(0 0 0)
(0 0 0)
(7.41796e-37 0 0)
(0 0 0)
(0 0 0)
(3.26538e-46 0 0)
(2.66956e-44 0 0)
(0 0 0)
(6.68916e-53 0 0)
(0 0 0)
(1.13195e-49 0 0)
(0 0 0)
(1.82732e-46 0 0)
(0 0 0)
(2.82303e-43 0 0)
(0 0 0)
(0 0 0)
(4.18296e-40 0 0)
(0 0 0)
(0 0 0)
(5.33868e-50 0 0)
(5.03652e-48 0 0)
(5.83186 0.184994 0.197827)
(4580.34 2846.06 543.771)
(0.157829 0.0238213 0.00330885)
(37.577 -8.14546 33.0983)
(0.0188884 0.000320889 0.00584529)
(5.76698 2.14792 5.51212)
(0.000482748 9.05274e-05 0.000130242)
(1.46038e-09 2.00206e-09 2.81594e-11)
(5.74279e-11 1.23508e-10 1.96229e-12)
(2.17284e-13 6.45433e-13 7.59266e-15)
(7.42907e-10 9.64119e-10 7.42809e-10)
(1.88988e-12 4.40368e-12 1.75898e-12)
(6.26674e-15 2.01077e-14 5.861e-15)
(9.49369e-15 2.35274e-14 1.737e-14)
(2.46017e-17 0 0)
(1.30868e-17 0 0)
(4.64761e-20 0 0)
(1.48305e-20 0 0)
(8.93015e-23 0 0)
(1.41453e-23 0 0)
(1.11981e-25 0 0)
(2.92402e-26 0 2.07551e-16)
(1.51183e-28 0 0)
(2.55947e-31 0 -1.11012e-20)
(4.01797e-34 0 0)
(2.37806e-37 0 0)
(6.26992e-08 8.97239e-08 1.43235e-07)
(288.721 435.808 434.232)
(0.0811213 0.0549664 0.152866)
(0.00141763 0.00857375 0.00834754)
(0.00012282 0.000307377 0.00107243)
(6.16798e-07 5.66109e-07 1.38706e-06)
(6.54325e-07 2.3833e-06 3.42482e-06)
(1395.04 160.057 552.6)
(3000.21 -299.08 313.473)
(9587.84 1485.85 1039.36)
(5716.01 -686.14 2071.19)
(1103.99 -158.499 445.044)
(6354.49 947.549 2277.99)
(3254.22 418.006 354.356)
(0.00176656 0.00206361 0.000318507)
(3.21191e-07 2.0686e-07 1.10887e-07)
(5.86184e-06 3.80987e-06 1.25341e-07)
(1246.9 975.192 148.611)
(7.67153e-05 3.0671e-05 1.10362e-06)
(0.212976 0.101185 0.190711)
(3.56456e-06 1.36032e-06 1.16413e-06)
(4.86267e-07 1.66324e-06 2.73369e-08)
(6.49808e-06 1.74283e-05 6.755e-06)
(0.00074696 0.00169972 0.000205423)
(48.0008 134.655 10.8977)
(6.32311e-06 9.74662e-05 1.24952e-06)
(0.00123882 0.0104987 0.00529295)
(3.09494e-07 2.72866e-06 8.34302e-07)
(2.19449e-05 -4.82655e-08 1.70215e-05)
(0.0429788 0.0121451 0.0574399)
(1.53511e-05 1.6602e-06 1.22892e-05)
(6.37353e-06 -1.9305e-07 1.07823e-05)
(2.13238e-07 -1.69498e-09 2.61589e-07)
(4.60648e-06 7.27861e-07 7.85994e-06)
(4.89479e-08 5.29419e-09 5.98216e-08)
(804.878 336.334 330.509)
(8279.29 3437 950.051)
(618.681 361.09 67.5136)
(2403.14 1541.94 1023.9)
(5237.43 2207.31 1991.1)
(169.537 88.3032 65.411)
(2110.36 853.12 230.648)
(1.26444e-06 -3.70356e-08 4.13204e-06)
(2.10337e-05 2.50808e-05 0.000201935)
(4.28654e-07 1.06036e-07 1.22209e-06)
(3.3011e-08 -4.54216e-09 4.30097e-07)
(8.14385e-09 -1.97473e-10 2.17125e-08)
(1.796e-08 1.805e-08 2.23293e-07)
(3.85097e-09 6.19661e-10 8.83815e-09)
(113.349 8.59918 62.8953)
(1188.56 -228.16 666.466)
(0.820995 -0.107255 0.723875)
(85.9923 6.68577 68.78)
(57.7665 -9.82056 34.7473)
(1736.85 211.378 986.407)
(2.04081 0.0684019 1.63305)
(1.86565e-07 -5.33054e-08 1.43149e-07)
(0.000128051 -3.59381e-05 0.000136629)
(4.16646e-06 -4.9696e-07 3.51692e-06)
(9.85058e-08 -3.97649e-08 1.44434e-07)
(1.60424e-09 -4.12989e-10 1.63554e-09)
(1.47453e-06 -2.44067e-07 2.24081e-06)
(1.80646e-08 -2.53198e-09 1.94831e-08)
(52.8508 62.8572 79.8634)
(11.8389 25.4822 29.352)
(4.08073 7.09609 13.2335)
(1.20513 2.29812 3.80225)
(0.346038 0.475667 1.27152)
(0.0795024 0.219906 0.401545)
(0.00678265 0.0145613 0.0303662)
(51.5829 15.8343 27.4786)
(322.124 200.833 195.013)
(40.9776 14.246 35.0918)
(0.0760418 0.0166321 0.054782)
(1177.31 511.559 690.969)
(7.19623 2.08874 3.14254)
(0.794195 0.14702 0.636599)
(0.0468484 0.000702239 0.000886781)
(9.71339e-06 7.71071e-07 2.94819e-06)
(0.000115864 6.54568e-07 3.15253e-05)
(1.26702e-06 -1.27611e-08 2.44532e-08)
(5.05273e-07 3.4349e-08 9.81202e-09)
(1.69645e-07 -1.2851e-09 3.16972e-08)
(4.2609e-08 2.72514e-09 9.40062e-09)
(1.74368e-08 -1.51813e-08 6.54049e-08)
(8.15137e-05 -4.9627e-05 0.00071142)
(3.00867e-07 -5.14393e-08 6.48759e-07)
(7.38622e-10 -3.38701e-09 8.94543e-09)
(2.09572e-10 -1.40063e-10 1.26301e-09)
(1.70961e-08 -1.16696e-08 2.31165e-07)
(3.41008e-09 -3.56431e-10 7.39463e-09)
(0.819982 0.0192815 0.133739)
(3.93644 -0.202369 0.119127)
(0.479007 -0.0273775 0.0781117)
(213.574 -23.66 18.0558)
(40.4607 -4.25927 12.3821)
(60.6529 3.77189 19.2308)
(275.85 25.2102 25.1926)
(53.5321 30.2089 3.49248)
(90.4146 74.5364 7.66994)
(429.561 328.065 192.562)
(10.9758 4.92554 2.40489)
(18.3289 13.9428 5.29432)
(0.20848 0.113189 0.0338357)
(1.47154 0.802718 0.0481765)
(5.09789 -2.05624 1.49954)
(1.29005 -0.667527 0.0419759)
(1114.35 -858.408 144.452)
(8.6066 -5.92504 3.25032)
(230.209 -167.151 113.611)
(44.9441 -24.1639 3.05632)
(0.10028 -0.049617 0.0236976)
(0.0222381 0.00320234 0.0026326)
(1.78071 0.24552 0.0498119)
(0.27388 0.0320907 0.0367095)
(25.7818 5.79599 6.38913)
(17.4589 4.81176 0.779404)
(3.06316 0.645281 0.516556)
(114.764 38.0187 8.81561)
(6.12777 20.6889 0.980005)
(6.57159 27.5031 7.38246)
(0.715397 3.37069 0.604108)
(0.310429 2.18669 0.0627826)
(0.0347918 0.286199 0.0433453)
(0.00352134 0.0242448 0.00306012)
(0.0298637 0.190263 0.00409614)
(1.51598e-07 -3.05669e-08 3.92836e-08)
(3.40561e-06 -2.73317e-07 1.3386e-06)
(4.9695e-06 -1.3112e-06 8.75476e-08)
(2.02789e-08 -4.46478e-09 2.36233e-10)
(2.72871e-07 -1.49627e-08 5.1949e-09)
(2.34755e-09 -2.2781e-10 2.33815e-10)
(1.56642e-08 -9.48522e-10 4.06203e-09)
(0.126423 -0.0122523 0.0219777)
(90.1626 -24.2965 6.45596)
(13.8599 -2.47806 3.68316)
(0.111887 -0.0166088 0.00239859)
(0.00940148 -0.00139981 0.00161652)
(1.31805 -0.260792 0.283153)
(13.6835 -3.46706 0.577262)
(0.423097 -0.0711754 0.566648)
(1.15459 0.0435853 1.4242)
(0.00356798 -0.000535594 0.00542958)
(0.0195408 0.000484246 0.0208597)
(0.00995554 0.000277418 0.0144261)
(0.00016204 3.56058e-06 0.000193711)
(6.0441e-05 -6.85459e-06 7.54308e-05)
(2.8368e-09 1.69646e-09 2.36498e-09)
(2.04563e-07 8.39974e-08 1.45716e-07)
(4.3436e-09 1.96195e-09 3.93694e-09)
(2.53404e-07 2.51021e-07 2.70776e-07)
(4.32927e-09 3.41919e-09 5.05313e-09)
(0.00137525 0.000644058 0.00169688)
(8.58525e-08 5.06202e-08 1.37098e-07)
(0.00859598 -0.000550331 0.00306178)
(0.945226 -0.0812311 0.420717)
(0.000255049 4.41162e-06 0.000121913)
(0.000107545 -7.78664e-06 5.43904e-05)
(0.0109004 -0.000924398 0.00693728)
(2.06833 0.0564705 0.78424)
(0.0269181 0.000526175 0.0155114)
(2.91797 2.79244 6.26529)
(0.00148512 0.00146571 0.00262229)
(0.000476203 0.000317805 0.00102953)
(0.0554553 0.08117 0.154865)
(0.016592 0.015844 0.0516702)
(0.000333168 0.000476952 0.00104388)
(1.11209e-05 1.09991e-05 2.06676e-05)
(20.2616 11.909 11.1411)
(0.00220716 0.000822508 0.00148689)
(0.00347436 0.00239066 0.00289339)
(0.23972 0.089567 0.0909218)
(0.39666 0.273097 0.188974)
(0.00360524 0.00199572 0.00132093)
(3.73656e-05 2.14998e-05 2.33489e-05)
(1.78697e-05 -8.73148e-06 1.05381e-05)
(0.000510737 -0.000193163 0.000411419)
(0.0420626 -0.0195312 0.0456839)
(0.059945 -0.0226143 0.0371833)
(0.103956 -0.0649539 0.080106)
(4.76059 -2.5319 3.94349)
(0.00107086 -0.000545337 0.000621994)
(1.29487e-07 3.19878e-07 2.97549e-07)
(3.42438e-10 2.25166e-09 1.31563e-09)
(1.27515e-09 4.0008e-09 3.60698e-09)
(8.17206e-06 7.25084e-05 5.30232e-05)
(6.03992e-09 8.46514e-08 3.99265e-08)
(7.27e-09 6.60277e-08 6.94252e-08)
(3.00856e-10 2.8037e-09 1.70767e-09)
(0.00614042 0.000542522 0.00171071)
(8.15427e-06 1.56268e-06 3.44676e-06)
(7.63169e-05 6.38662e-06 3.61705e-05)
(0.789474 0.105183 0.261702)
(0.000722014 0.000154783 0.000396449)
(0.066983 0.011268 0.0206098)
(0.00897978 0.000955254 0.00506289)
(0.15175 0.583135 0.711456)
(0.00014576 0.000586049 0.00058283)
(0.0144187 0.0431802 0.0597138)
(1.02756e-05 6.82645e-05 7.47774e-05)
(0.000999371 0.00448183 0.0065199)
(0.000100226 0.000298117 0.000449382)
(1.95883e-06 7.53281e-06 7.49688e-06)
(0.11443 0.813012 0.272536)
(0.000133104 0.000733401 0.000388943)
(0.0117111 0.0698989 0.0221895)
(8.05537e-06 8.43206e-05 3.713e-05)
(0.000626952 0.00633341 0.00183939)
(7.13309e-05 0.000472637 0.000131533)
(1.02758e-06 8.06819e-06 3.29151e-06)
(0.4371 0.10124 0.574873)
(0.000575357 0.000154277 0.000571598)
(0.000291366 9.80525e-05 0.000440017)
(0.00648941 0.000936782 0.00702945)
(0.00329938 0.00057426 0.00485163)
(5.07355e-05 6.24768e-06 6.03097e-05)
(7.1618e-06 1.87583e-06 7.41359e-06)
(0 0 2.98497e-18)
(0 0 -2.14671e-31)
(0 0 1.55329e-27)
(0 0 0)
(0 0 2.13908e-26)
(0 0 3.57778e-24)
(0 0 0)
(0 0 0)
(0 0 0)
(0 0 0)
(0 0 -1.41235e-20)
(0 0 -1.02548e-28)
(0 0 2.74594e-25)
(0 0 0)
(0 0 0)
(0 0 8.35553e-22)
(0 0 0)
(0 0 0)
(0 0 0)
(0 0 0)
(0 0 0)
(0 0 0)
(0 0 0)
(0 0 0)
(0 0 0)
(0 0 0)
(0 0 0)
(0 0 0)
(0 0 0)
(0 0 0)
(0 0 0)
(0 0 0)
(0 0 1.37046e-35)
(0 0 0)
(0 0 5.15599e-35)
(0 0 0)
(0 0 0)
(0 0 0)
(0 0 0)
(0 0 0)
(0 0 0)
(0 0 0)
(0 0 0)
(0 0 -1.79146e-21)
(0 0 -5.968e-18)
(0 0 0)
(0 0 2.42519e-50)
(0 0 0)
(0 0 0)
(0 0 0)
(0 0 0)
(0 0 5.03107e-33)
(0 0 3.23536e-31)
(0 0 4.09938e-33)
(0 0 0)
(0 0 0)
(0 0 0)
(0 0 0)
(0 0 0)
(0 0 5.1982e-48)
(0 0 0)
(0 0 0)
(0 0 0)
(0 0 0)
(0 0 0)
(0 0 0)
(0 0 0)
(0 0 0)
(0 0 -1.14827e-19)
(-4.74356e-23 0 -1.63151e-17)
(0 0 -6.56634e-18)
(1.93946e-17 -1.05097e-21 3.36611e-15)
(-2.55521e-23 -1.59874e-18 2.06005e-15)
(4.16662e-38 -1.61912e-18 -1.03008e-15)
(5.33255e-25 -2.42896e-15 0)
(0 0 -1.25462e-15)
(0 0 0)
(0 0 0)
(0 0 0)
(0 0 0)
(0 0 0)
(0 0 -2.07895e-19)
(2.5613e-42 0 -1.82157e-26)
(-1.78157e-46 0 -4.54747e-15)
(1.023e-58 0 0)
(1.10732e-48 0 0)
(0 0 0)
(0 0 0)
(2.60873e-40 0 0)
(-9.09751e-45 0 0)
(7.49162e-57 0 0)
(2.77604e-47 0 0)
(0 0 0)
(0 0 0)
(0 0 0)
(-1.48594e-48 0 0)
(8.06901e-58 0 0)
(6.08803e-46 0 0)
(0 0 0)
(0 0 0)
(0 0 0)
(-1.60436e-46 0 0)
(1.99813e-59 0 0)
(3.52884e-44 0 0)
(0 0 0)
(0 0 -1.59633e-39)
(0 0 -1.05623e-36)
(0 0 -6.3324e-34)
(0 0 -3.4073e-31)
(0 0 -2.61935e-29)
(0 0 -3.41362e-31)
(0 0 0)
(0 0 0)
(0 0 0)
(0 0 0)
(0 0 0)
(0 0 0)
(0 0 0)
(0 0 0)
(0 0 0)
(0 0 0)
(0 0 0)
(0 0 0)
(0 0 0)
(0 0 0)
(0 0 0)
(0 0 0)
(0 0 0)
(0 0 0)
(0 0 0)
(0 0 0)
(0 0 0)
(0 0 0)
(0 0 0)
(0 0 0)
(0 0 0)
(0 0 0)
(0 0 0)
(0 0 0)
(0 0 0)
(0 0 0)
(0 0 0)
(0 0 0)
(0 0 0)
(0 0 0)
(0 0 0)
(0 0 0)
(0 0 0)
(0 0 0)
(0 0 0)
(0 0 0)
(0 0 0)
(0 0 0)
(0 0 0)
(0 0 0)
(0 0 0)
(0 0 0)
(0 0 0)
(0 0 0)
(0 0 0)
(0 0 0)
(0 0 0)
(0 0 0)
(0 0 0)
(0 0 0)
(0 0 0)
(0 0 0)
(0 0 0)
(0 0 0)
(0 0 0)
(0 0 0)
(0 0 -2.12453e-19)
(0 0 -4.54132e-15)
(0 0 0)
(0 0 2.10518e-48)
(0 0 0)
(0 0 0)
(0 0 0)
(0 0 0)
(0 0 -6.36859e-40)
(0 0 -2.09066e-61)
(0 0 0)
(0 0 0)
(0 0 0)
(0 0 0)
(0 0 0)
(0 0 0)
(3.67583e-39 0 0)
(-8.72924e-44 0 0)
(9.98742e-56 0 0)
(1.52146e-45 0 0)
(0 0 0)
(0 0 0)
(3.79308e-37 0 0)
(-8.51082e-42 0 0)
(6.72741e-54 0 0)
(3.27077e-44 0 0)
(0 0 0)
(0 0 0)
(0 0 0)
(-1.94382e-45 0 0)
(3.15828e-55 0 0)
(3.82329e-43 0 0)
(0 0 0)
(0 0 0)
(0 0 0)
(-2.17662e-43 0 0)
(1.1795e-56 0 0)
(2.54368e-41 0 0)
(0 0 0)
(0 0 -4.21918e-37)
(0 0 -2.52495e-34)
(0 0 -1.35812e-31)
(0 0 -6.47877e-29)
(0 0 -1.08423e-26)
(0 0 -6.49232e-29)
(0 -6.54893e-19 -2.83272e-15)
(-6.89547e-22 -2.29006e-21 0)
(0 0 1.28159e-18)
(-1.78405e-23 0 0)
(0 0 0)
(-5.96608e-25 0 0)
(0 0 0)
(0 0 0)
(0 -8.12569e-21 -3.58355e-19)
(-5.99664e-23 -2.29158e-18 3.29589e-15)
(0 -2.29162e-18 3.36239e-15)
(1.55164e-17 -7.52293e-18 -6.67799e-17)
(-1.1892e-40 0 0)
(-1.79491e-38 0 0)
(-1.46954e-37 0 0)
(0 0 0)
(0 0 0)
(0 0 0)
(0 0 0)
(0 0 0)
(0 0 0)
(0 0 0)
(0 0 0)
(4.58382e-36 0 0)
(-6.80308e-41 0 0)
(7.55397e-53 0 0)
(7.49531e-43 0 2.27374e-15)
(0 0 0)
(0 0 0)
(4.85251e-34 0 0)
(-6.94921e-39 0 0)
(4.99317e-51 0 0)
(3.48782e-41 0 0)
(0 0 0)
(0 0 0)
(0 0 0)
(-2.20186e-42 0 0)
(1.02651e-52 0 0)
(2.24339e-40 0 0)
(0 0 0)
(0 0 0)
(0 0 0)
(-2.61353e-40 0 0)
(6.61366e-54 0 0)
(1.81911e-38 0 0)
(0 0 0)
(0 0 0)
(0 0 0)
(0 0 0)
(0 0 0)
(0 0 -3.88973e-24)
(0 0 0)
(0 0 0)
(0 0 0)
(0 0 0)
(0 0 0)
(0 0 0)
(0 0 0)
(0 0 0)
(0 0 0)
(0 0 0)
(0 0 0)
(0 0 0)
(0 0 0)
(0 0 0)
(0 0 0)
(0 0 0)
(0 0 0)
(0 0 0)
(0 0 0)
(0 0 0)
(0 0 0)
(0 0 0)
(0 0 0)
(0 0 0)
(0 0 0)
(0 0 0)
(0 0 0)
(0 0 0)
(0 0 0)
(0 0 0)
(0 0 0)
(0 0 0)
(0 0 5.132e-46)
(0 0 0)
(0 0 0)
(0 0 0)
(0 0 0)
(0 0 0)
(0 0 0)
(0 0 0)
(0 0 0)
(-7.62038e-38 0 0)
(-9.31935e-36 0 0)
(-4.36306e-35 0 0)
(0 0 0)
(0 0 0)
(0 0 0)
(0 0 0)
(0 0 0)
(0 0 0)
(0 0 0)
(0 0 0)
(4.89116e-33 0 0)
(-4.44242e-38 0 0)
(4.64698e-50 0 0)
(3.04577e-40 0 0)
(0 0 0)
(0 0 0)
(5.40197e-31 0 0)
(-4.90456e-36 0 0)
(3.11553e-48 0 0)
(3.30289e-38 0 0)
(0 0 0)
(0 0 0)
(0 0 0)
(-2.12116e-39 0 0)
(2.65537e-50 0 0)
(1.23879e-37 0 0)
(0 0 0)
(0 0 0)
(0 0 0)
(-2.75828e-37 0 0)
(3.55433e-51 0 0)
(1.29636e-35 0 0)
(0 0 0)
(0 0 0)
(0 0 0)
(0 0 0)
(0 0 0)
(0 0 -1.14687e-21)
(0 0 0)
(0 0 0)
(0 0 0)
(0 0 0)
(0 0 0)
(0 0 0)
(0 0 0)
(0 0 0)
(0 0 0)
(0 0 0)
(0 0 0)
(0 0 0)
(0 0 0)
(0 0 0)
(0 0 0)
(0 0 0)
(0 0 0)
(0 0 0)
(0 0 0)
(0 0 0)
(0 0 0)
(0 0 0)
(0 0 0)
(0 0 0)
(0 0 0)
(0 0 0)
(0 0 0)
(0 0 0)
(0 0 0)
(0 0 0)
(0 0 0)
(0 0 2.27076e-15)
(-4.15834e-35 0 0)
(0 0 0)
(0 0 3.30838e-44)
(-3.80616e-33 0 0)
(0 0 0)
(0 0 0)
(-9.69125e-33 0 0)
(0 0 0)
(0 0 0)
(0 0 0)
(0 0 0)
(0 0 0)
(0 0 0)
(0 0 0)
(0 0 0)
(0 0 0)
(0 0 0)
(0 0 0)
(0 0 0)
(0 0 0)
(0 0 0)
(0 0 0)
(0 0 0)
(0 0 0)
(0 0 0)
(0 0 0)
(0 0 0)
(0 0 0)
(0 0 0)
(4.36425e-30 0 0)
(-2.3508e-35 0 0)
(2.31262e-47 0 0)
(2.70272e-37 0 0)
(0 0 0)
(0 0 -3.70394e-23)
(0 0 -4.52184e-15)
(5.15265e-28 0 0)
(-2.96086e-33 0 0)
(1.62508e-45 0 0)
(2.74633e-35 0 0)
(0 0 0)
(0 0 1.63211e-42)
(0 0 -1.10689e-19)
(0 0 0)
(-1.68703e-36 0 0)
(5.13205e-48 0 0)
(6.22908e-35 0 0)
(0 0 0)
(0 0 0)
(0 0 1.18109e-25)
(0 0 0)
(-2.53813e-34 0 0)
(1.79962e-48 0 0)
(8.91769e-33 0 0)
(0 0 0)
(0 0 0)
(0 0 0)
(0 0 0)
(0 0 0)
(0 0 0)
(0 0 -2.70128e-19)
(0 0 0)
(0 0 0)
(0 0 0)
(0 0 0)
(0 0 0)
(0 0 0)
(0 0 0)
(0 0 0)
(0 0 0)
(0 0 1.67126e-22)
(0 0 0)
(0 0 0)
(0 0 0)
(0 0 0)
(0 0 0)
(0 0 0)
(0 0 0)
(0 0 0)
(0 0 0)
(0 0 0)
(0 0 0)
(0 0 0)
(0 0 0)
(0 0 0)
(0 0 0)
(0 0 0)
(0 0 0)
(0 0 0)
(0 0 0)
(0 0 0)
(0 0 0)
(0 0 0)
(0 0 0)
(0 0 0)
(0 0 0)
(0 0 0)
(0 0 0)
(0 0 0)
(0 0 -7.25991e-19)
(0 0 0)
(0 0 0)
(0 0 0)
(0 0 0)
(-1.49497e-32 0 0)
(0 0 0)
(3.13806e-27 0 0)
(-9.49974e-33 0 0)
(8.97546e-45 0 0)
(2.04859e-34 0 0)
(0 0 0)
(-2.88555e-30 0 0)
(0 0 0)
(6.81941e-25 0 0)
(-1.21975e-30 0 0)
(2.52368e-42 0 0)
(4.65089e-32 0 -2.23767e-15)
(0 0 0)
(-1.01446e-30 0 0)
(0 0 0)
(4.11331e-25 0 0)
(-1.51488e-30 0 0)
(6.97045e-43 0 0)
(1.9869e-32 0 0)
(0 0 0)
(-3.36063e-29 0 -1.67154e-21)
(0 0 4.24381e-21)
(2.26285e-22 0 -1.20164e-22)
(-6.64671e-28 0 4.76559e-24)
(2.93539e-40 0 2.9491e-21)
(1.01608e-29 0 2.73635e-19)
(0 0 2.58259e-17)
(-1.44731e-30 0 0)
(0 0 0)
(0 0 0)
(-1.0448e-33 0 0)
(6.60715e-46 0 0)
(2.49999e-32 0 0)
(0 0 0)
(-1.08755e-28 0 0)
(0 0 0)
(0 0 6.23116e-22)
(-4.04004e-31 0 8.66445e-22)
(4.38402e-44 0 -4.31772e-22)
(4.48647e-30 0 0)
(0 0 -2.90494e-18)
(0 0 0)
(0 0 0)
(0 0 0)
(-2.01773e-31 0 0)
(8.1916e-46 0 0)
(5.58534e-30 0 0)
(0 0 0)
(0 0 0)
(0 0 0)
(0 0 0)
(-1.3717e-28 0 0)
(3.15921e-43 0 0)
(1.19416e-27 0 2.27374e-15)
(0 0 0)
(0 0 0)
(0 0 0)
(0 0 0)
(0 0 0)
(0 0 0)
(0 0 -4.76743e-17)
(0 0 0)
(0 0 0)
(0 0 0)
(0 0 0)
(0 0 0)
(0 1.06254e-25 1.88697e-21)
(0 5.72757e-28 -4.45212e-15)
(0 0 0)
(0 0 0)
(0 0 0)
(0 0 0)
(0 0 0)
(0 0 0)
(0 0 0)
(0 0 0)
(0 0 0)
(0 0 7.52096e-29)
(0 0 0)
(0 0 -1.70847e-25)
(0 0 0)
(0 0 0)
(0 0 0)
(0 0 0)
(0 0 0)
(0 0 0)
(0 0 0)
(0 0 0)
(0 0 0)
(0 0 0)
(0 0 0)
(0 0 0)
(0 0 0)
(0 0 0)
(0 0 0)
(0 0 0)
(0 0 0)
(0 0 0)
(0 0 0)
(0 0 0)
(0 0 0)
(0 0 0)
(0 0 0)
(0 0 0)
(0 0 0)
(0 0 0)
(0 0 0)
(0 0 0)
(0 0 0)
(0 0 0)
(0 0 0)
(0 0 0)
(0 0 0)
(0 0 0)
(0 0 0)
(0 0 0)
(0 0 0)
(0 0 0)
(0 0 0)
(0 0 0)
(0 0 0)
(0 0 -4.51039e-15)
(0 0 0)
(1.62614e-22 0 -4.54747e-15)
(0 0 -3.62917e-15)
(1.05698e-49 0 0)
(5.82764e-23 0 0)
(0 0 0)
(4.13484e-21 3.85122e-30 2.97825e-15)
(0 0 3.62917e-15)
(0 0 0)
(2.69089e-33 -5.55616e-17 0)
(0 0 0)
(1.72453e-25 0 -2.05284e-16)
(0 0 0)
(0 0 0)
(1.55868e-35 5.48712e-17 0)
(0 0 0)
(3.15136e-41 4.89321e-23 -5.29505e-24)
(0 0 0)
(0 0 0)
(0 0 0)
(0 0 0)
(5.38635e-45 0 -2.17442e-26)
(0 0 0)
(0 0 0)
(0 0 0)
(0 0 0)
(0 0 -6.65177e-29)
(0 0 0)
(0 0 0)
(0 0 0)
(0 0 0)
(0 1.8772e-23 -3.03054e-19)
(0 0 3.32948e-17)
(0 0 3.4092e-17)
(0 0 0)
(0 0 0)
(0 0 0)
(0 0 0)
(0 0 0)
(0 1.29084e-32 3.42696e-17)
(0 0 0)
(0 0 0)
(0 0 0)
(0 0 0)
(0 0 3.402e-17)
(0 0 0)
(0 0 0)
(0 0 0)
(0 0 0)
(0 -7.71512e-29 0)
(0 0 0)
(0 0 0)
(0 0 0)
(0 0 0)
(0 0 0)
(0 0 0)
(0 0 0)
(0 0 0)
(0 0 0)
(0 0 0)
(0 0 0)
(0 0 0)
(0 0 0)
(0 0 0)
(0 4.63765e-26 0)
(0 0 2.48745e-19)
(0 0 0)
(0 0 0)
(0 0 0)
(0 0 0)
(0 0 0)
(0 0 0)
(0 0 0)
(0 0 0)
(0 0 0)
(0 0 0)
(0 0 0)
(0 0 1.06644e-28)
(0 0 0)
(0 0 0)
(0 0 0)
(0 0 0)
(0 0 0)
(0 0 0)
(0 0 0)
(0 0 0)
(0 0 0)
(0 0 0)
(0 0 0)
(0 0 0)
(0 0 0)
(0 0 0)
(0 0 0)
(0 0 0)
(0 0 0)
(0 0 0)
(0 0 0)
(0 0 0)
(0 0 0)
(0 0 0)
(0 0 0)
(0 0 0)
(0 0 0)
(0 0 0)
(0 0 0)
(0 0 0)
(0 0 0)
(0 0 0)
(0 0 0)
(0 0 0)
(0 0 0)
(0 0 0)
(0 0 0)
(0 0 0)
(0 0 0)
(0 0 0)
(0 0 0)
(0 0 0)
(0 0 0)
(0 0 0)
(0 0 0)
(0 0 0)
(0 0 0)
(0 0 0)
(0 0 0)
(0 0 0)
(0 0 0)
(0 0 0)
(0 0 0)
(0 0 0)
(0 0 0)
(0 0 0)
(0 0 0)
(0 0 0)
(0 0 0)
(0 0 0)
(0 0 0)
(0 0 0)
(0 0 0)
(0 0 0)
(0 0 0)
(0 0 0)
(0 0 0)
(0 0 0)
(0 0 0)
(0 0 0)
(0 0 0)
(0 0 0)
(0 0 0)
(0 0 0)
(0 0 0)
(0 0 0)
(0 0 0)
(0 0 0)
(0 0 0)
(0 0 0)
(0 0 0)
(0 0 0)
(0 0 0)
(0 0 0)
(0 0 0)
(0 0 0)
(0 0 0)
(0 0 0)
(0 0 0)
(0 0 0)
(0 0 0)
(0 0 0)
(0 0 0)
(0 0 0)
(0 0 0)
(0 0 0)
(0 0 0)
(0 0 0)
(0 0 0)
(0 0 0)
(0 0 0)
(0 0 0)
(0 0 0)
(0 0 0)
(0 0 0)
(0 0 0)
(0 0 0)
(0 0 0)
(0 0 0)
(0 0 0)
(0 0 0)
(0 0 0)
(0 0 0)
(0 0 0)
(0 0 0)
(0 0 0)
(0 0 0)
(0 0 0)
(0 0 0)
(0 0 0)
(0 0 0)
(1.44652e-22 0 -3.41602e-15)
(-1.04292e-23 0 0)
(9.79129e-43 0 0)
(1.13559e-22 5.80918e-17 0)
(0 0 0)
(0 4.54982e-24 1.56923e-15)
(4.24703e-25 3.72906e-26 -3.62917e-15)
(0 2.56839e-28 0)
(8.22212e-48 6.09408e-31 0)
(6.98016e-21 3.16624e-33 0)
(0 1.46731e-35 0)
(0 0 0)
(0 0 0)
(0 0 0)
(0 0 0)
(0 0 0)
(0 0 0)
(0 0 0)
(0 0 0)
(0 0 0)
(0 0 0)
(0 0 0)
(0 0 0)
(0 0 0)
(0 0 0)
(0 0 0)
(0 0 0)
(0 0 0)
(0 0 0)
(0 0 0)
(0 0 0)
(0 0 0)
(0 0 0)
(0 0 0)
(0 0 0)
(0 0 0)
(0 0 0)
(0 0 0)
(0 0 0)
(0 0 0)
(0 0 0)
(0 0 0)
(0 0 0)
(0 0 0)
(0 0 0)
(0 0 0)
(0 0 0)
(0 0 0)
(0 0 0)
(0 0 0)
(0 0 0)
(0 0 0)
(0 0 0)
(0 0 0)
(0 0 0)
(0 0 0)
(0 0 0)
(0 0 0)
(0 0 0)
(0 0 0)
(0 0 0)
(0 0 0)
(0 0 0)
(0 0 0)
(0 0 0)
(0 0 0)
(0 0 0)
(0 0 0)
(0 0 0)
(0 0 0)
(0 0 0)
(0 0 0)
(0 0 0)
(0 0 0)
(0 0 0)
(0 0 0)
(-7.88703e-26 0 0)
(9.86885e-41 0 0)
(3.84652e-25 -4.54488e-18 0)
(0 0 0)
(-1.96419e-23 -8.5059e-20 -3.20392e-15)
(3.02157e-38 -1.11139e-17 -3.37476e-17)
(6.94963e-23 -1.49564e-15 -2.06213e-15)
(0 -2.98442e-17 -2.42163e-18)
(0 0 0)
(0 0 0)
(0 0 0)
(0 0 -2.27374e-15)
(0 0 0)
(0 0 0)
(0 0 0)
(0 0 0)
(0 0 0)
(0 0 0)
(0 0 0)
(0 0 0)
(0 0 -4.54747e-15)
(0 0 0)
(0 0 0)
(0 0 0)
(0 0 0)
(0 0 0)
(0 0 0)
(0 0 0)
(0 0 0)
(0 0 0)
(0 0 0)
(0 0 0)
(0 0 0)
(0 0 0)
(0 0 0)
(0 0 0)
(0 0 0)
(0 0 0)
(0 0 0)
(0 0 0)
(0 0 0)
(0 0 0)
(0 0 0)
(0 0 0)
(0 0 0)
(0 0 0)
(0 0 0)
(0 0 0)
(0 0 0)
(0 0 0)
(0 0 0)
(0 0 0)
(0 0 0)
(0 0 0)
(0 0 0)
(0 0 0)
(0 0 0)
(0 0 0)
(0 0 0)
(0 0 0)
(0 0 0)
(0 0 0)
(0 0 0)
(0 0 0)
(0 0 0)
(0 0 0)
(0 0 0)
(0 0 0)
(0 0 0)
(0 0 0)
(0 0 0)
(0 0 0)
(0 0 0)
(0 0 0)
(0 0 0)
(0 0 0)
(0 0 0)
(0 0 0)
(0 0 0)
(0 0 0)
(0 0 0)
(0 0 0)
(0 0 0)
(0 0 0)
(0 0 0)
(0 0 0)
(0 0 0)
(0 0 0)
(0 0 0)
(0 0 0)
(0 0 0)
(0 0 0)
(0 0 0)
(0 0 0)
(0 0 0)
(0 0 0)
(0 0 0)
(0 0 0)
(0 0 0)
(0 0 0)
(0 0 0)
(0 0 0)
(0 0 0)
(0 0 0)
(0 0 0)
(0 0 0)
(0 0 0)
(0 0 0)
(0 0 0)
(0 0 0)
(0 0 0)
(0 0 0)
(0 0 0)
(0 0 0)
(0 0 0)
(0 0 0)
(0 0 0)
(0 0 0)
(0 0 0)
(0 0 0)
(0 0 0)
(0 0 0)
(2.43091e-19 0 3.75773e-18)
(0 5.56646e-21 -4.1362e-17)
(0 0 -5.35983e-17)
(0 1.58835e-23 0)
(0 0 5.34244e-17)
(0 0 0)
(0 0 0)
(0 0 0)
(0 0 0)
(0 0 0)
(0 0 0)
(0 0 0)
(0 0 -4.54705e-15)
(0 0 0)
(0 0 0)
(0 0 0)
(0 0 0)
(0 0 0)
(0 0 0)
(0 0 -6.06874e-61)
(0 0 -1.57027e-51)
(0 0 0)
(0 0 0)
(0 0 0)
(0 0 0)
(0 0 0)
(0 0 0)
(0 0 0)
(0 0 0)
(0 0 0)
(0 0 0)
(0 0 0)
(0 0 0)
(0 0 0)
(0 0 0)
(0 0 0)
(0 0 -2.10647e-19)
(0 0 0)
(0 0 0)
(0 0 0)
(0 0 -1.53152e-59)
(0 0 -5.80958e-18)
(0 0 -3.57083e-26)
(0 0 4.52958e-23)
(0 0 0)
(0 0 0)
(0 0 6.50548e-20)
(0 0 0)
(0 0 0)
(0 0 0)
(0 0 0)
(0 0 -1.9547e-17)
(-3.87861e-29 -1.02997e-15 0)
(0 -1.02011e-15 0)
(0 0 -3.19266e-17)
(3.92472e-26 -1.02997e-15 -2.74941e-19)
(0 -1.02011e-15 5.28148e-19)
(1.87069e-24 -1.02991e-15 -2.17583e-15)
(7.94285e-18 -2.89438e-18 -3.50143e-17)
(-4.58167e-21 -1.58549e-15 -1.75997e-15)
(0 -1.58549e-15 -9.27876e-16)
(0 0 -4.29114e-15)
(0 0 1.04702e-20)
(1.74725e-25 0 0)
(0 0 -2.21932e-22)
(-3.44525e-22 0 3.79707e-18)
(0 0 2.35132e-20)
(4.05031e-21 0 -2.38829e-20)
(3.23668e-23 0 -1.53739e-22)
(0 0 1.86255e-29)
(0 0 0)
(0 0 0)
(0 0 0)
(0 0 1.75879e-16)
(0 0 -2.82435e-26)
(0 0 0)
(0 0 -2.05084e-18)
(0 0 0)
(0 0 4.88554e-18)
(0 0 1.73837e-16)
(0 0 4.25067e-15)
(0 0 -4.1631e-20)
(-1.68379e-21 -1.02991e-15 2.22674e-15)
(0 0 -2.58932e-22)
(0 0 5.36471e-21)
(0 0 9.82967e-20)
(0 0 0)
(0 0 0)
(0 0 0)
(0 0 0)
(0 0 0)
(0 0 1.98147e-23)
(0 0 0)
(0 0 4.0121e-18)
(0 0 1.78029e-16)
(0 1.54374e-22 -3.80642e-24)
(1.44616e-28 8.51019e-21 0)
(0 0 -3.3763e-26)
(5.15369e-31 0 0)
(0 0 -2.31147e-19)
(0 0 -3.45922e-21)
(0 0 -6.34967e-24)
(0 0 -9.34604e-27)
(0 0 0)
(0 0 0)
(0 0 0)
(0 0 0)
(0 0 0)
(0 0 0)
(1.71352e-42 0 0)
(0 0 0)
(0 0 -3.33025e-17)
(2.37247e-45 0 0)
(0 0 -3.33025e-17)
(0 0 0)
(0 0 0)
(0 0 0)
(0 0 0)
(0 0 0)
(1.26962e-30 0 -2.30542e-17)
(0 0 -9.81863e-18)
(0 0 9.85853e-18)
(6.78765e-43 0 0)
(0 0 4.06449e-18)
(0 0 0)
(0 0 0)
(0 0 0)
(0 0 0)
(0 0 0)
(0 1.0731e-20 -2.22892e-15)
(0 0 0)
(9.92527e-38 2.42718e-15 0)
(0 0 0)
(4.12384e-28 0 -5.19515e-18)
(0 0 -4.56448e-17)
(0 0 -6.33356e-19)
(0 0 -3.17751e-21)
(0 0 -1.02898e-23)
(0 0 -4.21291e-20)
(0 0 -2.56887e-19)
(0 0 -9.41213e-21)
(0 0 -5.78099e-23)
(0 0 -2.30625e-25)
(2.90487e-21 0 -3.16087e-15)
(0 0 -4.49832e-15)
(0 0 0)
(2.02053e-33 2.38957e-15 0)
(0 0 0)
(0 0 -6.62031e-17)
(0 0 -5.70792e-19)
(0 0 -1.37887e-21)
(0 0 -2.5365e-24)
(0 0 4.45392e-23)
(0 0 0)
(0 0 3.3464e-17)
(0 0 0)
(0 7.8125e-21 -6.33487e-16)
(0 0 -1.64285e-17)
(0 0 -9.8024e-20)
(9.05982e-26 6.7905e-19 -1.13708e-16)
(0 7.52491e-29 1.14273e-15)
(0 3.37673e-28 2.13356e-16)
(0 0 2.08603e-16)
(0 -8.06725e-24 -1.10532e-21)
(0 0 -7.02073e-24)
(0 0 -2.61927e-26)
(0 5.29042e-31 1.32033e-15)
(0 5.25992e-31 1.35587e-15)
(0 0 1.33049e-15)
(0 -3.74098e-26 0)
(0 0 0)
(0 0 0)
(0 0 4.51523e-21)
(0 0 0)
(0 0 6.07701e-26)
(0 0 0)
(0 0 0)
(0 0 0)
(0 0 0)
(0 0 0)
(0 0 0)
(0 0 0)
(0 0 0)
(0 0 0)
(0 0 0)
(0 0 0)
(0 0 0)
(0 0 0)
(0 0 0)
(0 0 0)
(0 0 0)
(0 0 0)
(0 0 0)
(0 0 0)
(0 0 0)
(0 0 0)
(0 0 0)
(0 0 0)
(0 0 0)
(0 0 0)
(0 0 -1.82283e-19)
(0 2.00566e-17 1.3876e-17)
(0 0 -7.30143e-24)
(0 2.02106e-17 -1.36319e-17)
(0 0 3.72114e-21)
(0 3.60928e-17 4.69294e-17)
(0 0 0)
(0 2.15943e-19 -2.9211e-17)
(0 0 0)
(0 3.58633e-23 5.25405e-19)
(0 0 1.73852e-26)
(0 0 -3.08195e-23)
(3.62094e-09 1.71275e-09 7.35062e-10)
(6.71028e-06 1.97321e-06 1.23454e-07)
(1.50449e-07 4.53972e-08 3.55189e-08)
(2.24941e-08 5.82163e-09 2.82764e-10)
(1.0886e-09 3.94074e-10 1.6889e-11)
(2.00461e-09 4.68951e-10 2.53711e-10)
(7.48097e-10 2.59705e-10 3.33519e-11)
(0.0002919 -7.17017e-05 4.7126e-05)
(6.32165e-05 -2.3022e-05 9.13716e-07)
(5.87296e-06 -2.20461e-06 7.57683e-07)
(0.0455074 -0.0122031 0.00879674)
(0.01033 -0.00412014 0.000190208)
(0.587254 -0.161008 0.0147075)
(0.000757902 -0.000306751 0.000136213)
(0.230607 -0.0269089 0.106407)
(0.000173406 -3.90402e-05 0.000112953)
(4.56317e-06 -6.77223e-07 1.95032e-06)
(2.296e-05 -1.81081e-06 1.23182e-05)
(0.00226926 -0.000212827 0.00152402)
(0.000142381 -2.77968e-05 5.45679e-05)
(0.0175584 -0.00305118 0.00782047)
(2.28657e-07 6.82193e-07 1.94597e-06)
(1.44311e-08 1.31527e-08 4.26274e-08)
(3.85309e-09 1.95908e-08 4.21386e-08)
(9.62882e-10 3.36159e-09 1.19664e-08)
(4.85158e-10 6.27721e-10 2.7036e-09)
(2.61638e-10 8.08053e-10 2.60409e-09)
(3.13699e-10 6.71674e-10 2.32269e-09)
(1.06424e-09 1.47029e-09 6.52639e-11)
(9.70829e-08 9.55558e-08 1.96312e-09)
(4.90129e-09 4.7273e-09 1.17943e-09)
(3.38905e-09 5.55948e-09 9.75257e-10)
(3.80809e-08 8.61069e-08 1.27769e-09)
(3.93905e-07 4.57832e-07 1.60475e-07)
(1.25218e-05 1.85985e-05 1.5521e-06)
(0.025381 0.0478421 0.138948)
(1.89051e-05 2.02124e-05 7.35841e-05)
(0.00201419 0.00276272 0.00954907)
(3.11774e-06 1.25681e-05 2.8903e-05)
(0.000476049 0.00156286 0.00327599)
(4.67875e-05 9.32151e-05 0.000223625)
(1.72946e-06 3.2695e-06 7.08505e-06)
(0.0141892 0.0169181 0.00039922)
(1.71655 1.58125 0.0696016)
(0.23682 0.218446 0.0472705)
(0.00206066 0.00157087 0.000307866)
(0.000132472 0.000127865 2.66485e-06)
(1.88355e-05 1.85315e-05 2.48384e-06)
(0.0168407 0.0125514 0.000382577)
(1.15777e-05 4.68231e-06 1.08153e-06)
(0.0045497 0.00121793 7.66905e-05)
(0.000625655 0.000164578 6.80437e-05)
(0.657675 0.218511 0.0174282)
(0.0979759 0.0292433 0.0128631)
(0.00150303 0.000688352 0.000187624)
(0.0118796 0.00513703 0.000224245)
(0.00596343 0.0135729 0.000252678)
(0.266379 0.818978 0.0211771)
(0.0321468 0.11211 0.0147047)
(0.000175658 0.00068168 7.6804e-05)
(3.52316e-05 8.54662e-05 1.23314e-06)
(4.99452e-06 1.23839e-05 9.83242e-07)
(0.0014521 0.0053252 9.09508e-05)
(0.00848049 -0.0023497 0.0114541)
(0.00150567 -0.000189745 0.00175731)
(0.0967309 -0.0189382 0.131882)
(0.000794304 -0.000113288 0.00113009)
(6.96215e-05 -2.32098e-05 9.86476e-05)
(1.56621e-05 -1.56334e-06 1.76174e-05)
(4.76167e-06 -8.95896e-07 4.48252e-06)
(-2.02937e-09 3.56594e-08 7.29791e-09)
(-4.31691e-10 1.17927e-08 1.24599e-10)
(-2.10772e-10 7.74508e-09 2.76458e-10)
(5.19415e-09 1.31873e-06 2.45244e-08)
(3.10506e-10 1.57693e-08 1.71401e-10)
(6.63399e-10 1.85979e-07 3.07086e-08)
(1.6285e-10 8.37958e-09 3.75554e-10)
(9.70497e-11 1.29303e-09 1.49519e-11)
(3.71851e-10 3.37721e-09 3.31241e-10)
(3.79436e-09 2.20375e-08 2.71673e-10)
(1.97157e-08 2.37963e-07 4.54732e-09)
(2.07895e-10 2.71446e-09 3.0861e-11)
(1.92846e-09 3.24336e-08 5.20901e-09)
(1.96261e-10 1.49774e-09 7.27781e-11)
(2.37657e-05 -9.99559e-06 0.000138908)
(0.000624617 3.95888e-05 0.00434733)
(6.14595e-05 5.64213e-06 0.000348312)
(2.03241e-06 -1.13805e-06 2.51121e-05)
(4.12625e-06 7.41905e-07 4.56941e-05)
(2.42497e-06 2.79174e-07 1.44006e-05)
(1.90284e-06 -2.74432e-07 1.27873e-05)
(0.00153063 0.0157192 0.0002696)
(1.179e-06 1.53908e-05 1.41312e-06)
(0.000173594 0.00205931 0.00023011)
(1.8834e-05 0.000149875 1.57905e-05)
(1.42016e-06 9.53117e-06 9.60051e-08)
(4.11075e-07 3.23044e-06 1.94478e-07)
(0.000144024 0.00118937 1.71555e-05)
(0.00651614 9.68336e-05 0.000752756)
(0.0287759 -0.00106819 0.000492384)
(0.00355355 -0.00016347 0.00041327)
(5.9658e-05 8.97906e-07 5.32846e-06)
(0.000188009 -7.14628e-06 2.19458e-06)
(3.77519e-05 -1.6897e-06 3.13703e-06)
(0.000321246 4.65404e-06 4.22697e-06)
(0.000897746 -5.54902e-05 0.000117287)
(0.000710709 -7.73209e-05 1.03117e-05)
(6.6857e-05 -8.57779e-06 9.0865e-06)
(5.91889e-05 -2.70653e-06 6.72182e-07)
(1.18572e-05 -7.24786e-07 1.02642e-06)
(6.36076e-06 -5.67498e-07 3.15533e-07)
(1.04232e-05 -1.21364e-06 1.19628e-07)
(0.000151766 2.10897e-05 1.39485e-05)
(0.0127383 0.00125211 0.000227309)
(0.00190676 0.000154952 0.000198783)
(2.40164e-05 1.43652e-06 1.80953e-06)
(1.78557e-05 2.37068e-06 2.0943e-07)
(1.23437e-05 1.36689e-06 5.65386e-07)
(9.43297e-05 5.69341e-06 1.02541e-06)
(0.000251529 0.000178505 0.00174187)
(3.83464e-06 2.98393e-06 1.89086e-05)
(2.21595e-05 9.46447e-06 0.000127082)
(9.72642e-07 1.11029e-06 8.75285e-06)
(2.01267e-06 1.36162e-06 1.99001e-05)
(1.41215e-06 7.08501e-07 8.39714e-06)
(1.09506e-06 7.9901e-07 7.12799e-06)
(3.29328e-05 3.94593e-05 1.63568e-05)
(3.89629e-05 3.87445e-05 3.022e-05)
(0.00373311 0.00368156 0.00176784)
(3.94678e-05 3.24809e-05 1.61241e-05)
(5.74513e-06 5.75003e-06 3.03001e-06)
(6.31308e-06 5.83335e-06 3.37874e-06)
(6.15997e-06 6.16282e-06 2.87813e-06)
(1.79138e-05 2.54758e-05 2.88454e-05)
(8.02802e-06 1.85044e-05 1.74468e-05)
(0.000675062 0.00139296 0.00172416)
(6.04106e-06 1.15109e-05 1.52016e-05)
(1.82231e-06 3.19254e-06 3.24139e-06)
(2.03595e-06 3.27527e-06 3.55675e-06)
(1.75927e-06 3.43011e-06 3.46117e-06)
(3.20565e-06 2.35529e-06 7.53511e-06)
(1.1761e-06 1.07308e-06 3.31474e-06)
(9.34103e-05 8.65395e-05 0.000327454)
(2.55252e-06 3.19837e-06 7.66116e-06)
(5.41088e-07 5.16934e-07 1.23624e-06)
(6.4814e-07 6.22949e-07 1.39815e-06)
(6.25977e-07 6.11124e-07 1.41994e-06)
(1.50346e-05 4.45251e-06 4.4145e-06)
(3.31243e-06 1.22939e-06 1.22889e-06)
(3.55108e-06 1.1557e-06 1.34248e-06)
(2.09048e-05 6.97558e-06 1.08706e-05)
(0.00180655 0.000541957 0.000549898)
(2.94438e-05 1.36741e-05 9.63677e-06)
(3.60179e-06 1.46681e-06 1.453e-06)
(1.1714e-05 -1.11727e-05 0.000104233)
(9.29585e-06 -3.19157e-06 5.17658e-05)
(2.47073e-06 -1.74463e-06 1.4087e-05)
(1.50105e-06 -8.47107e-07 1.46547e-05)
(1.09896e-06 -9.99547e-07 1.05391e-05)
(1.45344e-06 -6.68217e-07 1.02398e-05)
(1.34129e-06 -8.80778e-07 9.56572e-06)
(1.82894e-05 7.69874e-06 1.72297e-05)
(2.55355e-05 1.75856e-05 2.87693e-05)
(1.14162e-05 5.76398e-06 1.50668e-05)
(3.32146e-06 2.00856e-06 3.64096e-06)
(3.62035e-06 2.04546e-06 3.4942e-06)
(3.47139e-06 1.72025e-06 3.54046e-06)
(3.24155e-06 1.79699e-06 3.32374e-06)
(1.0374e-05 -3.41784e-06 5.56702e-06)
(6.00619e-06 -1.9803e-06 2.79949e-06)
(5.98322e-06 -1.8938e-06 2.78458e-06)
(9.31806e-06 -2.92803e-06 3.99292e-06)
(6.11605e-06 -2.0087e-06 2.64556e-06)
(0.000494456 -0.000149355 0.000232705)
(1.43634e-05 -5.4943e-06 6.44214e-06)
(4.83214e-06 -2.29608e-06 5.05081e-06)
(7.99945e-06 -3.56299e-06 8.36771e-06)
(0.000287935 -0.000129948 0.000369322)
(4.64447e-06 -2.29698e-06 5.20371e-06)
(6.46549e-06 -3.12459e-06 7.64225e-06)
(4.63398e-06 -2.1567e-06 4.99967e-06)
(4.62822e-06 -2.21716e-06 5.00722e-06)
(1.81661e-05 4.28537e-05 1.46549e-05)
(1.15439e-05 3.45454e-05 1.57223e-05)
(0.000538512 0.00180995 0.000576891)
(8.93834e-06 2.86409e-05 9.38695e-06)
(6.23135e-06 1.75979e-05 6.48373e-06)
(5.57643e-06 1.77877e-05 6.55889e-06)
(6.32648e-06 1.78435e-05 5.96966e-06)
(1.25349e-07 6.0147e-09 5.87463e-08)
(2.21035e-08 3.16523e-10 1.22268e-08)
(2.65495e-07 -1.03346e-09 1.45214e-07)
(2.29325e-08 7.64259e-11 1.22928e-08)
(2.23258e-08 3.13041e-10 1.19357e-08)
(2.20106e-08 7.7039e-11 1.19733e-08)
(2.19951e-08 3.03044e-10 1.19646e-08)
(4.78629e-09 6.20548e-11 9.95171e-09)
(4.48631e-09 1.74522e-10 9.3511e-09)
(4.37768e-09 1.5957e-10 9.23691e-09)
(3.51258e-08 -2.02822e-10 9.52444e-08)
(1.12777e-08 1.1235e-09 2.66512e-08)
(4.41499e-09 8.224e-11 9.50448e-09)
(4.3309e-09 1.62821e-10 9.30855e-09)
(6.39531e-07 2.59004e-06 3.71055e-06)
(6.52894e-07 2.461e-06 3.59513e-06)
(4.29764e-06 2.35869e-05 3.86587e-05)
(8.28448e-07 3.49898e-06 5.40457e-06)
(4.3742e-07 2.17367e-06 3.14165e-06)
(4.46278e-07 2.21766e-06 3.16333e-06)
(4.46818e-07 2.17927e-06 3.19814e-06)
(5.81278e-06 3.77796e-06 1.77082e-07)
(6.39613e-06 4.07151e-06 1.31206e-07)
(5.93899e-06 3.74006e-06 1.83693e-07)
(1.81852e-05 1.18145e-05 1.48653e-06)
(6.58708e-06 4.38474e-06 1.3459e-07)
(5.87312e-06 3.9108e-06 1.88413e-07)
(0.000102886 6.54057e-05 1.61154e-06)
(1.22045e-06 4.82695e-06 2.9966e-07)
(4.82608e-07 1.65102e-06 3.89469e-08)
(6.14517e-07 2.04784e-06 3.067e-08)
(5.03706e-07 1.78103e-06 2.82352e-08)
(4.76285e-07 1.69003e-06 4.02508e-08)
(5.12397e-07 1.70352e-06 4.53651e-08)
(6.38234e-06 2.67785e-05 3.09575e-07)
(2.95287e-07 2.8437e-06 8.37026e-07)
(3.15668e-07 3.09793e-06 9.6378e-07)
(2.4557e-06 3.52036e-05 8.96665e-06)
(4.663e-07 4.87846e-06 1.33685e-06)
(2.09995e-07 2.55617e-06 7.75654e-07)
(2.12521e-07 2.58959e-06 7.59466e-07)
(2.1648e-07 2.5827e-06 7.98479e-07)
(2.11027e-05 -3.94847e-07 1.63156e-05)
(8.5385e-05 -4.7838e-06 7.23368e-05)
(2.04053e-05 -3.69246e-07 1.60941e-05)
(2.05669e-05 -1.10153e-07 1.62209e-05)
(0.00019042 1.66293e-06 0.000154758)
(2.15782e-05 -4.43727e-08 1.7354e-05)
(2.06607e-05 -3.95702e-07 1.66668e-05)
(2.28596e-05 -2.03014e-06 3.99897e-05)
(6.57634e-06 -3.17378e-08 1.1077e-05)
(5.23654e-05 8.93603e-07 9.2193e-05)
(7.08359e-06 -1.61329e-08 1.15173e-05)
(6.39149e-06 -1.8524e-07 1.05224e-05)
(6.70626e-06 -2.25897e-07 1.08423e-05)
(6.41409e-06 -1.27098e-08 1.05619e-05)
(5.92205e-05 -2.08085e-06 1.82287e-05)
(1.4481e-05 -4.51291e-08 4.8539e-06)
(1.35723e-05 -2.55758e-07 4.57494e-06)
(1.37673e-05 -6.36063e-08 4.37423e-06)
(1.30576e-05 -2.09639e-07 4.27925e-06)
(1.34415e-05 -2.17912e-07 4.27455e-06)
(1.31499e-05 -6.16185e-08 4.30746e-06)
(1.35806e-06 9.36144e-06 6.854e-06)
(6.39502e-07 5.61075e-06 4.0132e-06)
(6.34845e-07 5.11125e-06 3.64597e-06)
(6.28903e-07 5.62402e-06 3.89284e-06)
(6.29852e-07 5.17269e-06 3.55038e-06)
(6.2804e-07 5.21167e-06 3.6471e-06)
(6.22774e-07 5.10673e-06 3.58335e-06)
(7.27035e-05 0.000107351 1.70757e-06)
(4.38328e-06 6.56834e-06 1.36174e-07)
(4.68908e-06 6.72472e-06 1.39275e-07)
(4.19089e-06 6.01124e-06 1.93718e-07)
(4.017e-06 6.085e-06 1.88449e-07)
(4.05436e-06 5.95389e-06 1.82561e-07)
(4.08751e-06 6.00327e-06 1.29855e-07)
)
;

boundaryField
{
    ground
    {
        type            zeroGradient;
    }
    outlet
    {
        type            zeroGradient;
    }
    wall
    {
        type            zeroGradient;
    }
    wall2
    {
        type            zeroGradient;
    }
    wall3
    {
        type            zeroGradient;
    }
    internalPatch
    {
        type            internal;
    }
    procBoundary1to0
    {
        type            processor;
        value           nonuniform List<vector> 
134
(
(8.60317e-21 4.48955e-15 -2.16173e-15)
(0 0 -2.19905e-15)
(0 -1.23239e-15 -2.31621e-15)
(9.20276e-23 1.22201e-15 0)
(3.46795e-36 -1.23239e-15 -2.24998e-15)
(2.23397e-40 0 -2.19523e-15)
(2.23397e-40 0 -2.19523e-15)
(8.60317e-21 4.48955e-15 -2.16173e-15)
(0 0 -2.19905e-15)
(0 2.05343e-38 -1.0673e-17)
(0 0 0)
(0 0 0)
(0 0 0)
(0 0 -1.2232e-15)
(0 0 -1.2232e-15)
(0 0 1.02591e-15)
(0 0 1.02591e-15)
(0 0 -2.24043e-15)
(5.5052e-43 6.50854e-20 0)
(0 0 -2.24043e-15)
(0 1.01769e-18 0)
(6.09167e-41 1.06678e-16 0)
(0 1.06652e-16 1.63637e-21)
(0 1.03263e-16 2.16668e-15)
(0 1.03263e-16 2.16668e-15)
(0 1.13835e-16 2.04576e-15)
(0 1.13835e-16 2.04576e-15)
(0 1.81804e-26 2.27374e-15)
(0 1.81804e-26 2.27374e-15)
(0 2.44151e-26 2.12225e-15)
(0 0 -2.28331e-15)
(-3.25908e-20 -4.51669e-19 2.2767e-15)
(-9.10203e-22 0 -2.26775e-15)
(-9.10203e-22 0 -2.26775e-15)
(-6.24901e-25 -3.26756e-21 -7.97501e-17)
(6.98085e-24 -3.26756e-21 -8.34042e-17)
(-8.60684e-19 0 1.03238e-17)
(0 -8.37956e-22 -1.71659e-21)
(-1.24225e-23 -6.50918e-19 0)
(-3.02741e-21 -5.9683e-19 6.54952e-17)
(-3.49919e-19 -4.26501e-19 6.55006e-17)
(0 0 0)
(0 0 0)
(0 0 0)
(0 -2.48753e-15 -1.28736e-16)
(0 0 -1.27597e-16)
(0 0 0)
(2.11367e-27 -1.06365e-19 0)
(2.11367e-27 -1.06365e-19 0)
(-4.78138e-33 -1.05335e-16 0)
(1.53861e-40 -1.06678e-16 0)
(3.60336e-30 -1.06678e-16 -3.60631e-17)
(0 -1.06678e-16 0)
(0 -1.05046e-16 1.20161e-15)
(0 -1.05046e-16 1.20161e-15)
(0 -1.23239e-15 -2.31621e-15)
(9.20276e-23 1.22201e-15 0)
(3.46795e-36 -1.23239e-15 -2.24998e-15)
(-3.9379e-21 -1.22324e-15 -4.19394e-15)
(-3.9379e-21 -1.22324e-15 -4.19394e-15)
(-2.42749e-21 0 -4.4298e-15)
(-2.42749e-21 0 -4.4298e-15)
(0 1.62479e-30 -3.1916e-15)
(4.07002e-46 2.96359e-33 -2.27322e-15)
(8.19629e-19 1.17571e-35 2.25197e-15)
(3.28777e-25 0 2.27374e-15)
(1.05915e-31 -2.46917e-15 2.24015e-15)
(1.05915e-31 -2.46917e-15 2.24015e-15)
(1.56225e-35 -2.44166e-15 0)
(1.56225e-35 -2.44166e-15 0)
(3.80011e-40 2.28641e-17 0)
(3.80011e-40 2.28641e-17 0)
(0 0 1.02997e-15)
(0 9.87337e-19 -1.03194e-15)
(3.2885e-28 1.03312e-16 -1.13709e-15)
(3.2885e-28 1.03312e-16 -1.13709e-15)
(1.63852e-23 0 1.03518e-16)
(1.63852e-23 0 1.03518e-16)
(4.68158e-19 3.1018e-32 0)
(4.68158e-19 3.1018e-32 0)
(1.87364e-20 0 2.06038e-15)
(0 0 -9.18307e-16)
(0 1.39864e-21 2.27374e-15)
(0 0 5.35172e-17)
(0 0 5.35172e-17)
(0 0 -1.8707e-16)
(-8.77075e-23 0 -3.48195e-17)
(-1.30644e-18 0 -1.98709e-16)
(-5.19972e-20 0 4.53242e-16)
(0 0 1.86453e-18)
(0 0 2.15142e-21)
(0 -8.3516e-22 4.49129e-19)
(0 0 0)
(0 -2.48753e-15 4.12605e-18)
(0 0 4.42062e-15)
(0 0 0)
(0 0 -1.74168e-16)
(9.92123e-20 -1.0372e-19 -6.96039e-21)
(9.92123e-20 -1.0372e-19 -6.96039e-21)
(-1.23461e-25 -1.03736e-16 2.49943e-22)
(3.94664e-38 -1.05059e-16 1.52555e-19)
(2.23e-27 -1.42468e-16 1.38094e-17)
(2.23e-27 -1.42468e-16 1.38094e-17)
(3.94664e-38 -1.05059e-16 1.52555e-19)
(-1.23461e-25 -1.03736e-16 2.49943e-22)
(9.92123e-20 -1.0372e-19 -6.96039e-21)
(2.05994e-15 -5.57961e-16 -7.34882e-16)
(2.05994e-15 -5.57961e-16 -7.34882e-16)
(9.71539e-20 0 -4.54165e-15)
(9.71539e-20 0 -4.54165e-15)
(1.58078e-22 1.02789e-28 -3.62917e-15)
(2.05994e-15 -5.57961e-16 -7.34882e-16)
(0 0 -4.24862e-15)
(0 0 1.51766e-16)
(0 0 -1.94993e-17)
(0 0 0)
(0 0 1.66725e-16)
(0 -2.48753e-15 4.06594e-15)
(0 0 -4.07094e-15)
(0 0 1.21462e-16)
(0 0 1.61921e-18)
(0 0 4.05139e-16)
(0 0 -1.35543e-15)
(3.73571e-52 0 -2.86945e-18)
(0 0 -2.23772e-15)
(0 0 -2.23772e-15)
(0 0 -1.22629e-15)
(0 0 -1.22629e-15)
(0 0 1.02997e-15)
(0 9.87337e-19 -1.03194e-15)
(0 4.47568e-16 8.63342e-19)
(0 4.47568e-16 8.63342e-19)
(0 0 -9.18829e-16)
(0 0 -9.18829e-16)
)
;
    }
    procBoundary1to2
    {
        type            processor;
        value           nonuniform List<vector> 
80
(
(0 0 0)
(0 0 0)
(0 0 0)
(0 0 0)
(0 0 0)
(0 0 0)
(0 0 0)
(0 0 0)
(0 0 0)
(0 0 0)
(4.27785e-40 0 0)
(1.03089e-41 0 1.66734e-17)
(1.4178e-45 0 0)
(6.92888e-49 0 0)
(7.65867e-52 0 9.57666e-21)
(9.78089e-55 0 -3.58722e-24)
(3.72034e-58 0 -7.36922e-20)
(0 0 -4.56191e-22)
(0 0 -1.1495e-20)
(0 0 0)
(0 0 2.29957e-20)
(0 0 -1.37438e-23)
(0 0 0)
(0 0 0)
(0 0 0)
(0 0 0)
(0 0 0)
(0 0 2.70013e-39)
(0 0 0)
(0 0 0)
(0 0 0)
(0 0 0)
(0 0 0)
(0 0 0)
(0 0 0)
(0 0 0)
(0 0 0)
(0 0 0)
(0 0 0)
(0 0 0)
(3.13506e-47 0 1.62596e-19)
(0 0 0)
(0 0 0)
(0 0 5.54911e-23)
(0 0 -8.81124e-27)
(0 0 -1.69555e-29)
(0 0 -3.64227e-51)
(0 0 1.22279e-52)
(0 0 0)
(0 0 0)
(0 0 0)
(0 0 0)
(0 0 1.44389e-33)
(0 0 0)
(0 0 0)
(0 0 0)
(0 0 0)
(0 0 0)
(0 0 0)
(0 0 0)
(0 0 0)
(0 0 4.16303e-22)
(0 0 8.06381e-24)
(0 0 0)
(0 0 1.5515e-25)
(0 0 0)
(0 0 0)
(0 0 0)
(0 0 0)
(0 0 8.08694e-31)
(0 0 6.87373e-33)
(0 0 0)
(0 0 0)
(0 0 0)
(0 0 0)
(0 0 0)
(0 0 0)
(0 0 0)
(0 0 1.60021e-28)
(0 0 -1.86667e-31)
)
;
    }
    procBoundary1to3
    {
        type            processor;
        value           nonuniform List<vector> 
321
(
(0 0 -1.08955e-30)
(0 0 0)
(0 0 0)
(0 0 0)
(0 0 0)
(0 0 -1.08955e-30)
(0 0 0)
(0 0 0)
(0 0 0)
(0 0 0)
(0 0 0)
(0 0 0)
(0 0 0)
(0 0 0)
(0 0 0)
(0 0 0)
(0 0 0)
(0 0 0)
(0 0 0)
(0 0 0)
(0 0 0)
(0 0 0)
(0 0 0)
(0 0 0)
(0 0 0)
(0 0 0)
(0 0 0)
(0 0 0)
(0 0 0)
(0 0 0)
(0 3.82198e-15 1.06824e-14)
(0 0 9.12453e-20)
(0 0 0)
(0 0 -1.29631e-64)
(0 0 -1.29631e-64)
(0 0 2.52684e-41)
(0 0 0)
(0 0 0)
(0 0 0)
(0 0 0)
(-8.47134e-15 5.0472e-14 -4.18434e-15)
(-8.47134e-15 5.0472e-14 -4.18434e-15)
(-2.95757e-12 1.54204e-11 1.9601e-13)
(-4.35579e-10 1.53122e-09 2.5211e-11)
(-5.29716e-09 2.8163e-08 4.49499e-10)
(-2.61751e-06 2.61846e-05 2.84181e-07)
(-3.75101e-06 0.00011424 1.30154e-06)
(-6.41764e-06 0.000217854 2.61303e-06)
(6.32428e-06 0.000385439 5.02082e-06)
(6.32428e-06 0.000385439 5.02082e-06)
(0.000956231 0.0554664 0.00109725)
(0.250818 7.13662 0.245274)
(34.0442 325.87 30.1429)
(1003.36 2309.36 258.835)
(434.973 706.663 79.9304)
(36.3007 61.0928 4.28623)
(0.977697 1.64588 0.0549556)
(0.977697 1.64588 0.0549556)
(81.28 93.7889 8.32519)
(1448.66 1428.46 191.964)
(5588.14 4727.36 733.997)
(11314.1 7668.76 1372.62)
(16344.6 6884.72 1702.68)
(18270 2837.07 1755.3)
(19664.2 -1651.4 1763.02)
(16656.7 -6045.58 1462.07)
(11132.8 -7372.19 1235.13)
(5236.28 -4380.87 694.437)
(1276.95 -1039.49 183.478)
(296.84 -252.12 163.693)
(6.02654 -5.24366 6.18144)
(0.0517295 -0.0438766 0.0764862)
(0.000382386 -0.000311575 0.000656147)
(7.73566e-06 -5.87616e-06 1.15198e-05)
(7.70399e-06 -6.42943e-06 1.94763e-05)
(7.70399e-06 -6.42943e-06 1.94763e-05)
(9.74775e-07 -1.73618e-06 4.67781e-06)
(2.26213e-06 -6.90849e-06 1.82556e-05)
(2.6373e-07 -6.60303e-06 2.26637e-05)
(9.34719e-10 -1.71475e-08 8.90367e-08)
(-1.33685e-11 -6.42357e-11 1.33716e-09)
(-1.94482e-14 -1.3504e-13 4.76482e-12)
(0 0 1.25955e-14)
(0 0 0)
(0 0 0)
(0 0 0)
(0 0 0)
(0 0 0)
(0 0 0)
(0 0 0)
(0 0 0)
(0 0 0)
(0 0 0)
(0 0 0)
(0 3.82198e-15 1.06824e-14)
(-1.91827e-14 1.29521e-12 2.40894e-12)
(-1.91827e-14 1.29521e-12 2.40894e-12)
(0 4.896e-16 1.11391e-15)
(0 0 0)
(0 0 0)
(0 0 0)
(0 0 0)
(0 8.28107e-16 1.20327e-16)
(0 8.28107e-16 1.20327e-16)
(-5.6017e-14 4.19462e-13 1.18501e-13)
(-1.83446e-11 9.95137e-11 3.84068e-11)
(-4.47285e-10 1.44141e-09 4.15286e-11)
(-6.24497e-10 2.9144e-09 3.30481e-10)
(-4.74167e-07 7.34536e-06 2.74215e-06)
(-1.14258e-06 1.30939e-05 5.99989e-07)
(-8.38348e-07 2.23925e-05 1.7269e-06)
(-1.06957e-06 3.83838e-05 3.17877e-06)
(1.5522e-06 6.04426e-05 5.52392e-06)
(1.5522e-06 6.04426e-05 5.52392e-06)
(0.000100366 0.00669969 0.000886797)
(0.0220315 0.902096 0.153404)
(4.64949 65.4013 22.162)
(375.042 842.001 360.064)
(100.025 184.343 73.9133)
(5.506 11.8711 2.83209)
(0.128499 0.22864 0.0378075)
(0.128499 0.22864 0.0378075)
(14.8661 18.6099 5.69875)
(529.2 522.35 269.144)
(3266.05 2822.99 1501.79)
(8148.67 5517.53 3248.09)
(12437.9 5513.29 4305.38)
(12755 2032.03 4123.02)
(11709.1 -1202.61 3627.93)
(10014.5 -3995.28 3419.48)
(6089.18 -4129.46 2568.91)
(2259.9 -1928.69 1135.86)
(177.203 -145.991 135.496)
(2.17795 -1.43315 3.12488)
(0.0168872 -0.0104284 0.030276)
(0.000124873 -7.44332e-05 0.000233392)
(0.00340596 -0.00116542 0.00615472)
(2.70029e-05 -1.11323e-05 5.49413e-05)
(2.86441e-06 -7.93601e-07 5.78903e-06)
(2.86441e-06 -7.93601e-07 5.78903e-06)
(8.80963e-06 -4.18121e-06 2.37589e-05)
(0.000158423 -9.2473e-05 0.000629055)
(1.01398e-05 -8.92257e-06 3.20238e-05)
(7.42832e-05 -0.00015727 0.000589963)
(0.00188463 -0.00199018 0.0129317)
(6.036e-05 -0.000108535 0.000807223)
(5.38515e-07 -1.73279e-06 1.46116e-05)
(7.2243e-09 -2.63603e-08 4.91004e-07)
(1.32112e-08 -5.88372e-09 1.11879e-06)
(-4.84431e-11 6.63588e-11 4.39669e-09)
(-7.35956e-14 1.05032e-13 1.46018e-11)
(0 0 3.91623e-14)
(0 0 0)
(0 0 0)
(0 0 0)
(0 0 0)
(0 0 0)
(0 0 0)
(0 0 2.43495e-15)
(-5.15981e-15 1.23552e-13 7.22223e-13)
(-1.83491e-12 2.78116e-11 1.30672e-10)
(3.63629e-11 1.46844e-09 4.04369e-09)
(-4.11763e-12 4.29562e-10 5.37522e-10)
(-4.11763e-12 4.29562e-10 5.37522e-10)
(-8.1355e-14 4.11881e-13 3.52674e-13)
(0 1.68536e-15 7.44936e-16)
(0 0 0)
(-9.0481e-11 3.28864e-09 1.96687e-09)
(-5.58127e-09 7.54063e-08 3.72361e-08)
(1.0369e-09 3.07729e-07 1.6569e-07)
(-5.468e-08 1.42928e-05 4.48639e-06)
(-6.01958e-08 1.47242e-05 4.47258e-06)
(1.30162e-07 1.48551e-05 4.51188e-06)
(1.30162e-07 1.48551e-05 4.51188e-06)
(1.34726e-06 0.000125392 3.28975e-05)
(0.000402496 0.0202919 0.0060602)
(0.0779737 2.24564 0.864869)
(17.4701 53.0221 28.8002)
(2.19 7.34828 3.36625)
(0.0939249 0.245873 0.102032)
(0.00205909 0.00365547 0.00147689)
(0.00205909 0.00365547 0.00147689)
(0.280218 0.397046 0.204064)
(24.5477 24.2279 17.2615)
(603.997 523.82 403.367)
(2727.49 1900.34 1751.74)
(5326.35 2456.71 3230.43)
(5951.01 957.337 3506.24)
(4798.23 -746.05 2869.18)
(3178.94 -1458.15 1963.71)
(1208.13 -861.042 786.601)
(38.3022 -22.4773 39.1143)
(0.425836 -0.171644 0.634368)
(4.09051 -1.32302 5.69297)
(0.0359715 -0.00865631 0.0665161)
(0.000261278 -4.83421e-05 0.000586786)
(4.65194e-06 -6.90903e-07 9.83853e-06)
(4.65194e-06 -6.90903e-07 9.83853e-06)
(6.5972e-05 -1.42543e-05 0.000191763)
(0.00131109 -0.000515998 0.00572345)
(0.0138864 -0.00911244 0.0885691)
(0.0003944 -0.000310644 0.00491135)
(2.73988e-06 -1.87044e-06 4.6259e-05)
(3.54969e-06 -3.96375e-06 7.13171e-05)
(3.74987e-06 2.06401e-06 0.00015484)
(1.93698e-06 4.50003e-06 7.08735e-05)
(5.51953e-09 3.75924e-08 5.05864e-07)
(2.45862e-10 1.24388e-08 5.55052e-08)
(-2.75627e-08 4.77934e-06 1.45566e-05)
(6.02852e-10 1.33605e-07 2.9377e-07)
(2.15843e-07 1.78475e-05 2.44542e-05)
(9.30278e-10 3.72493e-07 3.02321e-07)
(4.41262e-11 5.32892e-09 3.41967e-09)
(4.41262e-11 5.32892e-09 3.41967e-09)
(1.0369e-09 3.07729e-07 1.6569e-07)
(1.01678e-07 1.42052e-05 4.45751e-06)
(1.01678e-07 1.42052e-05 4.45751e-06)
(1.41343e-07 1.5764e-05 5.02063e-06)
(6.20775e-06 0.000308953 0.000132076)
(0.000866501 0.0339995 0.0171188)
(0.182026 0.949746 0.671063)
(0.0185155 0.0787603 0.0572018)
(0.0008666 0.00223946 0.00153201)
(2.17718e-05 3.71398e-05 2.36726e-05)
(2.17718e-05 3.71398e-05 2.36726e-05)
(0.00242958 0.00347267 0.00293279)
(0.235801 0.232799 0.301745)
(11.8785 8.80015 13.8135)
(197.542 136.752 171.317)
(755.691 361.816 594.368)
(1121.1 139.051 869.699)
(667.293 -162.958 511.218)
(255.575 -123.858 209.514)
(15.07 -3.90745 19.0779)
(0.138531 -0.0318918 0.274843)
(0.00101943 -0.000219062 0.00255072)
(8.60919e-06 -1.45949e-06 2.24647e-05)
(8.60919e-06 -1.45949e-06 2.24647e-05)
(0.000198424 -5.76907e-05 0.000695094)
(0.00341419 -0.00126694 0.0159381)
(0.0299759 -0.0154853 0.195286)
(0.000476551 -0.000395719 0.00725939)
(0.000434536 0.000135815 0.0161924)
(0.000237769 0.000804075 0.00774633)
(2.88105e-05 0.000133748 0.000943677)
(4.28428e-07 2.35501e-06 1.63634e-05)
(0.00430198 0.00449976 0.0269542)
(0.00430198 0.00449976 0.0269542)
(0.000175062 0.00152114 0.00504565)
(3.83491e-06 5.52701e-05 0.000125412)
(2.50476e-07 1.81913e-05 2.54913e-05)
(3.93952e-06 0.000120791 0.000176437)
(2.90433e-07 1.91678e-05 2.58893e-05)
(9.63648e-06 0.000297809 0.000293649)
(2.47348e-07 1.3241e-05 8.75841e-06)
(1.38498e-07 1.04686e-05 6.40051e-06)
(2.32185e-07 1.33563e-05 7.92651e-06)
(7.72766e-06 0.000344141 0.000230887)
(0.00115816 0.0319141 0.0272467)
(0.182026 0.949746 0.671063)
(0.0185155 0.0787603 0.0572018)
(0.0008666 0.00223946 0.00153201)
(2.17718e-05 3.71398e-05 2.36726e-05)
(0.00242958 0.00347267 0.00293279)
(0.235801 0.232799 0.301745)
(11.8785 8.80015 13.8135)
(2.15294 1.03737 3.64384)
(2.15294 1.03737 3.64384)
(17.413 6.86694 22.5803)
(38.1338 2.98734 43.5069)
(0.386919 0.016689 0.750075)
(0.00281567 0.000106521 0.00710342)
(2.08833e-05 9.25321e-07 5.56659e-05)
(2.08833e-05 9.25321e-07 5.56659e-05)
(0.000533662 3.33185e-05 0.00190795)
(0.0089916 0.000590923 0.0419056)
(0.0900091 0.00975575 0.455305)
(0.038635 0.0282869 0.206362)
(0.00337334 0.00189381 0.0161324)
(0.000344178 0.000254596 0.00167366)
(0.000344178 0.000254596 0.00167366)
(0.0557843 0.0440651 0.235292)
(0.705335 0.77154 3.1514)
(0.0280618 0.223511 0.602969)
(0.000526136 0.00735751 0.0143565)
(0.086706 0.976893 1.5523)
(0.00100291 0.0197066 0.0244198)
(0.143284 2.24026 2.19792)
(19.095 48.6367 38.7417)
(2.35886 5.95522 5.63609)
(0.104938 0.215474 0.195325)
(9.09934 11.8613 13.9784)
(277.315 271.972 266.039)
(58.2766 44.0986 73.569)
(0.456008 0.270214 1.16994)
(0.0136263 0.00549706 0.0302302)
(0.0136263 0.00549706 0.0302302)
(0.142797 0.0451125 0.291795)
(0.000934191 0.000230304 0.00238147)
(7.90934e-06 1.47479e-06 2.00921e-05)
(7.90934e-06 1.47479e-06 2.00921e-05)
(0.000185344 5.37019e-05 0.00064251)
(1.86336e-05 1.2066e-05 6.4226e-05)
(1.86336e-05 1.2066e-05 6.4226e-05)
(0.00267307 0.00140976 0.00891734)
(8.61878e-05 4.21678e-05 0.000216941)
(8.61878e-05 4.21678e-05 0.000216941)
(2.49109e-06 1.10718e-06 5.65683e-06)
(2.49109e-06 1.10718e-06 5.65683e-06)
(2.49109e-06 1.10718e-06 5.65683e-06)
(9.25647 7.98289 20.1284)
(82.2713 96.5233 141.868)
(4.93394 28.4271 41.5133)
(211.028 953.677 936.678)
(12.3993 84.1209 81.1554)
(496.644 893.723 697.737)
(148.677 204.46 176.681)
(1378.56 1572.43 1380.95)
(549.829 511.267 605.461)
(1337.13 1692.07 2020.76)
(2258.23 3699.32 3219.15)
)
;
    }
    procBoundary1to6
    {
        type            processor;
        value           nonuniform List<vector> 
77
(
(0 0 0)
(0 0 0)
(0 0 0)
(0 0 0)
(0 4.53318e-21 0)
(0 4.53318e-21 0)
(0 0 3.41581e-15)
(0 0 0)
(0 0 0)
(0 0 0)
(0 0 0)
(0 0 0)
(0 0 0)
(0 0 0)
(0 0 0)
(5.03301e-30 0 0)
(6.11426e-35 0 0)
(5.01838e-38 0 0)
(0 0 0)
(0 0 0)
(0 0 0)
(0 0 0)
(0 0 0)
(0 0 0)
(0 0 0)
(0 0 0)
(0 0 0)
(0 0 0)
(0 0 0)
(0 0 0)
(0 0 0)
(0 0 0)
(0 0 0)
(0 0 0)
(0 0 0)
(0 0 -3.01943e-24)
(0 0 0)
(0 0 -4.57486e-20)
(0 0 0)
(0 0 0)
(0 0 1.22738e-21)
(0 0 1.16332e-17)
(0 0 -4.21626e-18)
(0 7.59238e-23 -1.64875e-15)
(0 -1.06061e-23 -1.56779e-21)
(0 0 -3.99453e-15)
(0 0 -4.17388e-17)
(0 0 -4.17388e-17)
(2.30896e-21 4.48005e-31 4.36581e-15)
(2.30896e-21 4.48005e-31 4.36581e-15)
(0 4.06952e-33 9.65551e-18)
(0 0 5.62407e-19)
(0 0 0)
(0 0 0)
(0 0 0)
(0 0 0)
(0 0 0)
(0 0 0)
(0 0 0)
(0 0 0)
(0 0 0)
(0 0 0)
(0 0 -5.78602e-22)
(0 0 -1.18323e-23)
(0 -1.13056e-21 -5.72195e-20)
(0 -1.47551e-23 0)
(0 0 5.0455e-17)
(0 0 5.0455e-17)
(0 4.06952e-33 9.65551e-18)
(0 0 5.62407e-19)
(0 0 0)
(0 0 0)
(0 0 0)
(0 0 0)
(0 0 0)
(0 0 1.15338e-23)
(0 0 1.15338e-23)
)
;
    }
    procBoundary1to7
    {
        type            processor;
        value           nonuniform List<vector> 
35
(
(0 5.25842e-19 -1.13166e-15)
(0 0 -3.42172e-15)
(4.67208e-17 0 1.09526e-15)
(1.12022e-17 0 -3.17636e-15)
(0 -4.63982e-17 2.9104e-15)
(0 0 -9.86715e-18)
(0 0 -9.86715e-18)
(1.02203e-15 -8.64456e-20 -1.59834e-15)
(3.95973e-22 0 -6.48166e-17)
(3.59605e-26 -2.78872e-17 -6.33067e-17)
(3.59605e-26 -2.77178e-17 -6.28332e-17)
(-3.21309e-23 -2.78855e-17 6.43925e-17)
(-3.21309e-23 -2.78856e-17 6.55006e-17)
(9.32282e-16 -1.21553e-15 2.68161e-19)
(0 2.28496e-15 1.0244e-19)
(3.65491e-56 0 -2.21429e-21)
(9.97167e-53 0 -1.07482e-21)
(9.92981e-50 0 9.59105e-19)
(8.97658e-47 0 0)
(1.8391e-43 0 0)
(9.16826e-40 0 0)
(1.04363e-36 0 0)
(0 0 -8.22313e-21)
(0 0 -8.22313e-21)
(0 0 -8.22313e-21)
(0 0 9.03964e-17)
(0 -9.82101e-18 4.38876e-15)
(0 0 9.03964e-17)
(1.71977e-17 0 -2.24362e-15)
(1.03532e-15 -1.11087e-17 2.21619e-15)
(1.99884e-15 -1.20458e-15 -2.60113e-19)
(0 2.28465e-15 -1.01005e-19)
(0 2.26493e-15 6.8686e-17)
(4.82626e-32 3.80792e-17 -1.01849e-19)
(6.13463e-41 4.34719e-21 4.11905e-21)
)
;
    }
}


// ************************************************************************* //
