/*--------------------------------*- C++ -*----------------------------------*\
  =========                 |
  \\      /  F ield         | OpenFOAM: The Open Source CFD Toolbox
   \\    /   O peration     | Website:  https://openfoam.org
    \\  /    A nd           | Version:  9
     \\/     M anipulation  |
\*---------------------------------------------------------------------------*/
FoamFile
{
    format      ascii;
    class       volScalarField;
    location    "0.0005";
    object      overpressureMax;
}
// * * * * * * * * * * * * * * * * * * * * * * * * * * * * * * * * * * * * * //

dimensions      [1 -1 -2 0 0 0 0];

internalField   nonuniform List<scalar> 
5863
(
0
0
0
0
0
0
0
0
0
0
0
0
0
0
0
0
0
0
0
0
0
0
0
0
0
0
0
0.005272
6.50229e-06
0.000107329
2.94211e-07
0.00109965
0.00714022
0.00583571
0.000549043
8.31311e-05
5.98745e-05
8.23283e-05
6.48039e-05
0.0156356
0.000245836
0.000812555
0.000222799
1.42394e-05
9.61696e-05
4.21979e-06
1.61508e-05
5.06411e-06
5.77551e-07
7.06714e-07
1.44926e-05
1.62981e-09
4.22006e-10
1.61526e-09
7.47532e-08
8.49541e-08
4.33647e-09
2.47383e-10
2.64845e-09
7.27596e-10
2.15849e-07
5.23869e-10
4.51109e-10
8.00355e-10
7.42148e-09
2.64117e-08
1.8641e-08
1.41154e-08
5.52973e-10
6.8394e-10
2.61643e-08
2.39088e-08
4.84579e-09
1.64582e-08
1.43904e-07
1.79731e-07
1.85246e-08
2.87109e-08
4.72937e-09
0
0
0
0
0
0
0
0
0
0
0
0
0
0
0
0
0
0
0
0
0
0
0
0
0
0
0
0
0
0
0
0
0
0
0
0
0
0
0
0
0
0
0
0
0
0
0
0
0
0
0
0
0
0
0
0
2.27132e-06
2.18279e-10
1.8772e-09
1.89175e-10
3.34694e-10
3.7835e-10
5.6898e-09
1.31404e-08
1.4159e-08
8.45466e-09
0.0135094
1.86658e-05
1.19103e-05
1.50671e-07
1.08732e-07
0.00527348
0.000198125
0.000128948
0.000161302
9.30027e-05
4.76046e-06
3.47805e-06
1.63971e-07
1.21265e-05
4.26255e-07
8.57332e-06
4.46744e-07
4.11295e-06
2.87022e-07
2.04163e-07
1.52814e-05
7.31015e-07
1.15364e-05
5.5501e-07
5.41903e-06
4.25731e-07
0
0
0
0
0
0
0
0
0
0
0
0
0
0
0
0
0
0
0
0
0
0
0
0
0
0
0
0
0
0
0
0
0
0
0
0
0
0
0
0
0
0
0
0
0
0
0
0
0
0
0
0
0
0
0
0
0
0
0
0
0
0
0
0
0
0
0
0
0
0
0
0
0
0
0
0
0
0
0
0
0
0
0
0
0
0
0
0
0
0
0
0
0
0
0
0
0
0
0
0
0
0
0
0
0
0
0
0
0
0
0
0
0
0
0
0
0
0
0
0
0
0
0
0
0
0
0
0
0
0
0
0
0
0
0
0
0
0
0
0
0
0
0
0
0
0
0
0
0
0
0
0
0
0
0
0
0
0
0
0
0
0
0
0
0
0
0
0
0
0
0
0
0
0
0
0
0
0
0
0
0
0
0
0
0
0
0
0
0
0
0
0
0
0
0
0
0
0
0
0
0
0
0
0
0
0
0
0
0
0
0
0
0.0174377
0.291913
0.000437107
0.00159613
1.07312
11.7844
0.0111816
0.0173924
0.210924
0.0103965
0.00914964
0.00151664
0.00158323
0.00130556
1038.87
202.879
0.301107
0.0893157
265.321
11063.1
14317.7
280587
6399.74
238625
5053.53
280110
0.292509
11.6662
1.9807
0.00125304
0.00010637
0.201663
0.0075133
0.0047279
6.30938
436.374
8.19848
0.256973
313.835
8.82778
0.177746
0.123019
0.00639675
0.00565328
0.000260593
0.172179
0.00381056
0.00397967
0.000294907
1.5067e-05
0.000119573
194.118
232110
14260.5
6379.28
10582.6
4863.49
264.058
36.4867
64006.5
2057.52
106.588
5965.3
154968
2814.79
0.275482
8.88551
439.39
6.62114
330.284
8.66704
0.207008
111.688
4.89544
0.0991362
3.56843
1.47221
83.8667
0.0733823
0.0398646
1.3087
53.9304
3.30684
167.372
4.20014
0.1029
0.0177979
0.0424921
0.826195
0.654436
17.5545
1.92193
47.6947
1.54359
0.111874
1.9985
112.107
4.92139
3.72562
87.1954
0.0159029
0.0159029
0.0176183
0.0189878
0.149356
0.113777
0.0183725
0.0174377
0.0175076
0.01783
0.0174377
0.0292811
0.0578352
0.0178876
0.0114552
0.0111816
0.0111816
0.0191459
0.011244
0.0364958
0.0117386
1.64146e-08
2.61934e-10
1.01863e-10
0
0
0
0.000111969
2.07158e-06
3.79514e-08
0.00010919
0.000568915
0.000328798
0.000106759
0.000123163
0.000116465
0.000106759
1.84592e+06
11144.7
250.265
2.67042e+06
499090
881287
866329
6000.38
421755
114800
0.776832
11.2919
3.7589e+06
2.6432e+06
1.64692e+06
1.63817e+06
1.25189e+06
1.62684e+06
1.15202e+06
1.7009e+06
811671
1.27731e+06
2635.93
15612.1
63150
769820
101701
838063
72064.6
742490
88398.3
281749
2.47823e+06
749710
1.73825e+06
1.61381e+06
337964
665165
98220.6
1.09922e+06
782009
94991.1
992291
130239
68244.9
35738.8
702004
355799
14831.7
613974
49374.2
11067.1
123.74
86244
2266.15
8738.67
1650.29
6508.21
169.686
5.44205
367.404
8.21732
0.246655
269.801
7.54921
0.180126
1.92577e+06
1.89533e+06
1.61134e+06
1.55893e+06
1.8791e+06
1.55889e+06
1.88327e+06
1.59296e+06
1.62877e+06
1.59245e+06
1.44327e+06
1.45075e+06
1.45709e+06
1.45435e+06
3.97838e+06
4.03082e+06
2.62927e+06
3.57284e+06
3.51015e+06
2.52678e+06
2.51537e+06
2.02258e+06
1.31474e+06
1.69737e+06
1.67297e+06
1.97004e+06
1.49535e+06
1.82372e+06
1.23265e+06
1.5807e+06
1.58854e+06
1.61763e+06
1.59566e+06
1.40704e+06
1.39647e+06
1.66877e+06
1.71178e+06
1.6753e+06
1.3706e+06
1.46489e+06
1.31633e+06
1.44007e+06
3.20081e+06
2.31318e+06
2.66294e+06
2.65483e+06
3.88437e+06
3.39056e+06
2.45685e+06
925766
1.60708e+06
1.62628e+06
1.67274e+06
1.64818e+06
1.17704e+06
1.35061e+06
2.08308e+06
2.12057e+06
880810
376028
2.81527e+06
1.80015e+06
2.70813e+06
1.79696e+06
1.72015e+06
1.80665e+06
2.14739e+06
2.16886e+06
1.97148e+06
1.9416e+06
2.05118e+06
1.71167e+06
1.88284e+06
1.88017e+06
2.0692e+06
1.75889e+06
1.81081e+06
1.75995e+06
1.93978e+06
2.01089e+06
1.93671e+06
2.00499e+06
1.81338e+06
1.769e+06
1.77426e+06
1.99124e+06
2.04125e+06
1.97343e+06
2.03314e+06
4.42915e+06
4.47469e+06
2.67548e+06
4.89563e+06
2.69875e+06
4.87441e+06
2.75132e+06
1.7543e+06
2.08221e+06
2.02562e+06
2.20626e+06
1.95104e+06
1.91826e+06
2.12959e+06
1.92624e+06
1.8802e+06
2.18129e+06
1.93839e+06
1.88746e+06
2.12971e+06
2.12047e+06
2.75681e+06
4.24633e+06
4.34826e+06
4.78436e+06
2.97179e+06
4.82949e+06
2.84719e+06
2.16285e+06
1.86818e+06
1.90487e+06
1.83915e+06
1.86982e+06
2.11049e+06
2.12621e+06
1.89953e+06
2.13334e+06
1.91149e+06
2.01021e+06
1.81784e+06
1.80551e+06
1.99855e+06
2.10527e+06
1.837e+06
1.87439e+06
1.94615e+06
1.69544e+06
1.77774e+06
1.97329e+06
1.38995e+06
436438
1.45137e+06
1.33748e+06
1.83919e+06
1.27988e+06
1.82781e+06
1.34491e+06
1.67794e+06
1.69605e+06
993810
914884
321981
265969
342277
10021.7
323603
34397.7
30383.7
592661
566759
16775.2
10766.6
345104
50386.2
32939.2
601242
795676
107695
1.73903e+06
961405
249809
1.23725e+06
1.13641e+06
1.80362e+06
1.05143e+06
238400
69228
470440
176003
2.23321e+06
1.40444e+06
237021
1775.06
95744.3
17448.9
5612.19
231374
446287
1.10971e+06
1.45872e+06
1.61231e+06
441820
54967.7
725826
158011
105149
8048.4
257340
2072.84
55.8602
180.802
6657.2
394584
20728.2
462065
495.607
17883.6
367.407
13300.8
0.00417282
2.33107e-06
8.40519e-08
0.000248331
5.86414e-05
1.05165e-05
4.19638e-06
0.000104262
1.30642e-05
0.000199408
3.81973e-07
1.28901e-07
4.5693e-07
0.922692
1.58629e+06
0.000101621
2.45632e-05
3.04135e-09
0.0730178
9.08767e-08
1.32697e-06
2.89583e-09
4.36557e-11
3.30074e-06
3.75828e-06
7.87029e-06
1.70257e-09
1.1205e-09
6.69388e-10
0.001776
9.01429e-05
9.81993e-05
0.00180239
0.0030368
0.00016442
0.000158989
0.0031402
6.27121e-06
6.03237e-06
0.000216352
0.00431307
0.000499099
1.14333e-06
2.39698e-06
5.86733e-08
4.1764e-08
1.65789e-06
1.42383e-06
2.84927e-08
7.30797e-08
3.66708e-09
8.16653e-08
1.58616e-09
1.0278e-07
2.15368e-09
5.84405e-08
1.01863e-10
1.45519e-11
2.91038e-11
1755.31
1.90621
2.07585
1.54498
58.0887
0.0112819
0.0696733
0.0264287
0.00944084
0.000852479
0.000231928
1.1921e-05
4.50544e+06
3.59286e+06
1.91444e+06
1.02348e+06
2.10908e+06
114922
2.95747e+06
3.55454e+06
3.06129e+06
1.95603e+06
1.89195e+06
1.52299e+06
1.19558e+06
1.83895e+06
1.03939e+06
277132
1.98678e+06
1.40709e+06
1.14946e+06
2.10001e+06
2.05323e+06
1.3431e+06
844641
282708
454856
72612.1
2.05023e+06
987122
376220
1.33639e+06
817162
490.538
43.7245
10623
11.369
0.927338
843.381
1.02018
0.023465
0.000209096
0.0231686
1.0967e-05
3.33808e+06
2.20811e+06
2.00108e+06
882662
979186
844376
81043.1
8734.24
6128.87
2.63505e+06
4.05173e+06
3.4687e+06
2.4664e+06
2.63042e+06
2.41435e+06
4.01526e+06
2.65571e+06
3.87016e+06
3.31118e+06
2.12328e+06
2.6705e+06
2.31814e+06
3.95848e+06
1.91574e+06
1.82838e+06
1.61555e+06
1.49182e+06
1.90283e+06
1.7888e+06
1.62411e+06
1.95072e+06
1.46915e+06
1.6582e+06
1.40639e+06
1.99174e+06
1.69237e+06
1.64709e+06
2.70701e+06
893906
1.52135e+06
1.31606e+06
895419
1.14604e+06
378406
604350
792840
1.61828e+06
1.59137e+06
1.39481e+06
1.42092e+06
1.58467e+06
1.62721e+06
1.40201e+06
1.60446e+06
1.54945e+06
1.33404e+06
1.14874e+06
1.57694e+06
1.56189e+06
1.33192e+06
1.6576e+06
1.42756e+06
1.709e+06
1.27675e+06
1.67216e+06
1.38705e+06
1.6896e+06
1.63161e+06
1.07399e+06
1.59313e+06
1.12778e+06
1.57914e+06
1.2871e+06
1.65524e+06
599720
277067
577873
792607
365660
671368
197161
212419
441659
1.25627e+06
1.69381e+06
888459
318698
1.66561e+06
1.34087e+06
251882
1.06575e+06
1.39765e+06
676467
41796.1
1.5854e+06
733420
138416
380434
17658.9
20575
346.15
459670
12449.9
14781.1
232743
1593.4
2055.52
156.839
83027.7
5747.33
7060.45
36648.7
742.421
2718.53
368.792
7.88089
256.696
30.8958
3.43497
113.363
2.91254
42.7201
3.66496
0.0220039
146.793
0.846656
0.0789058
0.0573166
0.000634162
0.0028098
0.000225943
0.0178865
0.00177376
0.00342713
0.0869767
0.000566722
0.00202814
2.55889e-05
1.15517e-05
5.70733e-05
3.03958e+06
3.4247e+06
871919
20.8461
8.35863e-06
1.92512e+06
894195
0.0930695
65616.1
1.23431
1.22235e-05
1.98822e+06
215273
0.010745
1990.7
0.0316667
1.65033e-06
188.156
0.223533
0.00400809
1.9112e-06
4.46172e+06
2.66326e+06
54065.8
1.87321e+06
2.25482e+06
779222
1100.16
76.9337
1719.97
0.0173994
883970
119.364
45.343
0.00194617
0.00037784
0.000210448
613.79
59538.4
23.2916
0.000263082
0.994476
6.95744e-05
9.77685e-06
1.70023e+06
777588
1322.97
1.9779e+06
1.74646e+06
427506
333.566
109.824
55.543
0.00249089
640060
89.7397
13.3332
0.00120084
0.000270744
0.0588343
0.000169115
28.3341
13768.5
6.26442
8.76215e-05
0.256125
5.68764e-05
8.59985e-06
1.08392e+06
113044
44.1256
412812
327.721
7.94678
0.00359008
0.255476
1.71165
0.000260648
12.203
0.0143628
0.000398154
2.14332e-05
3.84076e-05
0.00101069
1.6064e-06
0.794627
0.16158
0.000100128
1.25814e-05
1.78921e-05
4.92597e-07
4.61878e-08
6.29191
0.183956
0.000204385
0.0057147
0.00826175
7.3016e-05
1.0112e-05
0.00112283
4.27689e-05
1.11625e-06
0.000606809
3.24932e-05
1.51887e-06
3.82133e-08
9.55899e-06
3.5144e-06
3.12211e-07
3.31056e-08
4.94474e-08
1.10595e-09
189827
310397
40474.3
0.555456
4.43557
0.126056
6.25759e-06
7385.24
67306.2
7939.5
0.0463025
1.38318
0.051458
1.28871e-05
7.77957e-06
220.147
135.571
14.5074
0.00109867
0.00203752
0.000112892
5.24989e-07
1.0412e-06
4.54587e-07
0.000437442
0.000113553
2.87906e-05
1.20149e-06
1.06689e-06
6.46716e-07
2.34974e+06
3.73319e+06
1.84266e+06
1.71034e+06
2.65312e+06
903812
3.40191e+06
1.5373e+06
1.22775e+06
644215
9267.86
431069
182533
2.66466e+06
1.55722e+06
995444
1.60344e+06
254397
1.96052e+06
353382
1.23332e+06
723344
1544.99
53851.1
21816.8
87851.2
33085.5
525276
559.058
139385
42.7653
306.673
22099.4
8.42127
3479.93
12.4317
1.1691
0.908196
0.00443456
0.250711
0.197274
66.2848
93.0131
57.4307
2099.99
1.6182
3152.64
1.83798
70.748
2.52637
0.00180808
0.0657891
0.0523051
0.0673154
0.0532162
2.18364
0.0203608
0.000174598
0.00594602
0.000198509
0.00409685
0.00392842
13805.4
125.829
2744.53
85157.8
6406.7
8723.37
28.0125
442.119
570.565
0.0124441
8.97771e-05
0.00310235
1.09532
0.0367498
0.0367409
6.22017e-05
0.0012675
0.00115463
9.20004e-06
1.21779e+06
1.49688e+06
274965
787833
1.19882e+06
1.49487e+06
291291
586487
63516.1
25765.4
1513.74
552431
73506.4
29040.7
1.16097e+06
684954
1.39802e+06
92409.8
1.48366e+06
227050
941954
508301
1038.82
18146.8
6721.74
53697.3
20039
284668
101.654
2538.32
2.01908
63.7175
87.1012
2975.55
2.30459
3.15411
0.08372
0.0661716
0.002766
2.73465
0.0949451
0.0744611
70.0593
43.075
683.775
0.445238
2103.43
1.51306
22.0473
2.09879
0.00226458
0.0256685
0.0137825
0.0669931
0.0474691
0.630097
0.00422367
0.00537944
0.000282287
0.00563862
0.000213362
0.00217004
0.00022207
0.00252029
0.000106323
0.00377743
0.000118697
0.00208276
526.094
31.6931
580.213
43142.9
1633.23
5300.55
20.8352
120.492
385.761
0.00160297
9.55647e-05
0.00174723
0.889571
0.00884211
0.0320953
8.97799e-05
0.00031801
0.00107331
1.13447e-05
3.94606e-06
4.61722e-06
48982.3
1.02334e+06
12589.1
7614.25
435396
316958
812.723
3344.7
2518.02
880.779
2.81537
53244.9
156.547
57.1286
1688.82
286.638
379.552
0.859526
15312.1
30.9819
42.398
117.216
0.108279
0.157743
0.061152
5.7155
2.16951
3.04427
0.182052
92.1205
0.0557285
0.108143
2.85271
5.77628
0.00402172
0.00725115
0.00463539
0.00181048
0.000164895
0.0797532
0.00233408
0.000329235
0.0105916
0.00449459
0.00945912
0.000263776
0.218565
0.00045963
0.00391308
0.00156711
4.98051e-05
0.000961118
6.65424e-05
0.00141273
8.82021e-05
0.00159796
0.000627618
0.000818867
1.49104e-05
2.96323e-05
0.000793066
1.64121e-05
5.57935e-05
3.90777e-06
6.07519e-05
1.03275e-06
0.000111465
1.75758e-06
3.65028e-05
15.6383
0.0506412
1.01221
5.47454
0.0170046
0.576874
0.00205925
0.00122867
0.0400368
4.82461e-05
7.83456e-06
1.73473e-05
0.000101586
1.18813e-05
2.18917e-05
1.60812e-06
2.27653e-06
4.45145e-06
1.33761e-07
2.72121e-08
5.60249e-08
0.0202674
8.11153
0.0201706
0.00413371
0.917518
0.161012
0.000675286
0.00296912
0.00497387
0.00158065
0.00011156
0.0683325
0.00157129
0.000174585
0.00104295
0.000155139
0.00107189
4.31236e-05
0.00376053
6.59296e-05
0.00081188
0.000489162
1.88331e-05
0.000358669
1.24253e-05
0.00045965
2.4244e-05
0.000387017
0.000893966
0.000898296
3.81843e-05
3.44764e-05
0.000998022
0.000975911
2.57693e-05
8.59293e-05
3.75323e-05
5.33283e-06
4.64192e-07
0.000141734
1.81189e-05
2.52863e-06
5.84041e-05
3.06356e-06
4.01548e-05
9.3921e-07
7.56685e-05
1.80905e-06
3.41401e-05
3.41049e-06
4.82396e-08
1.4665e-06
8.02975e-08
1.68619e-06
1.51733e-07
2.0774e-06
4.07454e-05
5.28719e-06
9.27216e-06
7.45962e-06
1.72421e-06
3.79002e-06
7.08664e-07
4.26546e-07
1.21401e-06
1.5847e-07
1.23691e-08
7.07951e-08
9.68284e-08
2.53931e-08
5.29835e-08
1.38243e-09
2.54659e-09
5.7189e-09
1.98592e+06
1.80646e+06
1.75585e+06
1.92987e+06
2.00213e+06
1.79515e+06
1.74497e+06
2.06583e+06
2.06893e+06
1.87593e+06
1.71946e+06
1.89063e+06
1.97009e+06
1.71353e+06
2.16698e+06
2.11799e+06
1.89683e+06
1.74898e+06
2.05326e+06
2.01403e+06
1.73099e+06
1.9259e+06
1.93398e+06
2.00192e+06
1.76225e+06
1.72545e+06
1.7917e+06
1.74708e+06
2.15273e+06
2.17549e+06
1.93571e+06
1.88332e+06
2.12178e+06
1.86697e+06
1.91472e+06
2.68251e+06
4.92956e+06
2.71168e+06
4.94846e+06
2.75229e+06
2.70526e+06
4.48608e+06
2.08881e+06
2.09726e+06
2.13503e+06
1.83232e+06
1.79646e+06
1.84262e+06
1.88449e+06
4.94125e+06
4.96095e+06
2.84688e+06
2.81897e+06
4.38959e+06
2.76119e+06
4.45787e+06
2.13126e+06
1.9089e+06
1.79739e+06
2.00853e+06
1.88844e+06
1.98962e+06
1.81589e+06
1.87205e+06
1.78902e+06
1.83121e+06
1.70267e+06
1.67656e+06
1.62172e+06
1.61529e+06
2.19604e+06
2.21769e+06
1.86142e+06
1.76211e+06
2.09802e+06
2.15088e+06
1.75512e+06
233697
0.883744
319599
36279.2
0.0790022
1987.61
0.104983
2.08576e+06
1.92159e+06
1.80964e+06
1.65421e+06
1.76277e+06
1.85764e+06
1.96156e+06
2.0271e+06
1.87341e+06
1.75869e+06
1.72851e+06
1.63927e+06
1.91938e+06
1.66088e+06
4.86168e+06
4.69838e+06
3.07632e+06
2.86107e+06
4.28161e+06
2.88254e+06
4.1295e+06
1.83611e+06
1.64937e+06
1.9016e+06
2.08622e+06
752015
1.03119e+06
1.50808e+06
1.71634e+06
1.55682e+06
1.45256e+06
770089
1.56298e+06
1.43898e+06
813472
1.37422e+06
1.83718e+06
1.26716e+06
435461
1.82019e+06
1.44941e+06
365026
1.86454e+06
1.73894e+06
1.36865e+06
795486
1.89355e+06
1.4823e+06
1.72454e+06
1.482e+06
1.43098e+06
1.56476e+06
1.78298e+06
493100
747782
1.29124e+06
1.06738e+06
736037
1.39906e+06
678093
378541
139231
42266.6
3.06842e+06
4.13479e+06
2.72517e+06
3.1662e+06
2.93695e+06
1.98053e+06
3.85263e+06
1.7049e+06
889542
86839.1
1.19934e+06
1.10475e+06
1.7912e+06
228954
4408.07
136719
107755
938062
3710.73
159410
126016
175529
1.72545e+06
135502
333860
817189
1.18762e+06
8781.29
1.46299e+06
447548
17254.8
90198.2
87257.8
931745
2038.33
4782.24
1.211e+06
118535
92662.3
197787
154797
3063.76
3193.95
887588
48542.1
35020.6
127856
97066.5
1051.34
1.02692e+06
439445
49794.5
12810.3
826.496
114653
7720.44
37321
1.91299e+06
1.68255e+06
2.22242e+06
808200
671442
230691
5.23349e-06
0.00251138
4.50014e-06
1.58383e-07
0.00330043
7.21472e-06
0.00160489
2.96443e-06
2.04556e-07
1.05487e-07
0.000328731
5.15298e-07
1.70257e-08
0.000429745
3.97833e-06
0.000116456
1.98829e-05
9.17422e-05
1.96387e-05
0.000432292
1.47425e-07
7.10541e-07
6.92584e-07
0.0004877
0.00024313
2.48818e-05
3.78075e-06
0.000566971
8.70384e-05
2.20467e-05
0.000270408
3.63507e-06
7.03021e-05
1.12674e-05
9.05035e-05
1.18892e-05
0.000277245
8.42861e-07
1.41517e-07
7.57369e-07
1.22163e-07
3.73082e-07
4.19357e-07
3.00644e-05
1.58733e-05
1.19969e-06
3.85218e-07
2.74348e-05
1.48438e-05
1.00789e-06
4.85306e-08
1.023e-08
3.35422e-08
0.00731706
0.00499593
6.45203e-07
14019.1
0.00786541
28.5877
0.0130927
28.7458
0.0178671
20.962
0.000581907
0.0258027
0.00609171
1.19113e-05
0.000268179
1.03688e-05
0.00224068
147.578
0.00041302
0.0108836
0.00229092
0.0131437
0.0146704
51982.7
29.3215
1634.57
94.4856
141225
5289.27
2515.49
7097.73
83769
2075.26
157.896
5786.02
1610.74
44.2002
10556.3
666.454
192.995
49.9065
2695.3
738.319
13.6171
13727.4
17.4968
955.636
787.167
58.3646
43108.5
3160.31
2.86263
897.085
44.8562
54205.1
3398.2
158.642
2558.71
8.83001
6957.94
4992.21
15523.6
142.696
418.568
301.929
6371.96
14877.7
6734.38
7.31421
257026
294.969
146.602
57.157
2.35688
65.2429
88.825
2612.44
103.302
3046.89
11443.6
5.93549
326.172
0.722249
1494.89
38.9652
24.8369
2.82847
89.0429
2.43191
118.512
3485.06
5502.9
88.3758
3.05006
129.038
128.319
4223
109.075
5030.49
3.52876
31.489
15510.8
384.257
43.0004
1714.78
290.571
8.06413
43.3989
8.57703
313.821
3524.71
567.459
141649
22582
59.2395
1.68175
46.8092
94.9573
3249.06
72.2917
2167.22
43.9354
13.5525
0.460887
70.9874
2144.94
693.735
22.2773
4968.89
761.058
14.2011
757.133
269063
44441.5
4947.49
0.262513
14.536
220.547
3.85744
34.8628
135.382
2.41011
28.446
89.3376
1216.69
0.75115
3677.71
2.38932
28.347
622.58
127.928
2802.04
7.56474
1.78341
162.185
37.4262
582.701
23.7223
450.033
0.542589
10.423
0.513009
9.11281
533.39
31.9924
585.356
0.633854
10.9502
0.684656
11.79
121.042
6.29279
2.1613
388.192
0.41707
7.44881
0.123027
0
0
0
0
0
0
0
0
0
0
0
0
0
0
1.04398e-06
1.34896e-08
3.49246e-10
8.73115e-11
0
0
0
0
0
3.10974e-08
2.10905e-05
2.09096e-07
3.89991e-09
2.00816e-09
0
0
0
0
0
2.18337e-07
2.61934e-10
4.36557e-11
2.18279e-10
2.18279e-10
2.61934e-10
1.18307e-08
1.05792e-08
1.18016e-08
1.08557e-08
0
0
0
0
0
0
0
0
0
5.82077e-11
4.36557e-10
0
4.36557e-11
4.36557e-11
8.14907e-10
3.0268e-09
1.99361e-09
2.13913e-09
0
1.30967e-10
0
0
0
0
0
2.76486e-10
1.89175e-10
3.49246e-10
8.73115e-11
0
0
0
0
0
0
0
0.00087482
1.04451e-05
2.68542e-06
3.07773e-08
2.72528e-07
2.53785e-08
6.89761e-09
6.65023e-09
1.78989e-09
1.23691e-09
0.000179542
3.14597e-05
4.6224e-06
1.96473e-05
3.55052e-06
7.77887e-07
1.71553e-07
1.75447e-06
4.27957e-07
6.8525e-08
1.7079e-06
1.79141e-06
6.72881e-08
5.61849e-08
3.0559e-10
2.5917e-08
1.09139e-09
1.99216e-08
6.98492e-10
9.34233e-09
6.40284e-10
1.01863e-10
7.01402e-09
2.32831e-10
4.2055e-09
2.32831e-10
2.32831e-09
1.74623e-10
2.68628e-08
2.3786e-06
9.58244e-08
2.06873e-06
7.19738e-08
8.15111e-07
6.89324e-08
8.7457e-09
3.32337e-07
7.78527e-09
8.83738e-08
1.16706e-08
2.4926e-07
3.01225e-09
0
0
0
0
0
0
0
0
0
0
0
0
0
0
0
0
0
0
0
0
0
0
0
0
0
0
0
0
0
0
0
0
0
0
0
0
0
0
0
0
0
0
0
0
0
0
0
0
0
0
0
0
0
0
0
0
0
0
0
0
0
0
0
0
0
0
0
0
0
0
0
0
0
0
0
0
0
0
0
0
0
0
0
0
0
0
0
0
0
0
0
0
0
0
0
0
0
0
0
0
0
0
0
0
0
0
0
0
0
0
0
0
0
0
0
0
0
0
0
0
0
0
0
0
0
0
0
0
0
0
0
0
0
0
0
0
0
0
0
0
0
0
0
0
0
0
0
0
0
0
0
0
0
0
0
0
0
0
0
0
0
0
0
0
0
0
0
0
0
0
0
0
0
0
0
0
0
0
0
0
0
0
0
0
0
0
0
0
0
0
0
0
0
0
0
0
0
0
0
0
0
0
0
0
0
0
0
0
0
0
0
0
0
0
0
0
0
0
0
0
0
0
0
0
0
0
0
0
0
0
0
0
0
0
0
0
0
0
0
0
0
0
0
0
0
0
0
0
0
0
0
0
0
0
0
0
0
0
0
0
0
0
0
0
0
0
0
0
0
0
0
0
0
0
0
0
0
0
0
0
0
0
0
0
0
0
0
0
0
0
0
0
0
0
0
0
0
0
0
0
0
0
0
0
0
0
0
0
0
0
0
0
0
0
0
0
0
0
0
0
0
0
0
0
0
0
0
0
0
0
0
0
0
0
0
0
0
0
0
0
0
0
0
0
0
0
0
0
0
0
0
0
0
0
0
0
0
0
0
0
0
0
0
0
0
0
0
0
0
0
0
0
0
0
0
0
0
0
0
0
0
0
0
0
0
0
0
0
0
0
0
0
0
0
0
0
0
0
0
0
0
0
0
0
0
0
0
0
0
0
0
0
0
0
0
0
0
0
0
0
0
0
0
0
0
0
0
0
0
0
0
0
0
0
0
0
0
0
0
0
0
0
0
0
0
0
0
0
0
0
0
0
0
0
0
0
0
0
0
0
0
0
0
0
0
0
0
0
0
0
0
0
0
0
0
0
0
0
0
0
0
0
0
0
0
0
0
0
0
0
0
0
0
0
0
0
0
0
0
0
0
0
0
0
0
0
0
0
0
0
0
0
0
0
0
0
0
0
0
0
0
0
0
0
0
0
0
0
0
0
0
0
0
0
0
0
0
0
0
0
0
0
0
0
0
0
0
0
0
0
0
0
0
0
0
0
0
0
0
0
0
0
0
0
0
0
0
0
0
0
0
0
0
0
0
0
0
0
0
0
0
0
0
0
0
0
0
0
0
0
0
0
0
0
0
0
0
0
0
0
0
0
0
0
0
0
0
0
0
0
0
0
0
0
0
0
0
0
0
0
0
0
0
0
0
0
0
0
0
0
0
0
0
0
0
0
0
0
0
0
0
0
0
0
0
0
0
0
0
0
0
0
0
0
0
0
0
0
0
0
0
0
0
0
0
0
0
0
0
0
0
0
0
0
0
0
0
0
0
0
0
0
0
0
0
0
0
0
0
0
0
0
0
0
0
0
0
0
0
0
0
0
0
0
0
0
0
0
0
0
0
0
0
0
0
0
0
0
0
0
0
0
0
0
0
0
0
0
0
0
0
0
0
0
0
0
0
0
0
0
0
0
0
0
0
0
0
0
0
0
0
0
0
0
0
0
0
0
0
0
0
0
0
0
0
0
0
0
0
0
0
0
0
0
0
0
0
0
0
0
0
0
0
0
0
0
0
0
0
0
0
0
0
0
0
0
0
0
0
0
0
0
0
0
0
0
0
0
0
0
0
0
0
0
0
0
0
0
0
0
0
0
0
0
0
0
0
0
0
0
0
0
0
0
0
0
0
0
0
0
0
0
0
0
0
0
0
0
0
0
0
0
0
0
0
0
0
0
0
0
0
0
0
0
0
0
0
0
0
0
0
0
0
0
0
0
0
0
0
0
0
0
0
0
0
0
0
0
0
0
0
0
0
0
0
0
0
0
0
0
0
0
0
0
0
0
0
0
0
0
0
0
0
0
0
0
0
0
0
0
0
0
0
0
0
0
0
0
0
0
0
0
0
0
0
0
0
0
0
0
0
0
0
0
0
0
0
0
0
0
0
0
0
0
0
0
0
0
0
0
0
0
0
0
0
0
0
0
0
0
0
0
0
0
0
0
0
0
0
0
0
0
0
0
0
0
0
0
0
0
0
0
0
0
0
0
0
0
0
0
0
0
0
0
0
0
0
0
0
0
0
0
0
0
0
0
0
0
0
0
0
0
0
0
0
0
0
0
0
0
0
0
0
0
0
0
0
0
0
0
0
0
0
0
0
0
0
0
0
0
0
0
0
0
0
0
0
0
0
0
0
0
0
0
0
0
0
0
0
0
0
0
0
0
0
0
0
0
0
0
0
0
0
0
0
0
0
0
0
0
0
0
0
0
0
0
0
0
0
0
0
0
0
0
0
0
0
0
0
0
0
0
0
0
0
0
0
0
0
0
0
0
0
0
0
0
0
0
0
0
0
0
0
0
0
0
0
0
0
0
0
0
0
0
0
0
0
0
0
0
0
0
0
0
0
0
0
0
0
0
0
0
0
0
0
0
0
0
0
0
0
0
0
0
0
0
0
0
0
0
0
0
0
0
0
0
0
0
0
0
0
0
0
0
0
0
0
0
0
0
0
0
0
0
0
0
0
0
0
0
0
0
0
0
0
0
0
0
0
0
0
0
0
0
0
0
0
0
0
0
0
0
0
0
0
0
0
0
0
0
0
0
0
0
0
0
0
0
0
0
0
0
0
0
0
0
0
0
0
0
0
0
0
0
0
0
0
0
0
0
0
0
0
0
0
0
0
0
0
0
0
0
0
0
0
0
0
0
0
0
0
0
0
0
0
0
0
0
0
0
0
0
0
0
0
0
0
0
0
0
0
0
0
0
0
0
0
0
0
0
0
0
0
0
0
0
0
0
0
0
0
0
0
0
0
0
0
0
0
0
0
0
0
0
0
0
0
0
0
0
0
0
0
0
0
0
0
0
0
0
0
0
0
0
0
0
0
0
0
0
0
0
0
0
0
0
0
0
0
0
0
0
0
0
0
0
0
0
0
0
0
0
0
0
0
0
0
0
0
0
0
0
0
0
0
0
0
0
0
0
0
0
0
0
0
0
0
0
0
0
0
0
0
0
0
0
0
0
0
0
0
0
0
0
0
0
0
0
0
0
0
0
0
0
0
0
0
0
0
0
0
0
0
0
0
0
0
0
0
0
0
0
0
0
0
0
0
0
0
0
0
0
0
0
0
0
0
0
0
0
0
0
0
0
0
0
0
0
0
0
0
0
0
0
0
0
0
0
0
0
0
0
0
0
0
0
0
0
0
0
0
0
0
0
0
0
0
0
0
0
0
0
0
0
0
0
0
0
0
0
0
0
0
0
0
0
0
0
0
0
0
0
0
0
0
0
0
0
0
0
0
0
0
0
0
0
0
0
0
0
0
0
0
0
0
0
0
0
0
0
0
0
0
0
0
0
0
0
0
0
0
0
0
0
0
0
0
0
0
0
0
0
0
0
0
0
0
0
0
0
0
0
0
0
0
0
0
0
0
0
0
0
0
0
0
0
0
0
0
0
0
0
0
0
0
0
0
0
0
0
0
0
0
0
0
0
0
0
0
0
0
0
0
0
0
0
0
0
0
0
0
0
0
0
0
0
0
0
0
0
0
0
0
0
0
0
0
0
0
0
0
0
0
0
0
0
0
0
0
0
0
0
0
0
0
0
0
0
0
0
0
0
0
0
0
0
0
0
0
0
0
0
0
0
0
0
0
0
0
0
0
0
0
0
0
0
0
0
0
0
0
0
0
0
0
0
0
0
0
0
0
0
0
0
0
0
0
0
0
0
0
0
0
0
0
0
0
0
0
0
0
0
0
0
0
0
0
0
0
0
0
0
0
0
0
0
0
0
0
0
0
0
0
0
0
0
0
0
0
0
0
0
0
0
0
0
0
0
0
0
0
0
0
0
0
0
0
0
0
0
0
0
0
0
0
0
0
0
0
0
0
0
0
0
0
0
0
0
0
0
0
0
0
0
0
0
0
0
0
0
0
0
0
0
0
0
0
0
0
0
0
0
0
0
0
0
0
0
0
0
0
0
0
0
0
0
0
0
0
0
0
0
0
0
0
0
0
0
0
0
0
0
0
0
0
0
0
0
0
0
0
0
0
0
0
0
0
0
0
0
0
0
0
0
0
0
0
0
0
0
0
0
0
0
0
0
0
0
0
0
0
0
0
0
0
0
0
0
0
0
0
0
0
0
0
0
0
0
0
0
0
0
0
0
0
0
0
0
0
0
0
0
0
0
0
0
0
0
0
0
0
0
0
0
0
0
0
0
0
0
0
0
0
0
0
0
0
0
0
0
0
0
0
0
0
0
0
0
0
0
0
0
0
0
0
0
0
0
0
0
0
0
0
0
0
0
0
0
0
0
0
0
0
0
0
0
0
0
0
0
0
0
0
0
0
0
0
0
0
0
0
0
0
0
0
0
0
0
0
0
0
0
0
0
0
0
0
0
0
0
0
0
0
0
0
0
0
0
0
0
0
0
0
0
0
0
0
0
0
0
0
0
0
0
0
0
0
0
0
0
0
0
0
0
0
0
0
2.95986e-08
1.25146e-09
0
0
0
0
0
0
0
3.09665e-08
1.26602e-09
0
0
0
0
0
0
0
1.61919e-07
1.97906e-09
1.16415e-10
0
0
0
0
0
0
0
8.97853e-09
8.73115e-11
8.29459e-10
0
0
0
0
0
0
0
0
0
0
0
0
0
8.73115e-11
0
0
0
0
0
0
0
0
0
0
0
0
0
0
0
0
0
0
0
0
0
0
0
0
0
0
0
0
0
0
0
0
0
0
0
0
0
0
0
0
0
0
0
0
0
0
0
0
0
0
0
0
0
0
0
0
0
0
0
0
0
0
0
0
0
0
0
0
0
0
0
0
0
0
0
0
0
0
0
0
0
0
0
0
0
0
0
0
0
0
0
0
0
0
0
0
0
0
0
0
0
0
0
0
0
0
0
0
0
0
0
0
0
0
0
0
0
0
0
0
0
1.45519e-11
0
0
4.36557e-11
0
0
0
0
0
0
0
0
0
0
0
0
0
0
0
0
0
0
0
0
0
0
0
0
0
0
0
0
0
0
0
0
0
0
0
0
0
0
0
0
0
0
0
0
0
0
0
0
0
0
0
0
0
0
0
0
0
0
0
0
0
0
0
0
0
0
0
0
0
0
0
0
0
0
0
0
0
0
0
0
0
0
0
0
0
0
0
0
0
0
0
0
0
0
0
0
0
0
0
0
0
0
0
0
0
0
0
0
0
0
0
0
0
0
0
0
0
0
0
0
0
0
0
0
0
0
0
0
0
0
0
0
0
0
0
0
0
0
0
0
0
0
0
0
0
0
0
0
0
0
0
0
0
0
0
0
0
0
0
0
0
0
0
0
0
0
0
0
0
0
0
0
0
0
0
0
0
0
0
0
0
0
0
0
0
0
0
0
0
0
0
0
0
0
0
0
0
0
0
0
0
0
0
0
0
0
0
0
0
0
0
0
0
0
0
0
0
0
0
0
0
0
0
0
0
0
8.14907e-10
0
0
1.1205e-09
8.00355e-10
0
0
0
0
0
0
0
0
0
0
0
0
0
0
0
0
4.1473e-09
8.73115e-11
7.08678e-09
1.4843e-09
1.89175e-10
0
1.45519e-11
0
0
5.82077e-11
1.45519e-11
0
0
0
0
0
0
0
0
0
2.18279e-10
0
0
6.98492e-10
2.18279e-10
0
0
0
0
0
0
0
0
0
0
0
0
0
0
0
0
0
0
0
0
0
0
0
0
0
0
0
0
0
0
8.00355e-10
0
0
1.07684e-09
6.54836e-10
0
0
0
0
0
0
0
0
0
0
0
0
0
0
1.57161e-09
1.38243e-09
1.57161e-09
1.41154e-09
7.567e-10
0
0
0
0
0.000506932
2.20496e-06
9.66796e-06
1.89699e-07
7.27596e-11
0
0.000104492
2.88078e-06
1.75368e-05
1.97222e-07
4.95638e-08
1.01863e-10
0
1.04663e-05
9.62289e-07
1.31549e-08
3.17232e-09
0
0
8.3365e-07
6.13945e-08
4.36557e-11
1.83354e-09
0
0
0
0
0
0
0
0
0
0
0
0
0
0
0
0
0
0
0
0
0
0
0
0
0
0
0
0
0
0
0
0
2.60479e-09
0
4.35102e-08
2.77942e-09
0
0
0
4.36557e-11
0
0
0
0
0
3.82715e-09
0
2.45054e-08
1.8772e-09
0
0
0
2.91038e-11
0
0
0
0
0
2.61934e-10
0
5.96629e-10
5.82077e-11
0
0
0
0
0
0
0
0
0
0
0
0
0
0
0
0
0
0
0
0
1.74623e-10
5.82077e-11
0
0
1.30967e-10
0
1.30967e-10
2.08092e-09
1.45519e-11
2.91038e-11
1.35333e-09
1.89175e-10
0
1.45519e-11
0
5.82077e-11
0
1.74623e-10
0
0
0
0
0
0
0
0
0
0
0
0
0
0
0
0
0
0
0
0
0
0
0
0
0
0
0
0
0
0
0
0
0
0
0
0
0
2.2992e-09
2.91038e-11
1.92085e-09
2.91038e-11
2.61934e-10
4.36557e-11
0
0
2.76486e-10
1.60071e-10
0
1.25146e-09
0
0
9.16771e-10
1.16415e-10
0
0
0
7.27596e-11
0
1.45519e-10
0
0
0
0
0
0
0
0
0
0
0
0
0
0
0
0
0
0
0
0
0
0
0
0
0
0
0
0
0
0
0
0
0
0
0
0
0
1.30967e-10
0
1.01863e-10
0
0
0
0
0
0
0
0
1.45519e-11
0
0
1.45519e-11
0
0
0
0
0
0
0
0
0
0
0
0
0
0
0
0
0
0
0
0
0
0
0
0
0
0
3.58516e-06
4.37678e-07
9.93605e-08
1.41349e-05
3.0123e-06
6.52799e-07
7.65867e-08
2.56405e-08
4.70027e-09
5.23869e-10
1.11715e-07
1.89611e-08
2.99769e-09
3.92902e-10
5.10861e-06
8.17468e-07
1.27271e-07
9.2743e-06
3.62699e-06
3.71554e-07
6.82339e-08
3.10247e-08
5.02041e-09
6.25732e-10
1.30836e-07
2.06201e-08
2.6921e-09
3.49246e-10
3.59199e-07
4.75557e-08
9.12405e-09
4.00207e-07
1.01747e-07
1.61817e-08
2.83762e-09
4.07454e-10
2.40689e-08
2.32831e-09
5.67525e-10
5.16156e-08
2.22499e-08
1.76078e-09
4.80213e-10
2.85363e-08
3.34694e-10
0
0
0
0
0
0
0
9.16771e-10
0
0
0
0
0
0
0
0
0
0
0
0
0
0
0
0
0
0
0
0
0
0
0
0
0
0
0
0
0
0
0
0
0
0
0
0
0
0
0
3.11265e-08
0
0
0
0
1.45519e-11
4.36557e-11
0
2.91038e-11
0
0
0
0
0
1.45519e-09
0
8.87667e-10
0
0
0
0
0
0
0
0
0
0
2.38651e-09
0
1.9063e-09
1.19326e-09
1.06229e-09
0
2.91038e-11
1.86265e-09
0
3.7835e-10
4.36557e-11
1.41154e-09
2.2992e-09
0
1.58616e-09
8.73115e-11
2.76486e-09
4.36557e-11
7.42148e-10
1.61526e-09
0
1.45519e-10
0
7.27596e-11
0
0
4.36557e-11
0
8.73115e-11
1.45519e-11
0
0
1.16415e-10
0
0
8.73115e-11
0
0
0
0
0
4.36557e-11
0
0
0
0
0
0
0
0
0
29.0596
0.0286597
5.50926e-05
5.22414e-09
3.00316
0.000684445
8.20744e-05
1.05647e-08
0.0454201
7.02894e-06
5.12592e-05
7.74598e-08
6.08561e-08
1.93881e-06
1.31666e-07
6.25732e-10
6.40307e-05
2.64774e-06
2.25686e-07
1.13505e-09
0
9.51695e-09
0
3.20742e-06
2.8628e-07
1.22236e-09
1.26747e-06
4.22006e-10
0
0
1.93293e-07
1.45519e-10
1.14378e-08
0
0
0
6.69388e-10
7.71252e-09
1.92085e-09
1.41154e-09
3.18687e-09
2.7889e-06
2.73444e-06
2.38651e-08
2.31317e-07
5.8385e-06
7.45204e-08
7.84741e-07
1.25001e-07
2.50875e-08
2.83762e-09
6.25732e-10
2.26719e-08
4.16185e-09
1.0051e-07
3.78488e-06
2.75773e-07
4.51744e-06
3.78059e-08
6.45648e-06
1.07393e-07
1.09851e-06
1.99885e-07
1.03319e-09
4.07599e-08
4.81668e-09
3.52302e-08
6.97037e-09
1.52009e-07
4.36557e-11
0
1.01863e-10
1.0521e-08
1.23691e-09
2.92493e-09
0
1.16415e-10
1.74623e-10
4.58676e-06
6.93012e-06
4.35684e-08
1.36293e-06
1.22134e-07
2.35072e-07
4.55766e-08
5.2969e-09
1.1496e-09
1.74667e-07
4.02943e-08
7.84348e-09
9.57807e-08
5.23869e-10
1.57306e-08
2.05182e-09
1.66619e-08
3.69619e-09
5.92845e-08
1.16415e-10
0
2.18279e-10
0
2.91038e-11
1.01863e-10
1.14378e-08
5.20959e-09
3.20142e-10
5.82077e-11
1.05065e-08
2.53203e-09
3.63798e-10
1.41154e-09
0
3.0559e-10
0
6.25732e-10
2.91038e-11
8.29459e-10
0
0
0
0
0
0
6.47981e-06
9.31323e-10
1.2049e-08
0
3.56522e-09
4.27766e-05
1.70869e-07
6.54836e-09
2.39525e-08
3.23373e-07
4.80213e-10
0
1.45519e-11
2.82307e-09
0
0
1.03901e-08
4.36557e-11
5.09317e-10
7.27596e-11
0
0
0
1.01863e-10
1.92085e-09
1.45519e-11
2.78756e-07
7.00045e-06
2.50588e-06
2.2685e-07
3.59115e-06
2.452e-08
7.24831e-08
7.51374e-07
8.16362e-09
7.27596e-10
1.96451e-09
1.24826e-07
4.4897e-07
2.59024e-09
1.63272e-08
7.42584e-08
4.15661e-07
3.92902e-09
1.69239e-08
1.5134e-09
1.63418e-08
1.01863e-10
3.27273e-08
5.09317e-10
4.67116e-09
2.91038e-11
0
0
4.22006e-10
8.73115e-10
0
0
2.03727e-10
8.29459e-10
0
2.47383e-10
0
1.30967e-10
0
3.7835e-10
0
4.36557e-11
0
0
0
0.000427779
0.00136236
2.11837e-05
0.0260192
0.000802968
0.00143607
3.19365e-05
0.0237544
0.000764055
0.00171877
3.98386e-05
0.0149066
0.00038946
1.49601e-05
0.000122144
0.00178108
3.37035e-05
1.92871e-06
0.000147056
3.63946e-06
2.12764e-07
2.55997e-07
5.08971e-06
1.4422e-06
4.30009e-08
2.13091e-06
1.22655e-06
3.36877e-08
1.83763e-05
6.65023e-09
2.03727e-10
5.03118e-07
8.00355e-10
0
2.00771e-06
2.59024e-08
2.25336e-07
6.41157e-08
7.18748e-07
1.0294e-07
1.48641e-06
8.14907e-10
2.09548e-09
3.94357e-09
4.70463e-08
2.75759e-08
4.22006e-09
6.1118e-10
7.37055e-08
2.47092e-08
1.8772e-09
1.16415e-10
0
2.91038e-11
3.86353e-08
8.73115e-11
0
1.30967e-10
0
7.36472e-08
1.70257e-09
7.29633e-08
1.61526e-09
5.45697e-09
1.01863e-10
1.09139e-09
2.32831e-10
2.2701e-09
2.32831e-10
4.13274e-09
0
0
0
0
1.45519e-10
0
1.16415e-10
0
1.16415e-10
0
1.75716e-06
1.26136e-07
5.82077e-10
4.36557e-11
5.18048e-09
1.36773e-07
4.10364e-09
0
4.07454e-10
0
5.67525e-10
0
1.89175e-10
0
1652.18
2.76384
175.301
0.00818057
0.0221753
0.0217619
0.00649291
160.095
4.70282
87.4245
0.0241415
0.00786161
0.0374398
0.00342758
0.932029
0.00123327
0.00182985
0.000366099
0.000158777
4.02469e-05
0.0115936
687.256
146.437
557.13
12.3506
13.7148
3.33073
3.06177
596.17
150.434
535.108
13.4585
11.8252
3.13097
3.40662
473.92
6252.68
1894.64
82.2725
29.2507
7.27229
21.2451
307.027
25.116
91.1149
1.78184
6.43261
1.74766
0.490576
2.47383e-10
0
2.47383e-10
0
0
0
0
0
1.74623e-10
0
0
0
0
0
0
0
0
0
0
0
5.4852e-07
5.48607e-09
0
0
0
1.11613e-08
1.01863e-10
0
0
0
1.33005e-08
1.74623e-10
0
0
0
0
0
0
0
0
0
0
0
0
0
0
0
0
1.07691e-06
0.000118929
2.18007
0.602319
0.0274869
3.38501
112.189
30.7061
0.940622
43.1177
2.92012
3.67543
1.05138
0.869752
0.0906606
0.0335387
39.121
0.0522031
1.19371
2.54614
0.107947
3.91004
129.709
0.123822
1.72484
0.0626066
5.82495
93.2058
0.198718
2.85598
0.0108426
2.20086
0.116617
3.07931
118.866
0.162931
5.76892
0.254425
14.3179
0.532939
1.7164
0.744526
42.7104
0.0449242
3.659
0.239847
165.308
0.102008
3.67817
10.1554
0.0175197
0.345431
507.931
0.394517
0.301371
14.5876
10.7102
0.0293273
0.0633999
118.43
0.162962
0.120686
2.9478
2.02884
0.0108961
7.8236
276.132
78.7549
0.38452
0.129274
1.13208
3.53994
3.10457
27.2768
27.0527
0.0914634
0.0931456
0.557134
0.574049
2.53764
27.4311
23.9706
0.0740021
0.0733203
0.513236
0.494998
0.0251078
12.8136
0.239563
0.25561
3.5146
0.0684103
0.0100909
0.271625
0.019759
0.00643066
1.01617
0.0562773
15.6631
0.79675
0.53373
1.87342
16.1803
0.0290985
0.0576657
0.321118
0.103419
0.20858
0.0168667
0.0295596
1.1798
66.7501
12.5324
0.260382
0.0119691
0.00806162
0.0553198
3.11023
0.108147
0.0179847
0.411192
0.0111089
0.0189606
0.00810548
0.0244775
0.580442
5.43999
0.167001
0.0126821
0.068304
0.264227
21.0324
0.560864
0.131206
4.48379
0.0340179
8.17643
0.031786
0.933933
0.193464
0.171763
0.0167463
0.0714143
0.0228866
0.0240042
2.53038
0.0834507
2.1704
0.0815189
0.0334693
0.100628
0.0331939
2.71559
0.106322
3.12807
0.11635
0.0165885
0.0144381
0.0266585
2.0757
0.629295
0.0314441
0.0714761
0.0228731
0.0107404
0.00609835
0.0368881
0.876933
0.256978
0.0146689
0.033042
0.0137137
0.0332591
0.0488301
1.10383
0.0483707
0.992705
0.0425665
0.0176188
0.0445587
0.0606567
1.22684
0.0653518
1.36966
6.98037e-05
7.35159e-05
0.000839084
0.000201358
0.000146954
5.62402e-05
5.70765e-05
0.0950109
1.95745
0.515138
0.00498875
0.0279568
0.0120602
0.00530251
0.602396
0.00873301
0.068678
0.00621903
0.00447456
0.0146351
0.00517365
0.01497
1.10293
0.455109
0.11427
0.0112504
0.00959205
0.281984
0.000848069
9.85995e-05
0.000493614
0.000185612
0.000132132
9.26346e-05
9.26346e-05
0.024291
0.211453
0.222672
0.0121969
0.0163604
0.0122112
0.0163231
0.0214809
0.247733
0.256351
0.0719687
0.018194
0.017752
0.071089
0.0234415
0.272931
0.237378
0.0737597
0.0203064
0.0199039
0.0797886
0.00980819
0.0163979
0.0146498
0.0133618
0.00989767
0.00980819
0.00980819
0.0210905
0.0143628
0.0209746
0.0225215
0.330502
0.0143628
0.0143628
0.0261139
0.167003
0.15786
0.019241
0.0212423
0.0211376
0.019241
0.0392518
0.010638
0.118678
0.00930879
0.00980142
0.0110168
0.00930879
0.0129265
0.0140602
0.107701
0.0369284
0.0127557
0.0130074
0.0190287
0.0264287
0.0264287
0.0274919
0.0285815
0.127351
0.0289095
0.0264287
0.00944084
0.00989166
0.00944084
0.00991471
0.0402154
0.0108534
0.00944084
0.010745
0.010745
0.0111764
0.0129786
0.0457859
0.0113836
0.010745
0.00484557
0.00484557
0.00484557
0.00484557
0.00576301
0.018923
0.00523973
0.00587998
0.00587998
0.00587998
0.00634825
0.00587998
0.0239899
0.00669805
0.0104024
0.0106189
0.0103292
0.032606
0.0169134
0.0110491
0.0104236
0.0150323
0.0141556
0.0141361
0.0489187
0.023654
0.0151369
0.0141659
5.28841e-05
5.16091e-05
5.21739e-05
5.12592e-05
0.000217399
6.11445e-05
5.12592e-05
0.00818057
0.0103577
0.00889232
0.0153912
0.00828666
0.00821444
0.029913
4.02477e-05
3.97397e-05
4.99304e-05
3.97397e-05
4.09091e-05
3.97397e-05
3.98383e-05
1.23859e+06
90945.9
65707.8
288520
561309
593833
75562.1
1557.27
26672.6
1369.01
29875.9
735404
55927.2
535319
1603.72
22654.1
34392
1142.26
438460
2.67401e+06
1.5496e+06
9532.88
652935
187226
55378.7
514214
54972.9
18488.8
1063.8
6857.34
20530.7
339.906
)
;

boundaryField
{
    ground
    {
        type            calculated;
        value           nonuniform List<scalar> 
364
(
0
0
0
0
0
0
0
0
0
0
0
0
0
0
0
0
0
1.84592e+06
2.67042e+06
3.20081e+06
3.57284e+06
2.47823e+06
665165
749710
4.03082e+06
3.97838e+06
3.51015e+06
3.39056e+06
3.88437e+06
3.7589e+06
4.78436e+06
4.89563e+06
4.87441e+06
4.42915e+06
4.47469e+06
4.24633e+06
4.34826e+06
4.82949e+06
238400
470440
2.23321e+06
2.33107e-06
0.00417282
8.40519e-08
5.86414e-05
0.000199408
1.05165e-05
3.81973e-07
66.7501
3.30074e-06
9.01429e-05
0.00180239
3524.71
4.92956e+06
3.59286e+06
3.55454e+06
3.06129e+06
4.94125e+06
1.83895e+06
3.33808e+06
3.4687e+06
4.01526e+06
4.05173e+06
3.87016e+06
3.95848e+06
3.31118e+06
2.70701e+06
4.86168e+06
871919
3.4247e+06
20.8461
8.35863e-06
2.66326e+06
54065.8
4.13479e+06
613.79
1719.97
0.0173994
4968.89
0.000263082
0.00037784
189827
0.555456
1.84266e+06
3.40191e+06
3.73319e+06
1.22775e+06
2.66466e+06
644215
13805.4
42.7653
3479.93
139385
1.1691
66.2848
0.908196
0.0124441
0.0203608
4.50544e+06
4.48608e+06
4.94846e+06
4.96095e+06
4.45787e+06
4.38959e+06
4.28161e+06
4.1295e+06
4.69838e+06
4.46172e+06
3.85263e+06
3.1662e+06
1.68255e+06
230691
1.91299e+06
0.0126821
162.185
43.3989
1755.31
141649
269063
4947.49
76.9337
14019.1
622.58
7.56474
0
0
0
0
0
0
0
0
0
0
0
0
0
0
0
0
0
0
0
0
0
0
0
0
0
0
0
0
0
0
0
0
0
0
0
0
0
0
0
0
0
0
0
0
0
0
0
0
0
0
0
0
0
0
0
0
0
0
0
0
0
0
0
0
0
0
0
0
0
0
0
0
0
0
0
0
0
0
0
0
0
0
0
0
0
0
0
0
0
0
0
0
0
0
0
0
0
0
0
0
0
0
0
0
0
0
0
0
0
0
0
0
0
0
0
0
0
0
0
0
0
0
0
0
2.95986e-08
1.25146e-09
0
0
0
0
0
0
0
0
0
0
0
0
0
0
0
0
0
0
0
0
0
0
0
8.14907e-10
0
0
0
0.000506932
9.66796e-06
2.20496e-06
1.89699e-07
7.27596e-11
0
0
2.60479e-09
0
0
0
0
5.82077e-11
1.30967e-10
0
0
0
0
0
0
0
0
4.37678e-07
9.93605e-08
3.58516e-06
4.70027e-09
5.23869e-10
2.56405e-08
3.11265e-08
0
1.45519e-11
0
0
3.7835e-10
1.06229e-09
6252.68
1.95745
5.50926e-05
5.22414e-09
1.31666e-07
6.25732e-10
1.93881e-06
0
6.69388e-10
2.38651e-08
7.84741e-07
2.73444e-06
2.50875e-08
1.0051e-07
2.83762e-09
4.36557e-11
0.00136236
2.11837e-05
0.000427779
29.0596
0.00818057
0.0221753
1652.18
21.2451
82.2725
2.47383e-10
0
0.38452
3.53994
276.132
1.1798
0.0295596
0.922692
0.264227
21.0324
0.560864
0.000201358
5.62402e-05
6.98037e-05
0.0950109
0.00530251
0.0279568
1.10293
0.281984
0.0112504
0.00828666
0.029913
0.0103577
2.67401e+06
1.23859e+06
55378.7
652935
)
;
    }
    outlet
    {
        type            calculated;
        value           uniform 0;
    }
    wall
    {
        type            calculated;
        value           nonuniform List<scalar> 0();
    }
    wall2
    {
        type            calculated;
        value           nonuniform List<scalar> 
1074
(
0.00714022
0.000549043
5.98745e-05
8.23283e-05
5.23869e-10
8.00355e-10
2.64117e-08
1.8641e-08
0
0
0
0
0
0
0
0
3.34694e-10
3.7835e-10
1.31404e-08
1.4159e-08
7.31015e-07
5.5501e-07
4.26255e-07
4.46744e-07
0
0
0
0
0
0
0
0
0
0
0
0
0
0
0
0
0
0
0
0
0
0
0
0
0
0
0
0
0
0
0
0
0
0
0
0
0
0
0
0
0
0
0
0
0
0
0
0
0
0
0
0
0
0
0
0
0
0
0
0
0
0
0
0
0.292509
0.00010637
0.201663
0.0075133
0.000294907
1.5067e-05
0.0047279
0.000119573
749710
337964
101701
88398.3
2266.15
169.686
94991.1
130239
14831.7
49374.2
0.246655
7.54921
8.40519e-08
3.81973e-07
1.28901e-07
4.5693e-07
3.04135e-09
4.36557e-11
3.30074e-06
7.87029e-06
1.70257e-09
1.1205e-09
6.27121e-06
1.01863e-10
1.45519e-11
3.75828e-06
6.69388e-10
6.03237e-06
2.91038e-11
3.59286e+06
1.02348e+06
114922
1.83895e+06
1.03939e+06
277132
282708
454856
72612.1
10623
11.369
0.927338
0.0231686
1.0967e-05
3.33808e+06
2.20811e+06
882662
979186
81043.1
8734.24
2.70701e+06
893906
1.31606e+06
895419
378406
604350
599720
277067
792607
365660
197161
212419
36648.7
742.421
368.792
7.88089
30.8958
3.43497
0.0869767
0.000566722
2.55889e-05
1.15517e-05
2.00108e+06
844376
6128.87
1.52135e+06
1.14604e+06
792840
577873
671368
441659
2718.53
256.696
113.363
0.00202814
5.70733e-05
871919
20.8461
8.35863e-06
65616.1
1.23431
1.22235e-05
1990.7
0.0316667
1.65033e-06
0.00400809
1.9112e-06
613.79
59538.4
23.2916
0.000263082
0.994476
6.95744e-05
9.77685e-06
28.3341
13768.5
6.26442
8.76215e-05
0.256125
5.68764e-05
8.59985e-06
0.794627
0.16158
0.000100128
1.25814e-05
1.78921e-05
4.92597e-07
4.61878e-08
9.55899e-06
3.5144e-06
3.12211e-07
3.31056e-08
4.94474e-08
1.10595e-09
189827
310397
0.555456
4.43557
6.25759e-06
7385.24
67306.2
0.0463025
1.38318
1.28871e-05
220.147
135.571
0.00109867
0.00203752
5.24989e-07
1.0412e-06
0.000437442
0.000113553
1.20149e-06
1.06689e-06
13805.4
125.829
85157.8
6406.7
28.0125
442.119
0.0124441
8.97771e-05
1.09532
0.0367498
6.22017e-05
0.0012675
9.20004e-06
526.094
31.6931
43142.9
1633.23
20.8352
120.492
0.00160297
9.55647e-05
0.889571
0.00884211
8.97799e-05
0.00031801
1.13447e-05
3.94606e-06
15.6383
0.0506412
5.47454
0.0170046
0.00205925
0.00122867
4.82461e-05
7.83456e-06
0.000101586
1.18813e-05
1.60812e-06
2.27653e-06
1.33761e-07
2.72121e-08
4.07454e-05
5.28719e-06
7.45962e-06
1.72421e-06
7.08664e-07
4.26546e-07
1.5847e-07
1.23691e-08
9.68284e-08
2.53931e-08
1.38243e-09
2.54659e-09
40474.3
0.126056
7939.5
0.051458
7.77957e-06
14.5074
0.000112892
4.54587e-07
2.87906e-05
6.46716e-07
2744.53
8723.37
570.565
0.00310235
0.0367409
0.00115463
580.213
5300.55
385.761
0.00174723
0.0320953
0.00107331
4.61722e-06
1.01221
0.576874
0.0400368
1.73473e-05
2.18917e-05
4.45145e-06
5.60249e-08
9.27216e-06
3.79002e-06
1.21401e-06
7.07951e-08
5.29835e-08
5.7189e-09
1.58383e-07
2.04556e-07
1.05487e-07
1.70257e-08
1.47425e-07
7.10541e-07
8.42861e-07
1.41517e-07
1.22163e-07
3.73082e-07
4.85306e-08
1.023e-08
6.92584e-07
7.57369e-07
4.19357e-07
3.35422e-08
0
0
0
0
0
0
0
0
4.36557e-11
4.36557e-11
3.0268e-09
1.99361e-09
0
0
0
1.89175e-10
3.49246e-10
0
0
0
1.09139e-09
6.98492e-10
9.58244e-08
7.19738e-08
7.78527e-09
1.16706e-08
2.32831e-10
2.32831e-10
0
0
0
0
0
0
0
0
0
0
0
0
0
0
0
0
0
0
0
0
0
0
0
0
0
0
0
0
0
0
0
0
0
0
0
0
0
0
0
0
0
0
0
0
0
0
0
0
0
0
0
0
0
0
0
0
0
0
0
0
0
0
0
0
0
0
0
0
0
0
0
0
0
0
0
0
0
0
0
0
0
0
0
0
0
0
0
0
0
0
0
0
0
0
0
0
0
0
0
0
0
0
0
0
0
0
0
0
0
0
0
0
0
0
0
0
0
0
0
0
0
0
0
0
0
0
0
0
0
0
0
0
0
0
0
0
0
0
0
0
0
0
0
0
0
0
0
0
0
0
0
0
0
0
0
0
0
0
0
0
0
0
0
0
0
0
0
0
0
0
0
0
0
0
0
0
0
0
0
0
0
0
0
0
0
0
0
0
0
0
0
0
0
0
0
0
0
0
0
0
0
0
0
0
0
0
0
0
0
0
0
0
0
0
0
0
0
0
0
0
0
0
0
0
0
0
0
0
0
0
0
0
0
0
0
0
0
0
0
0
0
0
0
0
0
0
0
0
0
0
0
0
0
0
0
0
0
0
0
0
0
0
0
0
0
0
0
0
0
0
0
0
0
0
0
0
0
0
0
0
0
0
0
0
0
0
0
0
0
0
0
0
0
0
0
0
0
0
0
0
0
0
0
0
0
0
0
0
0
0
0
0
0
0
0
0
0
0
0
0
0
0
0
0
0
0
0
0
0
0
0
0
0
0
0
0
0
0
0
0
0
0
0
0
0
0
0
0
0
0
0
0
0
0
0
0
0
0
0
0
0
0
0
0
0
0
0
0
0
0
0
0
0
0
0
0
0
0
0
0
0
0
0
0
0
0
0
0
0
0
0
0
0
0
0
0
0
0
0
0
0
0
0
0
0
0
0
0
0
0
0
0
0
0
0
0
0
0
0
0
0
0
0
0
0
0
0
0
0
0
0
0
0
0
0
0
0
0
0
0
0
0
0
0
0
0
0
0
0
0
0
0
0
0
0
0
0
0
0
0
0
0
0
0
0
0
0
0
0
0
0
0
0
0
0
0
0
0
0
0
0
0
0
0
0
0
0
0
0
0
0
0
0
0
0
0
0
0
0
0
0
0
0
0
0
0
0
0
0
0
0
0
0
0
0
0
0
0
0
0
0
0
0
0
0
0
0
0
0
0
0
0
0
0
0
0
0
0
0
0
0
0
0
0
0
0
0
0
0
0
0
0
0
0
0
0
0
0
0
0
0
0
0
0
0
0
0
0
0
0
0
0
0
0
0
0
0
0
0
0
0
0
0
0
0
0
0
0
0
0
0
0
0
0
0
0
0
0
0
0
0
0
0
0
0
0
0
0
0
0
0
0
0
0
0
0
0
0
0
0
0
0
0
0
0
0
0
5.22414e-09
1.05647e-08
0
9.51695e-09
0
0
0
0
0
6.69388e-10
7.71252e-09
1.41154e-09
4.36557e-11
0
1.0521e-08
1.23691e-09
0
1.16415e-10
1.16415e-10
0
0
2.91038e-11
0
0
0
0
9.31323e-10
0
6.54836e-09
0
0
1.03901e-08
4.36557e-11
5.09317e-10
0
0
8.16362e-09
7.27596e-10
2.91038e-11
0
0
0
2.03727e-10
0
8.14907e-10
2.09548e-09
1.16415e-10
0
0
0
0
1.92085e-09
3.18687e-09
1.01863e-10
2.92493e-09
1.74623e-10
2.18279e-10
1.01863e-10
0
0
7.27596e-11
0
1.96451e-09
0
0
3.94357e-09
2.91038e-11
0
0
0
0
0
0
0
0
)
;
    }
    wall3
    {
        type            calculated;
        value           nonuniform List<scalar> 0();
    }
    internalPatch
    {
        type            internal;
    }
    procBoundary0to1
    {
        type            processor;
        value           nonuniform List<scalar> 
400
(
0
0
0
0
0
0
0
0
0
0
0
0
0
0
6.40284e-10
0
0
0
0
0
0
0
0
0
0
0
0
0
0
0
0
0
0
0
0
0
2.61934e-10
2.7474e-08
2.27911e-06
8.44884e-08
1.78989e-09
0
0
0
0
0
0
0
0
0
0
0
0
0
0
0
0
0
0
0
0
0
0
0
0
0
0
0
0
0
0
0
0
0
0
0
0
0
0
0
0
0
0
0
0
0
0
0
0
0
0
0
0
0
0
0
0
0
0
0
0
0
0
0
0
0
0
0
0
0
0
0
0
0
0
0
0
0
0
0
0
1.16415e-10
6.65023e-08
1.97451e-06
1.97451e-06
3.61845e-06
2.76926e-05
0.000185773
0.00528746
0.150439
3.30531
44.3593
310.374
1068.61
2024.56
2407.87
2204.23
2797.54
7494.83
22527.1
18104.6
9984.38
3740.87
67807.8
1.23945e+06
2.91271e+06
3.63696e+06
4.14246e+06
4.72017e+06
3.0776e+06
2.27094e+06
1.96544e+06
1.96425e+06
2.00299e+06
2.05873e+06
2.0978e+06
2.04156e+06
1.90385e+06
1.54629e+06
495638
15677.5
255.782
4.19897
0.0738485
0.00127409
8.53857e-05
8.53857e-05
2.27911e-06
2.27911e-06
9.31614e-08
9.31614e-08
1.92085e-09
1.92085e-09
2.91038e-11
0
0
0
0
0
0
0
0
0
0
0
0
0
0
0
0
0
0
0
0
0
0
0
0
0
0
0
0
0
0
0
0
0
0
0
0
0
0
0
0
0
0
0
0
0
0
0
0
0
0
0
0
0
0
0
0
0
0
0
0
0
0
0
0
0
0
0
0
0
0
0
0
0
0
0
0
0
0
0
0
0
0
0
0
0
0
0
0
0
0
0
0
0
0
0
0
0
2.76486e-10
7.42148e-10
3.15515e-07
2.44397e-06
2.44397e-06
3.96761e-06
5.21889e-05
0.000178376
0.00430702
0.108081
2.36619
32.0856
227.579
771.451
1427.54
1677.41
1556.89
2029
5841.5
3055.5
1024.74
16026.4
573563
2.01757e+06
2.66978e+06
2.86939e+06
2.15385e+06
1.82957e+06
1.74136e+06
1.75578e+06
1.78469e+06
1.81221e+06
1.78059e+06
1.46301e+06
539641
24420.8
452.587
8.14424
0.14449
0.00964403
0.00212426
4.313e-05
3.75323e-06
3.75323e-06
1.21727e-07
4.11819e-09
4.11819e-09
5.61704e-09
1.33811e-05
1.33811e-05
0.000452932
0.000452932
0.0154493
0.0154493
1.10013
15.0746
109.228
373.347
669.661
774.114
725.724
973.391
313.123
3732.27
191394
1.28983e+06
2.07655e+06
1.69958e+06
1.55578e+06
1.53933e+06
1.54379e+06
1.4849e+06
1.13868e+06
400434
22130.4
536.138
11.2715
0.227918
0.00212426
0.00212426
0.00212426
6.80744e-05
1.22198e-06
1.21727e-07
3.03553e-08
0.00338095
0.000452932
0.000452932
0.0154493
0.0154493
0.335619
4.56139
33.2102
119.464
213.116
242.285
228.155
2318.34
114181
973415
944871
924118
813846
533726
161147
11089.3
409.978
11.2339
0.262492
0.0192092
0.00338095
0.00338095
0.00338095
0.0354111
0.163195
3.45422
50.6003
371.698
1266.99
2206.98
2452.26
118282
109044
67206
20528
2955.29
193.34
7.59041
0.246241
)
;
    }
    procBoundary0to3
    {
        type            processor;
        value           nonuniform List<scalar> 
151
(
0
0
2.22644e-09
1.01863e-10
1.58179e-08
1.97612e-06
0.000100917
0.000125014
0.000580848
0.00329567
0.00230403
0.000802234
0.000132447
9.11184e-06
9.11184e-06
1.6999e-06
8.84381e-05
0.000566972
9.4248e-05
3.36644e-06
0.000152039
0.00118627
0.0329489
0.0710523
2.20437
29.5963
208.47
698.797
1277.57
1485.76
1393.38
1761.78
4794.19
14663.2
200.211
2.81396
0.0526259
0.00154365
0.000254215
9.20935e-06
1.25787e-07
1.35333e-09
0
0
0
0
0
0
0
0
0
0
0
0
0
0
0
0
0
0
0
2.76486e-10
3.68891e-08
2.12036e-07
1.47289e-05
0.000358321
0.000104469
0.000331224
9.01593e-05
7.49538e-05
3.07403e-06
1.21378e-07
1.21378e-07
1.54105e-08
2.76486e-10
3.31056e-08
4.80213e-10
4.14002e-08
3.19188e-06
0.000142489
0.000147714
0.000684317
0.0320529
0.0321162
0.0579848
0.570349
4.23349
15.3361
29.1365
34.6062
31.968
36.044
75.2342
1.21402
0.0338164
0.0374468
0.00194536
0.000265541
0.000246118
8.64877e-06
1.18904e-07
1.16415e-09
5.82077e-11
0
0
0
0
0
0
0
0
0
0
0
0
0
1.5425e-09
1.5425e-09
1.16415e-10
0
0
0
0
0
4.80213e-10
3.0137e-08
6.36399e-07
5.99244e-05
0.00733244
0.0934928
0.318088
0.645953
0.781084
0.716194
0.738613
0.0383122
0.039677
0.00192869
0.00108591
0.00022088
0.0158939
0.0208806
0.0364676
7.65431e-09
2.47383e-10
0
0
0
0
0
8.63223e-05
)
;
    }
    procBoundary0to4
    {
        type            processor;
        value           nonuniform List<scalar> 
476
(
0.000628624
0.000628624
0.0299752
0.0299752
0.0299752
0.0188196
0.0171319
0.000180717
2.47605e-05
2.47605e-05
0.000127352
0.00886138
0.0117863
0.0299752
0.0318796
0.0299752
0.0299752
0.0328853
0.308801
9.14499
0.174835
3.78215
0.0690082
0.00873566
0.00253728
5.71649e-05
2.09094e-05
1.96352e-05
1.96352e-05
2.06709e-05
4.60978e-05
0.00152671
0.0178724
0.0305074
0.756827
0.0669575
2.97338
0.164716
7.3846
0.301477
0.0289628
0.0289628
0.395769
14.4797
486.853
13369
227.235
4165.86
63.9973
1.00776
0.0235018
0.176637
0.00947809
0.00753905
0.000388739
0.000388739
5.71649e-05
2.09094e-05
1.96352e-05
2.06709e-05
5.82703e-05
0.000904556
0.00433491
0.0172443
0.0173717
0.0230826
0.0232829
0.0217051
0.00231961
0.00231961
0.00315676
0.031777
0.0225064
0.0192058
0.1147
6.07524
361.476
22340.7
602995
1.62712e+06
1.94632e+06
2.16889e+06
2.35518e+06
2.45948e+06
2.43621e+06
2.31981e+06
2.23295e+06
2.17336e+06
2.3803e+06
3.14127e+06
5.37381e+06
5.32231e+06
5.29647e+06
5.28376e+06
5.32648e+06
5.3923e+06
5.48068e+06
5.53174e+06
5.48981e+06
5.32279e+06
5.04025e+06
4.68364e+06
4.25334e+06
3.49968e+06
1.91539e+06
232358
232358
1.68988e+06
3.17149e+06
3.85353e+06
3.40524e+06
1.85339e+06
190371
2451.96
2451.96
22899.5
126677
349150
119866
35710
25370.8
26586.9
24255.1
14346.7
4712.94
4712.94
204213
1.13179e+06
1.65553e+06
1.85725e+06
1.76249e+06
1.20029e+06
229579
5310.68
94.9072
1.7161
0.0446665
0.00480279
9.72875e-05
0.0241592
0.0187907
0.11757
6.01997
329.674
39.4676
2065.37
148.372
6455.34
298.107
10.7543
0.344828
0.344828
14.6251
609.536
22821
414572
1.26851e+06
220154
826788
47185.4
701.435
11.0924
74.2546
1.18343
0.0240792
0.00799756
0.0166707
0.0014907
0.0014907
0.0170529
0.0170529
0.0217051
0.0190992
0.0182904
0.021997
0.0335956
0.610158
0.482887
0.271525
15.2919
876.972
53485.3
834395
1.72016e+06
1.9681e+06
2.1808e+06
2.3488e+06
2.45497e+06
2.42971e+06
2.29709e+06
2.19846e+06
2.14346e+06
2.3177e+06
2.96124e+06
2.82467e+06
2.76584e+06
2.77798e+06
2.82611e+06
2.94986e+06
3.08995e+06
3.19909e+06
3.25764e+06
3.25151e+06
3.19744e+06
3.03488e+06
2.29717e+06
810742
37758.4
37758.4
677840
1.98971e+06
2.72948e+06
2.3565e+06
914134
41153.2
549.043
549.043
5594.69
32743.6
9363.7
7019.78
7476.11
7172.33
4426.69
1324.07
1324.07
72056.6
846414
1.59337e+06
1.8088e+06
1.65454e+06
891564
87469.1
1647.76
29.5625
0.541344
17450.4
450328
91400.2
799911
177523
8887.56
304.541
8.87641
8.87641
419.818
18809
436049
1.39518e+06
1.89253e+06
2.00942e+06
1.76417e+06
1.88055e+06
1.33505e+06
250802
4782.25
18448.8
299.689
5.02119
0.095675
0.244598
0.454949
0.598113
33.3841
33.5664
26.625
1507.64
89068.5
975063
1.75722e+06
1.98397e+06
2.18859e+06
2.34351e+06
2.43079e+06
2.39693e+06
2.24905e+06
2.14089e+06
2.09103e+06
2.24535e+06
2.24772e+06
2.24797e+06
2.23558e+06
2.28437e+06
2.3107e+06
2.32012e+06
2.32024e+06
2.3126e+06
2.32705e+06
2.16716e+06
1.26934e+06
199329
4862.69
4862.69
158266
1.04283e+06
1.9091e+06
1.56668e+06
360869
8867.09
154.815
154.815
1508.3
1169.92
1312.87
1324.39
816.515
253.958
253.958
13707.2
430712
1.40041e+06
1.73871e+06
1.37096e+06
1.48511e+06
822066
137285
5044.62
143.599
143.599
6983.25
247810
1.20788e+06
1.83777e+06
2.00914e+06
2.14839e+06
2.2507e+06
2.08836e+06
2.14088e+06
1.92326e+06
1.59061e+06
551794
805201
48463.1
792.952
13.8233
25.6566
1452.65
1879.61
1889.1
108175
1.03086e+06
1.76511e+06
1.99362e+06
2.1995e+06
2.35312e+06
2.43603e+06
2.40439e+06
2.26167e+06
2.16594e+06
2.115e+06
2.10849e+06
2.07927e+06
2.10377e+06
2.09317e+06
2.03148e+06
1.97045e+06
1.93602e+06
1.88709e+06
1.70774e+06
926347
119674
3119.57
3119.57
95173.6
762526
1.51526e+06
1.24158e+06
259798
6484.17
127.742
127.742
149.4
157.589
99.5461
29.1277
29.1277
1639.55
94193.6
946847
946847
1.2954e+06
497552
35484.6
1059.71
1059.71
48769.6
690990
1.56563e+06
1.85247e+06
2.0298e+06
2.19445e+06
2.31836e+06
2.39272e+06
2.31146e+06
2.3291e+06
2.16227e+06
1.9552e+06
1.70436e+06
1.74891e+06
963117
85999.3
107771
1.0293e+06
1.76232e+06
1.9919e+06
2.19891e+06
2.3523e+06
2.43061e+06
2.39143e+06
2.24339e+06
2.14256e+06
2.11243e+06
2.14214e+06
2.13561e+06
2.07709e+06
1.97819e+06
1.86374e+06
1.74957e+06
1.60444e+06
933923
137808
3772.22
3772.22
110382
779092
1.44376e+06
1.20494e+06
279909
7444.8
149.4
157.589
99.5461
29.1277
1639.55
94193.6
230227
1.16565e+06
1.43457e+06
753879
98654.8
3229.26
3229.26
128542
933599
1.6168e+06
1.8038e+06
1.97036e+06
2.12989e+06
2.26329e+06
2.34974e+06
2.38046e+06
2.41716e+06
2.41461e+06
2.33462e+06
2.18081e+06
1.97626e+06
2.36844e+06
2.22157e+06
2.25451e+06
2.24004e+06
2.16237e+06
2.04856e+06
1.91372e+06
1.76752e+06
1.60625e+06
979712
160484
4467.54
4467.54
128384
820902
1.45647e+06
1.2229e+06
295390
7970.21
5318.46
)
;
    }
    procBoundary0to5
    {
        type            processor;
        value           nonuniform List<scalar> 
29
(
0.00150741
0.0373034
0.0373147
0.0840358
6.31299
314.747
14829.2
381366
1.25777e+06
1.66639e+06
890401
79728.7
1517.79
115.104
5.09255
0.179115
0.0597756
0.0595157
0.0598523
0.194824
0.0378208
8.20068
347.635
12511.4
252800
6058.27
253.328
7.74273
0.136659
)
;
    }
}


// ************************************************************************* //
