/*--------------------------------*- C++ -*----------------------------------*\
  =========                 |
  \\      /  F ield         | OpenFOAM: The Open Source CFD Toolbox
   \\    /   O peration     | Website:  https://openfoam.org
    \\  /    A nd           | Version:  9
     \\/     M anipulation  |
\*---------------------------------------------------------------------------*/
FoamFile
{
    format      ascii;
    class       volScalarField;
    location    "0.0009";
    object      rho;
}
// * * * * * * * * * * * * * * * * * * * * * * * * * * * * * * * * * * * * * //

dimensions      [1 -3 0 0 0 0 0];

internalField   nonuniform List<scalar> 
8235
(
1.78086
3.0302
2.80345
2.2859
2.92358
3.54476
3.95209
3.72774
2.99715
2.86311
2.61397
2.34547
2.72331
2.04057
2.90704
2.95527
3.08639
3.08614
2.81441
3.01192
3.0558
3.10816
1.33112
1.98725
2.07489
3.14209
1.57436
1.43091
1.29456
1.58141
2.33246
2.02757
1.78204
2.19733
1.69673
2.18348
2.79981
3.10743
2.79472
2.1935
2.7269
1.22667
1.26171
1.225
2.99208
3.06119
3.04672
3.08242
2.07181
1.29738
2.17193
1.28583
2.68923
1.30019
1.32193
1.23007
1.22513
1.25656
1.22779
1.22632
1.22738
1.22509
1.22508
1.22612
1.225
1.225
1.225
1.225
1.225
1.225
1.225
1.225
1.225
1.22504
1.22503
1.225
1.22501
1.22501
1.22516
1.22514
1.225
1.225
1.225
1.225
1.225
1.225
1.225
1.225
1.225
1.225
1.225
1.225
2.77788
3.22669
1.26866
1.87715
2.2612
2.20881
2.84193
2.87543
2.76493
3.39396
3.06109
3.08864
1.81504
2.90094
1.47468
1.6657
2.59738
2.78462
1.64348
1.28728
1.2653
1.04935
1.37397
1.07698
1.39129
1.7804
1.17895
1.37172
1.70824
1.32416
1.12541
1.42541
2.70974
2.09143
1.57649
2.10006
1.55778
2.04599
2.65134
2.73994
2.13624
1.6533
2.15684
1.58697
2.04274
2.66584
2.81876
2.79155
2.54679
2.43499
2.01578
2.3573
1.94526
2.52804
2.78898
2.52763
1.89621
2.30745
2.31961
1.90855
2.65498
2.69456
2.88564
2.96295
2.71658
2.72125
2.94258
2.89084
2.98079
2.98885
2.97883
2.69195
2.6606
2.96875
2.86054
2.43659
2.58
2.79659
2.9521
2.7435
2.9411
1.66049
2.01583
1.70704
3.13416
1.7482
2.71642
2.48623
1.66516
1.91967
2.01714
2.24154
2.74955
1.41537
1.14859
1.33918
0.616235
1.00496
0.327696
0.826724
0.375744
0.945415
0.801615
1.33062
1.27962
1.94677
2.09521
1.90695
2.1455
2.24351
1.71135
1.7027
2.18009
2.5464
1.9308
2.88338
2.37413
1.82053
2.23599
2.29393
2.7989
2.44587
1.98556
2.46855
1.86945
2.4111
1.79208
1.92705
1.56836
1.57965
1.55442
1.57833
1.76652
1.98152
1.65265
1.66515
2.1693
1.82359
1.75994
1.85386
2.29876
2.38896
2.23908
2.67502
1.91713
2.18608
2.75548
0.868878
1.15602
0.880801
2.03551
2.20464
1.53275
1.73383
0.415711
0.487987
0.632055
1.66542
1.148
1.31319
0.875027
1.65436
1.97042
1.42851
2.61268
2.06965
2.22654
1.74478
0.916612
1.26569
0.737789
0.557337
0.794187
1.21866
1.379
0.836182
0.518236
0.423637
0.302441
0.367083
0.905741
0.726989
0.319789
0.488206
0.449303
1.1925
1.16138
0.896509
0.819381
1.50765
1.31257
1.06017
1.05201
1.50084
1.66549
1.40347
0.915277
0.435079
0.540363
0.403017
0.312551
0.823293
0.719299
0.181826
0.134895
0.94083
1.02372
0.871554
0.191806
0.817434
0.327623
0.248277
0.149876
0.141028
0.124898
0.423557
0.465788
0.313374
0.280732
0.182255
0.177812
0.313828
0.166816
0.164303
0.187998
0.134839
0.127501
0.128643
0.122336
0.156361
0.222758
0.175238
0.140522
0.130958
0.130734
0.123347
1.4915
1.56434
0.854195
1.46308
0.699178
1.42548
0.694749
0.257217
0.553753
0.447647
0.363287
0.191374
0.178002
0.325893
0.169746
0.152022
0.128388
0.177832
0.16383
0.127884
0.122982
0.826613
1.38997
1.42705
1.38494
0.738893
1.40821
0.706443
0.12693
0.241641
0.184469
0.197977
0.160176
0.132086
0.124335
0.227619
0.133439
0.231328
0.181787
0.387315
0.415156
0.194448
0.146537
0.392129
0.267886
0.339306
0.64691
0.506076
0.232632
0.717775
0.996025
0.680341
0.707948
0.371524
0.75535
0.412423
0.885185
0.544362
0.630573
1.33641
1.07658
1.52115
1.26465
1.55818
1.78042
1.32662
2.22165
1.90047
1.72309
1.40371
2.09535
2.18875
1.77977
2.34273
2.45101
2.05475
2.03879
1.13413
0.633939
0.92145
1.07644
0.810652
0.840857
0.500298
1.61525
1.84083
1.90721
2.11659
2.14189
1.94613
1.86197
1.26061
1.64296
1.28235
1.75201
1.71341
1.33185
1.31099
0.848006
0.721253
0.596967
1.0574
1.19273
1.01247
1.18901
1.134
1.29164
1.08465
1.35017
1.61657
1.58674
1.3556
1.05994
1.3214
1.13237
1.8732
1.6836
1.63158
1.42364
1.35718
1.88608
1.472
1.75968
1.91581
1.41429
1.52933
1.68506
2.7055
2.12423
2.24715
2.6997
2.10287
1.71683
2.73886
2.70738
2.74603
2.27772
1.74502
1.71252
2.24854
2.5912
2.65262
2.7305
2.06363
1.53561
1.64226
2.18079
1.0775
1.50225
2.28252
3.09577
2.34523
2.88414
2.84137
1.48893
1.23154
1.49506
1.31692
1.69508
1.44689
1.16172
1.19217
1.30883
2.02073
1.80203
2.47055
2.01044
1.66798
1.29165
1.49648
2.63115
1.80017
2.09415
1.37336
1.66777
1.9478
1.5483
2.57373
2.6348
2.80056
2.05408
1.74932
2.33374
1.97907
1.225
1.22553
1.2442
2.68195
1.22507
1.22782
2.54558
2.28937
2.90784
2.86396
2.9392
2.50947
2.37824
1.83303
2.78482
2.6864
2.94032
2.80342
2.88588
2.67917
2.30026
2.85018
2.67901
2.88267
2.83643
2.97427
2.4611
2.73934
1.225
1.225
1.225
1.225
1.225
1.225
1.225
1.225
1.225
1.225
1.225
1.225
1.225
1.225
1.225
1.225
1.225
1.22507
1.225
1.22503
1.225
1.22515
1.225
1.22501
1.22504
1.225
1.225
1.225
1.225
1.22501
1.22502
1.225
1.225
1.225
1.225
1.22501
1.225
1.225
1.225
1.225
1.225
1.225
1.225
1.225
1.225
1.225
1.225
1.225
1.225
1.225
1.225
1.225
1.225
1.225
1.225
1.225
1.225
1.225
1.225
1.225
1.225
1.225
1.225
1.225
1.225
1.225
1.225
1.225
1.225
1.23086
1.225
1.22501
1.225
1.225
1.225
1.225
1.225
1.225
1.225
1.22501
1.225
1.22517
1.225
1.225
1.225
1.225
1.225
1.225
1.225
1.225
1.225
1.225
1.225
1.225
1.225
1.225
1.225
1.225
1.225
1.225
1.225
1.225
1.225
1.225
1.225
1.225
1.225
1.225
1.225
1.225
1.225
1.225
1.225
1.225
1.225
1.225
1.225
1.225
1.225
1.225
1.225
1.225
1.225
1.225
1.225
1.225
1.225
1.225
1.225
1.225
1.225
1.225
1.225
1.225
1.225
1.225
1.225
1.225
1.225
1.225
1.225
1.225
1.225
1.225
1.225
1.225
1.225
1.225
1.225
1.225
1.22501
1.22544
1.225
1.22501
1.22521
1.225
1.22503
1.225
1.225
1.22501
1.225
1.22504
1.225
1.225
1.225
1.225
1.225
1.225
1.225
1.225
1.225
1.225
1.225
1.225
1.225
1.225
1.225
1.225
1.225
1.225
1.225
1.225
1.225
1.225
1.225
1.225
1.225
1.225
1.225
1.225
1.225
1.225
1.225
1.225
1.225
1.225
1.225
1.225
1.225
1.225
1.225
1.225
1.225
1.225
1.225
1.225
1.225
1.225
1.225
1.225
1.225
1.225
1.225
1.225
1.225
1.225
1.225
1.225
1.225
1.225
1.225
1.225
1.225
1.225
1.225
1.225
1.225
1.225
1.225
1.225
1.225
1.225
1.225
1.225
1.225
1.225
1.225
1.225
1.225
1.225
1.225
1.225
1.225
1.225
1.225
1.225
1.225
1.225
1.225
1.225
1.225
1.225
1.225
1.225
1.225
1.225
1.225
1.225
1.225
1.225
1.225
1.225
1.225
1.225
1.225
1.225
1.225
1.225
1.225
1.225
1.225
1.225
1.225
1.225
1.225
1.225
1.225
1.225
1.225
1.225
1.85605
1.30819
1.23977
1.2273
1.22597
1.22501
1.225
1.225
1.225
1.225
1.225
1.225
1.225
1.225
1.225
1.225
1.31149
1.48688
1.31893
1.7592
1.53662
1.28581
1.32866
1.27889
1.55315
1.48963
1.22911
1.62501
1.24754
1.24232
1.22676
1.30722
1.22567
1.23114
1.22892
1.26142
1.2253
1.22617
1.22901
1.23997
1.22511
1.24956
1.2252
1.22568
1.22508
1.23173
1.22504
1.22527
1.22529
1.22709
1.22501
1.22501
1.22505
1.22505
1.225
1.22541
1.225
1.225
1.225
1.225
1.225
1.225
1.225
1.225
1.225
1.225
1.225
1.225
1.225
1.225
1.225
1.225
1.22501
1.22511
1.225
1.225
1.22509
1.22501
1.225
1.225
1.225
1.225
1.225
1.225
1.225
1.225
1.225
1.225
1.225
1.225
1.225
1.225
1.225
1.225
1.225
1.225
1.225
1.225
1.225
1.225
1.225
1.225
1.225
1.225
1.225
1.225
1.225
1.225
1.225
1.225
1.225
1.225
1.225
1.225
1.225
1.225
1.225
1.225
1.225
1.225
1.225
1.225
1.225
1.225
1.225
1.225
1.225
1.225
1.225
1.225
1.225
1.225
1.225
1.225
1.225
1.225
1.225
1.225
1.225
1.225
1.225
1.225
1.225
1.225
1.225
1.225
1.225
1.225
1.225
1.225
1.225
1.225
1.225
1.225
1.225
1.225
1.225
1.225
1.225
1.225
1.225
1.225
1.225
1.225
1.225
1.225
1.225
1.225
1.225
1.225
1.225
1.225
1.225
1.225
1.225
1.225
1.225
1.225
1.225
1.225
1.225
1.225
1.225
1.225
1.225
1.225
1.225
1.225
1.225
1.225
1.225
1.225
1.225
1.225
1.225
1.225
1.225
1.225
1.225
1.225
1.225
1.225
1.225
1.225
1.225
1.225
1.225
1.225
1.225
1.225
1.225
1.225
1.225
1.225
1.225
1.225
1.225
1.225
1.225
1.225
1.225
1.225
1.225
1.225
1.225
1.225
1.225
1.225
1.225
1.225
1.225
1.225
1.225
1.225
1.225
1.225
1.225
1.225
1.225
1.225
1.225
1.225
1.225
1.225
1.225
1.225
1.225
1.225
1.225
1.225
1.225
1.225
1.225
1.225
1.225
1.225
1.225
1.225
1.225
1.225
1.225
1.225
1.225
1.225
1.225
1.225
1.225
1.225
1.225
1.225
1.225
1.225
1.225
1.225
1.225
1.225
1.225
1.225
1.225
1.225
1.225
1.225
1.225
1.225
1.225
1.225
1.225
1.225
1.225
1.225
1.225
1.225
1.225
1.225
1.225
1.225
1.225
1.225
1.225
1.225
1.225
1.225
1.225
1.225
1.225
1.225
1.225
1.225
1.225
1.225
1.225
1.225
1.225
1.225
1.225
1.225
1.225
1.225
1.225
1.225
1.225
1.225
1.225
1.225
1.225
1.225
1.225
1.225
1.225
1.225
1.225
1.225
1.225
1.225
1.225
1.225
1.225
1.225
1.225
1.225
1.225
1.225
1.225
1.225
1.225
1.225
1.225
1.225
1.225
1.225
1.225
1.225
1.225
1.225
1.225
1.225
1.225
1.225
1.225
1.225
1.225
1.225
1.225
1.225
1.225
1.225
1.225
1.225
1.225
1.225
1.225
1.225
1.225
1.225
1.225
1.225
1.225
1.225
1.225
1.225
1.225
1.225
1.225
1.225
1.225
1.225
1.225
1.225
1.225
1.225
1.225
1.225
1.225
1.225
1.225
1.225
1.225
1.225
1.225
1.225
1.225
1.225
1.225
1.225
1.225
1.225
1.225
1.225
1.225
1.225
1.225
1.225
1.225
1.225
1.225
1.225
1.225
1.225
1.225
1.225
1.225
1.225
1.225
1.225
1.225
1.225
1.225
1.225
1.225
1.225
1.225
1.225
1.225
1.225
1.225
1.225
1.225
1.225
1.225
1.225
1.225
1.225
1.225
1.225
1.225
1.225
1.225
1.225
1.225
1.225
1.225
1.225
1.225
1.225
1.225
1.225
1.225
1.225
1.225
1.225
1.225
1.225
1.225
1.225
1.225
1.225
1.225
1.225
1.225
1.225
1.225
1.225
1.22877
1.22509
1.225
1.225
1.22501
1.22501
1.225
1.225
1.225
1.98436
1.32984
1.22512
1.22523
1.225
1.225
1.225
1.225
1.225
1.225
1.225
1.225
1.225
1.22501
1.22524
1.2252
1.22501
1.225
1.22501
1.225
1.225
1.31429
2.10648
2.0499
2.15936
2.94594
2.95714
2.22017
1.22519
1.23072
1.22971
1.3125
1.22968
1.33016
1.22887
1.225
1.225
1.225
1.225
1.225
1.225
1.225
1.225
1.225
1.225
1.225
1.225
1.225
1.225
1.24718
1.23005
1.22921
1.29778
1.28807
1.22516
1.22818
1.22771
1.22519
1.225
1.225
1.225
1.225
1.225
1.225
1.225
1.225
1.225
1.225
1.225
1.225
1.225
1.225
1.225
1.225
1.225
1.22915
1.22502
1.225
1.225
1.225
1.2251
1.22503
1.22585
1.225
1.22514
1.225
1.225
1.225
1.225
1.225
1.225
1.225
1.225
1.225
1.225
1.225
1.225
1.225
1.225
1.225
2.67367
2.71344
1.225
2.58583
1.23645
2.5579
1.65876
2.41389
2.79474
1.22521
1.22501
1.265
1.22591
1.76208
1.28798
1.22524
1.22591
1.225
1.56502
1.64266
1.92313
1.74358
2.14279
2.80118
0.766721
1.35955
1.37072
1.39146
0.315177
0.373587
1.21695
0.729248
1.01917
0.521909
1.03472
1.90169
1.225
1.225
1.225
1.225
1.225
1.225
1.225
1.225
1.225
1.225
1.225
1.225
1.225
1.225
1.225
1.225
1.225
1.225
1.225
1.225
1.225
1.225
1.225
1.225
1.225
1.225
1.225
1.225
1.225
1.39448
1.28582
1.22571
1.22509
1.23264
1.22503
1.225
1.22523
1.22502
1.22525
1.22501
1.22508
1.22501
1.225
1.225
1.225
1.225
1.225
1.22516
1.22503
1.225
1.22505
1.225
1.225
1.225
1.225
1.225
1.225
1.225
1.22501
1.225
1.22501
1.225
1.225
1.225
1.225
1.225
1.225
1.225
2.01518
1.22678
1.22509
1.225
1.225
1.99192
1.24135
1.25397
1.22905
1.22522
1.22563
1.22526
1.225
1.225
1.225
1.26879
2.22735
1.27548
1.74981
1.94513
1.25118
1.30803
1.22504
1.22842
1.22505
1.22565
1.22511
1.22629
1.22502
1.225
1.22518
1.225
1.22502
1.22501
1.22505
1.225
1.225
1.225
1.225
1.225
1.225
1.225
1.225
1.225
1.225
1.2778
2.29812
1.28638
1.7763
2.02128
1.25888
1.32429
1.22656
1.22681
1.22584
1.22828
1.22696
1.22757
1.22627
1.22904
1.23484
1.37054
1.25473
1.22549
1.47004
1.23035
1.22597
1.23756
1.42369
1.26358
1.226
1.52721
1.23339
1.2263
1.22529
1.22501
1.22515
1.22503
1.22538
1.22503
1.22526
1.22504
1.22506
1.22966
1.22513
1.22667
1.22515
1.22681
1.22506
1.225
1.225
1.225
1.225
1.225
1.225
1.225
1.225
1.22503
1.2254
1.22546
1.22501
1.22582
1.22501
1.22501
1.22504
1.2261
1.22567
1.22502
1.22618
1.22504
1.22502
1.225
1.225
1.225
1.225
1.225
1.225
1.225
1.225
1.225
1.22527
1.22501
1.22507
1.22501
1.22507
1.225
1.225
1.225
1.225
1.225
1.225
1.225
1.225
1.225
1.225
1.225
1.225
1.225
1.22501
1.225
1.225
1.225
1.22501
1.225
1.225
1.22501
1.225
1.225
1.225
1.225
1.225
1.225
1.225
1.225
1.225
1.225
1.225
1.225
1.225
1.225
1.225
1.225
1.225
1.225
1.225
1.225
1.225
1.225
1.225
1.225
1.225
1.225
1.225
1.225
1.225
1.225
1.225
1.225
2.30601
3.06189
3.52921
2.83654
2.63471
3.09525
3.31069
1.58214
1.36661
1.2442
1.22503
1.225
1.225
2.45766
3.08583
2.7569
3.53086
1.76161
1.32317
1.24135
1.23207
1.22504
2.59407
2.17289
2.45285
2.348
3.18733
3.59943
3.09273
3.64171
2.98108
3.45751
3.50087
2.94312
2.71475
2.67628
1.46089
3.04022
2.49991
3.09886
2.71145
2.67987
3.04727
2.84993
3.32521
2.51209
3.07648
1.93655
3.00426
2.84159
3.28996
1.90122
2.35939
1.34017
1.26545
2.47519
1.85286
1.26929
1.7304
1.25227
1.54376
1.24287
1.68957
1.25482
1.57148
1.27613
1.3801
1.23257
1.22707
1.39187
1.27507
1.22711
1.23515
1.22538
1.22634
1.22504
1.23553
1.22536
1.22621
1.225
1.225
1.225
1.225
1.225
1.225
1.225
1.225
1.225
1.225
1.225
1.225
1.225
1.225
1.225
1.225
1.225
1.225
1.225
1.24395
1.225
1.225
1.225
1.225
1.225
1.225
1.225
1.225
1.22501
1.225
1.225
1.225
1.225
1.225
1.225
1.225
1.225
1.225
1.225
1.225
1.225
1.225
1.225
1.225
1.225
1.225
1.225
1.225
1.225
1.225
1.225
1.225
1.225
1.225
1.225
1.225
1.225
1.225
1.225
1.225
1.225
1.225
1.225
1.225
1.225
1.225
1.225
1.225
3.18329
2.97283
2.68068
3.23684
1.22915
1.225
1.225
1.22503
1.225
1.70985
1.22514
1.23168
1.225
1.225
1.225
1.225
1.225
1.225
1.225
1.225
1.225
1.225
1.225
1.225
1.225
1.225
1.225
1.225
1.225
1.28274
1.23573
1.225
1.225
1.225
1.225
1.225
1.225
1.225
1.225
1.225
1.225
1.225
1.225
1.225
1.225
1.225
1.225
1.225
1.225
1.225
1.225
1.225
1.225
1.225
1.22735
1.22509
1.22514
1.225
1.225
1.225
1.225
1.225
1.225
1.225
1.225
1.225
1.225
1.225
1.225
1.225
1.225
1.225
1.225
1.225
1.225
1.225
1.225
1.225
1.225
1.225
1.225
1.225
1.22501
1.225
1.225
1.225
1.225
1.225
1.225
1.225
1.225
1.225
1.225
1.225
1.225
1.225
1.225
1.225
1.225
1.225
1.225
1.225
1.225
1.225
1.225
1.225
1.225
1.225
1.225
1.225
1.225
1.225
1.225
1.225
1.225
1.225
1.225
1.225
1.225
1.225
1.225
1.225
1.225
1.225
1.225
1.225
1.225
1.225
1.225
1.225
1.225
1.225
1.225
1.225
1.225
1.225
1.225
1.225
1.225
1.225
1.225
1.225
1.225
1.225
1.225
1.225
1.225
1.225
1.225
1.225
1.225
1.225
1.225
1.225
1.225
1.225
1.225
1.225
1.225
1.225
1.225
1.225
1.225
1.225
1.225
1.225
1.225
1.225
1.225
1.225
1.22611
1.2918
1.22555
1.23399
1.26009
1.22525
1.22732
1.225
1.225
1.225
1.225
1.225
1.225
1.225
1.225
1.225
1.225
1.225
1.225
1.225
1.225
1.225
1.22506
1.225
1.225
1.225
1.22502
1.225
1.225
1.225
1.225
1.225
1.225
1.225
1.225
1.225
1.225
1.225
1.225
1.225
1.225
1.225
1.225
1.225
1.225
1.225
1.225
1.225
1.225
1.225
1.225
1.225
1.225
1.225
1.225
1.225
1.225
1.225
1.225
1.225
1.225
1.225
1.225
1.225
1.225
1.225
1.225
1.225
1.225
1.225
1.225
1.225
1.225
1.225
1.225
1.225
1.225
1.225
1.225
1.225
1.225
1.225
1.225
1.225
1.225
1.225
1.225
1.225
1.225
1.225
1.225
1.225
1.225
1.225
1.225
1.225
1.225
1.225
1.225
1.225
1.225
1.225
1.225
1.225
1.225
1.225
1.225
1.225
1.225
1.225
1.225
1.225
1.225
1.225
1.225
1.225
1.225
1.225
1.225
1.22501
1.22625
1.22511
1.22693
1.22555
1.22505
1.22503
1.225
1.225
1.225
1.225
1.225
1.225
1.225
1.225
1.225
1.225
1.225
1.225
1.22532
1.22501
1.225
1.22508
1.22501
1.225
1.225
1.225
1.225
1.225
1.225
1.225
1.225
1.225
1.225
1.225
1.225
1.22884
1.42876
1.24781
1.50065
1.33162
1.23618
1.23289
1.22503
1.22501
1.22501
1.22506
1.2251
1.22571
1.22532
1.22523
1.22519
1.22669
1.22564
1.225
1.23213
1.22504
1.22502
1.22572
1.28914
1.22728
1.22519
1.24906
1.22717
1.22506
1.225
1.225
1.225
1.225
1.22502
1.225
1.22506
1.225
1.225
1.225
1.225
1.225
1.225
1.225
1.225
1.225
1.225
1.225
1.225
1.225
1.225
1.225
1.225
1.225
1.225
1.225
1.225
1.225
1.225
1.225
1.225
1.225
1.225
1.225
1.225
1.225
1.225
1.225
1.225
1.225
1.225
1.225
1.225
1.225
1.225
1.225
1.225
1.225
1.225
1.225
1.225
1.225
1.225
1.225
1.225
1.225
1.225
1.225
1.225
1.225
1.225
1.225
1.225
1.225
1.225
1.225
1.225
1.225
1.225
1.225
1.225
1.225
1.225
1.225
1.225
1.225
1.225
1.225
1.225
1.225
1.225
1.225
1.225
1.225
1.225
1.225
1.225
1.225
1.225
1.225
1.225
1.225
1.225
1.225
1.225
1.225
1.225
1.225
1.225
1.225
1.225
1.225
1.225
1.225
1.225
1.225
1.22501
1.225
1.22501
1.225
1.225
1.225
1.225
1.225
1.225
1.225
1.225
1.225
1.225
1.225
1.225
1.225
1.225
1.225
1.225
1.225
1.225
1.225
1.225
1.225
1.225
1.225
1.225
1.225
1.225
1.225
1.225
1.225
1.225
1.225
1.225
1.225
1.225
1.225
1.225
1.225
1.225
1.225
1.225
1.225
1.225
1.225
1.225
1.225
1.225
1.225
1.225
1.225
1.225
1.225
1.225
1.225
1.225
1.225
1.225
1.225
1.225
1.225
1.225
1.225
1.225
1.225
1.225
1.225
1.225
1.225
1.225
1.225
1.225
1.225
1.225
1.225
1.225
1.225
1.225
1.225
1.225
1.225
1.225
1.225
1.225
1.225
1.225
1.225
1.225
1.225
1.225
1.225
1.225
1.225
1.225
1.225
1.225
1.225
1.225
1.225
1.225
1.225
1.225
1.225
1.225
1.225
1.225
1.225
1.225
1.225
1.225
1.225
1.225
1.225
1.225
1.225
1.225
1.225
1.225
1.225
1.225
1.225
1.225
1.225
1.225
1.225
1.225
1.225
1.225
1.225
1.225
1.225
1.225
1.225
1.225
1.225
1.225
1.225
1.225
1.225
1.225
1.225
1.225
1.225
1.225
1.225
1.225
1.225
1.225
1.225
1.225
1.225
1.225
1.225
1.225
1.225
1.225
1.225
1.225
1.225
1.225
1.225
1.225
1.225
1.225
1.225
1.225
1.225
1.225
1.225
1.225
1.225
1.225
1.225
1.225
1.225
1.225
1.225
1.225
1.225
1.225
1.225
1.225
1.225
1.225
1.225
1.225
1.225
1.225
1.225
1.225
1.225
1.225
1.225
1.225
1.225
1.225
1.225
1.225
1.225
1.225
1.225
1.225
1.225
1.225
1.225
1.225
1.225
1.225
1.225
1.225
1.225
1.225
1.225
1.225
1.225
1.225
1.225
1.225
1.225
1.225
1.225
1.225
1.225
1.225
1.225
1.225
1.225
1.225
1.225
1.225
1.225
1.225
1.225
1.225
1.225
1.225
1.225
1.225
1.225
1.225
1.225
1.225
1.225
1.225
1.225
1.225
1.225
1.225
1.225
1.225
1.225
1.225
1.225
1.225
1.225
1.225
1.225
1.225
1.225
1.225
1.225
1.225
1.225
1.225
1.225
1.225
1.225
1.225
1.225
1.225
1.225
1.225
1.225
1.225
1.225
1.225
1.225
1.225
1.225
1.225
1.225
1.225
1.225
1.225
1.225
1.225
1.225
1.225
1.225
1.225
1.225
1.225
1.225
1.225
1.225
1.225
1.225
1.225
1.225
1.225
1.225
1.225
1.225
1.225
1.225
1.225
1.225
1.225
1.225
1.225
1.225
1.225
1.225
1.225
1.225
1.225
1.225
1.225
1.225
1.225
1.225
1.225
1.225
1.225
1.225
1.225
1.225
1.225
1.225
1.225
1.225
1.225
1.225
1.225
1.225
1.225
1.225
1.225
1.225
1.225
1.225
1.225
1.225
1.225
1.225
1.225
1.225
1.225
1.225
1.225
1.225
1.225
1.225
1.225
1.225
1.225
1.225
1.225
1.225
1.225
1.225
1.225
1.225
1.225
1.225
1.225
1.225
1.225
1.225
1.225
1.225
1.225
1.225
1.225
1.225
1.225
1.225
1.225
1.225
1.225
1.225
1.225
1.225
1.225
1.225
1.225
1.225
1.225
1.225
1.225
1.225
1.225
1.225
1.225
1.225
1.225
1.225
1.225
1.225
1.225
1.225
1.225
1.225
1.225
1.225
1.225
1.225
1.225
1.225
1.225
1.225
1.225
1.225
1.225
1.225
1.225
1.225
1.225
1.225
1.225
1.225
1.225
1.225
1.225
1.225
1.225
1.225
1.225
1.225
1.225
1.225
1.225
1.225
1.225
1.225
1.225
1.225
1.225
1.225
1.225
1.225
1.225
1.225
1.225
1.225
1.225
1.225
1.225
1.225
1.225
1.225
1.225
1.225
1.225
1.225
1.225
1.225
1.225
1.225
1.225
1.225
1.225
1.225
1.225
1.225
1.225
1.225
1.225
1.225
1.225
1.225
1.225
1.225
1.225
1.225
1.225
1.225
1.225
1.225
1.225
1.225
1.225
1.225
1.225
1.225
1.225
1.225
1.225
1.225
1.225
1.225
1.225
1.225
1.225
1.225
1.225
1.225
1.225
1.225
1.225
1.225
1.225
1.225
1.225
1.225
1.225
1.225
1.225
1.225
1.225
1.225
1.225
1.225
1.225
1.225
1.225
1.225
1.225
1.225
1.225
1.225
1.225
1.225
1.225
1.225
1.225
1.225
1.225
1.225
1.225
1.225
1.225
1.225
1.225
1.225
1.225
1.225
1.225
1.225
1.225
1.225
1.225
1.225
1.225
1.225
1.225
1.225
1.225
1.225
1.225
1.225
1.225
1.225
1.225
1.225
1.225
1.225
1.225
1.225
1.225
1.225
1.225
1.225
1.225
1.225
1.225
1.225
1.225
1.225
1.225
1.225
1.225
1.225
1.225
1.225
1.225
1.225
1.225
1.225
1.225
1.225
1.225
1.225
1.225
1.225
1.225
1.225
1.225
1.225
1.225
1.225
1.225
1.225
1.225
1.225
1.225
1.225
1.225
1.225
1.225
1.225
1.225
1.225
1.225
1.225
1.225
1.225
1.225
1.225
1.225
1.225
1.225
1.225
1.225
1.225
1.225
1.225
1.225
1.225
1.225
1.225
1.225
1.225
1.225
1.225
1.225
1.225
1.225
1.225
1.225
1.225
1.225
1.225
1.225
1.225
1.225
1.225
1.225
1.225
1.225
1.225
1.225
1.225
1.225
1.225
1.225
1.225
1.225
1.225
1.225
1.225
1.225
1.225
1.225
1.225
1.225
1.225
1.225
1.225
1.225
1.225
1.225
1.225
1.225
1.225
1.225
1.225
1.225
1.225
1.225
1.225
1.225
1.225
1.225
1.225
1.225
1.225
1.225
1.225
1.225
1.225
1.225
1.225
1.225
1.225
1.225
1.225
1.225
1.225
1.225
1.225
1.225
1.225
1.225
1.225
1.225
1.225
1.225
1.225
1.225
1.225
1.225
1.225
1.225
1.225
1.225
1.225
1.225
1.225
1.225
1.225
1.225
1.225
1.225
1.225
1.225
1.225
1.225
1.225
1.225
1.225
1.225
1.225
1.225
1.225
1.225
1.225
1.225
1.225
1.225
1.225
1.225
1.225
1.225
1.225
1.225
1.225
1.225
1.225
1.225
1.225
1.225
1.225
1.225
1.225
1.225
1.225
1.225
1.225
1.225
1.225
1.225
1.225
1.225
1.225
1.225
1.225
1.225
1.225
1.225
1.225
1.225
1.225
1.225
1.225
1.225
1.225
1.225
1.225
1.225
1.225
1.225
1.225
1.225
1.225
1.225
1.225
1.225
1.225
1.225
1.225
1.225
1.225
1.225
1.225
1.225
1.225
1.225
1.225
1.225
1.225
1.225
1.225
1.225
1.225
1.225
1.225
1.225
2.74851
3.05152
1.58657
1.22504
1.225
1.225
4.63308
1.22506
1.34463
3.31286
1.225
1.22599
3.19209
1.30363
1.225
1.22508
1.24505
1.225
1.22501
2.32149
1.23933
1.225
1.225
1.22525
1.225
1.225
1.23378
1.32383
1.225
1.225
1.225
1.225
1.225
1.23397
1.225
1.225
1.225
1.225
1.225
1.225
1.225
1.225
1.225
1.225
1.225
1.225
1.225
1.225
1.225
1.225
1.225
1.225
4.68238
3.45175
3.5333
3.68962
3.45297
3.3527
4.02319
1.22502
1.22576
1.22531
1.23777
1.22737
1.22594
1.25626
4.46529
3.65502
3.39803
2.66584
1.86785
2.97596
1.48978
1.22504
1.225
1.225
1.22664
1.22501
1.22512
1.22512
1.69033
1.6163
2.32047
1.22797
1.30059
1.24477
1.24332
1.225
1.225
1.225
1.225
1.225
1.22501
1.225
1.2626
1.34884
1.44779
1.22642
1.23024
1.23484
1.22573
1.225
1.225
1.225
1.225
1.225
1.225
1.225
1.22694
1.23278
1.2762
1.22506
1.22705
1.22527
1.22551
1.225
1.225
1.225
1.225
1.225
1.225
1.225
1.22742
1.22503
1.2253
1.22501
1.22501
1.22508
1.225
1.225
1.225
1.225
1.225
1.225
1.225
1.225
1.22502
1.225
1.225
1.225
1.225
1.225
1.225
1.225
1.225
1.225
1.225
1.225
1.225
1.225
1.225
1.225
1.225
1.225
1.225
1.225
1.225
1.225
1.22501
1.22501
1.225
1.225
1.225
1.225
1.225
1.225
1.225
1.225
1.225
1.225
1.225
1.225
1.225
1.225
1.225
1.225
1.225
1.225
1.225
1.225
1.225
1.225
1.225
1.225
1.73926
2.52963
1.26858
1.28417
2.16674
1.24642
2.07594
1.33306
1.23668
1.2566
1.22524
1.52816
1.22837
1.2344
1.22509
1.22772
1.22501
1.22502
1.22557
1.22564
1.225
1.22504
1.22501
1.22518
1.225
1.22535
1.225
1.22502
1.225
1.22507
1.225
1.225
1.22501
1.22502
1.225
1.225
1.225
1.225
1.225
1.225
1.225
1.225
1.225
1.225
1.225
1.225
1.225
1.225
1.225
1.225
1.225
1.225
1.225
1.225
1.225
1.225
1.225
1.225
1.225
1.225
1.225
1.225
1.225
1.225
1.225
1.225
1.225
1.225
1.225
1.225
1.225
1.225
1.225
1.225
1.225
1.225
1.225
1.225
1.225
1.225
1.225
1.225
1.225
1.225
1.225
1.225
1.225
1.225
1.225
1.225
1.225
1.225
1.225
1.225
1.225
1.225
1.225
1.225
1.225
1.225
1.225
1.225
1.225
1.225
1.225
1.225
1.225
1.225
1.225
1.225
1.225
1.225
1.225
1.225
1.225
1.225
1.225
1.225
1.225
1.225
1.225
1.225
1.225
1.225
1.225
1.225
1.225
1.225
1.225
1.225
1.225
1.225
1.225
1.225
1.225
1.225
1.225
1.225
1.225
1.225
1.225
1.225
1.225
1.225
1.225
1.225
1.225
1.225
1.225
1.225
1.225
1.225
1.225
1.225
1.225
1.225
1.225
1.225
1.225
1.225
1.225
1.225
1.225
1.225
1.225
1.225
1.225
1.225
1.225
1.225
1.225
1.225
1.225
1.225
1.225
1.225
1.225
1.225
1.225
1.225
1.225
1.225
1.225
1.225
1.225
1.225
1.225
1.225
1.225
1.225
1.225
1.225
1.225
1.225
1.225
1.225
1.225
1.225
1.225
1.225
1.225
1.225
1.225
1.225
1.225
1.225
1.225
1.225
1.225
1.225
1.225
1.225
1.225
1.225
1.225
1.225
1.225
1.225
1.225
1.225
1.225
1.225
1.225
1.225
1.225
1.225
1.225
1.225
2.39155
1.63818
3.11035
2.79586
1.54557
1.23216
2.86858
1.94129
1.22503
1.23036
3.85063
2.97709
3.65182
4.2215
3.94124
5.18328
3.42287
1.91017
2.33991
2.60621
3.53354
2.93912
3.07283
3.16034
1.27559
1.40727
1.9813
2.04951
2.85781
2.71103
2.67491
1.28622
1.22588
1.23368
1.43742
1.39613
2.07934
1.24894
1.22553
1.225
1.22506
1.22509
1.23931
1.22674
1.22579
1.225
1.225
2.92209
1.49202
1.22503
1.225
1.93556
2.62158
3.34753
2.32216
2.67997
1.225
1.225
1.225
1.225
1.225
1.225
1.225
1.225
1.225
1.225
1.225
1.22524
1.225
1.225
1.225
1.225
1.225
1.225
1.225
1.225
1.225
1.22503
1.225
1.225
1.225
1.225
1.225
1.225
1.225
1.225
1.225
1.225
2.18091
2.57099
2.9476
2.80731
2.70773
2.31221
2.49733
2.33879
1.84113
2.0792
2.81769
2.83215
2.89377
2.68277
2.84396
2.45256
2.97061
2.72894
1.98512
2.73206
3.43629
2.75059
2.68264
2.7319
1.45482
1.80388
2.17004
1.68918
1.88285
2.46258
3.37123
3.17527
3.31348
2.97648
3.0645
2.73568
2.74474
2.81313
2.52331
2.55829
2.75893
2.71538
2.75071
1.94091
2.32196
2.35033
1.93509
1.76754
2.51412
2.51729
1.44882
1.25963
1.25601
0.553956
1.00982
0.458482
0.668213
0.880248
0.260157
0.452262
0.304819
0.666822
0.552359
0.17788
0.30176
0.156641
0.247485
0.95349
1.35719
1.33064
1.33435
1.04776
0.799047
0.893975
0.403247
0.553338
0.6344
0.324131
0.186855
0.160865
0.256233
1.10412
1.40521
1.00566
1.43815
1.27064
1.4792
1.25181
1.03642
0.780676
0.650138
1.35624
1.1928
1.06404
0.905833
0.815421
0.28349
0.584808
0.785509
0.939779
0.725876
0.497881
1.11694
1.42266
1.30219
1.35085
1.38083
1.33693
1.19675
0.646126
0.996511
1.03576
1.12451
1.12588
0.873201
0.917148
1.18582
0.800258
1.0107
1.24856
1.07142
1.08395
0.92604
0.883935
1.11319
1.22106
1.17656
1.28922
1.00142
1.09775
2.69093
1.3962
1.93471
1.22703
1.40853
2.543
2.721
1.91687
2.02511
1.6993
2.01741
1.83171
1.60578
1.68826
1.55924
1.74965
1.37275
1.85396
1.98237
1.60272
1.45128
1.05899
2.46019
1.43823
3.10334
1.54722
2.52592
2.7341
1.65162
2.36958
1.88128
2.46427
2.18935
2.34347
2.31213
3.06231
2.92901
2.04949
1.7553
2.19133
2.02766
3.20243
2.62723
3.40229
2.35672
3.17316
2.21948
2.77825
2.89062
2.82339
2.60156
2.97563
2.93254
2.86706
2.51737
3.05918
1.70244
1.20484
0.494215
0.999672
1.30923
1.34734
1.49424
0.979981
1.46168
1.23495
0.8786
1.41466
2.19166
2.28713
1.25908
2.76836
1.22501
1.22654
2.72345
1.225
1.22535
1.22775
1.225
1.2252
1.22532
1.231
1.29505
1.22515
1.22929
1.22757
1.225
1.22501
1.22501
1.22521
1.53115
1.58569
1.24455
2.64405
1.84107
3.01647
1.8051
1.84637
2.73008
1.22737
1.89929
1.26793
1.27626
1.225
1.225
1.22566
1.225
1.225
1.225
1.225
1.225
1.225
1.225
1.225
1.225
1.24322
1.22508
1.22723
4.79449
4.8813
2.25934
2.73589
4.71397
3.03849
3.23828
4.24707
2.47698
2.67645
4.02619
5.07786
3.69025
3.93113
4.93025
3.89913
3.27777
5.36378
3.2444
1.9977
2.14933
3.03778
3.88469
3.20756
2.59958
4.74848
4.57182
3.46723
5.12462
3.20393
3.99107
2.81233
2.91858
3.7376
3.29266
2.85582
3.57427
2.95311
2.68708
2.9406
0.93947
1.1654
0.797619
1.16758
1.31997
1.31259
1.113
0.834236
0.594707
0.490156
1.1741
1.03669
0.928828
0.78833
0.132037
0.716851
1.95522
3.00998
1.23312
1.22537
1.23262
1.31969
1.23018
1.37696
1.36667
2.41118
2.17983
2.23208
3.07251
1.32485
0.163375
0.124215
0.12734
0.263066
0.282656
0.139209
0.134964
0.138185
0.139056
0.137602
0.135639
0.136297
0.130231
0.131133
0.439257
0.875344
0.711575
0.132271
0.672016
0.196457
0.133193
0.133124
0.13592
0.132518
0.134168
0.134412
0.127861
0.122468
0.15974
0.124215
0.144049
0.127425
0.125472
0.121865
0.129622
0.120508
0.138214
0.151665
0.132962
0.131291
0.120884
0.12806
0.125276
0.114515
0.12042
0.112541
0.114361
0.115931
0.132387
0.12813
0.12468
0.146531
0.11874
0.123259
0.122637
0.125452
0.121062
0.153027
0.140182
0.12403
0.129603
0.121399
0.124416
0.220684
0.211093
0.248645
0.55386
0.457898
0.13962
0.154022
0.191011
0.384204
0.200371
0.113254
0.129347
0.132215
0.190853
1.77266
2.80628
2.5014
1.13872
1.52185
0.821114
0.461108
0.226283
0.264002
0.215784
0.461317
0.537869
0.141567
0.154903
0.227811
0.245796
0.149407
0.118141
0.13678
0.142837
0.20484
0.123844
0.287308
0.143102
0.324657
0.152609
0.220064
0.505956
0.409138
0.884821
0.655276
0.48336
0.209046
0.409836
0.714874
0.444788
0.648019
0.420067
0.692764
0.849718
0.205154
0.394478
0.571212
0.80189
0.761509
0.804304
0.843414
0.980669
0.981867
1.10786
1.31222
0.99891
1.32552
1.14296
1.32818
1.23729
0.945705
0.827089
0.516021
0.564813
0.257915
0.443973
0.751544
0.630711
0.679143
0.86934
0.844751
1.00689
1.05337
1.14414
1.36762
1.55088
1.38446
1.43257
1.56511
1.65376
1.46362
1.31972
1.25366
1.10183
1.60228
1.36897
1.48474
1.23872
0.9642
0.725338
0.87943
0.925039
1.01385
1.01595
1.0968
1.0206
1.09947
0.96158
0.993432
0.850692
0.669076
0.900914
1.40669
1.33768
1.07796
0.904062
1.01199
1.19905
1.25881
0.973317
1.21084
1.30459
1.06952
0.978222
1.12157
1.21809
1.3797
1.39058
1.27776
1.35398
1.34776
1.40077
1.44633
1.22408
1.04047
1.04147
1.38863
1.1587
1.37195
1.14396
1.27934
1.84717
1.3589
1.91613
1.40508
1.47246
1.99866
1.63892
1.44642
1.47548
1.52573
1.51918
1.67867
1.74984
1.75214
1.35323
1.36119
1.6441
1.29321
1.63027
1.29492
1.34991
1.15376
1.14011
1.26255
1.07884
1.51662
1.25245
1.54596
2.07169
1.53538
1.29503
1.23115
1.89367
1.43461
1.49314
1.50309
1.24237
1.3926
1.18123
1.39715
1.71761
1.44717
1.30537
0.983036
1.20576
1.10782
1.12805
1.23232
1.17137
1.27487
1.08021
1.43917
1.18124
1.62441
1.29842
2.1246
2.11086
2.31619
1.55606
1.72533
1.44107
1.56733
1.20957
1.32053
1.71451
1.45542
1.1678
1.08879
1.33259
1.63992
1.43799
1.49745
1.6567
1.77523
1.49794
1.57673
1.8628
1.60092
1.42123
1.71642
1.34913
1.94556
1.48303
2.65332
2.20614
2.10412
1.73114
1.60654
1.96667
1.86394
1.64745
2.51037
2.16487
1.77531
2.09341
1.76657
1.96272
2.10918
2.21271
2.37677
1.90371
1.7781
1.55217
1.63676
2.37723
1.99063
1.99869
1.49606
1.50682
1.75894
1.74716
2.11549
1.35563
0.329526
0.172518
1.32584
1.31507
0.603621
1.3064
0.17935
0.178671
0.28762
0.179407
0.291021
0.290145
0.289756
0.16977
1.30713
1.32267
0.613926
0.620305
0.624201
0.635657
1.32543
0.406893
0.179014
0.22592
0.16724
0.292816
0.313965
0.174897
0.305477
0.370874
0.204358
0.171076
0.288797
0.307013
0.173364
1.33647
0.694556
0.753515
1.34163
0.645367
0.670998
1.33854
0.65751
1.32114
0.717366
1.31629
0.631614
0.660309
1.33122
0.393848
0.570764
0.898587
0.363709
0.748037
0.380973
0.210326
0.851039
1.30821
0.828728
1.3013
0.970161
0.72793
1.32637
2.42463
2.31559
2.56407
2.55535
2.36623
2.48715
2.53981
2.11208
1.72632
1.84321
1.85798
1.96688
2.1827
2.02502
2.15634
3.24122
2.5682
2.22624
2.50931
3.16286
2.62122
2.67265
2.51322
2.5152
2.35006
2.92673
3.22089
3.03025
1.20081
2.22811
1.72252
1.39436
1.71876
1.78487
1.43423
2.36102
2.20994
2.17104
2.64905
2.72131
2.74122
2.81511
2.14299
1.83506
1.61202
1.70876
1.34886
1.9664
1.5058
1.65968
1.68763
1.34881
1.93411
2.57836
1.98881
1.52607
2.33358
1.70326
1.39756
1.56696
2.12545
1.97769
2.65834
2.20085
2.42878
2.77464
2.63586
2.74266
2.57179
2.39213
2.46583
2.43413
2.13177
1.82929
1.59007
1.8725
2.17637
2.65747
2.3701
2.58265
2.09308
2.35624
1.99209
1.77473
2.85285
2.55256
2.12415
2.86843
2.76572
2.28259
2.69974
2.84669
2.31035
1.76425
2.95909
2.60733
2.54139
1.94273
2.27916
2.52126
2.93095
2.56984
1.95657
2.35085
1.76119
2.24393
2.14997
2.34736
2.59844
2.82818
2.70423
2.4683
2.4483
2.49989
2.36099
2.5755
2.56834
2.67025
2.49501
1.97526
2.17217
2.47401
1.71221
1.85098
1.90102
2.06593
2.43298
2.26441
2.51918
2.79513
2.70076
2.77884
2.76039
3.04655
2.23733
3.2047
3.60807
3.38934
2.78271
2.55019
3.50972
2.74507
3.06702
2.88735
3.46738
3.30295
3.41223
3.01178
2.90059
3.46418
3.3018
3.57813
3.60002
3.23313
3.40753
3.6319
3.51253
2.97039
2.77963
3.14122
3.17918
2.86946
2.56335
2.60897
2.80539
2.89224
2.74827
2.88917
2.34351
2.51875
2.56839
2.71659
2.62501
2.16452
2.45681
2.874
2.85543
2.27316
2.3639
2.92739
2.43658
1.81139
2.52547
3.09683
2.87086
2.29624
2.91073
2.39956
2.94774
2.54118
2.50052
2.27417
2.72518
2.94758
2.86684
3.0574
2.84069
2.28544
2.48388
2.81906
2.62288
2.45729
2.73512
2.95581
2.78999
2.99719
2.80867
2.26543
2.99398
2.63678
2.87607
2.8319
2.84713
2.50273
2.85634
2.75704
2.97753
3.03861
2.82221
2.79313
2.21783
2.58854
3.00419
3.0019
1.225
1.225
1.225
1.225
1.225
1.225
1.225
1.225
1.225
1.225
1.225
1.225
1.225
1.225
1.225
1.225
1.225
1.225
1.225
1.225
1.225
1.225
1.225
1.225
1.225
1.225
1.225
1.225
1.225
1.225
1.225
1.225
1.225
1.225
1.225
1.225
1.225
1.225
1.225
1.225
1.225
1.225
1.225
1.225
1.225
1.225
1.225
1.225
1.225
1.225
1.225
1.225
1.225
1.225
1.225
1.225
1.225
1.225
1.225
1.225
1.225
1.225
1.225
1.225
1.225
1.225
1.225
1.225
1.225
1.225
1.225
1.225
1.225
1.225
1.225
1.225
1.225
1.225
1.225
1.225
1.225
1.225
1.98325
1.86384
2.36156
2.37091
2.52852
2.92888
2.17594
2.20236
1.9867
1.47099
1.57631
2.0051
1.50643
1.55935
1.95006
1.94625
2.86115
2.46415
2.22989
2.01441
1.76001
2.48637
2.58943
2.39541
2.67928
2.21764
2.02573
2.43833
1.85024
2.42253
2.23424
2.48547
2.07564
1.72976
1.73492
2.04004
2.59206
3.14112
2.64922
2.58926
3.06385
2.43628
2.66381
2.32309
2.86562
3.16083
2.7991
3.08592
2.56546
2.32288
2.10066
2.24291
2.09022
2.06748
2.20361
2.09808
2.18916
2.12866
2.57586
2.65517
2.59
2.5123
2.16899
2.11844
2.95949
2.546
2.71819
2.75196
2.84081
2.87064
2.71715
2.7225
2.02339
2.33894
2.72148
2.63414
1.92526
1.57127
3.56342
3.10724
3.57806
3.35446
3.36245
3.52106
3.38577
3.08123
3.50437
2.485
3.02944
3.09574
2.70775
2.06797
2.83066
2.8267
2.66329
2.63926
2.76455
2.179
2.57937
2.71047
2.59803
1.60652
2.00058
2.22054
1.80665
2.69321
2.00695
1.55049
2.61871
2.71227
2.68656
1.87912
2.31324
2.99065
2.99961
2.81027
2.96536
2.94993
2.20079
2.95089
2.18566
2.87119
2.94785
2.66291
1.83003
2.88356
2.94547
2.73264
1.99254
2.21561
2.62239
2.76734
1.83431
1.64663
3.09284
3.19161
2.96275
3.13876
3.05095
3.13126
2.97569
2.43703
2.6605
2.95515
3.03026
3.15124
3.20966
3.2415
2.23951
2.83306
2.88584
2.81982
2.76217
1.81801
2.56968
1.28368
2.1357
1.34177
1.30265
2.01797
1.2619
1.7909
2.46811
1.88457
1.40923
2.21835
2.66239
1.31027
1.65539
3.11468
3.09602
2.84366
2.27498
3.00731
3.11654
3.10258
2.74343
2.2729
3.01638
2.13441
2.78084
2.99723
2.95073
3.35585
3.52561
3.57248
3.32412
3.1162
3.22836
2.59308
2.26073
3.01448
2.95342
1.47779
2.09843
2.72874
2.99088
1.92425
2.96761
2.93113
3.1177
2.93299
3.10341
3.08338
2.39585
1.40188
1.71362
2.0225
2.43181
1.43418
1.28523
2.53076
3.01521
1.60141
2.75508
1.81602
3.19763
3.3393
3.19717
3.23131
2.76562
3.24482
3.20382
2.67779
2.38019
3.39108
2.84079
2.32001
2.1371
1.60967
1.56275
1.32255
1.62061
1.23235
1.24525
1.26894
1.84498
1.24429
1.60706
2.78915
1.34002
2.21363
3.04392
1.6918
2.75488
3.02301
1.28756
2.33649
1.47529
2.13667
2.66896
2.98085
2.90857
2.28525
2.66285
2.26659
2.64534
1.23646
2.03574
1.24523
1.43064
2.36878
2.59426
2.59208
2.36526
2.26413
2.58569
2.58849
2.38751
2.36899
2.26872
2.57149
2.57569
2.57648
2.56846
2.64984
2.50136
2.58734
2.52865
2.49794
2.51602
2.58094
2.64618
2.43446
2.54803
2.52665
2.50277
2.48454
2.5654
1.30676
2.21304
1.37956
1.41136
1.32695
2.26042
2.10185
1.33995
2.15513
2.29833
1.34484
1.43683
2.28918
2.14128
1.62111
1.92286
1.27976
1.27701
1.24395
1.60231
1.90427
1.48723
1.77733
1.26024
1.27021
1.24088
1.55816
1.85632
1.91571
1.25052
1.70481
1.54724
2.69311
1.7019
2.79921
2.65134
1.605
1.31627
2.265
1.67205
2.27923
1.31949
1.90684
1.49535
2.16189
1.26231
1.45796
1.29479
1.23518
2.87054
1.74813
2.73764
1.64498
1.87654
1.25757
1.28481
1.77689
2.01688
1.27339
1.24301
1.31159
1.25811
2.30716
2.54267
1.77732
2.01322
1.46569
1.36207
1.28051
1.25651
2.70119
2.55082
2.8845
1.43084
2.12515
1.26944
1.57195
1.23193
1.24914
1.66558
1.22846
1.23864
1.31487
1.5253
1.99057
1.27405
1.23427
1.23066
1.37143
2.15489
1.45546
1.23742
2.25293
1.52224
1.55706
2.29681
1.23912
1.33297
2.11898
1.23399
1.46648
1.84216
2.50401
1.25682
1.42689
1.46215
1.62555
1.48516
1.23609
1.23134
1.24662
1.23753
2.17298
3.05353
2.68404
1.40306
2.20317
1.29096
1.75447
1.47546
1.3883
2.48386
1.28825
2.10473
1.31849
1.22895
3.06118
1.67045
2.97743
2.74294
1.46395
2.18163
1.89259
2.50625
1.42228
1.2387
1.32116
2.09437
1.22939
1.29307
1.63056
1.24578
1.23547
2.13518
1.30581
1.37995
2.37608
1.22966
1.34225
1.35244
1.22588
1.2498
1.22597
1.25213
1.22711
1.22546
1.22659
1.28219
1.39023
1.26842
1.23935
1.22512
1.225
1.225
1.225
1.225
1.225
1.225
1.32051
1.29184
1.2276
1.22568
1.24484
1.23827
1.22544
1.25168
1.22777
1.29993
1.51216
1.25613
1.22606
1.23638
1.67252
1.24613
1.4073
1.28628
1.22749
1.23236
1.23237
1.32854
1.26289
1.24723
1.22583
1.2265
1.22949
1.22758
2.00339
1.30837
1.51541
1.28286
1.24183
1.23806
1.22838
1.22641
1.23093
1.22543
1.27977
1.23831
1.26349
1.37504
1.28834
1.34415
1.26124
1.2257
1.22768
1.23027
1.22644
1.69705
1.24591
2.09543
1.27679
1.36553
1.23003
1.42109
1.22916
1.81076
1.25958
1.25898
1.48711
1.23655
1.2263
1.89825
1.52653
2.78798
1.25844
1.22807
1.30919
1.89005
1.24864
1.37519
1.23678
1.51213
1.26709
1.74235
2.5289
1.2253
1.23479
1.30597
1.28428
1.62807
1.24164
1.22706
1.24062
1.60951
1.30382
1.22529
1.23433
1.2269
1.27964
1.225
1.225
1.225
1.225
1.225
1.225
1.225
1.225
1.225
1.225
1.225
1.225
1.225
1.225
1.225
1.225
1.225
1.225
1.225
1.225
1.225
1.225
1.225
1.225
1.225
1.225
1.225
1.225
1.225
1.225
1.225
1.225
1.225
1.225
1.225
1.225
1.225
1.225
1.225
1.225
1.225
1.225
1.225
1.225
1.225
1.225
1.225
1.225
1.225
1.225
1.225
1.225
1.225
1.225
1.225
1.225
1.225
1.225
1.225
1.225
1.225
1.225
1.225
1.225
1.225
1.225
1.225
1.225
1.225
1.225
1.225
1.225
1.225
1.225
1.225
1.225
1.225
1.225
1.225
1.225
1.225
1.225
1.225
1.225
1.225
1.225
1.225
1.225
1.225
1.225
1.225
1.225
1.225
1.225
1.225
1.225
1.225
1.225
1.225
1.225
1.225
1.225
1.225
1.225
1.225
1.225
1.225
1.225
1.225
1.225
1.225
1.225
1.225
1.225
1.225
1.225
1.225
1.225
1.225
1.225
1.225
1.225
1.225
1.225
1.225
1.225
1.225
1.225
1.225
1.225
1.225
1.225
1.225
1.225
1.225
1.225
1.225
1.225
1.225
1.225
1.225
1.225
1.225
1.225
1.225
1.225
1.225
1.225
1.225
1.225
1.225
1.225
1.225
1.225
1.225
1.225
1.225
1.225
1.225
1.225
1.225
1.225
1.225
1.225
1.225
1.225
1.225
1.225
1.225
1.225
1.225
1.225
1.225
1.225
1.225
1.225
1.225
1.225
1.225
1.225
1.225
1.225
1.225
1.225
1.225
1.225
1.225
1.225
1.225
1.225
1.225
1.225
1.225
1.225
1.225
1.225
1.225
1.225
1.225
1.225
1.225
1.225
1.225
1.225
1.225
1.225
1.225
1.225
1.225
1.225
1.225
1.225
1.225
1.225
1.225
1.225
1.225
1.225
1.225
1.225
1.225
1.225
1.225
1.225
1.225
1.225
1.225
1.225
1.225
1.225
1.225
1.225
1.225
1.225
1.225
1.225
1.225
1.225
1.225
1.225
1.225
1.225
1.225
1.225
1.225
1.225
1.225
1.225
1.225
1.225
1.225
1.225
1.225
1.225
1.225
1.225
1.225
1.225
1.225
1.225
1.225
1.225
1.225
1.225
1.225
1.225
1.225
1.225
1.225
1.225
1.225
1.225
1.225
1.225
1.225
1.225
1.225
1.225
1.225
1.225
1.225
1.225
1.225
1.225
1.225
1.225
1.225
1.225
1.225
1.225
1.225
1.225
1.225
1.225
1.225
1.225
1.225
1.225
1.225
1.225
1.225
1.225
1.225
1.225
1.225
1.225
1.225
1.225
1.225
1.225
1.225
1.225
1.225
1.225
1.225
1.225
1.225
1.225
1.225
1.225
1.225
1.225
1.225
1.225
1.225
1.225
1.225
1.225
1.225
1.225
1.225
1.225
1.225
1.225
1.225
1.225
1.225
1.225
1.225
1.225
1.225
1.225
1.225
1.225
1.225
1.225
1.225
1.225
1.225
1.225
1.225
1.225
1.225
1.225
1.225
1.225
1.225
1.225
0.161521
1.71571
0.142461
0.1248
0.114288
0.133161
0.129663
0.671655
0.243224
0.140923
0.13801
0.13483
0.124857
0.14234
0.139598
0.121765
0.130441
0.137111
0.139475
0.131014
0.135382
0.116563
0.111734
1.79132
0.341094
0.254996
1.2877
2.04268
0.978559
1.97364
0.141098
0.116728
0.168184
0.117696
0.121119
0.121348
0.17358
0.114258
0.113897
0.132804
0.115653
0.127513
0.130116
0.113201
0.147505
0.117625
0.116267
0.123593
0.227761
0.189438
0.130483
0.122266
0.125001
0.116801
0.169258
0.140628
0.115904
0.122768
0.137245
0.433351
0.191834
0.470146
0.205689
0.140076
0.260799
0.245052
0.568674
0.757234
0.357273
0.380904
0.594951
0.790774
0.345417
0.549552
0.244968
0.149987
0.406782
0.308439
0.178647
0.280987
0.539627
0.437399
0.738981
0.649551
0.854879
0.948188
0.562287
0.80959
1.17763
0.84663
1.20064
0.595736
1.00833
1.64348
1.78092
1.62995
1.05855
1.22643
1.08243
1.24672
1.00262
0.916441
1.2416
0.776107
0.66422
1.06334
1.13138
1.8588
1.81806
1.67332
1.20186
1.13159
1.28678
1.34402
1.36872
0.143142
1.31267
0.18216
0.302834
1.36755
1.42775
0.186142
0.287679
0.124528
0.138088
0.129147
0.150354
0.140214
0.142237
0.137718
0.286758
0.184447
0.289344
0.28858
0.184998
0.285178
0.183483
0.146499
0.150004
0.145771
0.143641
0.148331
0.144854
0.147645
0.288711
0.285466
0.182275
0.183873
0.28491
0.18289
0.29006
0.141561
0.141679
0.141805
0.146044
0.143444
0.144948
0.139325
1.38505
0.621201
0.627872
0.62141
1.33912
0.61257
1.35605
0.13999
0.144197
0.141642
0.147718
0.143798
0.141664
0.145327
0.176656
0.174057
0.289398
0.187228
0.29215
0.290795
0.185708
0.13859
0.137999
0.135982
0.146712
0.144175
0.142295
0.145058
0.619603
1.32885
0.609124
1.32259
0.608893
1.34053
0.62012
0.140479
0.136473
0.138489
0.139777
0.139907
0.142754
0.137642
0.168942
0.170239
0.293243
0.290561
0.177722
0.183448
0.289431
0.649807
1.40118
0.649235
1.4038
0.634993
0.63052
1.37816
0.120749
0.130433
0.128744
0.139642
0.138545
0.142682
0.135464
0.124673
0.139748
0.127317
0.134739
0.132352
0.142181
0.140103
0.666062
1.38359
0.654048
0.630427
1.34912
1.36289
0.633685
0.13454
0.11744
0.119759
0.11947
0.125602
0.137416
0.133359
1.39549
2.2203
1.59872
1.97984
2.22366
1.61304
1.41325
2.00085
2.29333
2.24405
1.69728
1.64494
1.4469
1.49337
1.2364
1.41983
1.3462
1.22565
1.22532
1.23787
1.2316
1.24405
1.32782
1.6358
1.23058
1.25181
1.22603
1.22521
1.225
1.225
1.225
1.22505
1.225
1.225
1.225
1.2265
1.22569
1.2322
1.22523
1.22815
1.2251
1.24516
1.25277
1.23417
1.22744
1.22526
1.22508
1.22532
1.22606
1.31122
1.25154
1.6019
1.22608
1.24335
1.2252
1.22864
1.22763
1.28513
1.22506
1.22642
1.25897
1.22663
1.22812
1.25262
1.22725
1.32721
1.23468
1.22507
1.22531
1.22868
1.29691
1.22674
1.24076
1.22788
1.22531
1.22556
1.22506
1.22581
1.22546
1.22505
1.22503
1.22593
1.23891
1.24838
1.2251
1.22502
1.2251
1.22562
1.2412
1.22828
1.2284
1.26714
1.22638
1.22674
1.22586
1.22505
1.2251
1.22773
1.24348
1.22565
1.22709
1.23933
1.22898
1.22546
1.22513
1.23085
1.2252
1.22538
1.22728
1.22623
1.22508
1.22504
1.22528
1.22501
1.22504
1.22629
1.23401
1.22748
1.22532
1.22507
1.22724
1.22501
1.22528
1.22609
1.22503
1.23272
1.22559
1.23981
1.22565
1.22989
1.22519
1.22501
1.2252
1.22501
1.22915
1.22547
1.22512
1.22872
1.22501
1.22541
1.22634
1.25818
1.22952
1.22507
1.22658
1.22501
1.22522
1.22785
1.22501
1.2268
1.2253
1.22518
1.22501
1.22505
1.22501
1.2254
1.23147
1.22736
1.225
1.22513
1.22507
1.22578
1.22538
1.2284
1.23181
1.22501
1.22512
1.22524
1.22502
1.22505
1.22577
1.22517
1.23046
1.22538
1.22501
1.2256
1.22502
1.22508
1.22546
1.22511
1.22501
1.225
1.22554
1.22533
1.22502
1.22516
1.22784
1.22501
1.2251
1.22503
1.22613
1.23633
1.22503
1.2261
1.22509
1.225
1.22508
1.225
1.22503
1.225
1.22503
1.22536
1.22501
1.22634
1.2254
1.225
1.22504
1.22501
1.22504
1.225
1.22501
1.225
1.225
1.22508
1.22501
1.22553
1.22506
1.225
1.225
1.225
1.225
1.225
1.225
1.225
1.22565
1.225
1.22503
1.225
1.22501
1.225
1.22502
1.22623
1.22505
1.22501
1.225
1.22505
1.225
1.22501
1.22501
1.22508
1.2255
1.22501
1.225
1.225
1.22505
1.22502
1.22566
1.22528
1.225
1.22503
1.22502
1.225
1.22501
1.22517
1.22503
1.22515
1.22501
1.22503
1.225
1.22568
1.22501
1.22513
1.225
1.225
1.22502
1.225
1.22508
1.225
1.225
1.22502
1.22501
1.225
1.225
1.22502
1.225
1.225
1.22501
1.225
1.225
1.225
1.22501
1.22519
1.2251
1.22501
1.22501
1.225
1.225
1.225
1.225
1.225
1.225
1.225
1.225
1.225
1.225
1.225
1.225
1.225
1.225
1.225
1.225
1.225
1.225
1.225
1.225
1.225
1.225
1.225
1.225
1.225
1.225
1.225
1.225
1.225
1.225
1.225
1.225
1.225
1.225
1.225
1.225
1.225
1.225
1.225
1.225
1.225
1.225
1.225
1.225
1.225
1.225
1.225
1.225
1.225
1.225
1.225
1.225
1.225
1.225
1.225
1.225
1.225
1.225
1.225
1.225
1.225
1.225
1.225
1.225
1.225
1.225
1.225
1.225
1.225
1.225
1.225
1.225
1.225
1.225
1.225
1.225
1.225
1.225
1.225
1.225
1.225
1.225
1.225
1.225
1.225
1.225
1.225
1.225
1.225
1.225
1.225
1.225
1.225
1.225
1.225
1.225
1.225
1.225
1.225
3.10474
1.36563
2.24773
1.22548
1.22515
1.225
1.225
1.225
1.225
2.07005
2.37639
2.99859
2.07185
1.23283
1.3014
1.3664
1.23201
1.29434
1.22535
1.22888
1.23504
1.23461
1.40615
1.22549
1.2255
1.23512
1.22502
1.22501
1.22502
1.22537
1.22502
1.225
1.225
1.225
1.22502
1.22545
1.22502
1.225
1.225
1.225
1.225
1.225
1.225
1.225
1.225
1.225
1.225
1.225
1.225
1.225
1.225
3.02483
3.07507
2.81316
3.08692
3.08521
2.96275
2.29346
1.32855
2.19456
3.07501
1.36847
2.41628
1.23329
1.37972
1.22947
1.22765
1.29732
1.22521
1.23108
1.22533
1.22501
1.225
1.225
1.225
1.225
1.225
1.225
1.225
1.225
1.225
1.225
1.225
1.225
1.225
1.225
1.225
1.225
1.225
1.225
1.225
1.225
1.225
1.225
1.225
1.225
1.225
1.225
1.225
1.225
1.225
1.225
1.225
1.225
1.225
1.225
1.225
1.225
1.225
1.225
1.225
1.225
1.225
1.225
1.225
1.225
1.225
1.225
1.225
1.225
1.225
1.225
1.225
1.225
1.225
1.225
1.225
1.225
1.225
1.225
1.225
1.225
1.225
1.225
1.225
1.225
1.225
1.225
1.225
1.225
1.225
1.225
1.225
1.225
1.225
1.225
1.225
1.225
1.225
1.225
1.225
1.225
1.225
1.225
1.225
1.225
1.225
1.225
1.225
1.225
1.225
1.225
1.225
1.225
1.225
1.225
1.225
1.225
1.225
1.225
1.225
1.225
1.225
1.225
1.225
1.225
1.225
1.225
1.225
1.225
1.225
1.225
1.225
1.225
1.225
1.225
1.225
1.225
1.225
1.225
1.225
1.225
1.225
1.225
1.225
1.225
1.225
1.225
1.225
1.225
1.225
1.225
1.225
1.225
1.225
1.225
1.225
1.225
1.225
1.225
1.225
1.225
1.225
1.225
1.225
1.225
1.225
1.225
1.225
1.225
1.225
1.225
1.225
1.225
1.225
1.225
1.225
1.225
1.225
1.225
1.225
1.225
1.225
1.225
1.225
1.225
1.225
1.225
1.225
1.225
1.225
1.225
1.225
1.225
1.225
1.225
1.225
1.225
1.225
1.225
1.225
1.225
1.225
1.225
1.225
1.225
1.225
1.225
1.225
1.225
1.225
1.225
1.225
1.225
1.225
1.225
1.225
1.225
1.225
1.225
1.225
1.225
1.225
1.225
1.225
1.225
1.225
1.225
1.225
1.225
1.225
1.225
1.225
1.225
1.225
1.225
1.225
1.225
1.225
1.225
1.225
1.225
1.225
1.225
1.225
1.225
1.225
1.225
1.225
1.225
1.225
1.225
1.225
1.225
1.22528
1.22501
1.225
1.225
1.23406
1.2258
1.23117
1.22515
1.22549
1.22862
1.23837
1.22877
1.22504
1.22503
1.22517
1.22516
1.22609
1.22582
1.225
1.225
1.225
1.225
1.22501
1.225
1.225
1.225
1.225
1.225
1.225
1.225
1.225
1.225
1.225
1.225
1.225
1.225
1.225
1.225
1.225
1.225
1.225
1.225
1.225
1.225
1.225
1.225
1.225
1.225
1.225
1.225
1.225
1.225
1.225
1.225
1.225
1.225
1.225
1.225
1.225
1.225
1.22503
1.225
1.22501
1.22502
1.225
1.225
1.225
1.225
1.225
1.225
1.225
1.225
1.225
1.225
1.225
1.225
1.225
1.22501
1.225
1.225
1.225
1.225
1.225
1.225
1.225
1.225
1.225
1.225
1.225
1.225
1.225
1.225
1.225
1.225
1.225
1.225
1.225
1.225
1.225
1.225
1.225
1.225
1.225
1.225
1.225
1.225
1.225
1.225
1.225
1.225
1.225
1.225
1.225
1.225
1.225
1.225
1.225
1.225
1.225
1.225
1.225
1.225
1.225
1.225
1.225
1.225
1.225
1.225
1.225
1.225
1.225
1.225
1.225
1.225
1.225
1.225
1.225
1.225
1.225
1.225
1.225
1.225
1.225
1.225
1.225
1.225
1.225
1.225
1.225
1.225
1.225
1.225
1.225
1.225
1.225
1.225
1.225
1.225
1.225
1.225
1.225
1.225
1.225
1.225
1.225
1.225
1.225
1.225
1.225
1.225
1.225
1.225
1.225
1.225
1.225
1.225
1.225
1.225
1.225
1.225
1.225
1.225
1.225
1.225
1.225
1.225
1.225
1.225
1.225
1.225
1.225
1.225
1.225
1.225
1.225
1.225
1.225
1.225
1.225
1.225
1.225
1.225
1.225
1.225
1.225
1.225
1.225
1.225
1.225
1.225
1.225
1.225
1.225
1.225
1.225
1.225
1.225
1.225
1.225
1.225
1.225
1.225
1.225
1.225
1.225
1.225
1.225
1.225
1.225
1.225
1.225
1.225
1.225
1.225
1.225
1.225
1.225
1.225
1.225
1.225
1.225
1.225
1.225
1.225
1.225
1.225
1.225
1.225
1.225
1.225
1.225
1.225
1.225
1.225
1.225
1.225
1.225
1.225
1.225
1.225
1.225
1.225
1.225
1.225
1.225
1.225
1.225
1.225
1.225
1.225
1.225
1.225
1.225
1.225
1.225
1.225
1.225
1.225
1.225
1.225
1.225
1.225
1.225
1.225
1.225
1.225
1.225
1.225
1.225
1.225
1.225
1.225
1.22501
1.22502
1.22503
1.22501
1.22558
1.22529
1.225
1.225
1.225
1.225
1.225
1.225
1.225
1.225
1.225
1.225
1.225
1.225
1.22512
1.225
1.22857
1.22501
1.22501
1.23037
1.225
1.22555
1.225
1.22502
1.225
1.225
1.22523
1.22502
1.22506
1.225
1.225
1.225
1.225
1.225
1.225
1.225
1.225
1.225
1.2322
1.23387
1.22953
1.22526
1.22533
1.22516
1.22512
1.23526
1.23493
1.23015
1.22537
1.22539
1.22518
1.22519
1.22838
1.23027
1.22519
1.22749
1.22647
1.22508
1.22505
1.22539
1.22639
1.22685
1.22501
1.22502
1.22506
1.22504
1.22508
1.22572
1.22728
1.22567
1.22716
1.22502
1.22507
1.22572
1.22506
1.22679
1.22524
1.22568
1.22502
1.22501
1.22589
1.22511
1.22546
1.22501
1.225
1.22503
1.22501
1.22505
1.22501
1.22521
1.22506
1.22501
1.225
1.225
1.22504
1.22519
1.225
1.22501
1.225
1.22501
1.225
1.225
1.225
1.22504
1.225
1.225
1.22503
1.225
1.225
1.22509
1.225
1.225
1.225
1.225
1.22505
1.22503
1.225
1.225
1.225
1.22501
1.22511
1.225
1.225
1.22501
1.22502
1.225
1.225
1.225
1.225
1.225
1.225
1.22501
1.225
1.225
1.225
1.22508
1.225
1.22504
1.22501
1.225
1.225
1.225
1.225
1.225
1.22506
1.225
1.225
1.225
1.22501
1.22513
1.22506
1.22503
1.225
1.225
1.225
1.225
1.225
1.225
1.225
1.225
1.22506
1.22502
1.225
1.225
1.225
1.22501
1.22508
1.225
1.225
1.225
1.225
1.225
1.22502
1.22501
1.225
1.225
1.225
1.225
1.225
1.225
1.225
1.225
1.225
1.225
1.225
1.22502
1.225
1.225
1.225
1.22501
1.225
1.225
1.225
1.225
1.22502
1.225
1.22501
1.225
1.225
1.225
1.22501
1.22507
1.225
1.225
1.225
1.225
1.225
1.225
1.225
1.225
1.225
1.225
1.225
1.22501
1.225
1.225
1.225
1.225
1.22501
1.22501
1.225
1.225
1.225
1.225
1.22501
1.225
1.225
1.225
1.225
1.225
1.225
1.225
1.225
1.225
1.225
1.225
1.225
1.225
1.225
1.225
1.225
1.225
1.225
1.225
1.225
1.22501
1.225
1.225
1.225
1.225
1.22501
1.225
1.225
1.225
1.225
1.225
1.22501
1.225
1.225
1.225
1.225
1.225
1.225
1.22501
1.225
1.225
1.225
1.225
1.225
1.225
1.225
1.225
1.225
1.225
1.225
1.225
1.225
1.225
1.225
1.225
1.225
1.225
1.225
1.225
1.225
1.225
1.225
1.225
1.225
1.225
1.225
1.225
1.225
1.225
1.225
1.225
1.225
1.225
1.225
1.225
1.225
1.225
1.225
1.225
1.225
1.225
1.225
1.225
1.225
1.225
1.225
1.225
1.225
1.225
1.225
1.225
1.225
1.225
1.225
1.225
1.225
1.225
1.225
1.225
1.225
1.225
1.225
1.225
1.225
1.225
1.225
1.225
1.225
1.225
1.225
1.225
1.225
1.225
1.225
1.225
1.225
1.225
1.225
1.225
1.225
1.225
1.225
1.225
1.225
1.225
1.225
1.225
1.225
1.225
1.225
1.225
1.225
1.225
1.225
1.225
1.225
1.225
1.225
1.225
1.225
1.225
1.225
1.225
1.225
1.225
1.225
1.225
1.225
1.225
1.225
1.225
1.225
1.225
1.225
1.225
1.225
1.225
1.225
1.225
1.225
1.225
1.225
1.225
1.225
1.225
1.225
1.225
1.225
1.225
1.225
2.36015
1.22521
2.93129
1.23618
1.22559
1.22926
1.22505
1.24733
1.39264
1.53817
1.2262
1.29359
1.22602
1.24331
1.6727
1.52111
2.76308
1.46802
1.79418
3.21758
1.73512
3.67095
2.96378
1.82126
2.89603
1.70193
1.88754
1.78512
2.16765
1.75105
2.43305
1.99938
1.95844
1.52435
1.571
1.65571
1.56375
1.61008
1.70983
1.49297
2.22309
1.61718
2.13476
1.88024
2.6275
1.97484
2.54707
2.03466
1.50407
2.01922
1.78031
2.37619
2.41379
1.76428
1.6064
1.94027
1.71535
1.62252
1.67589
1.79783
1.53617
1.59137
2.14671
2.43172
2.17281
2.49028
1.88184
2.73801
2.39607
2.58356
2.02882
1.86813
2.79525
2.16168
2.22257
2.94572
3.42552
2.89694
2.30229
3.17181
2.36457
3.04017
3.09146
2.65591
2.72784
2.19673
2.74356
2.82366
2.17327
2.98851
2.24309
2.7939
2.61791
2.93031
2.94714
2.97841
2.94166
2.91592
2.73495
2.59724
2.80546
2.30324
2.92637
3.12835
2.97382
3.10807
3.21579
2.27491
2.60261
3.03097
2.75292
3.00332
2.97679
2.62351
1.88931
2.90094
1.46472
2.56928
3.03695
2.87014
2.92062
2.53645
2.94045
3.05777
1.22623
1.225
1.38108
1.35557
1.41581
1.60648
1.23202
1.03212
1.7576
1.57431
1.15583
1.63038
1.61574
2.84578
2.82156
2.79116
2.40678
1.22665
1.95016
2.74266
1.22503
1.51638
1.37911
1.55322
1.57556
1.46066
1.44464
1.65051
1.4483
1.09327
1.31497
1.48197
1.35449
1.23146
1.59313
1.2833
1.40231
1.4104
1.45875
1.36704
1.35724
1.41831
1.03476
1.23373
1.21799
1.38968
1.1372
1.15443
1.36939
1.7517
2.09313
1.78312
1.66262
1.56719
1.51543
1.82704
1.67734
2.21459
2.15247
1.74505
1.50936
1.40595
1.83269
1.0673
1.40052
1.26496
1.61309
1.17294
1.28782
1.43303
1.46374
1.48786
1.56289
1.50499
1.38683
1.41729
1.44741
1.54318
2.02106
2.04954
1.6408
1.29301
1.31581
1.61569
1.32931
2.15195
1.66514
1.96869
1.90818
1.51105
2.54986
1.83316
2.14613
2.4569
1.95803
1.34515
1.49894
1.70771
2.26464
3.09803
2.86439
2.41865
2.3433
1.7994
2.91411
2.9904
3.03138
2.16883
2.76041
3.02431
2.5569
2.98909
1.99027
5.04924
3.58444
1.26503
1.22521
1.225
1.225
1.56652
3.47561
2.76296
2.25429
1.91266
3.04273
3.42057
1.81892
2.13909
1.72571
3.70269
1.98001
3.04766
2.05541
2.7384
1.2681
1.22501
1.225
1.225
1.225
1.225
1.225
5.6688
4.72308
5.61691
1.88543
1.22848
1.3008
1.23006
1.2262
1.225
1.225
1.225
1.225
1.225
1.225
1.225
1.225
1.225
1.225
2.49859
2.78527
3.35249
3.49793
2.98457
3.45581
2.31667
2.93127
1.87932
1.99939
2.19234
3.10993
3.25201
2.0553
3.08724
3.51093
3.58903
3.75831
3.42101
3.71199
3.69881
2.33105
4.0275
2.9796
2.64316
4.03408
3.69379
3.46774
5.17877
5.3732
5.70124
5.76216
3.55534
3.94816
5.40135
6.01736
6.30982
5.66495
6.0819
3.35721
3.08708
3.27792
1.28548
3.85814
1.92143
2.07728
4.1675
3.48588
3.40071
3.6597
3.9635
3.9279
3.4104
2.80253
1.44594
1.62865
2.48181
3.23218
3.10582
2.96452
3.25215
2.55116
2.86349
3.07262
4.24679
5.86085
4.0737
2.18389
1.23841
1.25194
2.74291
3.23278
1.45645
1.65353
1.58718
1.31531
2.09097
1.2491
2.9528
3.06093
2.9811
2.73973
2.16369
2.96463
1.63936
1.291
1.22515
1.22527
1.22534
1.22873
1.23182
1.61013
2.19857
1.32031
1.25035
1.22501
1.22501
1.22517
1.22502
1.22502
1.22502
1.225
1.22544
1.225
1.225
1.225
1.225
1.225
1.225
1.225
1.225
1.225
1.225
1.225
1.225
1.225
1.225
1.225
1.225
1.225
1.6601
1.456
1.51985
1.81952
1.54794
1.65051
1.69593
1.7224
2.01607
2.37307
2.17285
2.45303
1.94028
2.92103
2.70312
2.08276
2.72545
3.42236
2.79258
3.50653
2.78417
2.60843
1.94459
2.54456
3.11324
2.58129
2.64904
2.97032
2.07311
1.71433
2.31703
2.16475
1.84959
2.52882
1.91641
2.86611
2.63182
2.36214
3.04935
2.66797
2.98356
2.88606
3.43307
3.88414
3.62451
3.77403
3.53369
3.91864
3.16252
3.04457
3.56555
2.60051
2.74405
3.69537
3.15211
3.49681
2.94077
3.11395
2.97564
3.08424
2.75496
2.92027
3.09991
1.225
1.225
1.225
1.225
1.225
1.34686
1.22577
1.74143
3.03325
2.77888
2.33591
2.2515
3.02611
1.3533
1.5185
1.85554
2.98498
2.92672
2.71728
2.19397
1.29643
1.26977
1.25005
1.76399
1.38939
2.56507
1.53737
1.238
1.55101
1.26908
1.92086
1.2794
1.22747
1.6131
1.24626
1.28144
1.91866
2.83622
2.04513
1.66854
1.22949
1.3283
1.25617
1.69123
1.24755
1.34157
1.22524
1.23132
1.22976
1.2366
1.25637
1.2276
1.2294
1.22605
1.22537
1.22508
1.22501
1.2253
1.22921
1.32037
1.23025
1.22537
1.23254
1.225
1.2251
1.22593
1.22508
1.22739
1.24503
1.22573
1.22505
1.22502
1.22582
1.231
1.22543
1.22518
1.22501
1.225
1.225
2.52994
1.2492
0.5795
1.5151
1.45982
1.07794
2.48709
1.59207
0.722918
0.823521
0.922586
0.929224
1.02184
1.09729
1.15103
0.987511
1.27291
1.16471
0.878227
1.01466
1.0963
1.1999
1.0456
1.29435
1.10509
1.50267
1.26638
1.30898
1.56797
1.21384
1.57715
1.26414
1.68642
1.3416
1.38653
1.77289
1.21771
1.8601
1.4795
1.35691
1.15339
1.37067
1.67632
1.41788
1.86963
2.14169
1.68556
1.32221
1.45865
1.91896
1.92976
2.02477
1.542
1.61089
2.63605
2.14316
2.04822
2.91413
1.93623
2.55552
1.73274
2.77723
2.32134
2.23574
1.28328
2.66087
2.90143
2.588
2.71489
1.22984
2.55194
2.97993
1.94481
2.05565
1.53011
1.59612
2.16541
2.05927
2.67871
2.93554
1.8863
2.48858
1.70522
2.33358
2.24094
2.8043
2.8898
2.91846
2.53188
2.94809
2.63564
2.96092
2.81449
2.8655
2.91929
2.67401
2.85805
2.74145
2.94275
2.53776
1.91657
2.93136
2.90947
2.82582
2.83614
2.95579
2.29278
2.27141
2.92745
2.95947
2.98537
2.77824
2.99822
2.6443
2.02545
1.81646
2.83806
2.75298
1.25837
1.63264
1.80022
1.33747
2.19019
1.30256
2.56815
1.2396
1.43254
1.53278
1.22504
1.225
1.225
1.22501
1.22516
1.22502
1.225
1.225
1.225
1.225
1.22513
1.22503
1.22501
1.225
0.485528
0.574732
1.2734
1.09414
0.869191
1.1363
1.20413
1.39193
0.579053
0.958425
0.825917
0.783764
1.15879
0.916174
1.03112
0.495226
0.839076
0.801196
0.760345
0.976057
0.800195
0.976464
0.725026
1.00004
0.915481
0.956835
1.00831
0.873988
1.08739
1.16643
1.46739
1.37309
1.00421
1.30053
1.12572
1.1855
1.07705
1.28509
1.2602
0.949858
1.09308
0.950044
1.11087
0.986182
1.32735
1.12303
1.06934
1.4993
1.25016
1.24042
1.10681
1.3045
1.44442
1.0547
1.12389
0.979903
1.22671
1.71489
2.21867
1.71752
1.19522
1.77152
1.43033
1.42632
1.41604
1.45183
2.34596
1.45952
2.97003
3.60177
1.50715
3.02328
4.38723
4.60681
3.50615
3.71638
5.3733
6.384
5.54768
5.06051
2.50165
1.70544
1.8047
1.63107
1.98956
2.113
1.55722
2.07917
3.60872
2.51042
1.83374
2.95969
2.47351
2.09657
5.33834
6.18245
5.17418
4.34762
3.90757
2.76069
2.71458
2.09177
3.16246
2.17722
2.99368
3.19372
2.58108
2.5173
1.97107
2.66113
2.75635
1.93367
3.94066
4.36924
4.10079
4.39905
0.91908
1.30489
1.3385
1.37685
1.20205
0.774372
1.14954
1.16652
1.3082
1.10313
1.32704
0.982579
1.32342
1.13489
1.10186
1.33372
1.23791
1.30812
1.37532
1.47846
1.5227
1.2958
1.40413
1.26983
1.40083
1.30979
1.36809
1.39055
1.21345
1.3478
1.32544
1.32291
1.35967
1.37899
1.46178
1.48483
1.54922
1.39884
1.43929
1.70485
1.63559
1.36327
1.72144
2.09233
1.65009
2.04661
1.57884
1.50221
1.69563
1.72959
1.56635
1.70767
1.97644
1.53914
1.27708
1.25165
1.55128
1.95342
1.51702
1.91865
0.152602
0.206612
0.155343
0.942062
0.446584
0.666926
1.21901
0.94386
0.139037
0.210744
0.247231
0.219124
0.257148
0.455928
0.546854
0.141347
0.265467
0.215974
0.287024
0.226967
0.461855
0.540029
0.539126
0.900829
0.770282
1.11664
0.996387
0.76944
0.896913
0.395827
0.648051
0.421565
0.670995
0.448911
0.845715
0.693814
0.793534
0.940023
0.746632
0.529387
0.451075
0.746886
0.793645
0.893478
0.98929
0.848234
1.00832
0.866915
0.955387
1.09117
0.865809
1.04758
0.972904
0.842685
0.687529
0.941469
0.864502
1.04932
1.18391
1.41125
1.07966
0.948739
1.04629
1.21508
1.36053
1.70302
1.37473
2.22384
1.27543
2.18364
1.25955
2.0197
0.88288
1.31897
1.15209
0.724528
1.08814
1.25645
1.2828
1.15178
1.08392
1.20619
1.30291
1.09194
1.29758
0.959129
1.08975
1.30273
1.46673
1.29131
1.37557
1.51608
1.27119
1.39182
1.40395
1.46593
1.37141
1.16697
1.1313
1.00702
1.3083
1.18929
1.33521
1.3085
1.38322
1.31967
1.21342
1.33828
1.31991
1.28309
1.09423
0.952104
1.07765
0.951612
1.11303
1.09634
2.29231
1.75074
1.66822
1.83958
1.51539
1.742
1.40835
1.61781
1.4384
1.4935
1.37428
1.40591
1.46925
1.53924
1.93268
1.62468
1.74925
1.50309
1.69782
1.8477
1.56704
2.05232
1.53539
1.56403
1.63288
1.31562
1.61171
1.29476
1.31756
0.206145
0.37371
0.563648
0.358113
0.582447
0.376048
0.888183
0.736288
0.719841
1.30484
0.823864
1.30524
0.835167
0.961583
1.29755
1.225
1.22501
1.225
1.22501
1.22521
1.22501
1.225
1.225
1.225
1.225
1.225
1.225
1.22502
1.225
1.225
1.225
1.225
1.225
1.225
1.225
1.225
1.225
1.225
1.225
1.225
1.225
1.225
1.225
2.46222
1.92368
1.28134
0.746959
2.1721
2.74091
0.997393
2.00525
0.628675
0.879986
1.02475
0.972453
1.10062
1.2007
1.25082
0.884166
1.37495
1.2374
1.11675
1.05204
1.17294
1.30272
1.08894
1.32773
1.14394
1.631
1.37305
1.42234
1.70334
1.39549
1.97588
1.44705
2.15563
1.5759
1.63136
2.21511
2.45603
1.85123
1.60195
2.05489
1.51086
1.71683
2.31276
1.61096
1.26568
1.49593
1.39196
1.19773
1.49422
1.81991
2.7456
2.25195
1.84909
1.92559
2.78728
2.52706
2.3421
2.87362
2.65394
2.2203
2.04565
2.84087
2.62535
2.47925
)
;

boundaryField
{
    ground
    {
        type            calculated;
        value           nonuniform List<scalar> 
451
(
1.66049
3.13416
1.50765
2.61268
2.5464
2.23599
1.9308
1.97042
1.65436
2.06965
1.66549
1.50084
1.41537
1.38494
1.46308
1.42548
1.4915
1.56434
1.38997
1.42705
1.40821
1.84083
2.11659
1.94613
1.41983
1.225
1.22501
1.225
1.225
1.225
1.225
1.225
1.225
1.22503
1.22544
1.85605
1.31893
1.32866
1.48688
1.225
1.225
1.225
1.225
1.225
1.225
1.225
1.225
1.225
1.225
1.225
1.225
1.225
1.225
1.225
1.225
1.225
1.225
1.225
1.225
1.225
1.225
1.225
1.225
1.225
1.225
1.225
1.225
1.225
1.225
1.225
1.225
1.225
1.52573
1.42266
1.35719
1.225
2.01518
1.99192
1.27548
1.30803
2.22735
1.22828
1.22681
1.22757
1.22904
2.29812
1.32429
1.28638
2.27417
3.09525
2.24393
2.7569
2.348
2.17289
2.49991
2.84993
3.09886
1.225
1.225
1.225
1.225
1.225
1.225
1.225
1.24395
1.225
1.225
1.225
1.225
1.22915
1.225
1.225
1.225
1.225
1.67045
2.97283
1.70985
1.225
1.225
1.225
1.225
1.225
1.225
1.225
1.225
1.225
1.225
1.225
1.225
1.22555
1.22732
1.2918
1.225
1.225
1.225
1.225
1.225
1.225
1.225
1.225
1.22625
1.22503
1.22511
1.225
1.225
1.225
1.225
1.225
1.225
1.22506
1.22501
1.22571
1.22523
1.42876
1.23289
1.24781
1.225
1.225
1.225
1.225
1.225
1.225
1.225
1.225
1.225
1.225
1.225
1.225
1.225
1.225
1.225
1.225
1.225
1.225
1.225
1.225
1.225
1.225
1.225
1.225
1.225
2.74851
1.22506
1.34463
3.45175
1.225
1.225
1.22737
1.25626
1.22576
4.68238
4.02319
3.45297
1.22501
2.52963
2.07594
1.26858
1.225
1.225
1.225
1.225
1.225
1.225
2.02502
1.68918
1.98512
1.33064
1.33435
1.35955
1.37072
1.35085
1.38083
1.49794
1.65162
2.04949
1.30923
1.40077
3.03849
2.25934
2.47698
4.02619
4.71397
3.03778
1.9977
1.32818
1.32552
1.31222
1.3797
1.34734
1.35398
1.44642
1.56502
1.67867
1.6567
1.54722
1.43799
1.32584
1.3013
1.35563
1.3064
1.30713
1.32543
1.32267
1.32114
1.33122
1.31629
1.34163
1.33854
1.33647
1.31507
1.32637
1.30821
1.85798
1.72632
1.93556
2.59844
2.4683
2.14997
1.97526
1.71221
1.90102
2.30601
2.86684
2.72518
1.225
1.225
1.225
1.225
1.225
1.225
1.225
1.225
1.225
2.09022
1.47099
1.50643
1.95006
1.86384
2.06748
2.09808
1.98325
3.13876
2.97569
3.09284
3.20966
3.03026
2.43703
3.19717
3.24482
2.67779
2.18163
3.18329
2.97743
1.225
1.225
1.225
1.225
1.225
1.225
1.225
1.225
1.225
1.225
1.225
1.225
1.225
1.225
1.225
1.225
1.225
1.225
1.225
1.225
1.225
1.225
1.31267
1.36872
1.42775
1.36755
1.33912
1.35605
1.38505
1.32885
1.34053
1.32259
1.4038
1.37816
1.40118
1.38359
1.36289
1.34912
1.2364
1.22565
1.23787
1.225
1.225
1.225
1.225
1.225
1.225
1.225
1.225
1.225
1.225
1.225
1.225
1.225
1.225
1.225
1.225
1.225
1.225
1.22528
1.22502
1.2258
1.23837
1.23117
1.225
1.22501
1.225
1.225
1.225
1.225
1.225
1.225
1.22503
1.225
1.225
1.225
1.225
1.225
1.225
1.225
1.225
1.225
1.22558
1.22503
1.225
1.225
1.225
1.22506
1.571
1.79418
1.61008
1.49297
1.46802
1.6064
1.53617
1.67589
1.41581
1.35557
1.40231
1.41831
1.36704
1.38683
1.44741
1.48786
1.99027
5.04924
3.47561
2.76296
1.456
5.17877
5.6688
3.35249
2.31667
2.78527
1.87932
2.0553
3.10993
5.70124
1.54794
1.69593
1.56652
2.31703
1.91641
1.71433
1.32342
1.39884
4.38723
2.34596
3.50615
1.98956
1.55722
1.70544
1.36809
1.33372
1.30812
1.30489
1.3385
1.32291
1.3478
1.48483
1.41604
1.35967
1.46925
1.31967
1.30291
1.29758
1.30273
1.31897
1.33521
1.36053
1.33828
1.37428
1.4384
1.61781
1.31756
1.30524
1.29755
1.30484
)
;
    }
    outlet
    {
        type            calculated;
        value           nonuniform List<scalar> 
156
(
1.225
1.225
1.225
1.225
1.225
1.225
1.225
1.225
1.225
1.225
1.225
1.225
1.225
1.225
1.225
1.225
1.225
1.225
1.225
1.225
1.225
1.225
1.225
1.225
1.225
1.225
1.225
1.225
1.225
1.225
1.225
1.225
1.225
1.225
1.225
1.225
1.225
1.225
1.225
1.225
1.225
1.225
1.225
1.225
1.225
1.225
1.225
1.225
1.225
1.225
1.225
1.225
1.225
1.225
1.225
1.225
1.225
1.225
1.225
1.225
1.225
1.225
1.225
1.225
1.225
1.225
1.225
1.225
1.225
1.225
1.225
1.225
1.225
1.225
1.225
1.225
1.225
1.225
1.225
1.225
1.225
1.225
1.225
1.225
1.225
1.225
1.225
1.225
1.225
1.225
1.225
1.225
1.225
1.225
1.225
1.225
1.225
1.225
1.225
1.225
1.225
1.225
1.225
1.225
1.225
1.225
1.225
1.225
1.225
1.225
1.225
1.225
1.225
1.225
1.225
1.225
1.225
1.225
1.225
1.225
1.225
1.225
1.225
1.225
1.225
1.225
1.225
1.225
1.225
1.225
1.225
1.225
1.225
1.225
1.225
1.225
1.225
1.225
1.225
1.225
1.225
1.225
1.225
1.225
1.225
1.225
1.225
1.225
1.225
1.225
1.225
1.225
1.225
1.225
1.225
1.225
)
;
    }
    wall
    {
        type            calculated;
        value           nonuniform List<scalar> 
430
(
3.95209
2.07489
2.92358
1.33112
3.54476
3.72774
1.98725
3.14209
1.2251
1.225
1.225
1.225
1.225
1.225
1.225
1.225
4.63308
3.31286
1.30363
1.225
1.24505
1.225
1.225
1.225
1.225
1.225
1.225
1.225
1.225
1.225
1.225
1.225
1.22576
1.22531
4.68238
3.68962
1.23777
4.02319
1.25626
1.225
1.69033
1.22797
1.225
1.24477
1.22501
1.225
1.22694
1.23278
1.22506
1.225
1.22527
1.225
1.225
1.225
1.225
1.225
1.225
1.225
1.225
1.22504
1.225
4.46529
2.66584
1.22664
1.48978
1.22512
1.225
1.2626
1.22642
1.225
1.22573
1.225
1.225
1.22503
1.2253
1.22501
1.225
1.225
1.225
1.225
1.225
1.225
1.22501
1.22501
1.225
1.225
1.225
1.225
1.225
1.225
1.225
1.225
1.225
1.225
1.225
1.225
1.225
1.225
1.225
1.225
2.39155
1.63818
3.85063
4.2215
5.18328
1.91017
3.53354
3.16034
1.27559
1.40727
2.04951
2.71103
1.22588
1.23368
1.43742
1.24894
1.225
1.22506
1.22509
1.22674
1.225
1.225
1.225
1.225
1.225
1.225
1.70244
1.22501
1.225
1.22501
1.22521
1.22737
1.26793
1.225
1.225
4.79449
4.8813
4.71397
4.24707
4.02619
5.07786
4.93025
5.36378
3.2444
3.03778
4.57182
5.12462
3.29266
3.57427
3.88469
4.74848
3.99107
3.7376
2.68708
1.31969
1.22537
1.23262
1.23018
1.225
1.225
1.225
1.225
1.225
1.225
1.225
1.225
1.225
1.225
1.225
1.225
1.225
1.225
1.225
1.225
1.225
1.225
1.225
1.225
1.225
1.225
1.225
1.225
1.225
1.225
1.225
1.225
1.225
1.225
1.225
1.225
1.225
1.225
1.225
1.225
1.225
1.225
1.225
1.225
1.225
1.225
1.225
1.225
1.225
1.225
1.225
1.225
1.225
1.225
1.225
1.225
1.225
1.225
1.225
1.225
1.225
1.225
1.225
1.225
1.225
1.225
1.225
1.225
1.225
1.225
1.225
1.225
1.225
1.225
1.225
1.225
1.225
1.225
1.225
1.225
1.225
1.225
1.225
1.225
1.225
1.225
1.225
1.225
1.225
1.225
1.225
1.225
1.225
1.225
1.225
1.225
1.225
1.225
1.225
1.225
1.225
1.225
1.225
1.225
1.225
1.225
1.225
1.225
1.22535
1.22502
1.225
1.23201
1.22502
1.225
1.29434
1.22888
1.22545
1.225
1.225
1.225
1.225
1.225
1.225
1.225
1.225
1.225
1.225
1.225
1.225
1.225
1.225
1.225
1.225
1.225
1.225
1.225
1.225
1.225
1.225
1.225
1.225
1.225
1.225
1.225
1.225
1.225
1.225
1.225
1.225
1.225
1.225
1.225
1.225
1.225
1.225
1.225
1.225
1.225
1.225
1.225
1.225
1.225
1.225
1.225
1.225
1.225
1.225
1.225
1.225
1.225
1.225
1.225
1.225
1.225
1.225
1.225
1.225
1.225
1.225
1.225
1.225
1.225
1.225
1.225
1.225
1.225
1.225
1.225
1.225
1.225
1.225
1.225
1.225
1.225
1.225
1.225
1.225
1.225
1.225
1.225
1.225
1.225
1.225
1.225
1.225
1.225
1.22521
1.22559
1.22505
1.2262
5.04924
1.26503
1.225
1.81892
1.225
1.225
5.6688
4.72308
1.88543
1.22848
1.23006
1.225
1.225
5.70124
3.55534
3.94816
5.66495
4.0737
1.23841
1.45645
1.32031
1.22501
1.22501
1.225
1.225
5.3732
6.30982
4.24679
2.74291
1.61013
5.61691
1.3008
1.2262
1.225
5.17877
5.76216
5.40135
6.01736
6.0819
5.86085
2.18389
1.25194
3.23278
1.65353
2.19857
1.25035
1.22517
1.225
1.225
1.225
3.50615
5.54768
5.17418
4.10079
4.60681
5.3733
6.18245
3.94066
4.38723
3.71638
6.384
5.06051
5.33834
4.34762
4.36924
4.39905
)
;
    }
    wall2
    {
        type            calculated;
        value           nonuniform List<scalar> 
226
(
3.06119
3.08242
1.29738
2.17193
1.225
1.225
1.22504
1.22503
1.225
1.225
1.225
1.225
1.9308
1.82053
1.90695
1.7027
1.66515
1.85386
1.98556
1.86945
1.57965
1.57833
2.67502
2.18608
1.22507
1.225
1.22515
1.225
1.22504
1.225
1.225
1.22502
1.225
1.225
1.22501
1.225
1.225
1.225
1.225
1.225
1.225
1.225
1.225
1.225
1.225
1.225
1.225
1.225
1.31149
1.48688
1.53662
1.32866
1.22676
1.30722
1.22892
1.26142
1.22508
1.23173
1.22529
1.22709
1.225
1.225
1.225
1.225
1.27889
1.48963
1.62501
1.24232
1.22617
1.23997
1.24956
1.22568
1.22501
1.22505
1.22541
1.225
1.225
1.225
1.225
1.225
1.22501
1.32984
1.22523
1.225
1.225
1.225
1.22524
1.225
1.22501
2.10648
2.94594
2.22017
1.23072
1.22968
1.33016
1.225
1.23005
1.29778
1.22818
1.22519
3.59943
3.09273
2.67628
1.46089
2.17289
2.45285
3.45751
2.94312
2.57099
2.80731
2.31221
1.84113
2.0792
2.83215
2.84396
2.45256
2.68264
2.7319
1.80388
3.17527
2.74474
2.52331
2.51412
1.25963
1.68918
3.31348
2.46258
1.88285
2.97648
2.71538
2.32196
1.93509
2.20236
1.57631
1.50643
1.55935
2.46415
2.01441
1.76001
2.39541
2.02573
1.85024
2.23424
1.72976
1.73492
1.47099
1.94625
2.58943
1.23406
1.2258
1.22549
1.23837
1.22877
1.22503
1.22516
1.22582
1.225
1.22503
1.22502
1.225
1.225
1.225
1.225
1.225
1.225
1.225
1.225
1.225
1.225
1.225
1.225
1.225
1.225
1.225
1.225
1.225
1.225
1.225
1.22501
1.225
1.225
1.225
1.225
1.225
1.225
1.225
1.225
1.225
1.225
1.225
1.225
1.225
1.225
1.225
1.225
1.225
1.225
1.225
1.225
1.225
1.225
1.225
1.225
1.225
1.225
1.225
1.225
1.225
1.225
1.225
1.225
1.225
1.225
1.225
1.225
1.225
1.225
1.225
1.225
1.225
1.225
1.225
1.225
1.225
1.225
1.225
)
;
    }
    wall3
    {
        type            calculated;
        value           nonuniform List<scalar> 
530
(
1.225
1.225
1.225
1.225
1.225
1.225
1.225
1.225
1.225
1.225
1.225
1.225
1.225
1.225
1.225
1.225
1.225
1.225
1.22501
1.225
1.225
1.225
1.225
1.225
1.225
1.225
1.225
1.225
1.225
1.225
1.225
1.225
1.225
1.22501
1.225
1.225
1.225
1.225
1.225
1.225
1.225
1.225
1.225
1.225
1.225
1.225
1.225
1.225
1.225
1.225
1.225
1.225
1.225
1.225
1.225
1.225
1.225
1.225
1.225
1.225
1.225
1.225
1.225
1.225
1.225
1.225
1.225
1.225
1.225
1.225
1.225
1.225
1.225
1.225
1.225
1.225
1.225
1.225
1.225
1.225
1.225
1.225
1.225
1.225
1.225
1.225
1.225
1.225
1.225
1.225
1.225
1.225
1.225
1.225
1.225
1.225
1.225
1.225
1.225
1.225
1.225
1.225
1.225
1.225
1.225
1.225
1.225
1.225
1.225
1.225
1.225
1.225
1.225
1.22656
1.22696
1.22529
1.22538
1.225
1.225
1.225
1.225
1.225
1.225
1.225
1.225
1.225
1.225
1.225
1.225
1.225
1.225
1.225
1.225
1.225
1.225
1.225
1.22681
1.22757
1.22501
1.22503
1.225
1.225
1.225
1.225
1.225
1.225
1.225
1.225
1.225
1.225
1.225
1.22828
1.22584
1.22904
1.22627
1.22515
1.22503
1.22526
1.22504
1.225
1.225
1.225
1.225
1.225
1.225
1.225
1.225
1.225
1.225
1.225
1.225
1.225
1.225
1.225
1.225
1.225
1.225
1.225
1.225
1.225
1.225
1.225
1.225
1.225
1.225
1.225
1.225
1.225
1.225
1.225
1.225
1.225
1.225
1.225
1.225
1.225
1.225
1.225
1.225
1.225
1.225
1.225
1.225
1.225
1.225
1.225
1.225
1.225
1.225
1.225
1.225
1.225
1.225
1.225
1.225
1.225
1.225
1.225
1.225
1.225
1.225
1.225
1.22503
1.2251
1.225
1.22502
1.225
1.225
1.225
1.225
1.225
1.225
1.225
1.225
1.225
1.225
1.225
1.225
1.225
1.225
1.225
1.225
1.225
1.225
1.225
1.225
1.225
1.225
1.225
1.225
1.225
1.225
1.225
1.225
1.225
1.225
1.225
1.225
1.225
1.225
1.225
1.225
1.225
1.225
1.225
1.225
1.225
1.225
1.225
1.225
1.225
1.225
1.225
1.225
1.225
1.225
1.225
1.225
1.225
1.225
1.225
1.225
1.225
1.225
1.225
1.225
1.225
1.225
1.225
1.225
1.225
1.225
1.225
1.225
1.225
1.225
1.225
1.225
1.225
1.225
1.225
1.225
1.225
1.225
1.225
1.225
1.225
1.225
1.225
1.225
1.225
1.225
1.225
1.225
1.225
1.225
1.225
1.225
1.225
1.225
1.225
1.225
1.225
1.22501
1.22571
1.225
1.225
1.225
1.225
1.225
1.225
1.225
1.225
1.225
1.225
1.225
1.225
1.225
1.225
1.225
1.225
1.225
1.225
1.225
1.225
1.225
1.225
1.225
1.225
1.225
1.225
1.225
1.225
1.225
1.225
1.225
1.225
1.225
1.225
1.225
1.225
1.225
1.225
1.225
1.225
1.225
1.225
1.225
1.225
1.225
1.225
1.225
1.225
1.225
1.22506
1.22501
1.22523
1.22532
1.225
1.225
1.22506
1.225
1.225
1.225
1.225
1.225
1.225
1.225
1.225
1.225
1.225
1.225
1.225
1.225
1.225
1.225
1.225
1.225
1.225
1.225
1.225
1.225
1.225
1.225
1.225
1.225
1.225
1.225
1.225
1.225
1.225
1.225
1.225
1.225
1.225
1.225
1.225
1.225
1.225
1.225
1.225
1.225
1.225
1.225
1.225
1.225
1.225
1.225
1.225
1.225
1.225
1.225
1.225
1.225
1.225
1.225
1.225
1.225
1.225
1.225
1.225
1.225
1.225
1.225
1.225
1.225
1.225
1.225
1.225
1.225
1.225
1.225
1.225
1.225
1.225
1.225
1.225
1.225
1.225
1.225
1.225
1.225
1.225
1.225
1.225
1.225
1.225
1.225
1.225
1.225
1.225
1.225
1.225
1.225
1.225
1.225
1.225
1.225
1.225
1.225
1.225
1.225
1.225
1.225
1.225
1.225
1.225
1.225
1.225
1.225
1.225
1.225
1.225
1.225
1.225
1.225
1.225
1.225
1.225
1.225
1.225
1.225
1.225
1.225
1.225
1.225
1.225
1.225
1.225
1.225
1.225
1.225
1.225
1.225
1.225
1.225
1.225
1.225
1.225
1.225
1.225
1.225
1.225
1.225
1.225
1.225
1.225
1.225
1.225
1.225
)
;
    }
    internalPatch
    {
        type            internal;
    }
    procBoundary1to0
    {
        type            processor;
        value           nonuniform List<scalar> 
401
(
1.225
1.225
1.225
1.225
1.225
1.225
1.225
1.225
1.225
1.225
1.225
1.225
1.225
1.225
1.225
1.225
1.225
1.225
1.225
1.225
1.225
1.225
1.225
1.225
1.225
1.225
1.225
1.225
1.225
1.225
1.225
1.225
1.225
1.225
1.225
1.225
1.225
1.225
1.225
1.225
1.225
1.225
1.225
1.225
1.225
1.225
1.225
1.225
1.225
1.225
1.225
1.225
1.225
1.225
1.225
1.225
1.225
1.22505
1.22523
1.22574
1.22686
1.22851
1.30194
2.06177
2.84353
2.8727
2.58034
2.22495
1.99177
2.08628
2.23291
2.4383
2.67185
2.58818
2.64548
2.82976
2.99717
2.75284
2.19376
1.83431
1.70892
1.77369
1.90029
2.11669
2.45697
2.90313
3.29615
3.38011
3.10726
2.50253
1.5797
1.25524
1.2265
1.22513
1.22505
1.22502
1.22501
1.225
1.225
1.225
1.225
1.225
1.225
1.225
1.225
1.225
1.225
1.225
1.225
1.225
1.225
1.225
1.225
1.225
1.225
1.225
1.225
1.225
1.225
1.225
1.225
1.225
1.225
1.225
1.225
1.225
1.225
1.225
1.225
1.225
1.225
1.225
1.225
1.225
1.225
1.225
1.225
1.225
1.225
1.225
1.225
1.225
1.225
1.225
1.225
1.225
1.225
1.225
1.225
1.225
1.225
1.225
1.225
1.225
1.225
1.225
1.225
1.225
1.225
1.225
1.225
1.225
1.225
1.225
1.225
1.225
1.225
1.225
1.225
1.225
1.225
1.225
1.225
1.225
1.225
1.225
1.225
1.225
1.225
1.225
1.225
1.225
1.225
1.225
1.22501
1.22527
1.22644
1.23086
1.24336
1.26782
1.82488
2.75481
2.90249
2.67327
2.3284
2.4853
2.67251
2.82197
2.86617
2.83554
2.81392
2.89966
3.15943
3.40509
3.08201
2.36199
1.9202
2.0698
2.31265
2.67728
3.09018
3.35328
3.25188
2.77172
1.61899
1.25129
1.22752
1.2259
1.22545
1.22516
1.22504
1.22501
1.225
1.225
1.225
1.225
1.225
1.225
1.225
1.225
1.225
1.225
1.225
1.225
1.225
1.225
1.225
1.225
1.225
1.225
1.225
1.225
1.225
1.225
1.225
1.225
1.225
1.225
1.225
1.225
1.225
1.225
1.225
1.225
1.22503
1.22586
1.23097
1.25521
1.33732
1.54208
2.55467
2.91058
2.78879
2.87359
2.8801
2.70638
2.09348
2.6709
2.84075
2.91139
3.03734
3.37436
3.71489
3.4042
2.60772
2.93081
3.24951
3.43724
3.38118
2.8305
1.56294
1.26557
1.24024
1.23269
1.22794
1.2257
1.22787
1.22787
1.22787
1.22501
1.225
1.225
1.225
1.225
1.225
1.225
1.225
1.225
1.225
1.22509
1.22678
1.24035
1.31901
1.63681
2.14851
2.84172
2.57526
1.96626
1.40515
1.24885
1.42339
1.95881
2.46158
2.7318
2.96031
3.36635
3.79891
3.62182
3.66725
3.49863
2.72267
1.66642
1.41262
1.3238
1.26581
1.23568
1.22671
1.22787
1.22787
1.22516
1.22501
1.225
1.225
1.225
1.22501
1.22515
1.22726
1.24667
1.34433
1.6232
1.95221
2.25676
2.78764
3.58461
1.225
1.225
1.225
1.225
1.225
1.225
1.225
1.225
1.225
1.225
1.225
1.225
1.225
1.225
1.225
1.225
1.225
1.225
1.225
1.225
1.225
1.225
1.225
1.225
1.225
1.225
1.225
1.225
1.225
1.225
1.225
1.225
1.225
1.225
1.225
1.225
1.225
1.225
1.225
1.225
1.225
1.225
1.225
1.225
1.225
1.225
1.225
1.225
1.225
1.225
1.225
1.225
1.225
1.225
1.225
1.225
1.225
)
;
    }
    procBoundary1to2
    {
        type            processor;
        value           nonuniform List<scalar> 
446
(
1.225
1.225
1.225
1.225
1.225
1.225
1.225
1.225
1.225
1.225
1.225
1.225
1.22501
1.22538
1.23497
1.43087
2.29108
2.59237
2.27239
1.63496
1.06145
0.570372
0.246041
0.141813
0.118433
0.135764
0.143428
0.145601
0.149293
0.1516
0.151959
0.187812
0.288763
0.632109
1.4074
1.42566
1.43896
1.45518
1.52225
1.66993
2.33007
3.09206
4.36472
3.97596
3.80517
3.72913
3.5224
3.1432
2.82565
2.80498
2.92003
3.14208
3.50194
4.05488
4.634
4.69396
3.91172
2.01377
1.2668
1.22609
1.22609
1.22589
1.22502
1.225
1.225
1.225
1.225
1.225
1.225
1.225
1.225
1.225
1.225
1.225
1.225
1.225
1.225
1.225
1.225
1.225
1.225
1.225
1.225
1.225
1.225
1.225
1.225
1.225
1.225
1.225
1.225
1.225
1.225
1.225
1.225
1.225
1.225
1.225
1.225
1.225
1.225
1.225
1.225
1.225
1.225
1.225
1.225
1.225
1.225
1.225
1.225
1.225
1.225
1.225
1.225
1.225
1.225
1.225
1.225
1.225
1.225
1.225
1.225
1.225
1.225
1.225
1.225
1.225
1.225
1.225
1.22501
1.22519
1.23023
1.3415
2.14583
2.59307
2.37294
1.78553
1.229
0.758549
0.357723
0.168786
0.121785
0.125869
0.140707
0.14296
0.145459
0.147508
0.148209
0.186044
0.291241
0.638481
0.644194
0.657024
0.718692
0.931328
1.75131
2.69196
2.63015
2.50504
2.19254
1.81336
1.57518
1.57746
1.69651
1.87037
2.04744
2.27239
2.59562
2.96581
3.04008
2.70649
1.55466
1.23909
1.22644
1.22508
1.22508
1.22507
1.225
1.225
1.225
1.225
1.225
1.225
1.225
1.225
1.225
1.225
1.225
1.225
1.225
1.225
1.225
1.225
1.225
1.225
1.225
1.225
1.225
1.225
1.225
1.225
1.225
1.225
1.225
1.225
1.225
1.225
1.225
1.225
1.225
1.225
1.225
1.225
1.225
1.225
1.225
1.225
1.225
1.225
1.225
1.225
1.225
1.225
1.225
1.225
1.225
1.225
1.225
1.225
1.225
1.225
1.225
1.225
1.225
1.225
1.225
1.225
1.225
1.225
1.225
1.225
1.225
1.22507
1.22722
1.2784
1.91327
2.58438
2.50337
1.9775
1.39837
0.980415
0.562268
0.243281
0.137767
0.114654
0.134033
0.141026
0.143743
0.145873
0.148283
0.189149
0.29452
0.290648
0.322816
0.561908
1.46834
1.17147
0.885997
0.689465
0.617422
0.651032
0.794197
1.07065
1.3071
1.45378
1.65531
2.12078
2.70513
2.88086
2.28692
1.33073
1.22907
1.22546
1.22504
1.225
1.225
1.225
1.225
1.225
1.225
1.225
1.225
1.225
1.225
1.225
1.225
1.225
1.225
1.225
1.225
1.225
1.225
1.225
1.225
1.225
1.225
1.225
1.225
1.225
1.225
1.225
1.225
1.225
1.225
1.225
1.225
1.225
1.225
1.225
1.225
1.225
1.225
1.225
1.225
1.225
1.225
1.225
1.225
1.225
1.225
1.225
1.225
1.225
1.225
1.225
1.225
1.225
1.225
1.225
1.225
1.22501
1.22502
1.22571
1.24478
1.61385
2.52313
2.64941
2.22264
1.60188
1.18008
0.810396
0.431191
0.191561
0.128219
0.117027
0.128342
0.132868
0.135987
0.138545
0.178915
0.188881
0.349364
0.239845
0.201833
0.194903
0.206108
0.26266
0.412089
0.710494
1.01146
1.27144
1.63672
2.30176
2.78694
2.70232
1.73738
1.25162
1.22595
1.22513
1.22501
1.225
1.225
1.225
1.225
1.225
1.225
1.225
1.225
1.225
1.225
1.225
1.225
1.225
1.225
1.22503
1.22516
1.22996
1.34968
2.2691
2.74357
2.5279
1.89803
1.37445
1.04796
0.707626
0.370721
0.183503
0.135983
0.131867
0.135499
0.137058
0.142825
1.225
1.225
1.225
1.225
1.225
1.225
1.225
1.225
1.225
1.225
1.225
1.225
1.225
1.225
1.225
1.225
1.225
1.225
1.225
1.225
1.225
1.225
1.225
1.225
1.225
1.225
1.225
1.225
1.225
1.225
1.225
1.225
1.225
)
;
    }
    procBoundary1to3
    {
        type            processor;
        value           nonuniform List<scalar> 
74
(
1.225
1.225
1.225
1.225
1.225
1.225
1.225
1.225
1.225
1.225
1.225
1.22502
1.22513
1.22554
1.22663
1.22857
1.23123
1.23424
1.23723
1.23972
1.2412
1.2416
1.22566
1.22502
1.225
1.225
1.225
1.225
1.225
1.225
1.225
1.225
1.225
1.225
1.225
1.225
1.225
1.225
1.225
1.22502
1.22505
1.22512
1.22523
1.22534
1.22547
1.22557
1.22564
1.22502
1.225
1.225
1.225
1.225
1.225
1.225
1.225
1.225
1.225
1.225
1.225
1.225
1.225
1.225
1.22501
1.22501
1.22502
1.22502
1.225
1.225
1.225
1.225
1.225
1.225
1.225
1.225
)
;
    }
    procBoundary1to4
    {
        type            processor;
        value           nonuniform List<scalar> 
32
(
0.142007
0.144678
0.147908
0.144954
0.146861
0.148
0.185407
0.283756
0.598673
1.29771
1.30691
1.32364
1.349
0.620845
0.288787
0.188049
0.152978
0.153754
0.1518
0.14839
0.146729
0.150052
0.151932
0.149706
0.150159
0.18684
0.28447
0.601116
0.60905
0.286097
0.187779
0.151752
)
;
    }
    procBoundary1to5
    {
        type            processor;
        value           nonuniform List<scalar> 
384
(
2.37877
2.38504
2.58644
2.58053
2.5739
2.35712
1.50446
1.52514
1.53098
1.46834
1.41822
1.36061
1.30683
1.26562
1.2408
1.22915
1.22585
1.22512
1.22501
1.225
1.225
1.225
1.225
1.22501
1.22517
1.22517
1.22552
1.22625
1.22731
1.30649
2.16834
2.9313
2.87795
2.47396
1.96103
1.64074
1.47876
1.44542
1.50115
1.59345
1.75524
1.75524
1.76864
1.86013
1.97395
1.99935
1.81883
1.6231
1.54773
1.45655
1.3969
1.35203
1.32313
1.31286
1.31772
1.32185
1.31174
1.29831
1.29217
1.29179
0.601334
0.283421
0.181617
0.143914
0.142575
0.140504
0.137413
0.136736
0.139818
0.14202
0.143567
0.14504
0.13842
0.120181
0.133093
0.197574
0.428965
0.892851
1.49627
2.18263
2.18285
2.19153
2.2111
2.57247
2.3225
2.26597
2.17549
2.03332
1.82228
1.56009
1.33271
1.24939
1.22893
1.22546
1.22504
1.225
1.22509
1.22794
1.22794
1.23341
1.2438
1.25721
1.94208
2.88513
2.9
2.47744
1.86754
1.50432
1.30973
1.16493
1.11547
1.19424
1.26789
1.3549
1.3549
1.37027
1.45756
1.5981
1.69527
1.6275
1.49032
1.35445
1.19555
1.02719
0.868969
0.73691
0.662315
0.631331
0.618136
0.609862
0.286499
0.17755
0.137839
0.136453
0.134578
0.134087
0.13333
0.11614
0.127869
0.132885
0.135443
0.137045
0.118963
0.132967
0.201906
0.445524
0.918732
1.51207
1.54578
1.59561
1.66048
2.23838
2.56629
2.55947
2.55435
2.54398
2.47989
2.22509
1.71861
1.33092
1.23928
1.22634
1.26348
1.26348
1.32234
1.42234
1.5381
2.72616
2.91225
2.54387
1.88522
1.4657
1.23318
1.0417
0.832601
0.745376
0.893075
1.02744
1.12012
1.12012
1.12474
1.18988
1.34112
1.48799
1.46777
1.27372
0.984487
0.633776
0.391391
0.309225
0.288665
0.290807
0.177982
0.137508
0.135055
0.133634
0.132456
0.124765
0.111818
0.141905
0.121366
0.115753
0.115902
0.117385
0.133937
0.213735
0.486211
0.971377
1.04987
1.14871
1.25097
1.73525
2.28224
2.3537
2.4667
2.60895
2.71448
2.68874
2.30182
1.57209
1.57209
1.85944
2.11304
2.28437
2.87565
2.6456
1.99897
1.49239
1.2156
0.987862
0.726068
0.479437
0.39388
0.549337
0.735055
0.912205
0.912205
0.870963
0.898061
1.03506
1.23504
0.845295
0.420975
0.216875
0.172444
0.169181
0.130447
0.129052
0.12638
0.121249
0.113846
0.13147
0.217368
0.498911
0.283679
0.186001
0.150577
0.137803
0.240181
0.564343
0.680554
0.835939
0.999617
1.34967
1.83299
1.97155
1.97155
2.60895
2.71448
2.68874
2.30182
2.53892
2.64444
2.69488
2.73169
2.20738
1.59085
1.24711
1.04429
1.04429
0.79095
0.499969
0.273317
0.403076
0.589399
0.781561
0.781561
0.638324
0.554783
0.545919
0.642486
0.290358
0.156698
0.127933
0.120572
0.121496
0.124521
0.136543
0.204633
0.441422
0.741921
0.741921
0.833698
0.833698
0.62466
0.430355
0.299967
1.13045
1.45233
1.45233
1.37754
1.87444
2.53667
2.67604
2.72756
2.72855
2.72219
2.4347
1.80804
1.3382
1.03806
0.810778
0.913908
1.1014
1.1014
0.899132
0.640046
0.804694
0.923975
0.923975
0.721132
0.502931
0.331546
0.258489
0.244994
0.142603
0.145932
0.164469
0.231678
0.440728
0.710015
0.93014
0.93014
0.808473
0.551556
0.660961
1.03248
1.13045
0.918427
1.30812
1.80448
2.48015
2.63415
2.60684
2.12859
1.53996
1.15461
0.802409
0.52249
0.649948
0.387503
0.513987
0.40556
0.814359
1.24287
1.75133
2.44566
1.89446
1.35623
0.960754
0.55358
0.286225
0.994649
1.15449
1.15449
0.986227
1.04927
1.04927
0.91002
1.06197
1.06197
1.22088
1.22088
1.22088
)
;
    }
}


// ************************************************************************* //
