/*--------------------------------*- C++ -*----------------------------------*\
  =========                 |
  \\      /  F ield         | OpenFOAM: The Open Source CFD Toolbox
   \\    /   O peration     | Website:  https://openfoam.org
    \\  /    A nd           | Version:  9
     \\/     M anipulation  |
\*---------------------------------------------------------------------------*/
FoamFile
{
    format      ascii;
    class       volScalarField;
    location    "0.00095";
    object      impulseMax;
}
// * * * * * * * * * * * * * * * * * * * * * * * * * * * * * * * * * * * * * //

dimensions      [1 -1 -1 0 0 0 0];

internalField   nonuniform List<scalar> 
8368
(
247.623
102.458
188.968
33.63
61.7178
96.575
162.506
122.448
128.441
161.451
183.798
205.671
177.918
224.398
153.583
69.3179
83.8351
128.6
177.935
75.2446
119.28
135.644
6.00007
27.6438
30.0356
74.5406
263.203
282.439
295.635
263.43
209.516
227.796
247.705
224.38
261.937
230.388
189.018
140.16
182.208
224.388
92.86
0.0605289
1.50791
4.03121e-05
84.2694
163.605
154.01
91.6274
27.6249
3.30898
31.1326
2.71219
69.8159
2.96607
3.76445
0.145008
0.00377456
1.26455
0.10442
0.0446187
0.0871796
0.00307877
0.00260356
0.0375951
1.85533e-06
2.85957e-06
1.66603e-06
8.5163e-06
1.20407e-05
2.47555e-05
4.10963e-06
3.9964e-05
8.65172e-05
0.001255
0.000925985
0.000111899
0.000271806
0.00023183
0.00574564
0.00484648
0.000173031
0.000147737
8.11386e-06
2.95418e-08
1.2488e-08
5.8098e-08
2.09978e-07
4.15072e-07
2.008e-09
5.23751e-09
1.04383e-08
1.16531e-09
62.1047
262.222
1.89765
22.2855
227.935
270.336
86.5689
102.797
218.933
172.1
148.821
83.9963
19.7491
74.5497
291.825
277.455
172.969
148.852
279.184
318.135
319.21
338.382
304.026
338.322
302.822
264.158
330.706
306.265
272.373
313.783
335.984
298.752
207.832
246.868
293.565
243.597
289.254
255.71
200.914
180.715
234.629
274.346
237.519
283.191
245.476
192.37
132.756
142.787
181.885
207.403
240.94
216.789
248.795
187.364
151.276
189.434
255.451
224.708
222.545
253.714
56.0806
58.3031
105.053
132.033
183.477
180.824
128.691
74.2422
122.648
138.84
121.917
184.666
199.968
135.459
96.7263
42.5288
50.8982
163.36
110.026
174.24
121.612
794.646
362.516
266.474
1521.74
550.259
795.232
645.639
295.726
497.224
476.786
218.178
338.291
1024.71
683.109
536.923
327.495
359.153
291.761
324.195
316.724
344.852
346.051
308.581
323.005
398.254
477.461
464.8
559.776
457.528
416.522
407.927
792.515
1076.49
966.148
1240.01
867.886
815.123
927.323
677.865
1013.7
583.419
560.657
728.403
686.062
554.68
365.224
517.84
381.362
354.507
391.483
374.924
345.033
299.973
369.809
335.065
445.133
325.547
348.945
309.429
264.8
399.431
273.959
226.629
317.009
274.01
217.126
444.03
458.723
338.061
511.63
668.461
435.142
568.848
291.157
288.108
293.623
418.796
360.353
377.152
331.558
1140.75
1203.87
710.562
1235.84
1064.44
876.847
750.61
494.012
424.48
374.372
343.736
460.46
413.644
535.367
328.247
320.528
308.797
298.96
302.567
347.115
321.38
301.697
315.395
298.944
374.321
367.685
340.693
330.219
898.595
670.386
684.067
679.51
1083.85
966.427
694.734
328.608
313.888
326.717
321.259
307.045
330.889
321.244
337.945
326.348
355.393
345.128
675.281
300.527
638.4
329.261
291.199
284.778
325.622
312.861
370.681
357.645
324.952
284.713
271.727
274.522
333.084
278.148
282.687
275.767
273.162
281.096
273.573
281.785
291.488
298.358
286.115
290.677
298.245
280.446
288.769
1261.59
1289.15
630.73
1400.66
584.957
1383.58
597.712
306.283
430.588
394.809
381.358
303.877
285.682
352.151
313.166
297.634
311.117
310.578
295.479
295.592
296.717
653.97
1166.24
1220.87
1303.82
647.589
1351.68
619.055
318.371
324.474
318.333
310.394
303.226
311.005
302.856
327.665
324.14
324.799
335.097
336.918
340.009
337.44
331.352
338.129
332.247
348.413
351.279
344.791
341.867
350.879
344.765
348.139
351.17
344.228
353.575
346.805
350.895
332.066
336.391
380.647
349.461
376.326
346.315
377.322
320.261
336.543
406.392
354.785
406.178
359.087
536.727
437.81
447.042
604.056
493.367
487.653
602.894
337.187
357.917
354.154
342.838
353.748
355.634
351.148
647.551
707.561
616.133
805.026
695.335
886.429
712.452
319.658
281.087
311.926
326.452
309.309
333.966
341.311
346.256
340.578
335.711
329.887
320.469
337.882
332.058
333.221
317.001
340.074
301.606
273.523
284.684
313.855
344.039
328.153
349.381
319.516
355.933
296.991
328.143
302.735
246.532
286.985
292.689
270.51
325.135
308.343
263.696
177.845
230.863
239.667
196.921
247.636
282.804
106.49
71.7654
108.403
37.9521
16.8009
15.8753
36.7259
56.9159
64.9261
101.399
28.3187
10.3904
13.6849
33.5329
337.893
282.161
218.597
119.518
190.134
100.586
122.937
10.3596
0.184332
278.903
299.059
259.939
282.522
323.683
319.418
303.006
235.871
256.182
206.297
236.247
262.007
305.555
282.461
192.838
252.641
230.649
295.471
265.121
243.153
276.483
166.14
160.284
133.477
227.767
251.839
205.017
232.216
1.26757e-05
0.0148461
0.719449
112.779
0.00222936
0.104877
50.1114
223.368
168.074
181.644
160.156
203.191
216.05
252.905
136.249
175.596
140.041
66.406
101.379
176.242
207.326
80.2941
54.2336
94.5663
155.268
125.121
196.257
169.744
6.20598e-12
2.19994e-12
1.10787e-11
3.05353e-05
4.36565e-06
9.28982e-06
4.94681e-06
1.70455e-06
1.18707e-08
1.16966e-06
2.00462e-07
8.72734e-10
5.21936e-12
5.19645e-09
2.0628e-10
3.69484e-12
2.43696e-10
0.00175688
0.000142597
0.000895016
1.22364e-05
0.00454076
5.70625e-05
0.000336141
0.00110508
7.9217e-06
2.03488e-05
0.000119172
3.63061e-05
0.000213206
0.000631004
7.19645e-05
8.16783e-06
4.73833e-05
4.63925e-07
0.000262565
2.16389e-06
1.31333e-05
1.31972e-05
7.85772e-08
4.46006e-08
2.55506e-07
3.85684e-07
2.24557e-06
1.54907e-06
8.20284e-09
3.671e-09
2.11664e-08
1.56213e-10
1.28505e-07
2.39703e-10
1.43278e-09
4.30543e-10
9.71122e-12
3.42147e-12
9.28807e-12
1.29464e-11
7.66381e-11
2.28078e-11
5.32799e-10
4.60705e-11
1.43781e-11
7.00609e-11
1.26343e-10
7.06838e-12
9.58088e-12
2.54163e-10
4.57446e-11
1.03354e-11
0.229088
1.05379e-05
0.000324517
3.74772e-08
1.78792e-05
4.16794e-09
1.75162e-07
1.73026e-11
5.24573e-11
6.15442e-12
0.000396968
3.2535e-05
0.00669154
5.46435e-06
1.91901e-06
1.87086e-07
1.46211e-07
3.96201e-08
9.88393e-07
3.75257e-07
0.000119564
2.37413e-07
1.65092e-07
8.71373e-09
1.09509e-08
4.19182e-09
9.55852e-08
5.5765e-08
4.23892e-06
9.58647e-09
8.6939e-09
1.31928e-09
2.98476e-10
1.55534e-10
3.45308e-06
1.4947e-09
5.4744e-10
1.93338e-10
4.189e-09
2.39254e-12
5.21229e-12
3.61511e-12
6.14299e-14
1.27433e-13
2.46037e-08
1.29789e-06
2.69165e-07
5.10946e-06
6.23174e-07
1.28403e-07
4.53957e-08
1.57435e-09
2.36769e-08
1.55462e-09
2.88929e-08
1.47914e-09
2.55394e-08
1.40873e-09
2.24781e-10
4.85429e-09
1.67491e-10
4.18615e-09
2.35537e-10
4.77585e-09
1.8017e-10
2.41562e-13
1.16912e-11
5.46736e-13
7.5487e-12
4.83851e-13
7.05581e-12
1.89799e-13
3.39476e-10
1.06832e-12
1.46235e-10
2.44517e-11
5.88417e-13
2.13227e-12
1.16519e-13
1.09983e-11
2.12042e-13
0.00042938
0.0146114
3.73222e-05
0.000197377
0.00747931
1.81284e-05
0.00085835
9.67442e-05
4.33596e-05
0.000210604
7.5814e-07
0.00171148
4.07547e-06
1.57756e-05
6.289e-09
1.09167e-06
3.62728e-08
4.21613e-09
1.46999e-07
2.71455e-08
2.84665e-09
4.60607e-06
3.02773e-05
3.77718e-07
5.87237e-07
5.19815e-06
1.34749e-05
3.84436e-07
3.55142e-06
4.02257e-07
5.28383e-06
1.91545e-07
8.91404e-06
2.85928e-07
2.61474e-06
9.97396e-10
1.97298e-08
1.10455e-08
4.71605e-10
1.76525e-08
9.33515e-10
6.11054e-10
1.34725e-06
2.14674e-06
9.47016e-08
8.15994e-08
1.35422e-06
1.31959e-06
9.20333e-08
5.36056e-07
2.30858e-08
2.63243e-07
9.02084e-09
4.53259e-07
2.55908e-08
2.94258e-07
4.07173e-11
1.00075e-09
2.54229e-10
9.03185e-12
9.92082e-10
3.88448e-11
1.0149e-11
2.73114e-08
3.3881e-06
1.08522e-07
2.34308e-07
1.20786e-07
4.15275e-07
1.17755e-08
1.74864e-09
3.79647e-09
5.29629e-09
5.8682e-10
2.77696e-09
1.26328e-08
1.95033e-08
1.94328e-10
3.11605e-08
6.82535e-10
1.4611e-09
2.07335e-10
9.4786e-12
3.7195e-11
8.42964e-11
1.1064e-08
1.64466e-08
3.91126e-10
2.94716e-10
9.83619e-09
1.11314e-08
2.8047e-10
3.32963e-10
1.35697e-11
8.71793e-11
1.70995e-12
3.5938e-10
1.60256e-11
5.67017e-11
1.47598e-14
4.22213e-13
4.65661e-14
6.23654e-16
4.51005e-13
1.02903e-14
2.39067e-15
2.84291e-11
2.39857e-12
3.2378e-13
4.27207e-11
8.991e-13
1.78198e-11
8.05095e-12
2.80644e-13
1.5529e-13
3.06495e-12
1.07539e-12
2.67132e-14
2.07261e-13
8.62721e-15
3.30838e-12
1.75247e-13
4.46598e-12
1.08412e-13
8.16986e-14
2.58754e-12
6.74585e-14
2.79916e-13
1.43907e-10
1.3505e-11
36.6081
4.18133
0.651318
0.0662431
0.0278289
0.000172957
0.000113881
2.39568e-08
1.43055e-05
1.93618e-09
9.87867e-11
5.52572e-10
1.60876e-07
1.31976e-09
3.90326e-09
9.07907e-10
4.88238
47.2852
3.73491
28.614
41.0808
2.4165
6.52809
2.37205
15.372
13.5872
0.160125
29.2346
0.863482
0.64491
0.0509212
3.99227
0.0243509
0.199678
0.135371
1.50258
0.00856472
0.0316755
0.117121
0.546767
0.00297716
0.911633
0.00527836
0.018578
0.00230552
0.247551
0.00122631
0.0077393
0.0080962
0.0710455
0.000334436
0.000436574
0.00144847
0.00166522
7.0213e-06
0.0135199
6.09222e-05
5.24364e-05
2.78655e-07
0.000141755
5.84509e-07
8.91253e-07
4.38875e-06
8.99475e-06
3.70246e-08
1.44602e-08
4.50735e-08
1.75601e-08
1.52413e-10
4.61425e-07
1.95278e-09
5.60831e-10
0.000194825
0.00365384
0.000104649
7.13777e-06
0.00327754
0.000223978
7.41324e-06
9.39105e-06
3.60531e-07
4.7651e-07
1.911e-07
1.0902e-05
4.26078e-07
6.62214e-07
1.1995e-10
1.53157e-09
1.73683e-11
3.64298e-11
4.41092e-10
2.10681e-10
1.33721e-11
1.85975e-08
1.4195e-08
3.95739e-10
3.95065e-08
1.25411e-09
1.32754e-08
8.96987e-09
2.07997e-09
4.26402e-12
4.21057e-11
7.55566e-11
1.29858e-09
1.278e-10
3.68145e-11
4.02392e-12
0
9.84333e-14
0
5.09317e-15
0
0
0
5.61288e-15
0
0
0
1.65979e-10
3.31089e-09
4.90098e-12
7.71101e-10
6.45481e-14
0
1.35125e-15
0
2.68057e-12
1.93394e-10
7.19592e-13
9.25553e-11
3.11827e-16
0
2.13082e-13
2.6311e-11
6.44442e-15
2.39878e-12
0
6.07023e-14
0
6.23654e-16
3.66916e-14
0
8.31538e-15
0
5.4731e-11
3.74192e-14
8.83717e-13
1.80132e-13
1.41583e-11
7.06807e-15
2.39691e-13
3.91343e-12
1.14336e-15
6.86019e-14
2.26594e-14
1.78292e-12
1.03942e-16
2.76486e-14
4.51733e-13
0
4.6774e-15
0
3.27418e-14
0
0
1.03942e-16
0
0
0
0
0
0
1.14336e-15
0
0
1.03942e-15
0
8.96505e-10
6.64561e-09
1.52278e-10
8.08372e-11
3.15699e-09
1.1705e-10
1.48568e-09
2.56165e-10
1.86465e-11
1.32017e-10
1.57997e-11
6.79026e-10
3.81008e-11
1.469e-10
0
3.11827e-16
4.15769e-15
2.75447e-14
1.03942e-16
1.9749e-15
0
0
5.92471e-15
0
0
0
3.11827e-16
0
7.58368e-11
6.33431e-11
1.03717e-11
2.60458e-12
7.21563e-11
6.21871e-11
6.23248e-12
4.4976e-11
1.61869e-12
1.82237e-11
2.88419e-12
3.96303e-11
5.11209e-12
2.70692e-11
0
0
0
3.11827e-16
0
0
0
8.7378e-12
5.94175e-12
1.17548e-12
2.24619e-13
9.40106e-12
6.5677e-12
5.92055e-13
1.34875e-12
4.39676e-14
2.63805e-13
3.12866e-14
1.35177e-12
1.05294e-13
3.59432e-13
6.44442e-15
1.55913e-14
1.35125e-15
0
1.57992e-14
4.26163e-15
1.03942e-16
0
0
0
0
0
0
0
3.11827e-16
1.11634e-13
1.03942e-16
1.18494e-14
1.76702e-15
3.82507e-14
0
0
0
0
0
0
0
0
7.05726e-12
1.55186e-13
2.0804e-12
5.98302e-12
9.94727e-14
1.60331e-12
2.01128e-12
5.47152e-13
6.44442e-15
9.43796e-14
3.85106e-13
4.15769e-15
6.90177e-14
1.70881e-13
5.14514e-14
0
5.09317e-15
2.99354e-14
0
5.61288e-15
1.67347e-14
0
0
0
0
0
0
0
1.9749e-15
0
1.24731e-15
0
0
0
6.23654e-16
0
0
0
0
0
0
0
0
0
0
0
5.32496e-13
1.08048e-12
1.38243e-14
1.93197e-12
3.07669e-14
6.04112e-13
2.14537e-13
5.43618e-14
1.61422e-13
6.23654e-16
2.50293e-13
1.9749e-15
7.12004e-14
3.13906e-14
3.11827e-16
6.23654e-16
0
2.91038e-15
0
3.11827e-16
0
0
0
0
0
0
0
0
0
0
0
0
0
0
0
1.07061e-14
0
0
0
1.9749e-15
0
0
0
0
0
0
0
0
0
0
0
0
0
0
0
0
0
0
0
0
0
0
0
0
0
0
0
2.1568e-13
1.1205e-13
8.79351e-14
4.87032e-12
2.39067e-15
3.93733e-13
8.3819e-13
1.60071e-14
8.31538e-15
9.04298e-14
3.01433e-15
2.98158e-12
6.74393e-11
1.24646e-09
3.70792e-11
4.25644e-12
3.51637e-13
3.17024e-14
0
0
0
1.03942e-16
0
1.32215e-13
8.13868e-14
1.14336e-15
1.21197e-12
3.70034e-14
2.17239e-14
0
1.06021e-14
4.6774e-15
0
1.48637e-13
3.84586e-15
1.14336e-15
0
1.03942e-16
0
0
1.24731e-15
0
0
0
0
0
0
0
0
0
0
0
0
0
0
0
0
0
0
0
0
0
0
0
0
0
0
0
0
0
0
0
0
0
0
0
0
6.86019e-15
0
0
0
0
0
0
0
0
0
8.39174e-08
3.59884e-05
2.94874e-05
0.107897
0.00256498
4.07136e-08
8.92692e-08
0.000197459
0.000347492
3.07162e-08
2.74656e-08
7.11926e-10
24.8074
4.66566
0.00453591
0.00849155
3.86562e-07
2.79842e-06
6.50261e-07
1.44871e-07
1.31694e-06
3.32127e-09
4.1671e-08
1.68404e-08
5.63397e-09
0.000285631
0.00899287
0.00741334
0.000271126
1.33992e-05
0.000327818
1.28773e-05
1.77141e-06
4.08946
28.519
27.1767
30.6621
85.3302
82.8779
33.1188
0.00693817
0.230702
0.189832
3.98831
0.186759
4.73607
0.151546
1.15713e-05
1.00533e-05
4.74354e-07
6.33288e-07
2.137e-08
1.49259e-07
5.25839e-07
8.31681e-07
2.64083e-09
4.47697e-08
1.75674e-09
4.90476e-08
9.81374e-07
3.24798e-08
0.917318
0.195895
0.166627
3.124
2.81745
0.00582952
0.113954
0.100247
0.00691054
0
0
0
0
0
0
0
0
0
0
0
0
0
0
0
0
2.61401e-08
0.181436
0.000881075
4.35876e-07
6.31397e-05
5.61998e-06
0.00453597
0.0013225
0.0384948
0.000157746
0.00543047
3.29156e-06
3.50098e-07
0.000108737
4.2935e-05
2.69201e-05
5.22024e-06
4.28933e-06
2.13112e-06
2.5583e-09
2.34239e-09
5.98946e-09
1.3794e-08
4.13461e-08
2.53523e-07
4.77034e-07
159.851
80.6857
6.57888e-08
47.4796
0.473073
86.0809
268.35
214.253
72.5389
0.00729516
0.000198078
1.40049
0.0283073
17.7665
2.52013
0.00703446
0.0326687
3.30852e-05
587.31
524.925
334.474
239.684
205.907
158.126
480.318
1098.21
961.044
540.354
319.355
318.517
373.458
334.335
350.671
356.829
337.675
244.009
0
5.99747e-14
5.21894e-13
6.24485e-13
2.20358e-14
4.41755e-14
2.18279e-15
2.18279e-15
0
0
4.1229e-10
8.54341e-11
3.46086e-12
5.49127e-13
9.63545e-14
1.6215e-14
1.03942e-16
0
0
0
1.53211e-12
2.05546e-12
1.45685e-12
4.23149e-13
4.28762e-13
1.72232e-13
1.71401e-13
7.96198e-14
2.14121e-14
6.93066
2.31945
0.0346536
0.00250746
0.261637
0.000997828
7.81458e-05
0.0111932
0.00092662
0.00832651
0.000297005
0.00264712
0.000248108
2.3421e-06
2.48349e-05
7.88873e-06
7.4424e-06
4.43002e-05
0.00461081
0.000776814
7.7592e-05
0.00144385
0.000141843
2.39032e-05
1.37609e-06
2.42103e-06
4.40025e-06
7.52755e-07
2.37658e-06
0.000303051
3.04036e-05
0.000254867
9.18226e-06
7.62993e-05
7.67984e-06
8.65568e-08
9.37016e-07
2.93123e-07
2.48855e-07
40.1607
0.0899516
0.00264205
2.59335e-06
5.81086e-09
35.6482
1.23616
1.68254
0.168217
0.00660356
0.0162611
0.00688851
1.49889e-05
4.17993e-05
3.13348e-07
3.0801
49.7459
3.59783
28.4648
36.4857
1.84835
5.66495
0.00127763
0.17244
0.00240996
0.0212299
0.00471331
0.0414364
0.000642538
4.24898e-05
0.00541806
8.0834e-05
0.000677272
0.000167049
0.00139754
2.04708e-05
1.25501e-07
3.47148e-06
1.83509e-07
1.8235e-06
1.95564e-07
1.71216e-06
1.38139e-07
5.04775e-10
5.45666e-12
3.46896
51.2415
3.24909
25.9625
38.1912
1.78581
6.1675
0.0807071
0.0949122
0.0454639
0.165682
0.0950854
0.100548
0.0513606
0.190475
0.652714
10.8045
2.24748
0.0300968
15.6114
0.363828
0.0575001
0.782486
10.9722
2.78069
0.0464704
17.2507
0.422958
0.0736757
0.0158121
0.000733234
0.00860098
0.00141786
0.0194973
0.0012516
0.0115273
0.00184877
0.0017669
0.226494
0.00490342
0.0477447
0.00631536
0.0562159
0.00155021
3.93418e-05
6.48577e-05
0.000128574
1.94249e-05
5.55357e-05
0.000141983
0.000174977
5.03428e-05
0.000757485
0.0119618
0.013293
0.000204994
0.0238008
0.000372387
0.000420402
0.00107144
0.0284366
0.0186508
0.000540089
0.0329674
0.000955931
0.000601296
2.38565e-05
6.38909e-06
1.15738e-05
1.319e-05
3.4326e-05
1.78083e-05
3.18397e-05
1.91024e-05
6.22412e-05
0.00772523
0.000220551
0.00189975
0.000241406
0.0020352
5.94821e-05
1.31049e-06
2.4849e-06
5.13702e-06
6.42419e-07
1.91501e-06
7.05354e-06
7.47163e-06
1.92138e-06
7.35105e-06
0.000115527
2.83867e-05
6.88887e-07
0.000240386
3.65126e-06
1.04963e-06
1.07541e-05
0.000351874
4.03885e-05
1.35711e-06
0.000357021
1.07593e-05
1.2593e-06
2.36788e-07
4.22747e-08
1.31481e-07
4.94864e-08
3.26646e-07
4.99651e-08
3.42006e-07
4.27543e-08
7.75813e-09
1.33648e-08
1.2461e-08
8.62753e-09
1.85965e-08
3.68301e-07
3.03628e-07
1.40725e-08
2.56327e-07
2.4155e-08
1.33972e-08
1.13398e-09
5.96563e-10
1.37223e-09
5.61775e-10
1.9175e-11
5.10359e-10
1.94403e-11
1.87305e-11
5.02174e-10
8.83104e-12
2.0765e-10
350.026
311.333
158.752
94.5941
62.7403
126.736
151.439
13.2724
5.29564
0.673016
0.000863047
7.439e-05
2.82231e-06
395.358
138.923
115.493
262.057
23.9599
4.88146
0.457827
0.204071
0.0013636
325.247
326.998
305.43
351.239
276.83
190.805
264.07
197.837
83.1028
119.052
123.473
79.8675
65.9726
63.0489
8.06492
222.942
212.901
143.111
97.0879
191.996
120.858
247.8
173.258
62.6256
89.6898
31.4271
150.369
79.2022
101.599
22.7504
40.551
6.47956
1.38575
45.8582
20.3291
1.68451
15.764
0.791454
9.47518
0.54315
13.8951
0.955853
10.8383
1.91783
5.13077
0.23395
0.0589932
5.83954
1.73918
0.0642861
0.349411
0.0112357
0.0429723
0.00130168
0.341135
0.0114581
0.0407521
1.87401e-11
2.68171e-14
5.88417e-13
0
2.7025e-15
0
0
0
0
0
0
0
0
0
0
0
0
0
6.75055e-06
1.3714
3.56617e-11
6.23654e-16
0
0
0
0
0
3.09746e-07
0.000662786
3.533e-13
0
0
0
0
0
0
4.22064e-09
1.5531e-05
1.37204e-14
0
0
0
0
0
0
4.12604e-11
3.64369e-07
1.9749e-15
0
0
0
0
0
0
3.85626e-14
4.79584e-10
0
5.19711e-14
0
0
0
0
3.7731e-14
7.73017e-11
0
5.36342e-14
0
0
131.863
102.371
67.9052
126.128
0.306633
1.82404e-08
1.57452e-06
0.001737
7.16997e-09
26.4162
0.009022
0.476821
1.44168e-13
7.90387e-12
1.90214e-14
0
0
0
0
0
0
0
0
0
0
0
0
0
0
3.71719
0.360152
0.000119546
5.51927e-10
2.52822e-08
6.023e-06
4.78799e-11
3.98311e-05
3.11827e-16
6.30929e-14
0
0
0
0
0
0
0
0
0
0
0
0
0
0
0
0.0764818
0.00328191
0.00494078
2.32044e-06
1.31127e-10
4.7681e-10
1.92984e-07
4.029e-11
1.0968e-06
6.267e-06
0
1.14336e-15
0
0
0
0
0
0
0
0
0
0
0
0
0
0
0
4.88215e-06
0.000376315
3.30509e-07
8.36901e-07
3.70169e-08
3.85283e-12
3.43779e-12
1.79174e-09
6.23654e-15
1.17373e-06
2.74365e-08
1.01769e-07
0
0
0
0
0
0
0
0
0
0
0
0
0
0
0
0
0
5.82077e-15
0
0
0
0
0
0
2.84282e-13
0
0
1.16415e-14
3.6068e-14
0
0
8.17818e-12
0
5.84155e-14
0
8.31538e-16
0
0
0
0
0
1.66395e-08
3.93244e-09
2.73965e-10
1.46143e-13
4.1818e-12
1.49687e-12
5.71992e-11
2.1516e-14
7.52126e-13
1.71508e-10
2.01928e-11
2.25898e-12
3.11827e-16
3.27418e-14
8.83509e-15
3.4644e-13
0
3.11827e-15
3.77549e-12
8.22911e-13
6.92255e-14
0
0
0
1.14336e-14
0
0
6.49639e-14
3.22221e-15
0
0
0
0
0
0
0
0.0660702
5.17023
0.0317212
0.647912
2.77792
0.0148594
0.136096
2.6398e-11
8.25247e-10
6.0184e-10
1.98801e-11
1.18662e-09
7.13285e-10
2.97135e-11
0
0
0
0
0
0
0
1.99472e-05
0.00300741
1.73462e-05
0.000142599
7.83451e-05
0.000677772
4.35472e-06
1.33422e-11
1.12569e-13
2.52985e-12
7.77488e-14
1.25425e-11
3.05278e-13
2.60219e-12
0
0
0
0
0
0
0
7.00353e-07
7.40003e-05
5.84252e-07
4.79821e-06
2.34429e-06
1.93468e-05
2.50363e-07
1.14336e-14
3.61095e-13
3.50389e-13
1.14336e-14
4.35102e-13
1.48637e-14
3.6307e-13
0
0
0
0
0
0
0
1.5954e-08
4.6722e-07
2.06574e-08
2.67066e-07
2.781e-08
4.03813e-07
9.51577e-09
0
6.34048e-15
0
0
6.34048e-15
0
3.22221e-15
0
0
0
0
0
0
0
0
1.02976e-12
0
2.55412e-11
1.793e-13
9.94104e-13
3.32615e-14
1.68469e-09
1.57431e-12
1.69909e-10
1.56706e-11
5.00847e-11
6.5203e-13
2.01596e-12
6.23654e-16
7.2032e-14
3.11827e-16
4.64622e-14
6.23654e-16
6.14299e-14
4.15769e-16
0
0
0
0
0
0
0
0
0
0
0
0
0
0
0.00097077
0.113908
0.00673933
0.142588
0.0522144
0.00308985
0.00216883
1.37638e-08
3.46178e-07
2.53723e-07
1.33399e-06
5.45695e-08
2.77421e-08
3.0253e-06
1.83135e-05
0.000148446
6.73392e-05
4.12561e-05
0.000139522
0.0226221
0.000496508
3.97526e-05
0.00741758
0.000498496
9.76545e-06
1.53523e-07
4.93256e-09
1.2952e-07
2.47167e-07
4.04273e-09
7.39354e-09
1.02475e-07
2.66436e-06
9.12523e-07
1.09506e-05
1.99352e-07
0.24713
13.6063
1.53596
17.6361
8.32709
0.762837
0.495014
0.00151717
0.000737986
0.000343684
0.00319459
0.00574683
0.0373697
0.0180495
0.0118569
0.0117708
0.115497
0.0407608
0.000214494
0.514484
0.002618
0.000965543
0.0449063
5.43952
0.151754
0.0114904
1.93564
0.144184
0.00364306
0.000269953
5.09504e-06
5.95394e-05
2.29475e-05
0.00102879
0.000278268
0.0033222
8.73257e-05
1.32318e-13
1.21176e-12
8.94111e-13
5.29586e-13
1.99569e-14
1.53835e-14
7.55037e-13
2.48653e-10
4.16195e-12
1.4201e-10
6.2329e-12
1.21479e-10
2.24488e-10
2.96235e-12
2.09652e-13
1.70465e-14
1.01863e-13
1.50924e-13
1.03942e-15
2.80644e-15
6.09102e-14
0
0
0
0
0
0
0
0
0
0
0
0
0
0
0
0
0
0
0
0
0
0
0
0
0
0
0
0
0
0
0
0
0
0
0
9.27723e-08
2.61464e-05
3.03562e-06
2.24056e-05
5.79035e-07
3.19229e-06
7.00953e-07
1.86601e-08
8.77091e-11
3.48657e-09
3.73644e-09
4.76899e-10
1.73535e-08
9.16611e-11
3.45737e-09
8.35398e-08
1.4118e-08
2.71066e-08
4.80041e-08
1.14295e-05
7.44312e-07
2.2913e-07
1.43814e-06
3.90852e-07
2.77502e-08
1.57507e-09
4.57072e-10
1.98611e-11
1.61184e-09
2.0724e-11
4.88482e-11
4.95766e-10
2.15391e-09
1.22129e-08
1.72804e-08
1.53347e-09
6.18074e-07
4.7686e-07
2.0916e-06
1.51031e-07
1.11674e-05
7.53316e-05
0.000193531
1.36543e-06
0.000365439
2.43275e-06
6.00836e-06
3.60649e-07
5.86998e-08
9.10502e-08
2.04638e-07
7.79567e-15
1.03942e-16
2.39067e-15
6.23654e-16
0
4.98923e-15
0
1.62202e-12
4.65661e-14
9.51383e-13
6.16378e-14
9.84437e-13
1.70278e-12
3.99138e-14
0
6.23654e-16
4.15769e-16
3.11827e-16
0
0
1.03942e-16
0
0
0
0
0
0
0
0
0
0
0
0
0
0
0
0
0
0
0
0
0
0
0
0
0
0
0
0
0
0
0
0
0
0
0
5.16564e-09
2.74755e-07
9.95666e-08
7.67516e-07
1.13302e-08
8.69675e-08
4.88197e-08
2.83647e-10
7.26795e-12
9.61279e-12
2.91052e-10
9.16646e-12
1.88324e-10
9.8292e-12
3.83588e-10
6.03902e-09
6.94629e-10
3.63636e-09
1.68325e-09
2.41403e-07
1.40914e-08
1.68046e-08
2.22993e-08
1.96818e-08
1.22602e-09
3.55471e-11
1.8983e-12
1.36403e-12
4.32251e-11
1.33254e-12
1.94507e-12
3.60487e-11
1.29717e-10
1.1179e-09
1.45419e-09
8.60029e-11
3.30536e-08
2.91052e-08
8.63039e-08
1.63259e-08
1.59992e-07
1.47264e-06
1.2599e-06
8.18494e-08
3.65522e-06
9.71843e-08
8.87387e-08
4.85317e-07
4.34199e-05
2.65261e-06
3.37706e-07
1.34603e-05
1.42075e-06
1.75581e-07
8.95958e-09
5.01113e-09
6.3565e-09
5.70769e-09
2.26184e-08
2.31413e-08
5.65309e-08
1.24776e-08
0
0
0
0
0
0
0
7.34872e-14
4.75016e-14
3.11827e-16
1.14336e-15
4.76056e-14
8.06592e-14
4.15769e-16
0
0
0
0
0
0
0
0
0
0
0
0
0
0
0
0
0
0
0
0
0
0
0
0
0
0
0
0
0
0
0
0
0
0
0
0
0
0
0
0
0
0
7.47916e-11
2.39378e-09
3.32831e-09
1.62921e-08
2.27164e-10
9.01679e-10
1.04106e-09
3.22907e-12
1.19534e-13
1.98114e-13
3.29726e-12
1.88759e-13
4.23721e-12
1.2182e-13
5.67504e-12
2.33326e-10
1.8104e-11
6.91631e-11
1.31348e-11
2.53915e-09
8.74228e-11
1.23617e-10
1.52825e-10
1.89652e-10
6.89449e-12
2.42809e-13
3.03407e-13
1.14336e-14
3.18791e-13
5.92471e-15
1.15376e-14
2.47279e-13
9.7477e-13
6.99739e-12
1.24286e-11
4.78446e-13
3.27444e-08
7.21393e-07
9.36691e-08
8.46285e-07
5.79638e-08
5.09202e-07
6.61816e-08
6.30659e-10
1.17642e-09
1.62987e-09
3.98286e-10
1.77128e-09
7.21071e-09
4.13346e-09
4.21921e-09
1.22634e-09
3.35349e-08
1.82464e-08
1.08293e-09
2.43757e-08
1.35781e-09
8.95337e-10
4.32039e-09
1.53546e-07
4.83485e-08
5.04338e-09
6.68621e-08
1.06714e-08
2.65373e-09
6.15677e-11
4.40362e-11
6.17938e-11
4.31824e-11
2.35214e-10
2.37772e-10
6.22997e-10
1.30855e-10
0
0
0
0
0
0
0
0
0
0
0
0
0
0
0
0
0
0
0
0
0
0
0
0
0
0
0
0
0
0
0
0
0
0
0
0
0
0
0
0
0
0
0
0
0
0
0
0
0
0
0
0
0
0
0
0
0
1.45519e-15
0
2.91038e-15
0
0
0
0
0
0
0
0
0
0
3.53404e-15
2.11107e-13
8.62721e-15
2.68067e-13
4.6774e-15
1.16415e-13
8.62721e-15
0
0
0
0
0
0
0
0
0
0
0
0
0
0
0
0
0
0
0
0
0
0
0
0
0
0
7.21151e-13
0
0
4.05375e-15
0
0
0
0
0
0
0
0
0
0
0
0
0
0
0
0
0
0
0
0
0
0
0
0
8.90785e-14
1.03942e-16
0
0
0
0
0
0
0
0
0
0
0
0
0
0
0
0
0
0
0
0
0
0
0
0
0
0
0
0
1.18494e-14
6.776e-13
2.1516e-14
6.89137e-13
2.12042e-14
3.4935e-13
2.1516e-14
0
0
0
0
0
0
0
0
0
0
0
0
0
0
0
0
0
0
0
0
0
0
0
0
0
0
0
0
0
0
0
0
0
0
0
0
0
0
0
0
0
0
0
0
0
0
0
0
0
0
0
0
0
0
0
0
0
0
0
0
0
0
0
0
0
0
0
0
0
0
0
0
0
0
0
0
0
3.32345e-12
7.39029e-14
1.20261e-13
2.08269e-12
2.35949e-14
6.46729e-13
1.55965e-12
4.1329e-11
1.91545e-12
1.31695e-12
4.49177e-11
1.73022e-12
4.35402e-11
3.45377e-11
6.96798e-12
1.65493e-10
7.04988e-12
5.83667e-12
1.52503e-10
3.39434e-12
9.8861e-11
6.23654e-16
4.05375e-15
3.74192e-15
0
0
0
0
0
0
0
0
0
0
0
0
0
0
0
0
0
0
0
0
0
0
0
0
0
0
0
0
0
0
0
0
0
0
0
0
0
0
0
0
0
0
0
0
0
0
0
0
0
0
0
0
0
0
0
0
0
0
0
0
0
0
0
0
0
0
0
0
0
0
0
0
0
0
0
0
0
0
0
0
0
0
0
0
0
0
0
0
0
0
0
0
0
0
0
1.03942e-16
9.09495e-14
2.18279e-15
2.93304e-12
1.45519e-13
1.11385e-12
5.49855e-14
2.28278e-12
2.10826e-12
7.30074e-11
7.62937e-11
2.2148e-12
4.00182e-11
1.18369e-12
0
0
0
2.18279e-15
0
0
0
5.28027e-14
0
0
5.19711e-14
0
2.81684e-14
0
1.03942e-16
0
1.03942e-16
0
0
0
0
0
0
0
0
0
0
0
0
0
0
0
0
0
0
0
0
0
0
0
0
0
0
0
0
0
0
0
0
0
5.67525e-14
7.06807e-15
1.14336e-15
0
0
0
0
0
0
0
0
0
0
0
0
0
0
0
0
0
0
0
0
0
0
0
0
0
0
0
0
0
0
0
0
0
0
0
0
0
0
0
1.75662e-14
2.91038e-15
1.04982e-13
4.15769e-16
2.89999e-14
1.56953e-14
0
0
0
0
0
0
0
0
0
0
0
0
0
0
0
0
0
0
0
0
0
0
0
0
0
0
0
0
0
0
0
0
0
0
0
0
0
0
0
0
0
0
0
0
0
0
0
0
0
0
0
0
0
0
0
0
1.76702e-15
0
0
0
0
0
0
0
0
0
0
283.316
68.714
12.0344
0.00151541
9.46233e-07
9.78036e-10
296.603
0.0096844
9.93499
105.233
0.000428646
0.074736
241.391
5.36479
1.43692e-05
0.00470892
0.867007
6.62508e-07
0.00018641
36.2572
0.562455
1.14987e-07
6.93585e-05
0.0100354
4.32767e-09
1.15234e-06
0.358484
4.3036
4.15061e-05
1.15334e-10
2.53475e-07
9.20419e-12
2.06985e-08
0.359724
4.24364e-05
1.03942e-16
0.0001895
8.59984e-06
5.25462e-07
1.15688e-07
2.83783e-07
1.64319e-08
7.46387e-09
7.57819e-10
2.83127e-09
1.15168e-10
7.32932e-11
2.20562e-11
5.0703e-12
3.9207e-13
1.32308e-12
9.30283e-14
339.195
273.69
244.848
142.952
160.216
135.26
173.8
0.00402571
0.109145
0.0526984
3.14964
0.511226
0.219058
5.47415
213.11
185.044
103.934
82.6963
32.3878
86.1051
24.4474
0.00653937
0.000310263
2.43282e-05
0.508781
0.000990187
0.0214944
0.0187991
30.8621
15.1069
41.779
0.171547
5.53355
2.32695
0.844561
1.55887e-06
1.2878e-06
1.6297e-07
6.67885e-05
4.66824e-05
0.000719274
5.16065e-06
1.79406
4.85796
8.23401
0.0555959
0.182491
0.356402
0.0267318
3.27759e-07
7.65651e-08
3.80205e-08
2.62717e-05
1.11121e-06
2.21873e-06
1.29227e-05
0.0777928
0.316498
2.12958
0.00236242
0.070837
0.009752
0.0179416
2.72429e-08
1.35937e-08
3.61157e-09
1.09264e-06
3.92535e-07
4.61014e-06
1.02257e-07
0.0958138
0.00121556
0.0122492
0.000369754
0.000310324
0.00297514
3.69103e-05
7.20934e-10
7.26295e-10
2.61499e-10
1.69969e-07
5.5198e-09
1.86039e-08
2.18882e-08
0.000731448
4.79219e-06
8.55816e-05
2.64071e-07
2.39573e-05
2.74927e-06
2.5041e-06
5.3316e-11
5.26778e-11
2.36088e-11
1.13142e-09
1.00162e-09
2.68746e-09
4.70266e-10
3.54443e-12
3.76313e-12
1.47026e-12
1.90669e-10
3.51531e-11
7.41215e-11
8.55904e-11
7.72959e-05
0.00193169
0.000863951
9.85889e-05
5.44872e-06
5.51541e-07
3.60029e-08
3.23484e-08
4.83669e-09
8.17631e-09
2.43626e-09
1.24152e-09
6.83756e-10
4.44728e-10
1.32576e-10
2.597e-11
2.88623e-11
1.19489e-11
2.29702e-12
2.62329e-12
1.09857e-12
1.35853e-13
1.78989e-13
5.74801e-14
2.96501e-08
5.00562e-08
1.36238e-09
36.8067
63.211
4.88535
5.51577
47.3146
2.54682
51.4319
12.7776
1.0143
2.93589
0.0254478
20.1377
0.393741
1.29318
0.00454105
0.180508
0.0012024
0.000761438
0.0553956
0.0257575
0.000119993
0.00164048
0.000364575
0.0059275
2.39428e-05
0.0116092
4.83083e-05
0.000801027
6.93188e-05
0.00223376
8.6194e-06
1.76958e-05
0.000290152
0.000554431
2.11956e-06
1.07533e-05
3.50242e-06
9.9849e-06
1.00105e-07
8.9856e-05
3.81606e-07
1.14451e-06
2.60921e-08
9.1706e-07
1.71117e-08
1.76874e-07
1.01452e-07
3.38641e-07
8.72178e-09
4.10196e-09
2.55042e-08
3.98966e-08
8.39529e-10
5.03396e-08
1.34647e-09
0
0
0
0
0
0
0
0
0
0
0
0
0
0
0
0
0
0
0
0
0
0
0
0
0
0
0
0
0
0
0
0
0
0
0
0
0
0
0
0
0
0
0
0
0
0
0
0
0
0
0
0
0
0
0
0
0
0
0
0
0
0
0
0
0
0
0
0
0
0
0
0
0
0
0
0
0
0
0
0
0
0
0
0
0
0
0
0
0
0
0
0
0
0
0
0
0
0
0
0
0
0
0
0
0
0
0
1.72024e-12
1.1429e-11
6.6679e-12
6.12844e-07
7.36209e-06
3.01596e-08
5.5713e-13
1.24233e-09
3.28528e-11
5.76205e-10
1.01001e-12
2.26955e-11
1.57254e-11
3.51553e-12
1.70195e-12
2.39983e-10
8.54119e-11
1.97144e-11
8.03889e-11
2.23819e-06
4.45364e-08
2.50984e-07
3.59463e-08
4.02512e-07
4.84707e-07
2.09157e-08
9.87475e-09
3.76219e-07
1.6104e-08
4.40576e-10
8.45352e-12
6.14922e-13
1.52909e-12
9.38517e-11
5.97496e-11
4.63067e-11
1.46086e-11
2.25883e-09
5.89357e-08
4.704e-09
1.42575e-09
3.6375e-10
3.77188e-08
2.099e-09
7.84249e-09
1.85433e-13
1.75974e-13
8.04513e-14
2.82567e-12
3.39631e-12
1.1392e-11
6.43195e-13
5.58896e-11
2.98773e-09
6.96515e-11
2.97581e-10
2.19136e-10
1.15411e-09
1.34393e-11
2.21397e-14
4.75016e-14
1.59032e-14
1.16415e-14
6.23654e-15
2.91038e-15
3.22221e-15
47.1072
16.2346
173.697
129.963
11.2359
0.314546
85.8488
23.298
0.00122545
0.242428
114.432
65.0051
113.794
137.911
200.324
230.19
139.98
25.3948
34.9506
46.1795
95.3153
93.434
111.322
73.0491
2.43919
8.16847
23.2897
28.1855
74.6593
51.2715
52.0069
2.87594
0.0391679
0.394131
9.38164
7.49574
27.1323
1.24437
0.0227539
0.000142259
0.00269592
0.00416052
0.684808
0.0824806
0.0355943
6.93326e-10
6.5024e-06
91.5527
10.3749
0.000957914
6.11646e-07
428.217
352.765
209.572
189.205
146.779
8.14831e-11
1.58475e-10
2.44452e-07
2.22927e-09
1.77217e-10
2.85309e-09
1.68989e-09
1.45045e-09
1.30559e-08
3.29187e-09
3.12006e-06
0.0101118
1.74084e-10
2.4022e-07
1.13568e-09
1.53125e-08
5.47326e-05
3.55553e-07
6.32003e-06
0.000172866
5.4857e-05
0.00148184
6.48183e-06
1.73079e-10
1.78499e-09
7.18951e-10
6.10429e-06
4.5131e-07
3.41625e-08
1.03757e-08
2.12924e-06
2.22925e-08
239.633
146.259
111.494
69.9156
152.631
169.143
179.44
229.645
240.201
218.426
69.482
112.855
115.231
192.52
140.955
186.26
142.032
95.524
450.703
372.14
215.515
99.7906
117.97
76.1131
8.90596
18.5439
420.456
404.554
380.506
343.408
294.623
278.002
205.269
159.314
166.657
123.008
135.331
141.469
51.0136
53.6346
78.2163
99.6929
103.38
22.9611
37.4571
39.4904
21.9555
18.1457
46.487
47.1791
8.17228
1.30635
1.2262
363.389
527.69
422.195
477.451
410.066
330.473
366.165
312.677
351.427
330.193
305.426
326.278
309.82
322.875
693.348
1239.92
1160.74
1021.55
701.428
678.249
705.249
332.061
331.766
341.806
342.313
333.762
320.248
329.967
527.713
436.528
412.197
535.629
547.221
435.214
439.153
337.151
350.529
325.991
373.854
336.436
377.24
343.202
355.896
345.899
345.787
351.652
351.744
365.567
354.903
684.089
838.276
652.773
894.779
780.464
634.259
675.372
325.709
326.343
323.647
319.644
311.959
334.983
334.988
327.672
363.439
349.099
314.899
338.599
341.236
361.161
341.314
318.67
306.998
303.975
291.648
333.41
324.951
114.816
5.67946
24.2014
0.0569357
5.90689
78.7494
87.1857
493.995
403.568
428.572
381.795
465.901
506.249
413.317
363.614
297.586
325.286
278.274
314.046
348.93
312.691
335.089
195.28
290.187
122.461
543.342
234.465
151.042
549.052
381.244
442.82
306.408
214.955
191.357
198.453
101.331
74.4526
564.992
512.92
534.308
460.249
396.777
483.222
307.096
260.721
244.535
233.605
187.588
210.141
166.704
177.265
140.76
145.643
61.6118
42.3532
105.009
17.7919
556.217
342.174
351.679
982.776
828.122
525.61
384.913
364.651
306.591
364.68
274.083
223.35
34.0122
1.72251
62.4018
0.000525074
0.0707173
51.7203
5.38991e-06
0.0131779
0.101863
7.75368e-05
0.00972389
0.0162181
0.31796
3.7918
0.00689134
0.220806
0.121859
2.55164e-05
0.000740299
0.000339294
0.0101868
12.0608
13.7635
0.979557
52.0707
251.195
84.7416
19.3781
252.497
52.1084
0.116228
22.6045
2.33048
2.82064
1.10838e-06
4.04049e-08
0.0290701
3.85532e-08
1.12053e-05
4.51683e-08
5.20914e-07
1.12769e-06
7.6576e-08
1.08072e-05
3.04793e-07
9.10372e-07
0.902297
0.00352658
0.108896
465.174
231.396
367.29
319.91
514.682
376.695
348.031
596.962
455.602
427.386
646.499
370.637
289.449
198.576
504.541
288.653
374.167
363.958
640.002
509.546
480.022
681.461
562.011
350.197
430.266
441.771
230.784
268.859
320.214
212.889
182.905
161.472
182.479
153.474
90.2186
140.928
124.705
115.012
50.968
80.6346
533.183
445.472
415.058
567.179
563.733
456.913
454.669
352.311
358.428
339.798
396.364
359.804
395.412
362.931
302.346
370.797
230.86
74.5263
0.451361
0.019359
0.421309
5.20715
0.273217
7.67838
7.23653
37.6202
30.5799
32.0414
81.0569
5.36796
346.387
359.323
323.026
336.799
354.277
314.846
357.393
317.253
307.301
328.622
329.694
319.698
326.297
315.357
365.46
371.149
369.263
366.695
375.313
341.491
359.556
359.596
347.349
350.518
347.792
337.751
342.98
356.007
317.18
310.993
322.474
303.583
314.506
324.003
314.767
332.392
336.653
330.991
320.333
331.33
332.325
323.059
363.867
356.463
356.435
363.243
362.415
356.849
364.334
338.091
324.469
333.591
344.028
330.542
338.281
351.438
346.682
360.891
348.136
360.309
347.694
346.671
359.212
334.363
341.515
343.567
367.051
349.018
333.061
327.291
370.914
376.026
370.35
365.435
367.89
366.546
370.666
253.267
131.685
177.815
331.753
277.742
352.149
335.527
341.894
361.576
349.244
351.542
361.782
344.486
357.435
357.162
355.868
348.344
352.222
359.907
356.037
364.797
349.203
351.135
358.331
350.276
354.133
363.374
359.779
372.463
368.844
380.145
360.52
365.976
372.195
368.927
366.006
381.162
372.911
373.264
374.681
366.689
373.359
352.314
357.987
356.009
345.12
346.312
344.387
338.843
713.182
1072.34
717.998
943.957
695.692
867.015
679.591
359.952
362.2
361.434
358.075
357.482
367.202
366.427
345.322
346.749
329.883
351.851
331.079
329.852
324.558
550.063
428.044
445.721
542.942
511.556
418.936
442.101
327.751
384.851
347.789
351.31
378.351
315.196
341.591
353.251
363.4
359.474
346.874
340.175
333.92
324.295
350.698
336.555
361.259
356.503
377.605
377.242
366.106
292.55
304.098
341.003
350.421
346.931
320.533
311.094
349.844
314.824
300.223
339.412
349.535
326.087
314.354
723.999
612.155
659.053
761.629
636.641
667.025
585.691
296.3
332.029
325.657
291.06
320.61
278.324
311.052
301.433
243.958
295.337
238.883
291.845
282.529
227.564
528.201
678.632
583.567
731.209
611.084
639.403
564.271
254.826
279.382
291.028
273.979
305.931
259.564
296.097
299.382
327.825
324.666
311.075
337.165
280.254
307.333
281.771
236.803
281.759
309.866
321.937
252.391
295.572
282.99
272.831
308.59
297.276
322.368
288.342
260.313
279.203
292.488
344.237
311.455
322.397
315.675
304.367
309.269
287.058
319.563
267.583
302.852
253.066
291.117
212.244
213.272
192.116
270.432
253.275
284.948
269.736
318.821
302.538
259.199
282.156
323.414
337.38
298.241
498.427
629.234
557.529
509.588
475.376
582.502
531.061
225.231
252.776
268.185
245.14
285.399
226.182
269.94
278.38
295.67
257.722
333.831
298.233
317.79
279.767
489.183
349.731
364.058
400.692
424.986
471.138
387.954
219.298
205.914
193.384
243.068
256.245
276.632
265.322
209.483
217.811
234.178
261.015
274.602
255.021
239.255
255.967
1371.96
383.991
331.489
1460.62
1210.03
481.58
1623.15
311.981
314.375
347.853
304.26
359.154
349.815
371.772
315.42
1590.66
1564.62
575.465
601.413
593.942
628.523
1522.84
426.035
312.291
339.664
304.106
361.53
393.033
323.494
399.755
435.282
352.671
320.486
376.295
399.727
331.325
1300.74
650.796
687.614
1481.83
619.924
659.641
1425.26
666.065
1360.28
700.451
1538.8
632.004
665.857
1455.46
374.936
484.998
540.463
381.775
422.515
432.932
349.155
717.868
1238.95
725.558
1108.48
731.103
697.07
1343.15
167.376
185.607
103.523
92.822
174.205
154.516
74.7265
400.505
505.421
467.752
556.125
509.403
441.58
473.8
415.348
280.016
339.232
449.809
366.537
310.696
388.89
270.733
230.254
294.935
254.943
192.163
237.677
164.504
317.695
226.698
258.449
292.881
263.569
256.455
285.781
206.894
230.634
212.818
149.877
168.429
124.254
141.72
214.799
240.759
256.724
243.919
282.552
227.238
268.873
265.196
253.978
292.274
242.955
197.299
230.796
272.303
216.78
264.281
294.751
275.967
229.611
242.517
191.343
217.257
193.053
124.94
151.895
142.342
169.889
213.877
173.82
181.643
202.224
232.631
248.898
225.559
207.674
157.451
188.145
165.18
225.873
203.766
231.6
250.539
118.281
193.831
229.427
99.4178
142.104
213.912
175.544
164.433
220.647
262.228
142.853
195.856
202.172
246.403
214.977
195.821
134.948
177.113
229.839
198.514
247.545
424.224
448.399
417.772
328.224
301.701
319.362
345.891
158.744
61.309
43.3609
137.265
138.522
115.104
60.2669
390.456
365.456
342.787
465.362
434.519
440.938
414.488
170.829
194.519
170.964
103.684
129.852
79.8669
104.965
295.28
386.576
295.668
220.193
249.522
315.046
367.687
185.085
62.5529
157.356
76.0803
205.492
98.4421
114.849
343.037
365.826
284.775
249.123
168.687
187.888
268.315
222.704
145.875
179.231
246.875
203.629
134.086
100.014
148.329
162.092
180.219
95.6295
111.83
64.6618
78.9179
42.7545
65.4076
144.084
98.9739
129.496
32.2873
53.8794
166.048
180.735
216.939
215.446
164.083
202.194
247.624
202.431
118.788
181.244
223.183
167.661
215.508
158.932
324.99
361.869
388.707
299.613
273.544
264.919
239.436
116.289
37.4827
47.9557
133.012
59.7217
47.922
115.12
117.767
170.955
106.568
150.577
208.02
139.242
180.413
92.3096
76.7949
119.476
193.689
152.002
167.826
122.719
115.948
171.993
178.097
226.209
200.815
147.282
141.794
0
1.45519e-15
0
0
0
0
0
0
0
0
0
0
0
0
1.35693e-05
3.51377e-06
1.42062e-06
3.21083e-05
1.53306e-06
1.32472e-08
1.69498e-07
9.61263e-08
8.32336e-10
8.79407e-10
5.54971e-09
2.36215e-10
4.04576e-10
5.45666e-11
9.07087e-11
2.03756e-10
1.79789e-11
1.62524e-11
7.01852e-11
6.62892e-12
3.37958e-12
1.26373e-12
1.88759e-12
1.02653e-12
9.11574e-14
1.67451e-13
2.20669e-13
8.58563e-14
1.19534e-14
2.91038e-15
8.31538e-15
2.80644e-15
0
0
0
0
0
0
0
0
0
0
0
0
0
0
0
0
0
0
3.11827e-16
3.11827e-16
0
0
0
0
0
0
0
0
0
0
0
0
0
0
0
0
617.444
570.934
494.08
468.781
324.992
302.309
255.445
187.186
527.327
499.086
461.335
654.785
659.298
584.739
731.779
416.828
384.25
349.846
572.829
428.207
512.983
472.113
278.09
233.179
252.435
332.708
351.449
383.751
305.398
201.154
206.106
223.009
300.256
256.992
276.293
277.553
402.631
343.058
426.826
459.709
372.457
544.828
445.757
282.154
218.759
265.759
241.728
290.909
360.302
312.066
561.229
484.369
521.384
562.38
520.588
687.27
620.29
236.474
172.92
192.884
213.428
191.945
281.773
260.644
128.738
47.6955
60.5359
158.327
88.6324
104.808
177.69
88.1921
25.9347
41.6913
82.2268
58.6028
22.4969
11.1821
232.517
276.642
200.677
220.909
188.012
142.519
113.743
115.139
129.929
45.4025
89.1742
76.9742
54.7323
28.3616
110.652
118.497
143.26
54.5725
77.414
30.254
48.8395
81.1014
57.3065
12.7606
25.6636
34.4883
19.0546
70.4592
25.3453
10.5659
57.0592
79.3452
110.483
20.9346
40.0679
103.796
104.549
167.468
83.0355
145.414
31.4071
81.3577
31.7491
147.7
93.9524
55.4738
20.0788
73.9341
127.107
79.8326
24.9045
33.385
57.979
70.9349
19.389
13.3295
230.258
204.182
104.449
141.798
118.711
220.445
246.245
313.381
289.101
258.52
227.32
202.51
189.061
164.888
33.3931
69.076
112.352
136.798
69.469
19.5336
48.96
1.85775
34.3949
3.73951
2.48457
28.04
1.10175
18.3092
46.0483
21.4651
6.63856
33.2251
65.182
3.34365
13.8794
136.956
123.525
185.688
33.3963
74.2471
136.759
85.2436
53.781
33.9573
97.5301
29.3324
63.567
90.1112
136.694
208.076
132.986
167.299
152.743
84.4323
116.532
55.9414
33.566
96.9951
135.443
10.0254
28.2533
53.0402
88.5962
23.2717
69.2756
66.3537
127.538
168.439
109.897
105.54
41.4808
6.63053
15.6379
25.6155
43.0895
7.29846
2.4785
63.1721
81.1258
20.7541
75.5816
28.2359
95.5737
168.29
203.174
177.463
82.1715
169.382
144.801
73.9734
57.1095
99.5207
62.3831
36.3192
33.9196
13.9353
16.4317
4.50486
12.2297
0.205672
0.56229
1.34041
20.368
0.532879
11.7962
58.5733
5.52817
31.6196
117.635
16.2994
56.2559
85.2901
3.0256
36.9248
9.70464
29.3429
51.5267
101.794
72.862
193.765
126.588
203.339
139.279
0.320226
28.9048
0.569256
6.32672
187.375
104.029
120.19
186.443
202.593
119.553
103.248
176.569
182.782
199.289
111.348
116.571
100.057
94.429
140.874
166.921
84.5362
61.9404
165.714
60.7554
83.5369
134.559
51.2206
74.1434
154.586
161.598
57.2292
80.125
2.63773
39.3013
4.89483
5.80442
3.28781
42.7242
32.2534
3.68345
34.6482
44.9957
3.81112
6.46684
44.5971
34.1417
12.3646
23.3078
1.72535
1.63855
0.532766
11.8502
22.7334
8.29809
17.9312
1.0573
1.40557
0.443858
10.4763
20.9537
22.6491
1.0715
16.4799
11.7165
56.1896
16.308
66.4739
60.9812
12.1694
3.5895
34.3651
14.9586
34.9104
3.71022
22.0207
9.78937
30.4771
1.45803
7.99598
2.7946
0.371832
72.5247
17.6755
59.2112
14.6864
21.7044
1.42548
2.73891
19.4586
31.3304
3.02165
0.67173
5.23648
1.27758
41.0843
46.9419
17.1836
24.6313
8.36061
5.10233
2.23843
1.16626
54.5698
45.3192
84.3407
8.33127
28.8904
2.12361
12.257
0.196262
0.686017
13.8863
0.0985912
0.374851
3.17453
9.28572
25.2508
1.92099
0.324482
0.198325
5.88868
31.294
8.5754
0.434371
35.1168
10.5313
11.5126
36.6457
0.494757
4.13111
28.9982
0.326939
8.94613
20.0583
47.3511
1.21839
7.08523
8.41049
13.1202
8.74843
0.364901
0.203654
0.708249
0.396837
45.58
97.1955
61.605
12.0087
41.5343
5.2793
27.7914
9.86702
6.82018
43.0629
2.92363
28.4402
4.37388
0.163128
109.629
24.2084
94.1026
74.9384
15.6908
46.4923
33.8217
43.949
8.02551
0.57673
4.48751
27.9611
0.183432
3.17043
14.2157
0.815137
0.39796
30.4119
3.43491
6.14584
40.6674
0.133732
4.11794
4.41412
0.0243499
0.816791
0.026812
0.899881
0.0595672
0.0131436
0.0445729
2.03158
5.42106
1.53128
0.457428
0.0031624
2.82371e-06
1.78204e-06
1.01905e-05
4.54987e-07
3.27058e-07
6.09665e-05
3.41838
2.41944
0.0734966
0.0190476
0.640407
0.420384
0.0124264
0.986448
0.0967729
3.21396
10.229
1.29369
0.0368262
0.404457
19.7584
1.24291
10.0029
2.67572
0.0876103
0.407568
0.268058
4.01402
1.38821
0.738371
0.0244681
0.0457547
0.144725
0.0787475
24.4794
3.55988
9.76399
2.30252
0.615383
0.457726
0.122042
0.0389698
0.167217
0.0121473
1.94139
0.421449
1.33582
4.9935
2.47111
4.50064
1.35611
0.0217813
0.0837854
0.168174
0.0445011
23.7473
1.66021
40.688
4.48474
10.1549
0.37294
13.4248
0.155151
19.231
1.3931
1.46925
9.49892
0.428145
0.0473074
22.5805
11.5087
56.7451
1.68701
0.147761
4.50212
22.3657
1.15068
6.62484
0.542545
11.4555
2.25879
18.1646
43.2957
0.0113737
0.412429
3.60588
2.67155
13.6597
0.618771
0.0754992
0.578041
13.1097
3.51476
0.0108207
0.392299
0.0690911
2.46355
1.22278e-08
1.13964e-10
1.55207e-12
2.78565e-14
3.26758e-11
1.39334e-09
5.13663e-11
1.69408e-10
7.52324e-12
1.36331e-12
1.95698e-09
3.65274e-12
5.44969e-13
5.72722e-14
9.04298e-15
1.34668e-11
8.78312e-14
1.95411e-14
3.11827e-16
0
4.50694e-13
3.11827e-16
0
9.73003e-13
1.22477e-10
5.26197e-12
2.09567e-11
5.11104e-11
5.05513e-12
2.09859e-12
2.07941e-07
7.82861e-09
6.37777e-08
7.27492e-10
3.21822e-09
2.58781e-08
5.05328e-07
2.46047e-08
1.08799e-10
3.13094e-11
3.52635e-10
4.05962e-10
3.34598e-09
1.69912e-09
1.94315e-11
2.22644e-12
2.5172e-11
2.87192e-12
1.0815e-10
5.26156e-13
9.66195e-12
9.99727e-12
6.03281e-13
1.52483e-13
2.36978e-12
2.72121e-13
3.43186e-12
5.16655e-12
5.06303e-13
4.76056e-14
6.31033e-13
7.0161e-14
1.78001e-12
1.4448e-14
3.06318e-13
1.05917e-13
2.00609e-14
8.31538e-16
6.41324e-14
2.28673e-15
8.92864e-14
3.67956e-14
1.14336e-15
0
5.82077e-15
1.03942e-16
5.82077e-15
0
1.9749e-15
2.19838e-12
6.77703e-14
2.07105e-12
1.15376e-13
2.61132e-11
2.01648e-14
1.53523e-13
2.62974e-14
1.70122e-12
1.03942e-16
2.2753e-13
2.80644e-15
2.97275e-14
0
4.15769e-16
1.89175e-14
1.35125e-15
2.03623e-13
6.76664e-14
1.14336e-15
1.96035e-13
3.68995e-14
1.34501e-13
3.40868e-12
5.88729e-13
7.15019e-13
6.8184e-12
7.97549e-13
2.89999e-14
6.23654e-16
4.49031e-14
5.45697e-14
1.17143e-13
1.35125e-15
1.17455e-14
4.30321e-14
0
2.8792e-14
3.94981e-15
8.62721e-15
5.405e-15
8.62721e-15
0
0
3.11827e-16
1.03942e-16
1.76702e-15
0
0
1.03942e-16
0
0
0
0
0
0
0
0
0
0
3.65877e-14
0
0
0
0
0
0
0
2.82851e-11
4.53708e-13
1.45519e-15
1.45782e-09
8.70169e-09
1.6225e-10
2.80935e-12
3.45088e-14
4.8623e-10
7.90263e-12
1.09139e-13
3.12977e-08
6.49598e-09
4.43861e-10
5.85188e-11
1.21924e-13
0
1.81636e-10
1.65285e-09
5.04651e-11
1.36618e-11
2.10983e-10
6.22957e-12
1.52203e-12
5.19077e-12
1.27329e-13
2.59856e-15
2.7025e-15
0
0
0
0
1.86863e-10
5.35126e-12
5.10082e-11
1.51246e-12
1.45866e-11
4.3136e-13
6.64337e-12
1.88551e-13
1.66006e-12
4.02257e-14
1.25874e-13
2.28673e-15
2.7025e-15
0
0
0
0
0
0
0
0
0
0
0
0
0
1.48741e-12
1.71505e-14
0
0
0
0
0
0
0
3.01433e-15
0
0
4.21174e-13
3.01433e-15
0
0
0
0
0
0
0
0
0
0
0
0
0
0
0
0
0
0
0
0
0
0
0
0
0
0
0
0
0
0
0
0
0
0
0
0
0
0
0
0
0
0
0
0
0
0
0
0
0
0
0
0
0
0
0
0
0
0
0
0
0
0
0
0
3.1297e-13
0
5.30105e-15
6.23654e-16
0
0
0
0
0
2.79605e-14
0
0
1.07422e-11
1.49781e-13
0
1.65908e-11
3.34694e-13
1.03942e-16
0
0
0
0
0
0
0
0
0
1.45519e-15
0
0
3.69723e-13
2.18279e-15
0
0
0
0
0
0
0
0
0
0
0
0
0
0
0
0
0
0
0
0
0
0
0
0
0
0
0
0
0
0
0
0
0
0
0
0
0
0
0
0
0
0
0
331.4
259.662
316.303
346.846
343.777
327.706
328.007
357.307
335.446
334.296
330.498
324.548
328.372
331.55
327.792
331.28
336.574
352.728
343.89
348.178
339.082
338.696
347.899
255.189
326.211
313.219
312.53
228.899
328.477
240.161
313.137
321.663
325.523
318.51
327.401
330.226
328.504
326.339
331.187
325.755
324.232
333.224
335.64
333.722
322.477
338.888
328.927
336.201
341.212
333.674
344.632
335.135
339.95
332.272
347.26
340.526
339.879
347.723
334.049
343.956
339.241
346.529
341.705
336.674
338.127
310.048
311.134
324.707
324.446
327.443
314.241
326.88
352.759
350.841
346.136
341.609
349.304
342.671
348.805
318.711
338.698
332.097
324.672
318.882
328.99
330.512
337.121
344.672
320.932
346.084
320.489
339.761
329.269
266.389
255.878
266.669
304.506
302.46
305.571
302.596
345.864
346.909
317.751
348.286
343.628
328.599
326.146
246.805
252.091
263.977
304.495
305.726
300.972
297.683
1423.02
313.068
1641.19
311.424
351.845
1631.59
1487.29
325.149
307.765
289.816
353.828
335.4
327.799
273.771
339.95
318.868
341.459
290.39
313.065
312.233
315.323
336.373
285.054
294.096
334.152
302.585
299.468
316.141
287.782
327.992
321.7
340.847
296.116
313.03
338.436
289.63
333.694
306.176
299.335
328.135
313.508
292.227
329.005
313.197
1588.89
512.986
509.913
519.109
1638.43
519.565
1592.68
326.859
338.207
325.175
341.454
317.55
317.082
340.12
268.645
268.238
312.593
274.48
303.556
305.606
271.599
282
272.115
281.495
279.593
287.906
286.129
275.698
539.506
1587.53
553.172
1647.2
535.409
1596.26
564.181
348.587
343.433
335.292
324.469
346.389
344.897
331.604
291.675
276.912
328.124
318.507
289.494
278.305
337.074
547.129
1477.1
559.173
1545.14
522.475
532.674
1543.64
299.884
279.047
289.015
293.922
292.365
281.961
304.453
314.622
317.268
313.17
297.879
298.332
304.503
304.267
613.801
1457.27
582.452
554.703
1517.04
1536.88
584.313
326.466
329.335
321.22
314.768
305.403
311.945
321.554
293.349
218.644
277.801
239.085
217.072
276.671
292.821
235.298
204.732
212.394
266.003
272.606
289.888
284.732
0.437374
8.48437
5.37392
0.0215537
0.0111459
0.452694
0.247089
0.842561
4.986
14.6983
0.254079
1.25706
0.0424237
0.00866642
1.25701e-07
3.44078e-07
6.88985e-07
0.0011972
6.65724e-06
2.23077e-06
1.43973e-06
0.0413862
0.0190799
0.228348
0.00663398
0.100382
0.00283387
0.649917
0.963609
0.302347
0.0813441
0.00834005
0.0025108
0.00980658
0.0316563
4.21648
1.24405
13.6549
0.0445613
0.814373
0.00852325
0.157076
0.100884
2.72534
0.00235517
0.0539306
1.49279
0.0628029
0.122525
1.18263
0.0904992
4.34388
0.387549
0.00253884
0.0109728
0.132391
3.19306
0.0691869
0.641046
0.106793
0.0114235
0.0203234
0.00216873
0.0271987
0.0158607
0.00182774
0.00102291
0.0337952
0.535743
0.914985
0.00308527
0.000555178
0.00296348
0.0200311
0.518446
0.10631
0.110383
1.85936
0.0524187
0.0641831
0.0310502
0.00181842
0.00370407
0.106121
0.731027
0.0226544
0.113102
0.911702
0.156414
0.0249661
0.00476622
0.192609
0.00621559
0.01173
0.0751656
0.038548
0.0023962
0.00124167
0.00823752
0.000289253
0.00113413
0.0408679
0.286385
0.0804413
0.0103708
0.00199259
0.0719582
0.000253003
0.00909491
0.0341886
0.000950595
0.244837
0.0226376
0.631007
0.0253647
0.207336
0.00737132
0.000303071
0.00797988
0.000423939
0.130581
0.0144581
0.00338491
0.117353
0.000375026
0.0127453
0.0552604
1.67243
0.203619
0.0026462
0.0632347
0.00035752
0.00854409
0.0896346
0.000274123
0.0560335
0.00946938
0.00570439
0.000165586
0.00159438
0.000448813
0.0148481
0.249753
0.0907706
0.000155336
0.00505469
0.0026105
0.0268738
0.0129927
0.118494
0.240072
0.000417822
0.0037357
0.00775504
0.000892553
0.00205654
0.0321869
0.00627149
0.225286
0.0157292
0.000448662
0.0195864
0.000608445
0.00239719
0.0149382
0.00381632
0.000474834
0.000122639
0.020591
0.0119881
0.00071207
0.00633041
0.112264
0.000223201
0.00362832
0.00130772
0.0476888
0.480892
0.00128033
0.0466742
0.00416125
0.000123888
0.00273112
8.15145e-05
0.000800214
3.47383e-05
0.0010339
0.0115129
0.000322854
0.0448166
0.0136397
0.000159288
0.00140048
0.000423673
0.00147816
5.18114e-05
0.000472358
7.97929e-05
5.9424e-05
0.00285609
0.000310295
0.0172096
0.00206315
1.98904e-08
2.76447e-08
8.52935e-08
3.51301e-07
2.91923e-06
4.50087e-08
2.70047e-07
0.0250076
4.33158e-05
0.00131695
1.24233e-05
0.000279454
0.000162196
0.000720773
0.0517683
0.00184478
0.000370263
7.85165e-05
0.00192981
2.01685e-05
0.00038455
0.000440471
0.00277396
0.0160708
0.000294912
1.2067e-05
5.45685e-05
0.00188666
0.000874942
0.0248388
0.00819183
6.67907e-05
0.00119205
0.000443604
3.7644e-05
0.000136647
0.00428202
0.000783673
0.0039439
0.00012658
0.000711885
3.35161e-05
0.0268742
0.000291722
0.0051168
5.76715e-05
1.72074e-05
0.000857059
0.000174676
0.00214199
6.86846e-05
9.84013e-05
0.000551178
0.000357717
2.36942e-05
1.74929e-05
0.000542428
3.71354e-05
1.85452e-05
0.000186495
7.9745e-05
8.41262e-06
5.18073e-06
0.000204457
0.00496313
0.00278326
0.000280846
0.000162813
2.78078e-05
2.19095e-05
9.45874e-14
5.35822e-13
9.15731e-14
5.7584e-14
4.00178e-14
9.70613e-13
2.06627e-12
9.9296e-13
1.55851e-12
0
0
0
0
0
0
0
6.23654e-16
0
0
0
0
0
0
0
0
0
0
0
0
0
0
0
0
0
0
0
0
0
0
0
0
0
0
0
0
0
0
0
0
0
0
0
0
0
1.35125e-15
0
2.53619e-14
3.53404e-15
0
0
0
0
1.03942e-16
1.35125e-15
0
0
0
0
0
0
0
0
0
0
0
0
0
0
0
0
0
0
0
0
0
0
0
0
0
0
0
0
0
0
0
0
8.27314e-08
135.893
7.19747
32.4482
0.0257993
0.0072048
3.27378e-05
1.23143e-06
2.20507e-06
1.45668e-05
27.1337
36.5039
73.7517
27.2398
0.432574
4.18425
7.22612
0.385418
3.92156
0.0181444
0.19953
0.573009
0.544251
8.82233
0.0260313
0.0267203
0.577342
0.00125015
0.000617356
0.000966626
0.0192855
0.000977312
1.89218e-06
4.93921e-05
3.41468e-05
0.00111844
0.0237162
0.00114002
5.56746e-05
1.60752e-06
4.43991e-05
1.02755e-07
2.31663e-06
1.57766e-07
2.05454e-07
1.12229e-07
9.85585e-08
9.34196e-09
3.28726e-09
9.66321e-09
3.54727e-09
4.78895e-09
76.3127
120.296
178.263
83.9519
128.756
70.2013
33.9193
5.51975
30.9281
81.4115
7.30278
37.7486
0.460848
7.77508
0.230036
0.126213
3.90097
0.00987185
0.322476
0.016606
0.000543709
3.87705e-12
1.32785e-11
2.58059e-10
1.48517e-11
2.81797e-10
5.16759e-12
4.86668e-12
1.22814e-10
1.40078e-10
2.89862e-11
7.99748e-11
5.09595e-10
2.47098e-11
4.69064e-10
9.73367e-12
8.76119e-12
1.53025e-10
2.14953e-10
1.82107e-13
1.75662e-13
7.6685e-09
6.70428e-14
1.42193e-13
5.3946e-14
2.11003e-14
2.19318e-14
7.69173e-15
0
1.14336e-15
4.26163e-15
0
0
0
0
1.60497e-12
5.09556e-12
1.10137e-12
6.16793e-13
4.15769e-13
1.80022e-11
1.45737e-11
3.34348e-11
7.58144e-12
0
0
0
1.81899e-14
2.39067e-15
3.37916e-13
1.03942e-16
0
6.13259e-15
1.76702e-15
9.3548e-15
0
2.48422e-14
0
2.72329e-14
3.11827e-16
0
0
8.31538e-16
0
0
0
6.23654e-16
0
0
0
0
0
0
0
0
0
0
2.39067e-15
0
0
0
0
0
0
0
0
0
0
0
0
0
0
0
0
0
0
0
0
0
0
0
0
0
0
0
0
0
0
0
0
0
0
0
0
0
0
0
0
0
0
0
0
0
0
0
0
0
0
0
0
0
0
0
0
0
0
0
0
0
0
0
0
0
0
0
0
0
0
0
0
0
0
0
0
0
0
0
0
0
0
0
0
0
0
0
0
0
0
0
1.35125e-14
1.32007e-14
0
0
0
0
0
0
0
1.87096e-15
1.13297e-14
1.87096e-15
6.23654e-16
1.03942e-16
0
0
0
0
0
0
0
0
0
0
0
0
0
0
0
0
0
0
0
0
0
0
0
0
0
0
0
0
0
0
0
1.79436e-12
2.11003e-14
0
1.17141e-10
6.73546e-14
0
0
1.18824e-09
2.15477e-11
3.24923e-13
1.03942e-16
1.3446e-06
2.7645e-07
3.92265e-08
1.04153e-07
2.31004e-08
2.86461e-08
2.52415e-08
5.08271e-08
0.00687747
0.000195382
3.11789e-05
1.83043e-05
0.255722
0.0175955
0.168438
0.00397684
0.0110081
0.101538
0.387532
0.101691
0.00118382
0.000799316
0.00577705
0.00391767
0.0328072
0.0235902
7.43741e-06
2.75068e-07
2.58139e-08
9.99614e-11
0.00026117
1.38434e-08
6.22703e-06
1.45722e-09
1.56472e-07
2.70488e-07
6.29932e-09
1.50018e-06
3.26391e-08
5.96639e-08
1.62643e-09
9.96223e-07
2.66933e-10
1.55964e-07
1.02959e-10
5.27965e-09
1.51724e-08
3.93175e-10
9.72001e-08
2.12807e-09
7.13178e-09
1.83701e-10
5.84366e-08
2.82031e-11
5.50719e-10
2.48027e-12
5.65931e-10
2.20504e-09
5.0318e-11
3.88747e-09
7.3879e-11
2.43741e-10
4.49498e-12
3.38896e-11
5.0993e-12
1.07164e-13
1.23068e-13
1.4862e-05
0.000714269
9.03316e-06
0.000143273
0.000424405
4.84249e-06
2.62759e-05
4.72141e-07
2.69671e-08
3.03238e-07
9.30071e-09
1.41736e-08
1.56821e-07
8.72008e-07
4.26124e-06
3.99901e-05
2.46294e-05
2.226e-07
0.000134826
1.2589e-06
7.10169e-07
1.23242e-07
2.30592e-09
5.3987e-10
8.05285e-09
3.42536e-09
3.86479e-08
1.91702e-08
5.33317e-08
4.20856e-06
3.86107e-08
4.2779e-07
1.19673e-07
1.7686e-06
1.99183e-08
1.57586e-09
9.89673e-11
1.47061e-09
2.28597e-10
3.30303e-09
5.36572e-11
8.26117e-10
3.47143e-08
2.8191e-07
6.2897e-07
7.96265e-09
1.13783e-06
1.25076e-08
1.89737e-08
1.03301e-09
1.11243e-10
1.97856e-11
3.64883e-10
3.42166e-11
5.32463e-10
5.60356e-10
1.80711e-09
2.44279e-07
2.78592e-09
1.69722e-08
7.12415e-09
6.29106e-08
1.00814e-09
5.12571e-11
6.6364e-12
1.21203e-10
2.44139e-11
2.02968e-10
2.25524e-12
5.48865e-11
3.08496e-10
2.70654e-09
1.25621e-09
5.40371e-11
1.09255e-08
1.95299e-10
3.66491e-11
8.52337e-12
2.97161e-12
1.0072e-13
3.97267e-12
3.17336e-13
9.14099e-12
1.07289e-12
2.58296e-13
1.02322e-10
4.22421e-12
7.26983e-12
2.92348e-12
6.85374e-12
2.82453e-12
2.89999e-14
2.39067e-15
4.05375e-15
4.28242e-14
2.87504e-13
3.11401e-12
1.35125e-15
1.26997e-12
9.6328e-11
1.99569e-14
4.11715e-13
1.0573e-12
1.11114e-13
4.03296e-13
1.41258e-13
3.15984e-13
0
1.31591e-13
1.78812e-12
3.64837e-13
9.64698e-12
4.77842e-11
4.16393e-13
3.80148e-12
1.44092e-11
1.86857e-11
1.4527e-12
9.66663e-14
2.28673e-15
1.88032e-12
7.27596e-14
3.4197e-14
1.91596e-11
6.96413e-15
4.05375e-15
2.21709e-13
5.85195e-14
8.38814e-14
6.23654e-16
1.27329e-13
1.76702e-15
1.9749e-15
1.03942e-14
9.14692e-15
0
5.09317e-15
7.69173e-14
9.77057e-15
2.92431e-12
8.80183e-13
1.07996e-13
3.38748e-13
3.60908e-12
1.74342e-12
7.42771e-13
5.65446e-13
1.00845e-12
6.87318e-12
1.84976e-12
6.62112e-14
0
0
0
1.1284e-12
9.46914e-14
4.6774e-15
0
1.33334e-10
3.6526e-11
9.02489e-12
4.07558e-12
1.00024e-12
8.52326e-14
1.14336e-15
0
0
0
0
0
0
0
0
0
0
0
0
0
0
0
0
1.1404e-11
4.42794e-14
1.49303e-12
1.1205e-13
1.26768e-12
3.22221e-15
2.17031e-13
1.3421e-12
9.09495e-14
1.41673e-13
3.22221e-15
9.97846e-15
0
1.35125e-15
0
0
0
0
0
0
0
0
0
0
0
0
0
0
0
0
0
0
0
0
0
0
0
0
0
0
0
0
0
0
0
0
0
0
0
0
0
5.08425e-05
0.0003591
0.000678898
0.000962877
0.00049556
0.0176408
0.00943302
9.26268e-08
2.34409e-09
3.15126e-11
3.8968e-13
5.52756e-09
8.56482e-11
1.14503e-12
1.53655e-08
2.16953e-10
3.2377e-12
3.84586e-14
1.79123e-07
0.00265491
3.45884e-06
0.0891019
0.000218652
0.000266651
0.13554
9.82849e-06
0.0137566
1.06125e-05
0.000555949
7.60308e-05
5.84094e-06
0.00586344
0.000534832
0.00161196
2.1802e-06
1.57221e-05
9.72671e-08
4.26688e-05
6.66667e-06
4.75716e-07
1.25263e-05
2.01829e-06
3.58905e-07
0.182626
0.225012
0.114172
0.00599315
0.00748949
0.00364976
0.00282408
0.258285
0.250796
0.130142
0.00843098
0.00871421
0.00419448
0.00437995
0.0836512
0.132826
0.00428722
0.0608777
0.0353097
0.00191635
0.00110097
0.00979751
0.0337079
0.0451852
0.000304582
0.000427251
0.0013979
0.00103619
0.00174942
0.0177726
0.0560055
0.0166119
0.0530301
0.000519291
0.00165407
0.0176049
0.00134203
0.0432191
0.00613342
0.016687
0.000508568
0.000186486
0.0216122
0.00287089
0.01156
0.000186177
9.59159e-05
0.00065874
0.000351307
0.00127157
0.000159544
0.00543498
0.00168415
0.000370936
5.47256e-05
1.69784e-05
0.00111849
0.00491034
4.23044e-05
0.000346303
2.01694e-05
0.000149403
5.65705e-05
8.08742e-06
9.18571e-05
0.00126835
3.55992e-05
8.04196e-06
0.00108134
7.91754e-05
0.000158742
0.00326524
0.000106477
1.01358e-05
6.09759e-05
8.64106e-05
0.00175685
0.000893255
1.05685e-05
1.68114e-05
7.70383e-05
0.000306858
0.00363348
0.000104254
0.000103679
0.00035482
0.000627098
7.09067e-05
2.4817e-05
8.06795e-06
1.69705e-05
1.89052e-05
3.54798e-06
0.000284112
9.05208e-06
9.69341e-05
0.000205949
0.00344049
4.80152e-05
0.00111967
0.000309761
6.48113e-05
2.28021e-05
1.04732e-05
8.08672e-06
0.000109302
0.00236666
2.20454e-05
0.000101337
2.49877e-05
0.000185036
0.00470101
0.00208355
0.00100464
6.82384e-05
0.000130475
1.35236e-05
1.17592e-05
4.08799e-05
3.73923e-06
0.000231556
9.48196e-05
0.00895155
0.00365866
6.64834e-05
0.000160906
0.000102818
0.000290207
0.00355501
1.24971e-05
0.000215977
2.25358e-05
6.87093e-06
1.04805e-05
0.000768588
0.000446876
5.90834e-05
3.69491e-05
2.09229e-05
9.82662e-06
2.63536e-05
1.06411e-05
5.08891e-06
1.56074e-05
0.000113721
7.4119e-06
4.20302e-06
0.000924017
8.91187e-06
3.84794e-05
1.75154e-05
0.000285039
7.11987e-06
1.63905e-05
2.70865e-05
3.64195e-05
0.000727241
1.24735e-05
0.000237992
5.69507e-06
1.52021e-05
2.64096e-05
0.000345483
0.0023429
0.000121562
1.45298e-05
2.98549e-05
9.52793e-05
1.75886e-07
4.82931e-07
4.35088e-07
9.80098e-07
9.71374e-07
1.94897e-07
1.92683e-07
0.000257604
2.68217e-05
2.70013e-05
2.34108e-05
2.34889e-05
0.000138463
0.000133063
2.0012e-05
8.54978e-06
8.24426e-05
8.56476e-05
0.000399592
1.72196e-05
8.51675e-06
1.57219e-05
9.18118e-06
4.51917e-06
5.84698e-06
4.02805e-06
7.94316e-06
7.26186e-05
2.55074e-08
2.07044e-08
2.35067e-07
3.25247e-08
1.00034e-07
2.06321e-08
2.44386e-08
1.29987e-05
4.55663e-06
7.4362e-06
3.70828e-05
0.000341984
3.63774e-05
5.37051e-06
9.82635e-06
5.42372e-05
0.00018305
1.1178e-05
2.83092e-05
5.69738e-06
5.28954e-06
2.60214e-05
0.000176667
2.48882e-05
2.2722e-05
2.34104e-05
0.000113
9.11972e-05
3.34208e-05
0.000214232
6.05884e-05
5.80779e-06
6.49787e-06
1.11277e-05
7.21101e-06
4.25493e-06
2.57203e-05
4.80136e-06
8.20769e-06
0.000158681
4.6582e-06
1.50752e-05
1.1427e-05
1.29738e-06
1.99396e-06
0.000385347
2.34006e-05
8.63386e-06
1.77558e-06
8.06575e-06
9.74337e-05
1.71875e-05
8.79112e-05
1.6096e-05
8.02908e-06
9.95787e-06
8.92749e-08
1.15453e-07
1.97711e-07
4.96042e-07
2.60932e-07
9.8805e-08
9.23144e-08
0.000116219
1.74618e-05
1.62504e-05
1.52866e-05
1.61253e-05
5.82332e-05
3.89255e-05
1.18912e-05
6.47487e-06
9.63533e-06
3.99256e-05
6.65739e-06
7.83956e-06
7.27759e-06
3.65582e-06
1.88911e-05
2.6246e-06
8.62596e-06
2.55839e-06
2.18721e-06
1.99301e-06
1.0621e-05
2.06053e-05
1.99142e-05
1.14023e-05
1.14122e-05
4.51715e-05
4.3119e-05
0
1.45519e-15
0
0
0
0
0
0
0
0
0
0
0
0
0
0
0
0
0
0
0
0
0
0
0
0
0
0
0
0
0
0
0
0
0
0
0
0
0
0
0
0
0
0
0
0
0
0
0
0
0
0
0
0
0
0
0
0
0
0
0
0
0
0
0
0
0
0
0
0
35.9347
0.00917807
72.7507
0.507246
0.025269
0.191099
0.00215697
1.14885
7.21865
12.5533
0.0576708
3.3268
0.0462745
0.892369
498.606
276.029
171.934
650.648
430.024
297.981
337.118
225.419
117.552
232.567
73.6279
16.865
454.964
407.583
374.066
477.874
354.731
428.751
394.154
570.684
564.935
513.95
540.045
519.781
481.249
597.052
302.161
300.503
261.362
281.909
282.815
321.556
237.215
236.485
261.477
218.835
256.476
192.105
211.213
239.8
496.551
404.494
465.677
505.157
475.022
444.579
545.932
248.892
202.527
181.794
207.562
174.013
225.567
151.129
360.927
352.831
419.094
451.73
330.274
397.431
376.805
281.559
168.863
230.067
258.956
258.62
304.162
207.446
137.504
180.226
200.979
232.411
158.613
178.856
213.596
107.764
208.25
151.075
180.519
75.2619
118.081
139.977
97.822
137.484
161.31
176.543
138.949
197.18
114.241
90.1095
136.895
158.235
105.686
32.5259
44.8479
86.5298
55.7044
91.6012
116.601
46.5634
21.1247
68.2569
9.7911
44.4806
103.685
61.7577
145.644
43.0659
80.9417
101.922
0.0505912
7.61576e-07
553.818
848.765
639.602
512.477
384.591
325.146
352.951
286.007
308.731
265.56
256.664
180.952
60.9308
174.438
39.6194
0.0758558
23.8838
52.6723
0.00146879
531.921
446.65
431.675
517.131
443.898
546.607
422.816
365.394
348.507
328.9
316.235
378.498
342.326
352.598
665.951
744.98
622.083
594.21
777.348
643.183
682.792
332.101
307.042
296.026
291.587
310.755
320.856
278.144
426.642
394.824
469.939
497.408
437.561
533.647
411.804
313.064
321.799
276.192
299.11
367.029
330.663
338.658
318.859
273.67
286.572
252.596
302.372
290.638
267.102
577.485
564.713
523.161
561.547
707.241
613.9
621.929
269.486
229.667
248.779
272.975
292.582
305.65
256.67
292.096
223.901
253.898
230.645
243.188
272.188
197.735
240.616
214.055
194.817
226.811
282.19
268.518
243.502
216.877
122.855
165.952
202.066
215.691
247.523
164.539
143.767
118.75
227.361
179.737
86.7079
201.75
148.691
382.837
259.445
248.566
5.7785
0.010505
1.96419e-06
7.51942e-09
518.291
228.87
498.125
379.718
442.614
82.0355
414.674
47.1403
333.887
27.138
151.899
259.727
92.9541
224.523
52.017
2.29302
0.000650718
2.94264e-05
4.25433e-05
2.08731e-05
6.19737e-08
3.68089e-09
446.947
218.402
395.473
45.8094
0.296632
6.7458
0.235055
0.0560863
4.90175e-05
1.19418e-07
2.50062e-06
2.64782e-06
1.19333e-07
7.75958e-08
4.57341e-09
1.24943e-08
4.82094e-09
9.50524e-09
327.327
276.45
330.084
203.299
255.18
302.002
349.414
469.169
478.354
453.529
394.375
423.996
394.854
417.569
285.98
152.444
141.996
160.618
212.883
246.39
218.59
409.117
324.97
343.437
351.48
247.643
338.158
287.401
786.115
728.695
634.158
577.526
136.094
150.538
292.666
616.04
435.947
292.963
466.661
82.0395
71.8912
81.1949
4.61038
141.275
27.5661
32.4529
226.123
269.172
209.707
149.168
152.265
211.864
86.1046
53.5699
9.13412
15.3912
39.7153
113.203
175.015
152.575
113.81
42.0847
56.121
93.773
132.447
258.175
138.217
46.7119
0.633061
1.46833
53.5847
76.0537
10.5805
18.8334
13.5578
4.42217
26.9258
1.23098
74.1581
107.112
132.194
52.5252
29.0508
75.0236
15.0622
3.60687
0.00699182
0.013274
0.0174905
0.189349
0.368926
16.0221
34.4135
4.8771
1.31504
0.000317606
0.000760381
0.00830463
0.00109857
0.000858835
0.00110638
2.3368e-06
0.0231565
4.40644e-05
5.4274e-05
4.43004e-05
1.73437e-07
8.84993e-07
1.6614e-07
2.66664e-06
2.32071e-06
2.46186e-06
1.04796e-08
1.05889e-08
1.15069e-07
1.83294e-10
3.85663e-10
3.3871e-10
6.5628e-10
1.81613e-10
488.264
575.318
533.688
433.475
509.79
479.386
458.343
480.983
406.709
376.98
391.864
369.072
434.047
332.485
306.293
287.814
254.485
205.39
298.19
262.581
246.228
224.295
239.914
202.553
171.308
195.085
216.459
149
374.525
446.878
332.204
359.981
421.795
310.694
397.03
161.831
184.25
205.94
103.293
176.657
128.521
153.715
191.301
180.521
139.694
126.653
121.043
201.131
70.3706
319.491
256.105
334.771
319.054
203.349
270.701
275.038
67.1652
128.195
69.9802
106.963
53.354
169.266
110.99
9.74554e-06
8.80278e-06
6.74555e-05
2.19885e-05
0.000121844
5.07253
0.0301263
17.5545
119.652
57.9569
35.4665
32.6646
86.7266
6.0193
10.9628
20.8044
105.207
75.1834
54.3049
30.9811
3.4287
2.40051
1.22502
18.7259
7.11872
44.6338
12.1598
0.601203
12.5614
2.37466
23.0739
2.97771
0.121002
14.4488
1.06586
3.07174
22.9526
59.7364
26.6481
15.8108
0.230008
5.50572
1.47377
16.1577
1.00861
5.52668
0.00994721
0.288201
0.208524
0.467435
1.36111
0.104682
0.15924
0.0377072
0.0132481
0.00294654
0.000738783
0.0149686
0.215187
5.12804
0.277033
0.0192344
0.413345
0.000170466
0.00477076
0.0424111
0.00380036
0.116723
0.994573
0.0322516
0.00220861
0.000951633
0.0343034
0.248396
0.0174565
0.00693044
0.000497628
4.05375e-15
4.05375e-15
191.136
318.395
336.682
270.47
283.641
324.321
197.261
253.178
341.652
346.94
333.221
345.134
328.65
327.861
319.498
332.617
291.475
303.557
341.198
337.307
318.196
306.842
340.714
309.928
333.769
284.482
311.376
301.83
274.825
308.207
259.277
298.63
252.849
294.617
284.23
241.43
308.555
244.856
273.048
298.285
322.567
288.858
261.684
268.502
225.626
206.449
244.27
285.05
270.223
226.04
242.843
227.432
273.42
262.821
178.359
215.642
232.007
136.699
230.597
178.119
248.582
160.325
199.365
216.95
2.57812
57.071
139.423
197.071
59.5829
0.201074
198.702
86.3721
247.5
241.676
285.819
276.585
231.619
237.286
185.318
146.356
247.821
204.149
264.046
217.457
222.986
168.567
78.0459
140.076
199.993
125.81
187.979
126.991
66.1325
104.59
128.576
181.033
93.4043
169.491
116.162
47.6238
22.5743
131.609
77.9247
78.0859
153.111
99.0775
35.5712
33.6244
148.088
83.8146
107.048
170.839
108.899
50.7226
25.9301
19.6761
72.2378
61.1753
1.43657
14.1913
19.0897
5.13397
31.0392
3.56363
46.8836
0.608358
8.28747
11.5037
0.0015845
5.31108e-05
1.44309e-05
0.000320992
0.00628897
0.000873163
0.000186749
3.36953e-05
7.40878e-06
1.50042e-05
0.00439727
0.0010345
0.000368612
8.53142e-05
340.732
352.757
399.949
339.879
364.644
328.108
311.369
292.841
358.291
384.576
353.086
363.484
396.078
395.205
360.431
342.784
346.126
345.493
356.317
338.555
357.935
344.584
363.697
339.666
346.389
353.077
333.474
359.232
323.957
362.965
378.807
341.935
370.71
391.201
406.695
354.891
329.901
315.836
302.497
354.194
323.155
348.319
332.963
351.598
299.74
324.518
337.145
280.476
311.362
307.255
322.303
292.354
279.062
334.887
315.364
343.964
304.125
263.637
226.791
258.389
317.692
256.637
290.396
285.717
645.272
383.278
546.653
548.788
465.126
213.008
275.778
149.979
874.457
818.818
857.286
808.093
233.221
365.006
406.575
292.385
517.082
532.356
502.789
542.732
570.533
538.965
582.304
455.715
379.32
384.937
488.697
403.479
487.181
410.302
710.691
540.516
559.047
710.78
285.088
309.381
255.068
288.089
316.562
334.802
254.783
173.442
224.002
202.14
259.518
197.687
220.321
239.846
128.041
162.516
195.754
231.228
531.559
1090.7
811.791
567.549
557.28
412.769
443.955
567.563
456.987
453.579
565.73
719.978
963.896
700.316
715.825
881.818
684.044
995.182
464.995
545.528
449.596
575.689
456.319
467.395
559.701
668.361
722.301
626.817
696.75
800.928
659.789
902.446
724.446
629.835
583.768
579.865
538.863
646.55
584.429
360.149
320.096
346.03
361.379
336.968
320.967
291.014
518.695
453.65
433.118
485.334
519.675
434.699
409.895
292.511
319.264
305.728
293.153
262.899
276.172
243.092
327.394
367.048
357.673
357.529
352.505
377.678
317.795
360.471
333.296
341.71
343.64
334.98
336.957
349.586
367.065
344.674
361.681
349.352
354.58
342.304
351.853
361.977
370.638
403.605
370.649
411.335
374.596
370.877
403.564
373.73
381.319
373.092
375.893
366.543
374.701
373.463
365.039
351.772
363.159
365.361
355.223
363.276
365.012
366.608
356.737
377.672
351.093
371.339
361.292
336.804
366.513
338.664
347.509
377.924
376.952
360.355
366.404
343.988
321.072
293.766
339.959
364.46
343.951
317.944
716.013
534.239
566.99
400.419
399.913
277.354
302.482
230.397
542.303
906.554
574.418
425.861
462.456
471.958
579.237
574.393
462.012
700.434
1005.56
723.546
1123.8
735.991
724.392
1009.68
543.086
574.835
464.709
448.009
467.414
557.732
455.377
378.164
341.359
362.744
406.767
370.339
391.144
354.365
808.6
667.133
623.145
894.955
694.623
790.774
655.904
315.492
339.772
348.498
329.944
354.082
332.754
323.34
324.012
351.351
312.034
337.035
366.352
298.175
329.904
572.717
634.741
575.178
695.638
607.493
614.137
558.291
480.273
510.434
424.196
529.793
495.177
409.138
435.06
249.301
269.286
285.3
272.383
305.209
256.76
292.687
1353.66
349.167
432.057
484.13
381.56
479.194
374.17
539.229
421.184
697.019
1243.9
725.58
1225.22
717.942
731.847
1117.89
7.18789e-06
0.000421054
3.59216e-05
0.000348452
0.0103653
0.000741241
3.13838e-05
8.54278e-06
5.21824e-05
1.33818e-05
1.15212e-05
0.000119214
0.000951813
3.48085e-05
4.85808e-06
5.07746e-06
4.50961e-06
5.97273e-06
2.73984e-05
0.000175413
1.64637e-05
2.26595e-06
1.80047e-06
2.84386e-06
1.8311e-06
1.66893e-06
1.92743e-06
5.94671e-06
189.469
241.327
316.383
349.544
208.94
146.78
347.794
239.055
344.852
348.939
331.806
347.781
328.937
321.324
315.537
351.577
294.176
312.557
332.781
342.5
322.723
306.31
338.427
308.314
332.68
276.149
302.409
294.922
267.379
294.494
233.997
288.566
219.148
277.457
270.098
210.633
181.733
245.682
267.364
223.368
279.539
259.564
198.329
270.258
310.986
282.915
297.143
323.467
284.204
255.086
150.955
222.646
253.962
245.448
140.021
179.647
212.697
104.3
179.602
217.133
233.281
124.443
165.579
198.552
5.89331e-06
4.87244e-06
4.80688e-06
5.37903e-06
1.87481e-05
5.82415e-06
5.3068e-06
5.1626e-06
4.07941e-05
8.32187e-06
5.77497e-06
4.2619e-06
4.27837e-06
4.17687e-06
5.52693e-05
5.84511e-06
1.4966e-05
5.63181e-06
7.04375e-06
5.53169e-06
5.85327e-06
4.85085e-05
5.11685e-06
1.35627e-05
4.96483e-06
6.54212e-06
4.89095e-06
5.22149e-06
9.88917e-06
1.59545e-05
1.40945e-05
1.02664e-05
1.03925e-05
3.17186e-05
2.57431e-05
2.88535e-05
8.16104e-06
7.76027e-06
7.61894e-06
7.90239e-06
1.53317e-05
1.02435e-05
9.74489e-06
3.26677e-05
9.09767e-06
9.99322e-06
9.07727e-06
1.69476e-05
9.4125e-06
3.46416e-06
3.22565e-06
3.24002e-06
3.73981e-06
3.32977e-06
5.39784e-06
1.3249e-05
4.24131e-06
1.7677e-05
6.66975e-06
4.11265e-06
4.19723e-06
4.45635e-06
4.13626e-06
4.83297e-07
4.54417e-07
4.59603e-07
5.46457e-07
4.94585e-07
4.43956e-06
2.06012e-06
2.22384e-06
2.19832e-06
2.742e-06
2.46978e-06
2.72711e-06
2.20608e-06
1.27758e-05
5.75428e-06
6.59679e-06
7.50725e-06
5.90222e-06
6.00789e-06
1.25594e-05
9.26464e-06
2.94612e-06
1.83096e-06
1.85308e-06
1.83132e-06
1.87493e-06
1.86969e-06
2.78264e-06
4.29985e-06
2.78949e-06
3.54298e-06
2.76463e-06
2.80784e-06
2.81759e-06
2.75924e-06
2.77767e-06
2.76644e-06
3.46376e-06
2.83193e-06
4.18299e-06
2.80515e-06
2.80016e-06
3.29875e-06
2.95958e-06
5.26687e-06
2.94785e-06
3.17151e-06
2.91603e-06
2.90945e-06
7.30268e-06
9.54053e-06
1.16135e-05
7.18587e-06
7.28671e-06
7.2145e-06
7.20986e-06
3.2116e-06
3.17142e-06
3.18086e-06
3.57184e-06
5.70138e-06
3.17932e-06
3.22468e-06
2.71954e-06
2.85116e-06
5.56247e-06
2.64354e-06
2.65327e-06
2.76034e-06
2.64827e-06
)
;

boundaryField
{
    ground
    {
        type            calculated;
        value           nonuniform List<scalar> 
460
(
794.646
1521.74
898.595
1235.84
1076.49
927.323
966.148
1203.87
1140.75
1064.44
966.427
1083.85
1024.71
1303.82
1400.66
1383.58
1261.59
1289.15
1166.24
1220.87
1351.68
707.561
805.026
886.429
8.48437
1.05379e-05
0.000396968
4.87244e-06
1.87086e-07
2.69165e-07
4.53957e-08
1.29789e-06
3.73222e-05
0.00085835
0.0146114
36.6081
3.73491
6.52809
47.2852
4.02392e-12
0
0
6.45481e-14
1.65979e-10
3.31089e-09
3.74192e-14
8.83717e-13
5.4731e-11
3.11827e-16
0
4.15769e-15
1.52278e-10
1.48568e-09
6.64561e-09
1.55186e-13
2.01128e-12
7.05726e-12
0
0
1.07061e-14
0
4.25644e-12
8.13868e-14
1.14336e-15
1.32215e-13
0
0
0
6.86019e-15
0
0
0
731.209
838.276
1239.92
4.1229e-10
40.1607
35.6482
3.59783
5.66495
49.7459
0.165682
0.0949122
0.100548
0.190475
51.2415
6.1675
3.24909
388.707
126.736
424.224
115.493
351.239
326.998
212.901
247.8
143.111
0
0
0.000231556
8.25247e-10
4.05375e-15
0
0
1.3714
0
0
0
1.82404e-08
0.306633
1.44168e-13
0
0
0
24.2084
102.371
26.4162
0
0
0
8.17818e-12
1.14336e-15
1.66395e-08
1.46143e-13
4.1818e-12
2.73965e-10
3.56617e-11
2.97135e-11
1.18662e-09
0.0317212
0.136096
5.17023
0
0
0
5.45695e-08
3.0253e-06
3.46178e-07
0.000148446
4.12561e-05
0.113908
0.00216883
0.00673933
1.99569e-14
7.55037e-13
1.21176e-12
0
0
0
0.00319459
0.000737986
0.0373697
0.0118569
13.6063
0.495014
1.53596
0
0
0
0
0
0
0
0
0
0
6.23654e-16
0
0
0
0
0
0
0
0
0
0
5.67525e-14
0
0
0
283.316
0.0096844
9.93499
273.69
0.0001895
4.43956e-06
0.511226
5.47415
0.109145
339.195
173.8
160.216
0.00193169
63.211
51.4319
4.88535
0
0
0
0
0
0
473.8
404.554
450.703
1160.74
1021.55
1098.21
961.044
894.779
780.464
582.502
549.052
564.992
982.776
667.025
376.695
367.29
455.602
646.499
514.682
681.461
509.546
867.015
943.957
1072.34
723.999
828.122
761.629
678.632
587.31
639.403
509.588
543.342
629.234
1460.62
1108.48
1371.96
1623.15
1590.66
1522.84
1564.62
1360.28
1455.46
1538.8
1481.83
1425.26
1300.74
1210.03
1343.15
1238.95
556.125
505.421
428.217
328.224
345.891
448.399
390.456
465.362
440.938
350.026
264.919
299.613
0
3.21083e-05
3.51377e-06
0
0
0
0
0
0
521.384
499.086
659.298
731.779
570.934
562.38
687.27
617.444
141.798
246.245
230.258
189.061
227.32
313.381
203.174
169.382
73.9734
46.4923
131.863
94.1026
1.22278e-08
3.26758e-11
7.52324e-12
1.69408e-10
1.39334e-09
1.22477e-10
2.09859e-12
5.26197e-12
6.37777e-08
5.05328e-07
7.82861e-09
2.19838e-12
6.77703e-14
1.15376e-13
2.03623e-13
3.68995e-14
1.35125e-15
3.65877e-14
6.49598e-09
1.81636e-10
1.86863e-10
5.35126e-12
1641.19
1423.02
1487.29
1631.59
1638.43
1592.68
1588.89
1587.53
1596.26
1647.2
1545.14
1543.64
1477.1
1457.27
1536.88
1517.04
0.437374
0.0215537
0.452694
0
0
0
0
6.23654e-16
0
0
0
1.35125e-15
2.53619e-14
0
0
1.03942e-16
0
0
0
0
0
0.00687747
0.000678898
0.0175955
0.387532
0.168438
1.16135e-05
0.00026117
1.38434e-08
2.70488e-07
6.29932e-09
1.56472e-07
9.03316e-06
2.62759e-05
0.000714269
2.69671e-08
8.72008e-07
3.03238e-07
1.1284e-12
1.33334e-10
0
0
0
0
0.0176408
0.000962877
5.08425e-05
6.75055e-06
0.000160906
0.00895155
564.935
430.024
519.781
597.052
650.648
496.551
545.932
475.022
639.602
848.765
744.98
682.792
777.348
707.241
621.929
564.713
382.837
259.445
228.87
498.125
575.318
786.115
446.947
330.084
349.414
276.45
478.354
417.569
423.996
634.158
509.79
458.343
518.291
332.204
397.03
446.878
963.896
646.55
874.457
546.653
857.286
570.533
582.304
532.356
722.301
881.818
995.182
1090.7
811.791
902.446
800.928
579.865
645.272
724.446
614.137
894.955
1005.56
1123.8
1009.68
906.554
808.6
716.013
790.774
695.638
634.741
572.717
1353.66
1225.22
1117.89
1243.9
5.89331e-06
3.2535e-05
5.82415e-06
5.25462e-07
4.59603e-07
5.46457e-07
7.43741e-06
7.20986e-06
7.28671e-06
)
;
    }
    outlet
    {
        type            calculated;
        value           nonuniform List<scalar> 
156
(
0
0
0
0
0
0
0
0
0
0
0
0
0
0
0
0
0
0
0
0
0
0
0
0
0
0
0
0
0
0
0
0
0
0
0
0
0
0
0
0
0
0
0
0
1.45519e-15
3.45088e-14
1.09139e-13
0
0
0
0
0
0
0
0
0
0
0
0
0
0
0
0
0
0
0
0
0
0
0
0
0
0
0
0
0
0
0
0
0
0
0
0
0
0
0
0
0
1.03942e-16
0
0
0
0
0
0
0
0
0
0
0
0
0
0
0
0
0
0
0
0
0
0
0
0
0
0
0
0
0
0
0
0
0
0
0
0
0
0
0
0
0
0
0
0
0
0
1.03942e-16
0
0
0
0
0
0
0
0
0
0
0
0
0
0
0
0
0
3.8968e-13
1.14503e-12
3.84586e-14
)
;
    }
    wall
    {
        type            calculated;
        value           nonuniform List<scalar> 
430
(
162.506
30.0356
61.7178
6.00007
96.575
122.448
27.6438
74.5406
0.00453597
0.000157746
2.34239e-09
1.3794e-08
1.45685e-12
4.23149e-13
1.72232e-13
2.14121e-14
296.603
105.233
5.36479
1.43692e-05
0.867007
6.62508e-07
1.14987e-07
4.32767e-09
1.15334e-10
9.20419e-12
2.83783e-07
1.64319e-08
2.83127e-09
1.15168e-10
5.0703e-12
3.9207e-13
0.109145
0.0526984
339.195
142.952
3.14964
173.8
5.47415
1.55887e-06
30.8621
0.171547
6.67885e-05
2.32695
0.000719274
2.72429e-08
0.0777928
0.316498
0.00236242
1.09264e-06
0.009752
4.61014e-06
5.3316e-11
4.79219e-06
8.55816e-05
2.64071e-07
1.13142e-09
2.74927e-06
2.68746e-09
0.00653937
0.000310263
213.11
82.6963
0.508781
24.4474
0.0187991
3.27759e-07
1.79406
0.0555959
2.62717e-05
0.0267318
1.29227e-05
7.20934e-10
0.00121556
0.0122492
0.000369754
1.69969e-07
3.69103e-05
2.18882e-08
3.54443e-12
1.90669e-10
8.55904e-11
0.00193169
0.000863951
9.85889e-05
5.44872e-06
3.60029e-08
8.17631e-09
6.83756e-10
2.597e-11
2.29702e-12
1.35853e-13
3.51553e-12
2.39983e-10
8.03889e-11
1.57254e-11
4.45364e-08
2.50984e-07
3.59463e-08
2.09157e-08
47.1072
16.2346
114.432
137.911
230.19
25.3948
95.3153
73.0491
2.43919
8.16847
28.1855
51.2715
0.0391679
0.394131
9.38164
1.24437
0.000142259
0.00269592
0.00416052
0.0824806
1.73079e-10
3.55553e-07
1.78499e-09
6.32003e-06
0.000172866
6.48183e-06
17.7919
0.000339294
2.55164e-05
0.000740299
0.0101868
0.116228
2.33048
3.04793e-07
4.51683e-08
465.174
231.396
514.682
596.962
646.499
370.637
504.541
363.958
640.002
681.461
230.784
320.214
90.2186
124.705
562.011
441.771
182.905
153.474
50.968
5.20715
0.019359
0.421309
0.273217
1.35693e-05
3.21083e-05
1.53306e-06
9.61263e-08
8.32336e-10
5.54971e-09
4.04576e-10
2.03756e-10
1.79789e-11
7.01852e-11
3.37958e-12
1.02653e-12
9.11574e-14
2.20669e-13
1.19534e-14
2.80644e-15
2.07941e-07
7.82861e-09
3.21822e-09
5.05328e-07
1.94315e-11
2.22644e-12
1.0815e-10
5.26156e-13
5.06303e-13
4.76056e-14
1.78001e-12
1.4448e-14
1.14336e-15
0
5.82077e-15
0
9.73003e-13
1.22477e-10
5.11104e-11
2.09859e-12
2.46047e-08
3.13094e-11
4.05962e-10
1.69912e-09
9.99727e-12
1.52483e-13
2.72121e-13
5.16655e-12
1.05917e-13
8.31538e-16
2.28673e-15
3.67956e-14
1.89175e-14
1.35125e-15
1.14336e-15
3.68995e-14
1.34501e-13
5.88729e-13
6.8184e-12
2.89999e-14
6.23654e-16
4.49031e-14
1.35125e-15
1.17455e-14
0
3.94981e-15
5.405e-15
0
0
3.11827e-16
0
0
0
0
0
0
9.45874e-14
4.00178e-14
2.06627e-12
9.9296e-13
0
0
0
0
0
0
0
0
0
0
0
0
0
0
0
0
0
0
0
0
0
0
0
0
0
0
0
0
0.0181444
0.00114002
1.02755e-07
0.385418
0.00111844
1.60752e-06
3.92156
0.19953
0.0237162
5.56746e-05
4.43991e-05
2.31663e-06
9.66321e-09
4.78895e-09
2.47098e-11
4.69064e-10
9.73367e-12
2.14953e-10
6.70428e-14
2.11003e-14
0
1.14336e-15
1.60497e-12
6.16793e-13
1.45737e-11
3.34348e-11
0
0
0
0
1.76702e-15
0
0
3.11827e-16
0
0
0
0
0
0
0
0
0
0
0
0
0
0
0
0
0
0
0
0
0
0
0
0
0
0
0
0
0
0
0
0
1.87096e-15
0
0
1.03942e-16
0
0
0
0
0
0
0
0
0
0
0
0
0
0
0
0
0
0
0
0
0
0
0
0
0
0
0
0
0.00917807
0.025269
0.00215697
0.0576708
259.445
5.7785
1.96419e-06
47.1403
2.94264e-05
3.68089e-09
446.947
218.402
45.8094
0.296632
0.235055
4.90175e-05
1.19418e-07
634.158
136.094
150.538
292.963
138.217
0.633061
10.5805
4.8771
0.000317606
0.000760381
1.04796e-08
1.05889e-08
728.695
435.947
132.447
53.5847
16.0221
395.473
6.7458
0.0560863
2.50062e-06
786.115
577.526
292.666
616.04
466.661
258.175
46.7119
1.46833
76.0537
18.8334
34.4135
1.31504
0.00830463
1.15069e-07
3.3871e-10
6.5628e-10
857.286
406.575
559.047
195.754
818.818
233.221
540.516
128.041
874.457
808.093
365.006
292.385
710.691
710.78
162.516
231.228
)
;
    }
    wall2
    {
        type            calculated;
        value           nonuniform List<scalar> 
226
(
163.605
91.6274
3.30898
31.1326
2.47555e-05
3.9964e-05
0.001255
0.000925985
2.09978e-07
4.15072e-07
5.23751e-09
1.04383e-08
966.148
815.123
464.8
407.927
335.065
309.429
560.657
686.062
354.507
374.924
226.629
274.01
0.00175688
0.000142597
0.00454076
5.70625e-05
0.00110508
2.03488e-05
3.63061e-05
0.000631004
7.19645e-05
8.16783e-06
0.000262565
2.16389e-06
1.31972e-05
4.46006e-08
3.85684e-07
1.54907e-06
8.20284e-09
3.671e-09
1.28505e-07
2.39703e-10
4.30543e-10
3.42147e-12
1.29464e-11
2.28078e-11
4.88238
47.2852
41.0808
6.52809
0.0509212
3.99227
0.135371
1.50258
0.00230552
0.247551
0.0080962
0.0710455
2.78655e-07
0.000141755
4.38875e-06
8.99475e-06
2.37205
13.5872
29.2346
0.64491
0.0316755
0.546767
0.911633
0.018578
0.000436574
0.00166522
0.0135199
5.24364e-05
1.44602e-08
1.75601e-08
4.61425e-07
5.60831e-10
0.000347492
4.66566
0.00849155
1.31694e-06
4.1671e-08
1.68404e-08
0.00899287
1.33992e-05
0.000327818
28.519
85.3302
33.1188
0.230702
0.186759
4.73607
6.50261e-07
0.195895
3.124
0.113954
0.00691054
190.805
264.07
63.0489
8.06492
326.998
305.43
119.052
79.8675
146.259
69.9156
169.143
240.201
218.426
112.855
140.955
186.26
117.97
76.1131
18.5439
278.002
135.331
51.0136
46.487
1.30635
404.554
205.269
343.408
380.506
159.314
99.6929
37.4571
21.9555
187.186
461.335
659.298
584.739
349.846
428.207
512.983
233.179
351.449
305.398
206.106
256.992
276.293
499.086
416.828
278.09
0.255722
0.0175955
0.0110081
0.387532
0.101691
0.000799316
0.00391767
0.0235902
1.4862e-05
0.000714269
0.000424405
2.62759e-05
5.33317e-08
4.20856e-06
1.19673e-07
1.7686e-06
1.80711e-09
2.44279e-07
7.12415e-09
6.29106e-08
2.58296e-13
1.02322e-10
2.92348e-12
6.85374e-12
4.72141e-07
2.69671e-08
1.41736e-08
8.72008e-07
4.26124e-06
2.46294e-05
0.000134826
7.10169e-07
1.23242e-07
5.3987e-10
3.42536e-09
1.91702e-08
1.57586e-09
9.89673e-11
3.30303e-09
5.36572e-11
3.47143e-08
6.2897e-07
1.13783e-06
1.89737e-08
1.03301e-09
1.97856e-11
3.42166e-11
5.60356e-10
5.12571e-11
6.6364e-12
2.02968e-10
2.25524e-12
3.08496e-10
1.25621e-09
1.09255e-08
3.66491e-11
8.52337e-12
1.0072e-13
3.17336e-13
1.07289e-12
1.99569e-14
1.0573e-12
4.03296e-13
3.15984e-13
6.96413e-15
4.05375e-15
8.38814e-14
6.23654e-16
1.76702e-15
1.03942e-14
0
7.69173e-14
2.17031e-13
9.09495e-14
0
0
3.22221e-15
9.97846e-15
)
;
    }
    wall3
    {
        type            calculated;
        value           nonuniform List<scalar> 
530
(
1.05379e-05
3.74772e-08
4.16794e-09
1.73026e-11
2.69165e-07
5.10946e-06
1.28403e-07
1.55462e-09
2.88929e-08
1.40873e-09
1.67491e-10
4.18615e-09
1.8017e-10
5.46736e-13
7.5487e-12
1.89799e-13
1.74864e-09
2.07335e-10
0.000396968
5.46435e-06
1.46211e-07
9.88393e-07
2.37413e-07
1.09509e-08
9.55852e-08
9.58647e-09
2.98476e-10
5.4744e-10
3.79647e-09
2.39254e-12
1.06832e-12
9.4786e-12
6.14299e-14
0.000197377
4.33596e-05
1.09167e-06
4.21613e-09
2.71455e-08
5.87237e-07
4.02257e-07
1.97298e-08
4.71605e-10
9.33515e-10
8.15994e-08
2.30858e-08
1.00075e-09
9.03185e-12
3.88448e-11
5.29629e-09
5.8682e-10
2.94716e-10
3.7195e-11
1.35697e-11
8.42964e-11
2.39857e-12
4.22213e-13
6.23654e-16
1.02903e-14
1.03942e-16
3.66916e-14
1.65979e-10
6.45481e-14
4.90098e-12
1.35125e-15
2.68057e-12
3.11827e-16
7.19592e-13
2.13082e-13
6.44442e-15
0
0
0
6.64561e-09
3.11827e-16
8.08372e-11
2.75447e-14
3.15699e-09
1.03942e-16
1.86465e-11
5.92471e-15
1.32017e-10
0
6.79026e-10
0
6.33431e-11
0
2.60458e-12
3.11827e-16
6.21871e-11
0
1.61869e-12
1.82237e-11
3.96303e-11
5.94175e-12
2.24619e-13
6.5677e-12
4.39676e-14
2.63805e-13
1.35177e-12
1.55913e-14
0
4.26163e-15
1.11634e-13
1.76702e-15
0
0
0
0
0
0
2.3421e-06
1.37609e-06
8.65568e-08
0.0807071
0.0950854
0.0158121
0.0194973
3.93418e-05
5.55357e-05
2.38565e-05
3.4326e-05
1.31049e-06
1.91501e-06
2.36788e-07
3.26646e-07
7.75813e-09
1.13398e-09
2.48349e-05
2.42103e-06
9.37016e-07
7.88873e-06
7.4424e-06
4.40025e-06
7.52755e-07
2.93123e-07
2.48855e-07
0.0949122
0.100548
0.000733234
0.0012516
6.48577e-05
0.000141983
6.38909e-06
1.78083e-05
2.4849e-06
7.05354e-06
4.22747e-08
4.99651e-08
1.33648e-08
5.96563e-10
1.94403e-11
0.165682
0.0454639
0.190475
0.0513606
0.00860098
0.00141786
0.0115273
0.00184877
0.000128574
1.94249e-05
0.000174977
5.03428e-05
1.15738e-05
1.319e-05
3.18397e-05
1.91024e-05
5.13702e-06
6.42419e-07
7.47163e-06
1.92138e-06
1.31481e-07
4.94864e-08
3.42006e-07
4.27543e-08
1.2461e-08
8.62753e-09
1.37223e-09
5.61775e-10
1.87305e-11
0
0
0
0
5.19711e-14
1.98801e-11
1.18662e-09
7.13285e-10
2.97135e-11
0
0
0
7.77488e-14
1.25425e-11
3.05278e-13
2.60219e-12
0
0
0
1.14336e-14
4.35102e-13
1.48637e-14
3.6307e-13
0
0
0
0
6.34048e-15
0
3.22221e-15
0
0
0
7.2032e-14
3.11827e-16
6.23654e-16
5.45695e-08
2.77421e-08
1.83135e-05
4.04273e-09
7.39354e-09
2.66436e-06
0.00151717
0.00574683
0.000269953
0.00102879
5.29586e-13
1.99569e-14
1.53835e-14
7.55037e-13
6.2329e-12
1.21479e-10
2.24488e-10
2.96235e-12
1.50924e-13
1.03942e-15
2.80644e-15
6.09102e-14
4.76899e-10
9.16611e-11
3.45737e-09
2.0724e-11
4.88482e-11
2.15391e-09
6.18074e-07
3.60649e-07
6.23654e-16
0
4.98923e-15
0
6.16378e-14
9.84437e-13
1.70278e-12
3.99138e-14
3.11827e-16
0
0
1.03942e-16
9.16646e-12
9.8292e-12
3.83588e-10
1.33254e-12
1.94507e-12
1.29717e-10
3.30536e-08
8.95958e-09
2.26184e-08
0
0
0
0
1.14336e-15
4.76056e-14
8.06592e-14
4.15769e-16
0
0
0
0
1.88759e-13
1.2182e-13
5.67504e-12
5.92471e-15
1.15376e-14
9.7477e-13
6.30659e-10
1.77128e-09
6.15677e-11
2.35214e-10
0
0
0
0
0
0
0
0
0
0
0
0
0
0
0
0
7.21151e-13
0
0
0
0
0
0
0
0
0
0
0
0
6.776e-13
2.1516e-14
2.12042e-14
0.000148446
9.12523e-07
0.000737986
0.0373697
5.09504e-06
0.000278268
0
0
0
0
0
8.35398e-08
1.22129e-08
4.7686e-07
5.86998e-08
0
0
0
0
0
6.03902e-09
1.1179e-09
2.91052e-08
5.01113e-09
2.31413e-08
0
0
0
0
0
2.33326e-10
1.793e-13
6.99739e-12
1.17642e-09
7.21071e-09
1.57431e-12
4.40362e-11
2.37772e-10
7.04988e-12
0
5.82077e-15
0
0
0
2.84282e-13
0
0
0
0
4.12561e-05
6.73392e-05
1.09506e-05
1.99352e-07
0.00319459
0.000343684
0.0118569
0.0180495
5.95394e-05
2.29475e-05
0.0033222
8.73257e-05
0
0
0
0
0
0
0
0
0
0
0
0
0
0
0
1.4118e-08
2.71066e-08
1.72804e-08
1.53347e-09
2.0916e-06
1.51031e-07
9.10502e-08
2.04638e-07
0
0
0
0
0
0
0
0
0
0
0
0
0
0
0
6.94629e-10
3.63636e-09
1.45419e-09
8.60029e-11
8.63039e-08
1.63259e-08
6.3565e-09
5.70769e-09
5.65309e-08
1.24776e-08
0
0
0
0
0
0
0
0
0
0
0
0
0
0
0
1.8104e-11
6.91631e-11
1.24286e-11
4.78446e-13
7.39029e-14
1.62987e-09
3.98286e-10
4.13346e-09
4.21921e-09
6.17938e-11
4.31824e-11
1.91545e-12
6.22997e-10
1.30855e-10
5.83667e-12
0
0
0
1.45519e-15
0
0
0
0
0
0
0
0
0
0
0
2.11107e-13
8.62721e-15
4.6774e-15
0
0
0
0
0
0
0
0
0
0
0
0
0
0
0
0
0
0
0
0
0
0
0
0
0
0
0
0
0
0
0
0
0
0
0
0
0
0
0
0
0
0
0
0
0
0
0
0
0
0
0
0
)
;
    }
    internalPatch
    {
        type            internal;
    }
    procBoundary1to0
    {
        type            processor;
        value           nonuniform List<scalar> 
404
(
0
0
0
0
0
2.82827e-13
1.57992e-13
0
0
0
0
0
0
0
0
0
0
0
0
2.79085e-13
5.07966e-13
5.33016e-13
5.33016e-13
1.57992e-13
0
0
0
0
0
0
0
0
0
0
0
0
0
0
0
0
0
0
0
0
1.64645e-13
1.64645e-13
5.07966e-13
5.07966e-13
1.27222e-11
1.29345e-11
1.58257e-10
3.59276e-12
5.97668e-14
0
0
0
0
0
0
0
0
0
0
0
0
0
0
0
0
0
0
0
0
0
0
0
0
0
0
0
0
7.06807e-15
1.59032e-14
1.59032e-14
1.96867e-13
2.25727e-11
1.73667e-11
1.73667e-11
3.29538e-10
5.51122e-09
6.74538e-08
3.33251e-09
3.33251e-09
6.42362e-11
1.09597e-12
9.3548e-15
0
3.33251e-09
3.33251e-09
2.23044e-07
2.23044e-07
5.22115e-06
6.47999e-05
0.00218828
0.00902382
0.0287693
0.0713106
0.135904
3.45653
27.0517
73.8064
126.127
169.549
200.695
222.163
209.731
192.719
170.692
143.202
162.81
182.42
208.469
255.696
327.311
400.13
450.906
485.602
445.945
404.854
361.627
314.249
260.904
198.392
133.206
107.409
81.0134
34.4251
5.03679
0.201306
0.00961545
0.00207942
0.000937562
0.000335297
7.82892e-05
1.14468e-05
1.08874e-06
7.94142e-08
9.33983e-09
1.48104e-09
6.98696e-10
7.50022e-10
4.16439e-11
4.16439e-11
2.31575e-11
1.74415e-13
5.82077e-15
5.82077e-15
2.18279e-15
3.19806e-11
3.19806e-11
6.31158e-10
6.1986e-09
1.23223e-07
1.23223e-07
1.38225e-06
1.38225e-06
3.75405e-06
2.23044e-07
2.23044e-07
1.51229e-05
0.00042389
0.0114518
0.0605813
0.249227
0.788051
1.91456
19.764
61.6604
112.156
155.936
187.803
169.92
146.838
118.41
85.6743
110.436
130.24
149.679
177.547
228.938
301.458
369.89
417
379.619
338.381
292.094
239.193
176.947
112.277
71.6543
25.4668
3.0136
0.181751
0.0412086
0.0185946
0.00682658
0.00162521
0.000243476
2.30316e-05
1.59224e-06
1.48639e-07
2.35249e-08
1.36072e-08
2.47424e-07
2.47555e-06
1.23223e-07
1.23223e-07
1.38225e-06
1.38225e-06
6.81752e-05
0.00158668
0.0387555
0.269752
1.42084
5.12214
11.7486
46.2202
93.2757
137.107
113.077
84.7624
54.8368
27.5181
52.1019
74.3014
92.8093
110.846
139.485
194.218
268.76
335.089
295.641
249.833
195.431
133
69.9057
20.7246
2.97177
0.731612
0.331748
0.125711
0.0307304
0.140584
0.140584
0.140584
0.000453442
3.05254e-05
2.25696e-06
3.42369e-07
3.06818e-06
1.1389e-05
2.79375e-06
1.81365e-05
0.000184364
0.00429192
0.083316
0.734798
4.51708
14.513
29.5452
70.5705
46.3128
23.8747
7.78829
1.18514
8.32268
23.1854
39.7539
54.7083
69.6796
96.0975
151.268
227.884
178.744
124.089
57.347
19.282
8.2047
4.46812
1.8929
0.486203
0.0785256
0.140584
0.140584
0.00767748
0.000515724
3.07984e-05
0.000374407
0.00727812
0.107337
1.05034
5.42165
13.5462
22.6306
32.5837
53.2092
103.606
0
0
0
0
0
0
0
0
0
0
0
0
0
0
0
0
0
0
0
0
0
0
0
0
0
0
0
0
0
0
0
0
0
0
0
0
0
0
0
0
0
0
0
0
0
0
0
0
0
0
0
0
0
0
0
0
0
0
0
0
0
0
0
0
0
0
0
0
0
0
0
0
0
0
0
0
0
0
0
0
0
0
0
0
0
0
0
0
0
0
0
0
0
0
0
0
0
)
;
    }
    procBoundary1to2
    {
        type            processor;
        value           nonuniform List<scalar> 
446
(
1.03942e-16
1.03942e-16
2.98418e-13
2.98418e-13
7.1216e-12
9.65624e-14
1.19159e-12
8.60485e-11
5.46164e-09
1.91797e-07
9.49939e-07
2.61177e-05
0.000259223
0.00846963
0.250998
6.31283
44.4615
119.422
202.663
266.102
303.972
310.559
309.44
312.624
318.133
324.143
330.692
336.645
338.741
328.817
320.26
316.642
332.335
505.677
1645.56
1605.7
1561.87
1504.89
1417.42
1315.42
1285.63
1499.02
2766.42
2296.95
1845.28
1438.45
1165.51
1008.87
926.641
877.264
827.579
761.319
671.94
557.42
418.938
263.216
120.993
29.5982
1.81085
0.0415348
0.0415348
0.0340871
0.000618218
1.62037e-05
1.62037e-05
8.28531e-06
8.0867e-08
1.99726e-09
1.99726e-09
5.95327e-10
1.44626e-10
3.13898e-11
1.78677e-13
1.35125e-15
0
0
0
0
3.11827e-16
6.23654e-16
1.55913e-14
2.43225e-14
7.13148e-13
7.13148e-13
1.1521e-12
1.89165e-12
3.07731e-12
1.52033e-11
9.02109e-11
3.99138e-10
7.78764e-10
5.26624e-10
2.55752e-09
2.55752e-09
3.13479e-12
3.13479e-12
6.23654e-15
0
0
0
0
0
0
0
0
0
0
0
0
0
0
0
0
0
0
0
0
0
0
0
0
1.27849e-13
1.48232e-11
1.48232e-11
4.48729e-10
3.01008e-08
1.76084e-07
4.58945e-07
1.0717e-05
2.29045e-05
0.000135402
0.00426215
0.131827
3.71534
34.2127
103.346
186.736
255.359
301.989
324.181
323.885
325.044
327.076
328.065
327.115
323.77
315.05
298.69
288.429
284.634
306.516
504.782
519.386
545.272
583.781
635.418
766.278
1090.9
842.431
651.151
531.112
470.006
448.331
448.231
447.721
436.032
407.614
360.227
296.849
219.896
134.113
57.8548
11.4496
0.49297
0.0507968
0.00282654
0.00282654
0.00233582
5.74946e-05
1.88851e-06
1.88851e-06
9.56086e-07
1.15633e-08
4.76506e-10
4.76506e-10
2.12282e-10
6.01388e-11
3.30353e-11
3.57977e-13
9.01179e-14
5.09317e-15
0
0
0
3.11827e-16
6.23654e-16
4.24084e-14
4.73977e-14
4.81045e-13
5.17425e-13
5.85871e-12
5.85871e-12
6.2489e-12
1.29726e-11
1.48089e-11
7.36826e-11
1.00865e-10
3.97785e-10
6.22462e-10
6.22462e-10
8.36008e-13
8.36008e-13
2.01232e-13
0
0
0
0
0
0
0
0
0
0
0
0
0
0
0
0
0
0
0
1.27849e-13
3.96405e-12
3.96405e-12
6.00675e-10
6.00675e-10
2.95405e-08
4.15872e-07
2.71045e-06
9.94863e-06
1.97406e-05
4.36714e-05
0.00170629
0.0545699
1.68058
22.9894
83.9564
166.319
239.665
292.94
328.058
336.57
334.963
333.692
330.897
325.194
316.135
302.461
285.031
275.413
270.901
299.237
305.379
323.667
355.53
499.772
369.187
316.032
304.423
310.503
328.481
349.511
364.183
360.689
335.995
297.704
247.927
182.531
104.034
36.2119
4.05295
0.127945
0.0143575
0.00137989
8.73853e-05
8.73853e-05
7.34724e-05
7.43641e-07
7.43641e-07
4.86665e-09
4.86665e-09
1.04791e-09
2.30305e-12
4.34479e-14
1.03942e-16
6.23654e-16
6.23654e-16
3.11827e-16
6.23654e-16
4.24084e-14
4.73977e-14
4.81045e-13
5.17425e-13
4.40377e-11
4.40377e-11
1.05523e-10
1.05523e-10
2.01232e-13
8.22183e-14
8.22183e-14
1.71505e-14
0
0
0
0
0
0
0
0
0
0
0
0
0
0
5.50894e-15
8.31538e-16
1.28577e-13
3.96405e-12
3.96405e-12
2.28731e-11
2.28731e-11
9.57124e-10
1.46949e-09
1.46949e-09
3.84092e-08
9.59335e-07
7.72944e-06
9.82831e-06
3.49189e-05
0.000133565
0.000543469
0.0173759
0.556173
12.1733
61.4892
140.332
218.173
277.409
320.531
344.181
343.411
338.815
332.851
323.789
312.246
296.416
280.061
270.963
266.862
271.025
284.011
274.393
281.894
294.641
309.651
323.611
335.824
347.898
344.173
318.592
278.419
224.025
150.737
71.3517
16.5962
0.881157
0.0262804
0.00370101
0.000419367
4.19749e-05
7.81876e-06
7.81876e-06
7.21714e-06
3.84092e-08
3.84092e-08
1.99944e-08
2.37008e-10
2.37008e-10
5.82839e-11
2.97795e-13
1.26187e-11
1.67869e-05
9.54248e-05
0.000768376
0.00419356
0.14205
4.33471
37.6341
107.944
188.952
254.996
303.504
337.724
350.294
343.515
334.621
323.689
310.338
294.592
279.922
271.346
0
0
0
0
0
0
1.71505e-14
1.9801e-13
1.71505e-14
3.11827e-16
3.11827e-16
0
0
0
0
0
0
0
0
0
5.50894e-15
8.31538e-16
0
0
0
0
0
0
0
0
0
0
4.40377e-11
)
;
    }
    procBoundary1to3
    {
        type            processor;
        value           nonuniform List<scalar> 
77
(
4.88621e-09
1.43078e-08
3.33161e-07
1.31503e-07
1.11076e-07
3.29359e-08
9.28734e-10
1.42036e-11
9.54722e-11
2.93369e-10
4.83415e-12
1.48617e-12
1.86057e-13
1.21612e-14
1.31726e-12
7.43526e-11
3.87651e-09
3.8068e-08
4.19637e-07
4.21288e-06
1.04923e-05
0.000104097
0.000667997
0.00346198
0.0134908
0.0394858
0.0887552
0.157358
0.234112
0.309037
0.371358
0.407807
0.416843
0.0146069
0.000487432
3.15471e-05
1.71233e-06
3.5016e-07
1.39739e-06
7.50138e-07
4.36725e-07
1.25744e-07
4.49958e-08
3.02518e-08
1.01206e-06
1.57181e-07
3.60116e-06
3.81218e-06
1.13638e-05
2.71451e-05
0.000106384
0.000403689
0.00123011
0.00282021
0.00513243
0.00781998
0.0105429
0.0128519
0.014238
0.000474039
3.09339e-05
2.62342e-05
2.3279e-05
1.61568e-05
1.3299e-05
8.21245e-06
6.74463e-06
3.5823e-06
3.36539e-06
5.29544e-06
1.12032e-05
3.93483e-05
8.53139e-05
0.000162204
0.000247448
0.000343493
0.000422384
)
;
    }
    procBoundary1to4
    {
        type            processor;
        value           nonuniform List<scalar> 
32
(
366.871
365.999
375.959
367.328
352.66
338.012
338.282
360.222
551.202
1685.8
1694.91
1687.11
1678.56
540.934
403.739
404.056
404.072
400.444
382.855
358.021
359.396
378.667
384.882
369.285
355.869
357.248
374.046
547.123
542.45
389.014
380.816
377.837
)
;
    }
    procBoundary1to5
    {
        type            processor;
        value           nonuniform List<scalar> 
384
(
53.5889
53.8723
133.248
132.757
130.064
51.8162
8.55949
9.16158
9.28806
7.45671
5.99409
4.31625
2.62416
1.23239
0.43663
0.119113
0.0235879
0.00356167
0.000406336
3.9813e-05
7.74393e-06
5.45631e-06
1.0634e-05
0.000204671
0.00631007
0.00631007
0.0192852
0.0458488
0.0849203
3.57351
30.6217
85.6725
148.002
199.248
235.126
260.413
277.751
283.266
272.882
258.575
240.552
240.552
257.001
281.437
319.179
390.437
476.744
542.71
609.99
703.675
806.171
920.23
1046.8
1184.49
1321.15
1440.81
1532.58
1594.97
1637.07
1666.64
563.11
354.021
326.823
327.683
341.784
360.149
365.485
361.848
356.746
349.062
339.495
336.516
319.138
306.351
297.792
293.648
295.538
298.946
272.72
215.354
214.858
212.142
207.164
125.146
48.4457
43.468
36.9411
28.8262
19.5006
10.3655
3.76392
0.807722
0.12611
0.0145771
0.00131196
9.26379e-05
0.00330852
0.114144
0.114144
0.327161
0.735851
1.30498
23.47
79.2732
148.297
207.581
249.86
280.423
301.184
313.513
315.141
307.817
295.833
280.039
280.039
292.765
315.478
351.81
420.163
516.163
597.525
645.082
682.447
704.933
706.45
687.76
659.973
629.34
602.071
580.017
353.787
318.837
321.299
334.636
353.236
363.068
364.065
360.183
353.344
343.735
332.518
322.486
309.947
301.254
297.102
298.809
301.181
272.995
271.772
268.721
263.403
199.622
117.648
107.548
94.1877
77.1167
56.8011
35.096
15.8515
4.09392
0.512109
0.046781
1.63784
1.63784
4.11914
7.56949
11.0269
63.0817
136.279
204.474
254.131
290.736
317.246
331.781
333.042
327.119
328.4
323.568
311.74
311.74
320.249
337.935
374.71
438.857
543.053
549.832
525.992
474.118
424.307
392.75
372.178
359.51
314.705
317.142
329.748
347.9
359.776
364.019
363.677
358.753
351.616
342.227
330.589
318.683
308.68
303.416
304.206
303.69
305.635
305.635
303.043
256.02
189.474
175.578
157.128
133.18
103.287
69.4202
36.5779
11.9694
11.9694
20.7632
29.4998
36.5883
111.49
188.215
248.14
291.807
323.711
343.46
344.754
331.596
322.037
327.93
334.983
334.63
334.63
335.364
344.201
376.752
438.166
406.93
364.988
339.731
323.783
315.818
315.228
326.405
343.028
356.219
362.794
364.876
363.932
360.234
351.464
341.942
331.12
319.211
312.33
311.831
321.348
329.562
331.673
296.222
245.022
229.651
229.651
133.18
103.287
69.4202
36.5779
50.858
63.1184
72.3094
157.679
228.89
281.807
321.341
344.401
344.401
355.052
346.134
333.295
339.222
346.776
351.658
351.658
342.347
332.552
331.314
351.127
326.467
317.332
314.723
324.216
338.469
351.828
360.441
365.315
367.916
367.021
367.021
352.523
352.523
345.635
334.539
323.227
325.698
284.074
284.074
294.313
242.122
149.148
120.592
86.4602
100.024
109.695
195.537
259.341
306.934
341.103
356.804
356.434
338.214
338.214
354.933
352.685
356.256
351.336
351.336
366.185
355.66
342.793
330.524
323.674
322.929
333.933
346.793
357.875
366.179
371.365
360.475
360.475
362.979
358.757
347.569
331.617
325.698
332.728
300.997
251.087
160.964
133.674
142.741
224.513
282.033
324.388
347.881
351.736
358.264
350.427
339.696
333.118
331.03
304.859
257.252
169.135
245.889
297.923
332.435
340.663
343.894
351.452
328.41
328.41
349.277
338.506
338.506
361.229
341.664
341.664
315.47
315.47
315.47
)
;
    }
}


// ************************************************************************* //
