/*--------------------------------*- C++ -*----------------------------------*\
  =========                 |
  \\      /  F ield         | OpenFOAM: The Open Source CFD Toolbox
   \\    /   O peration     | Website:  https://openfoam.org
    \\  /    A nd           | Version:  9
     \\/     M anipulation  |
\*---------------------------------------------------------------------------*/
FoamFile
{
    format      ascii;
    class       volScalarField;
    location    "0.0004";
    object      rho;
}
// * * * * * * * * * * * * * * * * * * * * * * * * * * * * * * * * * * * * * //

dimensions      [1 -3 0 0 0 0 0];

internalField   nonuniform List<scalar> 
2662
(
1.225
1.225
1.225
1.225
1.225
1.225
1.225
1.225
1.225
1.225
1.225
1.225
1.2254
1.22505
3.11649
1.22764
1.33686
1.225
2.83381
2.07026
1.73874
1.70605
1.48288
1.24469
1.26948
2.13359
1.23094
1.33034
1.22789
1.27272
1.22772
1.22512
1.225
1.225
1.225
1.225
1.225
1.225
1.225
1.225
1.225
1.22516
1.22501
1.22502
1.24285
1.23282
1.22544
1.22613
1.29868
1.226
1.25684
1.2258
1.22506
1.22502
1.22708
1.22508
1.225
1.22507
1.22516
1.22864
1.225
1.225
1.225
1.225
1.225
1.22502
1.225
1.22615
1.22505
1.225
1.22518
1.225
1.22511
1.22927
1.22509
1.225
1.225
1.22506
1.22502
1.225
1.225
1.225
1.225
1.225
1.225
1.225
1.225
1.225
1.22501
1.22504
1.225
1.225
1.225
1.225
1.225
1.225
1.225
1.225
1.225
1.225
1.225
1.225
1.225
1.225
1.225
1.225
1.225
1.225
1.225
1.225
1.225
1.225
1.225
1.225
1.225
1.225
1.225
1.225
1.225
1.225
1.225
1.225
1.225
1.225
1.225
1.225
1.225
1.225
1.225
1.225
1.225
1.225
1.225
1.225
1.225
1.225
1.225
1.225
1.225
1.225
1.225
1.225
1.225
1.225
1.225
1.225
1.225
1.225
1.225
1.225
1.225
1.225
1.225
1.225
1.225
1.225
1.225
1.225
1.225
1.225
1.225
1.225
1.225
1.225
1.225
1.225
1.225
1.225
1.225
1.225
1.225
1.225
1.225
1.225
1.225
1.225
1.225
1.225
1.225
1.225
1.225
1.225
1.225
1.225
1.225
1.225
1.225
1.225
1.225
1.225
1.225
1.225
1.225
1.225
1.225
1.225
1.225
1.225
1.225
1.225
1.225
1.225
1.225
1.225
1.225
1.225
1.225
1.225
1.225
1.225
1.225
1.225
1.225
1.225
1.225
1.225
1.225
1.225
1.225
1.225
1.225
1.225
1.225
1.225
1.225
1.225
1.225
1.225
1.225
1.225
1.225
1.225
1.225
1.225
1.225
1.225
1.225
1.225
1.225
1.225
1.225
1.225
1.225
1.225
1.225
1.225
1.225
1.225
1.225
1.225
1.225
1.225
1.225
1.225
1.225
1.225
1.225
1.225
1.225
1.225
1.225
1.225
1.225
1.225
1.225
1.225
1.225
1.225
1.225
1.225
1.225
1.225
1.225
1.225
1.225
1.225
1.225
1.225
1.225
1.225
1.225
1.225
1.225
1.225
1.225
1.225
1.225
1.225
1.225
1.225
1.225
1.225
1.225
1.225
1.225
1.225
1.225
1.225
1.225
1.225
1.225
1.225
1.225
1.225
1.225
1.225
1.225
1.225
1.225
1.225
1.225
1.225
1.225
1.225
1.225
1.225
1.225
1.225
1.225
1.225
1.225
1.225
1.225
1.225
1.225
1.225
1.225
1.225
1.225
1.225
1.225
1.225
1.225
1.225
1.225
1.225
1.225
1.225
1.225
1.225
1.225
1.225
1.225
1.225
1.225
1.225
1.225
1.225
1.225
1.225
1.225
1.225
1.225
1.225
1.225
1.225
1.225
1.225
1.225
1.225
1.225
1.225
1.225
1.225
1.225
1.225
1.225
1.225
1.225
1.225
1.225
1.225
1.225
1.225
1.225
1.225
1.225
1.225
1.225
1.225
1.225
1.225
1.225
1.225
1.225
1.225
1.225
1.225
1.225
1.225
1.225
1.225
1.225
1.225
1.225
1.225
1.225
1.225
1.225
1.225
1.225
1.225
1.225
1.225
1.225
1.225
1.225
1.225
1.225
1.225
1.225
1.225
1.225
1.225
1.225
1.225
1.225
1.225
1.225
1.225
1.225
1.225
1.225
1.225
1.225
1.225
1.225
1.225
1.225
1.225
1.225
1.225
1.225
1.225
1.225
1.225
1.225
1.225
1.225
1.225
1.225
1.225
1.225
1.225
1.225
1.225
1.225
1.225
1.225
1.225
1.225
1.225
1.225
1.225
1.225
1.225
1.225
1.225
1.225
1.225
1.225
1.225
1.225
1.225
1.225
1.225
1.225
1.225
1.225
1.225
1.225
1.225
1.225
1.225
1.225
1.225
1.225
1.225
1.225
1.225
1.225
1.225
1.225
1.225
1.225
1.225
1.225
1.225
1.225
1.225
1.225
1.225
1.225
1.225
1.225
1.225
1.225
1.225
1.225
1.225
1.225
1.225
1.225
1.225
1.225
1.225
1.225
1.225
1.225
1.225
1.225
1.225
1.225
1.225
1.225
1.225
1.225
1.225
1.225
1.225
1.225
1.225
1.225
1.225
1.225
1.225
1.225
1.225
1.225
1.225
1.225
1.225
1.225
1.225
1.225
1.225
1.225
1.225
1.225
1.225
1.225
1.225
1.225
1.225
1.225
1.225
1.225
1.225
1.225
1.225
1.225
1.225
1.225
1.225
1.225
1.225
1.225
1.225
1.225
1.225
1.225
1.225
1.225
1.225
1.225
1.225
1.225
1.225
1.225
1.225
1.225
1.225
1.225
1.225
1.225
1.225
1.225
1.225
1.225
1.225
1.225
1.225
1.225
1.225
1.225
1.225
1.225
1.225
1.225
1.225
1.225
1.225
1.225
1.225
1.225
1.225
1.225
1.225
1.225
1.225
1.225
1.225
1.225
1.225
1.225
1.225
1.225
1.225
1.225
1.225
1.225
1.225
1.225
1.225
1.225
1.225
1.225
1.225
1.225
1.225
1.225
1.225
1.225
1.225
1.225
1.225
1.225
1.225
1.225
1.225
1.225
1.225
1.225
1.225
1.225
1.225
1.225
1.225
1.225
1.225
1.225
1.225
1.225
1.225
1.225
1.225
1.225
1.225
1.225
1.225
1.225
1.225
1.225
1.225
1.225
1.225
1.225
1.225
1.225
1.225
1.225
1.225
1.225
1.225
1.225
1.225
1.225
1.225
1.225
1.225
1.225
1.225
1.225
1.225
1.225
1.225
1.225
1.225
1.225
1.225
1.225
1.225
1.225
1.225
1.225
1.225
1.225
1.225
1.225
1.225
1.225
1.225
1.225
1.225
1.225
1.225
1.225
1.225
1.225
1.225
1.225
1.225
1.225
1.225
1.225
1.225
1.225
1.225
1.225
1.225
1.225
1.225
1.225
1.225
1.225
1.225
1.225
1.225
1.225
1.225
1.225
1.225
1.225
1.225
1.225
1.225
1.225
1.225
1.225
1.225
1.225
1.225
1.225
1.225
1.225
1.225
1.225
1.225
1.225
1.225
1.225
1.225
1.225
1.225
1.225
1.225
1.225
1.225
1.225
1.225
1.225
1.225
1.225
1.225
1.225
1.225
1.225
1.225
1.225
1.225
1.225
1.225
1.225
1.225
1.225
1.225
1.225
1.225
1.225
1.225
1.225
1.225
1.225
1.225
1.225
1.225
1.225
1.225
1.225
1.225
1.225
1.225
1.225
1.225
1.225
1.225
1.225
1.225
1.225
1.225
1.225
1.225
1.225
1.225
1.225
1.225
1.225
1.225
1.225
1.225
1.225
1.225
1.225
1.225
1.225
1.225
1.225
1.225
1.225
1.225
1.225
1.225
1.225
1.225
1.225
1.225
1.225
1.225
1.225
1.225
1.225
1.225
1.225
1.225
1.225
1.225
1.225
1.225
1.225
1.225
1.225
1.225
1.225
1.225
1.225
1.225
1.225
1.225
1.225
1.225
1.225
1.225
1.225
1.225
1.225
1.225
1.225
1.225
1.225
1.225
1.225
1.225
1.225
1.225
1.225
1.225
1.225
1.225
1.225
1.225
1.225
1.225
1.225
1.225
1.225
1.225
1.225
1.225
1.225
1.225
1.225
1.225
1.225
1.225
1.225
1.225
1.225
1.225
1.225
1.225
1.225
1.225
1.225
1.225
1.225
1.225
1.225
1.225
1.225
1.225
1.225
1.225
1.225
1.225
1.225
1.225
1.225
1.225
1.225
1.225
1.225
1.225
1.225
1.225
1.225
1.225
1.225
1.225
1.225
1.225
1.225
1.225
1.225
1.225
1.225
1.225
1.225
1.225
1.225
1.225
1.225
1.225
1.225
1.225
1.225
1.225
1.225
1.225
1.225
1.225
1.225
1.225
1.225
1.225
1.225
1.225
1.225
1.225
1.225
1.225
1.225
1.225
1.225
1.225
1.225
1.225
1.225
1.225
1.225
1.225
1.225
1.225
1.225
1.225
1.225
1.225
1.225
1.225
1.225
1.225
1.225
1.225
1.225
1.225
1.225
1.225
1.225
1.225
1.225
1.225
1.225
1.225
1.225
1.225
1.225
1.225
1.225
1.225
1.225
1.225
1.225
1.225
1.225
1.225
1.225
1.225
1.225
1.225
1.225
1.225
1.225
1.225
1.225
1.225
1.225
1.225
1.225
1.225
1.225
1.225
1.225
1.225
1.225
1.225
1.225
1.225
1.225
1.225
1.225
1.225
1.225
1.225
1.225
1.225
1.225
1.225
1.225
1.225
1.225
1.225
1.225
1.225
1.225
1.225
1.225
1.225
1.225
1.225
1.225
1.225
1.225
1.225
1.225
1.225
1.225
1.225
1.225
1.225
1.225
1.225
1.225
1.225
1.225
1.225
1.225
1.225
1.225
1.225
1.225
1.225
1.225
1.225
1.225
1.225
1.225
1.225
1.225
1.225
1.225
1.225
1.225
1.225
1.225
1.225
1.225
1.225
1.225
1.225
1.225
1.225
1.225
1.225
1.225
1.225
1.225
1.225
1.225
1.225
1.225
1.225
1.225
1.225
1.225
1.225
1.225
1.225
1.225
1.225
1.225
1.225
1.225
1.225
1.225
1.225
1.225
1.225
1.225
1.225
1.225
1.225
1.225
1.225
1.225
1.225
1.225
1.225
1.225
1.225
1.225
1.225
1.225
1.225
1.225
1.225
1.225
1.225
1.225
1.225
1.225
1.225
1.225
1.225
1.225
1.225
1.225
1.225
1.225
1.225
1.225
1.225
1.225
1.225
1.225
1.225
1.225
1.225
1.225
1.225
1.225
1.225
1.225
1.225
1.225
1.225
1.225
1.225
1.225
1.225
1.225
1.225
1.225
1.225
1.225
1.225
1.225
1.225
1.225
1.225
1.225
1.225
1.225
1.225
1.225
1.225
1.225
1.225
1.225
1.225
1.225
1.225
1.225
1.225
1.225
1.225
1.225
1.225
1.225
1.225
1.225
1.225
1.225
1.225
1.225
1.225
1.225
1.225
1.225
1.225
1.225
1.225
1.225
1.225
1.225
1.225
1.225
1.225
1.225
1.225
1.225
1.225
1.225
1.225
1.225
1.225
1.225
1.225
1.225
1.225
1.225
1.225
1.225
1.225
1.225
1.225
1.225
1.225
1.225
1.225
1.225
1.225
1.225
1.225
1.225
1.225
1.225
1.225
1.225
1.225
1.225
1.225
1.225
1.225
1.225
1.225
1.225
1.225
1.225
1.225
1.225
1.225
1.225
1.225
1.225
1.225
1.225
1.225
1.225
1.225
1.225
1.225
1.225
1.225
1.225
1.225
1.225
1.225
1.225
1.225
1.225
1.225
1.225
1.225
1.225
1.225
1.225
1.225
1.225
1.225
1.225
1.225
1.225
1.225
1.225
1.225
1.225
1.225
1.225
1.225
1.225
1.225
1.225
1.225
1.225
1.225
1.225
1.225
1.225
1.225
1.225
1.225
1.225
1.225
1.225
1.225
1.225
1.225
1.225
1.225
1.225
1.225
1.225
1.225
1.225
1.225
1.225
1.225
1.225
1.225
1.225
1.225
1.225
1.225
1.225
1.225
1.225
1.225
1.225
1.225
1.225
1.225
1.225
1.225
1.225
1.225
1.225
1.225
1.225
1.225
1.225
1.225
1.225
1.225
1.225
1.225
1.225
1.225
1.225
1.225
1.225
1.225
1.225
1.225
1.225
1.225
1.225
1.225
1.225
1.225
1.225
1.225
1.225
1.225
1.225
1.225
1.225
1.225
1.225
1.225
1.225
1.225
1.225
1.225
1.225
1.225
1.225
1.225
1.225
1.225
1.225
1.225
1.225
1.225
1.225
1.225
1.225
1.225
1.225
1.225
1.225
1.225
1.225
1.225
1.225
1.225
1.225
1.225
1.225
1.225
1.225
1.225
1.225
1.225
1.225
1.225
1.225
1.225
1.225
1.225
1.225
1.225
1.225
1.225
1.225
1.225
1.225
1.225
1.225
1.225
1.225
1.225
1.225
1.225
1.225
1.225
1.225
1.225
1.225
1.225
1.225
1.225
1.225
1.225
1.225
1.225
1.225
1.225
1.225
1.225
1.225
1.225
1.225
1.225
1.225
1.225
1.225
1.225
1.225
1.225
1.225
1.225
1.225
1.225
1.225
1.225
1.225
1.225
1.225
1.225
1.225
1.225
1.225
1.225
1.225
1.225
1.225
1.225
1.225
1.225
1.225
1.225
1.225
1.225
1.225
1.225
1.225
1.225
1.225
1.225
1.225
1.225
1.225
1.225
1.225
1.225
1.225
1.225
1.225
1.225
1.225
1.225
1.225
1.225
1.225
1.225
1.225
1.225
1.225
1.225
1.225
1.225
1.225
1.225
1.225
1.225
1.225
1.225
1.225
1.225
1.225
1.225
1.225
1.225
1.225
1.225
1.225
1.225
1.225
1.225
1.225
1.225
1.225
1.225
1.225
1.225
1.225
1.225
1.225
1.225
1.225
1.225
1.225
1.225
1.225
1.225
1.225
1.225
1.225
1.225
1.225
1.225
1.225
1.225
1.225
1.225
1.225
1.225
1.225
1.225
1.225
1.225
1.225
1.225
1.225
1.225
1.225
1.225
1.225
1.225
1.225
1.225
1.225
1.225
1.225
1.225
1.225
1.225
1.225
1.225
1.225
1.225
1.225
1.225
1.225
1.225
1.225
1.225
1.225
1.225
1.225
1.225
1.225
1.225
1.225
1.225
1.225
1.225
1.225
1.225
1.225
1.225
1.225
1.225
1.225
1.225
1.225
1.225
1.225
1.225
1.225
1.225
1.225
1.225
1.225
1.225
1.225
1.225
1.225
1.225
1.225
1.225
1.225
1.225
1.225
1.225
1.225
1.225
1.225
1.225
1.225
1.225
1.225
1.225
1.225
1.225
1.225
1.225
1.225
1.225
1.225
1.225
1.225
1.225
1.225
1.225
1.225
1.225
1.225
1.225
1.225
1.225
1.225
1.225
1.225
1.225
1.225
1.225
1.225
1.225
1.225
1.225
1.225
1.225
1.225
1.225
1.225
1.225
1.225
1.225
1.225
1.225
1.225
1.225
1.225
1.225
1.225
1.225
1.225
1.225
1.225
1.225
1.225
1.225
1.225
1.225
1.225
1.225
1.225
1.225
1.225
1.225
1.225
1.225
1.225
1.225
1.225
1.225
1.225
1.225
1.225
1.225
1.225
1.225
1.225
1.225
1.225
1.225
1.225
1.225
1.225
1.225
1.225
1.225
1.225
1.225
1.225
1.225
1.225
1.225
1.225
1.225
1.225
1.225
1.225
1.225
1.225
1.225
1.225
1.225
1.225
1.225
1.225
1.225
1.225
1.225
1.225
1.225
1.225
1.225
1.225
1.225
1.225
1.225
1.225
1.225
1.225
1.225
1.225
1.225
1.225
1.225
1.225
1.225
1.225
1.225
1.225
1.225
1.225
1.225
1.225
1.225
1.225
1.225
1.225
1.225
1.225
1.225
1.225
1.225
1.225
1.225
1.225
1.225
1.225
1.225
1.225
1.225
1.225
1.225
1.225
1.225
1.225
1.225
1.225
1.225
1.225
1.225
1.225
1.225
1.225
1.225
1.225
1.225
1.225
1.225
1.225
1.225
1.225
1.225
1.225
1.225
1.225
1.225
1.225
1.225
1.225
1.225
1.225
1.225
1.225
1.225
1.225
1.225
1.225
1.225
1.225
1.225
1.225
1.225
1.225
1.225
1.225
1.225
1.225
1.225
1.225
1.225
1.225
1.225
1.225
1.225
1.225
1.225
1.225
1.225
1.225
1.225
1.225
1.225
1.225
1.225
1.225
1.225
1.225
1.225
1.225
1.225
1.225
1.225
1.225
1.225
1.225
1.225
1.225
1.225
1.225
1.225
1.225
1.225
1.225
1.225
1.225
1.225
1.225
1.225
1.225
1.225
1.225
1.225
1.225
1.225
1.225
1.225
1.225
1.225
1.225
1.225
1.225
1.225
1.225
1.225
1.225
1.225
1.225
1.225
1.225
1.225
1.225
1.225
1.225
1.225
1.225
1.225
1.225
1.225
1.225
1.225
1.225
1.225
1.225
1.225
1.225
1.225
1.225
1.225
1.225
1.225
1.225
1.225
1.225
1.225
1.225
1.225
1.225
1.225
1.225
1.225
1.225
1.225
1.225
1.225
1.225
1.225
1.225
1.225
1.225
1.225
1.225
1.225
1.225
1.225
1.225
1.225
1.225
1.225
1.225
1.225
1.225
1.225
1.225
1.225
1.225
1.225
1.225
1.225
1.225
1.225
1.225
1.225
1.225
1.225
1.225
1.225
1.225
1.225
1.225
1.225
1.225
1.225
1.225
1.225
1.225
1.225
1.225
1.225
1.225
1.225
1.225
1.225
1.225
1.225
1.225
1.225
1.225
1.225
1.225
1.225
1.225
1.225
1.225
1.225
1.225
1.225
1.225
1.225
1.225
1.225
1.225
1.225
1.225
1.225
1.225
1.225
1.225
1.225
1.225
1.225
1.225
1.23885
1.2251
1.23509
1.22511
1.225
1.225
1.225
1.22745
1.22503
1.22515
1.22501
1.225
1.225
1.225
1.22573
1.225
1.23309
1.22526
1.23164
1.24162
1.23299
1.22521
1.22538
1.22517
1.22548
1.24005
1.22985
1.23217
1.22519
1.22527
1.22512
1.22543
1.225
1.22501
1.225
1.225
1.225
1.225
1.225
1.225
1.225
1.225
1.225
1.225
1.225
1.225
1.23038
1.22626
1.22767
1.22513
1.22506
1.22503
1.22506
1.22811
1.22648
1.22891
1.2252
1.22509
1.22503
1.22507
1.225
1.225
1.225
1.225
1.225
1.225
1.225
1.22513
1.22662
1.22636
1.22503
1.225
1.22503
1.225
1.22508
1.22599
1.22644
1.22503
1.225
1.22502
1.225
1.225
1.225
1.225
1.225
1.225
1.225
1.225
1.22505
1.22528
1.22557
1.225
1.22501
1.22501
1.225
1.2253
1.22591
1.22546
1.22501
1.22501
1.22502
1.225
1.22502
1.22505
1.22578
1.225
1.22501
1.225
1.225
1.22509
1.22504
1.22532
1.22501
1.225
1.225
1.22501
1.225
1.225
1.225
1.225
1.225
1.225
1.225
1.225
1.225
1.225
1.225
1.22501
1.225
1.22501
1.225
1.225
1.225
1.225
1.22501
1.225
1.22501
1.225
1.22503
1.2251
1.225
1.225
1.225
1.225
1.225
1.225
1.225
1.225
1.225
1.225
1.225
1.225
1.225
1.225
1.225
1.225
1.225
1.225
1.225
1.225
1.225
1.225
1.225
1.225
1.225
1.225
1.225
1.225
1.225
1.225
1.225
1.225
1.225
1.22505
1.225
1.225
1.225
1.225
1.225
1.225
1.225
1.225
1.225
1.225
1.225
1.225
1.225
1.225
1.225
1.225
1.225
1.225
1.225
1.225
1.225
1.225
1.225
1.225
1.225
1.225
1.225
1.225
1.225
1.225
1.225
1.225
1.225
1.225
1.225
1.225
1.225
1.225
1.225
1.225
1.225
1.225
1.225
1.225
1.225
1.225
1.225
1.225
1.225
1.225
1.225
1.225
1.225
1.225
1.225
1.225
1.225
1.225
1.225
1.225
1.225
1.225
1.225
1.225
1.225
1.225
1.225
1.225
1.225
1.225
1.225
1.225
1.225
1.225
1.225
1.225
1.225
1.225
1.225
1.225
1.225
1.225
1.36439
1.534
1.22949
1.22501
1.22501
1.225
1.225
1.225
1.225
1.22949
1.46358
1.22857
2.48669
2.46135
3.26539
3.18583
1.2274
1.23673
1.22515
3.40021
2.68
2.70137
3.21643
1.22589
1.43314
1.2276
2.65077
3.50052
3.13035
1.99874
2.38632
2.71496
2.59767
3.11391
3.13394
3.13452
3.06635
2.37941
2.64841
2.57969
3.11203
3.10303
3.11982
3.05709
2.89309
2.95169
3.10532
3.1986
3.11365
2.98559
3.14115
1.22501
1.225
1.225
2.58834
2.54236
1.22524
1.22516
2.82011
2.97196
3.1061
3.17891
3.115
3.05136
3.20375
1.225
1.225
1.225
1.62002
2.49138
1.22501
1.2252
3.15135
3.25259
3.0414
3.0186
2.34054
2.97043
2.43469
3.02415
3.23215
2.99898
3.033
2.40741
2.99226
2.47487
3.29469
3.35459
3.3518
2.83648
2.75858
3.02982
2.53781
3.24598
3.09007
3.29255
2.19184
2.8637
2.67669
1.97104
1.225
1.225
1.225
2.35499
1.27169
1.22508
1.225
3.1259
3.03327
3.27426
2.22869
2.89401
2.72877
1.90001
2.4625
1.39509
1.57495
2.62726
2.40964
1.4279
2.67594
2.42232
1.5476
1.35252
2.54111
2.30754
1.40532
2.63706
3.21064
2.97938
3.35421
2.44242
1.43476
1.70101
2.06665
3.36773
3.34864
3.38645
2.82546
2.56687
2.24629
3.04374
1.30036
2.37168
2.12146
1.87318
1.2942
1.26414
2.10169
1.33475
2.5
2.25625
1.98115
1.31761
1.2735
2.24055
2.62815
1.45752
1.47199
1.42886
1.46232
1.23633
1.23514
2.62769
1.41952
1.46766
1.4386
1.47832
1.23642
1.23399
2.28738
1.41912
1.34936
1.38299
1.32211
1.23295
1.22969
1.99142
1.26858
1.23033
1.36031
1.93335
1.38122
1.27529
1.94362
1.22976
1.2576
1.33241
1.82832
1.36479
1.26986
1.62341
1.25551
1.23134
1.51908
1.24242
1.80621
1.401
2.99945
2.74141
3.30194
2.31946
1.26175
1.64468
1.47513
1.24558
1.29947
1.67599
1.50537
1.22632
1.26851
1.23582
1.98716
1.24399
1.27973
1.23996
1.26786
1.2268
1.22552
2.00972
1.34072
1.35768
1.26918
1.2763
1.2299
1.2266
1.58839
1.22702
1.25226
1.37227
1.29695
1.23854
1.8025
1.25289
1.30961
1.78015
1.53813
1.22588
1.25857
1.23626
1.35963
1.2255
1.22657
1.23175
1.24464
1.22948
1.27758
1.53222
1.22617
1.23486
1.2263
1.23634
1.22528
1.22503
1.22501
1.22521
1.22526
1.2331
1.23486
1.22535
1.22527
1.225
1.225
1.225
1.225
1.225
1.225
1.225
1.225
1.225
1.225
1.225
1.225
1.225
1.225
1.22502
1.2253
1.22752
1.22516
1.31401
1.23922
1.23252
1.22501
1.22524
1.22519
1.23253
1.23418
1.22534
1.22529
1.23416
1.22525
1.23449
1.22534
1.22501
1.22531
1.22501
1.23163
1.22522
1.23388
1.22533
1.22501
1.22524
1.22501
1.23252
1.22511
1.22953
1.22501
1.22524
1.22514
1.225
1.225
1.22507
1.22514
1.23053
1.22819
1.22522
1.22512
1.225
1.225
1.225
1.225
1.225
1.225
1.225
1.2285
1.22502
1.22614
1.225
1.22512
1.22503
1.225
1.225
1.22503
1.22501
1.22536
1.22623
1.22504
1.22501
1.2255
1.22504
1.22674
1.22505
1.225
1.225
1.22501
1.225
1.22503
1.22511
1.22954
1.22651
1.22513
1.22504
1.225
1.22503
1.225
1.225
1.225
1.22527
1.22501
1.225
1.225
1.22502
1.225
1.22521
1.22501
1.225
1.225
1.225
1.225
1.22501
1.225
1.22501
1.225
1.225
1.225
1.225
1.22501
1.225
1.22501
1.225
1.225
1.225
1.225
1.225
1.22501
1.225
1.225
1.225
1.225
1.225
1.225
1.225
1.225
1.225
1.225
1.225
1.225
1.225
1.225
1.225
1.225
1.225
1.225
1.225
1.225
1.225
1.225
1.225
1.225
1.225
1.225
1.225
1.225
1.225
1.225
1.225
1.225
1.225
1.225
1.225
1.225
1.225
1.225
1.225
1.225
1.225
1.225
1.225
1.225
)
;

boundaryField
{
    ground
    {
        type            calculated;
        value           nonuniform List<scalar> 
318
(
1.225
1.225
1.225
1.22506
1.2254
1.225
1.22764
3.11649
1.70605
1.26948
2.07026
1.22502
1.22613
1.24285
1.29868
1.22708
1.22506
1.225
1.225
1.225
1.225
1.22504
1.225
1.225
1.225
1.225
1.225
1.225
1.225
1.225
1.225
1.225
1.225
1.225
1.225
1.225
1.225
1.225
1.225
1.225
1.225
1.225
1.225
1.225
1.225
1.225
1.225
1.225
1.225
1.225
1.225
1.225
1.225
1.225
1.225
1.225
1.225
1.225
1.225
1.225
1.225
1.225
1.225
1.225
1.225
1.225
1.225
1.225
1.225
1.225
1.225
1.225
1.225
1.225
1.225
1.225
1.225
1.225
1.225
1.225
1.225
1.225
1.225
1.225
1.225
1.225
1.225
1.225
1.225
1.225
1.225
1.225
1.225
1.225
1.225
1.225
1.225
1.225
1.225
1.225
1.225
1.225
1.225
1.225
1.225
1.225
1.225
1.225
1.225
1.225
1.225
1.225
1.225
1.225
1.225
1.225
1.225
1.225
1.225
1.225
1.225
1.225
1.225
1.225
1.225
1.225
1.225
1.225
1.225
1.225
1.225
1.225
1.225
1.225
1.225
1.225
1.225
1.225
1.225
1.225
1.225
1.225
1.225
1.225
1.225
1.225
1.225
1.225
1.225
1.225
1.225
1.225
1.225
1.225
1.225
1.225
1.225
1.225
1.225
1.225
1.225
1.225
1.225
1.225
1.225
1.225
1.225
1.225
1.225
1.225
1.225
1.225
1.225
1.225
1.225
1.225
1.225
1.225
1.225
1.225
1.225
1.225
1.225
1.225
1.225
1.225
1.225
1.225
1.225
1.225
1.225
1.225
1.225
1.225
1.225
1.225
1.225
1.225
1.225
1.225
1.225
1.225
1.225
1.225
1.225
1.225
1.225
1.225
1.225
1.225
1.225
1.23885
1.23509
1.225
1.23038
1.2253
1.225
1.22509
1.23309
1.24162
1.22548
1.22538
1.22527
1.22543
1.24005
1.225
1.225
1.22501
1.22745
1.22506
1.22513
1.2252
1.22507
1.22811
1.22501
1.22502
1.22591
1.22573
1.22501
1.225
1.225
1.225
1.225
1.225
1.22501
1.22501
1.22501
1.22501
1.225
1.225
1.225
1.225
1.225
1.225
1.225
1.225
1.225
1.225
1.225
1.225
1.225
1.225
1.225
1.225
1.225
1.225
1.225
1.225
1.225
1.225
1.23673
1.46358
1.43314
1.534
2.46135
2.48669
1.36439
2.68
3.40021
1.22949
3.50052
2.65077
2.37941
3.05709
3.10303
3.13394
3.06635
2.38632
2.95169
3.14115
3.1986
3.17891
3.20375
2.97196
2.75858
3.02982
3.29469
1.5476
2.63706
2.54111
2.62726
2.67594
1.57495
3.36773
3.04374
2.56687
2.37168
2.10169
1.2942
1.31761
2.24055
2.5
1.25551
1.80621
1.51908
1.37227
1.8025
1.25226
)
;
    }
    outlet
    {
        type            calculated;
        value           nonuniform List<scalar> 
509
(
1.225
1.225
1.225
1.225
1.225
1.225
1.225
1.225
1.225
1.225
1.225
1.225
1.225
1.225
1.225
1.225
1.225
1.225
1.225
1.225
1.225
1.225
1.225
1.225
1.225
1.225
1.225
1.225
1.225
1.225
1.225
1.225
1.225
1.225
1.225
1.225
1.225
1.225
1.225
1.225
1.225
1.225
1.225
1.225
1.225
1.225
1.225
1.225
1.225
1.225
1.225
1.225
1.225
1.225
1.225
1.225
1.225
1.225
1.225
1.225
1.225
1.225
1.225
1.225
1.225
1.225
1.225
1.225
1.225
1.225
1.225
1.225
1.225
1.225
1.225
1.225
1.225
1.225
1.225
1.225
1.225
1.225
1.225
1.225
1.225
1.225
1.225
1.225
1.225
1.225
1.225
1.225
1.225
1.225
1.225
1.225
1.225
1.225
1.225
1.225
1.225
1.225
1.225
1.225
1.225
1.225
1.225
1.225
1.225
1.225
1.225
1.225
1.225
1.225
1.225
1.225
1.225
1.225
1.225
1.225
1.225
1.225
1.225
1.225
1.225
1.225
1.225
1.225
1.225
1.225
1.225
1.225
1.225
1.225
1.225
1.225
1.225
1.225
1.225
1.225
1.225
1.225
1.225
1.225
1.225
1.225
1.225
1.225
1.225
1.225
1.225
1.225
1.225
1.225
1.225
1.225
1.225
1.225
1.225
1.225
1.225
1.225
1.225
1.225
1.225
1.225
1.225
1.225
1.225
1.225
1.225
1.225
1.225
1.225
1.225
1.225
1.225
1.225
1.225
1.225
1.225
1.225
1.225
1.225
1.225
1.225
1.225
1.225
1.225
1.225
1.225
1.225
1.225
1.225
1.225
1.225
1.225
1.225
1.225
1.225
1.225
1.225
1.225
1.225
1.225
1.225
1.225
1.225
1.225
1.225
1.225
1.225
1.225
1.225
1.225
1.225
1.225
1.225
1.225
1.225
1.225
1.225
1.225
1.225
1.225
1.225
1.225
1.225
1.225
1.225
1.225
1.225
1.225
1.225
1.225
1.225
1.225
1.225
1.225
1.225
1.225
1.225
1.225
1.225
1.225
1.225
1.225
1.225
1.225
1.225
1.225
1.225
1.225
1.225
1.225
1.225
1.225
1.225
1.225
1.225
1.225
1.225
1.225
1.225
1.225
1.225
1.225
1.225
1.225
1.225
1.225
1.225
1.225
1.225
1.225
1.225
1.225
1.225
1.225
1.225
1.225
1.225
1.225
1.225
1.225
1.225
1.225
1.225
1.225
1.225
1.225
1.225
1.225
1.225
1.225
1.225
1.225
1.225
1.225
1.225
1.225
1.225
1.225
1.225
1.225
1.225
1.225
1.225
1.225
1.225
1.225
1.225
1.225
1.225
1.225
1.225
1.225
1.225
1.225
1.225
1.225
1.225
1.225
1.225
1.225
1.225
1.225
1.225
1.225
1.225
1.225
1.225
1.225
1.225
1.225
1.225
1.225
1.225
1.225
1.225
1.225
1.225
1.225
1.225
1.225
1.225
1.225
1.225
1.225
1.225
1.225
1.225
1.225
1.225
1.225
1.225
1.225
1.225
1.225
1.225
1.225
1.225
1.225
1.225
1.225
1.225
1.225
1.225
1.225
1.225
1.225
1.225
1.225
1.225
1.225
1.225
1.225
1.225
1.225
1.225
1.225
1.225
1.225
1.225
1.225
1.225
1.225
1.225
1.225
1.225
1.225
1.225
1.225
1.225
1.225
1.225
1.225
1.225
1.225
1.225
1.225
1.225
1.225
1.225
1.225
1.225
1.225
1.225
1.225
1.225
1.225
1.225
1.225
1.225
1.225
1.225
1.225
1.225
1.225
1.225
1.225
1.225
1.225
1.225
1.225
1.225
1.225
1.225
1.225
1.225
1.225
1.225
1.225
1.225
1.225
1.225
1.225
1.225
1.225
1.225
1.225
1.225
1.225
1.225
1.225
1.225
1.225
1.225
1.225
1.225
1.225
1.225
1.225
1.225
1.225
1.2253
1.225
1.225
1.225
1.225
1.225
1.22515
1.225
1.22501
1.225
1.225
1.22503
1.225
1.225
1.225
1.225
1.225
1.225
1.23673
1.22501
1.225
3.40021
2.70137
1.22515
1.62002
1.22501
1.225
3.35459
2.53781
2.75858
1.43476
2.06665
3.21064
1.51908
1.401
1.23134
1.24399
1.22552
1.23996
1.22657
1.27758
1.23175
1.225
1.225
1.225
1.22536
1.22501
1.225
1.225
1.22501
1.2255
1.225
1.225
1.225
)
;
    }
    wall
    {
        type            calculated;
        value           nonuniform List<scalar> 0();
    }
    wall2
    {
        type            calculated;
        value           nonuniform List<scalar> 0();
    }
    wall3
    {
        type            calculated;
        value           nonuniform List<scalar> 0();
    }
    internalPatch
    {
        type            internal;
    }
    procBoundary5to0
    {
        type            processor;
        value           uniform 1.225;
    }
    procBoundary5to3
    {
        type            processor;
        value           uniform 1.225;
    }
    procBoundary5to4
    {
        type            processor;
        value           nonuniform List<scalar> 
149
(
1.225
1.225
1.225
1.225
1.225
1.225
1.225
1.225
1.225
1.225
1.225
1.225
1.225
1.225
1.225
1.225
1.225
1.225
1.225
1.225
1.225
1.225
1.225
1.225
1.225
1.225
1.225
1.225
1.225
1.225
1.225
1.225
1.225
1.225
1.225
1.225
1.225
1.225
1.225
1.225
1.225
1.225
1.225
1.225
1.225
1.225
1.225
1.225
1.225
1.225
1.225
1.225
1.225
1.225
1.225
1.225
1.225
1.225
1.225
1.225
1.225
1.225
1.225
1.225
1.225
1.225
1.225
1.225
1.225
1.225
1.225
1.225
1.225
1.225
1.225
1.225
1.225
1.225
1.225
1.225
1.225
1.225
1.225
1.225
1.225
1.225
1.225
1.225
1.225
1.225
1.225
1.225
1.225
1.225
1.225
1.225
1.225
1.225
1.225
1.225
1.225
1.225
1.225
1.225
1.225
1.225
1.225
1.225
1.225
1.225
1.225
1.225
1.225
1.225
1.225
1.225
1.225
1.225
1.225
1.225
1.225
1.225
1.225
1.225
1.225
1.225
1.225
1.225
1.225
1.225
1.225
1.225
1.225
1.225
1.225
1.225
1.225
1.225
1.225
1.225
1.225
1.225
1.225
1.225
1.225
1.225
1.225
1.225
1.225
)
;
    }
    procBoundary5to6
    {
        type            processor;
        value           nonuniform List<scalar> 
198
(
1.225
1.225
1.22501
1.22534
1.23988
1.63543
2.94158
3.48327
3.34549
3.0017
2.83404
2.53713
2.30337
2.0873
1.96707
1.90795
1.9089
1.97065
2.12435
2.40576
2.78261
3.2669
3.66754
3.37451
2.2451
1.30382
1.22732
1.22505
1.225
1.225
1.225
1.225
1.225
1.225
1.225
1.225
1.225
1.225
1.225
1.225
1.225
1.225
1.225
1.225
1.225
1.225
1.225
1.225
1.225
1.225
1.225
1.22502
1.22617
1.26812
2.0085
3.16505
3.45116
3.04259
2.69021
2.44736
2.23714
2.11672
2.0462
2.04777
2.11892
2.28091
2.54006
2.8917
3.38767
3.61062
3.12313
1.87352
1.25874
1.22588
1.22502
1.225
1.225
1.225
1.225
1.225
1.225
1.225
1.225
1.225
1.225
1.225
1.225
1.225
1.225
1.225
1.225
1.225
1.225
1.225
1.225
1.225
1.22512
1.22507
1.22802
1.32202
2.30389
3.21302
3.20769
2.73415
2.54246
2.42249
2.33107
2.32072
2.37681
2.51766
2.76645
3.18639
3.54645
3.35929
2.46406
1.36809
1.22948
1.22509
1.225
1.225
1.225
1.225
1.225
1.225
1.225
1.225
1.225
1.225
1.22501
1.225
1.225
1.22501
1.22503
1.22508
1.22512
1.225
1.225
1.225
1.22514
1.23083
1.22992
1.37438
2.4886
3.29867
3.08356
2.99198
2.90033
2.85666
2.87521
2.99912
3.23718
3.40613
3.22245
2.47698
1.42516
1.23283
1.22519
1.225
1.2252
1.225
1.225
1.225
1.22505
1.2257
1.2304
1.22511
1.22556
1.22676
1.22847
1.22995
1.23068
1.22514
1.39626
1.39939
2.5593
3.32103
3.30036
3.25704
3.18739
3.13125
3.02754
2.72961
1.9938
1.33811
1.23123
1.22512
1.2277
1.25713
1.43144
1.82522
1.24919
1.28872
1.33921
1.37878
2.51364
2.55709
2.39255
2.17746
)
;
    }
}


// ************************************************************************* //
