/*--------------------------------*- C++ -*----------------------------------*\
  =========                 |
  \\      /  F ield         | OpenFOAM: The Open Source CFD Toolbox
   \\    /   O peration     | Website:  https://openfoam.org
    \\  /    A nd           | Version:  9
     \\/     M anipulation  |
\*---------------------------------------------------------------------------*/
FoamFile
{
    format      ascii;
    class       labelList;
    note        "nPoints:4473  nCells:3025  nFaces:10414  nInternalFaces:8687";
    location    "constant/polyMesh";
    object      owner;
}
// * * * * * * * * * * * * * * * * * * * * * * * * * * * * * * * * * * * * * //


10414
(
0
0
0
0
0
0
0
0
1
1
1
1
1
2
2
2
2
2
3
3
3
3
3
4
4
4
4
4
4
5
5
5
5
5
6
6
6
6
6
7
7
7
7
8
8
8
8
9
9
9
10
10
10
11
11
11
12
12
12
13
13
14
14
15
16
16
16
16
16
17
17
17
17
18
18
18
19
19
20
20
21
22
22
22
22
23
23
23
23
24
24
24
24
25
25
25
26
26
26
26
26
27
27
28
28
29
29
29
30
30
30
31
31
32
32
32
32
33
33
33
33
33
34
34
34
34
34
35
35
35
35
35
36
36
36
36
36
36
37
37
37
37
37
37
38
38
38
38
39
39
39
40
40
40
40
41
41
41
41
42
42
42
43
43
43
43
44
44
44
44
45
45
45
46
46
46
46
47
47
47
47
48
48
48
48
49
49
49
49
50
50
50
50
50
50
50
50
51
51
51
51
51
51
51
51
52
52
52
52
52
52
52
52
53
53
53
53
53
53
53
53
53
54
54
54
54
54
54
54
55
55
55
55
55
55
55
55
55
56
56
56
56
56
56
56
56
56
57
57
57
57
57
57
57
57
57
58
58
58
58
58
58
58
58
58
59
59
59
59
59
59
59
60
60
60
60
60
60
60
60
60
61
61
61
61
61
61
61
61
61
62
62
62
62
62
62
62
62
62
63
63
63
63
63
63
63
63
63
64
64
64
64
64
64
64
65
65
65
65
65
65
65
65
65
66
66
66
66
66
66
66
66
66
67
67
67
67
67
67
67
67
67
68
68
68
68
68
68
68
68
68
69
69
69
69
69
69
69
70
70
70
70
70
71
71
71
71
71
71
72
72
72
72
72
72
73
73
73
73
73
73
74
74
74
74
74
74
75
75
75
75
75
76
76
76
76
76
76
77
77
77
77
77
77
78
78
78
78
78
78
79
79
79
79
79
79
79
79
80
80
80
80
80
80
80
80
80
81
81
81
81
81
81
81
81
81
82
82
82
82
82
83
83
83
83
84
84
84
84
85
85
85
85
85
86
86
86
86
86
87
87
87
87
87
87
88
88
88
89
89
89
89
89
90
90
90
90
90
91
91
91
91
91
91
92
92
92
93
93
93
93
93
94
94
94
94
94
95
95
95
95
95
95
96
96
96
97
97
97
97
97
98
98
98
98
98
99
99
99
99
99
99
100
100
100
100
101
101
101
101
101
102
102
102
102
102
103
103
104
104
105
105
105
105
105
106
106
106
106
106
106
107
107
108
108
109
109
109
109
109
110
110
111
111
112
112
112
112
112
113
113
113
113
113
113
114
114
115
115
116
116
116
116
116
116
117
117
118
118
119
119
119
119
119
120
120
120
120
120
120
121
121
122
122
123
123
123
123
123
124
124
124
124
124
124
125
125
125
126
126
126
126
126
127
127
127
127
127
128
128
128
128
128
128
129
129
129
130
130
130
130
130
131
131
131
131
131
132
132
132
132
132
132
133
133
133
134
134
134
134
134
135
135
135
135
135
136
136
136
136
136
136
137
137
137
137
138
138
138
138
138
139
139
139
139
139
140
140
141
141
142
142
142
142
142
143
143
143
143
143
143
144
144
145
145
146
146
146
146
146
147
147
148
148
149
149
149
149
149
150
150
150
150
150
150
151
151
152
152
153
153
153
153
153
153
154
154
155
155
156
156
156
156
156
157
157
157
157
157
157
158
158
159
159
160
160
160
160
160
161
161
161
161
161
161
162
162
162
163
163
163
163
163
164
164
164
164
164
165
165
165
165
165
165
166
166
166
167
167
167
167
167
168
168
168
168
168
169
169
169
169
169
169
170
170
170
171
171
171
171
171
172
172
172
172
172
173
173
173
173
173
173
174
174
174
174
175
175
175
175
175
176
176
176
176
176
177
177
178
178
179
179
179
179
179
180
180
180
180
180
180
181
181
182
182
183
183
183
183
183
184
184
185
185
186
186
186
186
186
187
187
187
187
187
187
188
188
189
189
190
190
190
190
190
190
191
191
192
192
193
193
193
193
193
194
194
194
194
194
194
195
195
196
196
197
197
197
197
197
198
198
198
198
198
198
199
199
199
200
200
200
200
200
201
201
201
201
201
202
202
202
202
202
202
203
203
203
204
204
204
204
204
205
205
205
205
205
206
206
206
206
206
206
207
207
207
208
208
208
208
208
209
209
209
209
209
210
210
210
210
210
210
211
211
211
211
212
212
212
212
213
213
213
213
213
214
214
215
215
216
216
216
216
216
216
217
217
217
217
217
217
218
218
219
219
220
220
220
220
220
221
221
222
222
223
223
223
223
223
223
224
224
224
224
224
224
225
225
226
227
227
227
227
227
227
228
228
229
229
230
230
230
230
230
230
231
231
231
231
231
231
232
232
233
234
234
234
234
235
235
235
235
235
235
236
236
236
236
237
237
237
237
238
238
238
238
238
239
239
239
239
239
239
240
240
240
240
240
240
240
241
241
241
241
241
241
241
242
242
242
242
242
243
243
243
243
244
244
244
244
244
245
245
245
245
245
245
246
246
246
246
246
246
247
247
247
247
247
247
247
248
248
248
248
248
248
248
249
249
249
249
249
249
250
250
250
250
251
251
251
251
251
251
252
252
252
252
252
252
252
253
253
253
253
253
253
253
254
254
254
254
254
254
254
255
255
255
255
255
255
256
256
256
256
257
257
257
257
257
258
258
258
258
259
259
259
259
259
260
260
260
260
260
261
261
261
261
261
262
262
263
263
263
264
264
265
265
265
265
266
266
266
266
267
267
268
268
269
269
269
270
270
270
270
271
271
271
272
272
272
272
273
273
273
273
274
274
275
275
276
276
276
276
277
277
277
278
278
279
279
279
279
280
280
281
283
283
283
284
284
284
285
285
285
285
286
286
286
287
289
290
290
290
290
290
291
291
292
292
292
293
293
293
294
295
295
296
297
297
297
297
298
298
298
299
299
300
300
300
300
301
301
302
304
304
304
304
305
305
306
306
306
307
307
307
307
309
310
310
311
311
311
312
312
312
313
313
313
313
314
314
314
315
317
318
318
318
318
318
319
319
320
320
320
321
321
321
322
323
323
324
325
325
325
325
326
326
326
327
327
328
328
328
328
329
329
330
332
332
332
332
333
333
334
334
334
335
335
335
335
337
338
338
339
339
339
340
340
340
341
341
341
341
342
342
342
343
345
346
346
346
346
346
347
347
348
348
348
349
349
349
350
351
351
352
353
353
353
353
354
354
354
355
355
356
356
356
356
357
357
358
360
360
360
360
361
361
362
362
362
363
363
363
363
365
366
366
367
367
367
368
368
368
369
369
369
369
370
370
370
371
373
374
374
374
374
375
375
375
376
376
377
377
377
377
379
379
380
381
381
381
382
382
382
383
383
383
383
384
384
384
385
387
388
388
388
388
388
389
389
390
390
390
391
391
391
392
393
394
394
395
395
395
395
396
396
396
397
397
398
398
398
398
400
400
401
402
402
402
402
403
403
404
404
404
405
405
405
405
407
408
408
409
409
409
410
410
410
411
411
411
411
412
412
412
413
415
416
416
416
416
416
417
417
418
418
418
419
419
419
420
421
422
422
423
423
423
423
424
424
424
425
425
426
426
426
426
428
428
429
430
430
430
430
431
431
432
432
432
433
433
433
433
435
436
436
437
437
437
438
438
438
439
439
439
439
440
440
440
441
443
444
444
444
444
444
445
445
446
446
446
447
447
447
448
449
450
450
451
451
451
451
452
452
452
453
453
454
454
454
454
456
456
457
458
458
458
458
459
459
460
460
460
461
461
461
461
463
464
464
465
465
465
466
466
466
467
467
467
467
468
468
468
469
471
472
472
472
472
473
473
473
474
474
475
475
475
475
477
477
478
479
479
479
480
480
480
481
481
481
481
482
482
482
483
485
486
486
486
486
486
487
487
488
488
488
489
489
489
490
491
492
492
493
493
493
493
494
494
494
495
495
496
496
496
496
498
498
499
500
500
500
500
501
501
502
502
502
503
503
503
503
505
506
506
507
507
507
508
508
508
509
509
509
509
510
510
510
511
513
514
514
514
514
514
515
515
516
516
516
517
517
517
518
519
520
520
521
521
521
521
522
522
522
523
523
524
524
524
524
526
526
527
528
528
528
528
529
529
530
530
530
531
531
531
531
533
534
534
535
535
535
536
536
536
537
537
537
537
538
538
538
539
541
542
542
542
542
542
543
543
544
544
544
545
545
545
546
547
548
548
549
549
549
549
550
550
550
551
551
552
552
552
552
554
554
555
556
556
556
556
557
557
558
558
558
559
559
559
559
561
562
562
563
563
563
564
564
564
565
565
565
565
566
566
566
567
569
570
570
570
570
571
571
571
572
572
573
573
573
573
575
575
576
577
577
577
578
578
578
579
579
579
579
580
580
580
581
583
584
584
584
584
584
585
585
586
586
586
587
587
587
588
589
590
590
591
591
591
591
592
592
592
593
593
594
594
594
594
596
596
597
598
598
598
598
599
599
600
600
600
601
601
601
601
603
604
604
605
605
605
606
606
606
607
607
607
607
608
608
608
609
611
612
612
612
612
612
613
613
614
614
614
615
615
615
616
617
618
618
619
619
619
619
620
620
620
621
621
622
622
622
622
624
624
625
626
626
626
626
627
627
628
628
628
629
629
629
629
631
632
632
633
633
633
634
634
634
635
635
635
635
636
636
636
637
639
640
640
640
640
640
641
641
642
642
642
643
643
643
644
645
646
646
647
647
647
647
648
648
648
649
649
650
650
650
650
652
652
653
654
654
654
654
655
655
656
656
656
657
657
657
657
659
660
660
661
661
661
662
662
662
663
663
663
663
664
664
664
665
667
668
668
669
669
670
671
671
671
672
672
672
673
674
675
675
676
676
677
678
678
678
679
679
679
680
681
682
682
682
682
683
683
683
684
684
684
685
685
685
686
686
686
686
687
688
689
689
690
690
691
691
692
692
692
693
693
694
696
696
696
697
697
698
698
699
699
700
700
700
702
703
703
703
703
703
703
703
703
703
703
704
704
704
704
704
704
705
705
705
705
706
706
707
707
707
707
707
707
708
708
708
708
708
709
710
711
712
712
712
713
713
714
715
715
715
715
715
716
716
716
716
716
717
718
719
719
720
720
721
721
722
722
722
723
723
723
723
723
723
724
724
724
724
726
726
727
727
727
727
728
728
729
730
731
732
733
733
734
734
734
735
735
735
736
736
738
739
740
740
741
741
741
742
743
743
744
744
745
746
747
747
748
748
748
748
748
749
749
750
750
750
751
751
752
752
754
754
754
755
755
755
756
756
757
757
757
759
761
761
761
761
762
762
763
763
763
764
764
765
767
768
768
768
769
769
769
770
770
771
771
771
773
775
775
775
775
776
776
777
777
777
778
778
779
781
782
782
782
783
783
783
784
784
785
785
785
787
789
789
789
789
790
790
791
791
791
792
792
793
795
796
796
796
797
797
797
798
798
799
799
800
800
803
803
803
804
804
804
805
806
806
807
808
809
810
810
810
811
811
812
813
813
813
814
814
814
815
815
816
816
817
817
818
819
819
819
819
820
820
820
820
821
821
821
822
822
822
823
823
823
824
824
825
825
825
826
826
826
827
827
828
828
829
829
830
831
831
831
831
831
831
831
831
832
832
832
832
832
832
832
833
833
833
833
833
833
833
834
834
834
834
834
834
834
834
835
835
835
835
835
835
835
835
836
836
836
836
836
836
836
836
837
837
837
837
837
838
838
838
838
838
838
839
839
839
839
839
839
839
840
840
840
840
840
840
840
841
841
841
841
841
841
841
842
842
842
842
842
842
842
843
843
843
843
843
843
843
844
844
845
845
845
845
846
846
846
847
847
847
848
848
848
849
849
849
850
850
851
851
851
851
852
852
852
853
853
853
854
854
854
855
855
855
856
856
857
857
857
857
858
858
858
859
859
859
860
860
860
861
861
861
862
862
863
863
863
863
864
864
864
865
865
865
866
866
866
867
867
867
868
868
869
869
869
870
870
871
871
872
872
873
873
874
875
875
875
875
875
875
875
875
875
876
876
876
876
876
876
876
877
877
877
877
877
877
877
877
878
878
878
878
878
878
878
878
878
879
879
879
879
879
879
879
879
879
880
880
880
880
880
880
880
880
880
881
881
881
881
881
881
882
882
882
882
882
882
883
883
883
883
883
883
883
884
884
884
884
884
884
884
885
885
885
885
885
885
885
886
886
886
886
886
886
886
887
887
887
887
887
887
887
888
888
889
889
889
889
890
890
890
891
891
891
892
892
892
893
893
893
894
894
895
895
895
895
896
896
896
897
897
897
898
898
898
899
899
899
900
900
901
901
901
901
902
902
902
903
903
903
904
904
904
905
905
905
906
906
907
907
907
907
908
908
908
909
909
909
910
910
910
911
911
911
912
912
913
913
913
914
914
915
915
916
916
917
917
918
919
919
919
919
919
919
919
919
919
920
920
920
920
920
920
920
921
921
921
921
921
921
921
921
921
922
922
922
922
922
922
922
922
922
923
923
923
923
923
923
923
923
923
924
924
924
924
924
924
925
925
925
925
925
925
926
926
926
926
926
926
926
927
927
927
927
927
927
927
928
928
928
928
928
928
928
929
929
929
929
929
929
929
930
930
930
930
930
930
930
931
931
932
932
932
932
933
933
933
934
934
934
935
935
935
936
936
936
937
937
938
938
938
938
939
939
939
940
940
940
941
941
941
942
942
942
943
943
944
944
944
944
945
945
945
946
946
946
947
947
947
948
948
948
949
949
950
950
950
950
951
951
951
952
952
952
953
953
953
954
954
954
955
955
956
956
956
957
957
958
958
959
959
960
960
961
962
962
962
962
962
962
962
962
962
963
963
963
963
963
963
963
964
964
964
964
964
964
964
964
964
965
965
965
965
965
965
965
965
965
966
966
966
966
966
966
966
966
966
967
967
967
967
967
967
968
968
968
968
968
968
969
969
969
969
969
969
969
970
970
970
970
970
970
970
971
971
971
971
971
971
971
972
972
972
972
972
972
972
973
973
973
973
973
973
973
974
974
975
975
975
975
976
976
976
977
977
977
978
978
978
979
979
979
980
980
981
981
981
981
982
982
982
983
983
983
984
984
984
985
985
985
986
986
987
987
987
987
988
988
988
989
989
989
990
990
990
991
991
991
992
992
993
993
993
993
994
994
994
995
995
995
996
996
996
997
997
997
998
998
999
999
999
1000
1000
1001
1001
1002
1002
1003
1003
1004
1005
1005
1005
1005
1005
1005
1006
1006
1006
1006
1006
1006
1007
1007
1007
1007
1007
1007
1008
1008
1008
1008
1008
1008
1009
1009
1009
1009
1009
1009
1010
1010
1010
1010
1010
1011
1011
1011
1011
1011
1011
1011
1011
1011
1012
1012
1012
1012
1012
1012
1012
1012
1012
1013
1013
1013
1013
1013
1013
1013
1013
1013
1014
1014
1014
1014
1014
1014
1015
1015
1015
1015
1015
1015
1016
1016
1016
1016
1016
1016
1016
1017
1017
1017
1017
1017
1017
1017
1018
1018
1018
1018
1018
1018
1018
1019
1019
1019
1019
1019
1019
1019
1020
1020
1020
1020
1020
1020
1020
1021
1021
1022
1022
1022
1022
1023
1023
1023
1024
1024
1024
1025
1025
1025
1026
1026
1026
1027
1027
1028
1028
1028
1028
1029
1029
1029
1030
1030
1030
1031
1031
1031
1032
1032
1032
1033
1033
1034
1034
1034
1034
1035
1035
1035
1036
1036
1036
1037
1037
1037
1038
1038
1038
1039
1039
1040
1040
1040
1040
1041
1041
1041
1042
1042
1042
1043
1043
1043
1044
1044
1044
1045
1045
1046
1046
1046
1047
1047
1048
1048
1049
1049
1050
1050
1051
1052
1052
1052
1052
1052
1053
1053
1053
1053
1053
1053
1054
1054
1054
1054
1054
1054
1055
1055
1055
1055
1055
1055
1056
1056
1056
1056
1056
1056
1056
1056
1056
1056
1056
1056
1057
1057
1057
1058
1058
1058
1058
1058
1058
1058
1058
1058
1058
1059
1059
1059
1059
1059
1059
1059
1059
1059
1059
1059
1060
1060
1060
1060
1060
1060
1060
1060
1060
1060
1060
1061
1061
1061
1061
1061
1061
1061
1061
1061
1061
1061
1062
1062
1062
1062
1062
1062
1062
1063
1063
1064
1064
1064
1064
1065
1065
1065
1066
1066
1066
1067
1067
1067
1068
1068
1068
1069
1069
1070
1070
1070
1070
1071
1071
1071
1072
1072
1072
1073
1073
1073
1074
1074
1074
1075
1075
1076
1076
1076
1076
1077
1077
1077
1078
1078
1078
1079
1079
1079
1080
1080
1080
1081
1081
1082
1082
1082
1082
1083
1083
1083
1084
1084
1084
1085
1085
1085
1086
1086
1086
1087
1087
1088
1088
1088
1088
1089
1089
1089
1090
1090
1090
1091
1091
1091
1092
1092
1092
1093
1093
1094
1094
1094
1095
1095
1096
1096
1097
1097
1098
1098
1099
1100
1100
1100
1100
1100
1100
1100
1100
1101
1101
1101
1101
1101
1101
1101
1102
1102
1102
1102
1102
1102
1102
1103
1103
1103
1103
1103
1103
1103
1104
1104
1104
1104
1105
1105
1105
1106
1106
1106
1107
1107
1107
1108
1108
1108
1109
1109
1109
1110
1110
1110
1111
1111
1112
1112
1112
1112
1113
1113
1113
1114
1114
1114
1115
1115
1115
1116
1116
1116
1117
1117
1118
1118
1118
1118
1119
1119
1119
1120
1120
1120
1121
1121
1121
1122
1122
1122
1123
1123
1124
1124
1124
1124
1125
1125
1125
1126
1126
1126
1127
1127
1127
1128
1128
1128
1129
1129
1130
1130
1130
1130
1131
1131
1131
1132
1132
1132
1133
1133
1133
1134
1134
1134
1135
1135
1136
1136
1136
1136
1137
1137
1137
1138
1138
1138
1139
1139
1139
1140
1140
1140
1141
1141
1142
1142
1142
1143
1143
1144
1144
1145
1145
1146
1146
1147
1148
1148
1148
1148
1149
1149
1149
1149
1150
1150
1150
1150
1151
1151
1151
1151
1152
1152
1152
1152
1153
1153
1153
1154
1154
1154
1154
1155
1155
1155
1156
1156
1156
1157
1157
1157
1158
1158
1158
1159
1159
1160
1160
1160
1160
1161
1161
1161
1162
1162
1162
1163
1163
1163
1164
1164
1164
1165
1165
1166
1166
1166
1166
1167
1167
1167
1168
1168
1168
1169
1169
1169
1170
1170
1170
1171
1171
1172
1172
1172
1172
1173
1173
1173
1174
1174
1174
1175
1175
1175
1176
1176
1176
1177
1177
1178
1178
1178
1178
1179
1179
1179
1180
1180
1180
1181
1181
1181
1182
1182
1182
1183
1183
1184
1184
1184
1184
1185
1185
1185
1186
1186
1186
1187
1187
1187
1188
1188
1188
1189
1189
1190
1190
1190
1191
1191
1192
1192
1193
1193
1194
1194
1195
1196
1196
1196
1196
1197
1197
1197
1197
1198
1198
1198
1198
1199
1199
1199
1199
1200
1200
1200
1200
1201
1201
1201
1202
1202
1202
1202
1203
1203
1203
1204
1204
1204
1205
1205
1205
1206
1206
1206
1207
1207
1208
1208
1208
1208
1209
1209
1209
1210
1210
1210
1211
1211
1211
1212
1212
1212
1213
1213
1214
1214
1214
1214
1215
1215
1215
1216
1216
1216
1217
1217
1217
1218
1218
1218
1219
1219
1220
1220
1220
1220
1221
1221
1221
1222
1222
1222
1223
1223
1223
1224
1224
1224
1225
1225
1226
1226
1226
1226
1227
1227
1227
1228
1228
1228
1229
1229
1229
1230
1230
1230
1231
1231
1232
1232
1232
1232
1233
1233
1233
1234
1234
1234
1235
1235
1235
1236
1236
1236
1237
1237
1238
1238
1238
1239
1239
1240
1240
1241
1241
1242
1242
1243
1244
1244
1244
1245
1245
1245
1246
1246
1246
1247
1247
1247
1248
1248
1248
1249
1249
1250
1250
1250
1251
1251
1252
1252
1253
1253
1254
1254
1255
1256
1256
1256
1257
1257
1258
1258
1259
1259
1260
1260
1261
1262
1262
1262
1263
1263
1264
1264
1265
1265
1266
1266
1267
1268
1268
1268
1269
1269
1270
1270
1271
1271
1272
1272
1273
1274
1274
1274
1275
1275
1276
1276
1277
1277
1278
1278
1279
1280
1280
1280
1281
1281
1282
1282
1283
1283
1284
1284
1285
1286
1286
1287
1288
1289
1290
1292
1292
1292
1293
1293
1293
1293
1293
1294
1294
1294
1294
1294
1295
1295
1295
1295
1295
1295
1296
1296
1296
1297
1297
1297
1297
1297
1298
1298
1298
1298
1298
1299
1299
1299
1299
1299
1299
1300
1300
1300
1301
1301
1301
1301
1301
1302
1302
1302
1302
1302
1303
1303
1303
1303
1303
1303
1304
1304
1304
1304
1305
1305
1305
1306
1306
1306
1306
1306
1307
1307
1307
1307
1307
1308
1308
1308
1308
1308
1309
1309
1309
1309
1309
1309
1310
1310
1310
1311
1311
1311
1311
1311
1312
1312
1313
1313
1313
1313
1313
1313
1313
1314
1314
1314
1315
1315
1315
1315
1315
1315
1316
1316
1317
1317
1317
1317
1317
1318
1318
1319
1319
1320
1320
1320
1320
1320
1321
1321
1321
1321
1321
1321
1322
1322
1323
1323
1324
1324
1324
1324
1324
1325
1325
1326
1326
1327
1327
1327
1327
1327
1328
1328
1328
1328
1328
1328
1329
1329
1330
1330
1331
1331
1331
1331
1331
1332
1332
1333
1333
1334
1334
1334
1334
1334
1335
1335
1335
1335
1335
1335
1336
1336
1337
1337
1338
1338
1338
1338
1338
1339
1339
1340
1340
1341
1341
1341
1341
1341
1342
1342
1342
1342
1342
1342
1343
1343
1344
1344
1345
1345
1345
1346
1346
1346
1346
1346
1347
1347
1347
1347
1347
1347
1348
1348
1348
1349
1349
1349
1349
1349
1350
1350
1350
1350
1350
1351
1351
1351
1351
1351
1351
1352
1352
1352
1353
1353
1353
1353
1353
1354
1354
1354
1354
1354
1355
1355
1355
1355
1355
1355
1356
1356
1356
1356
1356
1357
1357
1357
1358
1358
1358
1358
1358
1359
1359
1359
1359
1359
1360
1360
1360
1360
1360
1361
1361
1361
1361
1361
1361
1362
1362
1362
1363
1363
1363
1363
1363
1364
1364
1365
1365
1365
1365
1365
1365
1365
1366
1366
1366
1367
1367
1367
1367
1367
1367
1368
1368
1369
1369
1369
1369
1369
1370
1370
1371
1371
1372
1372
1372
1372
1372
1372
1372
1373
1373
1373
1374
1374
1375
1375
1375
1375
1375
1376
1376
1377
1377
1378
1378
1378
1378
1378
1379
1379
1379
1379
1379
1379
1380
1380
1381
1381
1382
1382
1382
1382
1382
1383
1383
1384
1384
1385
1385
1385
1385
1385
1386
1386
1386
1386
1386
1386
1387
1387
1388
1388
1389
1389
1389
1389
1389
1390
1390
1391
1391
1392
1392
1392
1392
1392
1393
1393
1393
1393
1393
1393
1394
1394
1395
1395
1396
1396
1396
1396
1396
1397
1397
1397
1397
1397
1397
1398
1398
1398
1399
1399
1399
1399
1399
1400
1400
1400
1400
1400
1401
1401
1401
1401
1401
1401
1402
1402
1402
1403
1403
1403
1403
1403
1404
1404
1404
1404
1404
1405
1405
1405
1405
1405
1405
1406
1406
1406
1406
1406
1407
1407
1407
1408
1408
1408
1408
1408
1409
1409
1409
1409
1409
1409
1410
1410
1410
1410
1410
1411
1411
1411
1411
1411
1411
1412
1412
1412
1413
1413
1413
1413
1413
1414
1414
1415
1415
1415
1415
1415
1415
1416
1416
1416
1417
1417
1417
1417
1417
1417
1418
1418
1419
1419
1419
1419
1419
1419
1420
1420
1420
1421
1421
1422
1422
1422
1422
1422
1422
1422
1423
1423
1423
1424
1424
1425
1425
1425
1425
1425
1426
1426
1427
1427
1428
1428
1428
1428
1428
1429
1429
1429
1429
1429
1429
1430
1430
1431
1431
1432
1432
1432
1432
1432
1433
1433
1434
1434
1435
1435
1435
1435
1435
1436
1436
1436
1436
1436
1436
1437
1437
1438
1438
1439
1439
1439
1439
1439
1440
1440
1441
1441
1442
1442
1442
1442
1442
1443
1443
1443
1443
1443
1443
1444
1444
1445
1445
1446
1446
1446
1446
1446
1447
1447
1447
1447
1447
1447
1448
1448
1448
1449
1449
1449
1449
1449
1450
1450
1450
1450
1450
1451
1451
1451
1451
1451
1451
1452
1452
1452
1453
1453
1453
1453
1453
1454
1454
1454
1454
1454
1455
1455
1455
1455
1455
1455
1456
1456
1456
1456
1456
1457
1457
1457
1458
1458
1458
1458
1458
1459
1459
1459
1459
1459
1459
1460
1460
1460
1460
1460
1461
1461
1461
1461
1461
1461
1462
1462
1462
1463
1463
1463
1463
1463
1464
1464
1465
1465
1465
1465
1465
1465
1465
1466
1466
1467
1467
1467
1467
1467
1467
1468
1468
1469
1469
1469
1469
1469
1469
1470
1470
1470
1471
1471
1472
1472
1472
1472
1472
1472
1472
1473
1473
1473
1474
1474
1475
1475
1475
1475
1475
1476
1476
1477
1477
1478
1478
1478
1478
1478
1479
1479
1479
1479
1479
1479
1480
1480
1481
1481
1482
1482
1482
1482
1482
1483
1483
1484
1484
1485
1485
1485
1485
1485
1486
1486
1486
1486
1486
1486
1487
1487
1488
1488
1489
1489
1489
1489
1489
1490
1490
1491
1491
1492
1492
1492
1492
1492
1493
1493
1493
1493
1493
1493
1494
1494
1495
1495
1496
1496
1496
1496
1496
1496
1497
1497
1497
1497
1498
1498
1498
1498
1498
1499
1499
1499
1499
1499
1499
1499
1499
1500
1500
1500
1500
1500
1500
1500
1501
1501
1501
1501
1501
1501
1501
1501
1502
1502
1502
1502
1502
1502
1502
1503
1503
1503
1503
1503
1503
1504
1504
1504
1505
1505
1505
1505
1505
1506
1506
1506
1506
1506
1506
1506
1507
1507
1507
1507
1507
1507
1507
1508
1508
1508
1508
1508
1508
1508
1509
1509
1509
1509
1509
1509
1509
1510
1510
1510
1510
1510
1510
1511
1511
1511
1512
1512
1512
1512
1512
1513
1513
1513
1513
1513
1513
1513
1514
1514
1514
1514
1514
1514
1514
1515
1515
1515
1515
1515
1515
1515
1516
1516
1516
1516
1516
1516
1516
1517
1517
1517
1517
1517
1518
1518
1518
1518
1518
1519
1519
1519
1519
1519
1520
1520
1520
1520
1520
1520
1520
1520
1521
1521
1521
1521
1521
1522
1522
1522
1523
1523
1523
1523
1524
1524
1524
1524
1524
1525
1525
1525
1525
1526
1526
1526
1527
1527
1527
1527
1527
1528
1528
1528
1528
1528
1529
1529
1529
1529
1529
1530
1530
1530
1530
1530
1530
1530
1530
1530
1530
1531
1532
1532
1532
1532
1532
1532
1533
1533
1533
1533
1533
1534
1534
1534
1534
1534
1535
1535
1535
1535
1535
1536
1536
1537
1538
1538
1539
1539
1540
1540
1541
1541
1542
1542
1543
1544
1544
1545
1545
1546
1546
1547
1547
1548
1548
1549
1550
1551
1552
1553
1554
1556
1556
1556
1557
1557
1557
1557
1558
1558
1559
1559
1559
1559
1559
1559
1560
1561
1561
1562
1562
1562
1562
1562
1562
1563
1564
1564
1564
1564
1565
1565
1565
1565
1566
1566
1567
1567
1567
1567
1567
1567
1568
1569
1569
1570
1570
1570
1570
1570
1570
1571
1572
1572
1572
1572
1572
1573
1573
1573
1573
1573
1574
1574
1574
1574
1574
1575
1575
1576
1576
1576
1576
1576
1577
1578
1578
1578
1578
1578
1579
1579
1580
1580
1580
1580
1580
1581
1582
1582
1582
1583
1583
1583
1583
1583
1584
1584
1584
1584
1584
1585
1585
1585
1585
1585
1586
1586
1587
1587
1587
1587
1587
1588
1589
1589
1589
1589
1589
1589
1590
1590
1591
1591
1591
1591
1591
1593
1593
1593
1593
1593
1593
1594
1594
1594
1594
1594
1594
1594
1595
1595
1595
1595
1595
1596
1596
1596
1596
1596
1597
1597
1597
1597
1597
1597
1598
1598
1598
1598
1598
1598
1598
1599
1599
1599
1599
1599
1600
1600
1600
1600
1600
1601
1601
1601
1602
1602
1602
1602
1602
1603
1603
1603
1603
1603
1604
1604
1604
1604
1604
1604
1604
1605
1605
1605
1605
1605
1605
1605
1606
1606
1606
1606
1606
1607
1607
1607
1607
1607
1608
1608
1608
1608
1609
1609
1609
1609
1609
1610
1610
1610
1610
1610
1611
1611
1611
1611
1611
1611
1611
1612
1612
1612
1612
1612
1612
1612
1613
1613
1613
1613
1613
1614
1614
1614
1614
1614
1615
1615
1615
1615
1615
1615
1615
1616
1616
1616
1616
1617
1617
1617
1617
1617
1617
1618
1618
1618
1618
1618
1618
1619
1619
1619
1620
1620
1620
1620
1621
1621
1621
1622
1622
1622
1622
1623
1623
1623
1623
1624
1624
1625
1625
1626
1626
1626
1627
1627
1627
1627
1628
1628
1628
1629
1629
1629
1629
1630
1630
1630
1630
1631
1631
1632
1632
1633
1633
1633
1633
1634
1634
1634
1634
1635
1635
1635
1636
1636
1636
1636
1637
1637
1637
1637
1638
1638
1639
1639
1640
1640
1640
1640
1640
1641
1641
1642
1642
1642
1643
1643
1643
1644
1645
1645
1646
1647
1647
1647
1647
1648
1648
1648
1649
1649
1650
1650
1650
1650
1651
1651
1652
1654
1654
1654
1654
1655
1655
1656
1656
1656
1657
1657
1657
1657
1659
1660
1660
1661
1661
1661
1662
1662
1662
1663
1663
1663
1663
1664
1664
1664
1665
1667
1668
1668
1668
1668
1668
1669
1669
1670
1670
1670
1671
1671
1671
1672
1673
1673
1674
1675
1675
1675
1675
1676
1676
1676
1677
1677
1678
1678
1678
1678
1679
1679
1680
1682
1682
1682
1682
1683
1683
1684
1684
1684
1685
1685
1685
1685
1687
1688
1688
1689
1689
1689
1690
1690
1690
1691
1691
1691
1691
1692
1692
1692
1693
1695
1696
1696
1696
1696
1696
1697
1697
1698
1698
1698
1699
1699
1699
1700
1701
1701
1702
1703
1703
1703
1703
1704
1704
1704
1705
1705
1706
1706
1706
1706
1707
1707
1708
1710
1710
1710
1710
1711
1711
1712
1712
1712
1713
1713
1713
1713
1715
1716
1716
1717
1717
1717
1718
1718
1718
1719
1719
1719
1719
1720
1720
1720
1721
1723
1724
1724
1724
1725
1725
1725
1726
1726
1726
1727
1727
1727
1727
1728
1728
1728
1729
1729
1730
1731
1731
1731
1731
1731
1732
1732
1733
1733
1733
1734
1734
1734
1735
1736
1736
1737
1738
1738
1738
1739
1739
1739
1740
1740
1740
1741
1741
1741
1742
1742
1742
1742
1743
1744
1744
1745
1745
1745
1745
1746
1746
1747
1747
1747
1748
1748
1748
1748
1750
1751
1751
1752
1752
1752
1752
1752
1753
1753
1754
1754
1754
1755
1756
1756
1756
1757
1757
1757
1757
1758
1758
1758
1759
1759
1760
1760
1760
1760
1762
1762
1763
1764
1764
1764
1764
1765
1765
1765
1766
1766
1766
1766
1767
1767
1767
1767
1768
1769
1770
1770
1771
1771
1771
1771
1771
1772
1772
1773
1773
1773
1774
1774
1774
1775
1776
1777
1777
1778
1778
1778
1778
1779
1779
1779
1780
1780
1781
1781
1781
1781
1783
1783
1784
1785
1785
1785
1785
1786
1786
1787
1787
1787
1788
1788
1788
1788
1790
1791
1791
1792
1792
1792
1793
1793
1793
1794
1794
1794
1794
1795
1795
1795
1796
1798
1799
1799
1799
1799
1799
1800
1800
1801
1801
1801
1802
1802
1802
1803
1804
1805
1805
1806
1806
1806
1806
1807
1807
1807
1808
1808
1809
1809
1809
1809
1811
1811
1812
1813
1813
1813
1813
1814
1814
1815
1815
1815
1816
1816
1816
1816
1818
1819
1819
1820
1820
1820
1821
1821
1821
1822
1822
1822
1822
1823
1823
1823
1824
1826
1827
1827
1827
1828
1828
1828
1829
1829
1829
1830
1830
1830
1830
1831
1831
1831
1832
1833
1833
1834
1834
1834
1834
1834
1835
1835
1836
1836
1836
1837
1837
1837
1838
1839
1840
1840
1841
1841
1841
1842
1842
1842
1843
1843
1843
1844
1844
1844
1845
1845
1845
1845
1846
1847
1847
1848
1848
1848
1848
1849
1849
1850
1850
1850
1851
1851
1851
1851
1853
1854
1854
1855
1855
1855
1855
1855
1856
1856
1856
1857
1857
1857
1858
1858
1858
1858
1859
1860
1860
1861
1861
1862
1862
1862
1862
1863
1863
1863
1864
1864
1864
1864
1865
1865
1865
1865
1866
1867
1868
1868
1869
1869
1869
1869
1869
1870
1870
1871
1871
1871
1872
1872
1872
1873
1874
1875
1875
1876
1876
1876
1876
1877
1877
1877
1878
1878
1879
1879
1879
1879
1881
1881
1882
1883
1883
1883
1883
1884
1884
1885
1885
1885
1886
1886
1886
1886
1888
1889
1889
1890
1890
1890
1891
1891
1891
1892
1892
1892
1892
1893
1893
1893
1894
1896
1897
1897
1897
1897
1897
1898
1898
1899
1899
1899
1900
1900
1900
1901
1902
1903
1903
1904
1904
1904
1904
1905
1905
1905
1906
1906
1907
1907
1907
1907
1909
1909
1910
1911
1911
1911
1911
1912
1912
1913
1913
1913
1914
1914
1914
1914
1916
1917
1917
1918
1918
1918
1919
1919
1919
1920
1920
1920
1920
1921
1921
1921
1922
1924
1925
1925
1925
1926
1926
1926
1927
1927
1927
1928
1928
1928
1928
1929
1929
1929
1930
1931
1931
1932
1932
1932
1932
1932
1933
1933
1934
1934
1934
1935
1935
1935
1936
1937
1938
1938
1939
1939
1939
1940
1940
1940
1941
1941
1941
1942
1942
1942
1943
1943
1943
1943
1944
1945
1945
1946
1946
1946
1946
1947
1947
1948
1948
1948
1949
1949
1949
1949
1951
1952
1952
1953
1953
1953
1953
1953
1954
1954
1954
1955
1955
1955
1956
1956
1956
1956
1957
1958
1958
1959
1959
1960
1960
1960
1960
1961
1961
1961
1962
1962
1962
1962
1963
1963
1963
1963
1964
1965
1966
1966
1967
1967
1967
1967
1967
1968
1968
1969
1969
1969
1970
1970
1970
1971
1972
1973
1973
1974
1974
1974
1974
1975
1975
1975
1976
1976
1977
1977
1977
1977
1979
1979
1980
1981
1981
1981
1981
1982
1982
1983
1983
1983
1984
1984
1984
1984
1986
1987
1987
1988
1988
1988
1989
1989
1989
1990
1990
1990
1990
1991
1991
1991
1992
1994
1995
1995
1995
1995
1995
1996
1996
1997
1997
1997
1998
1998
1998
1999
2000
2001
2001
2002
2002
2002
2002
2003
2003
2003
2004
2004
2005
2005
2005
2005
2007
2007
2008
2009
2009
2009
2009
2010
2010
2011
2011
2011
2012
2012
2012
2012
2014
2015
2015
2016
2016
2016
2017
2017
2017
2018
2018
2018
2018
2019
2019
2019
2020
2022
2023
2023
2023
2023
2024
2024
2024
2024
2025
2025
2026
2026
2026
2026
2027
2027
2027
2028
2029
2029
2030
2030
2030
2030
2030
2031
2031
2032
2032
2032
2033
2033
2033
2034
2035
2036
2036
2037
2037
2037
2038
2038
2038
2038
2039
2039
2040
2040
2040
2041
2041
2041
2041
2042
2043
2043
2044
2044
2044
2044
2045
2045
2046
2046
2046
2047
2047
2047
2047
2049
2050
2050
2051
2051
2051
2052
2052
2052
2053
2053
2054
2054
2054
2055
2055
2055
2056
2057
2058
2058
2058
2059
2059
2059
2060
2060
2061
2061
2061
2062
2062
2062
2063
2064
2065
2065
2065
2065
2065
2066
2066
2066
2067
2067
2068
2069
2070
2070
2070
2070
2070
2071
2071
2071
2072
2072
2072
2072
2073
2073
2073
2074
2074
2075
2076
2076
2077
2077
2077
2077
2077
2078
2078
2078
2079
2079
2079
2079
2080
2080
2080
2081
2081
2082
2083
2083
2084
2084
2085
2085
2086
2086
2087
2087
2087
2088
2088
2089
2091
2091
2092
2092
2093
2093
2094
2094
2095
2095
2095
2097
2098
2098
2099
2099
2100
2100
2101
2101
2101
2102
2102
2104
2105
2105
2106
2106
2107
2107
2108
2108
2109
2109
2109
2111
2112
2112
2113
2113
2114
2114
2115
2115
2115
2116
2116
2118
2119
2119
2119
2119
2120
2120
2121
2121
2121
2122
2122
2122
2122
2124
2125
2125
2126
2126
2127
2127
2128
2128
2129
2129
2130
2130
2130
2132
2133
2133
2133
2134
2134
2134
2135
2136
2136
2136
2136
2137
2137
2137
2138
2139
2139
2140
2140
2141
2141
2141
2142
2143
2143
2143
2144
2144
2144
2144
2145
2146
2146
2147
2147
2147
2148
2148
2148
2148
2149
2149
2149
2150
2150
2150
2151
2151
2151
2152
2153
2154
2154
2154
2154
2155
2155
2155
2156
2156
2157
2159
2160
2160
2161
2161
2162
2162
2163
2163
2163
2164
2164
2165
2167
2167
2168
2168
2169
2169
2170
2170
2171
2171
2171
2173
2174
2174
2174
2174
2175
2175
2176
2176
2176
2177
2177
2178
2180
2181
2181
2182
2182
2183
2183
2184
2184
2184
2185
2185
2186
2188
2188
2189
2189
2190
2190
2191
2191
2192
2192
2192
2194
2195
2195
2195
2196
2196
2197
2197
2198
2198
2198
2199
2199
2200
2202
2202
2202
2202
2203
2203
2204
2204
2205
2205
2205
2207
2208
2209
2209
2209
2210
2210
2211
2211
2211
2212
2212
2212
2215
2216
2216
2217
2217
2217
2218
2219
2219
2219
2220
2220
2220
2221
2221
2222
2222
2223
2223
2223
2223
2223
2223
2224
2224
2224
2224
2224
2224
2225
2225
2225
2225
2225
2225
2226
2226
2226
2226
2226
2227
2227
2227
2228
2228
2228
2229
2229
2229
2229
2229
2230
2230
2230
2231
2231
2231
2232
2232
2232
2232
2232
2233
2233
2233
2233
2234
2234
2234
2234
2234
2235
2235
2235
2235
2236
2236
2236
2237
2237
2237
2237
2237
2238
2238
2238
2238
2239
2239
2240
2241
2241
2241
2242
2242
2243
2243
2243
2244
2244
2244
2247
2248
2248
2248
2248
2249
2249
2250
2250
2251
2251
2251
2253
2254
2255
2255
2255
2256
2256
2257
2257
2257
2258
2258
2258
2261
2262
2262
2262
2262
2263
2263
2264
2264
2265
2265
2265
2267
2268
2269
2269
2269
2270
2270
2271
2271
2271
2272
2272
2272
2275
2276
2276
2276
2277
2277
2277
2278
2278
2279
2279
2280
2280
2283
2283
2283
2284
2284
2284
2285
2286
2286
2287
2288
2288
2289
2290
2290
2290
2291
2291
2291
2292
2292
2292
2292
2292
2293
2293
2293
2293
2293
2294
2294
2295
2295
2296
2297
2297
2297
2297
2297
2298
2298
2299
2300
2300
2300
2300
2300
2301
2301
2302
2302
2303
2304
2304
2304
2304
2304
2305
2305
2306
2306
2307
2307
2308
2308
2309
2310
2311
2311
2311
2311
2311
2312
2312
2313
2313
2314
2314
2315
2315
2316
2317
2318
2318
2318
2318
2318
2319
2319
2320
2320
2321
2321
2322
2322
2323
2324
2325
2325
2326
2326
2327
2327
2328
2328
2328
2329
2329
2329
2330
2330
2331
2332
2332
2332
2333
2333
2333
2334
2334
2334
2335
2335
2336
2336
2337
2338
2339
2339
2339
2340
2340
2340
2341
2341
2341
2342
2342
2343
2343
2344
2345
2346
2346
2346
2347
2347
2347
2348
2348
2349
2349
2350
2351
2353
2353
2353
2353
2354
2354
2355
2355
2356
2356
2356
2357
2358
2360
2360
2360
2361
2361
2362
2362
2362
2363
2363
2363
2366
2367
2367
2367
2367
2368
2368
2369
2369
2370
2370
2370
2372
2373
2374
2374
2374
2375
2375
2376
2376
2376
2377
2377
2377
2380
2381
2381
2381
2381
2382
2382
2383
2383
2384
2384
2384
2386
2387
2388
2388
2388
2389
2389
2390
2390
2390
2391
2391
2391
2394
2395
2395
2395
2395
2396
2396
2397
2397
2398
2398
2398
2400
2401
2402
2402
2402
2403
2403
2404
2404
2404
2405
2405
2405
2408
2409
2409
2409
2409
2410
2410
2410
2411
2411
2411
2412
2412
2412
2413
2414
2415
2416
2416
2416
2417
2417
2417
2418
2418
2419
2419
2419
2421
2423
2423
2423
2423
2424
2424
2425
2425
2425
2426
2426
2427
2429
2430
2430
2430
2431
2431
2431
2432
2432
2433
2433
2433
2435
2437
2437
2437
2438
2438
2438
2439
2439
2440
2440
2440
2441
2441
2441
2442
2443
2444
2444
2444
2444
2445
2445
2446
2446
2446
2447
2447
2448
2450
2451
2451
2451
2452
2452
2453
2453
2454
2454
2458
2458
2459
2459
2460
2460
2460
2460
2461
2461
2461
2461
2461
2462
2463
2465
2465
2466
2466
2467
2467
2468
2468
2469
2469
2470
2471
2472
2472
2473
2473
2474
2474
2475
2475
2476
2476
2477
2478
2479
2479
2480
2480
2481
2481
2482
2482
2483
2483
2484
2485
2486
2486
2487
2487
2488
2489
2489
2490
2491
2493
2493
2493
2493
2494
2494
2495
2495
2495
2496
2496
2497
2499
2500
2500
2501
2501
2502
2503
2503
2504
2504
2507
2507
2507
2508
2508
2508
2509
2509
2510
2510
2511
2512
2514
2514
2515
2515
2516
2516
2517
2518
2519
2521
2521
2522
2522
2523
2524
2524
2525
2525
2526
2526
2527
2528
2528
2529
2529
2530
2531
2531
2532
2532
2533
2533
2534
2535
2535
2536
2536
2537
2538
2538
2539
2539
2540
2540
2541
2542
2542
2543
2543
2544
2545
2545
2546
2546
2547
2547
2548
2549
2549
2550
2550
2551
2552
2552
2553
2554
2556
2556
2556
2557
2557
2558
2558
2558
2559
2559
2560
2560
2560
2561
2561
2562
2562
2562
2563
2563
2564
2564
2564
2565
2565
2566
2566
2566
2567
2567
2568
2568
2568
2569
2569
2570
2570
2570
2571
2571
2572
2572
2572
2572
2573
2573
2574
2574
2575
2575
2575
2576
2576
2576
2577
2577
2578
2578
2578
2579
2579
2580
2580
2580
2581
2581
2582
2582
2582
2583
2583
2584
2584
2584
2585
2585
2585
2585
2586
2586
2586
2586
2587
2587
2587
2587
2588
2588
2588
2588
2588
2588
2588
2589
2589
2589
2589
2590
2590
2591
2592
2592
2592
2593
2593
2593
2594
2594
2594
2595
2595
2596
2596
2596
2597
2597
2597
2598
2598
2598
2599
2599
2599
2600
2600
2600
2601
2601
2601
2602
2602
2603
2603
2603
2604
2604
2604
2605
2605
2605
2606
2606
2606
2607
2607
2607
2608
2608
2608
2609
2609
2610
2610
2610
2611
2611
2611
2612
2612
2612
2613
2613
2613
2614
2614
2614
2615
2615
2615
2616
2616
2617
2617
2618
2618
2619
2619
2620
2620
2620
2621
2621
2622
2622
2622
2623
2624
2624
2625
2625
2625
2626
2626
2627
2627
2627
2628
2628
2628
2629
2629
2629
2630
2630
2630
2631
2631
2631
2632
2632
2632
2633
2633
2633
2633
2634
2634
2634
2635
2635
2635
2635
2636
2636
2637
2637
2637
2637
2637
2638
2638
2638
2639
2639
2640
2640
2640
2641
2641
2642
2643
2643
2643
2643
2644
2644
2644
2645
2645
2645
2645
2646
2646
2647
2647
2647
2647
2647
2648
2648
2648
2649
2649
2650
2650
2650
2651
2651
2652
2653
2653
2653
2653
2654
2654
2654
2655
2655
2655
2655
2656
2656
2657
2657
2657
2657
2657
2658
2658
2658
2659
2659
2660
2660
2660
2661
2661
2662
2663
2663
2663
2663
2664
2664
2664
2665
2665
2665
2665
2666
2666
2667
2667
2667
2667
2667
2668
2668
2668
2669
2669
2670
2670
2670
2671
2671
2672
2673
2673
2673
2673
2674
2674
2674
2675
2675
2675
2675
2676
2676
2677
2677
2677
2677
2677
2678
2678
2678
2679
2679
2680
2680
2680
2681
2681
2682
2683
2684
2685
2686
2687
2688
2688
2688
2688
2689
2689
2689
2690
2690
2690
2691
2691
2692
2692
2692
2692
2693
2693
2693
2694
2694
2694
2695
2695
2696
2696
2696
2696
2697
2697
2697
2698
2698
2698
2699
2699
2700
2700
2700
2700
2701
2701
2701
2702
2702
2702
2703
2703
2704
2704
2704
2704
2705
2705
2705
2706
2706
2706
2707
2707
2708
2708
2708
2709
2709
2710
2710
2711
2712
2712
2712
2713
2713
2714
2714
2715
2716
2716
2716
2717
2717
2718
2718
2719
2720
2720
2720
2721
2721
2722
2722
2723
2724
2724
2724
2725
2725
2726
2726
2727
2728
2728
2728
2729
2729
2729
2729
2730
2730
2730
2731
2731
2731
2731
2732
2732
2732
2733
2733
2733
2734
2734
2735
2735
2736
2737
2737
2738
2739
2739
2740
2741
2741
2742
2743
2743
2744
2745
2745
2745
2746
2746
2746
2747
2747
2748
2748
2748
2749
2749
2749
2750
2750
2751
2751
2751
2752
2752
2752
2753
2753
2754
2754
2754
2755
2755
2755
2756
2756
2757
2757
2757
2758
2758
2758
2759
2759
2760
2760
2761
2761
2762
2763
2763
2763
2764
2764
2764
2765
2765
2765
2766
2766
2767
2767
2767
2768
2768
2768
2769
2769
2769
2770
2770
2771
2771
2771
2771
2772
2772
2772
2773
2773
2773
2774
2774
2774
2775
2775
2776
2776
2776
2776
2777
2777
2777
2778
2778
2778
2779
2779
2779
2780
2780
2781
2781
2781
2781
2782
2782
2782
2783
2783
2783
2784
2784
2784
2785
2785
2786
2786
2786
2787
2787
2788
2788
2789
2789
2790
2791
2791
2791
2791
2791
2792
2792
2792
2792
2793
2793
2793
2794
2794
2794
2795
2795
2796
2796
2796
2796
2797
2797
2797
2798
2798
2798
2799
2799
2799
2800
2800
2801
2801
2801
2801
2802
2802
2802
2803
2803
2803
2804
2804
2804
2805
2805
2806
2806
2806
2806
2807
2807
2807
2808
2808
2808
2809
2809
2809
2810
2810
2811
2811
2811
2811
2812
2812
2812
2813
2813
2813
2814
2814
2814
2815
2815
2816
2816
2816
2816
2817
2817
2817
2818
2818
2818
2819
2819
2819
2820
2820
2821
2821
2821
2822
2822
2823
2823
2824
2824
2825
2826
2826
2826
2826
2826
2827
2827
2827
2827
2828
2828
2828
2829
2829
2829
2830
2830
2831
2831
2831
2831
2832
2832
2832
2833
2833
2833
2834
2834
2834
2835
2835
2836
2836
2836
2836
2837
2837
2837
2838
2838
2838
2839
2839
2839
2840
2840
2841
2841
2841
2841
2842
2842
2842
2843
2843
2843
2844
2844
2844
2845
2845
2846
2846
2846
2846
2847
2847
2847
2848
2848
2848
2849
2849
2849
2850
2850
2851
2851
2851
2851
2852
2852
2852
2853
2853
2853
2854
2854
2854
2855
2855
2856
2856
2856
2857
2857
2858
2858
2859
2859
2860
2861
2861
2861
2861
2862
2862
2862
2863
2863
2864
2864
2865
2866
2866
2866
2867
2867
2868
2868
2869
2869
2870
2871
2871
2871
2872
2872
2873
2873
2874
2874
2875
2876
2876
2876
2877
2877
2878
2878
2879
2879
2880
2881
2881
2881
2882
2882
2883
2883
2884
2884
2885
2886
2886
2886
2887
2887
2888
2888
2889
2889
2890
2891
2891
2892
2893
2894
2896
2896
2896
2896
2897
2897
2898
2898
2898
2898
2899
2899
2900
2900
2900
2901
2902
2902
2902
2903
2904
2904
2904
2905
2906
2906
2908
2908
2908
2908
2909
2909
2910
2910
2910
2910
2911
2911
2912
2912
2912
2913
2914
2914
2914
2914
2915
2915
2916
2916
2916
2916
2917
2917
2918
2918
2918
2918
2919
2919
2920
2920
2920
2921
2922
2922
2922
2922
2922
2923
2923
2923
2924
2924
2924
2924
2925
2925
2926
2926
2926
2926
2927
2927
2928
2928
2928
2928
2929
2929
2930
2930
2930
2930
2931
2931
2932
2932
2932
2932
2933
2933
2934
2934
2934
2934
2935
2935
2936
2936
2936
2937
2938
2938
2938
2938
2938
2939
2939
2939
2940
2940
2940
2940
2941
2941
2942
2942
2942
2942
2943
2943
2944
2944
2944
2944
2945
2945
2946
2946
2946
2946
2947
2947
2948
2948
2948
2948
2949
2949
2950
2950
2950
2950
2951
2951
2952
2952
2952
2953
2954
2954
2954
2954
2955
2955
2956
2956
2956
2957
2958
2958
2958
2959
2960
2960
2960
2961
2962
2962
2962
2963
2964
2964
2964
2965
2966
2966
2966
2967
2968
2968
2970
2970
2970
2971
2972
2972
2972
2973
2974
2974
2976
2976
2977
2978
2978
2979
2980
2980
2981
2982
2982
2983
2984
2984
2984
2985
2985
2986
2986
2987
2988
2988
2989
2989
2990
2990
2991
2991
2992
2993
2994
2994
2995
2995
2996
2996
2997
2998
2998
2998
2999
2999
3000
3000
3001
3001
3002
3002
3003
3003
3004
3004
3005
3006
3006
3006
3007
3007
3008
3008
3009
3009
3010
3010
3011
3011
3012
3012
3013
3014
3014
3015
3016
3017
3018
3019
3020
3022
3023
32
38
50
51
53
52
54
86
100
88
89
103
104
102
92
93
110
111
109
96
97
117
118
116
277
282
278
292
296
291
298
303
299
320
324
319
326
331
327
348
352
347
354
359
355
833
839
845
851
857
863
869
834
840
846
852
858
864
870
835
841
847
853
859
865
871
836
842
848
854
860
866
872
831
837
843
849
855
861
867
873
832
838
844
850
856
862
868
874
1292
1293
1318
1319
1317
1296
1297
1325
1326
1324
1300
1301
1332
1333
1331
1305
1306
1725
1339
1340
1338
1311
1312
1310
1517
2085
1559
1560
1558
1642
1646
1641
1648
1653
1649
1670
1674
1669
1676
1681
1677
1698
1702
1697
1704
1709
1705
1733
1737
1732
1304
1730
1728
2088
2090
1556
2354
2359
2355
2522
2523
2521
2556
2557
2576
2577
2584
2593
2594
2592
2627
2637
2640
2633
2635
2638
2641
2634
2636
2639
2642
2683
2688
2690
2689
2691
2708
2710
2709
2711
2735
2736
2976
2977
8
9
14
15
18
21
815
818
821
824
827
830
828
829
830
832
838
844
850
856
862
868
874
876
882
888
894
900
906
912
918
920
925
931
937
943
949
955
961
963
968
974
980
986
992
998
1004
1009
1015
1021
1027
1033
1039
1045
1051
1057
1063
1069
1075
1081
1087
1093
1099
1105
1111
1117
1123
1129
1135
1141
1147
1153
1159
1165
1171
1177
1183
1189
1195
1201
1207
1213
1219
1225
1231
1237
1243
1249
1255
1261
1267
1273
1279
1285
1291
869
913
956
999
1046
1094
1142
1190
1238
1286
870
914
957
1000
1047
1095
1143
1191
1239
1287
871
915
958
1001
1048
1096
1144
1192
1240
1288
872
916
959
1002
1049
1097
1145
1193
1241
1289
873
917
960
1003
1050
1098
1146
1194
1242
1290
874
918
961
1004
1051
1099
1147
1195
1243
1291
1244
1250
1256
1262
1268
1274
1280
1286
1245
1251
1257
1263
1269
1275
1281
1287
1246
1252
1258
1264
1270
1276
1282
1288
1247
1253
1259
1265
1271
1277
1283
1289
1248
1254
1260
1266
1272
1278
1284
1290
1249
1255
1261
1267
1273
1279
1285
1291
1517
1518
1519
1521
1525
1531
1537
1543
1549
1555
1550
1551
1552
1553
1554
1555
2577
2579
2581
2583
2640
2650
2660
2670
2680
2641
2651
2661
2671
2681
2642
2652
2662
2672
2682
2690
2694
2698
2702
2706
2691
2695
2699
2703
2707
2710
2714
2718
2722
2726
2733
2711
2715
2719
2723
2727
2734
2786
2821
2856
2891
2787
2822
2857
2892
2760
2788
2823
2858
2893
2761
2789
2824
2859
2894
2762
2790
2825
2860
2895
2861
2866
2871
2876
2881
2886
2891
2862
2867
2872
2877
2882
2887
2892
2863
2868
2873
2878
2883
2888
2893
2864
2869
2874
2879
2884
2889
2894
2865
2870
2875
2880
2885
2890
2895
2900
2901
2906
2907
2912
2913
2920
2936
2952
2968
2921
2937
2953
2969
2954
2956
2958
2960
2962
2964
2966
2968
2955
2957
2959
2961
2963
2965
2967
2969
2974
2975
2986
2992
2977
2979
2981
2983
2987
2993
2997
3005
3013
3021
3014
3015
3016
3017
3018
3019
3020
3021
3024
264
266
267
271
273
274
669
263
676
270
683
690
697
290
291
294
296
318
319
322
324
346
347
350
352
388
389
392
393
416
417
420
421
444
445
448
449
486
487
490
491
514
515
518
519
542
543
546
547
584
585
588
589
612
613
616
617
640
641
644
645
276
277
280
282
283
285
287
289
297
298
301
303
304
306
308
310
311
313
315
317
325
326
329
331
332
334
336
338
339
341
343
345
353
354
357
359
360
362
364
366
367
369
371
373
374
375
378
379
381
383
385
387
395
396
399
400
402
404
406
408
409
411
413
415
423
424
427
428
430
432
434
436
437
439
441
443
451
452
455
456
458
460
462
464
465
467
469
471
472
473
476
477
479
481
483
485
493
494
497
498
500
502
504
506
507
509
511
513
521
522
525
526
528
530
532
534
535
537
539
541
549
550
553
554
556
558
560
562
563
565
567
569
570
571
574
575
577
579
581
583
591
592
595
596
598
600
602
604
670
605
607
672
609
611
673
619
620
623
624
626
628
630
632
677
633
635
679
637
639
680
647
648
651
652
654
656
658
660
684
661
663
686
665
667
687
691
693
694
698
700
701
1304
1307
1356
1359
1556
1557
1564
1565
1621
1623
1624
1628
1630
1631
1635
1637
1638
2066
2067
2072
2074
2079
2081
2024
2217
1620
2052
1627
2059
1634
2148
2161
2168
2182
2189
2134
2196
1640
1641
1644
1646
1668
1669
1672
1674
1696
1697
1700
1702
1724
1727
1731
1732
1735
1730
1737
1752
1753
1755
1771
1772
1775
1776
1799
1800
1803
1804
1828
1830
1834
1835
1832
1838
1839
1869
1870
1873
1874
1897
1898
1901
1902
1926
1927
1928
1932
1933
1930
1936
1937
1967
1968
1971
1972
1995
1996
1999
2000
2025
2026
2030
2031
2028
2034
2035
1647
1648
1651
1653
1654
1656
1658
1660
1661
1663
1665
1667
1675
1676
1679
1681
1682
1684
1686
1688
1689
1691
1693
1695
1703
1704
1707
1709
1710
1712
1714
1716
1717
1719
1721
1723
1739
1741
1745
1747
1749
1744
1751
1757
1758
1761
1762
1764
1766
1768
1770
1778
1779
1782
1783
1785
1787
1789
1791
1792
1794
1796
1798
1806
1807
1810
1811
1813
1815
1817
1819
1820
1822
1824
1826
1843
1844
1848
1850
1852
1847
1854
1855
1856
1859
1860
1862
1864
1866
1868
1876
1877
1880
1881
1883
1885
1887
1889
1890
1892
1894
1896
1904
1905
1908
1909
1911
1913
1915
1917
1918
1920
1922
1924
1940
1941
1942
1946
1948
1950
1945
1952
1953
1954
1957
1958
2218
1960
1962
2219
1964
1966
2220
1974
1975
1978
1979
1981
1983
1985
1987
2053
1988
1990
2055
1992
1994
2056
2002
2003
2006
2007
2009
2011
2013
2015
2060
2016
2018
2062
2020
2022
2063
2038
2039
2040
2044
2046
2048
2043
2050
2202
2206
2084
2087
2090
2092
2094
2097
2099
2101
2103
2107
2108
2111
2113
2114
2115
2117
2119
2125
2127
2128
2129
2132
2149
2151
2152
2155
2157
2162
2164
2165
2169
2171
2172
2176
2178
2183
2185
2186
2190
2192
2193
2135
2136
2138
2209
2215
2141
2197
2142
2143
2199
2146
2200
2287
2277
2240
2248
2249
2252
2253
2262
2263
2266
2267
2241
2243
2245
2247
2255
2257
2259
2261
2285
2269
2271
2284
2273
2275
2288
2278
2280
2281
814
817
816
813
818
815
3024
818
817
816
3022
2998
2999
3000
3001
3002
2994
819
2988
2988
2990
2984
2582
2580
2578
2576
2577
2579
2581
2583
2986
2992
821
824
827
830
829
828
828
3018
3017
3016
3015
3014
3006
3023
3007
3008
3009
3010
825
822
822
819
820
823
826
825
0
82
2896
2791
2796
2763
2589
25
22
726
729
730
731
731
235
754
758
583
577
570
574
485
479
472
476
387
381
374
378
289
283
276
282
278
100
100
103
32
2556
2584
2593
2627
2627
2683
2709
2708
2689
2688
2976
2576
2578
2580
2582
2984
2988
2989
2989
2994
2994
3001
3000
2999
2998
3022
816
813
2970
2922
2923
2925
2927
2929
2801
2767
2767
2620
2620
2623
2621
28
27
27
24
37
760
756
580
582
576
572
482
484
478
474
384
386
380
376
286
288
281
101
101
107
39
2558
2595
2597
2627
2627
2628
2684
2713
2712
2693
2692
2978
2980
2982
2985
2704
2908
2908
2914
2914
2928
2926
2924
2915
2771
2771
2728
2728
2748
2626
2624
2623
2623
2621
28
23
23
37
212
212
211
175
174
138
137
137
140
33
2560
2585
2600
2628
2628
2628
2629
2685
2717
2716
2697
2696
2700
2701
2705
2909
2909
2915
2729
2729
2632
2632
2728
2631
2588
2588
2591
2591
2590
2590
812
709
218
214
211
175
174
138
144
42
2562
2602
2604
2607
2629
2629
2629
2630
2686
2721
2720
2724
2632
2630
2630
2618
2588
2588
2574
2591
2570
48
35
45
181
177
34
2564
2586
2609
2611
2614
2630
2587
2616
2568
2566
11
1538
1532
257
257
10
10
12
13
1544
1545
1539
1533
2477
2471
2470
809
808
808
804
743
84
83
19
19
20
21
14
15
1550
1551
1552
1546
1540
1534
2484
2478
2476
2475
2469
1526
256
807
807
805
744
741
742
736
737
728
82
2903
2903
2905
2907
2906
2975
815
814
813
2971
2971
2902
2902
2904
2973
729
730
730
727
235
754
758
755
762
765
673
669
669
670
263
264
676
677
690
693
693
694
701
700
2280
2281
2152
2151
2066
2066
2067
2157
2155
1522
1522
2071
2175
1601
1523
2078
2211
2213
2207
2203
2121
2123
2123
2119
2115
2117
2111
2108
2101
2103
2097
2094
2087
2090
2088
1559
1558
1558
1517
1518
1519
1521
1525
1531
1537
1543
1549
1555
1554
1553
1547
1541
1535
2491
2485
2483
2482
1604
1598
1597
1597
2469
1526
256
807
260
260
246
245
239
735
734
727
734
240
766
759
761
671
236
236
668
70
262
242
675
258
695
695
692
699
702
2282
2279
2150
2153
2069
2069
2068
2068
2158
2156
2156
2073
1522
2071
2175
1601
1523
2078
2494
2211
2213
2207
2203
2121
2123
2120
2120
2124
2118
2116
2109
2110
2104
2102
2095
2096
2089
1562
1561
1561
1566
1569
1575
1579
1586
1590
2462
2464
1530
1536
1542
1548
2492
2490
2489
1611
1605
2179
2075
2177
2080
2082
2498
2496
1608
1584
2210
2205
1582
1573
1578
1578
1576
1570
1567
1566
1569
1575
1520
1589
2461
2463
1612
2158
2068
1597
1594
2235
261
239
)


// ************************************************************************* //
